0.168376 0.170844 0.172249 0.172928 0.173154 0.173114 0.172922 0.172646 0.172321 0.171968 0.171596 0.171210 0.170813 0.170406 0.169989 0.169562 0.169127 0.168683 0.168231 0.167771 0.167303 0.166829 0.166348 0.165861 0.165369 0.164872 0.164370 0.163864 0.163355 0.162842 0.162327 0.161809 0.161289 0.160768 0.160245 0.159720 0.159195 0.158670 0.158144 0.157618 0.157092 0.156566 0.156041 0.155517 0.154993 0.154470 0.153948 0.153428 0.152908 0.152391
0.178224 0.177653 0.176898 0.176169 0.175542 0.175007 0.174532 0.174091 0.173666 0.173245 0.172822 0.172394 0.171957 0.171512 0.171059 0.170596 0.170125 0.169647 0.169161 0.168668 0.168168 0.167663 0.167152 0.166637 0.166117 0.165594 0.165067 0.164537 0.164004 0.163470 0.162934 0.162396 0.161857 0.161317 0.160777 0.160236 0.159695 0.159154 0.158614 0.158074 0.157535 0.156997 0.156460 0.155923 0.155389 0.154855 0.154323 0.153793 0.153264 0.152737
0.189400 0.185068 0.181983 0.180038 0.178796 0.177938 0.177278 0.176716 0.176199 0.175697 0.175199 0.174696 0.174186 0.173667 0.173141 0.172606 0.172065 0.171518 0.170964 0.170407 0.169845 0.169279 0.168711 0.168140 0.167568 0.166993 0.166418 0.165842 0.165266 0.164689 0.164112 0.163536 0.162961 0.162386 0.161812 0.161240 0.160669 0.160099 0.159531 0.158964 0.158400 0.157837 0.157277 0.156718 0.156162 0.155608 0.155057 0.154508 0.153961 0.153417
0.191984 0.185719 0.183533 0.182567 0.181950 0.181418 0.180892 0.180351 0.179791 0.179211 0.178616 0.178006 0.177386 0.176756 0.176119 0.175477 0.174831 0.174183 0.173533 0.172881 0.172230 0.171579 0.170929 0.170280 0.169633 0.168988 0.168345 0.167704 0.167066 0.166430 0.165798 0.165168 0.164542 0.163918 0.163298 0.162681 0.162067 0.161457 0.160850 0.160246 0.159646 0.159049 0.158456 0.157866 0.157280 0.156698 0.156119 0.155543 0.154971 0.154403
0.171752 0.180530 0.184356 0.185856 0.186249 0.186097 0.185663 0.185076 0.184404 0.183682 0.182931 0.182162 0.181385 0.180602 0.179819 0.179036 0.178256 0.177479 0.176707 0.175941 0.175179 0.174423 0.173674 0.172930 0.172193 0.171462 0.170737 0.170019 0.169306 0.168600 0.167900 0.167206 0.166518 0.165835 0.165159 0.164488 0.163823 0.163164 0.162510 0.161861 0.161218 0.160580 0.159947 0.159320 0.158697 0.158079 0.157467 0.156859 0.156256 0.155658
0.185189 0.191898 0.193663 0.193821 0.193367 0.192641 0.191778 0.190845 0.189876 0.188891 0.187901 0.186914 0.185934 0.184964 0.184005 0.183059 0.182125 0.181204 0.180296 0.179401 0.178518 0.177647 0.176788 0.175942 0.175106 0.174281 0.173468 0.172664 0.171871 0.171088 0.170314 0.169550 0.168794 0.168048 0.167310 0.166580 0.165859 0.165145 0.164440 0.163741 0.163051 0.162367 0.161691 0.161021 0.160358 0.159702 0.159052 0.158408 0.157771 0.157139
0.230340 0.214312 0.207644 0.204174 0.201890 0.200096 0.198531 0.197089 0.195723 0.194412 0.193144 0.191913 0.190714 0.189546 0.188406 0.187291 0.186201 0.185135 0.184090 0.183066 0.182061 0.181076 0.180108 0.179158 0.178224 0.177306 0.176403 0.175515 0.174640 0.173780 0.172932 0.172096 0.171273 0.170461 0.169661 0.168871 0.168092 0.167324 0.166565 0.165816 0.165076 0.164345 0.163624 0.162911 0.162206 0.161509 0.160820 0.160139 0.159466 0.158800
0.218183 0.216734 0.213997 0.211274 0.208842 0.206688 0.204748 0.202965 0.201299 0.199724 0.198222 0.196781 0.195393 0.194051 0.192750 0.191487 0.190258 0.189061 0.187893 0.186752 0.185638 0.184548 0.183481 0.182435 0.181411 0.180406 0.179420 0.178452 0.177502 0.176568 0.175650 0.174747 0.173860 0.172986 0.172126 0.171279 0.170445 0.169623 0.168814 0.168015 0.167228 0.166452 0.165686 0.164930 0.164185 0.163448 0.162722 0.162004 0.161295 0.160594
0.210535 0.217081 0.217252 0.215732 0.213782 0.211772 0.209815 0.207939 0.206149 0.204439 0.202801 0.201227 0.199710 0.198245 0.196826 0.195451 0.194114 0.192814 0.191548 0.190313 0.189108 0.187930 0.186780 0.185654 0.184552 0.183472 0.182415 0.181378 0.180361 0.179363 0.178383 0.177421 0.176475 0.175546 0.174632 0.173734 0.172849 0.171979 0.171123 0.170280 0.169449 0.168630 0.167824 0.167029 0.166245 0.165472 0.164709 0.163957 0.163215 0.162482
0.240131 0.226427 0.222035 0.219640 0.217637 0.215710 0.213818 0.211970 0.210173 0.208433 0.206748 0.205117 0.203537 0.202005 0.200517 0.199070 0.197663 0.196292 0.194955 0.193651 0.192379 0.191135 0.189920 0.188731 0.187568 0.186429 0.185313 0.184220 0.183148 0.182097 0.181065 0.180053 0.179059 0.178082 0.177123 0.176180 0.175253 0.174341 0.173444 0.172561 0.171692 0.170837 0.169994 0.169164 0.168347 0.167541 0.166746 0.165963 0.165190 0.164428
0.214154 0.223551 0.224014 0.222580 0.220772 0.218916 0.217079 0.215279 0.213518 0.211797 0.210119 0.208481 0.206883 0.205325 0.203804 0.202321 0.200873 0.199459 0.198078 0.196728 0.195409 0.194120 0.192858 0.191624 0.190415 0.189231 0.188072 0.186935 0.185821 0.184729 0.183656 0.182604 0.181571 0.180557 0.179561 0.178582 0.177619 0.176673 0.175742 0.174827 0.173926 0.173040 0.172167 0.171307 0.170461 0.169627 0.168805 0.167995 0.167196 0.166409
0.241735 0.231954 0.228099 0.225645 0.223598 0.221710 0.219902 0.218143 0.216422 0.214732 0.213073 0.211445 0.209847 0.208282 0.206748 0.205247 0.203777 0.202338 0.200931 0.199553 0.198204 0.196884 0.195592 0.194326 0.193086 0.191871 0.190680 0.189512 0.188367 0.187244 0.186142 0.185060 0.183998 0.182954 0.181929 0.180922 0.179932 0.178959 0.178002 0.177060 0.176134 0.175222 0.174325 0.173441 0.172571 0.171714 0.170869 0.170037 0.169217 0.168408
0.233369 0.231923 0.229839 0.227881 0.226046 0.224274 0.222537 0.220821 0.219124 0.217448 0.215793 0.214164 0.212561 0.210987 0.209442 0.207927 0.206443 0.204988 0.203563 0.202167 0.200799 0.199460 0.198147 0.196861 0.195600 0.194364 0.193151 0.191962 0.190796 0.189651 0.188527 0.187424 0.186340 0.185276 0.184230 0.183202 0.182191 0.181197 0.180220 0.179258 0.178312 0.177381 0.176464 0.175562 0.174673 0.173798 0.172935 0.172085 0.171247 0.170421
0.229685 0.231762 0.231364 0.230152 0.228630 0.226976 0.225265 0.223536 0.221811 0.220103 0.218418 0.216761 0.215135 0.213540 0.211978 0.210447 0.208947 0.207478 0.206040 0.204630 0.203250 0.201897 0.200571 0.199271 0.197996 0.196746 0.195519 0.194316 0.193135 0.191975 0.190837 0.189718 0.188619 0.187540 0.186479 0.185435 0.184410 0.183401 0.182408 0.181431 0.180470 0.179524 0.178593 0.177676 0.176772 0.175882 0.175005 0.174141 0.173290 0.172450
0.242186 0.237472 0.235482 0.233766 0.231973 0.230116 0.228239 0.226377 0.224547 0.222756 0.221007 0.219301 0.217637 0.216013 0.214427 0.212877 0.211361 0.209879 0.208429 0.207009 0.205618 0.204255 0.202919 0.201610 0.200325 0.199065 0.197829 0.196615 0.195424 0.194254 0.193104 0.191975 0.190865 0.189775 0.188702 0.187648 0.186611 0.185590 0.184586 0.183598 0.182626 0.181668 0.180725 0.179797 0.178882 0.177981 0.177093 0.176217 0.175354 0.174504
0.239378 0.242209 0.240518 0.238113 0.235708 0.233421 0.231257 0.229203 0.227242 0.225361 0.223549 0.221798 0.220101 0.218451 0.216845 0.215279 0.213751 0.212258 0.210797 0.209368 0.207968 0.206597 0.205253 0.203936 0.202643 0.201375 0.200130 0.198908 0.197708 0.196530 0.195372 0.194234 0.193115 0.192015 0.190934 0.189870 0.188824 0.187794 0.186781 0.185783 0.184802 0.183835 0.182882 0.181944 0.181020 0.180110 0.179212 0.178328 0.177456 0.176596
0.263468 0.250970 0.245410 0.241728 0.238774 0.236214 0.233906 0.231774 0.229769 0.227863 0.226035 0.224273 0.222565 0.220907 0.219293 0.217719 0.216182 0.214680 0.213211 0.211774 0.210365 0.208985 0.207633 0.206306 0.205005 0.203728 0.202474 0.201243 0.200034 0.198846 0.197679 0.196532 0.195405 0.194296 0.193206 0.192134 0.191078 0.190040 0.189018 0.188012 0.187022 0.186046 0.185086 0.184139 0.183207 0.182288 0.181382 0.180489 0.179609 0.178741
0.244071 0.247528 0.245522 0.242891 0.240425 0.238169 0.236069 0.234080 0.232173 0.230332 0.228546 0.226808 0.225115 0.223463 0.221848 0.220270 0.218726 0.217216 0.215736 0.214287 0.212867 0.211475 0.210110 0.208772 0.207458 0.206169 0.204903 0.203661 0.202441 0.201242 0.200064 0.198906 0.197768 0.196650 0.195549 0.194467 0.193402 0.192355 0.191323 0.190308 0.189309 0.188325 0.187355 0.186400 0.185459 0.184532 0.183618 0.182716 0.181828 0.180952
0.257082 0.247952 0.244996 0.243259 0.241656 0.239995 0.238274 0.236521 0.234759 0.233005 0.231270 0.229559 0.227876 0.226223 0.224602 0.223012 0.221453 0.219926 0.218428 0.216961 0.215522 0.214111 0.212728 0.211371 0.210040 0.208734 0.207452 0.206194 0.204958 0.203745 0.202552 0.201381 0.200230 0.199098 0.197986 0.196891 0.195815 0.194756 0.193714 0.192688 0.191678 0.190684 0.189705 0.188740 0.187790 0.186853 0.185930 0.185019 0.184122 0.183237
0.236021 0.243100 0.245212 0.245228 0.244305 0.242937 0.241349 0.239655 0.237914 0.236158 0.234408 0.232674 0.230963 0.229280 0.227626 0.226004 0.224413 0.222853 0.221324 0.219826 0.218358 0.216919 0.215509 0.214127 0.212771 0.211441 0.210137 0.208857 0.207602 0.206369 0.205158 0.203969 0.202801 0.201654 0.200526 0.199417 0.198326 0.197254 0.196198 0.195160 0.194138 0.193131 0.192141 0.191165 0.190203 0.189256 0.188322 0.187401 0.186494 0.185599
0.248126 0.253352 0.253011 0.251425 0.249549 0.247605 0.245651 0.243709 0.241789 0.239896 0.238034 0.236207 0.234415 0.232660 0.230941 0.229259 0.227613 0.226003 0.224427 0.222885 0.221376 0.219898 0.218452 0.217036 0.215648 0.214289 0.212956 0.211650 0.210369 0.209112 0.207879 0.206669 0.205480 0.204313 0.203167 0.202040 0.200933 0.199844 0.198773 0.197720 0.196683 0.195663 0.194658 0.193669 0.192695 0.191735 0.190789 0.189856 0.188937 0.188030
0.295337 0.272565 0.263869 0.259192 0.255877 0.253125 0.250655 0.248353 0.246165 0.244065 0.242036 0.240070 0.238160 0.236302 0.234493 0.232730 0.231012 0.229336 0.227700 0.226103 0.224543 0.223019 0.221529 0.220072 0.218647 0.217252 0.215886 0.214549 0.213239 0.211954 0.210695 0.209460 0.208249 0.207059 0.205892 0.204745 0.203618 0.202510 0.201422 0.200351 0.199297 0.198261 0.197241 0.196236 0.195247 0.194273 0.193313 0.192366 0.191433 0.190513
0.258646 0.267981 0.266991 0.264117 0.261092 0.258231 0.255554 0.253037 0.250649 0.248370 0.246184 0.244079 0.242046 0.240078 0.238171 0.236320 0.234522 0.232774 0.231072 0.229414 0.227799 0.226224 0.224686 0.223186 0.221719 0.220287 0.218885 0.217514 0.216173 0.214858 0.213571 0.212309 0.211072 0.209859 0.208668 0.207498 0.206350 0.205222 0.204113 0.203024 0.201952 0.200897 0.199859 0.198838 0.197832 0.196841 0.195865 0.194903 0.193955 0.193020
0.282757 0.274326 0.270995 0.268235 0.265469 0.262716 0.260032 0.257440 0.254949 0.252556 0.250254 0.248038 0.245900 0.243836 0.241839 0.239906 0.238033 0.236215 0.234450 0.232733 0.231064 0.229438 0.227855 0.226310 0.224804 0.223332 0.221895 0.220491 0.219117 0.217773 0.216456 0.215167 0.213903 0.212664 0.211449 0.210257 0.209086 0.207936 0.206806 0.205695 0.204603 0.203529 0.202472 0.201432 0.200408 0.199399 0.198405 0.197426 0.196460 0.195508
0.276618 0.277449 0.275223 0.272475 0.269660 0.266874 0.264150 0.261505 0.258946 0.256475 0.254092 0.251794 0.249576 0.247436 0.245368 0.243367 0.241431 0.239555 0.237735 0.235967 0.234250 0.232580 0.230954 0.229371 0.227827 0.226320 0.224850 0.223413 0.222008 0.220635 0.219290 0.217974 0.216684 0.215420 0.214180 0.212963 0.211769 0.210596 0.209444 0.208312 0.207199 0.206104 0.205027 0.203967 0.202923 0.201895 0.200882 0.199884 0.198900 0.197929
0.290203 0.284480 0.280361 0.276898 0.273754 0.270793 0.267956 0.265225 0.262592 0.260053 0.257605 0.255246 0.252971 0.250775 0.248655 0.246605 0.244622 0.242701 0.240839 0.239032 0.237277 0.235570 0.233910 0.232292 0.230716 0.229178 0.227677 0.226211 0.224779 0.223377 0.222006 0.220663 0.219348 0.218059 0.216795 0.215554 0.214336 0.213141 0.211966 0.210812 0.209677 0.208560 0.207462 0.206380 0.205316 0.204267 0.203234 0.202216 0.201212 0.200222
0.294573 0.288141 0.284059 0.280605 0.277384 0.274311 0.271366 0.268542 0.265834 0.263234 0.260736 0.258333 0.256019 0.253789 0.251635 0.249554 0.247540 0.245589 0.243697 0.241860 0.240076 0.238341 0.236652 0.235006 0.233403 0.231838 0.230310 0.228818 0.227358 0.225931 0.224535 0.223167 0.221827 0.220513 0.219224 0.217960 0.216719 0.215500 0.214302 0.213125 0.211967 0.210828 0.209708 0.208605 0.207519 0.206449 0.205395 0.204356 0.203331 0.202321
0.285718 0.288520 0.286709 0.283716 0.280491 0.277319 0.274277 0.271379 0.268618 0.265981 0.263456 0.261032 0.258700 0.256452 0.254281 0.252181 0.250147 0.248176 0.246263 0.244404 0.242597 0.240838 0.239125 0.237455 0.235826 0.234236 0.232683 0.231165 0.229681 0.228229 0.226807 0.225414 0.224049 0.222710 0.221397 0.220109 0.218844 0.217601 0.216380 0.215179 0.213999 0.212837 0.211694 0.210569 0.209461 0.208370 0.207294 0.206234 0.205189 0.204158
0.304566 0.296090 0.290918 0.286741 0.283061 0.279714 0.276611 0.273699 0.270940 0.268309 0.265789 0.263367 0.261033 0.258778 0.256597 0.254484 0.252435 0.250446 0.248512 0.246632 0.244802 0.243019 0.241281 0.239586 0.237931 0.236315 0.234736 0.233192 0.231682 0.230203 0.228755 0.227337 0.225946 0.224582 0.223244 0.221931 0.220641 0.219374 0.218129 0.216905 0.215701 0.214516 0.213350 0.212203 0.211073 0.209959 0.208862 0.207781 0.206715 0.205664
0.303004 0.297759 0.292440 0.288169 0.284582 0.281380 0.278409 0.275597 0.272906 0.270318 0.267821 0.265407 0.263071 0.260806 0.258608 0.256475 0.254403 0.252387 0.250427 0.248518 0.246658 0.244845 0.243077 0.241352 0.239668 0.238022 0.236413 0.234840 0.233300 0.231793 0.230317 0.228871 0.227453 0.226062 0.224697 0.223358 0.222043 0.220751 0.219481 0.218233 0.217006 0.215798 0.214610 0.213440 0.212288 0.211153 0.210035 0.208933 0.207847 0.206776
0.303523 0.294305 0.290827 0.288140 0.285470 0.282761 0.280050 0.277371 0.274742 0.272174 0.269672 0.267237 0.264869 0.262568 0.260331 0.258155 0.256040 0.253982 0.251978 0.250027 0.248127 0.246274 0.244467 0.242703 0.240982 0.239300 0.237656 0.236049 0.234477 0.232938 0.231431 0.229954 0.228507 0.227088 0.225696 0.224330 0.222989 0.221672 0.220378 0.219106 0.217855 0.216625 0.215414 0.214223 0.213050 0.211895 0.210757 0.209636 0.208531 0.207441
0.272135 0.288011 0.290656 0.289608 0.287404 0.284809 0.282090 0.279355 0.276649 0.273995 0.271406 0.268884 0.266433 0.264051 0.261737 0.259489 0.257305 0.255182 0.253118 0.251109 0.249154 0.247249 0.245393 0.243583 0.241818 0.240094 0.238410 0.236765 0.235157 0.233583 0.232043 0.230535 0.229057 0.227609 0.226189 0.224796 0.223429 0.222087 0.220769 0.219473 0.218200 0.216949 0.215718 0.214507 0.213314 0.212141 0.210985 0.209847 0.208725 0.207619
0.322258 0.305770 0.299011 0.294705 0.291110 0.287783 0.284602 0.281535 0.278571 0.275705 0.272935 0.270256 0.267667 0.265162 0.262738 0.260390 0.258115 0.255909 0.253768 0.251689 0.249669 0.247704 0.245792 0.243930 0.242116 0.240347 0.238621 0.236935 0.235289 0.233679 0.232106 0.230566 0.229058 0.227581 0.226134 0.224715 0.223324 0.221958 0.220618 0.219302 0.218009 0.216738 0.215489 0.214260 0.213051 0.211862 0.210691 0.209538 0.208402 0.207283
0.316783 0.310413 0.304235 0.299069 0.294611 0.290602 0.286897 0.283421 0.280129 0.276996 0.274002 0.271134 0.268381 0.265734 0.263184 0.260725 0.258350 0.256055 0.253833 0.251680 0.249593 0.247566 0.245598 0.243684 0.241821 0.240007 0.238239 0.236515 0.234833 0.233190 0.231584 0.230015 0.228480 0.226977 0.225506 0.224064 0.222652 0.221266 0.219907 0.218573 0.217263 0.215976 0.214712 0.213470 0.212248 0.211046 0.209863 0.208699 0.207553 0.206425
0.310618 0.309293 0.305452 0.300931 0.296429 0.292153 0.288139 0.284370 0.280821 0.277463 0.274276 0.271242 0.268343 0.265568 0.262906 0.260348 0.257884 0.255508 0.253215 0.250997 0.248850 0.246769 0.244751 0.242792 0.240887 0.239035 0.237231 0.235475 0.233762 0.232091 0.230459 0.228866 0.227308 0.225785 0.224294 0.222835 0.221405 0.220005 0.218631 0.217284 0.215962 0.214664 0.213390 0.212138 0.210907 0.209697 0.208507 0.207337 0.206184 0.205050
0.317776 0.311432 0.306082 0.301106 0.296411 0.291993 0.287842 0.283938 0.280258 0.276780 0.273482 0.270346 0.267357 0.264500 0.261764 0.259138 0.256613 0.254183 0.251838 0.249575 0.247386 0.245267 0.243214 0.241222 0.239288 0.237408 0.235580 0.233800 0.232066 0.230376 0.228727 0.227117 0.225545 0.224008 0.222505 0.221034 0.219595 0.218185 0.216803 0.215449 0.214120 0.212817 0.211537 0.210281 0.209047 0.207834 0.206641 0.205469 0.204316 0.203181
0.318805 0.310898 0.304573 0.299206 0.294406 0.289984 0.285850 0.281960 0.278284 0.274798 0.271486 0.268331 0.265320 0.262440 0.259680 0.257031 0.254484 0.252031 0.249667 0.247384 0.245177 0.243041 0.240972 0.238966 0.237018 0.235126 0.233287 0.231497 0.229754 0.228056 0.226399 0.224783 0.223205 0.221664 0.220157 0.218683 0.217241 0.215829 0.214446 0.213091 0.211763 0.210460 0.209182 0.207927 0.206695 0.205485 0.204296 0.203127 0.201977 0.200846
0.310730 0.304609 0.299495 0.294792 0.290379 0.286213 0.282266 0.278517 0.274950 0.271551 0.268306 0.265204 0.262234 0.259387 0.256653 0.254025 0.251495 0.249056 0.246702 0.244428 0.242229 0.240100 0.238036 0.236035 0.234092 0.232205 0.230370 0.228584 0.226845 0.225151 0.223500 0.221888 0.220315 0.218779 0.217278 0.215810 0.214374 0.212968 0.211592 0.210244 0.208923 0.207628 0.206357 0.205110 0.203886 0.202685 0.201504 0.200344 0.199204 0.198083
0.296649 0.295955 0.292701 0.288849 0.284926 0.281091 0.277393 0.273844 0.270444 0.267185 0.264059 0.261060 0.258178 0.255406 0.252738 0.250167 0.247687 0.245292 0.242977 0.240738 0.238570 0.236470 0.234433 0.232456 0.230536 0.228669 0.226854 0.225087 0.223367 0.221690 0.220056 0.218461 0.216904 0.215383 0.213898 0.212445 0.211024 0.209634 0.208273 0.206940 0.205633 0.204353 0.203097 0.201865 0.200656 0.199470 0.198304 0.197159 0.196033 0.194927
0.298402 0.291227 0.286548 0.282493 0.278682 0.275040 0.271547 0.268193 0.264971 0.261873 0.258892 0.256021 0.253254 0.250585 0.248009 0.245520 0.243115 0.240787 0.238534 0.236352 0.234236 0.232183 0.230191 0.228256 0.226375 0.224546 0.222766 0.221033 0.219344 0.217698 0.216093 0.214527 0.212998 0.211504 0.210044 0.208617 0.207221 0.205855 0.204518 0.203208 0.201925 0.200667 0.199434 0.198224 0.197037 0.195872 0.194727 0.193603 0.192499 0.191413
0.285875 0.283180 0.279200 0.275303 0.271641 0.268179 0.264880 0.261718 0.258676 0.255744 0.252916 0.250185 0.247545 0.244994 0.242525 0.240135 0.237821 0.235579 0.233405 0.231296 0.229250 0.227263 0.225332 0.223455 0.221629 0.219853 0.218123 0.216438 0.214795 0.213194 0.211631 0.210106 0.208616 0.207161 0.205739 0.204348 0.202987 0.201655 0.200351 0.199074 0.197823 0.196596 0.195393 0.194213 0.193055 0.191919 0.190803 0.189706 0.188629 0.187570
0.281188 0.274860 0.270639 0.267036 0.263689 0.260499 0.257431 0.254473 0.251614 0.248850 0.246176 0.243589 0.241084 0.238658 0.236308 0.234030 0.231821 0.229679 0.227600 0.225582 0.223621 0.221716 0.219863 0.218060 0.216306 0.214598 0.212934 0.211312 0.209730 0.208186 0.206680 0.205209 0.203772 0.202368 0.200994 0.199651 0.198336 0.197050 0.195789 0.194555 0.193345 0.192158 0.190994 0.189853 0.188732 0.187632 0.186552 0.185491 0.184448 0.183423
0.264223 0.263014 0.260625 0.257835 0.254938 0.252047 0.249211 0.246449 0.243767 0.241167 0.238648 0.236209 0.233846 0.231557 0.229338 0.227187 0.225100 0.223075 0.221108 0.219198 0.217341 0.215536 0.213779 0.212069 0.210404 0.208781 0.207199 0.205656 0.204151 0.202681 0.201246 0.199844 0.198473 0.197133 0.195822 0.194538 0.193282 0.192052 0.190846 0.189664 0.188506 0.187370 0.186255 0.185160 0.184086 0.183031 0.181995 0.180976 0.179975 0.178991
0.254466 0.253563 0.251132 0.248376 0.245583 0.242833 0.240153 0.237553 0.235037 0.232603 0.230249 0.227973 0.225770 0.223638 0.221573 0.219570 0.217628 0.215742 0.213911 0.212131 0.210400 0.208716 0.207077 0.205479 0.203922 0.202404 0.200923 0.199478 0.198066 0.196686 0.195338 0.194020 0.192730 0.191468 0.190233 0.189023 0.187837 0.186675 0.185536 0.184419 0.183323 0.182247 0.181191 0.180154 0.179135 0.178134 0.177150 0.176182 0.175230 0.174294
0.253608 0.245639 0.241358 0.238110 0.235238 0.232562 0.230023 0.227597 0.225271 0.223034 0.220881 0.218804 0.216797 0.214857 0.212978 0.211157 0.209390 0.207674 0.206006 0.204384 0.202805 0.201266 0.199767 0.198305 0.196878 0.195485 0.194124 0.192794 0.191494 0.190222 0.188978 0.187759 0.186566 0.185397 0.184251 0.183127 0.182026 0.180944 0.179883 0.178842 0.177819 0.176814 0.175826 0.174856 0.173901 0.172963 0.172040 0.171131 0.170237 0.169357
0.229471 0.230465 0.228351 0.225763 0.223226 0.220826 0.218559 0.216407 0.214356 0.212391 0.210503 0.208683 0.206926 0.205225 0.203577 0.201977 0.200422 0.198909 0.197436 0.196000 0.194600 0.193233 0.191898 0.190593 0.189318 0.188070 0.186849 0.185653 0.184482 0.183334 0.182208 0.181105 0.180022 0.178959 0.177916 0.176891 0.175885 0.174896 0.173924 0.172969 0.172029 0.171105 0.170195 0.169300 0.168419 0.167551 0.166697 0.165855 0.165026 0.164208
0.222354 0.216728 0.213833 0.211559 0.209503 0.207580 0.205760 0.204026 0.202364 0.200765 0.199221 0.197725 0.196273 0.194862 0.193487 0.192147 0.190838 0.189559 0.188309 0.187086 0.185889 0.184715 0.183565 0.182438 0.181332 0.180246 0.179181 0.178134 0.177106 0.176096 0.175102 0.174126 0.173166 0.172221 0.171291 0.170376 0.169475 0.168588 0.167714 0.166854 0.166006 0.165170 0.164346 0.163534 0.162733 0.161943 0.161164 0.160396 0.159637 0.158889
0.197311 0.198165 0.197118 0.195822 0.194530 0.193268 0.192036 0.190828 0.189643 0.188479 0.187335 0.186210 0.185103 0.184013 0.182941 0.181885 0.180845 0.179821 0.178812 0.177818 0.176838 0.175873 0.174921 0.173982 0.173057 0.172145 0.171245 0.170357 0.169481 0.168617 0.167765 0.166924 0.166093 0.165274 0.164465 0.163666 0.162877 0.162098 0.161329 0.160569 0.159819 0.159077 0.158345 0.157621 0.156905 0.156198 0.155499 0.154808 0.154125 0.153450
0.183991 0.181134 0.180371 0.179883 0.179368 0.178790 0.178159 0.177487 0.176784 0.176058 0.175317 0.174564 0.173803 0.173037 0.172269 0.171499 0.170729 0.169961 0.169194 0.168430 0.167670 0.166914 0.166162 0.165414 0.164671 0.163934 0.163202 0.162475 0.161754 0.161038 0.160328 0.159624 0.158926 0.158234 0.157548 0.156868 0.156193 0.155525 0.154862 0.154206 0.153555 0.152910 0.152271 0.151637 0.151009 0.150387 0.149771 0.149160 0.148554 0.147954
0.159144 0.163567 0.164774 0.165163 0.165257 0.165194 0.165024 0.164775 0.164465 0.164106 0.163708 0.163279 0.162823 0.162346 0.161851 0.161341 0.160818 0.160285 0.159743 0.159194 0.158639 0.158079 0.157516 0.156948 0.156379 0.155808 0.155236 0.154663 0.154090 0.153517 0.152945 0.152374 0.151804 0.151235 0.150668 0.150103 0.149541 0.148980 0.148422 0.147867 0.147314 0.146764 0.146217 0.145672 0.145131 0.144593 0.144058 0.143526 0.142997 0.142472
0.156450 0.153054 0.152725 0.152917 0.153125 0.153262 0.153322 0.153317 0.153254 0.153143 0.152990 0.152800 0.152578 0.152327 0.152051 0.151752 0.151434 0.151098 0.150746 0.150380 0.150002 0.149612 0.149213 0.148805 0.148389 0.147966 0.147536 0.147102 0.146663 0.146219 0.145773 0.145323 0.144870 0.144415 0.143959 0.143501 0.143042 0.142582 0.142122 0.141661 0.141201 0.140740 0.140280 0.139820 0.139361 0.138903 0.138446 0.137990 0.137535 0.137081
0.137571 0.141570 0.142560 0.142898 0.143087 0.143230 0.143344 0.143428 0.143481 0.143503 0.143492 0.143451 0.143381 0.143283 0.143160 0.143013 0.142844 0.142655 0.142448 0.142223 0.141983 0.141728 0.141461 0.141181 0.140890 0.140589 0.140279 0.139960 0.139634 0.139301 0.138961 0.138615 0.138264 0.137908 0.137548 0.137184 0.136817 0.136446 0.136073 0.135697 0.135319 0.134939 0.134557 0.134174 0.133790 0.133404 0.133018 0.132632 0.132245 0.131857
0.138824 0.135860 0.135075 0.134879 0.134878 0.134951 0.135049 0.135149 0.135240 0.135314 0.135367 0.135399 0.135409 0.135396 0.135362 0.135306 0.135231 0.135137 0.135025 0.134896 0.134752 0.134592 0.134419 0.134233 0.134035 0.133826 0.133606 0.133377 0.133138 0.132891 0.132636 0.132374 0.132105 0.131830 0.131549 0.131262 0.130971 0.130675 0.130374 0.130070 0.129762 0.129451 0.129137 0.128820 0.128500 0.128179 0.127855 0.127529 0.127202 0.126873
0.127971 0.127987 0.127931 0.127969 0.128060 0.128171 0.128283 0.128388 0.128483 0.128563 0.128629 0.128679 0.128713 0.128729 0.128730 0.128714 0.128682 0.128635 0.128574 0.128498 0.128408 0.128305 0.128190 0.128063 0.127925 0.127777 0.127618 0.127450 0.127273 0.127087 0.126893 0.126692 0.126484 0.126269 0.126048 0.125821 0.125588 0.125350 0.125107 0.124860 0.124608 0.124353 0.124093 0.123830 0.123564 0.123295 0.123022 0.122748 0.122470 0.122191
0.119117 0.121022 0.121927 0.122390 0.122655 0.122825 0.122945 0.123034 0.123103 0.123156 0.123196 0.123224 0.123241 0.123246 0.123241 0.123224 0.123196 0.123158 0.123109 0.123050 0.122980 0.122900 0.122811 0.122713 0.122605 0.122489 0.122364 0.122231 0.122091 0.121943 0.121788 0.121626 0.121458 0.121283 0.121103 0.120917 0.120726 0.120530 0.120329 0.120123 0.119913 0.119699 0.119481 0.119259 0.119034 0.118806 0.118574 0.118340 0.118102 0.117862
0.117972 0.118251 0.118524 0.118713 0.118829 0.118895 0.118930 0.118944 0.118945 0.118936 0.118920 0.118898 0.118870 0.118836 0.118797 0.118752 0.118701 0.118644 0.118580 0.118511 0.118435 0.118353 0.118264 0.118169 0.118068 0.117961 0.117848 0.117728 0.117603 0.117473 0.117337 0.117195 0.117049 0.116897 0.116741 0.116580 0.116414 0.116244 0.116070 0.115892 0.115710 0.115524 0.115335 0.115142 0.114946 0.114747 0.114545 0.114340 0.114133 0.113922
0.118335 0.117238 0.116702 0.116411 0.116228 0.116093 0.115980 0.115879 0.115785 0.115693 0.115604 0.115517 0.115429 0.115342 0.115254 0.115165 0.115075 0.114983 0.114889 0.114793 0.114694 0.114592 0.114487 0.114378 0.114267 0.114152 0.114034 0.113912 0.113786 0.113657 0.113524 0.113388 0.113248 0.113105 0.112958 0.112808 0.112655 0.112498 0.112338 0.112175 0.112009 0.111840 0.111668 0.111494 0.111316 0.111136 0.110953 0.110768 0.110581 0.110391
0.115841 0.115372 0.114913 0.114529 0.114216 0.113957 0.113734 0.113537 0.113357 0.113188 0.113029 0.112877 0.112730 0.112587 0.112448 0.112311 0.112176 0.112043 0.111911 0.111780 0.111650 0.111519 0.111389 0.111257 0.111125 0.110993 0.110859 0.110724 0.110587 0.110449 0.110309 0.110167 0.110023 0.109878 0.109730 0.109581 0.109429 0.109276 0.109120 0.108962 0.108802 0.108640 0.108476 0.108310 0.108142 0.107972 0.107800 0.107626 0.107450 0.107273
0.113254 0.113257 0.113019 0.112731 0.112441 0.112164 0.111904 0.111658 0.111426 0.111204 0.110992 0.110788 0.110591 0.110400 0.110214 0.110034 0.109858 0.109685 0.109517 0.109351 0.109188 0.109027 0.108868 0.108710 0.108554 0.108399 0.108245 0.108092 0.107938 0.107785 0.107631 0.107478 0.107324 0.107169 0.107014 0.106858 0.106701 0.106543 0.106385 0.106225 0.106064 0.105902 0.105738 0.105574 0.105408 0.105241 0.105072 0.104903 0.104732 0.104560
0.112285 0.111632 0.111357 0.111122 0.110874 0.110616 0.110353 0.110091 0.109833 0.109581 0.109335 0.109095 0.108861 0.108634 0.108413 0.108198 0.107988 0.107784 0.107584 0.107388 0.107197 0.107009 0.106824 0.106642 0.106463 0.106286 0.106111 0.105938 0.105767 0.105596 0.105427 0.105259 0.105091 0.104924 0.104758 0.104591 0.104425 0.104259 0.104092 0.103925 0.103759 0.103591 0.103424 0.103256 0.103087 0.102917 0.102748 0.102577 0.102406 0.102234
0.109346 0.110033 0.110008 0.109813 0.109569 0.109307 0.109036 0.108761 0.108487 0.108215 0.107947 0.107685 0.107428 0.107178 0.106933 0.106695 0.106462 0.106235 0.106013 0.105795 0.105582 0.105374 0.105168 0.104967 0.104768 0.104573 0.104380 0.104190 0.104001 0.103815 0.103630 0.103447 0.103266 0.103086 0.102906 0.102728 0.102550 0.102373 0.102197 0.102021 0.101845 0.101670 0.101495 0.101320 0.101145 0.100970 0.100795 0.100619 0.100444 0.100268
0.111032 0.109723 0.109175 0.108816 0.108506 0.108206 0.107909 0.107615 0.107324 0.107038 0.106757 0.106483 0.106215 0.105954 0.105698 0.105448 0.105204 0.104964 0.104729 0.104499 0.104273 0.104050 0.103831 0.103616 0.103403 0.103194 0.102987 0.102783 0.102581 0.102381 0.102183 0.101986 0.101792 0.101599 0.101407 0.101217 0.101028 0.100840 0.100653 0.100466 0.100281 0.100096 0.099912 0.099728 0.099545 0.099362 0.099179 0.098997 0.098815 0.098633
0.108250 0.108410 0.108190 0.107882 0.107553 0.107224 0.106903 0.106592 0.106292 0.106002 0.105720 0.105447 0.105180 0.104919 0.104664 0.104413 0.104167 0.103924 0.103685 0.103450 0.103218 0.102988 0.102762 0.102538 0.102316 0.102097 0.101881 0.101666 0.101453 0.101242 0.101033 0.100826 0.100620 0.100416 0.100213 0.100012 0.099812 0.099613 0.099415 0.099218 0.099023 0.098828 0.098634 0.098440 0.098248 0.098056 0.097865 0.097674 0.097484 0.097294
0.107864 0.107654 0.107361 0.106998 0.106629 0.106279 0.105953 0.105649 0.105363 0.105088 0.104823 0.104565 0.104312 0.104063 0.103818 0.103574 0.103334 0.103095 0.102858 0.102623 0.102389 0.102157 0.101927 0.101699 0.101472 0.101246 0.101022 0.100800 0.100579 0.100360 0.100142 0.099925 0.099710 0.099496 0.099283 0.099072 0.098861 0.098652 0.098444 0.098237 0.098032 0.097827 0.097623 0.097420 0.097217 0.097016 0.096815 0.096616 0.096416 0.096218
0.107684 0.107164 0.106530 0.106030 0.105645 0.105330 0.105056 0.104803 0.104563 0.104328 0.104096 0.103865 0.103634 0.103403 0.103171 0.102938 0.102705 0.102472 0.102239 0.102006 0.101773 0.101540 0.101307 0.101076 0.100844 0.100614 0.100384 0.100155 0.099928 0.099701 0.099475 0.099250 0.099026 0.098803 0.098581 0.098360 0.098140 0.097922 0.097704 0.097487 0.097271 0.097057 0.096843 0.096630 0.096418 0.096207 0.095997 0.095788 0.095579 0.095371
0.107932 0.105853 0.105120 0.104815 0.104636 0.104485 0.104332 0.104167 0.103990 0.103802 0.103604 0.103398 0.103186 0.102968 0.102746 0.102521 0.102292 0.102061 0.101829 0.101595 0.101360 0.101125 0.100889 0.100652 0.100416 0.100180 0.099944 0.099708 0.099473 0.099238 0.099004 0.098771 0.098539 0.098307 0.098076 0.097846 0.097617 0.097389 0.097161 0.096935 0.096710 0.096485 0.096261 0.096039 0.095817 0.095596 0.095377 0.095158 0.094940 0.094722
0.100641 0.102509 0.103452 0.103887 0.104057 0.104084 0.104027 0.103918 0.103772 0.103602 0.103415 0.103214 0.103003 0.102784 0.102560 0.102330 0.102097 0.101861 0.101623 0.101383 0.101141 0.100899 0.100656 0.100412 0.100168 0.099923 0.099679 0.099435 0.099192 0.098948 0.098705 0.098463 0.098221 0.097980 0.097740 0.097500 0.097262 0.097024 0.096787 0.096551 0.096315 0.096081 0.095848 0.095615 0.095384 0.095153 0.094924 0.094695 0.094467 0.094241
0.100268 0.103244 0.104159 0.104448 0.104501 0.104440 0.104316 0.104154 0.103966 0.103761 0.103543 0.103316 0.103082 0.102843 0.102600 0.102354 0.102106 0.101855 0.101603 0.101350 0.101097 0.100842 0.100587 0.100332 0.100077 0.099822 0.099567 0.099313 0.099059 0.098805 0.098552 0.098299 0.098047 0.097796 0.097545 0.097296 0.097047 0.096799 0.096552 0.096305 0.096060 0.095816 0.095572 0.095330 0.095089 0.094848 0.094609 0.094371 0.094133 0.093897
0.113519 0.108553 0.106900 0.106168 0.105718 0.105367 0.105056 0.104762 0.104478 0.104198 0.103921 0.103646 0.103372 0.103099 0.102826 0.102553 0.102281 0.102009 0.101737 0.101466 0.101195 0.100925 0.100655 0.100385 0.100116 0.099848 0.099580 0.099313 0.099046 0.098781 0.098516 0.098252 0.097989 0.097726 0.097465 0.097204 0.096945 0.096686 0.096428 0.096172 0.095916 0.095662 0.095408 0.095156 0.094905 0.094654 0.094405 0.094157 0.093910 0.093665
0.106493 0.108262 0.107979 0.107381 0.106810 0.106310 0.105870 0.105472 0.105103 0.104755 0.104421 0.104098 0.103782 0.103473 0.103168 0.102866 0.102568 0.102272 0.101979 0.101687 0.101397 0.101109 0.100821 0.100536 0.100251 0.099968 0.099686 0.099405 0.099125 0.098846 0.098569 0.098292 0.098017 0.097743 0.097470 0.097198 0.096927 0.096658 0.096389 0.096122 0.095856 0.095592 0.095328 0.095066 0.094804 0.094545 0.094286 0.094028 0.093772 0.093517
0.111042 0.109320 0.108537 0.107942 0.107412 0.106928 0.106479 0.106059 0.105663 0.105284 0.104919 0.104566 0.104222 0.103885 0.103555 0.103230 0.102909 0.102591 0.102278 0.101967 0.101658 0.101352 0.101048 0.100746 0.100446 0.100148 0.099851 0.099556 0.099262 0.098970 0.098680 0.098391 0.098103 0.097817 0.097532 0.097249 0.096967 0.096687 0.096408 0.096130 0.095854 0.095579 0.095306 0.095034 0.094763 0.094494 0.094226 0.093959 0.093694 0.093430
0.109182 0.108759 0.108345 0.107974 0.107607 0.107231 0.106849 0.106467 0.106087 0.105713 0.105345 0.104983 0.104627 0.104276 0.103930 0.103589 0.103252 0.102918 0.102588 0.102261 0.101937 0.101615 0.101296 0.100979 0.100664 0.100351 0.100041 0.099732 0.099426 0.099121 0.098818 0.098517 0.098218 0.097920 0.097624 0.097330 0.097038 0.096747 0.096458 0.096170 0.095884 0.095600 0.095317 0.095036 0.094756 0.094478 0.094202 0.093927 0.093653 0.093381
0.107485 0.107949 0.108062 0.107955 0.107729 0.107437 0.107109 0.106763 0.106407 0.106047 0.105687 0.105327 0.104969 0.104613 0.104259 0.103909 0.103561 0.103216 0.102873 0.102534 0.102196 0.101862 0.101529 0.101200 0.100872 0.100547 0.100224 0.099904 0.099585 0.099269 0.098955 0.098643 0.098333 0.098025 0.097719 0.097415 0.097113 0.096813 0.096514 0.096218 0.095923 0.095630 0.095339 0.095050 0.094762 0.094476 0.094192 0.093909 0.093628 0.093348
0.108250 0.108662 0.108589 0.108347 0.108042 0.107713 0.107372 0.107025 0.106673 0.106318 0.105960 0.105601 0.105242 0.104883 0.104525 0.104167 0.103811 0.103457 0.103105 0.102755 0.102408 0.102063 0.101720 0.101379 0.101041 0.100706 0.100373 0.100042 0.099714 0.099388 0.099064 0.098743 0.098424 0.098107 0.097793 0.097480 0.097170 0.096862 0.096556 0.096252 0.095950 0.095649 0.095351 0.095055 0.094760 0.094467 0.094176 0.093887 0.093600 0.093314
0.112067 0.110442 0.109516 0.108895 0.108417 0.108007 0.107627 0.107261 0.106899 0.106537 0.106174 0.105810 0.105445 0.105080 0.104714 0.104349 0.103985 0.103623 0.103262 0.102904 0.102547 0.102193 0.101842 0.101493 0.101147 0.100803 0.100462 0.100124 0.099788 0.099454 0.099124 0.098795 0.098470 0.098146 0.097825 0.097506 0.097190 0.096875 0.096563 0.096253 0.095945 0.095639 0.095336 0.095034 0.094734 0.094436 0.094139 0.093845 0.093552 0.093262
0.111268 0.110191 0.109495 0.108991 0.108572 0.108186 0.107812 0.107441 0.107069 0.106695 0.106319 0.105942 0.105565 0.105188 0.104812 0.104437 0.104064 0.103693 0.103324 0.102958 0.102595 0.102234 0.101877 0.101522 0.101170 0.100821 0.100474 0.100131 0.099790 0.099452 0.099116 0.098784 0.098453 0.098125 0.097800 0.097477 0.097157 0.096838 0.096522 0.096208 0.095896 0.095586 0.095279 0.094973 0.094669 0.094367 0.094067 0.093769 0.093473 0.093178
0.108034 0.108722 0.108923 0.108839 0.108603 0.108286 0.107928 0.107548 0.107157 0.106761 0.106364 0.105968 0.105574 0.105182 0.104793 0.104408 0.104026 0.103648 0.103273 0.102902 0.102534 0.102170 0.101809 0.101451 0.101096 0.100745 0.100396 0.100051 0.099708 0.099368 0.099031 0.098696 0.098364 0.098034 0.097707 0.097383 0.097060 0.096740 0.096422 0.096106 0.095792 0.095480 0.095170 0.094863 0.094557 0.094253 0.093950 0.093650 0.093351 0.093054
0.108126 0.109129 0.109292 0.109115 0.108789 0.108396 0.107975 0.107543 0.107111 0.106682 0.106258 0.105842 0.105431 0.105028 0.104630 0.104238 0.103852 0.103471 0.103094 0.102722 0.102354 0.101990 0.101630 0.101273 0.100920 0.100569 0.100222 0.099878 0.099536 0.099198 0.098861 0.098528 0.098196 0.097868 0.097541 0.097217 0.096895 0.096575 0.096257 0.095941 0.095627 0.095314 0.095004 0.094696 0.094389 0.094084 0.093781 0.093480 0.093180 0.092882
0.113417 0.111526 0.110393 0.109584 0.108925 0.108344 0.107812 0.107312 0.106838 0.106382 0.105943 0.105517 0.105102 0.104698 0.104301 0.103912 0.103530 0.103153 0.102782 0.102415 0.102053 0.101695 0.101340 0.100989 0.100641 0.100295 0.099953 0.099613 0.099276 0.098941 0.098609 0.098279 0.097951 0.097625 0.097301 0.096979 0.096659 0.096341 0.096025 0.095710 0.095398 0.095087 0.094777 0.094470 0.094164 0.093859 0.093556 0.093255 0.092956 0.092657
0.113344 0.111340 0.110077 0.109148 0.108406 0.107778 0.107224 0.106721 0.106252 0.105808 0.105384 0.104974 0.104576 0.104188 0.103808 0.103435 0.103067 0.102705 0.102347 0.101993 0.101642 0.101295 0.100950 0.100609 0.100269 0.099933 0.099598 0.099266 0.098935 0.098607 0.098280 0.097955 0.097632 0.097311 0.096991 0.096673 0.096356 0.096041 0.095728 0.095416 0.095106 0.094797 0.094489 0.094183 0.093879 0.093576 0.093274 0.092974 0.092675 0.092377
0.107525 0.108275 0.108008 0.107544 0.107066 0.106609 0.106177 0.105765 0.105370 0.104987 0.104614 0.104249 0.103889 0.103535 0.103185 0.102838 0.102495 0.102154 0.101815 0.101479 0.101144 0.100812 0.100481 0.100151 0.099823 0.099497 0.099172 0.098848 0.098526 0.098204 0.097885 0.097566 0.097248 0.096932 0.096617 0.096304 0.095991 0.095680 0.095370 0.095061 0.094753 0.094447 0.094142 0.093838 0.093535 0.093234 0.092934 0.092635 0.092337 0.092041
0.107461 0.106034 0.105746 0.105591 0.105404 0.105175 0.104916 0.104638 0.104347 0.104048 0.103743 0.103434 0.103123 0.102810 0.102495 0.102179 0.101862 0.101545 0.101228 0.100911 0.100593 0.100276 0.099958 0.099641 0.099325 0.099008 0.098692 0.098377 0.098062 0.097748 0.097435 0.097122 0.096810 0.096498 0.096188 0.095878 0.095569 0.095261 0.094954 0.094648 0.094343 0.094039 0.093736 0.093435 0.093134 0.092834 0.092535 0.092238 0.091942 0.091647
0.100923 0.103309 0.103908 0.104057 0.104046 0.103952 0.103804 0.103617 0.103402 0.103166 0.102915 0.102651 0.102378 0.102098 0.101812 0.101521 0.101226 0.100929 0.100628 0.100326 0.100022 0.099716 0.099410 0.099102 0.098794 0.098486 0.098177 0.097868 0.097558 0.097249 0.096940 0.096632 0.096323 0.096015 0.095708 0.095401 0.095095 0.094790 0.094485 0.094181 0.093878 0.093576 0.093275 0.092974 0.092675 0.092377 0.092079 0.091783 0.091488 0.091194
0.106264 0.104059 0.103590 0.103453 0.103353 0.103230 0.103078 0.102898 0.102697 0.102477 0.102241 0.101994 0.101735 0.101469 0.101195 0.100915 0.100631 0.100342 0.100049 0.099754 0.099456 0.099156 0.098854 0.098551 0.098246 0.097941 0.097635 0.097329 0.097022 0.096715 0.096408 0.096100 0.095794 0.095487 0.095181 0.094875 0.094570 0.094266 0.093962 0.093659 0.093357 0.093056 0.092755 0.092456 0.092158 0.091860 0.091564 0.091269 0.090975 0.090682
0.101766 0.103385 0.103557 0.103408 0.103193 0.102967 0.102736 0.102502 0.102260 0.102012 0.101756 0.101493 0.101223 0.100948 0.100667 0.100382 0.100092 0.099799 0.099503 0.099205 0.098904 0.098601 0.098297 0.097991 0.097684 0.097377 0.097069 0.096761 0.096452 0.096143 0.095835 0.095527 0.095219 0.094911 0.094604 0.094298 0.093992 0.093687 0.093383 0.093080 0.092778 0.092476 0.092176 0.091877 0.091579 0.091282 0.090987 0.090692 0.090399 0.090107
0.106230 0.104884 0.104161 0.103670 0.103278 0.102934 0.102613 0.102306 0.102005 0.101706 0.101408 0.101110 0.100810 0.100509 0.100206 0.099901 0.099594 0.099285 0.098975 0.098664 0.098352 0.098039 0.097725 0.097411 0.097096 0.096782 0.096467 0.096153 0.095839 0.095526 0.095213 0.094901 0.094589 0.094279 0.093969 0.093660 0.093353 0.093046 0.092741 0.092436 0.092134 0.091832 0.091531 0.091232 0.090935 0.090638 0.090343 0.090050 0.089758 0.089467
0.106695 0.104903 0.104154 0.103672 0.103263 0.102878 0.102507 0.102145 0.101791 0.101443 0.101100 0.100760 0.100423 0.100088 0.099754 0.099421 0.099089 0.098758 0.098427 0.098097 0.097767 0.097439 0.097111 0.096784 0.096458 0.096132 0.095808 0.095486 0.095164 0.094844 0.094525 0.094207 0.093891 0.093576 0.093263 0.092951 0.092641 0.092333 0.092026 0.091721 0.091417 0.091115 0.090815 0.090516 0.090219 0.089923 0.089630 0.089338 0.089047 0.088758
0.100737 0.103154 0.103572 0.103408 0.103069 0.102681 0.102281 0.101883 0.101489 0.101101 0.100719 0.100341 0.099968 0.099599 0.099234 0.098872 0.098512 0.098156 0.097803 0.097452 0.097103 0.096757 0.096414 0.096072 0.095734 0.095397 0.095063 0.094731 0.094401 0.094074 0.093749 0.093426 0.093106 0.092787 0.092471 0.092157 0.091845 0.091536 0.091228 0.090923 0.090619 0.090318 0.090019 0.089722 0.089426 0.089133 0.088842 0.088552 0.088265 0.087979
0.106701 0.104712 0.103821 0.103234 0.102743 0.102289 0.101850 0.101420 0.100996 0.100577 0.100164 0.099756 0.099354 0.098956 0.098563 0.098176 0.097793 0.097415 0.097041 0.096672 0.096307 0.095946 0.095589 0.095236 0.094887 0.094541 0.094199 0.093860 0.093525 0.093193 0.092864 0.092538 0.092215 0.091895 0.091579 0.091264 0.090953 0.090645 0.090339 0.090035 0.089734 0.089436 0.089140 0.088846 0.088555 0.088265 0.087979 0.087694 0.087411 0.087130
0.105586 0.104097 0.103187 0.102562 0.102050 0.101579 0.101124 0.100674 0.100229 0.099789 0.099354 0.098924 0.098500 0.098082 0.097670 0.097265 0.096866 0.096473 0.096087 0.095706 0.095331 0.094961 0.094597 0.094237 0.093883 0.093533 0.093188 0.092848 0.092512 0.092179 0.091851 0.091527 0.091206 0.090889 0.090575 0.090265 0.089958 0.089654 0.089353 0.089055 0.088759 0.088467 0.088177 0.087890 0.087605 0.087323 0.087043 0.086765 0.086489 0.086216
0.100704 0.101448 0.101550 0.101316 0.100939 0.100504 0.100049 0.099587 0.099127 0.098672 0.098222 0.097780 0.097345 0.096918 0.096499 0.096087 0.095684 0.095287 0.094898 0.094516 0.094141 0.093772 0.093409 0.093053 0.092702 0.092356 0.092016 0.091681 0.091351 0.091025 0.090704 0.090387 0.090074 0.089765 0.089460 0.089158 0.088860 0.088565 0.088274 0.087985 0.087699 0.087417 0.087137 0.086859 0.086585 0.086312 0.086043 0.085775 0.085510 0.085247
0.099406 0.100488 0.100413 0.100034 0.099569 0.099081 0.098593 0.098111 0.097638 0.097176 0.096725 0.096284 0.095852 0.095431 0.095019 0.094616 0.094222 0.093836 0.093459 0.093088 0.092725 0.092369 0.092020 0.091677 0.091340 0.091008 0.090682 0.090361 0.090046 0.089735 0.089428 0.089126 0.088827 0.088533 0.088243 0.087956 0.087672 0.087392 0.087114 0.086840 0.086569 0.086300 0.086034 0.085771 0.085510 0.085251 0.084994 0.084740 0.084488 0.084238
0.104729 0.100911 0.099320 0.098420 0.097758 0.097192 0.096676 0.096189 0.095724 0.095276 0.094844 0.094425 0.094018 0.093622 0.093236 0.092859 0.092492 0.092133 0.091782 0.091438 0.091101 0.090771 0.090448 0.090130 0.089818 0.089511 0.089209 0.088912 0.088620 0.088332 0.088048 0.087768 0.087491 0.087218 0.086948 0.086682 0.086418 0.086158 0.085900 0.085645 0.085392 0.085141 0.084893 0.084647 0.084403 0.084161 0.083921 0.083683 0.083447 0.083212
0.095762 0.096479 0.096201 0.095704 0.095190 0.094701 0.094241 0.093807 0.093392 0.092995 0.092612 0.092242 0.091883 0.091534 0.091195 0.090864 0.090541 0.090226 0.089917 0.089614 0.089318 0.089027 0.088741 0.088460 0.088183 0.087911 0.087643 0.087378 0.087117 0.086860 0.086605 0.086354 0.086105 0.085860 0.085616 0.085376 0.085137 0.084901 0.084666 0.084434 0.084203 0.083974 0.083747 0.083522 0.083298 0.083075 0.082854 0.082635 0.082416 0.082199
0.091996 0.092750 0.092688 0.092412 0.092080 0.091737 0.091398 0.091067 0.090745 0.090432 0.090129 0.089834 0.089546 0.089266 0.088992 0.088724 0.088461 0.088203 0.087950 0.087701 0.087455 0.087213 0.086975 0.086739 0.086507 0.086277 0.086049 0.085824 0.085601 0.085379 0.085160 0.084942 0.084726 0.084512 0.084299 0.084087 0.083877 0.083668 0.083460 0.083253 0.083047 0.082842 0.082638 0.082435 0.082232 0.082031 0.081830 0.081630 0.081431 0.081232
0.093013 0.090118 0.089325 0.089015 0.088800 0.088597 0.088392 0.088183 0.087974 0.087767 0.087561 0.087358 0.087158 0.086959 0.086763 0.086569 0.086377 0.086186 0.085997 0.085809 0.085621 0.085435 0.085249 0.085065 0.084880 0.084697 0.084513 0.084330 0.084148 0.083966 0.083784 0.083602 0.083420 0.083239 0.083058 0.082876 0.082695 0.082514 0.082334 0.082153 0.081972 0.081792 0.081611 0.081431 0.081250 0.081070 0.080889 0.080709 0.080529 0.080349
0.081599 0.084782 0.085537 0.085681 0.085662 0.085596 0.085513 0.085421 0.085325 0.085225 0.085121 0.085015 0.084905 0.084793 0.084678 0.084561 0.084441 0.084319 0.084195 0.084068 0.083940 0.083809 0.083677 0.083543 0.083406 0.083268 0.083129 0.082988 0.082845 0.082701 0.082555 0.082408 0.082259 0.082110 0.081959 0.081807 0.081654 0.081500 0.081345 0.081189 0.081032 0.080874 0.080715 0.080556 0.080396 0.080235 0.080074 0.079912 0.079749 0.079586
0.085406 0.083589 0.083150 0.083038 0.083015 0.083020 0.083032 0.083042 0.083046 0.083044 0.083033 0.083014 0.082988 0.082954 0.082913 0.082865 0.082811 0.082751 0.082686 0.082615 0.082539 0.082458 0.082372 0.082282 0.082189 0.082091 0.081989 0.081885 0.081776 0.081665 0.081551 0.081434 0.081314 0.081192 0.081067 0.080940 0.080811 0.080680 0.080546 0.080411 0.080275 0.080136 0.079996 0.079855 0.079712 0.079567 0.079422 0.079275 0.079127 0.078978
0.081317 0.081004 0.080852 0.080866 0.080955 0.081065 0.081176 0.081277 0.081365 0.081441 0.081503 0.081552 0.081590 0.081616 0.081631 0.081636 0.081632 0.081619 0.081597 0.081568 0.081531 0.081487 0.081437 0.081381 0.081318 0.081251 0.081178 0.081100 0.081017 0.080930 0.080839 0.080744 0.080646 0.080543 0.080438 0.080329 0.080217 0.080103 0.079986 0.079866 0.079744 0.079619 0.079493 0.079364 0.079234 0.079101 0.078967 0.078831 0.078694 0.078555
0.077221 0.078341 0.079006 0.079431 0.079734 0.079969 0.080163 0.080328 0.080468 0.080589 0.080692 0.080780 0.080852 0.080910 0.080956 0.080990 0.081012 0.081025 0.081027 0.081020 0.081004 0.080980 0.080949 0.080910 0.080865 0.080813 0.080755 0.080692 0.080623 0.080549 0.080470 0.080387 0.080299 0.080208 0.080112 0.080013 0.079911 0.079805 0.079696 0.079585 0.079470 0.079353 0.079234 0.079112 0.078988 0.078862 0.078734 0.078603 0.078472 0.078338
