0.047210 0.047330 0.047373 0.047373 0.047348 0.047306 0.047252 0.047189 0.047120 0.047045 0.046965 0.046882 0.046796 0.046707 0.046616 0.046523 0.046428 0.046332 0.046234 0.046135 0.046035 0.045933 0.045830 0.045726 0.045621 0.045515 0.045408 0.045300 0.045191 0.045081 0.044970 0.044858 0.044745 0.044631 0.044516 0.044401 0.044284 0.044167 0.044049 0.043930 0.043810 0.043689 0.043567 0.043444 0.043321 0.043196 0.043071 0.042945 0.042818 0.042691
0.047961 0.047816 0.047715 0.047636 0.047562 0.047488 0.047411 0.047332 0.047249 0.047164 0.047076 0.046987 0.046895 0.046802 0.046707 0.046611 0.046514 0.046415 0.046316 0.046215 0.046113 0.046009 0.045905 0.045800 0.045694 0.045587 0.045479 0.045370 0.045260 0.045149 0.045037 0.044924 0.044811 0.044696 0.044581 0.044465 0.044348 0.044230 0.044111 0.043991 0.043871 0.043749 0.043627 0.043504 0.043380 0.043255 0.043129 0.043003 0.042876 0.042747
0.048515 0.048284 0.048136 0.048011 0.047897 0.047788 0.047683 0.047581 0.047480 0.047380 0.047281 0.047181 0.047082 0.046982 0.046882 0.046781 0.046679 0.046577 0.046473 0.046369 0.046264 0.046159 0.046052 0.045945 0.045837 0.045728 0.045618 0.045507 0.045395 0.045283 0.045170 0.045055 0.044940 0.044825 0.044708 0.044591 0.044472 0.044353 0.044233 0.044113 0.043991 0.043869 0.043746 0.043622 0.043497 0.043371 0.043245 0.043117 0.042989 0.042860
0.048599 0.048632 0.048531 0.048398 0.048262 0.048131 0.048007 0.047888 0.047774 0.047662 0.047553 0.047445 0.047338 0.047231 0.047125 0.047019 0.046913 0.046806 0.046699 0.046591 0.046483 0.046374 0.046265 0.046154 0.046043 0.045932 0.045820 0.045707 0.045593 0.045478 0.045363 0.045247 0.045130 0.045013 0.044894 0.044775 0.044655 0.044535 0.044413 0.044291 0.044168 0.044045 0.043920 0.043795 0.043669 0.043542 0.043415 0.043286 0.043157 0.043027
0.049401 0.049135 0.048927 0.048755 0.048605 0.048468 0.048340 0.048217 0.048098 0.047982 0.047868 0.047756 0.047644 0.047533 0.047423 0.047313 0.047202 0.047092 0.046981 0.046870 0.046758 0.046646 0.046533 0.046420 0.046307 0.046192 0.046077 0.045962 0.045846 0.045729 0.045611 0.045493 0.045374 0.045255 0.045135 0.045014 0.044892 0.044770 0.044647 0.044523 0.044399 0.044273 0.044147 0.044021 0.043893 0.043765 0.043636 0.043506 0.043376 0.043245
0.049818 0.049387 0.049174 0.049027 0.048902 0.048784 0.048669 0.048554 0.048440 0.048326 0.048213 0.048100 0.047987 0.047874 0.047761 0.047648 0.047535 0.047422 0.047308 0.047194 0.047079 0.046964 0.046849 0.046733 0.046617 0.046500 0.046382 0.046265 0.046146 0.046027 0.045907 0.045787 0.045666 0.045545 0.045423 0.045300 0.045177 0.045053 0.044928 0.044803 0.044677 0.044550 0.044423 0.044294 0.044166 0.044036 0.043906 0.043775 0.043643 0.043510
0.048896 0.049237 0.049301 0.049269 0.049199 0.049110 0.049012 0.048908 0.048801 0.048692 0.048581 0.048469 0.048357 0.048243 0.048129 0.048015 0.047900 0.047785 0.047669 0.047552 0.047436 0.047318 0.047201 0.047083 0.046964 0.046845 0.046726 0.046606 0.046486 0.046365 0.046243 0.046121 0.045999 0.045876 0.045752 0.045628 0.045503 0.045378 0.045251 0.045125 0.044997 0.044869 0.044741 0.044611 0.044481 0.044350 0.044219 0.044087 0.043954 0.043820
0.049787 0.049729 0.049704 0.049650 0.049575 0.049487 0.049391 0.049290 0.049186 0.049079 0.048969 0.048858 0.048746 0.048632 0.048518 0.048402 0.048286 0.048170 0.048053 0.047935 0.047817 0.047698 0.047579 0.047460 0.047340 0.047220 0.047099 0.046978 0.046856 0.046734 0.046611 0.046488 0.046365 0.046240 0.046116 0.045990 0.045865 0.045738 0.045611 0.045483 0.045355 0.045226 0.045096 0.044966 0.044835 0.044703 0.044571 0.044438 0.044304 0.044169
0.050473 0.050427 0.050270 0.050133 0.050015 0.049907 0.049802 0.049696 0.049589 0.049481 0.049371 0.049259 0.049146 0.049032 0.048916 0.048801 0.048684 0.048567 0.048449 0.048331 0.048213 0.048094 0.047974 0.047854 0.047734 0.047614 0.047493 0.047371 0.047249 0.047127 0.047004 0.046881 0.046757 0.046632 0.046507 0.046382 0.046255 0.046129 0.046001 0.045873 0.045744 0.045615 0.045485 0.045354 0.045222 0.045090 0.044957 0.044823 0.044689 0.044554
0.051897 0.051029 0.050724 0.050562 0.050438 0.050326 0.050216 0.050107 0.049996 0.049885 0.049772 0.049659 0.049545 0.049430 0.049315 0.049199 0.049083 0.048966 0.048849 0.048732 0.048614 0.048496 0.048378 0.048259 0.048140 0.048020 0.047900 0.047779 0.047658 0.047537 0.047414 0.047292 0.047168 0.047045 0.046920 0.046795 0.046669 0.046543 0.046416 0.046288 0.046160 0.046030 0.045901 0.045770 0.045638 0.045506 0.045373 0.045240 0.045105 0.044970
0.049764 0.050717 0.050911 0.050897 0.050820 0.050720 0.050611 0.050499 0.050386 0.050272 0.050158 0.050044 0.049930 0.049816 0.049702 0.049588 0.049474 0.049359 0.049245 0.049130 0.049015 0.048899 0.048783 0.048667 0.048550 0.048432 0.048315 0.048196 0.048077 0.047957 0.047837 0.047716 0.047595 0.047472 0.047350 0.047226 0.047101 0.046976 0.046850 0.046724 0.046596 0.046468 0.046339 0.046209 0.046079 0.045947 0.045815 0.045682 0.045548 0.045413
0.052283 0.051638 0.051441 0.051319 0.051204 0.051088 0.050971 0.050855 0.050739 0.050625 0.050513 0.050401 0.050290 0.050180 0.050070 0.049960 0.049850 0.049740 0.049630 0.049520 0.049409 0.049297 0.049186 0.049073 0.048960 0.048847 0.048732 0.048617 0.048501 0.048385 0.048268 0.048150 0.048031 0.047911 0.047791 0.047670 0.047547 0.047424 0.047301 0.047176 0.047050 0.046924 0.046797 0.046668 0.046539 0.046409 0.046278 0.046146 0.046014 0.045880
0.051995 0.052022 0.051845 0.051672 0.051522 0.051390 0.051268 0.051152 0.051042 0.050934 0.050828 0.050724 0.050621 0.050518 0.050415 0.050313 0.050210 0.050107 0.050003 0.049899 0.049795 0.049689 0.049583 0.049476 0.049368 0.049260 0.049150 0.049040 0.048928 0.048816 0.048703 0.048589 0.048474 0.048358 0.048241 0.048123 0.048004 0.047884 0.047763 0.047641 0.047518 0.047394 0.047269 0.047143 0.047016 0.046889 0.046760 0.046630 0.046499 0.046367
0.052751 0.052235 0.051993 0.051830 0.051701 0.051587 0.051484 0.051386 0.051291 0.051198 0.051107 0.051015 0.050924 0.050833 0.050741 0.050648 0.050555 0.050460 0.050365 0.050269 0.050172 0.050074 0.049975 0.049874 0.049773 0.049670 0.049566 0.049461 0.049356 0.049248 0.049140 0.049031 0.048920 0.048809 0.048696 0.048582 0.048467 0.048351 0.048234 0.048115 0.047996 0.047875 0.047754 0.047631 0.047507 0.047382 0.047256 0.047129 0.047001 0.046871
0.051665 0.051847 0.051862 0.051827 0.051773 0.051712 0.051646 0.051578 0.051508 0.051436 0.051362 0.051287 0.051211 0.051132 0.051053 0.050971 0.050889 0.050804 0.050719 0.050631 0.050543 0.050452 0.050361 0.050268 0.050173 0.050077 0.049980 0.049882 0.049782 0.049680 0.049578 0.049474 0.049369 0.049262 0.049155 0.049045 0.048935 0.048824 0.048711 0.048597 0.048482 0.048365 0.048248 0.048129 0.048009 0.047887 0.047765 0.047641 0.047516 0.047390
0.051655 0.051781 0.051851 0.051875 0.051870 0.051847 0.051813 0.051771 0.051723 0.051671 0.051614 0.051555 0.051492 0.051427 0.051359 0.051289 0.051217 0.051143 0.051066 0.050988 0.050908 0.050826 0.050742 0.050657 0.050570 0.050481 0.050391 0.050299 0.050206 0.050111 0.050015 0.049917 0.049818 0.049717 0.049615 0.049511 0.049406 0.049300 0.049193 0.049084 0.048973 0.048862 0.048749 0.048635 0.048519 0.048402 0.048284 0.048165 0.048044 0.047923
0.052125 0.052104 0.052085 0.052076 0.052064 0.052048 0.052025 0.051995 0.051961 0.051921 0.051877 0.051830 0.051778 0.051724 0.051666 0.051606 0.051543 0.051478 0.051411 0.051341 0.051269 0.051196 0.051120 0.051042 0.050963 0.050882 0.050799 0.050714 0.050627 0.050539 0.050450 0.050359 0.050266 0.050171 0.050076 0.049978 0.049879 0.049779 0.049677 0.049574 0.049470 0.049364 0.049256 0.049147 0.049037 0.048926 0.048813 0.048699 0.048583 0.048467
0.052713 0.052454 0.052379 0.052344 0.052320 0.052299 0.052276 0.052251 0.052222 0.052189 0.052153 0.052113 0.052070 0.052024 0.051974 0.051923 0.051868 0.051811 0.051752 0.051690 0.051627 0.051561 0.051493 0.051423 0.051351 0.051278 0.051202 0.051125 0.051046 0.050965 0.050882 0.050798 0.050713 0.050625 0.050536 0.050446 0.050353 0.050260 0.050165 0.050068 0.049970 0.049870 0.049769 0.049667 0.049563 0.049457 0.049351 0.049242 0.049133 0.049022
0.052072 0.052517 0.052588 0.052589 0.052576 0.052560 0.052540 0.052518 0.052493 0.052465 0.052434 0.052400 0.052363 0.052323 0.052281 0.052237 0.052190 0.052140 0.052089 0.052035 0.051979 0.051921 0.051861 0.051799 0.051735 0.051669 0.051602 0.051532 0.051461 0.051388 0.051313 0.051236 0.051158 0.051078 0.050997 0.050914 0.050829 0.050743 0.050655 0.050565 0.050474 0.050382 0.050288 0.050192 0.050095 0.049997 0.049897 0.049796 0.049693 0.049589
0.053667 0.052952 0.052833 0.052821 0.052818 0.052811 0.052798 0.052781 0.052760 0.052737 0.052711 0.052682 0.052652 0.052619 0.052583 0.052546 0.052506 0.052465 0.052421 0.052375 0.052327 0.052277 0.052225 0.052171 0.052115 0.052058 0.051998 0.051937 0.051874 0.051809 0.051742 0.051674 0.051604 0.051532 0.051459 0.051384 0.051307 0.051229 0.051149 0.051067 0.050984 0.050900 0.050813 0.050726 0.050636 0.050546 0.050454 0.050360 0.050265 0.050168
0.051593 0.052710 0.052981 0.053048 0.053061 0.053057 0.053047 0.053033 0.053017 0.052999 0.052979 0.052957 0.052933 0.052907 0.052879 0.052850 0.052818 0.052784 0.052748 0.052710 0.052671 0.052629 0.052586 0.052540 0.052493 0.052444 0.052393 0.052341 0.052286 0.052230 0.052172 0.052113 0.052051 0.051988 0.051924 0.051857 0.051789 0.051720 0.051648 0.051576 0.051501 0.051425 0.051348 0.051269 0.051188 0.051106 0.051022 0.050937 0.050850 0.050762
0.054719 0.053710 0.053439 0.053352 0.053318 0.053300 0.053287 0.053276 0.053265 0.053253 0.053240 0.053225 0.053209 0.053191 0.053171 0.053149 0.053126 0.053100 0.053073 0.053044 0.053013 0.052980 0.052946 0.052910 0.052871 0.052832 0.052790 0.052746 0.052701 0.052654 0.052606 0.052555 0.052503 0.052450 0.052394 0.052337 0.052279 0.052219 0.052157 0.052093 0.052028 0.051962 0.051893 0.051824 0.051752 0.051679 0.051605 0.051529 0.051452 0.051373
0.053240 0.053546 0.053559 0.053540 0.053526 0.053518 0.053514 0.053511 0.053507 0.053503 0.053498 0.053491 0.053483 0.053473 0.053462 0.053449 0.053434 0.053417 0.053399 0.053379 0.053358 0.053334 0.053309 0.053282 0.053254 0.053223 0.053191 0.053158 0.053122 0.053085 0.053046 0.053006 0.052964 0.052920 0.052875 0.052828 0.052779 0.052729 0.052677 0.052623 0.052568 0.052512 0.052453 0.052394 0.052332 0.052270 0.052205 0.052139 0.052072 0.052003
0.053553 0.053567 0.053637 0.053682 0.053708 0.053723 0.053734 0.053742 0.053749 0.053753 0.053757 0.053759 0.053759 0.053759 0.053756 0.053752 0.053747 0.053739 0.053731 0.053720 0.053708 0.053695 0.053679 0.053662 0.053644 0.053624 0.053602 0.053578 0.053553 0.053526 0.053498 0.053468 0.053436 0.053403 0.053368 0.053331 0.053293 0.053254 0.053212 0.053169 0.053125 0.053079 0.053031 0.052982 0.052932 0.052879 0.052826 0.052771 0.052714 0.052656
0.053528 0.053745 0.053833 0.053881 0.053914 0.053939 0.053960 0.053978 0.053994 0.054008 0.054021 0.054032 0.054042 0.054050 0.054057 0.054063 0.054067 0.054070 0.054071 0.054071 0.054069 0.054066 0.054061 0.054054 0.054046 0.054036 0.054025 0.054012 0.053998 0.053982 0.053964 0.053945 0.053924 0.053902 0.053878 0.053852 0.053825 0.053797 0.053766 0.053735 0.053701 0.053667 0.053630 0.053592 0.053553 0.053512 0.053470 0.053426 0.053380 0.053333
0.054302 0.054154 0.054113 0.054117 0.054138 0.054164 0.054192 0.054219 0.054244 0.054268 0.054291 0.054312 0.054332 0.054351 0.054368 0.054384 0.054399 0.054412 0.054424 0.054434 0.054443 0.054450 0.054456 0.054461 0.054464 0.054465 0.054465 0.054463 0.054460 0.054455 0.054449 0.054441 0.054432 0.054421 0.054408 0.054394 0.054378 0.054361 0.054343 0.054322 0.054301 0.054278 0.054253 0.054227 0.054199 0.054170 0.054139 0.054107 0.054074 0.054039
0.054353 0.054258 0.054268 0.054304 0.054344 0.054385 0.054424 0.054462 0.054499 0.054534 0.054568 0.054601 0.054632 0.054662 0.054690 0.054718 0.054744 0.054768 0.054791 0.054813 0.054833 0.054852 0.054869 0.054885 0.054900 0.054913 0.054924 0.054934 0.054942 0.054949 0.054955 0.054958 0.054961 0.054962 0.054961 0.054959 0.054955 0.054950 0.054943 0.054935 0.054925 0.054914 0.054902 0.054888 0.054872 0.054855 0.054837 0.054817 0.054796 0.054773
0.053754 0.054203 0.054384 0.054482 0.054550 0.054608 0.054661 0.054711 0.054760 0.054808 0.054854 0.054899 0.054942 0.054985 0.055026 0.055065 0.055104 0.055140 0.055176 0.055209 0.055242 0.055273 0.055302 0.055330 0.055356 0.055381 0.055405 0.055427 0.055447 0.055466 0.055484 0.055500 0.055514 0.055527 0.055539 0.055549 0.055557 0.055565 0.055570 0.055575 0.055577 0.055579 0.055579 0.055577 0.055575 0.055570 0.055565 0.055558 0.055549 0.055540
0.054851 0.054677 0.054681 0.054727 0.054784 0.054844 0.054906 0.054969 0.055030 0.055092 0.055152 0.055210 0.055268 0.055323 0.055378 0.055430 0.055482 0.055531 0.055579 0.055626 0.055671 0.055714 0.055756 0.055797 0.055836 0.055873 0.055909 0.055943 0.055976 0.056008 0.056038 0.056066 0.056093 0.056119 0.056143 0.056166 0.056187 0.056207 0.056225 0.056242 0.056258 0.056272 0.056285 0.056297 0.056307 0.056316 0.056324 0.056330 0.056335 0.056338
0.054773 0.054872 0.054900 0.054945 0.055009 0.055081 0.055158 0.055236 0.055314 0.055391 0.055466 0.055540 0.055612 0.055682 0.055750 0.055816 0.055881 0.055944 0.056005 0.056065 0.056123 0.056179 0.056234 0.056287 0.056339 0.056389 0.056438 0.056485 0.056530 0.056575 0.056617 0.056659 0.056699 0.056737 0.056774 0.056810 0.056844 0.056877 0.056909 0.056939 0.056968 0.056996 0.057022 0.057047 0.057071 0.057093 0.057114 0.057134 0.057153 0.057170
0.055177 0.054957 0.055007 0.055108 0.055215 0.055321 0.055423 0.055523 0.055620 0.055714 0.055805 0.055893 0.055980 0.056064 0.056146 0.056226 0.056305 0.056381 0.056455 0.056528 0.056599 0.056669 0.056736 0.056803 0.056867 0.056930 0.056992 0.057052 0.057111 0.057168 0.057224 0.057278 0.057331 0.057383 0.057433 0.057482 0.057530 0.057576 0.057621 0.057665 0.057708 0.057749 0.057789 0.057828 0.057866 0.057902 0.057938 0.057972 0.058004 0.058036
0.053859 0.054729 0.055085 0.055298 0.055460 0.055600 0.055728 0.055847 0.055960 0.056070 0.056175 0.056278 0.056378 0.056475 0.056570 0.056664 0.056755 0.056844 0.056931 0.057017 0.057101 0.057183 0.057264 0.057343 0.057421 0.057497 0.057572 0.057645 0.057717 0.057788 0.057857 0.057925 0.057991 0.058056 0.058120 0.058183 0.058245 0.058305 0.058364 0.058422 0.058479 0.058534 0.058588 0.058642 0.058694 0.058745 0.058795 0.058843 0.058891 0.058937
0.055796 0.055458 0.055531 0.055675 0.055822 0.055963 0.056096 0.056223 0.056346 0.056465 0.056581 0.056695 0.056807 0.056916 0.057023 0.057128 0.057232 0.057334 0.057434 0.057532 0.057629 0.057724 0.057817 0.057910 0.058000 0.058090 0.058178 0.058265 0.058350 0.058434 0.058517 0.058599 0.058679 0.058758 0.058836 0.058913 0.058989 0.059064 0.059137 0.059210 0.059281 0.059351 0.059421 0.059489 0.059556 0.059622 0.059687 0.059751 0.059814 0.059876
0.055382 0.055857 0.056026 0.056148 0.056268 0.056392 0.056517 0.056643 0.056770 0.056895 0.057020 0.057143 0.057264 0.057384 0.057503 0.057620 0.057735 0.057848 0.057961 0.058072 0.058181 0.058289 0.058396 0.058501 0.058605 0.058708 0.058810 0.058911 0.059010 0.059108 0.059205 0.059301 0.059396 0.059490 0.059583 0.059675 0.059765 0.059855 0.059944 0.060031 0.060118 0.060204 0.060288 0.060372 0.060455 0.060536 0.060617 0.060697 0.060776 0.060855
0.056889 0.056565 0.056549 0.056615 0.056713 0.056828 0.056952 0.057082 0.057214 0.057347 0.057481 0.057613 0.057745 0.057876 0.058005 0.058133 0.058261 0.058387 0.058511 0.058635 0.058757 0.058879 0.058999 0.059118 0.059237 0.059354 0.059470 0.059585 0.059699 0.059812 0.059924 0.060035 0.060145 0.060254 0.060363 0.060470 0.060576 0.060681 0.060786 0.060890 0.060992 0.061094 0.061195 0.061295 0.061394 0.061493 0.061590 0.061687 0.061783 0.061878
0.056287 0.056658 0.056816 0.056948 0.057085 0.057226 0.057371 0.057517 0.057663 0.057809 0.057954 0.058098 0.058242 0.058384 0.058526 0.058667 0.058807 0.058946 0.059084 0.059222 0.059358 0.059494 0.059629 0.059763 0.059896 0.060028 0.060160 0.060290 0.060420 0.060549 0.060677 0.060804 0.060930 0.061055 0.061180 0.061304 0.061426 0.061548 0.061670 0.061790 0.061910 0.062028 0.062147 0.062264 0.062380 0.062496 0.062611 0.062725 0.062839 0.062952
0.056890 0.056836 0.057018 0.057225 0.057423 0.057607 0.057783 0.057951 0.058116 0.058277 0.058436 0.058595 0.058752 0.058908 0.059064 0.059219 0.059374 0.059528 0.059681 0.059834 0.059986 0.060138 0.060289 0.060439 0.060588 0.060737 0.060885 0.061033 0.061179 0.061325 0.061470 0.061614 0.061758 0.061900 0.062042 0.062183 0.062324 0.062463 0.062602 0.062741 0.062878 0.063015 0.063151 0.063286 0.063421 0.063555 0.063689 0.063822 0.063954 0.064086
0.056171 0.056916 0.057310 0.057590 0.057821 0.058026 0.058218 0.058401 0.058579 0.058755 0.058930 0.059103 0.059276 0.059449 0.059621 0.059793 0.059965 0.060136 0.060307 0.060478 0.060648 0.060817 0.060986 0.061154 0.061322 0.061489 0.061655 0.061821 0.061986 0.062150 0.062313 0.062476 0.062638 0.062799 0.062959 0.063119 0.063278 0.063437 0.063595 0.063752 0.063908 0.064064 0.064219 0.064374 0.064528 0.064681 0.064834 0.064987 0.065139 0.065290
0.057795 0.057785 0.057943 0.058125 0.058310 0.058495 0.058681 0.058869 0.059058 0.059248 0.059439 0.059631 0.059823 0.060015 0.060207 0.060399 0.060591 0.060783 0.060974 0.061165 0.061355 0.061545 0.061734 0.061922 0.062110 0.062297 0.062483 0.062668 0.062853 0.063037 0.063220 0.063402 0.063584 0.063765 0.063945 0.064125 0.064304 0.064482 0.064660 0.064837 0.065013 0.065189 0.065364 0.065539 0.065714 0.065888 0.066061 0.066235 0.066407 0.066580
0.058265 0.058449 0.058526 0.058635 0.058782 0.058954 0.059144 0.059344 0.059551 0.059762 0.059975 0.060191 0.060407 0.060623 0.060840 0.061056 0.061272 0.061487 0.061701 0.061915 0.062127 0.062339 0.062550 0.062760 0.062969 0.063178 0.063385 0.063592 0.063798 0.064003 0.064207 0.064410 0.064613 0.064815 0.065016 0.065216 0.065416 0.065615 0.065814 0.066012 0.066210 0.066407 0.066604 0.066800 0.066996 0.067191 0.067386 0.067581 0.067776 0.067971
0.059193 0.058799 0.058815 0.058957 0.059149 0.059365 0.059594 0.059832 0.060074 0.060319 0.060565 0.060811 0.061057 0.061302 0.061547 0.061790 0.062032 0.062273 0.062512 0.062751 0.062988 0.063223 0.063458 0.063691 0.063923 0.064154 0.064384 0.064613 0.064841 0.065069 0.065295 0.065520 0.065745 0.065969 0.066192 0.066414 0.066636 0.066857 0.067078 0.067298 0.067518 0.067737 0.067956 0.068174 0.068393 0.068611 0.068829 0.069047 0.069265 0.069483
0.057537 0.058351 0.058812 0.059170 0.059491 0.059797 0.060095 0.060390 0.060680 0.060968 0.061253 0.061535 0.061814 0.062091 0.062365 0.062637 0.062907 0.063174 0.063440 0.063703 0.063965 0.064226 0.064484 0.064742 0.064998 0.065252 0.065505 0.065758 0.066009 0.066259 0.066508 0.066756 0.067003 0.067250 0.067496 0.067741 0.067985 0.068229 0.068473 0.068716 0.068959 0.069201 0.069443 0.069685 0.069927 0.070169 0.070411 0.070654 0.070896 0.071139
0.058236 0.058713 0.059194 0.059629 0.060029 0.060405 0.060765 0.061112 0.061449 0.061777 0.062099 0.062415 0.062726 0.063033 0.063336 0.063635 0.063932 0.064225 0.064517 0.064805 0.065092 0.065377 0.065660 0.065941 0.066221 0.066499 0.066776 0.067052 0.067326 0.067599 0.067872 0.068143 0.068414 0.068683 0.068953 0.069221 0.069489 0.069757 0.070024 0.070291 0.070557 0.070824 0.071091 0.071357 0.071624 0.071891 0.072158 0.072426 0.072694 0.072963
0.059264 0.059673 0.060076 0.060494 0.060910 0.061315 0.061707 0.062086 0.062453 0.062811 0.063160 0.063503 0.063840 0.064172 0.064499 0.064824 0.065144 0.065462 0.065777 0.066090 0.066400 0.066709 0.067015 0.067320 0.067623 0.067925 0.068225 0.068524 0.068822 0.069119 0.069414 0.069709 0.070003 0.070297 0.070590 0.070882 0.071174 0.071466 0.071758 0.072049 0.072341 0.072632 0.072924 0.073217 0.073509 0.073803 0.074097 0.074392 0.074688 0.074985
0.060746 0.060921 0.061308 0.061736 0.062160 0.062572 0.062971 0.063359 0.063738 0.064109 0.064474 0.064834 0.065190 0.065541 0.065889 0.066234 0.066576 0.066916 0.067253 0.067588 0.067921 0.068252 0.068581 0.068908 0.069234 0.069559 0.069882 0.070204 0.070525 0.070845 0.071164 0.071482 0.071800 0.072118 0.072435 0.072752 0.073068 0.073385 0.073702 0.074019 0.074336 0.074654 0.074973 0.075292 0.075613 0.075934 0.076257 0.076581 0.076906 0.077234
0.061316 0.062276 0.062882 0.063352 0.063770 0.064165 0.064550 0.064931 0.065309 0.065684 0.066057 0.066429 0.066798 0.067166 0.067531 0.067894 0.068255 0.068615 0.068972 0.069328 0.069682 0.070034 0.070385 0.070734 0.071082 0.071429 0.071774 0.072119 0.072463 0.072806 0.073148 0.073491 0.073832 0.074174 0.074516 0.074857 0.075199 0.075542 0.075885 0.076228 0.076573 0.076919 0.077266 0.077614 0.077964 0.078315 0.078669 0.079025 0.079383 0.079744
0.064348 0.064709 0.065024 0.065347 0.065685 0.066038 0.066401 0.066772 0.067149 0.067530 0.067912 0.068295 0.068679 0.069062 0.069444 0.069825 0.070205 0.070583 0.070960 0.071335 0.071709 0.072082 0.072453 0.072824 0.073193 0.073561 0.073929 0.074296 0.074662 0.075028 0.075394 0.075760 0.076126 0.076493 0.076860 0.077227 0.077595 0.077965 0.078335 0.078707 0.079081 0.079456 0.079834 0.080213 0.080595 0.080980 0.081368 0.081759 0.082154 0.082553
0.067705 0.067205 0.067231 0.067451 0.067755 0.068101 0.068471 0.068855 0.069247 0.069644 0.070044 0.070445 0.070846 0.071248 0.071648 0.072047 0.072445 0.072842 0.073238 0.073632 0.074026 0.074418 0.074810 0.075200 0.075590 0.075980 0.076369 0.076758 0.077148 0.077537 0.077927 0.078317 0.078708 0.079100 0.079493 0.079888 0.080284 0.080682 0.081083 0.081485 0.081890 0.082298 0.082709 0.083124 0.083542 0.083964 0.084391 0.084823 0.085259 0.085702
0.067852 0.068622 0.069097 0.069514 0.069928 0.070347 0.070771 0.071197 0.071624 0.072050 0.072475 0.072899 0.073322 0.073743 0.074162 0.074580 0.074996 0.075411 0.075825 0.076238 0.076650 0.077062 0.077473 0.077884 0.078294 0.078705 0.079116 0.079528 0.079940 0.080353 0.080768 0.081183 0.081601 0.082020 0.082442 0.082866 0.083293 0.083723 0.084156 0.084592 0.085033 0.085477 0.085927 0.086381 0.086841 0.087306 0.087778 0.088257 0.088743 0.089238
0.070078 0.070682 0.071296 0.071868 0.072402 0.072908 0.073395 0.073869 0.074333 0.074789 0.075240 0.075686 0.076128 0.076568 0.077004 0.077439 0.077873 0.078305 0.078736 0.079166 0.079596 0.080026 0.080457 0.080888 0.081319 0.081751 0.082185 0.082620 0.083057 0.083496 0.083937 0.084380 0.084827 0.085276 0.085730 0.086186 0.086647 0.087113 0.087583 0.088059 0.088540 0.089028 0.089522 0.090023 0.090532 0.091049 0.091576 0.092112 0.092658 0.093217
0.072822 0.073520 0.074199 0.074821 0.075396 0.075935 0.076448 0.076944 0.077426 0.077899 0.078364 0.078824 0.079280 0.079733 0.080183 0.080632 0.081080 0.081527 0.081975 0.082422 0.082870 0.083319 0.083769 0.084221 0.084674 0.085130 0.085588 0.086049 0.086512 0.086980 0.087451 0.087926 0.088405 0.088889 0.089379 0.089874 0.090375 0.090882 0.091397 0.091919 0.092449 0.092987 0.093536 0.094094 0.094663 0.095244 0.095838 0.096445 0.097068 0.097707
0.076429 0.077291 0.077900 0.078441 0.078956 0.079457 0.079948 0.080430 0.080905 0.081376 0.081843 0.082307 0.082769 0.083230 0.083691 0.084151 0.084612 0.085074 0.085537 0.086002 0.086469 0.086938 0.087410 0.087885 0.088363 0.088845 0.089331 0.089822 0.090317 0.090817 0.091323 0.091835 0.092354 0.092879 0.093412 0.093952 0.094502 0.095060 0.095628 0.096207 0.096797 0.097399 0.098014 0.098644 0.099288 0.099950 0.100629 0.101329 0.102051 0.102799
0.081954 0.081856 0.082117 0.082492 0.082911 0.083350 0.083799 0.084254 0.084712 0.085172 0.085634 0.086098 0.086564 0.087032 0.087502 0.087974 0.088449 0.088927 0.089409 0.089894 0.090383 0.090876 0.091374 0.091877 0.092385 0.092899 0.093419 0.093945 0.094478 0.095019 0.095568 0.096125 0.096691 0.097266 0.097853 0.098450 0.099058 0.099680 0.100315 0.100965 0.101630 0.102312 0.103013 0.103734 0.104476 0.105242 0.106034 0.106856 0.107713 0.108618
0.085337 0.085838 0.086227 0.086612 0.087013 0.087430 0.087860 0.088302 0.088752 0.089209 0.089672 0.090141 0.090615 0.091094 0.091579 0.092068 0.092563 0.093063 0.093568 0.094079 0.094597 0.095121 0.095652 0.096190 0.096735 0.097289 0.097851 0.098422 0.099003 0.099594 0.100196 0.100809 0.101435 0.102074 0.102727 0.103395 0.104079 0.104781 0.105501 0.106241 0.107004 0.107789 0.108601 0.109441 0.110312 0.111217 0.112162 0.113154 0.114211 0.115390
0.089297 0.089828 0.090284 0.090716 0.091146 0.091582 0.092026 0.092480 0.092942 0.093412 0.093891 0.094378 0.094872 0.095373 0.095881 0.096397 0.096921 0.097452 0.097991 0.098538 0.099093 0.099657 0.100231 0.100815 0.101408 0.102013 0.102629 0.103257 0.103898 0.104553 0.105222 0.105907 0.106609 0.107328 0.108066 0.108825 0.109605 0.110410 0.111240 0.112098 0.112987 0.113908 0.114867 0.115866 0.116911 0.118009 0.119169 0.120419 0.121835 0.123675
0.093776 0.093981 0.094382 0.094832 0.095296 0.095768 0.096247 0.096734 0.097229 0.097732 0.098243 0.098763 0.099291 0.099828 0.100375 0.100930 0.101495 0.102069 0.102654 0.103249 0.103855 0.104472 0.105102 0.105744 0.106400 0.107070 0.107755 0.108455 0.109173 0.109909 0.110664 0.111440 0.112238 0.113060 0.113908 0.114783 0.115688 0.116626 0.117600 0.118613 0.119669 0.120773 0.121930 0.123147 0.124435 0.125808 0.127301 0.129021 0.131331 0.135464
0.097047 0.097859 0.098423 0.098942 0.099459 0.099981 0.100509 0.101044 0.101588 0.102139 0.102699 0.103268 0.103846 0.104435 0.105033 0.105643 0.106263 0.106896 0.107540 0.108198 0.108870 0.109555 0.110256 0.110974 0.111708 0.112461 0.113233 0.114026 0.114841 0.115680 0.116544 0.117436 0.118357 0.119311 0.120299 0.121325 0.122393 0.123506 0.124669 0.125888 0.127169 0.128521 0.129952 0.131478 0.133118 0.134922 0.137035 0.139956 0.145434 0.159397
0.101875 0.102024 0.102506 0.103061 0.103635 0.104218 0.104807 0.105404 0.106009 0.106623 0.107245 0.107878 0.108521 0.109175 0.109841 0.110519 0.111211 0.111916 0.112637 0.113374 0.114127 0.114899 0.115689 0.116500 0.117333 0.118190 0.119071 0.119980 0.120917 0.121886 0.122888 0.123927 0.125006 0.126129 0.127299 0.128521 0.129802 0.131146 0.132563 0.134060 0.135650 0.137347 0.139169 0.141148 0.143348 0.145965 0.149681 0.156935 0.176157 0.235191
0.104550 0.105728 0.106494 0.107168 0.107825 0.108482 0.109144 0.109813 0.110491 0.111178 0.111876 0.112584 0.113305 0.114038 0.114785 0.115547 0.116325 0.117119 0.117933 0.118765 0.119619 0.120495 0.121396 0.122322 0.123277 0.124261 0.125279 0.126331 0.127421 0.128553 0.129730 0.130956 0.132237 0.133577 0.134983 0.136462 0.138023 0.139677 0.141436 0.143317 0.145340 0.147532 0.149937 0.152642 0.155904 0.160639 0.170203 0.196444 0.278907 0.537751
0.109857 0.110046 0.110644 0.111334 0.112051 0.112780 0.113520 0.114269 0.115029 0.115799 0.116582 0.117377 0.118186 0.119011 0.119852 0.120712 0.121590 0.122490 0.123413 0.124360 0.125334 0.126337 0.127370 0.128436 0.129539 0.130680 0.131864 0.133094 0.134375 0.135711 0.137107 0.138571 0.140109 0.141729 0.143442 0.145259 0.147196 0.149269 0.151502 0.153923 0.156571 0.159509 0.162853 0.166938 0.172965 0.185466 0.220867 0.334727 0.690091 1.440455
0.112748 0.113855 0.114687 0.115482 0.116284 0.117097 0.117922 0.118758 0.119606 0.120467 0.121342 0.122233 0.123142 0.124070 0.125018 0.125989 0.126985 0.128007 0.129058 0.130140 0.131255 0.132407 0.133599 0.134833 0.136114 0.137446 0.138834 0.140283 0.141799 0.143389 0.145061 0.146826 0.148693 0.150677 0.152793 0.155061 0.157505 0.160157 0.163057 0.166263 0.169860 0.174007 0.179131 0.186767 0.202895 0.249841 0.404058 0.875665 1.662200 2.458923
0.117249 0.117882 0.118712 0.119595 0.120493 0.121399 0.122314 0.123241 0.124183 0.125140 0.126116 0.127113 0.128131 0.129174 0.130244 0.131342 0.132471 0.133634 0.134833 0.136072 0.137354 0.138682 0.140061 0.141495 0.142991 0.144552 0.146187 0.147903 0.149709 0.151616 0.153635 0.155782 0.158073 0.160530 0.163179 0.166054 0.169197 0.172666 0.176540 0.180940 0.186080 0.192498 0.202097 0.222541 0.283424 0.486736 1.072903 1.864077 2.669457 3.498753
0.120521 0.121571 0.122627 0.123641 0.124635 0.125629 0.126633 0.127652 0.128692 0.129754 0.130840 0.131953 0.133094 0.134267 0.135474 0.136717 0.137999 0.139323 0.140694 0.142114 0.143589 0.145124 0.146723 0.148394 0.150144 0.151981 0.153914 0.155956 0.158118 0.160417 0.162872 0.165504 0.168342 0.171420 0.174783 0.178488 0.182614 0.187271 0.192626 0.198967 0.206965 0.218902 0.244243 0.321057 0.581081 1.257273 2.045221 2.856489 3.685818 4.523950
0.123772 0.125439 0.126550 0.127577 0.128614 0.129677 0.130768 0.131888 0.133037 0.134216 0.135428 0.136673 0.137955 0.139276 0.140639 0.142047 0.143504 0.145013 0.146580 0.148210 0.149908 0.151682 0.153538 0.155487 0.157537 0.159701 0.161992 0.164427 0.167026 0.169810 0.172810 0.176061 0.179607 0.183507 0.187835 0.192697 0.198242 0.204696 0.212444 0.222315 0.236951 0.267504 0.361077 0.681664 1.414846 2.201272 3.014877 3.843542 4.680131 5.520319
0.130033 0.129487 0.130127 0.131108 0.132211 0.133376 0.134584 0.135830 0.137112 0.138432 0.139791 0.141191 0.142634 0.144125 0.145666 0.147261 0.148916 0.150635 0.152425 0.154292 0.156245 0.158293 0.160445 0.162715 0.165115 0.167664 0.170380 0.173288 0.176415 0.179798 0.183480 0.187518 0.191985 0.196979 0.202633 0.209143 0.216806 0.226126 0.238122 0.255750 0.291401 0.400341 0.776654 1.538679 2.325664 3.138996 3.966204 4.800656 5.638485 6.477754
0.128302 0.130933 0.132545 0.133923 0.135259 0.136607 0.137982 0.139392 0.140840 0.142328 0.143858 0.145435 0.147062 0.148743 0.150483 0.152288 0.154163 0.156115 0.158153 0.160286 0.162524 0.164880 0.167368 0.170003 0.172807 0.175802 0.179016 0.182484 0.186248 0.190362 0.194893 0.199932 0.205599 0.212061 0.219563 0.228482 0.239449 0.253699 0.274458 0.314564 0.434416 0.850134 1.623262 2.411032 3.222392 4.047317 4.879157 5.714302 6.550859 7.387748
0.132562 0.133442 0.134847 0.136338 0.137853 0.139391 0.140957 0.142555 0.144191 0.145867 0.147589 0.149361 0.151188 0.153076 0.155032 0.157062 0.159174 0.161379 0.163687 0.166108 0.168659 0.171354 0.174213 0.177259 0.180517 0.184021 0.187810 0.191933 0.196453 0.201451 0.207030 0.213336 0.220567 0.229016 0.239136 0.251687 0.268110 0.291848 0.335277 0.458518 0.887595 1.661861 2.449688 3.257820 4.079714 4.908573 5.740822 6.574554 7.408682 8.242533
0.133083 0.135075 0.136715 0.138367 0.140062 0.141791 0.143552 0.145346 0.147177 0.149049 0.150968 0.152941 0.154975 0.157077 0.159256 0.161520 0.163881 0.166350 0.168941 0.171669 0.174552 0.177612 0.180873 0.184365 0.188125 0.192197 0.196637 0.201513 0.206917 0.212967 0.219826 0.227722 0.236987 0.248137 0.262031 0.280267 0.306414 0.351679 0.469260 0.879272 1.646096 2.433786 3.237555 4.055757 4.881374 5.710646 6.541575 7.373024 8.204295 9.034933
0.135622 0.136475 0.138180 0.140045 0.141949 0.143874 0.145823 0.147801 0.149816 0.151875 0.153984 0.156152 0.158387 0.160700 0.163099 0.165598 0.168208 0.170944 0.173824 0.176867 0.180094 0.183535 0.187219 0.191188 0.195487 0.200178 0.205335 0.211056 0.217470 0.224751 0.233146 0.243013 0.254903 0.269730 0.289152 0.316687 0.362039 0.466512 0.822816 1.566567 2.355555 3.153877 3.967734 4.789920 5.616256 6.444542 7.273538 8.102492 8.930917 9.758483
0.133012 0.136871 0.139348 0.141505 0.143594 0.145679 0.147784 0.149920 0.152095 0.154319 0.156600 0.158948 0.161373 0.163884 0.166496 0.169221 0.172074 0.175073 0.178239 0.181595 0.185169 0.188995 0.193113 0.197572 0.202435 0.207780 0.213707 0.220349 0.227886 0.236569 0.246762 0.259022 0.274252 0.294060 0.321687 0.365188 0.453342 0.728686 1.414810 2.207410 2.999748 3.808424 4.626957 5.450463 6.276371 7.103262 7.930291 8.756919 9.582782 10.407628
0.138775 0.139089 0.140780 0.142816 0.144955 0.147141 0.149365 0.151630 0.153944 0.156315 0.158751 0.161264 0.163863 0.166561 0.169372 0.172311 0.175396 0.178647 0.182088 0.185747 0.189659 0.193862 0.198408 0.203358 0.208789 0.214801 0.221524 0.229135 0.237876 0.248099 0.260330 0.275409 0.294784 0.321239 0.361099 0.433308 0.623242 1.189907 1.980803 2.769579 3.571813 4.386213 5.206926 6.030744 6.855941 7.681519 8.506853 9.331535 10.155279 10.977882
0.135449 0.138718 0.141183 0.143487 0.145774 0.148082 0.150426 0.152817 0.155263 0.157773 0.160357 0.163026 0.165790 0.168663 0.171661 0.174801 0.178101 0.181588 0.185286 0.189230 0.193459 0.198020 0.202973 0.208392 0.214371 0.221034 0.228546 0.237130 0.247107 0.258947 0.273385 0.291642 0.315957 0.351011 0.408886 0.533561 0.918199 1.665391 2.459429 3.253910 4.063045 4.880686 5.702570 6.526442 7.351043 8.175616 8.999672 9.822884 10.645019 11.465908
0.136516 0.138712 0.141110 0.143518 0.145936 0.148380 0.150863 0.153395 0.155985 0.158641 0.161374 0.164195 0.167118 0.170156 0.173328 0.176651 0.180149 0.183848 0.187779 0.191979 0.196494 0.201378 0.206700 0.212546 0.219028 0.226294 0.234543 0.244052 0.255222 0.268661 0.285346 0.306975 0.336838 0.382420 0.465681 0.678888 1.266677 2.063066 2.853468 3.655123 4.468667 5.288390 6.111101 6.935087 7.759360 8.583312 9.406541 10.228771 11.049806 11.869501
0.135399 0.137837 0.140318 0.142856 0.145435 0.148049 0.150699 0.153393 0.156138 0.158945 0.161826 0.164795 0.167865 0.171055 0.174382 0.177868 0.181538 0.185421 0.189552 0.193972 0.198730 0.203888 0.209524 0.215735 0.222649 0.230435 0.239325 0.249647 0.261883 0.276781 0.295572 0.320482 0.356046 0.413409 0.529172 0.858475 1.568986 2.370299 3.163201 3.970191 4.786706 5.607964 6.431419 7.255675 8.079911 8.903607 9.726420 10.548109 11.368501 12.187471
0.132815 0.135964 0.138845 0.141664 0.144470 0.147279 0.150104 0.152956 0.155848 0.158794 0.161808 0.164906 0.168105 0.171422 0.174879 0.178499 0.182309 0.186341 0.190631 0.195223 0.200173 0.205546 0.211426 0.217921 0.225171 0.233363 0.242758 0.253724 0.266815 0.282899 0.303442 0.331168 0.371865 0.440657 0.591476 1.026681 1.792241 2.590819 3.387703 4.198340 5.016957 5.839442 6.663623 7.488292 8.312725 9.136461 9.959190 10.780695 11.600821 12.419454
0.132462 0.134657 0.137499 0.140455 0.143413 0.146360 0.149310 0.152278 0.155278 0.158327 0.161441 0.164637 0.167931 0.171344 0.174898 0.178617 0.182528 0.186666 0.191068 0.195782 0.200863 0.206383 0.212428 0.219113 0.226587 0.235049 0.244778 0.256172 0.269833 0.286716 0.308455 0.338147 0.382553 0.460079 0.639428 1.143200 1.930234 2.727199 3.527170 4.340155 5.160244 5.983705 6.808566 7.633721 8.458500 9.282475 10.105355 10.926939 11.747081 12.565673
0.128569 0.132940 0.136322 0.139424 0.142444 0.145442 0.148446 0.151470 0.154530 0.157640 0.160815 0.164072 0.167427 0.170900 0.174514 0.178292 0.182264 0.186463 0.190928 0.195707 0.200858 0.206451 0.212577 0.219353 0.226929 0.235512 0.245386 0.256964 0.270865 0.288082 0.310321 0.340835 0.386817 0.468160 0.660296 1.190539 1.984152 2.781053 3.582642 4.396876 5.217866 6.042024 6.867452 7.693081 8.518262 9.342579 10.165751 10.987583 11.807934 12.626700
0.130434 0.132727 0.135527 0.138467 0.141448 0.144450 0.147473 0.150525 0.153616 0.156759 0.159966 0.163253 0.166638 0.170139 0.173778 0.177580 0.181572 0.185789 0.190268 0.195058 0.200215 0.205810 0.211933 0.218697 0.226254 0.234806 0.244635 0.256145 0.269946 0.287011 0.309005 0.339095 0.384234 0.463485 0.648541 1.164812 1.956012 2.753866 3.555477 4.369883 5.191174 6.015690 6.841497 7.667508 8.493068 9.317754 10.141284 10.963462 11.784146 12.603232
0.128011 0.130966 0.134034 0.137105 0.140168 0.143228 0.146296 0.149383 0.152502 0.155666 0.158890 0.162189 0.165580 0.169083 0.172719 0.176511 0.180488 0.184681 0.189129 0.193878 0.198982 0.204510 0.210548 0.217206 0.224628 0.233006 0.242607 0.253813 0.267195 0.283652 0.304714 0.333239 0.375365 0.447367 0.608341 1.070085 1.846979 2.646980 3.446986 4.260379 5.081285 5.905749 6.731686 7.557933 8.383795 9.208829 10.032738 10.855317 11.676418 12.495934
0.124483 0.128660 0.132153 0.135436 0.138628 0.141775 0.144901 0.148028 0.151173 0.154351 0.157579 0.160874 0.164253 0.167736 0.171342 0.175096 0.179024 0.183157 0.187532 0.192192 0.197188 0.202586 0.208466 0.214930 0.222112 0.230187 0.239400 0.250096 0.262783 0.278255 0.297833 0.323923 0.361511 0.423119 0.551181 0.920174 1.657778 2.461276 3.258283 4.069246 4.888945 5.712872 6.538643 7.364952 8.191024 9.016371 9.840671 10.663700 11.485299 12.305353
0.124440 0.127237 0.130509 0.133791 0.137017 0.140196 0.143347 0.146490 0.149640 0.152815 0.156031 0.159303 0.162650 0.166090 0.169642 0.173330 0.177179 0.181217 0.185480 0.190007 0.194846 0.200057 0.205713 0.211906 0.218755 0.226419 0.235111 0.245130 0.256912 0.271122 0.288839 0.311969 0.344276 0.394578 0.489898 0.745964 1.392247 2.196386 2.990370 3.797114 4.614556 5.437364 6.262645 7.088839 7.915042 8.740693 9.565424 10.388983 11.211193 12.031922
0.121532 0.125577 0.128960 0.132192 0.135372 0.138521 0.141652 0.144776 0.147905 0.151052 0.154233 0.157461 0.160753 0.164126 0.167599 0.171194 0.174933 0.178844 0.182959 0.187312 0.191950 0.196923 0.202298 0.208155 0.214598 0.221764 0.229833 0.239055 0.249788 0.262566 0.278228 0.298202 0.325161 0.364893 0.433132 0.591015 1.068325 1.849328 2.644301 3.444692 4.258418 5.079357 5.903772 6.729685 7.555978 8.381974 9.207235 10.031465 10.854457 11.676060
0.122207 0.124343 0.127289 0.130401 0.133531 0.136647 0.139747 0.142837 0.145927 0.149027 0.152152 0.155314 0.158528 0.161810 0.165179 0.168653 0.172255 0.176008 0.179941 0.184086 0.188483 0.193176 0.198223 0.203693 0.209674 0.216278 0.223655 0.232007 0.241615 0.252890 0.266459 0.283342 0.305345 0.336072 0.384173 0.477819 0.748041 1.420856 2.220391 3.013406 3.821221 4.639180 5.462228 6.287676 7.114053 7.940494 8.766455 9.591574 10.415601 11.238353
0.116373 0.121112 0.124784 0.128124 0.131328 0.134459 0.137545 0.140602 0.143643 0.146683 0.149733 0.152809 0.155923 0.159093 0.162333 0.165663 0.169101 0.172669 0.176392 0.180300 0.184424 0.188805 0.193489 0.198535 0.204015 0.210020 0.216668 0.224118 0.232584 0.242371 0.253929 0.267960 0.285635 0.309118 0.343019 0.399782 0.529240 0.948506 1.713621 2.506057 3.304885 4.117964 4.938809 5.763491 6.589932 7.416956 8.243847 9.070143 9.895529 10.719780
0.116127 0.119064 0.122353 0.125626 0.128823 0.131944 0.135002 0.138013 0.140992 0.143954 0.146913 0.149883 0.152879 0.155916 0.159008 0.162172 0.165426 0.168788 0.172281 0.175928 0.179758 0.183803 0.188103 0.192704 0.197664 0.203055 0.208969 0.215525 0.222881 0.231258 0.240967 0.252476 0.266524 0.284378 0.308462 0.344315 0.409137 0.584421 1.133804 1.923895 2.713801 3.518576 4.335556 5.158815 5.985155 6.812856 7.640916 8.468710 9.295826 10.121978
0.113350 0.116391 0.119611 0.122840 0.126001 0.129079 0.132080 0.135020 0.137914 0.140778 0.143627 0.146476 0.149338 0.152226 0.155156 0.158140 0.161196 0.164338 0.167587 0.170961 0.174484 0.178183 0.182089 0.186240 0.190680 0.195465 0.200664 0.206364 0.212680 0.219766 0.227833 0.237184 0.248277 0.261842 0.279153 0.302741 0.338847 0.410225 0.630820 1.262459 2.054758 2.847102 3.656699 4.476964 5.302611 6.130874 6.960238 7.789807 8.619011 9.447467
0.107788 0.112498 0.116282 0.119650 0.122799 0.125810 0.128723 0.131564 0.134351 0.137101 0.139827 0.142543 0.145261 0.147993 0.150752 0.153551 0.156401 0.159318 0.162316 0.165413 0.168627 0.171980 0.175496 0.179205 0.183141 0.187345 0.191869 0.196775 0.202145 0.208084 0.214731 0.222282 0.231013 0.241344 0.253948 0.270021 0.292020 0.326624 0.401842 0.652397 1.323761 2.114191 2.910249 3.723767 4.547076 5.375247 6.205756 7.037199 7.868735 8.699825
0.106750 0.109917 0.113126 0.116225 0.119204 0.122081 0.124873 0.127597 0.130267 0.132896 0.135495 0.138076 0.140648 0.143223 0.145810 0.148421 0.151066 0.153757 0.156507 0.159329 0.162240 0.165255 0.168395 0.171682 0.175141 0.178805 0.182708 0.186898 0.191429 0.196373 0.201821 0.207896 0.214766 0.222671 0.231972 0.243252 0.257555 0.277129 0.308850 0.383824 0.640964 1.320712 2.110057 2.909259 3.725992 4.552198 5.383020 6.216039 7.049893 7.883765
0.103963 0.106597 0.109411 0.112263 0.115076 0.117823 0.120501 0.123117 0.125678 0.128192 0.130670 0.133119 0.135549 0.137967 0.140384 0.142809 0.145250 0.147718 0.150225 0.152781 0.155399 0.158092 0.160877 0.163769 0.166790 0.169960 0.173308 0.176865 0.180670 0.184769 0.189223 0.194109 0.199528 0.205618 0.212576 0.220696 0.230451 0.242703 0.259428 0.287414 0.357678 0.599320 1.260399 2.050471 2.851325 3.670612 4.499505 5.332991 6.168661 7.005131
0.098237 0.101574 0.104686 0.107610 0.110401 0.113091 0.115695 0.118225 0.120689 0.123097 0.125455 0.127773 0.130058 0.132319 0.134563 0.136800 0.139039 0.141288 0.143558 0.145857 0.148197 0.150588 0.153043 0.155575 0.158199 0.160932 0.163793 0.166805 0.169993 0.173390 0.177034 0.180974 0.185271 0.190007 0.195289 0.201271 0.208181 0.216384 0.226561 0.240412 0.264298 0.326394 0.537657 1.151076 1.943953 2.744097 3.565299 4.396500 5.232526 6.070840
0.092795 0.096668 0.099855 0.102769 0.105521 0.108152 0.110681 0.113120 0.115480 0.117768 0.119993 0.122165 0.124293 0.126384 0.128447 0.130492 0.132526 0.134558 0.136597 0.138652 0.140731 0.142844 0.145001 0.147211 0.149486 0.151840 0.154285 0.156837 0.159515 0.162339 0.165336 0.168535 0.171975 0.175702 0.179780 0.184290 0.189347 0.195121 0.201881 0.210153 0.221380 0.241190 0.293372 0.467815 1.003322 1.798671 2.595205 3.417665 4.250582 5.088898
0.090795 0.092904 0.095536 0.098208 0.100810 0.103313 0.105712 0.108013 0.110223 0.112352 0.114408 0.116404 0.118348 0.120250 0.122119 0.123963 0.125792 0.127613 0.129433 0.131260 0.133102 0.134966 0.136860 0.138792 0.140771 0.142805 0.144905 0.147082 0.149348 0.151718 0.154208 0.156838 0.159631 0.162616 0.165828 0.169314 0.173134 0.177372 0.182148 0.187659 0.194306 0.203291 0.219333 0.261435 0.399015 0.834409 1.620787 2.412252 3.234894 4.068772
0.085925 0.088848 0.091468 0.093990 0.096410 0.098718 0.100911 0.103000 0.104993 0.106905 0.108747 0.110530 0.112266 0.113963 0.115630 0.117276 0.118907 0.120530 0.122151 0.123777 0.125414 0.127067 0.128742 0.130445 0.132183 0.133961 0.135788 0.137670 0.139617 0.141637 0.143742 0.145945 0.148260 0.150704 0.153300 0.156072 0.159056 0.162293 0.165844 0.169793 0.174280 0.179613 0.186769 0.199527 0.232437 0.337043 0.669964 1.413397 2.203098 3.023458
0.082482 0.085132 0.087718 0.090092 0.092275 0.094301 0.096201 0.097999 0.099716 0.101366 0.102964 0.104520 0.106042 0.107540 0.109018 0.110485 0.111944 0.113400 0.114858 0.116323 0.117797 0.119286 0.120792 0.122321 0.123877 0.125464 0.127086 0.128750 0.130460 0.132224 0.134049 0.135942 0.137913 0.139973 0.142136 0.144416 0.146833 0.149410 0.152179 0.155181 0.158474 0.162159 0.166471 0.172184 0.182214 0.207358 0.284898 0.530878 1.180123 1.975466
0.079071 0.082110 0.084442 0.086411 0.088168 0.089790 0.091322 0.092791 0.094217 0.095611 0.096983 0.098339 0.099683 0.101021 0.102355 0.103688 0.105023 0.106362 0.107707 0.109061 0.110426 0.111804 0.113198 0.114610 0.116043 0.117499 0.118983 0.120497 0.122045 0.123633 0.125263 0.126942 0.128677 0.130473 0.132339 0.134286 0.136323 0.138465 0.140729 0.143137 0.145717 0.148510 0.151589 0.155133 0.159737 0.167591 0.186528 0.243087 0.421043 0.935272
0.078699 0.079967 0.081181 0.082382 0.083576 0.084767 0.085962 0.087163 0.088372 0.089591 0.090818 0.092054 0.093298 0.094550 0.095810 0.097077 0.098352 0.099636 0.100927 0.102228 0.103539 0.104861 0.106196 0.107544 0.108909 0.110290 0.111692 0.113115 0.114564 0.116039 0.117546 0.119087 0.120667 0.122289 0.123961 0.125688 0.127476 0.129335 0.131275 0.133307 0.135447 0.137716 0.140142 0.142778 0.145758 0.149533 0.155707 0.169870 0.210624 0.336677
0.076249 0.075938 0.076373 0.077105 0.077994 0.078983 0.080043 0.081157 0.082311 0.083496 0.084706 0.085934 0.087177 0.088432 0.089696 0.090969 0.092249 0.093536 0.094828 0.096128 0.097433 0.098746 0.100067 0.101396 0.102736 0.104087 0.105451 0.106829 0.108224 0.109638 0.111074 0.112533 0.114018 0.115534 0.117084 0.118673 0.120304 0.121983 0.123718 0.125515 0.127384 0.129335 0.131384 0.133551 0.135874 0.138455 0.141626 0.146545 0.157144 0.186301
0.066970 0.068554 0.069595 0.070604 0.071681 0.072829 0.074033 0.075278 0.076553 0.077848 0.079157 0.080475 0.081799 0.083127 0.084457 0.085787 0.087118 0.088449 0.089780 0.091112 0.092444 0.093778 0.095113 0.096452 0.097796 0.099144 0.100500 0.101864 0.103238 0.104624 0.106024 0.107440 0.108874 0.110329 0.111808 0.113314 0.114850 0.116422 0.118032 0.119686 0.121391 0.123153 0.124980 0.126884 0.128880 0.130996 0.133309 0.136062 0.140077 0.148096
0.060850 0.061577 0.062924 0.064417 0.065936 0.067454 0.068961 0.070457 0.071940 0.073411 0.074870 0.076316 0.077751 0.079175 0.080589 0.081993 0.083388 0.084775 0.086155 0.087528 0.088896 0.090260 0.091621 0.092980 0.094338 0.095697 0.097058 0.098423 0.099793 0.101170 0.102556 0.103952 0.105361 0.106785 0.108227 0.109688 0.111173 0.112684 0.114224 0.115798 0.117410 0.119066 0.120770 0.122531 0.124356 0.126257 0.128258 0.130416 0.132907 0.136317
0.053290 0.056110 0.058434 0.060515 0.062447 0.064275 0.066025 0.067714 0.069353 0.070953 0.072519 0.074056 0.075568 0.077058 0.078528 0.079982 0.081420 0.082844 0.084256 0.085658 0.087050 0.088435 0.089814 0.091187 0.092557 0.093925 0.095293 0.096661 0.098032 0.099408 0.100789 0.102179 0.103578 0.104990 0.106415 0.107858 0.109320 0.110804 0.112313 0.113852 0.115422 0.117030 0.118679 0.120376 0.122127 0.123939 0.125824 0.127803 0.129925 0.132343
