0.063386 0.065701 0.067323 0.068551 0.069505 0.070253 0.070846 0.071321 0.071705 0.072020 0.072279 0.072495 0.072673 0.072821 0.072944 0.073045 0.073126 0.073191 0.073241 0.073277 0.073302 0.073316 0.073321 0.073316 0.073304 0.073284 0.073257 0.073224 0.073186 0.073142 0.073093 0.073040 0.072983 0.072921 0.072856 0.072787 0.072716 0.072641 0.072563 0.072483 0.072400 0.072315 0.072227 0.072138 0.072046 0.071953 0.071857 0.071761 0.071662 0.071562
0.070866 0.070712 0.071124 0.071559 0.071930 0.072240 0.072501 0.072725 0.072916 0.073080 0.073219 0.073337 0.073436 0.073517 0.073583 0.073634 0.073673 0.073700 0.073716 0.073723 0.073721 0.073711 0.073694 0.073669 0.073639 0.073602 0.073560 0.073514 0.073462 0.073406 0.073347 0.073283 0.073216 0.073146 0.073072 0.072996 0.072917 0.072835 0.072751 0.072664 0.072576 0.072485 0.072393 0.072298 0.072202 0.072104 0.072005 0.071904 0.071802 0.071699
0.076378 0.076807 0.076394 0.075913 0.075538 0.075278 0.075106 0.074995 0.074922 0.074873 0.074838 0.074810 0.074785 0.074760 0.074733 0.074703 0.074670 0.074633 0.074592 0.074548 0.074499 0.074446 0.074390 0.074331 0.074268 0.074202 0.074132 0.074060 0.073986 0.073908 0.073828 0.073746 0.073661 0.073574 0.073486 0.073395 0.073302 0.073208 0.073112 0.073014 0.072915 0.072814 0.072712 0.072609 0.072504 0.072399 0.072292 0.072184 0.072075 0.071964
0.085827 0.082691 0.080760 0.079538 0.078725 0.078154 0.077733 0.077408 0.077149 0.076934 0.076750 0.076589 0.076444 0.076311 0.076187 0.076069 0.075956 0.075846 0.075739 0.075634 0.075530 0.075426 0.075323 0.075221 0.075118 0.075015 0.074912 0.074808 0.074703 0.074598 0.074492 0.074386 0.074279 0.074171 0.074062 0.073953 0.073842 0.073731 0.073620 0.073507 0.073394 0.073280 0.073165 0.073050 0.072934 0.072817 0.072700 0.072582 0.072464 0.072345
0.085827 0.082901 0.081751 0.081107 0.080622 0.080205 0.079829 0.079486 0.079172 0.078884 0.078618 0.078371 0.078141 0.077926 0.077723 0.077531 0.077349 0.077174 0.077006 0.076845 0.076688 0.076536 0.076387 0.076242 0.076099 0.075959 0.075820 0.075684 0.075549 0.075415 0.075282 0.075150 0.075018 0.074887 0.074757 0.074627 0.074498 0.074368 0.074239 0.074110 0.073981 0.073852 0.073723 0.073594 0.073465 0.073336 0.073207 0.073078 0.072949 0.072820
0.074409 0.079369 0.081167 0.081739 0.081812 0.081669 0.081427 0.081142 0.080841 0.080538 0.080241 0.079953 0.079677 0.079413 0.079161 0.078920 0.078689 0.078468 0.078256 0.078051 0.077854 0.077663 0.077477 0.077297 0.077121 0.076949 0.076780 0.076615 0.076452 0.076292 0.076135 0.075979 0.075825 0.075673 0.075522 0.075373 0.075224 0.075077 0.074931 0.074786 0.074641 0.074498 0.074354 0.074212 0.074070 0.073929 0.073788 0.073647 0.073507 0.073367
0.082677 0.083387 0.083469 0.083404 0.083249 0.083028 0.082760 0.082465 0.082157 0.081846 0.081537 0.081236 0.080942 0.080659 0.080386 0.080122 0.079868 0.079623 0.079387 0.079158 0.078936 0.078720 0.078511 0.078307 0.078108 0.077914 0.077723 0.077537 0.077353 0.077173 0.076996 0.076821 0.076649 0.076480 0.076312 0.076146 0.075982 0.075819 0.075658 0.075499 0.075341 0.075184 0.075028 0.074874 0.074720 0.074567 0.074415 0.074264 0.074114 0.073965
0.095276 0.088375 0.086157 0.085199 0.084623 0.084181 0.083798 0.083444 0.083110 0.082790 0.082482 0.082185 0.081898 0.081619 0.081349 0.081087 0.080832 0.080585 0.080343 0.080108 0.079879 0.079654 0.079435 0.079220 0.079010 0.078803 0.078601 0.078401 0.078205 0.078013 0.077823 0.077635 0.077451 0.077268 0.077088 0.076910 0.076735 0.076561 0.076389 0.076218 0.076050 0.075882 0.075717 0.075552 0.075389 0.075227 0.075066 0.074907 0.074748 0.074590
0.078346 0.084983 0.085952 0.085678 0.085199 0.084743 0.084341 0.083986 0.083665 0.083369 0.083089 0.082821 0.082562 0.082310 0.082063 0.081821 0.081583 0.081349 0.081118 0.080891 0.080667 0.080446 0.080228 0.080013 0.079801 0.079592 0.079386 0.079182 0.078981 0.078783 0.078586 0.078393 0.078201 0.078012 0.077825 0.077640 0.077458 0.077277 0.077097 0.076920 0.076744 0.076570 0.076398 0.076227 0.076057 0.075889 0.075721 0.075555 0.075390 0.075226
0.094488 0.088131 0.086238 0.085458 0.084997 0.084653 0.084365 0.084110 0.083874 0.083649 0.083432 0.083218 0.083006 0.082795 0.082584 0.082372 0.082160 0.081948 0.081737 0.081525 0.081314 0.081104 0.080895 0.080687 0.080480 0.080275 0.080072 0.079870 0.079670 0.079471 0.079275 0.079080 0.078888 0.078697 0.078508 0.078321 0.078136 0.077952 0.077770 0.077590 0.077411 0.077234 0.077058 0.076883 0.076710 0.076538 0.076367 0.076197 0.076028 0.075859
0.082677 0.083974 0.084211 0.084259 0.084252 0.084210 0.084139 0.084044 0.083930 0.083800 0.083658 0.083504 0.083342 0.083172 0.082995 0.082813 0.082627 0.082437 0.082244 0.082049 0.081853 0.081655 0.081457 0.081259 0.081061 0.080863 0.080666 0.080470 0.080275 0.080081 0.079889 0.079698 0.079508 0.079320 0.079133 0.078948 0.078764 0.078582 0.078401 0.078221 0.078043 0.077866 0.077690 0.077515 0.077340 0.077167 0.076995 0.076823 0.076651 0.076481
0.077953 0.081415 0.082838 0.083510 0.083860 0.084042 0.084122 0.084135 0.084100 0.084029 0.083932 0.083814 0.083680 0.083534 0.083378 0.083213 0.083042 0.082866 0.082686 0.082502 0.082317 0.082130 0.081941 0.081752 0.081563 0.081374 0.081185 0.080997 0.080810 0.080623 0.080438 0.080253 0.080070 0.079888 0.079707 0.079527 0.079348 0.079170 0.078993 0.078817 0.078642 0.078468 0.078294 0.078120 0.077947 0.077775 0.077602 0.077429 0.077257 0.077084
0.087008 0.084465 0.084198 0.084347 0.084504 0.084597 0.084627 0.084607 0.084549 0.084462 0.084353 0.084226 0.084086 0.083935 0.083776 0.083611 0.083441 0.083267 0.083090 0.082911 0.082731 0.082551 0.082370 0.082189 0.082008 0.081828 0.081648 0.081470 0.081292 0.081114 0.080938 0.080763 0.080589 0.080415 0.080242 0.080070 0.079898 0.079727 0.079557 0.079386 0.079216 0.079045 0.078875 0.078704 0.078533 0.078361 0.078188 0.078015 0.077841 0.077666
0.083465 0.085849 0.086148 0.086044 0.085880 0.085715 0.085554 0.085394 0.085231 0.085064 0.084893 0.084719 0.084543 0.084364 0.084184 0.084004 0.083824 0.083644 0.083465 0.083286 0.083109 0.082934 0.082759 0.082587 0.082415 0.082245 0.082076 0.081908 0.081742 0.081576 0.081412 0.081247 0.081084 0.080921 0.080758 0.080594 0.080431 0.080268 0.080104 0.079939 0.079773 0.079607 0.079439 0.079270 0.079099 0.078927 0.078753 0.078577 0.078399 0.078219
0.092520 0.089663 0.088477 0.087767 0.087252 0.086841 0.086495 0.086190 0.085913 0.085656 0.085415 0.085186 0.084967 0.084756 0.084553 0.084357 0.084167 0.083982 0.083803 0.083627 0.083456 0.083289 0.083124 0.082963 0.082804 0.082647 0.082492 0.082338 0.082185 0.082033 0.081882 0.081730 0.081578 0.081426 0.081273 0.081119 0.080964 0.080807 0.080648 0.080487 0.080324 0.080159 0.079991 0.079820 0.079647 0.079470 0.079290 0.079106 0.078919 0.078729
0.090157 0.089782 0.089062 0.088432 0.087903 0.087444 0.087038 0.086671 0.086339 0.086035 0.085755 0.085498 0.085259 0.085036 0.084827 0.084631 0.084445 0.084269 0.084100 0.083938 0.083782 0.083631 0.083484 0.083341 0.083200 0.083061 0.082923 0.082786 0.082650 0.082513 0.082375 0.082236 0.082096 0.081953 0.081808 0.081661 0.081510 0.081356 0.081198 0.081036 0.080871 0.080701 0.080527 0.080348 0.080164 0.079975 0.079782 0.079583 0.079379 0.079169
0.088976 0.088559 0.088343 0.088069 0.087734 0.087375 0.087018 0.086681 0.086368 0.086082 0.085822 0.085585 0.085370 0.085172 0.084990 0.084821 0.084664 0.084517 0.084377 0.084245 0.084117 0.083994 0.083874 0.083755 0.083638 0.083522 0.083405 0.083286 0.083166 0.083044 0.082918 0.082789 0.082655 0.082518 0.082375 0.082227 0.082074 0.081915 0.081750 0.081579 0.081402 0.081218 0.081027 0.080829 0.080625 0.080413 0.080194 0.079968 0.079734 0.079493
0.086220 0.087157 0.087421 0.087315 0.087067 0.086784 0.086510 0.086257 0.086031 0.085829 0.085649 0.085488 0.085343 0.085213 0.085093 0.084983 0.084881 0.084784 0.084692 0.084604 0.084517 0.084430 0.084344 0.084255 0.084165 0.084071 0.083973 0.083871 0.083763 0.083648 0.083528 0.083400 0.083265 0.083122 0.082971 0.082812 0.082644 0.082467 0.082282 0.082088 0.081884 0.081671 0.081449 0.081218 0.080977 0.080727 0.080467 0.080197 0.079918 0.079629
0.087008 0.087486 0.086913 0.086404 0.086064 0.085845 0.085698 0.085595 0.085518 0.085458 0.085408 0.085367 0.085331 0.085298 0.085267 0.085237 0.085206 0.085174 0.085139 0.085101 0.085059 0.085010 0.084956 0.084894 0.084825 0.084746 0.084659 0.084561 0.084453 0.084334 0.084204 0.084063 0.083910 0.083745 0.083568 0.083379 0.083179 0.082966 0.082741 0.082504 0.082256 0.081995 0.081722 0.081438 0.081141 0.080832 0.080511 0.080178 0.079832 0.079473
0.093307 0.087038 0.085242 0.084772 0.084716 0.084793 0.084912 0.085040 0.085163 0.085278 0.085383 0.085476 0.085559 0.085630 0.085691 0.085742 0.085781 0.085809 0.085826 0.085830 0.085821 0.085799 0.085762 0.085711 0.085645 0.085563 0.085465 0.085351 0.085221 0.085075 0.084912 0.084734 0.084539 0.084328 0.084101 0.083859 0.083601 0.083329 0.083041 0.082738 0.082420 0.082087 0.081740 0.081378 0.081001 0.080610 0.080203 0.079781 0.079344 0.078890
0.072835 0.079117 0.081692 0.082972 0.083748 0.084298 0.084730 0.085088 0.085393 0.085658 0.085888 0.086088 0.086263 0.086413 0.086541 0.086646 0.086731 0.086793 0.086834 0.086853 0.086850 0.086824 0.086775 0.086704 0.086609 0.086492 0.086351 0.086189 0.086005 0.085799 0.085572 0.085325 0.085058 0.084771 0.084464 0.084140 0.083796 0.083435 0.083056 0.082659 0.082245 0.081813 0.081364 0.080897 0.080413 0.079910 0.079389 0.078849 0.078289 0.077709
0.077165 0.080829 0.082670 0.083797 0.084603 0.085232 0.085749 0.086183 0.086554 0.086874 0.087151 0.087391 0.087596 0.087770 0.087913 0.088025 0.088106 0.088157 0.088176 0.088164 0.088120 0.088044 0.087938 0.087801 0.087634 0.087438 0.087213 0.086962 0.086684 0.086381 0.086053 0.085702 0.085327 0.084931 0.084513 0.084074 0.083614 0.083134 0.082634 0.082114 0.081573 0.081013 0.080432 0.079830 0.079207 0.078561 0.077892 0.077199 0.076480 0.075733
0.094882 0.088829 0.087249 0.087091 0.087355 0.087718 0.088078 0.088409 0.088704 0.088964 0.089192 0.089386 0.089548 0.089675 0.089768 0.089822 0.089839 0.089816 0.089752 0.089649 0.089507 0.089325 0.089107 0.088852 0.088563 0.088240 0.087887 0.087503 0.087091 0.086652 0.086187 0.085696 0.085181 0.084643 0.084082 0.083498 0.082891 0.082263 0.081611 0.080938 0.080241 0.079520 0.078775 0.078004 0.077206 0.076379 0.075523 0.074633 0.073708 0.072745
0.086614 0.089373 0.090333 0.090726 0.090941 0.091105 0.091255 0.091399 0.091536 0.091662 0.091770 0.091854 0.091908 0.091926 0.091903 0.091836 0.091721 0.091560 0.091350 0.091095 0.090794 0.090451 0.090068 0.089647 0.089190 0.088699 0.088176 0.087624 0.087044 0.086436 0.085802 0.085143 0.084459 0.083751 0.083018 0.082262 0.081481 0.080675 0.079844 0.078986 0.078100 0.077185 0.076240 0.075262 0.074248 0.073196 0.072102 0.070962 0.069772 0.068525
0.089370 0.093417 0.094546 0.094746 0.094695 0.094610 0.094547 0.094512 0.094495 0.094482 0.094455 0.094404 0.094314 0.094179 0.093991 0.093748 0.093449 0.093094 0.092687 0.092230 0.091727 0.091181 0.090595 0.089973 0.089317 0.088629 0.087912 0.087166 0.086394 0.085595 0.084771 0.083921 0.083047 0.082146 0.081220 0.080267 0.079286 0.078276 0.077235 0.076162 0.075054 0.073908 0.072722 0.071491 0.070212 0.068879 0.067487 0.066028 0.064497 0.062884
0.108661 0.101931 0.099253 0.098122 0.097595 0.097325 0.097173 0.097076 0.096995 0.096902 0.096777 0.096600 0.096362 0.096055 0.095676 0.095227 0.094713 0.094137 0.093505 0.092823 0.092097 0.091331 0.090528 0.089692 0.088825 0.087930 0.087007 0.086058 0.085083 0.084082 0.083055 0.082001 0.080920 0.079811 0.078672 0.077501 0.076297 0.075057 0.073778 0.072457 0.071090 0.069672 0.068199 0.066665 0.065063 0.063386 0.061624 0.059768 0.057811 0.055748
0.099606 0.098720 0.098541 0.098510 0.098534 0.098584 0.098637 0.098669 0.098654 0.098571 0.098399 0.098129 0.097756 0.097281 0.096711 0.096056 0.095326 0.094530 0.093679 0.092779 0.091836 0.090857 0.089844 0.088801 0.087729 0.086631 0.085505 0.084353 0.083174 0.081968 0.080733 0.079469 0.078172 0.076842 0.075475 0.074070 0.072622 0.071127 0.069583 0.067982 0.066321 0.064591 0.062787 0.060899 0.058919 0.056836 0.054641 0.052327 0.049896 0.047371
0.084646 0.093131 0.096111 0.097420 0.098163 0.098677 0.099058 0.099318 0.099445 0.099424 0.099245 0.098908 0.098421 0.097799 0.097061 0.096224 0.095305 0.094317 0.093273 0.092182 0.091049 0.089881 0.088680 0.087450 0.086190 0.084902 0.083586 0.082241 0.080865 0.079458 0.078017 0.076541 0.075026 0.073470 0.071868 0.070217 0.068512 0.066748 0.064919 0.063017 0.061037 0.058968 0.056803 0.054530 0.052143 0.049632 0.046999 0.044260 0.041471 0.038788
0.103937 0.097545 0.096531 0.096874 0.097558 0.098274 0.098898 0.099363 0.099629 0.099674 0.099495 0.099105 0.098527 0.097788 0.096915 0.095934 0.094865 0.093725 0.092527 0.091280 0.089991 0.088666 0.087306 0.085913 0.084489 0.083034 0.081545 0.080023 0.078466 0.076871 0.075236 0.073557 0.071832 0.070056 0.068224 0.066332 0.064373 0.062342 0.060230 0.058030 0.055733 0.053331 0.050816 0.048181 0.045428 0.042567 0.039642 0.036755 0.034156 0.032450
0.089764 0.093439 0.094572 0.095604 0.096693 0.097722 0.098590 0.099229 0.099600 0.099687 0.099500 0.099063 0.098412 0.097582 0.096609 0.095521 0.094342 0.093088 0.091775 0.090410 0.089000 0.087550 0.086063 0.084539 0.082979 0.081383 0.079749 0.078076 0.076362 0.074604 0.072799 0.070942 0.069031 0.067060 0.065024 0.062917 0.060733 0.058464 0.056103 0.053642 0.051075 0.048396 0.045605 0.042708 0.039735 0.036750 0.033899 0.031504 0.030292 0.031943
0.090945 0.090015 0.092246 0.094385 0.096124 0.097513 0.098584 0.099336 0.099759 0.099854 0.099643 0.099160 0.098450 0.097553 0.096508 0.095345 0.094088 0.092756 0.091361 0.089912 0.088416 0.086876 0.085295 0.083674 0.082014 0.080313 0.078570 0.076783 0.074949 0.073067 0.071132 0.069140 0.067086 0.064966 0.062775 0.060505 0.058150 0.055704 0.053160 0.050513 0.047759 0.044902 0.041954 0.038948 0.035957 0.033134 0.030798 0.029625 0.031085 0.038392
0.074409 0.088176 0.092772 0.095143 0.096834 0.098183 0.099236 0.099977 0.100383 0.100454 0.100209 0.099686 0.098931 0.097988 0.096896 0.095686 0.094381 0.093001 0.091557 0.090059 0.088512 0.086919 0.085284 0.083607 0.081887 0.080125 0.078318 0.076464 0.074562 0.072607 0.070597 0.068526 0.066391 0.064186 0.061906 0.059544 0.057094 0.054551 0.051909 0.049165 0.046321 0.043386 0.040387 0.037380 0.034482 0.031927 0.030192 0.030270 0.034256 0.046416
0.116535 0.101035 0.097769 0.097751 0.098600 0.099607 0.100506 0.101170 0.101533 0.101575 0.101307 0.100763 0.099988 0.099027 0.097916 0.096690 0.095370 0.093975 0.092518 0.091007 0.089447 0.087843 0.086196 0.084508 0.082777 0.081004 0.079186 0.077322 0.075408 0.073443 0.071421 0.069340 0.067193 0.064977 0.062685 0.060311 0.057850 0.055295 0.052642 0.049889 0.047037 0.044098 0.041100 0.038104 0.035234 0.032738 0.031121 0.031427 0.035850 0.048794
0.080709 0.093358 0.097166 0.098925 0.100182 0.101243 0.102115 0.102749 0.103096 0.103136 0.102876 0.102347 0.101591 0.100649 0.099559 0.098355 0.097058 0.095688 0.094258 0.092775 0.091246 0.089675 0.088063 0.086412 0.084721 0.082989 0.081216 0.079399 0.077535 0.075622 0.073656 0.071633 0.069548 0.067396 0.065171 0.062868 0.060480 0.058001 0.055425 0.052747 0.049966 0.047087 0.044129 0.041133 0.038189 0.035478 0.033379 0.032683 0.035095 0.044245
0.100000 0.098577 0.099619 0.100915 0.102099 0.103122 0.103956 0.104563 0.104907 0.104969 0.104752 0.104279 0.103585 0.102709 0.101688 0.100551 0.099323 0.098023 0.096663 0.095253 0.093800 0.092307 0.090776 0.089210 0.087608 0.085969 0.084293 0.082577 0.080820 0.079018 0.077168 0.075267 0.073310 0.071293 0.069209 0.067053 0.064819 0.062499 0.060087 0.057575 0.054958 0.052232 0.049402 0.046482 0.043513 0.040585 0.037893 0.035861 0.035428 0.038735
0.105118 0.102777 0.102857 0.103566 0.104409 0.105224 0.105929 0.106466 0.106791 0.106879 0.106723 0.106338 0.105747 0.104983 0.104077 0.103056 0.101944 0.100760 0.099517 0.098224 0.096890 0.095518 0.094112 0.092674 0.091204 0.089701 0.088167 0.086598 0.084993 0.083350 0.081666 0.079937 0.078161 0.076333 0.074448 0.072501 0.070486 0.068396 0.066223 0.063961 0.061600 0.059133 0.056554 0.053859 0.051056 0.048170 0.045266 0.042498 0.040226 0.039305
0.095669 0.103071 0.105014 0.105892 0.106593 0.107243 0.107814 0.108263 0.108553 0.108658 0.108567 0.108283 0.107822 0.107203 0.106452 0.105590 0.104638 0.103614 0.102529 0.101396 0.100220 0.099009 0.097764 0.096490 0.095187 0.093855 0.092495 0.091106 0.089687 0.088235 0.086750 0.085228 0.083667 0.082063 0.080413 0.078711 0.076955 0.075136 0.073251 0.071290 0.069247 0.067113 0.064879 0.062535 0.060075 0.057495 0.054804 0.052034 0.049281 0.046785
0.118110 0.109099 0.107639 0.107869 0.108414 0.108956 0.109418 0.109775 0.110011 0.110113 0.110072 0.109886 0.109560 0.109104 0.108532 0.107860 0.107102 0.106274 0.105385 0.104446 0.103464 0.102446 0.101394 0.100313 0.099203 0.098068 0.096907 0.095719 0.094506 0.093265 0.091996 0.090697 0.089366 0.088001 0.086599 0.085157 0.083671 0.082137 0.080551 0.078907 0.077198 0.075419 0.073561 0.071614 0.069571 0.067421 0.065157 0.062775 0.060286 0.057736
0.094488 0.104580 0.107882 0.109223 0.109912 0.110346 0.110654 0.110878 0.111027 0.111098 0.111083 0.110977 0.110776 0.110480 0.110095 0.109626 0.109083 0.108474 0.107807 0.107089 0.106327 0.105526 0.104691 0.103825 0.102930 0.102009 0.101062 0.100090 0.099094 0.098074 0.097028 0.095957 0.094859 0.093733 0.092577 0.091389 0.090168 0.088909 0.087610 0.086268 0.084878 0.083434 0.081933 0.080367 0.078728 0.077009 0.075201 0.073295 0.071284 0.069167
0.112992 0.111880 0.111568 0.111435 0.111386 0.111391 0.111428 0.111478 0.111525 0.111556 0.111556 0.111514 0.111422 0.111272 0.111062 0.110792 0.110462 0.110077 0.109639 0.109153 0.108623 0.108054 0.107448 0.106809 0.106140 0.105443 0.104718 0.103969 0.103194 0.102396 0.101574 0.100728 0.099858 0.098964 0.098044 0.097097 0.096123 0.095120 0.094086 0.093018 0.091914 0.090770 0.089585 0.088352 0.087068 0.085727 0.084322 0.082846 0.081293 0.079654
0.124803 0.116789 0.113717 0.112463 0.111912 0.111661 0.111554 0.111524 0.111535 0.111566 0.111602 0.111628 0.111635 0.111613 0.111557 0.111461 0.111323 0.111142 0.110918 0.110652 0.110345 0.110000 0.109620 0.109205 0.108759 0.108282 0.107778 0.107247 0.106690 0.106108 0.105502 0.104873 0.104221 0.103546 0.102847 0.102125 0.101379 0.100608 0.099811 0.098987 0.098135 0.097253 0.096338 0.095389 0.094402 0.093375 0.092303 0.091182 0.090006 0.088771
0.103937 0.109175 0.110637 0.111004 0.111078 0.111099 0.111133 0.111195 0.111281 0.111384 0.111495 0.111607 0.111712 0.111803 0.111873 0.111919 0.111937 0.111922 0.111875 0.111794 0.111678 0.111529 0.111346 0.111132 0.110887 0.110612 0.110309 0.109979 0.109623 0.109242 0.108836 0.108407 0.107955 0.107481 0.106984 0.106465 0.105923 0.105360 0.104774 0.104164 0.103531 0.102873 0.102189 0.101479 0.100739 0.099969 0.099167 0.098329 0.097453 0.096535
0.105906 0.108039 0.109221 0.109844 0.110221 0.110500 0.110741 0.110970 0.111193 0.111412 0.111626 0.111834 0.112031 0.112216 0.112385 0.112535 0.112664 0.112770 0.112852 0.112906 0.112934 0.112934 0.112906 0.112850 0.112768 0.112658 0.112522 0.112361 0.112176 0.111966 0.111733 0.111477 0.111199 0.110899 0.110577 0.110235 0.109872 0.109488 0.109084 0.108658 0.108212 0.107744 0.107254 0.106742 0.106207 0.105648 0.105063 0.104451 0.103811 0.103141
0.114567 0.111102 0.110038 0.109985 0.110277 0.110663 0.111054 0.111427 0.111775 0.112101 0.112404 0.112689 0.112955 0.113204 0.113436 0.113651 0.113848 0.114027 0.114186 0.114326 0.114444 0.114542 0.114618 0.114671 0.114703 0.114713 0.114700 0.114666 0.114610 0.114533 0.114435 0.114316 0.114178 0.114019 0.113840 0.113642 0.113425 0.113189 0.112934 0.112661 0.112368 0.112056 0.111725 0.111375 0.111005 0.110615 0.110205 0.109772 0.109318 0.108840
0.110236 0.109526 0.110149 0.110861 0.111504 0.112073 0.112580 0.113033 0.113442 0.113813 0.114152 0.114465 0.114755 0.115025 0.115277 0.115514 0.115735 0.115942 0.116134 0.116311 0.116474 0.116621 0.116753 0.116868 0.116967 0.117049 0.117115 0.117163 0.117193 0.117207 0.117203 0.117182 0.117144 0.117088 0.117015 0.116926 0.116819 0.116696 0.116556 0.116399 0.116226 0.116036 0.115829 0.115605 0.115364 0.115106 0.114831 0.114537 0.114226 0.113895
0.099606 0.109277 0.112427 0.113784 0.114577 0.115154 0.115626 0.116034 0.116395 0.116721 0.117019 0.117295 0.117552 0.117794 0.118023 0.118240 0.118447 0.118644 0.118832 0.119010 0.119179 0.119338 0.119487 0.119624 0.119751 0.119866 0.119969 0.120060 0.120138 0.120202 0.120254 0.120292 0.120316 0.120326 0.120323 0.120305 0.120273 0.120227 0.120167 0.120093 0.120004 0.119901 0.119784 0.119652 0.119506 0.119345 0.119169 0.118978 0.118771 0.118550
0.131102 0.121886 0.119818 0.119519 0.119654 0.119882 0.120118 0.120342 0.120552 0.120752 0.120943 0.121128 0.121308 0.121483 0.121655 0.121824 0.121989 0.122150 0.122308 0.122462 0.122611 0.122754 0.122893 0.123024 0.123149 0.123267 0.123377 0.123478 0.123571 0.123655 0.123728 0.123792 0.123846 0.123889 0.123921 0.123942 0.123952 0.123951 0.123938 0.123914 0.123877 0.123829 0.123769 0.123697 0.123613 0.123516 0.123407 0.123286 0.123152 0.123004
0.120079 0.124834 0.125623 0.125672 0.125615 0.125566 0.125544 0.125548 0.125575 0.125621 0.125685 0.125763 0.125851 0.125949 0.126053 0.126162 0.126274 0.126388 0.126504 0.126619 0.126734 0.126847 0.126957 0.127065 0.127168 0.127268 0.127363 0.127452 0.127536 0.127613 0.127684 0.127747 0.127803 0.127852 0.127892 0.127924 0.127948 0.127963 0.127969 0.127966 0.127953 0.127932 0.127900 0.127859 0.127808 0.127747 0.127676 0.127595 0.127503 0.127401
0.133465 0.132459 0.132291 0.132048 0.131758 0.131492 0.131281 0.131127 0.131024 0.130963 0.130936 0.130936 0.130957 0.130994 0.131042 0.131100 0.131164 0.131233 0.131305 0.131379 0.131454 0.131528 0.131602 0.131675 0.131745 0.131813 0.131877 0.131939 0.131996 0.132049 0.132097 0.132141 0.132179 0.132212 0.132239 0.132260 0.132275 0.132283 0.132285 0.132279 0.132267 0.132247 0.132220 0.132186 0.132144 0.132094 0.132036 0.131971 0.131897 0.131814
0.140551 0.139778 0.138745 0.137988 0.137465 0.137102 0.136851 0.136678 0.136563 0.136491 0.136449 0.136429 0.136426 0.136435 0.136453 0.136477 0.136506 0.136537 0.136570 0.136603 0.136637 0.136670 0.136702 0.136733 0.136762 0.136788 0.136813 0.136834 0.136853 0.136869 0.136881 0.136890 0.136895 0.136897 0.136894 0.136887 0.136875 0.136859 0.136838 0.136812 0.136781 0.136745 0.136703 0.136656 0.136603 0.136545 0.136480 0.136410 0.136333 0.136250
0.148031 0.144469 0.143146 0.142574 0.142307 0.142182 0.142126 0.142105 0.142102 0.142107 0.142115 0.142124 0.142132 0.142138 0.142142 0.142144 0.142144 0.142141 0.142135 0.142128 0.142118 0.142106 0.142091 0.142074 0.142055 0.142033 0.142009 0.141982 0.141954 0.141922 0.141888 0.141852 0.141813 0.141771 0.141726 0.141679 0.141628 0.141575 0.141518 0.141458 0.141394 0.141327 0.141257 0.141183 0.141104 0.141022 0.140936 0.140846 0.140751 0.140652
0.140945 0.144253 0.145617 0.146358 0.146846 0.147199 0.147460 0.147651 0.147788 0.147882 0.147943 0.147978 0.147992 0.147989 0.147972 0.147945 0.147908 0.147864 0.147814 0.147758 0.147697 0.147632 0.147564 0.147492 0.147417 0.147340 0.147261 0.147179 0.147096 0.147010 0.146923 0.146833 0.146742 0.146650 0.146556 0.146460 0.146362 0.146263 0.146161 0.146058 0.145953 0.145847 0.145738 0.145626 0.145513 0.145398 0.145279 0.145159 0.145036 0.144910
0.147244 0.149018 0.150537 0.151666 0.152466 0.153017 0.153389 0.153634 0.153786 0.153872 0.153909 0.153909 0.153880 0.153828 0.153760 0.153677 0.153583 0.153480 0.153369 0.153251 0.153128 0.153001 0.152870 0.152737 0.152600 0.152461 0.152321 0.152179 0.152036 0.151892 0.151746 0.151601 0.151454 0.151307 0.151159 0.151011 0.150862 0.150713 0.150564 0.150413 0.150263 0.150112 0.149960 0.149807 0.149654 0.149500 0.149345 0.149189 0.149032 0.148873
0.157874 0.158054 0.158727 0.159290 0.159658 0.159865 0.159961 0.159982 0.159950 0.159880 0.159783 0.159665 0.159530 0.159381 0.159221 0.159052 0.158875 0.158692 0.158504 0.158312 0.158117 0.157919 0.157719 0.157518 0.157315 0.157112 0.156909 0.156705 0.156501 0.156298 0.156095 0.155892 0.155691 0.155489 0.155289 0.155089 0.154891 0.154693 0.154496 0.154299 0.154104 0.153909 0.153714 0.153521 0.153327 0.153135 0.152942 0.152750 0.152558 0.152366
0.166929 0.168390 0.168294 0.167787 0.167246 0.166766 0.166353 0.165990 0.165663 0.165359 0.165068 0.164786 0.164509 0.164234 0.163961 0.163688 0.163415 0.163143 0.162870 0.162599 0.162328 0.162058 0.161788 0.161521 0.161254 0.160989 0.160726 0.160465 0.160206 0.159948 0.159693 0.159439 0.159188 0.158939 0.158692 0.158447 0.158204 0.157963 0.157724 0.157487 0.157252 0.157018 0.156787 0.156557 0.156329 0.156102 0.155876 0.155652 0.155430 0.155208
0.182677 0.179026 0.176205 0.174288 0.172958 0.171983 0.171223 0.170596 0.170054 0.169568 0.169120 0.168698 0.168296 0.167907 0.167530 0.167162 0.166802 0.166448 0.166101 0.165758 0.165421 0.165088 0.164761 0.164437 0.164118 0.163802 0.163491 0.163184 0.162880 0.162580 0.162284 0.161991 0.161702 0.161416 0.161133 0.160854 0.160578 0.160305 0.160034 0.159767 0.159502 0.159241 0.158981 0.158724 0.158470 0.158218 0.157968 0.157720 0.157474 0.157231
0.188189 0.180140 0.177325 0.175937 0.175007 0.174258 0.173600 0.172997 0.172433 0.171898 0.171387 0.170897 0.170424 0.169968 0.169525 0.169096 0.168678 0.168271 0.167873 0.167484 0.167104 0.166731 0.166366 0.166007 0.165655 0.165309 0.164969 0.164635 0.164305 0.163981 0.163661 0.163346 0.163036 0.162730 0.162428 0.162129 0.161835 0.161545 0.161258 0.160974 0.160694 0.160417 0.160143 0.159872 0.159603 0.159338 0.159075 0.158815 0.158557 0.158301
0.157480 0.169297 0.172803 0.173851 0.174032 0.173848 0.173492 0.173052 0.172572 0.172077 0.171580 0.171090 0.170609 0.170140 0.169683 0.169238 0.168806 0.168385 0.167976 0.167576 0.167186 0.166805 0.166432 0.166067 0.165710 0.165359 0.165015 0.164678 0.164346 0.164019 0.163698 0.163382 0.163070 0.162763 0.162461 0.162162 0.161868 0.161577 0.161291 0.161007 0.160727 0.160450 0.160177 0.159906 0.159638 0.159373 0.159111 0.158851 0.158593 0.158338
0.177953 0.172476 0.171924 0.172006 0.171968 0.171756 0.171425 0.171025 0.170589 0.170138 0.169684 0.169234 0.168792 0.168359 0.167937 0.167526 0.167125 0.166735 0.166354 0.165983 0.165620 0.165265 0.164918 0.164578 0.164245 0.163919 0.163598 0.163283 0.162973 0.162668 0.162368 0.162072 0.161781 0.161493 0.161210 0.160930 0.160654 0.160381 0.160111 0.159845 0.159581 0.159320 0.159062 0.158806 0.158553 0.158302 0.158054 0.157808 0.157563 0.157321
0.167717 0.170676 0.170232 0.169410 0.168688 0.168084 0.167564 0.167097 0.166664 0.166256 0.165865 0.165489 0.165125 0.164770 0.164425 0.164089 0.163760 0.163438 0.163124 0.162815 0.162513 0.162216 0.161924 0.161637 0.161355 0.161078 0.160804 0.160535 0.160269 0.160007 0.159748 0.159493 0.159240 0.158991 0.158744 0.158500 0.158258 0.158018 0.157781 0.157546 0.157313 0.157082 0.156853 0.156625 0.156399 0.156175 0.155953 0.155732 0.155512 0.155293
0.175591 0.168687 0.165713 0.164059 0.163011 0.162293 0.161767 0.161355 0.161012 0.160710 0.160435 0.160177 0.159929 0.159689 0.159453 0.159222 0.158994 0.158768 0.158544 0.158323 0.158104 0.157887 0.157671 0.157458 0.157246 0.157036 0.156828 0.156621 0.156416 0.156212 0.156009 0.155808 0.155609 0.155410 0.155213 0.155016 0.154821 0.154627 0.154434 0.154241 0.154050 0.153859 0.153669 0.153479 0.153291 0.153102 0.152915 0.152728 0.152541 0.152355
0.154724 0.155568 0.155260 0.154918 0.154658 0.154462 0.154308 0.154180 0.154067 0.153962 0.153860 0.153758 0.153655 0.153548 0.153439 0.153326 0.153210 0.153092 0.152970 0.152846 0.152720 0.152592 0.152463 0.152331 0.152199 0.152065 0.151930 0.151795 0.151658 0.151521 0.151383 0.151244 0.151104 0.150964 0.150824 0.150682 0.150541 0.150398 0.150255 0.150112 0.149968 0.149823 0.149679 0.149533 0.149387 0.149241 0.149094 0.148947 0.148799 0.148651
0.140157 0.141818 0.143557 0.144712 0.145434 0.145892 0.146193 0.146398 0.146543 0.146646 0.146720 0.146772 0.146807 0.146828 0.146837 0.146835 0.146826 0.146808 0.146783 0.146753 0.146716 0.146675 0.146629 0.146579 0.146524 0.146466 0.146405 0.146341 0.146273 0.146202 0.146129 0.146053 0.145975 0.145895 0.145812 0.145727 0.145640 0.145551 0.145460 0.145367 0.145272 0.145176 0.145078 0.144978 0.144877 0.144774 0.144669 0.144564 0.144456 0.144348
0.127165 0.132994 0.135358 0.136651 0.137493 0.138091 0.138536 0.138880 0.139152 0.139374 0.139558 0.139713 0.139845 0.139959 0.140058 0.140143 0.140218 0.140283 0.140338 0.140386 0.140426 0.140459 0.140486 0.140507 0.140522 0.140531 0.140536 0.140535 0.140530 0.140521 0.140507 0.140489 0.140468 0.140442 0.140413 0.140381 0.140345 0.140306 0.140264 0.140219 0.140171 0.140120 0.140066 0.140010 0.139951 0.139890 0.139827 0.139761 0.139693 0.139623
0.138189 0.132593 0.131269 0.131088 0.131246 0.131503 0.131778 0.132044 0.132291 0.132518 0.132726 0.132918 0.133095 0.133259 0.133411 0.133552 0.133684 0.133807 0.133921 0.134026 0.134125 0.134216 0.134299 0.134376 0.134447 0.134511 0.134569 0.134622 0.134669 0.134710 0.134746 0.134777 0.134803 0.134825 0.134842 0.134854 0.134863 0.134867 0.134867 0.134864 0.134857 0.134846 0.134832 0.134814 0.134793 0.134770 0.134743 0.134713 0.134680 0.134645
0.123228 0.125839 0.125829 0.125613 0.125523 0.125551 0.125654 0.125802 0.125974 0.126158 0.126347 0.126537 0.126724 0.126907 0.127085 0.127257 0.127423 0.127582 0.127734 0.127879 0.128017 0.128148 0.128272 0.128390 0.128501 0.128605 0.128703 0.128795 0.128880 0.128960 0.129034 0.129103 0.129166 0.129224 0.129276 0.129324 0.129368 0.129406 0.129441 0.129471 0.129497 0.129519 0.129537 0.129551 0.129562 0.129569 0.129572 0.129573 0.129570 0.129564
0.124016 0.120193 0.119683 0.119641 0.119661 0.119710 0.119795 0.119913 0.120059 0.120225 0.120406 0.120594 0.120787 0.120982 0.121174 0.121364 0.121550 0.121731 0.121906 0.122075 0.122238 0.122394 0.122544 0.122687 0.122824 0.122954 0.123077 0.123195 0.123306 0.123411 0.123511 0.123605 0.123694 0.123777 0.123855 0.123928 0.123996 0.124060 0.124119 0.124174 0.124224 0.124270 0.124313 0.124351 0.124386 0.124417 0.124445 0.124469 0.124490 0.124507
0.103543 0.111299 0.113051 0.113547 0.113771 0.113942 0.114110 0.114289 0.114479 0.114679 0.114886 0.115097 0.115308 0.115519 0.115727 0.115931 0.116131 0.116324 0.116512 0.116694 0.116869 0.117038 0.117200 0.117355 0.117504 0.117647 0.117784 0.117915 0.118039 0.118159 0.118272 0.118380 0.118483 0.118581 0.118674 0.118763 0.118846 0.118926 0.119001 0.119071 0.119138 0.119201 0.119260 0.119315 0.119367 0.119415 0.119460 0.119501 0.119540 0.119575
0.120472 0.110376 0.108310 0.108054 0.108219 0.108484 0.108767 0.109047 0.109321 0.109585 0.109841 0.110088 0.110327 0.110557 0.110779 0.110994 0.111200 0.111398 0.111589 0.111773 0.111949 0.112119 0.112282 0.112439 0.112589 0.112733 0.112872 0.113005 0.113133 0.113256 0.113373 0.113486 0.113594 0.113698 0.113797 0.113892 0.113983 0.114070 0.114153 0.114232 0.114308 0.114380 0.114449 0.114514 0.114576 0.114635 0.114691 0.114744 0.114794 0.114842
0.088583 0.098985 0.101622 0.102581 0.103160 0.103629 0.104046 0.104424 0.104769 0.105085 0.105377 0.105648 0.105901 0.106139 0.106362 0.106574 0.106775 0.106966 0.107148 0.107322 0.107489 0.107649 0.107802 0.107950 0.108092 0.108228 0.108360 0.108486 0.108608 0.108726 0.108840 0.108949 0.109055 0.109157 0.109255 0.109350 0.109442 0.109530 0.109615 0.109697 0.109776 0.109852 0.109925 0.109995 0.110063 0.110128 0.110190 0.110249 0.110307 0.110361
0.105512 0.098994 0.098307 0.098723 0.099279 0.099794 0.100245 0.100639 0.100987 0.101297 0.101577 0.101831 0.102065 0.102281 0.102482 0.102670 0.102847 0.103015 0.103175 0.103327 0.103473 0.103613 0.103747 0.103877 0.104002 0.104123 0.104241 0.104354 0.104465 0.104572 0.104676 0.104777 0.104875 0.104970 0.105063 0.105153 0.105241 0.105326 0.105408 0.105489 0.105567 0.105642 0.105716 0.105787 0.105856 0.105923 0.105988 0.106051 0.106111 0.106170
0.088189 0.093638 0.095347 0.096165 0.096700 0.097109 0.097446 0.097735 0.097989 0.098216 0.098422 0.098610 0.098783 0.098945 0.099096 0.099239 0.099375 0.099504 0.099628 0.099748 0.099863 0.099975 0.100084 0.100191 0.100294 0.100395 0.100494 0.100591 0.100686 0.100779 0.100871 0.100960 0.101048 0.101134 0.101219 0.101301 0.101383 0.101462 0.101540 0.101616 0.101691 0.101764 0.101836 0.101905 0.101974 0.102040 0.102105 0.102169 0.102230 0.102290
0.095669 0.094948 0.095047 0.095150 0.095232 0.095313 0.095399 0.095489 0.095581 0.095672 0.095762 0.095851 0.095939 0.096025 0.096110 0.096194 0.096277 0.096360 0.096443 0.096525 0.096606 0.096688 0.096769 0.096850 0.096931 0.097011 0.097091 0.097171 0.097250 0.097329 0.097407 0.097485 0.097562 0.097639 0.097714 0.097789 0.097863 0.097937 0.098009 0.098081 0.098151 0.098221 0.098289 0.098356 0.098422 0.098487 0.098551 0.098613 0.098675 0.098735
0.097638 0.096234 0.095025 0.094335 0.093951 0.093725 0.093581 0.093486 0.093424 0.093384 0.093362 0.093354 0.093358 0.093372 0.093394 0.093423 0.093457 0.093498 0.093542 0.093590 0.093642 0.093697 0.093754 0.093813 0.093874 0.093937 0.094001 0.094066 0.094132 0.094199 0.094267 0.094334 0.094403 0.094471 0.094539 0.094608 0.094676 0.094744 0.094811 0.094878 0.094945 0.095010 0.095076 0.095140 0.095204 0.095267 0.095329 0.095390 0.095449 0.095508
0.097638 0.093731 0.092707 0.092275 0.091976 0.091729 0.091518 0.091342 0.091198 0.091083 0.090994 0.090926 0.090878 0.090846 0.090827 0.090821 0.090825 0.090838 0.090858 0.090885 0.090918 0.090956 0.090998 0.091044 0.091093 0.091145 0.091199 0.091255 0.091313 0.091372 0.091433 0.091494 0.091557 0.091620 0.091683 0.091747 0.091811 0.091875 0.091939 0.092003 0.092067 0.092130 0.092192 0.092255 0.092316 0.092377 0.092437 0.092496 0.092554 0.092611
0.079134 0.086922 0.088985 0.089429 0.089398 0.089236 0.089053 0.088884 0.088740 0.088621 0.088527 0.088454 0.088399 0.088362 0.088338 0.088327 0.088326 0.088335 0.088352 0.088375 0.088405 0.088439 0.088478 0.088522 0.088568 0.088617 0.088669 0.088723 0.088779 0.088837 0.088895 0.088955 0.089016 0.089077 0.089139 0.089201 0.089263 0.089325 0.089388 0.089450 0.089511 0.089573 0.089633 0.089694 0.089753 0.089812 0.089870 0.089926 0.089982 0.090037
0.095276 0.089512 0.087683 0.086963 0.086607 0.086394 0.086248 0.086142 0.086063 0.086005 0.085964 0.085937 0.085923 0.085919 0.085925 0.085939 0.085960 0.085987 0.086019 0.086057 0.086099 0.086144 0.086192 0.086243 0.086297 0.086352 0.086409 0.086468 0.086528 0.086588 0.086650 0.086712 0.086774 0.086837 0.086899 0.086962 0.087025 0.087087 0.087149 0.087210 0.087271 0.087331 0.087390 0.087449 0.087506 0.087563 0.087618 0.087673 0.087726 0.087777
0.086614 0.084865 0.083861 0.083427 0.083271 0.083235 0.083250 0.083285 0.083330 0.083379 0.083430 0.083483 0.083538 0.083594 0.083651 0.083710 0.083771 0.083832 0.083895 0.083959 0.084024 0.084089 0.084155 0.084222 0.084289 0.084357 0.084424 0.084492 0.084560 0.084627 0.084695 0.084762 0.084828 0.084894 0.084960 0.085025 0.085089 0.085152 0.085214 0.085275 0.085336 0.085395 0.085452 0.085509 0.085564 0.085618 0.085670 0.085721 0.085770 0.085817
0.073228 0.076768 0.078476 0.079334 0.079827 0.080159 0.080412 0.080623 0.080806 0.080970 0.081119 0.081257 0.081386 0.081506 0.081621 0.081730 0.081834 0.081935 0.082032 0.082126 0.082217 0.082307 0.082394 0.082479 0.082562 0.082644 0.082724 0.082803 0.082880 0.082956 0.083030 0.083103 0.083175 0.083245 0.083313 0.083380 0.083446 0.083510 0.083572 0.083633 0.083692 0.083749 0.083804 0.083858 0.083909 0.083959 0.084007 0.084052 0.084096 0.084137
0.072047 0.074706 0.076031 0.076838 0.077402 0.077835 0.078191 0.078495 0.078763 0.079003 0.079221 0.079421 0.079604 0.079775 0.079934 0.080083 0.080224 0.080356 0.080482 0.080602 0.080717 0.080826 0.080932 0.081033 0.081131 0.081225 0.081317 0.081405 0.081490 0.081573 0.081653 0.081731 0.081806 0.081879 0.081949 0.082017 0.082083 0.082146 0.082207 0.082265 0.082321 0.082375 0.082426 0.082475 0.082521 0.082565 0.082606 0.082645 0.082681 0.082715
0.080709 0.077063 0.076058 0.075963 0.076169 0.076463 0.076771 0.077069 0.077348 0.077608 0.077849 0.078073 0.078281 0.078475 0.078656 0.078826 0.078986 0.079137 0.079279 0.079414 0.079543 0.079665 0.079782 0.079893 0.080000 0.080102 0.080200 0.080293 0.080383 0.080470 0.080552 0.080632 0.080708 0.080780 0.080850 0.080916 0.080979 0.081040 0.081097 0.081150 0.081201 0.081249 0.081294 0.081336 0.081374 0.081410 0.081443 0.081472 0.081499 0.081522
0.074016 0.074650 0.074997 0.075260 0.075513 0.075773 0.076036 0.076296 0.076547 0.076786 0.077013 0.077227 0.077428 0.077619 0.077798 0.077968 0.078128 0.078281 0.078425 0.078563 0.078693 0.078818 0.078937 0.079050 0.079158 0.079261 0.079360 0.079453 0.079543 0.079628 0.079709 0.079786 0.079858 0.079927 0.079992 0.080054 0.080111 0.080165 0.080215 0.080262 0.080304 0.080344 0.080379 0.080411 0.080440 0.080465 0.080486 0.080504 0.080519 0.080530
0.068898 0.073010 0.074412 0.074998 0.075337 0.075598 0.075830 0.076048 0.076254 0.076452 0.076641 0.076822 0.076995 0.077160 0.077319 0.077471 0.077617 0.077757 0.077891 0.078019 0.078142 0.078259 0.078372 0.078479 0.078581 0.078678 0.078770 0.078858 0.078941 0.079019 0.079093 0.079163 0.079228 0.079289 0.079346 0.079398 0.079447 0.079491 0.079531 0.079566 0.079598 0.079626 0.079650 0.079670 0.079685 0.079697 0.079705 0.079710 0.079710 0.079707
0.080709 0.076727 0.075711 0.075586 0.075702 0.075867 0.076033 0.076189 0.076336 0.076479 0.076617 0.076753 0.076886 0.077016 0.077144 0.077269 0.077391 0.077510 0.077625 0.077736 0.077843 0.077945 0.078044 0.078138 0.078227 0.078313 0.078393 0.078469 0.078540 0.078607 0.078670 0.078727 0.078781 0.078830 0.078874 0.078914 0.078949 0.078980 0.079007 0.079029 0.079047 0.079061 0.079070 0.079076 0.079077 0.079074 0.079067 0.079056 0.079041 0.079021
0.075197 0.075519 0.075892 0.076143 0.076299 0.076405 0.076489 0.076567 0.076644 0.076726 0.076812 0.076901 0.076994 0.077089 0.077185 0.077281 0.077377 0.077471 0.077563 0.077652 0.077739 0.077822 0.077902 0.077978 0.078050 0.078118 0.078182 0.078241 0.078297 0.078347 0.078394 0.078436 0.078473 0.078506 0.078535 0.078559 0.078579 0.078594 0.078605 0.078611 0.078613 0.078611 0.078604 0.078593 0.078578 0.078559 0.078536 0.078508 0.078477 0.078442
0.069685 0.075202 0.076715 0.077051 0.077075 0.077039 0.077012 0.077007 0.077024 0.077058 0.077105 0.077161 0.077224 0.077291 0.077361 0.077432 0.077503 0.077573 0.077641 0.077708 0.077771 0.077832 0.077890 0.077945 0.077995 0.078042 0.078086 0.078125 0.078160 0.078191 0.078218 0.078241 0.078259 0.078274 0.078284 0.078290 0.078291 0.078289 0.078282 0.078271 0.078256 0.078236 0.078213 0.078185 0.078153 0.078118 0.078078 0.078034 0.077987 0.077935
0.087795 0.081566 0.079123 0.078117 0.077673 0.077471 0.077381 0.077352 0.077356 0.077381 0.077418 0.077462 0.077510 0.077560 0.077611 0.077661 0.077710 0.077757 0.077801 0.077843 0.077883 0.077919 0.077952 0.077981 0.078008 0.078030 0.078050 0.078065 0.078078 0.078086 0.078091 0.078092 0.078090 0.078083 0.078073 0.078059 0.078042 0.078021 0.077995 0.077966 0.077934 0.077897 0.077857 0.077813 0.077765 0.077713 0.077658 0.077599 0.077536 0.077470
0.081890 0.078571 0.077723 0.077499 0.077457 0.077478 0.077523 0.077576 0.077631 0.077685 0.077735 0.077781 0.077823 0.077861 0.077895 0.077924 0.077950 0.077972 0.077990 0.078004 0.078016 0.078024 0.078029 0.078031 0.078030 0.078025 0.078018 0.078008 0.077996 0.077980 0.077961 0.077939 0.077915 0.077887 0.077856 0.077823 0.077786 0.077746 0.077703 0.077657 0.077607 0.077555 0.077499 0.077440 0.077377 0.077311 0.077242 0.077170 0.077095 0.077016
0.060630 0.071739 0.075247 0.076559 0.077160 0.077494 0.077705 0.077851 0.077955 0.078031 0.078087 0.078126 0.078153 0.078169 0.078177 0.078178 0.078174 0.078164 0.078150 0.078133 0.078112 0.078088 0.078062 0.078034 0.078003 0.077970 0.077935 0.077899 0.077860 0.077820 0.077777 0.077733 0.077687 0.077639 0.077588 0.077536 0.077481 0.077424 0.077365 0.077304 0.077240 0.077173 0.077104 0.077033 0.076958 0.076881 0.076802 0.076719 0.076634 0.076546
0.087008 0.079112 0.077643 0.077618 0.077850 0.078072 0.078238 0.078352 0.078423 0.078464 0.078481 0.078480 0.078465 0.078440 0.078406 0.078366 0.078320 0.078271 0.078219 0.078164 0.078108 0.078050 0.077991 0.077930 0.077870 0.077808 0.077746 0.077684 0.077621 0.077558 0.077494 0.077429 0.077363 0.077297 0.077230 0.077162 0.077092 0.077021 0.076949 0.076876 0.076801 0.076724 0.076645 0.076565 0.076482 0.076398 0.076311 0.076222 0.076131 0.076037
0.075197 0.078429 0.078968 0.079050 0.079063 0.079059 0.079042 0.079009 0.078962 0.078904 0.078835 0.078758 0.078675 0.078587 0.078497 0.078404 0.078310 0.078216 0.078122 0.078028 0.077935 0.077843 0.077753 0.077663 0.077575 0.077488 0.077403 0.077319 0.077236 0.077153 0.077072 0.076991 0.076911 0.076831 0.076752 0.076672 0.076593 0.076513 0.076433 0.076352 0.076270 0.076187 0.076103 0.076018 0.075932 0.075844 0.075755 0.075663 0.075570 0.075475
0.079921 0.080520 0.080641 0.080467 0.080210 0.079957 0.079726 0.079517 0.079324 0.079143 0.078970 0.078803 0.078643 0.078487 0.078337 0.078191 0.078050 0.077913 0.077781 0.077654 0.077531 0.077411 0.077296 0.077184 0.077076 0.076972 0.076870 0.076771 0.076675 0.076581 0.076489 0.076400 0.076312 0.076225 0.076139 0.076055 0.075971 0.075888 0.075805 0.075722 0.075639 0.075556 0.075472 0.075387 0.075302 0.075216 0.075128 0.075039 0.074949 0.074857
0.086220 0.083460 0.082069 0.081243 0.080669 0.080220 0.079841 0.079507 0.079206 0.078930 0.078675 0.078438 0.078217 0.078009 0.077814 0.077630 0.077457 0.077293 0.077137 0.076989 0.076849 0.076715 0.076588 0.076466 0.076350 0.076239 0.076132 0.076029 0.075930 0.075834 0.075742 0.075652 0.075564 0.075478 0.075395 0.075312 0.075232 0.075152 0.075072 0.074994 0.074915 0.074837 0.074758 0.074680 0.074600 0.074520 0.074439 0.074357 0.074274 0.074189
0.082677 0.081762 0.080945 0.080367 0.079899 0.079479 0.079090 0.078727 0.078392 0.078082 0.077796 0.077533 0.077290 0.077066 0.076858 0.076666 0.076487 0.076319 0.076163 0.076017 0.075880 0.075751 0.075629 0.075514 0.075405 0.075301 0.075203 0.075108 0.075018 0.074932 0.074848 0.074768 0.074690 0.074614 0.074540 0.074468 0.074397 0.074327 0.074258 0.074190 0.074121 0.074053 0.073985 0.073917 0.073848 0.073778 0.073708 0.073636 0.073564 0.073490
0.077953 0.077720 0.078215 0.078290 0.078093 0.077789 0.077459 0.077136 0.076833 0.076554 0.076298 0.076064 0.075850 0.075655 0.075476 0.075311 0.075160 0.075021 0.074892 0.074773 0.074662 0.074558 0.074461 0.074370 0.074285 0.074204 0.074127 0.074054 0.073985 0.073918 0.073855 0.073793 0.073733 0.073675 0.073619 0.073563 0.073508 0.073455 0.073401 0.073348 0.073294 0.073241 0.073187 0.073133 0.073078 0.073022 0.072965 0.072907 0.072848 0.072787
0.067717 0.075320 0.076278 0.076062 0.075705 0.075380 0.075100 0.074857 0.074645 0.074456 0.074288 0.074137 0.074001 0.073879 0.073769 0.073669 0.073578 0.073495 0.073419 0.073350 0.073286 0.073226 0.073171 0.073120 0.073072 0.073026 0.072983 0.072942 0.072903 0.072865 0.072828 0.072792 0.072757 0.072723 0.072689 0.072655 0.072621 0.072587 0.072553 0.072518 0.072483 0.072447 0.072410 0.072372 0.072333 0.072292 0.072251 0.072208 0.072163 0.072116
0.097244 0.079300 0.074527 0.073086 0.072569 0.072342 0.072219 0.072141 0.072085 0.072043 0.072010 0.071983 0.071962 0.071944 0.071931 0.071919 0.071911 0.071903 0.071898 0.071893 0.071889 0.071886 0.071883 0.071880 0.071878 0.071875 0.071871 0.071867 0.071863 0.071858 0.071852 0.071846 0.071839 0.071830 0.071821 0.071811 0.071800 0.071787 0.071773 0.071758 0.071741 0.071723 0.071704 0.071682 0.071660 0.071635 0.071608 0.071580 0.071549 0.071517
0.045276 0.062546 0.066967 0.068280 0.068787 0.069061 0.069256 0.069417 0.069560 0.069691 0.069811 0.069923 0.070027 0.070124 0.070214 0.070298 0.070376 0.070449 0.070516 0.070579 0.070637 0.070691 0.070741 0.070787 0.070829 0.070868 0.070904 0.070937 0.070967 0.070994 0.071018 0.071039 0.071058 0.071075 0.071089 0.071101 0.071110 0.071117 0.071122 0.071125 0.071125 0.071124 0.071120 0.071113 0.071105 0.071094 0.071081 0.071065 0.071047 0.071027
0.072835 0.065579 0.065001 0.065496 0.066043 0.066507 0.066900 0.067242 0.067547 0.067822 0.068073 0.068303 0.068513 0.068706 0.068884 0.069047 0.069197 0.069336 0.069464 0.069582 0.069691 0.069791 0.069884 0.069970 0.070049 0.070122 0.070189 0.070251 0.070307 0.070359 0.070407 0.070450 0.070490 0.070526 0.070558 0.070587 0.070612 0.070635 0.070654 0.070670 0.070684 0.070694 0.070702 0.070707 0.070709 0.070709 0.070706 0.070700 0.070691 0.070680
0.061417 0.063520 0.063975 0.064331 0.064750 0.065198 0.065638 0.066053 0.066438 0.066791 0.067115 0.067411 0.067681 0.067929 0.068157 0.068365 0.068557 0.068733 0.068895 0.069044 0.069182 0.069308 0.069425 0.069533 0.069632 0.069724 0.069808 0.069886 0.069958 0.070024 0.070084 0.070140 0.070191 0.070237 0.070279 0.070317 0.070351 0.070382 0.070409 0.070433 0.070453 0.070470 0.070484 0.070495 0.070503 0.070509 0.070511 0.070510 0.070506 0.070499
