0.063386 0.065672 0.067264 0.068465 0.069393 0.070118 0.070689 0.071144 0.071511 0.071808 0.072052 0.072252 0.072417 0.072552 0.072662 0.072751 0.072822 0.072876 0.072915 0.072942 0.072958 0.072963 0.072959 0.072946 0.072926 0.072898 0.072865 0.072825 0.072779 0.072729 0.072674 0.072614 0.072551 0.072484 0.072413 0.072339 0.072262 0.072182 0.072099 0.072014 0.071926 0.071836 0.071744 0.071650 0.071554 0.071456 0.071356 0.071255 0.071152 0.071048
0.070866 0.070682 0.071067 0.071477 0.071826 0.072114 0.072357 0.072562 0.072736 0.072883 0.073008 0.073111 0.073196 0.073264 0.073318 0.073357 0.073385 0.073401 0.073407 0.073404 0.073393 0.073374 0.073347 0.073315 0.073276 0.073232 0.073182 0.073128 0.073070 0.073007 0.072941 0.072871 0.072798 0.072721 0.072642 0.072560 0.072475 0.072388 0.072298 0.072207 0.072113 0.072017 0.071920 0.071821 0.071720 0.071618 0.071514 0.071408 0.071302 0.071194
0.076378 0.076780 0.076345 0.075844 0.075451 0.075174 0.074985 0.074857 0.074769 0.074705 0.074656 0.074614 0.074575 0.074538 0.074498 0.074457 0.074413 0.074365 0.074313 0.074259 0.074200 0.074138 0.074073 0.074005 0.073933 0.073859 0.073782 0.073702 0.073620 0.073535 0.073448 0.073359 0.073268 0.073175 0.073079 0.072982 0.072884 0.072783 0.072682 0.072578 0.072473 0.072367 0.072260 0.072151 0.072041 0.071930 0.071818 0.071705 0.071591 0.071475
0.085827 0.082672 0.080727 0.079491 0.078664 0.078079 0.077643 0.077304 0.077030 0.076802 0.076605 0.076431 0.076273 0.076128 0.075992 0.075863 0.075738 0.075618 0.075500 0.075384 0.075270 0.075157 0.075045 0.074933 0.074822 0.074710 0.074598 0.074486 0.074374 0.074261 0.074148 0.074034 0.073919 0.073804 0.073689 0.073572 0.073455 0.073338 0.073219 0.073101 0.072981 0.072861 0.072740 0.072618 0.072496 0.072373 0.072250 0.072126 0.072002 0.071877
0.085827 0.082898 0.081738 0.081083 0.080587 0.080158 0.079770 0.079415 0.079090 0.078789 0.078511 0.078253 0.078012 0.077785 0.077571 0.077368 0.077175 0.076989 0.076811 0.076639 0.076473 0.076311 0.076152 0.075998 0.075846 0.075697 0.075550 0.075405 0.075261 0.075119 0.074978 0.074837 0.074698 0.074560 0.074422 0.074284 0.074147 0.074010 0.073874 0.073737 0.073601 0.073465 0.073329 0.073193 0.073056 0.072920 0.072784 0.072648 0.072512 0.072376
0.074409 0.079368 0.081162 0.081729 0.081795 0.081644 0.081394 0.081100 0.080789 0.080476 0.080169 0.079872 0.079586 0.079311 0.079049 0.078798 0.078557 0.078326 0.078104 0.077890 0.077683 0.077482 0.077287 0.077097 0.076912 0.076731 0.076553 0.076379 0.076207 0.076039 0.075872 0.075708 0.075546 0.075385 0.075226 0.075068 0.074911 0.074755 0.074601 0.074447 0.074294 0.074142 0.073991 0.073840 0.073690 0.073540 0.073391 0.073242 0.073093 0.072945
0.082677 0.083384 0.083465 0.083398 0.083241 0.083015 0.082743 0.082442 0.082127 0.081809 0.081493 0.081183 0.080881 0.080589 0.080307 0.080035 0.079772 0.079518 0.079272 0.079034 0.078803 0.078579 0.078360 0.078147 0.077939 0.077736 0.077536 0.077340 0.077148 0.076958 0.076772 0.076588 0.076407 0.076228 0.076050 0.075875 0.075702 0.075530 0.075359 0.075190 0.075022 0.074856 0.074690 0.074526 0.074363 0.074200 0.074039 0.073878 0.073718 0.073558
0.095276 0.088373 0.086156 0.085198 0.084620 0.084177 0.083790 0.083432 0.083093 0.082769 0.082455 0.082152 0.081858 0.081573 0.081295 0.081026 0.080764 0.080508 0.080259 0.080015 0.079777 0.079545 0.079316 0.079093 0.078873 0.078658 0.078446 0.078237 0.078031 0.077829 0.077629 0.077432 0.077237 0.077044 0.076854 0.076666 0.076479 0.076294 0.076111 0.075930 0.075750 0.075572 0.075395 0.075219 0.075045 0.074871 0.074699 0.074528 0.074358 0.074189
0.078346 0.084986 0.085955 0.085679 0.085199 0.084740 0.084336 0.083978 0.083655 0.083354 0.083071 0.082798 0.082534 0.082277 0.082024 0.081776 0.081531 0.081290 0.081053 0.080818 0.080586 0.080357 0.080131 0.079907 0.079686 0.079468 0.079252 0.079038 0.078827 0.078618 0.078411 0.078207 0.078004 0.077803 0.077605 0.077408 0.077213 0.077020 0.076828 0.076638 0.076450 0.076263 0.076077 0.075893 0.075710 0.075529 0.075349 0.075169 0.074992 0.074815
0.094488 0.088131 0.086237 0.085456 0.084994 0.084648 0.084359 0.084101 0.083863 0.083636 0.083416 0.083199 0.082983 0.082767 0.082551 0.082334 0.082117 0.081899 0.081680 0.081461 0.081243 0.081025 0.080807 0.080590 0.080374 0.080159 0.079945 0.079732 0.079521 0.079311 0.079102 0.078895 0.078690 0.078486 0.078283 0.078082 0.077883 0.077685 0.077489 0.077294 0.077100 0.076908 0.076718 0.076528 0.076340 0.076153 0.075968 0.075783 0.075600 0.075418
0.082677 0.083969 0.084205 0.084252 0.084244 0.084200 0.084128 0.084032 0.083916 0.083784 0.083639 0.083482 0.083316 0.083142 0.082961 0.082773 0.082581 0.082385 0.082185 0.081982 0.081778 0.081571 0.081363 0.081155 0.080946 0.080737 0.080528 0.080319 0.080111 0.079904 0.079697 0.079492 0.079287 0.079083 0.078881 0.078680 0.078479 0.078281 0.078083 0.077886 0.077691 0.077497 0.077304 0.077113 0.076922 0.076733 0.076545 0.076358 0.076172 0.075987
0.077953 0.081412 0.082831 0.083500 0.083847 0.084028 0.084107 0.084118 0.084080 0.084007 0.083906 0.083785 0.083647 0.083495 0.083333 0.083162 0.082984 0.082800 0.082611 0.082418 0.082223 0.082024 0.081824 0.081623 0.081420 0.081217 0.081014 0.080810 0.080607 0.080404 0.080201 0.079999 0.079798 0.079597 0.079398 0.079199 0.079001 0.078804 0.078608 0.078413 0.078219 0.078025 0.077833 0.077642 0.077452 0.077263 0.077075 0.076888 0.076701 0.076516
0.087008 0.084460 0.084189 0.084336 0.084491 0.084581 0.084608 0.084585 0.084524 0.084432 0.084318 0.084185 0.084038 0.083880 0.083712 0.083538 0.083357 0.083173 0.082984 0.082793 0.082599 0.082404 0.082208 0.082010 0.081813 0.081614 0.081416 0.081218 0.081020 0.080822 0.080625 0.080428 0.080232 0.080036 0.079841 0.079646 0.079453 0.079260 0.079068 0.078876 0.078686 0.078496 0.078307 0.078118 0.077931 0.077744 0.077558 0.077373 0.077188 0.077004
0.083465 0.085843 0.086140 0.086034 0.085867 0.085697 0.085531 0.085365 0.085195 0.085020 0.084840 0.084657 0.084469 0.084279 0.084087 0.083893 0.083698 0.083502 0.083307 0.083111 0.082915 0.082719 0.082524 0.082329 0.082135 0.081941 0.081748 0.081555 0.081363 0.081171 0.080980 0.080790 0.080600 0.080411 0.080222 0.080034 0.079847 0.079660 0.079473 0.079287 0.079102 0.078917 0.078733 0.078549 0.078366 0.078183 0.078001 0.077819 0.077638 0.077458
0.092520 0.089662 0.088474 0.087760 0.087237 0.086818 0.086462 0.086146 0.085857 0.085587 0.085332 0.085087 0.084852 0.084624 0.084402 0.084186 0.083974 0.083767 0.083564 0.083363 0.083166 0.082971 0.082778 0.082587 0.082397 0.082209 0.082022 0.081837 0.081652 0.081468 0.081285 0.081103 0.080921 0.080739 0.080558 0.080378 0.080198 0.080018 0.079839 0.079659 0.079481 0.079302 0.079124 0.078946 0.078768 0.078591 0.078413 0.078237 0.078060 0.077884
0.090157 0.089785 0.089059 0.088418 0.087875 0.087403 0.086980 0.086597 0.086246 0.085922 0.085622 0.085342 0.085079 0.084830 0.084594 0.084368 0.084152 0.083943 0.083740 0.083543 0.083351 0.083162 0.082976 0.082794 0.082613 0.082434 0.082257 0.082081 0.081906 0.081732 0.081559 0.081386 0.081213 0.081041 0.080869 0.080697 0.080525 0.080353 0.080182 0.080010 0.079838 0.079667 0.079495 0.079323 0.079152 0.078980 0.078808 0.078637 0.078465 0.078294
0.088976 0.088547 0.088318 0.088028 0.087675 0.087294 0.086916 0.086554 0.086215 0.085901 0.085610 0.085341 0.085090 0.084854 0.084633 0.084422 0.084222 0.084029 0.083842 0.083661 0.083484 0.083311 0.083140 0.082972 0.082805 0.082640 0.082476 0.082313 0.082150 0.081987 0.081825 0.081663 0.081500 0.081338 0.081175 0.081012 0.080849 0.080685 0.080522 0.080357 0.080193 0.080028 0.079863 0.079698 0.079532 0.079366 0.079200 0.079034 0.078867 0.078700
0.086220 0.087129 0.087366 0.087233 0.086958 0.086647 0.086341 0.086054 0.085789 0.085546 0.085321 0.085112 0.084917 0.084732 0.084556 0.084387 0.084224 0.084065 0.083909 0.083756 0.083605 0.083455 0.083306 0.083157 0.083009 0.082860 0.082712 0.082562 0.082413 0.082263 0.082112 0.081960 0.081808 0.081655 0.081501 0.081346 0.081191 0.081035 0.080878 0.080721 0.080563 0.080404 0.080245 0.080085 0.079925 0.079764 0.079603 0.079441 0.079279 0.079116
0.087008 0.087434 0.086824 0.086278 0.085899 0.085637 0.085442 0.085285 0.085151 0.085029 0.084913 0.084802 0.084692 0.084582 0.084472 0.084360 0.084247 0.084132 0.084015 0.083895 0.083774 0.083650 0.083524 0.083396 0.083266 0.083134 0.083000 0.082864 0.082727 0.082587 0.082446 0.082304 0.082160 0.082015 0.081868 0.081720 0.081571 0.081421 0.081269 0.081117 0.080964 0.080810 0.080655 0.080499 0.080343 0.080186 0.080028 0.079870 0.079711 0.079552
0.093307 0.086986 0.085136 0.084606 0.084485 0.084492 0.084535 0.084580 0.084616 0.084638 0.084645 0.084637 0.084615 0.084580 0.084533 0.084475 0.084408 0.084332 0.084248 0.084158 0.084061 0.083958 0.083850 0.083738 0.083621 0.083501 0.083377 0.083250 0.083120 0.082988 0.082853 0.082716 0.082577 0.082436 0.082294 0.082149 0.082004 0.081857 0.081708 0.081559 0.081409 0.081257 0.081105 0.080951 0.080797 0.080642 0.080487 0.080330 0.080174 0.080016
0.072835 0.079060 0.081555 0.082741 0.083414 0.083854 0.084168 0.084402 0.084577 0.084706 0.084797 0.084856 0.084889 0.084897 0.084886 0.084857 0.084813 0.084756 0.084687 0.084609 0.084522 0.084427 0.084325 0.084218 0.084105 0.083988 0.083866 0.083741 0.083612 0.083481 0.083346 0.083210 0.083071 0.082930 0.082788 0.082644 0.082498 0.082351 0.082203 0.082054 0.081904 0.081752 0.081600 0.081447 0.081294 0.081139 0.080984 0.080828 0.080671 0.080514
0.077165 0.080724 0.082441 0.083430 0.084083 0.084550 0.084893 0.085148 0.085334 0.085467 0.085556 0.085609 0.085633 0.085632 0.085609 0.085569 0.085514 0.085445 0.085366 0.085276 0.085179 0.085074 0.084963 0.084847 0.084726 0.084601 0.084472 0.084340 0.084205 0.084068 0.083928 0.083786 0.083643 0.083498 0.083352 0.083204 0.083055 0.082906 0.082755 0.082603 0.082451 0.082298 0.082144 0.081989 0.081834 0.081678 0.081522 0.081365 0.081207 0.081048
0.094882 0.088628 0.086859 0.086493 0.086531 0.086657 0.086774 0.086858 0.086906 0.086922 0.086911 0.086877 0.086824 0.086756 0.086675 0.086582 0.086481 0.086371 0.086255 0.086133 0.086007 0.085876 0.085741 0.085604 0.085464 0.085321 0.085177 0.085031 0.084884 0.084735 0.084585 0.084434 0.084282 0.084130 0.083976 0.083823 0.083668 0.083513 0.083358 0.083202 0.083046 0.082889 0.082732 0.082575 0.082417 0.082258 0.082099 0.081939 0.081778 0.081616
0.086614 0.089091 0.089731 0.089791 0.089673 0.089506 0.089328 0.089149 0.088973 0.088799 0.088626 0.088454 0.088283 0.088113 0.087943 0.087773 0.087605 0.087437 0.087269 0.087102 0.086935 0.086769 0.086603 0.086438 0.086273 0.086109 0.085945 0.085782 0.085619 0.085456 0.085293 0.085131 0.084969 0.084808 0.084646 0.084485 0.084324 0.084163 0.084002 0.083842 0.083681 0.083520 0.083359 0.083197 0.083036 0.082873 0.082710 0.082546 0.082379 0.082210
0.089370 0.092974 0.093606 0.093338 0.092843 0.092327 0.091847 0.091412 0.091017 0.090657 0.090326 0.090019 0.089732 0.089462 0.089206 0.088962 0.088728 0.088503 0.088285 0.088075 0.087870 0.087671 0.087475 0.087284 0.087097 0.086912 0.086730 0.086551 0.086373 0.086198 0.086024 0.085852 0.085682 0.085512 0.085343 0.085176 0.085009 0.084843 0.084677 0.084512 0.084347 0.084182 0.084017 0.083851 0.083685 0.083518 0.083349 0.083177 0.083001 0.082818
0.108661 0.101099 0.097855 0.096181 0.095109 0.094300 0.093629 0.093048 0.092531 0.092066 0.091644 0.091257 0.090901 0.090570 0.090261 0.089970 0.089696 0.089436 0.089188 0.088950 0.088722 0.088502 0.088288 0.088081 0.087880 0.087683 0.087490 0.087301 0.087115 0.086933 0.086753 0.086575 0.086399 0.086225 0.086052 0.085881 0.085711 0.085541 0.085372 0.085204 0.085036 0.084868 0.084699 0.084529 0.084358 0.084184 0.084005 0.083820 0.083624 0.083412
0.099606 0.097960 0.097001 0.096210 0.095499 0.094851 0.094260 0.093720 0.093227 0.092776 0.092361 0.091978 0.091623 0.091292 0.090982 0.090690 0.090415 0.090153 0.089903 0.089664 0.089435 0.089214 0.089000 0.088792 0.088590 0.088393 0.088200 0.088012 0.087826 0.087644 0.087464 0.087287 0.087111 0.086938 0.086765 0.086594 0.086424 0.086254 0.086085 0.085916 0.085746 0.085575 0.085403 0.085228 0.085049 0.084862 0.084666 0.084453 0.084215 0.083938
0.084646 0.092369 0.094409 0.094759 0.094582 0.094247 0.093874 0.093503 0.093147 0.092809 0.092489 0.092186 0.091899 0.091626 0.091366 0.091117 0.090878 0.090649 0.090428 0.090214 0.090006 0.089805 0.089608 0.089416 0.089228 0.089044 0.088863 0.088685 0.088509 0.088335 0.088163 0.087992 0.087823 0.087655 0.087487 0.087320 0.087154 0.086987 0.086819 0.086651 0.086480 0.086307 0.086130 0.085946 0.085753 0.085544 0.085312 0.085043 0.084719 0.084312
0.103937 0.096440 0.094357 0.093654 0.093333 0.093124 0.092946 0.092773 0.092600 0.092423 0.092245 0.092065 0.091884 0.091705 0.091526 0.091349 0.091173 0.090999 0.090827 0.090657 0.090489 0.090322 0.090156 0.089992 0.089829 0.089668 0.089507 0.089347 0.089187 0.089029 0.088870 0.088711 0.088553 0.088394 0.088235 0.088076 0.087915 0.087753 0.087589 0.087422 0.087250 0.087074 0.086888 0.086689 0.086471 0.086221 0.085925 0.085557 0.085086 0.084475
0.089764 0.092023 0.091962 0.091863 0.091877 0.091934 0.091985 0.092015 0.092018 0.091998 0.091958 0.091901 0.091829 0.091746 0.091654 0.091554 0.091447 0.091335 0.091219 0.091098 0.090974 0.090848 0.090719 0.090588 0.090455 0.090320 0.090183 0.090045 0.089905 0.089764 0.089622 0.089478 0.089332 0.089185 0.089036 0.088885 0.088732 0.088575 0.088415 0.088249 0.088077 0.087893 0.087695 0.087474 0.087217 0.086907 0.086518 0.086017 0.085364 0.084514
0.090945 0.088699 0.089569 0.090400 0.090943 0.091294 0.091533 0.091701 0.091821 0.091903 0.091956 0.091984 0.091991 0.091980 0.091954 0.091915 0.091864 0.091803 0.091733 0.091656 0.091571 0.091480 0.091384 0.091282 0.091176 0.091065 0.090951 0.090833 0.090712 0.090588 0.090461 0.090331 0.090198 0.090062 0.089924 0.089781 0.089635 0.089484 0.089327 0.089163 0.088988 0.088797 0.088584 0.088337 0.088038 0.087663 0.087180 0.086549 0.085729 0.084674
0.074409 0.086874 0.090015 0.091024 0.091486 0.091773 0.091983 0.092147 0.092278 0.092381 0.092460 0.092518 0.092557 0.092578 0.092585 0.092577 0.092557 0.092525 0.092483 0.092432 0.092372 0.092303 0.092228 0.092146 0.092058 0.091965 0.091867 0.091764 0.091656 0.091544 0.091429 0.091310 0.091187 0.091060 0.090929 0.090794 0.090655 0.090509 0.090357 0.090195 0.090019 0.089825 0.089603 0.089338 0.089011 0.088593 0.088050 0.087339 0.086419 0.085244
0.116535 0.099304 0.094821 0.093607 0.093297 0.093256 0.093298 0.093363 0.093430 0.093490 0.093540 0.093579 0.093606 0.093621 0.093625 0.093617 0.093599 0.093571 0.093534 0.093488 0.093434 0.093372 0.093303 0.093228 0.093146 0.093060 0.092968 0.092871 0.092770 0.092664 0.092555 0.092441 0.092324 0.092204 0.092079 0.091950 0.091816 0.091676 0.091528 0.091372 0.091201 0.091012 0.090793 0.090532 0.090207 0.089789 0.089244 0.088531 0.087605 0.086424
0.080709 0.092206 0.094677 0.095148 0.095200 0.095181 0.095161 0.095149 0.095143 0.095140 0.095135 0.095126 0.095113 0.095093 0.095067 0.095034 0.094995 0.094948 0.094895 0.094835 0.094770 0.094698 0.094621 0.094539 0.094453 0.094362 0.094267 0.094168 0.094066 0.093960 0.093851 0.093739 0.093624 0.093506 0.093385 0.093260 0.093131 0.092997 0.092857 0.092709 0.092549 0.092374 0.092174 0.091938 0.091647 0.091276 0.090792 0.090156 0.089324 0.088252
0.100000 0.097492 0.097366 0.097456 0.097475 0.097437 0.097375 0.097307 0.097239 0.097173 0.097107 0.097042 0.096976 0.096907 0.096837 0.096763 0.096686 0.096606 0.096523 0.096436 0.096347 0.096254 0.096159 0.096061 0.095960 0.095858 0.095753 0.095646 0.095537 0.095426 0.095314 0.095200 0.095084 0.094967 0.094847 0.094726 0.094601 0.094474 0.094343 0.094206 0.094061 0.093906 0.093733 0.093536 0.093300 0.093005 0.092625 0.092125 0.091464 0.090599
0.105118 0.101685 0.100660 0.100284 0.100084 0.099934 0.099800 0.099672 0.099547 0.099423 0.099300 0.099179 0.099058 0.098937 0.098816 0.098696 0.098577 0.098457 0.098338 0.098219 0.098100 0.097982 0.097864 0.097746 0.097628 0.097510 0.097393 0.097275 0.097158 0.097041 0.096924 0.096808 0.096691 0.096574 0.096457 0.096340 0.096221 0.096102 0.095980 0.095857 0.095729 0.095595 0.095451 0.095294 0.095114 0.094899 0.094632 0.094286 0.093827 0.093217
0.095669 0.101951 0.102904 0.102839 0.102636 0.102440 0.102258 0.102082 0.101907 0.101732 0.101556 0.101382 0.101209 0.101040 0.100873 0.100710 0.100550 0.100395 0.100243 0.100094 0.099949 0.099808 0.099670 0.099535 0.099402 0.099273 0.099146 0.099021 0.098899 0.098778 0.098660 0.098544 0.098429 0.098316 0.098204 0.098093 0.097984 0.097875 0.097766 0.097657 0.097547 0.097435 0.097320 0.097197 0.097065 0.096916 0.096740 0.096523 0.096244 0.095873
0.118110 0.108201 0.105870 0.105262 0.105011 0.104814 0.104611 0.104396 0.104173 0.103948 0.103724 0.103503 0.103288 0.103080 0.102878 0.102684 0.102497 0.102317 0.102144 0.101978 0.101818 0.101665 0.101517 0.101374 0.101237 0.101104 0.100976 0.100852 0.100732 0.100616 0.100503 0.100394 0.100287 0.100184 0.100084 0.099986 0.099890 0.099797 0.099705 0.099615 0.099527 0.099438 0.099350 0.099261 0.099168 0.099069 0.098960 0.098833 0.098679 0.098481
0.094488 0.103936 0.106518 0.107156 0.107186 0.107007 0.106754 0.106478 0.106199 0.105926 0.105663 0.105412 0.105173 0.104946 0.104730 0.104526 0.104333 0.104150 0.103977 0.103813 0.103656 0.103508 0.103367 0.103233 0.103105 0.102983 0.102867 0.102756 0.102650 0.102548 0.102452 0.102359 0.102271 0.102186 0.102105 0.102028 0.101954 0.101884 0.101816 0.101752 0.101690 0.101631 0.101574 0.101518 0.101464 0.101409 0.101352 0.101290 0.101218 0.101131
0.112992 0.111325 0.110501 0.109882 0.109363 0.108912 0.108513 0.108155 0.107831 0.107537 0.107267 0.107019 0.106790 0.106578 0.106382 0.106200 0.106031 0.105872 0.105725 0.105586 0.105457 0.105335 0.105221 0.105114 0.105014 0.104919 0.104830 0.104747 0.104669 0.104596 0.104527 0.104463 0.104404 0.104349 0.104299 0.104252 0.104210 0.104171 0.104137 0.104107 0.104080 0.104057 0.104038 0.104022 0.104010 0.104001 0.103994 0.103988 0.103983 0.103974
0.124803 0.116370 0.113003 0.111451 0.110590 0.110022 0.109598 0.109257 0.108971 0.108726 0.108512 0.108322 0.108154 0.108003 0.107866 0.107742 0.107630 0.107527 0.107432 0.107346 0.107267 0.107194 0.107127 0.107066 0.107011 0.106960 0.106914 0.106874 0.106838 0.106806 0.106779 0.106757 0.106738 0.106725 0.106716 0.106711 0.106711 0.106715 0.106724 0.106738 0.106756 0.106779 0.106808 0.106842 0.106880 0.106925 0.106974 0.107029 0.107089 0.107154
0.103937 0.109058 0.110333 0.110500 0.110368 0.110177 0.109997 0.109843 0.109715 0.109611 0.109526 0.109456 0.109398 0.109350 0.109310 0.109277 0.109250 0.109228 0.109211 0.109197 0.109188 0.109182 0.109179 0.109180 0.109184 0.109192 0.109203 0.109218 0.109236 0.109259 0.109285 0.109315 0.109350 0.109389 0.109432 0.109480 0.109533 0.109592 0.109655 0.109725 0.109800 0.109881 0.109969 0.110064 0.110166 0.110276 0.110395 0.110523 0.110660 0.110808
0.105906 0.108006 0.109120 0.109655 0.109930 0.110098 0.110222 0.110327 0.110424 0.110515 0.110603 0.110689 0.110771 0.110851 0.110929 0.111005 0.111079 0.111152 0.111224 0.111295 0.111366 0.111437 0.111508 0.111580 0.111654 0.111730 0.111807 0.111887 0.111970 0.112056 0.112145 0.112239 0.112336 0.112438 0.112545 0.112657 0.112775 0.112899 0.113029 0.113167 0.113312 0.113465 0.113627 0.113799 0.113981 0.114175 0.114381 0.114602 0.114837 0.115091
0.114567 0.111088 0.110030 0.109972 0.110250 0.110610 0.110969 0.111302 0.111607 0.111884 0.112138 0.112371 0.112588 0.112791 0.112981 0.113162 0.113334 0.113499 0.113659 0.113814 0.113966 0.114116 0.114264 0.114411 0.114558 0.114706 0.114855 0.115006 0.115160 0.115317 0.115477 0.115642 0.115811 0.115986 0.116167 0.116354 0.116549 0.116751 0.116962 0.117183 0.117414 0.117656 0.117911 0.118180 0.118464 0.118766 0.119087 0.119430 0.119798 0.120195
0.110236 0.109566 0.110227 0.110981 0.111665 0.112273 0.112815 0.113299 0.113736 0.114133 0.114495 0.114829 0.115139 0.115430 0.115705 0.115967 0.116217 0.116459 0.116694 0.116923 0.117149 0.117371 0.117591 0.117811 0.118031 0.118252 0.118475 0.118701 0.118930 0.119164 0.119402 0.119646 0.119897 0.120154 0.120420 0.120695 0.120980 0.121277 0.121585 0.121907 0.122244 0.122599 0.122971 0.123366 0.123783 0.124228 0.124705 0.125217 0.125771 0.126375
0.099606 0.109346 0.112582 0.114026 0.114908 0.115575 0.116139 0.116637 0.117090 0.117506 0.117895 0.118260 0.118607 0.118939 0.119259 0.119570 0.119873 0.120169 0.120462 0.120751 0.121039 0.121326 0.121613 0.121902 0.122193 0.122487 0.122786 0.123090 0.123399 0.123715 0.124039 0.124372 0.124714 0.125067 0.125432 0.125811 0.126204 0.126614 0.127042 0.127491 0.127962 0.128460 0.128987 0.129547 0.130146 0.130788 0.131483 0.132239 0.133069 0.133990
0.131102 0.122025 0.120075 0.119902 0.120171 0.120539 0.120918 0.121288 0.121648 0.121999 0.122344 0.122685 0.123022 0.123358 0.123692 0.124026 0.124361 0.124696 0.125033 0.125373 0.125716 0.126062 0.126414 0.126771 0.127134 0.127504 0.127882 0.128270 0.128667 0.129075 0.129495 0.129929 0.130377 0.130842 0.131325 0.131829 0.132355 0.132906 0.133485 0.134096 0.134743 0.135431 0.136166 0.136954 0.137807 0.138733 0.139750 0.140875 0.142138 0.143577
0.120079 0.125000 0.125976 0.126214 0.126348 0.126495 0.126671 0.126879 0.127114 0.127375 0.127657 0.127958 0.128275 0.128605 0.128948 0.129301 0.129664 0.130037 0.130418 0.130808 0.131208 0.131617 0.132037 0.132467 0.132909 0.133363 0.133830 0.134311 0.134808 0.135322 0.135855 0.136408 0.136984 0.137584 0.138212 0.138871 0.139565 0.140297 0.141073 0.141898 0.142781 0.143729 0.144754 0.145869 0.147092 0.148444 0.149957 0.151674 0.153657 0.156008
0.133465 0.132698 0.132778 0.132784 0.132746 0.132736 0.132786 0.132899 0.133072 0.133295 0.133560 0.133861 0.134189 0.134542 0.134915 0.135307 0.135715 0.136139 0.136578 0.137032 0.137500 0.137984 0.138483 0.138999 0.139532 0.140084 0.140655 0.141248 0.141863 0.142504 0.143173 0.143871 0.144603 0.145373 0.146184 0.147041 0.147952 0.148922 0.149960 0.151077 0.152285 0.153601 0.155043 0.156638 0.158421 0.160437 0.162752 0.165464 0.168730 0.172825
0.140551 0.140106 0.139386 0.138940 0.138732 0.138693 0.138777 0.138952 0.139196 0.139495 0.139835 0.140208 0.140609 0.141033 0.141477 0.141941 0.142423 0.142924 0.143442 0.143979 0.144535 0.145112 0.145709 0.146328 0.146971 0.147640 0.148336 0.149062 0.149822 0.150617 0.151451 0.152330 0.153259 0.154242 0.155287 0.156402 0.157598 0.158886 0.160280 0.161799 0.163466 0.165308 0.167364 0.169684 0.172338 0.175423 0.179087 0.183569 0.189284 0.197053
0.148031 0.144864 0.143913 0.143723 0.143853 0.144144 0.144523 0.144954 0.145418 0.145904 0.146405 0.146919 0.147445 0.147984 0.148535 0.149101 0.149684 0.150284 0.150904 0.151544 0.152207 0.152894 0.153608 0.154350 0.155124 0.155931 0.156777 0.157663 0.158596 0.159578 0.160617 0.161720 0.162893 0.164147 0.165492 0.166942 0.168514 0.170226 0.172105 0.174181 0.176494 0.179099 0.182065 0.185493 0.189526 0.194378 0.200396 0.208190 0.218958 0.235313
0.140945 0.144655 0.146473 0.147699 0.148703 0.149596 0.150420 0.151193 0.151927 0.152632 0.153315 0.153984 0.154647 0.155310 0.155979 0.156657 0.157350 0.158060 0.158791 0.159546 0.160327 0.161139 0.161983 0.162865 0.163787 0.164755 0.165773 0.166847 0.167983 0.169189 0.170473 0.171847 0.173321 0.174911 0.176634 0.178511 0.180569 0.182840 0.185367 0.188203 0.191420 0.195114 0.199422 0.204540 0.210766 0.218580 0.228826 0.243150 0.265172 0.303156
0.147244 0.149499 0.151571 0.153311 0.154763 0.155998 0.157077 0.158045 0.158932 0.159763 0.160556 0.161326 0.162085 0.162842 0.163605 0.164379 0.165169 0.165982 0.166819 0.167686 0.168587 0.169526 0.170507 0.171536 0.172618 0.173759 0.174967 0.176249 0.177615 0.179075 0.180642 0.182331 0.184160 0.186151 0.188331 0.190731 0.193394 0.196372 0.199734 0.203569 0.208003 0.213208 0.219436 0.227072 0.236733 0.249498 0.267445 0.295096 0.342850 0.430381
0.157874 0.158708 0.160097 0.161428 0.162597 0.163629 0.164566 0.165437 0.166265 0.167065 0.167850 0.168632 0.169418 0.170214 0.171028 0.171863 0.172723 0.173614 0.174540 0.175504 0.176512 0.177568 0.178679 0.179851 0.181091 0.182407 0.183809 0.185306 0.186912 0.188641 0.190512 0.192544 0.194763 0.197200 0.199893 0.202891 0.206256 0.210068 0.214434 0.219498 0.225465 0.232631 0.241445 0.252627 0.267414 0.288142 0.319735 0.373295 0.468666 0.612846
0.166929 0.169286 0.170130 0.170559 0.170953 0.171413 0.171946 0.172537 0.173172 0.173842 0.174542 0.175272 0.176032 0.176823 0.177648 0.178507 0.179406 0.180346 0.181332 0.182367 0.183459 0.184611 0.185830 0.187125 0.188504 0.189976 0.191554 0.193250 0.195081 0.197065 0.199226 0.201590 0.204191 0.207070 0.210281 0.213888 0.217979 0.222667 0.228108 0.234517 0.242206 0.251642 0.263562 0.279209 0.300848 0.333029 0.385582 0.476343 0.613761 0.777849
0.182677 0.180238 0.178494 0.177605 0.177296 0.177348 0.177621 0.178033 0.178537 0.179110 0.179738 0.180416 0.181139 0.181907 0.182720 0.183579 0.184488 0.185448 0.186464 0.187540 0.188681 0.189895 0.191187 0.192568 0.194045 0.195631 0.197340 0.199187 0.201191 0.203374 0.205764 0.208393 0.211304 0.214546 0.218185 0.222304 0.227012 0.232459 0.238846 0.246462 0.255732 0.267313 0.282271 0.302470 0.331445 0.376435 0.451563 0.571191 0.725670 0.894848
0.188189 0.181377 0.179664 0.179374 0.179552 0.179919 0.180375 0.180883 0.181429 0.182011 0.182631 0.183290 0.183992 0.184738 0.185533 0.186377 0.187274 0.188229 0.189244 0.190326 0.191479 0.192710 0.194028 0.195441 0.196959 0.198596 0.200364 0.202283 0.204371 0.206654 0.209162 0.211931 0.215006 0.218445 0.222319 0.226725 0.231785 0.237669 0.244612 0.252951 0.263189 0.276111 0.293023 0.316240 0.350224 0.403970 0.492790 0.624948 0.784752 0.955211
0.157480 0.170205 0.174838 0.177051 0.178400 0.179378 0.180172 0.180867 0.181514 0.182144 0.182779 0.183435 0.184123 0.184847 0.185616 0.186432 0.187300 0.188225 0.189212 0.190264 0.191389 0.192593 0.193883 0.195269 0.196761 0.198372 0.200115 0.202008 0.204071 0.206329 0.208811 0.211554 0.214603 0.218016 0.221864 0.226242 0.231276 0.237133 0.244049 0.252363 0.262579 0.275487 0.292398 0.315644 0.349712 0.403656 0.492854 0.625450 0.785518 0.956095
0.177953 0.173448 0.173874 0.174995 0.176030 0.176901 0.177650 0.178320 0.178947 0.179557 0.180171 0.180802 0.181460 0.182151 0.182883 0.183658 0.184481 0.185356 0.186289 0.187283 0.188344 0.189479 0.190695 0.192000 0.193403 0.194916 0.196552 0.198327 0.200259 0.202370 0.204688 0.207245 0.210082 0.213249 0.216813 0.220855 0.225487 0.230856 0.237166 0.244710 0.253917 0.265454 0.280405 0.300673 0.329865 0.375369 0.451545 0.572603 0.728055 0.897639
0.167717 0.171586 0.172063 0.172148 0.172335 0.172651 0.173058 0.173521 0.174020 0.174549 0.175105 0.175689 0.176305 0.176955 0.177640 0.178365 0.179132 0.179944 0.180806 0.181721 0.182695 0.183732 0.184839 0.186023 0.187292 0.188656 0.190126 0.191715 0.193438 0.195315 0.197368 0.199622 0.202113 0.204881 0.207977 0.211469 0.215442 0.220013 0.225337 0.231634 0.239221 0.248579 0.260469 0.276178 0.298062 0.330857 0.384749 0.477903 0.617649 0.782787
0.175591 0.169536 0.167299 0.166367 0.166046 0.166069 0.166297 0.166652 0.167085 0.167570 0.168092 0.168646 0.169229 0.169841 0.170483 0.171156 0.171863 0.172607 0.173390 0.174215 0.175088 0.176012 0.176993 0.178036 0.179148 0.180336 0.181610 0.182980 0.184458 0.186059 0.187799 0.189699 0.191784 0.194085 0.196639 0.199496 0.202717 0.206382 0.210601 0.215522 0.221353 0.228402 0.237138 0.248320 0.263263 0.284460 0.317155 0.373030 0.472222 0.619437
0.154724 0.156121 0.156376 0.156599 0.156912 0.157302 0.157748 0.158232 0.158743 0.159272 0.159816 0.160372 0.160942 0.161528 0.162132 0.162757 0.163404 0.164078 0.164780 0.165514 0.166283 0.167091 0.167942 0.168840 0.169792 0.170802 0.171877 0.173026 0.174256 0.175580 0.177008 0.178555 0.180240 0.182083 0.184111 0.186357 0.188862 0.191677 0.194874 0.198544 0.202815 0.207866 0.213962 0.221512 0.231184 0.244154 0.262703 0.291760 0.342408 0.434650
0.140157 0.142125 0.144231 0.145787 0.146932 0.147828 0.148582 0.149252 0.149874 0.150466 0.151039 0.151602 0.152160 0.152719 0.153284 0.153859 0.154445 0.155048 0.155670 0.156314 0.156982 0.157678 0.158406 0.159168 0.159968 0.160812 0.161703 0.162647 0.163652 0.164723 0.165870 0.167102 0.168432 0.169873 0.171444 0.173163 0.175059 0.177163 0.179518 0.182178 0.185217 0.188733 0.192870 0.197835 0.203950 0.211743 0.222156 0.237036 0.260398 0.301098
0.127165 0.133161 0.135742 0.137284 0.138396 0.139283 0.140035 0.140701 0.141310 0.141881 0.142427 0.142956 0.143475 0.143988 0.144500 0.145015 0.145536 0.146066 0.146608 0.147165 0.147738 0.148330 0.148944 0.149583 0.150249 0.150945 0.151675 0.152442 0.153252 0.154108 0.155017 0.155986 0.157021 0.158132 0.159331 0.160629 0.162044 0.163594 0.165304 0.167205 0.169339 0.171758 0.174537 0.177779 0.181636 0.186342 0.192281 0.200141 0.211283 0.228620
0.138189 0.132700 0.131475 0.131409 0.131704 0.132118 0.132570 0.133029 0.133487 0.133939 0.134386 0.134830 0.135272 0.135713 0.136155 0.136600 0.137050 0.137505 0.137969 0.138443 0.138928 0.139426 0.139939 0.140469 0.141017 0.141587 0.142180 0.142799 0.143446 0.144126 0.144841 0.145597 0.146398 0.147249 0.148158 0.149132 0.150182 0.151318 0.152555 0.153910 0.155406 0.157071 0.158943 0.161074 0.163534 0.166429 0.169917 0.174263 0.179937 0.187869
0.123228 0.125855 0.125859 0.125670 0.125623 0.125711 0.125891 0.126131 0.126410 0.126716 0.127041 0.127380 0.127729 0.128087 0.128451 0.128822 0.129199 0.129582 0.129972 0.130369 0.130774 0.131188 0.131613 0.132048 0.132497 0.132960 0.133438 0.133934 0.134449 0.134985 0.135546 0.136133 0.136750 0.137400 0.138088 0.138818 0.139596 0.140429 0.141325 0.142294 0.143348 0.144503 0.145777 0.147197 0.148796 0.150623 0.152746 0.155269 0.158365 0.162341
0.124016 0.120103 0.119550 0.119478 0.119477 0.119518 0.119606 0.119740 0.119915 0.120124 0.120359 0.120615 0.120887 0.121172 0.121467 0.121771 0.122082 0.122399 0.122722 0.123050 0.123384 0.123725 0.124072 0.124427 0.124790 0.125163 0.125545 0.125939 0.126346 0.126766 0.127203 0.127657 0.128130 0.128625 0.129144 0.129691 0.130268 0.130880 0.131531 0.132227 0.132975 0.133783 0.134661 0.135623 0.136685 0.137869 0.139206 0.140740 0.142537 0.144708
0.103543 0.111187 0.112836 0.113243 0.113392 0.113499 0.113616 0.113754 0.113915 0.114098 0.114298 0.114513 0.114740 0.114976 0.115221 0.115471 0.115727 0.115988 0.116252 0.116520 0.116792 0.117067 0.117347 0.117631 0.117920 0.118215 0.118517 0.118826 0.119142 0.119468 0.119804 0.120151 0.120511 0.120885 0.121274 0.121681 0.122108 0.122557 0.123030 0.123531 0.124065 0.124634 0.125246 0.125906 0.126623 0.127408 0.128276 0.129246 0.130344 0.131614
0.120472 0.110249 0.108049 0.107668 0.107720 0.107882 0.108074 0.108274 0.108476 0.108680 0.108884 0.109089 0.109296 0.109503 0.109711 0.109920 0.110130 0.110340 0.110552 0.110766 0.110980 0.111197 0.111415 0.111636 0.111860 0.112087 0.112318 0.112553 0.112794 0.113040 0.113293 0.113553 0.113821 0.114099 0.114386 0.114685 0.114997 0.115323 0.115665 0.116024 0.116403 0.116805 0.117232 0.117688 0.118178 0.118707 0.119283 0.119913 0.120610 0.121393
0.088583 0.098831 0.101322 0.102144 0.102592 0.102939 0.103240 0.103511 0.103758 0.103983 0.104193 0.104389 0.104576 0.104754 0.104927 0.105095 0.105260 0.105422 0.105583 0.105744 0.105903 0.106063 0.106224 0.106386 0.106549 0.106714 0.106882 0.107053 0.107227 0.107405 0.107588 0.107775 0.107968 0.108167 0.108373 0.108587 0.108809 0.109040 0.109282 0.109535 0.109801 0.110081 0.110378 0.110692 0.111026 0.111384 0.111769 0.112185 0.112638 0.113136
0.105512 0.098823 0.097992 0.098268 0.098686 0.099067 0.099390 0.099662 0.099895 0.100096 0.100274 0.100433 0.100577 0.100709 0.100833 0.100951 0.101063 0.101172 0.101279 0.101384 0.101488 0.101592 0.101696 0.101801 0.101908 0.102016 0.102126 0.102239 0.102354 0.102473 0.102595 0.102720 0.102850 0.102984 0.103123 0.103268 0.103419 0.103576 0.103741 0.103913 0.104093 0.104284 0.104484 0.104696 0.104921 0.105161 0.105417 0.105691 0.105987 0.106308
0.088189 0.093501 0.095053 0.095720 0.096110 0.096380 0.096584 0.096745 0.096876 0.096985 0.097078 0.097158 0.097228 0.097290 0.097347 0.097399 0.097449 0.097497 0.097545 0.097592 0.097640 0.097688 0.097738 0.097790 0.097843 0.097899 0.097957 0.098017 0.098081 0.098147 0.098217 0.098290 0.098366 0.098447 0.098531 0.098620 0.098714 0.098812 0.098916 0.099025 0.099140 0.099262 0.099391 0.099528 0.099674 0.099829 0.099994 0.100171 0.100361 0.100566
0.095669 0.094798 0.094751 0.094711 0.094653 0.094600 0.094556 0.094518 0.094486 0.094456 0.094428 0.094401 0.094376 0.094352 0.094331 0.094311 0.094294 0.094279 0.094267 0.094258 0.094251 0.094248 0.094248 0.094250 0.094256 0.094266 0.094278 0.094294 0.094313 0.094335 0.094361 0.094390 0.094423 0.094459 0.094499 0.094543 0.094591 0.094642 0.094698 0.094759 0.094824 0.094894 0.094969 0.095049 0.095136 0.095229 0.095330 0.095438 0.095554 0.095680
0.097638 0.096075 0.094728 0.093908 0.093397 0.093043 0.092774 0.092554 0.092367 0.092205 0.092061 0.091933 0.091818 0.091714 0.091620 0.091534 0.091457 0.091387 0.091323 0.091265 0.091213 0.091166 0.091124 0.091087 0.091055 0.091026 0.091002 0.090982 0.090965 0.090952 0.090943 0.090938 0.090936 0.090937 0.090942 0.090951 0.090962 0.090978 0.090997 0.091020 0.091046 0.091076 0.091111 0.091149 0.091193 0.091240 0.091293 0.091351 0.091415 0.091484
0.097638 0.093594 0.092443 0.091885 0.091462 0.091088 0.090752 0.090450 0.090180 0.089939 0.089724 0.089531 0.089357 0.089200 0.089058 0.088929 0.088811 0.088703 0.088605 0.088514 0.088431 0.088354 0.088284 0.088219 0.088159 0.088104 0.088054 0.088008 0.087966 0.087928 0.087893 0.087862 0.087835 0.087811 0.087790 0.087772 0.087757 0.087746 0.087737 0.087732 0.087729 0.087730 0.087734 0.087742 0.087752 0.087766 0.087784 0.087806 0.087831 0.087861
0.079134 0.086820 0.088759 0.089074 0.088914 0.088623 0.088310 0.088012 0.087737 0.087487 0.087260 0.087056 0.086870 0.086700 0.086545 0.086403 0.086273 0.086152 0.086041 0.085937 0.085841 0.085751 0.085667 0.085589 0.085515 0.085446 0.085381 0.085321 0.085263 0.085210 0.085160 0.085113 0.085068 0.085027 0.084989 0.084953 0.084920 0.084889 0.084861 0.084836 0.084812 0.084792 0.084774 0.084758 0.084745 0.084735 0.084727 0.084722 0.084720 0.084721
0.095276 0.089395 0.087443 0.086598 0.086113 0.085768 0.085488 0.085246 0.085030 0.084834 0.084654 0.084489 0.084335 0.084193 0.084060 0.083936 0.083820 0.083711 0.083608 0.083511 0.083419 0.083332 0.083250 0.083171 0.083096 0.083024 0.082956 0.082890 0.082827 0.082767 0.082710 0.082654 0.082601 0.082550 0.082502 0.082455 0.082410 0.082367 0.082326 0.082287 0.082250 0.082214 0.082180 0.082149 0.082119 0.082091 0.082064 0.082040 0.082018 0.081998
0.086614 0.084712 0.083581 0.083018 0.082727 0.082552 0.082424 0.082315 0.082214 0.082116 0.082021 0.081928 0.081836 0.081747 0.081660 0.081575 0.081492 0.081412 0.081333 0.081257 0.081182 0.081109 0.081038 0.080969 0.080902 0.080836 0.080772 0.080709 0.080647 0.080587 0.080528 0.080471 0.080415 0.080360 0.080306 0.080253 0.080202 0.080152 0.080103 0.080055 0.080008 0.079962 0.079918 0.079875 0.079833 0.079792 0.079752 0.079714 0.079677 0.079641
0.073228 0.076626 0.078179 0.078879 0.079213 0.079385 0.079480 0.079532 0.079559 0.079567 0.079561 0.079545 0.079521 0.079490 0.079454 0.079414 0.079370 0.079324 0.079275 0.079224 0.079171 0.079118 0.079063 0.079008 0.078953 0.078897 0.078840 0.078784 0.078727 0.078671 0.078614 0.078558 0.078502 0.078446 0.078391 0.078335 0.078280 0.078226 0.078172 0.078118 0.078065 0.078012 0.077960 0.077908 0.077857 0.077807 0.077757 0.077708 0.077659 0.077612
0.072047 0.074550 0.075690 0.076307 0.076686 0.076940 0.077121 0.077255 0.077355 0.077430 0.077485 0.077524 0.077549 0.077562 0.077565 0.077560 0.077547 0.077528 0.077503 0.077474 0.077441 0.077404 0.077364 0.077321 0.077277 0.077230 0.077181 0.077131 0.077079 0.077026 0.076973 0.076918 0.076863 0.076807 0.076750 0.076693 0.076636 0.076578 0.076520 0.076462 0.076403 0.076345 0.076286 0.076228 0.076169 0.076111 0.076052 0.075994 0.075936 0.075879
0.080709 0.076829 0.075611 0.075315 0.075328 0.075435 0.075559 0.075677 0.075780 0.075867 0.075937 0.075993 0.076035 0.076066 0.076085 0.076095 0.076096 0.076090 0.076078 0.076059 0.076035 0.076007 0.075974 0.075938 0.075899 0.075856 0.075811 0.075764 0.075714 0.075662 0.075609 0.075554 0.075498 0.075440 0.075381 0.075321 0.075260 0.075199 0.075136 0.075073 0.075009 0.074944 0.074879 0.074814 0.074748 0.074682 0.074616 0.074549 0.074483 0.074416
0.074016 0.074348 0.074474 0.074529 0.074582 0.074646 0.074717 0.074788 0.074853 0.074911 0.074958 0.074996 0.075024 0.075043 0.075054 0.075056 0.075052 0.075042 0.075025 0.075003 0.074977 0.074946 0.074911 0.074873 0.074831 0.074786 0.074738 0.074688 0.074635 0.074580 0.074522 0.074463 0.074403 0.074340 0.074276 0.074211 0.074144 0.074076 0.074007 0.073937 0.073866 0.073794 0.073722 0.073648 0.073574 0.073500 0.073425 0.073349 0.073274 0.073197
0.068898 0.072776 0.073927 0.074276 0.074392 0.074440 0.074465 0.074482 0.074493 0.074498 0.074498 0.074493 0.074483 0.074469 0.074451 0.074428 0.074401 0.074371 0.074337 0.074300 0.074259 0.074215 0.074168 0.074119 0.074066 0.074012 0.073954 0.073894 0.073832 0.073768 0.073702 0.073634 0.073565 0.073493 0.073420 0.073346 0.073270 0.073193 0.073115 0.073036 0.072956 0.072874 0.072792 0.072709 0.072625 0.072541 0.072456 0.072371 0.072285 0.072198
0.080709 0.076499 0.075252 0.074895 0.074784 0.074727 0.074677 0.074622 0.074564 0.074503 0.074443 0.074383 0.074324 0.074266 0.074208 0.074150 0.074091 0.074032 0.073972 0.073910 0.073847 0.073783 0.073717 0.073649 0.073579 0.073508 0.073435 0.073360 0.073284 0.073205 0.073126 0.073044 0.072961 0.072877 0.072791 0.072704 0.072616 0.072527 0.072436 0.072345 0.072253 0.072159 0.072066 0.071971 0.071876 0.071780 0.071683 0.071586 0.071489 0.071391
0.075197 0.075293 0.075450 0.075482 0.075417 0.075304 0.075170 0.075033 0.074899 0.074771 0.074651 0.074538 0.074432 0.074330 0.074232 0.074138 0.074046 0.073956 0.073866 0.073777 0.073688 0.073599 0.073509 0.073419 0.073328 0.073235 0.073142 0.073048 0.072952 0.072855 0.072758 0.072659 0.072559 0.072458 0.072356 0.072253 0.072149 0.072045 0.071939 0.071833 0.071727 0.071619 0.071511 0.071403 0.071294 0.071185 0.071076 0.070966 0.070856 0.070746
0.069685 0.075002 0.076297 0.076418 0.076227 0.075977 0.075735 0.075517 0.075321 0.075144 0.074983 0.074833 0.074692 0.074559 0.074431 0.074307 0.074186 0.074067 0.073950 0.073834 0.073719 0.073604 0.073489 0.073373 0.073258 0.073142 0.073025 0.072908 0.072791 0.072673 0.072554 0.072435 0.072315 0.072194 0.072074 0.071952 0.071831 0.071709 0.071586 0.071464 0.071341 0.071218 0.071094 0.070971 0.070848 0.070724 0.070601 0.070477 0.070354 0.070231
0.087795 0.081350 0.078709 0.077500 0.076852 0.076440 0.076141 0.075901 0.075696 0.075512 0.075341 0.075180 0.075026 0.074876 0.074729 0.074584 0.074440 0.074298 0.074156 0.074015 0.073874 0.073733 0.073592 0.073451 0.073310 0.073169 0.073028 0.072887 0.072745 0.072604 0.072463 0.072321 0.072180 0.072039 0.071898 0.071757 0.071616 0.071475 0.071335 0.071194 0.071054 0.070915 0.070776 0.070637 0.070498 0.070360 0.070222 0.070085 0.069948 0.069812
0.081890 0.078374 0.077329 0.076901 0.076653 0.076468 0.076306 0.076154 0.076005 0.075855 0.075704 0.075550 0.075395 0.075237 0.075077 0.074915 0.074752 0.074588 0.074422 0.074256 0.074090 0.073923 0.073756 0.073589 0.073422 0.073255 0.073089 0.072923 0.072757 0.072592 0.072428 0.072264 0.072101 0.071939 0.071778 0.071617 0.071457 0.071298 0.071139 0.070982 0.070826 0.070670 0.070515 0.070361 0.070208 0.070056 0.069904 0.069754 0.069604 0.069456
0.060630 0.071562 0.074859 0.075962 0.076358 0.076489 0.076501 0.076449 0.076358 0.076240 0.076102 0.075950 0.075787 0.075616 0.075438 0.075256 0.075069 0.074880 0.074689 0.074496 0.074303 0.074109 0.073916 0.073722 0.073529 0.073337 0.073146 0.072956 0.072767 0.072580 0.072394 0.072209 0.072026 0.071844 0.071664 0.071485 0.071307 0.071131 0.070957 0.070784 0.070613 0.070443 0.070274 0.070107 0.069941 0.069776 0.069613 0.069451 0.069291 0.069131
0.087008 0.078871 0.077210 0.076995 0.077037 0.077070 0.077048 0.076975 0.076862 0.076719 0.076554 0.076373 0.076179 0.075975 0.075766 0.075551 0.075333 0.075112 0.074891 0.074669 0.074447 0.074225 0.074005 0.073786 0.073569 0.073353 0.073139 0.072928 0.072718 0.072511 0.072306 0.072104 0.071903 0.071705 0.071509 0.071315 0.071124 0.070935 0.070747 0.070562 0.070379 0.070198 0.070018 0.069841 0.069665 0.069491 0.069319 0.069148 0.068979 0.068812
0.075197 0.078216 0.078550 0.078440 0.078269 0.078085 0.077890 0.077681 0.077461 0.077229 0.076988 0.076741 0.076490 0.076235 0.075978 0.075721 0.075464 0.075208 0.074953 0.074701 0.074451 0.074203 0.073959 0.073718 0.073480 0.073245 0.073013 0.072785 0.072560 0.072338 0.072120 0.071904 0.071692 0.071483 0.071276 0.071073 0.070872 0.070674 0.070478 0.070285 0.070095 0.069907 0.069721 0.069537 0.069356 0.069176 0.068998 0.068823 0.068649 0.068477
0.079921 0.080330 0.080263 0.079906 0.079473 0.079046 0.078646 0.078270 0.077911 0.077566 0.077231 0.076904 0.076585 0.076272 0.075965 0.075665 0.075370 0.075081 0.074798 0.074520 0.074248 0.073982 0.073720 0.073464 0.073213 0.072966 0.072725 0.072487 0.072254 0.072026 0.071801 0.071580 0.071363 0.071149 0.070939 0.070732 0.070528 0.070328 0.070130 0.069935 0.069742 0.069553 0.069365 0.069180 0.068997 0.068817 0.068638 0.068462 0.068287 0.068114
0.086220 0.083293 0.081737 0.080746 0.080007 0.079395 0.078855 0.078362 0.077905 0.077474 0.077067 0.076679 0.076309 0.075953 0.075611 0.075282 0.074964 0.074656 0.074358 0.074068 0.073788 0.073514 0.073249 0.072989 0.072737 0.072490 0.072249 0.072013 0.071782 0.071556 0.071335 0.071117 0.070904 0.070694 0.070488 0.070285 0.070085 0.069889 0.069695 0.069504 0.069316 0.069130 0.068947 0.068766 0.068586 0.068409 0.068234 0.068061 0.067890 0.067720
0.082677 0.081622 0.080659 0.079931 0.079311 0.078741 0.078202 0.077692 0.077211 0.076758 0.076330 0.075926 0.075544 0.075181 0.074836 0.074507 0.074192 0.073889 0.073599 0.073319 0.073049 0.072787 0.072534 0.072288 0.072048 0.071815 0.071588 0.071366 0.071149 0.070936 0.070728 0.070524 0.070323 0.070126 0.069932 0.069741 0.069552 0.069367 0.069184 0.069003 0.068825 0.068648 0.068474 0.068302 0.068131 0.067962 0.067794 0.067629 0.067464 0.067301
0.077953 0.077598 0.077957 0.077895 0.077563 0.077124 0.076661 0.076206 0.075771 0.075360 0.074974 0.074610 0.074267 0.073942 0.073635 0.073343 0.073064 0.072797 0.072542 0.072296 0.072058 0.071829 0.071606 0.071390 0.071180 0.070975 0.070775 0.070578 0.070386 0.070198 0.070012 0.069830 0.069650 0.069473 0.069299 0.069126 0.068956 0.068787 0.068620 0.068455 0.068291 0.068129 0.067968 0.067808 0.067650 0.067492 0.067336 0.067181 0.067026 0.066873
0.067717 0.075190 0.076025 0.075691 0.075220 0.074779 0.074382 0.074022 0.073692 0.073384 0.073097 0.072827 0.072571 0.072329 0.072099 0.071879 0.071668 0.071465 0.071269 0.071079 0.070895 0.070716 0.070540 0.070369 0.070201 0.070035 0.069873 0.069712 0.069554 0.069397 0.069242 0.069088 0.068936 0.068785 0.068634 0.068485 0.068336 0.068189 0.068042 0.067895 0.067749 0.067604 0.067459 0.067315 0.067171 0.067027 0.066884 0.066741 0.066599 0.066457
0.097244 0.079159 0.074291 0.072753 0.072136 0.071806 0.071579 0.071394 0.071231 0.071080 0.070937 0.070800 0.070667 0.070538 0.070411 0.070287 0.070165 0.070043 0.069923 0.069804 0.069685 0.069566 0.069447 0.069329 0.069210 0.069091 0.068971 0.068851 0.068731 0.068610 0.068488 0.068366 0.068243 0.068120 0.067996 0.067872 0.067747 0.067621 0.067495 0.067369 0.067241 0.067114 0.066986 0.066857 0.066729 0.066599 0.066470 0.066340 0.066209 0.066079
0.045276 0.062473 0.066792 0.068004 0.068412 0.068588 0.068684 0.068746 0.068789 0.068818 0.068836 0.068843 0.068842 0.068833 0.068816 0.068792 0.068762 0.068725 0.068682 0.068634 0.068581 0.068523 0.068461 0.068394 0.068324 0.068249 0.068172 0.068091 0.068007 0.067919 0.067830 0.067737 0.067643 0.067545 0.067446 0.067345 0.067241 0.067136 0.067030 0.066921 0.066811 0.066700 0.066587 0.066473 0.066358 0.066241 0.066124 0.066005 0.065886 0.065766
0.072835 0.065489 0.064834 0.065246 0.065704 0.066077 0.066378 0.066626 0.066835 0.067014 0.067166 0.067296 0.067405 0.067496 0.067571 0.067630 0.067675 0.067707 0.067728 0.067738 0.067738 0.067730 0.067713 0.067688 0.067656 0.067617 0.067573 0.067522 0.067467 0.067406 0.067341 0.067272 0.067199 0.067122 0.067042 0.066958 0.066871 0.066782 0.066690 0.066595 0.066498 0.066399 0.066298 0.066195 0.066090 0.065983 0.065875 0.065765 0.065654 0.065542
0.061417 0.063442 0.063816 0.064091 0.064427 0.064788 0.065140 0.065465 0.065757 0.066016 0.066244 0.066442 0.066614 0.066762 0.066888 0.066994 0.067082 0.067153 0.067209 0.067252 0.067282 0.067301 0.067309 0.067307 0.067297 0.067278 0.067252 0.067218 0.067179 0.067133 0.067081 0.067025 0.066963 0.066898 0.066827 0.066754 0.066676 0.066595 0.066511 0.066424 0.066334 0.066241 0.066146 0.066049 0.065950 0.065848 0.065745 0.065640 0.065533 0.065425
