0.092710 0.093787 0.094426 0.094642 0.094572 0.094332 0.094001 0.093627 0.093237 0.092848 0.092468 0.092101 0.091749 0.091412 0.091091 0.090783 0.090489 0.090207 0.089936 0.089675 0.089423 0.089180 0.088945 0.088717 0.088495 0.088279 0.088069 0.087865 0.087664 0.087469 0.087277 0.087090 0.086906 0.086726 0.086549 0.086376 0.086205 0.086037 0.085872 0.085710 0.085550 0.085392 0.085237 0.085083 0.084932 0.084783 0.084636 0.084491 0.084347 0.084206
0.095660 0.095972 0.095405 0.094729 0.094110 0.093565 0.093083 0.092649 0.092252 0.091884 0.091539 0.091214 0.090907 0.090614 0.090334 0.090065 0.089807 0.089558 0.089318 0.089085 0.088860 0.088640 0.088427 0.088219 0.088016 0.087818 0.087624 0.087434 0.087248 0.087066 0.086888 0.086712 0.086540 0.086371 0.086204 0.086040 0.085879 0.085720 0.085564 0.085409 0.085257 0.085107 0.084959 0.084813 0.084669 0.084527 0.084386 0.084247 0.084109 0.083974
0.101981 0.097191 0.094649 0.093143 0.092175 0.091510 0.091022 0.090639 0.090322 0.090046 0.089797 0.089565 0.089346 0.089136 0.088932 0.088734 0.088541 0.088351 0.088165 0.087982 0.087802 0.087624 0.087450 0.087278 0.087109 0.086942 0.086778 0.086616 0.086457 0.086299 0.086144 0.085991 0.085839 0.085690 0.085543 0.085397 0.085254 0.085112 0.084972 0.084833 0.084696 0.084560 0.084426 0.084294 0.084163 0.084033 0.083904 0.083777 0.083651 0.083526
0.091445 0.089984 0.089119 0.088605 0.088287 0.088077 0.087925 0.087805 0.087700 0.087602 0.087505 0.087407 0.087305 0.087200 0.087091 0.086978 0.086861 0.086742 0.086621 0.086498 0.086374 0.086248 0.086122 0.085995 0.085868 0.085741 0.085614 0.085488 0.085362 0.085237 0.085112 0.084988 0.084865 0.084742 0.084620 0.084500 0.084380 0.084260 0.084142 0.084025 0.083908 0.083792 0.083677 0.083563 0.083450 0.083337 0.083225 0.083114 0.083004 0.082894
0.076275 0.080043 0.082009 0.083143 0.083836 0.084278 0.084571 0.084770 0.084905 0.084995 0.085050 0.085080 0.085088 0.085079 0.085056 0.085021 0.084976 0.084923 0.084863 0.084798 0.084727 0.084652 0.084574 0.084493 0.084410 0.084325 0.084238 0.084149 0.084060 0.083969 0.083878 0.083787 0.083695 0.083602 0.083510 0.083417 0.083324 0.083231 0.083138 0.083045 0.082952 0.082859 0.082767 0.082674 0.082582 0.082489 0.082397 0.082306 0.082214 0.082123
0.074589 0.076750 0.078663 0.079975 0.080864 0.081484 0.081928 0.082254 0.082495 0.082675 0.082808 0.082907 0.082978 0.083027 0.083058 0.083074 0.083079 0.083074 0.083060 0.083039 0.083012 0.082980 0.082943 0.082902 0.082858 0.082810 0.082760 0.082708 0.082654 0.082597 0.082539 0.082480 0.082419 0.082356 0.082293 0.082229 0.082164 0.082098 0.082031 0.081964 0.081896 0.081827 0.081758 0.081688 0.081618 0.081548 0.081477 0.081406 0.081334 0.081262
0.077118 0.079185 0.079449 0.079631 0.079875 0.080133 0.080369 0.080571 0.080739 0.080875 0.080985 0.081075 0.081146 0.081203 0.081249 0.081284 0.081311 0.081330 0.081344 0.081351 0.081354 0.081352 0.081346 0.081337 0.081324 0.081308 0.081289 0.081267 0.081243 0.081217 0.081188 0.081158 0.081125 0.081091 0.081055 0.081017 0.080978 0.080938 0.080896 0.080853 0.080809 0.080764 0.080718 0.080670 0.080622 0.080573 0.080523 0.080472 0.080421 0.080369
0.091867 0.083182 0.080785 0.080000 0.079696 0.079567 0.079515 0.079503 0.079512 0.079532 0.079560 0.079591 0.079623 0.079655 0.079687 0.079718 0.079747 0.079774 0.079799 0.079822 0.079843 0.079861 0.079876 0.079889 0.079900 0.079907 0.079913 0.079916 0.079916 0.079915 0.079910 0.079904 0.079896 0.079885 0.079873 0.079859 0.079842 0.079825 0.079805 0.079784 0.079761 0.079737 0.079711 0.079684 0.079656 0.079626 0.079595 0.079563 0.079530 0.079496
0.067425 0.077058 0.079150 0.079389 0.079203 0.078961 0.078754 0.078598 0.078487 0.078414 0.078370 0.078348 0.078342 0.078349 0.078364 0.078387 0.078413 0.078443 0.078474 0.078506 0.078538 0.078570 0.078600 0.078629 0.078656 0.078681 0.078705 0.078726 0.078745 0.078762 0.078777 0.078789 0.078800 0.078808 0.078814 0.078818 0.078821 0.078821 0.078819 0.078816 0.078811 0.078804 0.078795 0.078785 0.078774 0.078761 0.078747 0.078731 0.078714 0.078696
0.088074 0.081443 0.079519 0.078730 0.078270 0.077947 0.077709 0.077533 0.077408 0.077323 0.077271 0.077243 0.077235 0.077242 0.077261 0.077287 0.077320 0.077358 0.077397 0.077439 0.077481 0.077523 0.077565 0.077606 0.077645 0.077682 0.077718 0.077752 0.077784 0.077814 0.077842 0.077867 0.077891 0.077912 0.077932 0.077949 0.077965 0.077978 0.077990 0.078000 0.078008 0.078015 0.078019 0.078022 0.078024 0.078024 0.078023 0.078020 0.078016 0.078010
0.078803 0.078066 0.077284 0.076825 0.076570 0.076421 0.076330 0.076277 0.076250 0.076244 0.076253 0.076276 0.076308 0.076347 0.076392 0.076441 0.076493 0.076545 0.076599 0.076652 0.076704 0.076756 0.076806 0.076855 0.076902 0.076947 0.076990 0.077031 0.077071 0.077108 0.077143 0.077176 0.077207 0.077236 0.077264 0.077289 0.077313 0.077335 0.077355 0.077373 0.077390 0.077406 0.077419 0.077431 0.077442 0.077451 0.077459 0.077466 0.077471 0.077475
0.069532 0.072535 0.073727 0.074273 0.074583 0.074797 0.074967 0.075111 0.075239 0.075356 0.075463 0.075562 0.075655 0.075743 0.075825 0.075903 0.075977 0.076047 0.076113 0.076176 0.076236 0.076294 0.076348 0.076400 0.076450 0.076497 0.076542 0.076585 0.076626 0.076665 0.076702 0.076737 0.076771 0.076802 0.076833 0.076861 0.076888 0.076913 0.076937 0.076960 0.076981 0.077001 0.077019 0.077037 0.077052 0.077067 0.077081 0.077093 0.077104 0.077114
0.072061 0.071668 0.072269 0.072898 0.073417 0.073838 0.074186 0.074478 0.074726 0.074938 0.075120 0.075278 0.075416 0.075537 0.075643 0.075738 0.075824 0.075901 0.075971 0.076036 0.076095 0.076151 0.076202 0.076251 0.076296 0.076339 0.076380 0.076419 0.076456 0.076491 0.076525 0.076557 0.076588 0.076618 0.076646 0.076673 0.076699 0.076724 0.076748 0.076770 0.076792 0.076813 0.076832 0.076851 0.076869 0.076885 0.076901 0.076916 0.076930 0.076943
0.070375 0.072070 0.072694 0.073171 0.073620 0.074033 0.074399 0.074713 0.074979 0.075203 0.075392 0.075551 0.075686 0.075800 0.075898 0.075983 0.076056 0.076121 0.076179 0.076230 0.076277 0.076319 0.076359 0.076395 0.076430 0.076462 0.076493 0.076522 0.076550 0.076577 0.076603 0.076628 0.076653 0.076677 0.076700 0.076722 0.076744 0.076765 0.076785 0.076805 0.076824 0.076842 0.076860 0.076878 0.076894 0.076910 0.076926 0.076941 0.076955 0.076968
0.076696 0.074810 0.074585 0.074803 0.075110 0.075403 0.075655 0.075863 0.076033 0.076171 0.076283 0.076375 0.076449 0.076511 0.076562 0.076605 0.076641 0.076673 0.076700 0.076724 0.076746 0.076766 0.076785 0.076803 0.076820 0.076837 0.076853 0.076869 0.076884 0.076900 0.076916 0.076931 0.076947 0.076962 0.076978 0.076993 0.077008 0.077023 0.077038 0.077053 0.077068 0.077082 0.077097 0.077111 0.077124 0.077138 0.077151 0.077164 0.077177 0.077189
0.074168 0.075993 0.076914 0.077357 0.077560 0.077644 0.077670 0.077668 0.077652 0.077630 0.077606 0.077582 0.077560 0.077538 0.077519 0.077501 0.077485 0.077471 0.077459 0.077448 0.077440 0.077433 0.077428 0.077424 0.077422 0.077421 0.077421 0.077423 0.077425 0.077429 0.077433 0.077439 0.077445 0.077451 0.077458 0.077466 0.077474 0.077483 0.077491 0.077501 0.077510 0.077519 0.077529 0.077539 0.077549 0.077558 0.077568 0.077578 0.077588 0.077598
0.077960 0.080541 0.080976 0.080815 0.080502 0.080175 0.079875 0.079613 0.079390 0.079200 0.079038 0.078900 0.078783 0.078682 0.078596 0.078522 0.078458 0.078403 0.078356 0.078315 0.078280 0.078250 0.078224 0.078202 0.078183 0.078168 0.078155 0.078144 0.078136 0.078129 0.078124 0.078120 0.078118 0.078117 0.078116 0.078117 0.078119 0.078121 0.078124 0.078128 0.078132 0.078136 0.078141 0.078146 0.078152 0.078158 0.078164 0.078171 0.078177 0.078184
0.093974 0.087853 0.085202 0.083726 0.082758 0.082060 0.081528 0.081107 0.080767 0.080487 0.080254 0.080058 0.079892 0.079752 0.079632 0.079529 0.079441 0.079366 0.079301 0.079244 0.079196 0.079154 0.079117 0.079086 0.079058 0.079035 0.079014 0.078997 0.078981 0.078968 0.078957 0.078948 0.078940 0.078933 0.078927 0.078923 0.078920 0.078917 0.078915 0.078914 0.078914 0.078914 0.078915 0.078917 0.078919 0.078921 0.078924 0.078928 0.078932 0.078936
0.085967 0.085972 0.084844 0.083856 0.083120 0.082570 0.082143 0.081800 0.081518 0.081282 0.081082 0.080913 0.080769 0.080645 0.080540 0.080449 0.080370 0.080302 0.080244 0.080192 0.080148 0.080109 0.080074 0.080044 0.080018 0.079994 0.079973 0.079954 0.079938 0.079923 0.079910 0.079898 0.079888 0.079879 0.079870 0.079863 0.079857 0.079851 0.079846 0.079842 0.079839 0.079836 0.079834 0.079833 0.079832 0.079832 0.079832 0.079834 0.079836 0.079839
0.082596 0.081689 0.081802 0.081968 0.082030 0.082008 0.081940 0.081852 0.081760 0.081671 0.081589 0.081516 0.081451 0.081393 0.081342 0.081296 0.081256 0.081221 0.081189 0.081160 0.081134 0.081111 0.081089 0.081070 0.081051 0.081035 0.081019 0.081005 0.080992 0.080979 0.080967 0.080957 0.080946 0.080937 0.080928 0.080920 0.080912 0.080905 0.080899 0.080893 0.080889 0.080884 0.080881 0.080878 0.080876 0.080875 0.080874 0.080875 0.080877 0.080881
0.073746 0.077313 0.079389 0.080500 0.081103 0.081449 0.081662 0.081804 0.081904 0.081977 0.082033 0.082076 0.082108 0.082134 0.082153 0.082166 0.082176 0.082182 0.082186 0.082187 0.082186 0.082183 0.082179 0.082174 0.082168 0.082161 0.082153 0.082146 0.082137 0.082129 0.082121 0.082112 0.082104 0.082095 0.082087 0.082080 0.082072 0.082065 0.082059 0.082053 0.082048 0.082043 0.082040 0.082037 0.082036 0.082035 0.082036 0.082039 0.082044 0.082050
0.075853 0.079971 0.080857 0.081169 0.081424 0.081685 0.081941 0.082177 0.082386 0.082566 0.082720 0.082850 0.082958 0.083048 0.083122 0.083182 0.083232 0.083271 0.083303 0.083327 0.083346 0.083360 0.083369 0.083376 0.083379 0.083380 0.083379 0.083377 0.083373 0.083368 0.083362 0.083356 0.083349 0.083342 0.083336 0.083329 0.083322 0.083316 0.083311 0.083306 0.083302 0.083299 0.083297 0.083297 0.083298 0.083301 0.083307 0.083315 0.083325 0.083340
0.098188 0.086936 0.083535 0.082618 0.082525 0.082705 0.082962 0.083226 0.083470 0.083685 0.083870 0.084027 0.084159 0.084270 0.084361 0.084436 0.084497 0.084547 0.084587 0.084619 0.084643 0.084662 0.084675 0.084685 0.084691 0.084694 0.084694 0.084693 0.084690 0.084686 0.084681 0.084676 0.084670 0.084664 0.084658 0.084652 0.084647 0.084643 0.084639 0.084637 0.084636 0.084636 0.084639 0.084643 0.084651 0.084661 0.084675 0.084693 0.084717 0.084747
0.072903 0.079524 0.082096 0.083299 0.083977 0.084426 0.084757 0.085016 0.085225 0.085396 0.085537 0.085652 0.085747 0.085825 0.085888 0.085939 0.085980 0.086012 0.086037 0.086056 0.086070 0.086079 0.086084 0.086087 0.086087 0.086085 0.086082 0.086077 0.086072 0.086066 0.086059 0.086053 0.086047 0.086041 0.086035 0.086031 0.086028 0.086026 0.086026 0.086028 0.086032 0.086039 0.086049 0.086063 0.086081 0.086104 0.086133 0.086170 0.086216 0.086275
0.074168 0.081792 0.084880 0.086215 0.086843 0.087165 0.087344 0.087449 0.087513 0.087554 0.087580 0.087596 0.087606 0.087610 0.087612 0.087610 0.087606 0.087600 0.087593 0.087584 0.087575 0.087564 0.087553 0.087542 0.087530 0.087519 0.087507 0.087496 0.087486 0.087476 0.087467 0.087458 0.087452 0.087446 0.087443 0.087441 0.087441 0.087444 0.087450 0.087459 0.087472 0.087489 0.087512 0.087540 0.087576 0.087620 0.087675 0.087743 0.087828 0.087937
0.104509 0.095650 0.092527 0.091344 0.090814 0.090506 0.090284 0.090102 0.089947 0.089811 0.089693 0.089591 0.089501 0.089423 0.089355 0.089294 0.089240 0.089192 0.089149 0.089110 0.089075 0.089043 0.089014 0.088988 0.088964 0.088942 0.088922 0.088905 0.088890 0.088877 0.088866 0.088858 0.088852 0.088849 0.088849 0.088852 0.088859 0.088870 0.088886 0.088906 0.088933 0.088966 0.089008 0.089059 0.089122 0.089199 0.089295 0.089414 0.089565 0.089760
0.099031 0.096991 0.095599 0.094567 0.093782 0.093172 0.092690 0.092303 0.091987 0.091726 0.091508 0.091324 0.091168 0.091034 0.090919 0.090819 0.090732 0.090656 0.090589 0.090530 0.090478 0.090432 0.090391 0.090355 0.090324 0.090296 0.090273 0.090253 0.090237 0.090225 0.090216 0.090211 0.090210 0.090213 0.090220 0.090232 0.090250 0.090273 0.090303 0.090341 0.090388 0.090445 0.090514 0.090598 0.090701 0.090828 0.090985 0.091185 0.091443 0.091788
0.086810 0.094070 0.095555 0.095426 0.094918 0.094389 0.093929 0.093548 0.093235 0.092975 0.092757 0.092572 0.092415 0.092279 0.092161 0.092058 0.091968 0.091890 0.091820 0.091760 0.091706 0.091660 0.091620 0.091585 0.091555 0.091531 0.091511 0.091495 0.091485 0.091478 0.091477 0.091480 0.091488 0.091502 0.091521 0.091547 0.091580 0.091621 0.091671 0.091732 0.091805 0.091893 0.092000 0.092129 0.092287 0.092484 0.092731 0.093052 0.093479 0.094071
0.107459 0.098945 0.096160 0.095069 0.094541 0.094224 0.093997 0.093815 0.093661 0.093526 0.093406 0.093298 0.093202 0.093115 0.093038 0.092968 0.092906 0.092851 0.092802 0.092759 0.092722 0.092690 0.092662 0.092640 0.092623 0.092610 0.092601 0.092597 0.092598 0.092604 0.092615 0.092631 0.092654 0.092682 0.092718 0.092762 0.092814 0.092877 0.092952 0.093041 0.093146 0.093273 0.093425 0.093610 0.093839 0.094125 0.094494 0.094982 0.095653 0.096615
0.091445 0.092456 0.092559 0.092780 0.093044 0.093268 0.093429 0.093535 0.093599 0.093634 0.093648 0.093648 0.093641 0.093628 0.093612 0.093595 0.093578 0.093562 0.093548 0.093535 0.093525 0.093518 0.093513 0.093512 0.093513 0.093519 0.093528 0.093541 0.093558 0.093580 0.093607 0.093640 0.093680 0.093726 0.093781 0.093844 0.093919 0.094005 0.094107 0.094226 0.094367 0.094535 0.094737 0.094983 0.095290 0.095680 0.096190 0.096881 0.097853 0.099270
0.082596 0.086175 0.089233 0.091027 0.092049 0.092663 0.093058 0.093327 0.093520 0.093661 0.093768 0.093849 0.093912 0.093962 0.094003 0.094036 0.094063 0.094088 0.094109 0.094130 0.094150 0.094170 0.094190 0.094212 0.094236 0.094261 0.094290 0.094322 0.094357 0.094397 0.094441 0.094491 0.094548 0.094612 0.094685 0.094768 0.094863 0.094972 0.095098 0.095245 0.095418 0.095623 0.095870 0.096173 0.096553 0.097040 0.097685 0.098571 0.099831 0.101666
0.079225 0.089201 0.091685 0.092480 0.092866 0.093135 0.093356 0.093544 0.093707 0.093849 0.093972 0.094078 0.094171 0.094253 0.094325 0.094390 0.094448 0.094501 0.094551 0.094597 0.094641 0.094684 0.094726 0.094768 0.094811 0.094855 0.094900 0.094948 0.095000 0.095054 0.095114 0.095179 0.095250 0.095328 0.095416 0.095514 0.095625 0.095750 0.095894 0.096061 0.096256 0.096487 0.096765 0.097105 0.097532 0.098083 0.098816 0.099828 0.101271 0.103357
0.122630 0.103187 0.097127 0.095059 0.094319 0.094070 0.094020 0.094055 0.094126 0.094214 0.094306 0.094397 0.094485 0.094569 0.094648 0.094723 0.094793 0.094859 0.094922 0.094983 0.095041 0.095097 0.095153 0.095208 0.095263 0.095319 0.095376 0.095435 0.095496 0.095561 0.095631 0.095705 0.095785 0.095872 0.095968 0.096075 0.096193 0.096327 0.096478 0.096653 0.096855 0.097094 0.097379 0.097728 0.098163 0.098723 0.099466 0.100490 0.101946 0.104047
0.081753 0.091869 0.094114 0.094542 0.094575 0.094551 0.094541 0.094557 0.094593 0.094645 0.094707 0.094774 0.094844 0.094914 0.094985 0.095054 0.095121 0.095186 0.095250 0.095312 0.095373 0.095433 0.095492 0.095551 0.095611 0.095671 0.095732 0.095796 0.095861 0.095930 0.096002 0.096079 0.096162 0.096251 0.096348 0.096455 0.096573 0.096704 0.096853 0.097022 0.097216 0.097443 0.097713 0.098039 0.098442 0.098954 0.099627 0.100544 0.101841 0.103719
0.088496 0.091229 0.093195 0.094178 0.094619 0.094813 0.094906 0.094962 0.095008 0.095053 0.095100 0.095150 0.095203 0.095257 0.095312 0.095368 0.095423 0.095479 0.095534 0.095589 0.095644 0.095699 0.095754 0.095809 0.095866 0.095923 0.095982 0.096043 0.096106 0.096172 0.096242 0.096316 0.096395 0.096479 0.096571 0.096671 0.096781 0.096903 0.097039 0.097192 0.097367 0.097568 0.097805 0.098086 0.098429 0.098856 0.099406 0.100141 0.101164 0.102640
0.100716 0.096850 0.095608 0.095258 0.095197 0.095223 0.095269 0.095315 0.095359 0.095400 0.095439 0.095477 0.095515 0.095554 0.095593 0.095633 0.095674 0.095715 0.095757 0.095800 0.095844 0.095888 0.095934 0.095981 0.096029 0.096079 0.096131 0.096185 0.096242 0.096301 0.096364 0.096430 0.096501 0.096577 0.096660 0.096749 0.096846 0.096953 0.097071 0.097203 0.097352 0.097521 0.097717 0.097946 0.098219 0.098551 0.098967 0.099506 0.100233 0.101258
0.096924 0.097058 0.096256 0.095784 0.095599 0.095557 0.095571 0.095603 0.095636 0.095667 0.095694 0.095719 0.095742 0.095765 0.095789 0.095813 0.095838 0.095865 0.095893 0.095923 0.095954 0.095987 0.096022 0.096059 0.096098 0.096139 0.096182 0.096227 0.096275 0.096326 0.096381 0.096438 0.096500 0.096566 0.096637 0.096714 0.096797 0.096888 0.096988 0.097099 0.097221 0.097359 0.097516 0.097696 0.097905 0.098153 0.098454 0.098829 0.099315 0.099969
0.098188 0.095009 0.095046 0.095369 0.095581 0.095695 0.095757 0.095791 0.095811 0.095824 0.095833 0.095840 0.095847 0.095854 0.095863 0.095873 0.095886 0.095900 0.095917 0.095936 0.095957 0.095981 0.096007 0.096035 0.096066 0.096099 0.096135 0.096173 0.096214 0.096257 0.096304 0.096354 0.096407 0.096465 0.096526 0.096592 0.096664 0.096741 0.096826 0.096918 0.097019 0.097131 0.097256 0.097397 0.097557 0.097742 0.097958 0.098218 0.098538 0.098947
0.080067 0.091297 0.094476 0.095450 0.095759 0.095850 0.095866 0.095857 0.095841 0.095825 0.095811 0.095799 0.095791 0.095786 0.095785 0.095786 0.095791 0.095799 0.095810 0.095823 0.095840 0.095859 0.095880 0.095904 0.095931 0.095960 0.095992 0.096026 0.096063 0.096103 0.096145 0.096191 0.096239 0.096291 0.096347 0.096406 0.096470 0.096539 0.096613 0.096693 0.096780 0.096875 0.096978 0.097093 0.097220 0.097363 0.097525 0.097712 0.097932 0.098198
0.111673 0.101075 0.097794 0.096627 0.096147 0.095916 0.095787 0.095705 0.095649 0.095609 0.095580 0.095560 0.095547 0.095539 0.095537 0.095539 0.095545 0.095554 0.095566 0.095582 0.095600 0.095621 0.095644 0.095669 0.095697 0.095728 0.095761 0.095796 0.095834 0.095874 0.095917 0.095962 0.096011 0.096062 0.096117 0.096176 0.096238 0.096304 0.096374 0.096449 0.096530 0.096617 0.096710 0.096811 0.096921 0.097042 0.097174 0.097322 0.097489 0.097680
0.096924 0.097086 0.096355 0.095847 0.095554 0.095383 0.095278 0.095210 0.095166 0.095138 0.095121 0.095113 0.095113 0.095118 0.095127 0.095141 0.095157 0.095177 0.095199 0.095224 0.095250 0.095279 0.095310 0.095343 0.095378 0.095415 0.095455 0.095496 0.095540 0.095586 0.095635 0.095686 0.095740 0.095797 0.095856 0.095920 0.095986 0.096057 0.096131 0.096209 0.096293 0.096381 0.096475 0.096575 0.096681 0.096796 0.096919 0.097052 0.097198 0.097358
0.086810 0.091086 0.093108 0.093929 0.094240 0.094353 0.094396 0.094417 0.094434 0.094453 0.094475 0.094501 0.094529 0.094560 0.094592 0.094626 0.094662 0.094699 0.094737 0.094777 0.094818 0.094860 0.094903 0.094948 0.094995 0.095044 0.095094 0.095147 0.095202 0.095259 0.095319 0.095381 0.095446 0.095514 0.095585 0.095660 0.095738 0.095820 0.095906 0.095996 0.096090 0.096190 0.096295 0.096405 0.096521 0.096644 0.096774 0.096913 0.097061 0.097219
0.090603 0.092387 0.092872 0.093087 0.093229 0.093342 0.093439 0.093524 0.093603 0.093676 0.093745 0.093811 0.093874 0.093935 0.093994 0.094053 0.094110 0.094167 0.094224 0.094280 0.094338 0.094396 0.094455 0.094515 0.094577 0.094641 0.094707 0.094775 0.094846 0.094919 0.094995 0.095073 0.095155 0.095241 0.095330 0.095423 0.095520 0.095621 0.095726 0.095836 0.095951 0.096071 0.096197 0.096329 0.096467 0.096612 0.096764 0.096924 0.097093 0.097271
0.102823 0.095602 0.093254 0.092551 0.092416 0.092472 0.092587 0.092713 0.092834 0.092947 0.093051 0.093148 0.093238 0.093323 0.093403 0.093481 0.093556 0.093630 0.093704 0.093777 0.093851 0.093925 0.094001 0.094079 0.094158 0.094240 0.094325 0.094412 0.094502 0.094596 0.094693 0.094795 0.094900 0.095009 0.095122 0.095240 0.095363 0.095491 0.095625 0.095764 0.095909 0.096060 0.096218 0.096382 0.096555 0.096735 0.096923 0.097121 0.097328 0.097546
0.085124 0.088979 0.090466 0.091133 0.091500 0.091749 0.091942 0.092104 0.092245 0.092371 0.092485 0.092590 0.092688 0.092782 0.092871 0.092958 0.093044 0.093130 0.093216 0.093303 0.093392 0.093483 0.093577 0.093673 0.093773 0.093876 0.093983 0.094094 0.094209 0.094329 0.094453 0.094582 0.094717 0.094857 0.095002 0.095154 0.095311 0.095475 0.095646 0.095823 0.096008 0.096201 0.096403 0.096612 0.096832 0.097061 0.097301 0.097552 0.097816 0.098094
0.082596 0.087919 0.089950 0.090811 0.091229 0.091470 0.091635 0.091765 0.091875 0.091975 0.092069 0.092158 0.092245 0.092332 0.092418 0.092507 0.092597 0.092691 0.092787 0.092888 0.092992 0.093101 0.093215 0.093333 0.093457 0.093586 0.093720 0.093861 0.094007 0.094159 0.094317 0.094482 0.094654 0.094833 0.095019 0.095212 0.095413 0.095623 0.095841 0.096068 0.096305 0.096552 0.096809 0.097078 0.097360 0.097654 0.097963 0.098287 0.098628 0.098988
0.101138 0.094548 0.092492 0.091830 0.091623 0.091572 0.091578 0.091607 0.091647 0.091695 0.091749 0.091809 0.091877 0.091951 0.092033 0.092121 0.092218 0.092321 0.092432 0.092550 0.092675 0.092808 0.092948 0.093096 0.093250 0.093413 0.093582 0.093760 0.093945 0.094138 0.094339 0.094548 0.094766 0.094993 0.095229 0.095475 0.095731 0.095997 0.096275 0.096564 0.096865 0.097180 0.097509 0.097853 0.098214 0.098593 0.098991 0.099411 0.099855 0.100325
0.091445 0.092483 0.092175 0.091849 0.091641 0.091516 0.091443 0.091404 0.091390 0.091397 0.091423 0.091467 0.091526 0.091601 0.091689 0.091791 0.091905 0.092030 0.092167 0.092315 0.092472 0.092640 0.092817 0.093004 0.093201 0.093406 0.093622 0.093846 0.094081 0.094325 0.094579 0.094843 0.095118 0.095404 0.095702 0.096012 0.096334 0.096670 0.097020 0.097386 0.097767 0.098166 0.098585 0.099023 0.099485 0.099971 0.100484 0.101029 0.101608 0.102228
0.089338 0.090021 0.090758 0.091051 0.091102 0.091064 0.091011 0.090972 0.090958 0.090971 0.091009 0.091072 0.091157 0.091262 0.091385 0.091524 0.091679 0.091848 0.092030 0.092224 0.092430 0.092648 0.092877 0.093117 0.093368 0.093630 0.093903 0.094187 0.094482 0.094788 0.095107 0.095438 0.095782 0.096139 0.096511 0.096898 0.097301 0.097721 0.098159 0.098617 0.099096 0.099599 0.100128 0.100685 0.101273 0.101896 0.102559 0.103267 0.104027 0.104849
0.086389 0.089775 0.090364 0.090400 0.090340 0.090285 0.090262 0.090275 0.090324 0.090404 0.090514 0.090648 0.090803 0.090979 0.091171 0.091380 0.091602 0.091839 0.092088 0.092349 0.092622 0.092906 0.093202 0.093510 0.093829 0.094159 0.094502 0.094857 0.095224 0.095605 0.096000 0.096410 0.096835 0.097276 0.097736 0.098213 0.098712 0.099232 0.099775 0.100345 0.100943 0.101573 0.102237 0.102941 0.103689 0.104487 0.105343 0.106268 0.107273 0.108376
0.100295 0.092466 0.090164 0.089415 0.089190 0.089178 0.089271 0.089424 0.089615 0.089833 0.090071 0.090327 0.090596 0.090877 0.091170 0.091474 0.091788 0.092112 0.092446 0.092790 0.093144 0.093508 0.093883 0.094270 0.094668 0.095078 0.095501 0.095938 0.096388 0.096854 0.097337 0.097836 0.098354 0.098893 0.099453 0.100036 0.100646 0.101283 0.101951 0.102654 0.103395 0.104178 0.105009 0.105896 0.106846 0.107869 0.108979 0.110193 0.111536 0.113041
0.079225 0.085221 0.086649 0.087180 0.087566 0.087946 0.088338 0.088737 0.089139 0.089541 0.089943 0.090345 0.090748 0.091152 0.091558 0.091968 0.092383 0.092803 0.093230 0.093664 0.094106 0.094557 0.095018 0.095490 0.095974 0.096471 0.096981 0.097507 0.098049 0.098608 0.099187 0.099786 0.100409 0.101055 0.101729 0.102433 0.103170 0.103943 0.104757 0.105616 0.106526 0.107495 0.108530 0.109644 0.110848 0.112161 0.113605 0.115213 0.117030 0.119124
0.086810 0.084136 0.084746 0.085718 0.086608 0.087389 0.088088 0.088730 0.089329 0.089899 0.090446 0.090978 0.091499 0.092012 0.092522 0.093029 0.093537 0.094048 0.094563 0.095083 0.095611 0.096147 0.096694 0.097252 0.097822 0.098407 0.099008 0.099627 0.100264 0.100923 0.101605 0.102312 0.103047 0.103813 0.104613 0.105451 0.106331 0.107258 0.108238 0.109279 0.110389 0.111579 0.112862 0.114254 0.115778 0.117463 0.119350 0.121496 0.123989 0.126973
0.076275 0.082682 0.084952 0.086326 0.087402 0.088318 0.089128 0.089866 0.090553 0.091204 0.091830 0.092437 0.093031 0.093617 0.094199 0.094778 0.095359 0.095942 0.096530 0.097124 0.097728 0.098341 0.098966 0.099605 0.100260 0.100931 0.101621 0.102333 0.103068 0.103828 0.104617 0.105437 0.106292 0.107185 0.108121 0.109106 0.110144 0.111243 0.112412 0.113660 0.115001 0.116450 0.118026 0.119757 0.121677 0.123835 0.126301 0.129179 0.132643 0.137000
0.094395 0.089075 0.088866 0.089495 0.090219 0.090926 0.091606 0.092265 0.092909 0.093541 0.094165 0.094784 0.095401 0.096017 0.096634 0.097256 0.097883 0.098517 0.099160 0.099813 0.100479 0.101158 0.101853 0.102566 0.103297 0.104050 0.104827 0.105629 0.106460 0.107323 0.108221 0.109157 0.110136 0.111163 0.112243 0.113384 0.114593 0.115879 0.117255 0.118734 0.120334 0.122078 0.123995 0.126125 0.128522 0.131265 0.134471 0.138329 0.143171 0.149659
0.082174 0.091527 0.093373 0.093884 0.094246 0.094656 0.095125 0.095638 0.096181 0.096745 0.097326 0.097920 0.098526 0.099144 0.099773 0.100415 0.101070 0.101738 0.102421 0.103121 0.103837 0.104573 0.105330 0.106108 0.106911 0.107741 0.108600 0.109491 0.110416 0.111380 0.112387 0.113440 0.114545 0.115709 0.116939 0.118242 0.119630 0.121115 0.122711 0.124438 0.126320 0.128388 0.130685 0.133266 0.136212 0.139646 0.143756 0.148867 0.155596 0.165320
0.115887 0.102245 0.099092 0.098435 0.098460 0.098722 0.099094 0.099531 0.100014 0.100532 0.101078 0.101650 0.102244 0.102859 0.103495 0.104151 0.104828 0.105524 0.106242 0.106982 0.107744 0.108532 0.109345 0.110186 0.111056 0.111960 0.112898 0.113874 0.114892 0.115955 0.117069 0.118239 0.119471 0.120773 0.122153 0.123622 0.125192 0.126880 0.128703 0.130687 0.132863 0.135271 0.137968 0.141031 0.144574 0.148771 0.153909 0.160506 0.169627 0.183932
0.083860 0.097215 0.100543 0.101646 0.102235 0.102709 0.103167 0.103639 0.104135 0.104658 0.105208 0.105785 0.106389 0.107018 0.107672 0.108352 0.109056 0.109786 0.110541 0.111323 0.112133 0.112972 0.113842 0.114745 0.115682 0.116657 0.117673 0.118734 0.119843 0.121005 0.122225 0.123510 0.124868 0.126306 0.127836 0.129469 0.131221 0.133111 0.135161 0.137401 0.139869 0.142617 0.145714 0.149260 0.153402 0.158374 0.164572 0.172744 0.184534 0.204455
0.114201 0.106174 0.105332 0.105740 0.106298 0.106842 0.107371 0.107903 0.108448 0.109013 0.109603 0.110218 0.110858 0.111525 0.112218 0.112937 0.113683 0.114457 0.115259 0.116090 0.116953 0.117848 0.118777 0.119743 0.120749 0.121798 0.122893 0.124038 0.125237 0.126497 0.127823 0.129223 0.130705 0.132278 0.133955 0.135751 0.137681 0.139768 0.142039 0.144528 0.147279 0.150352 0.153830 0.157831 0.162533 0.168220 0.175387 0.184995 0.199253 0.224606
0.100716 0.107853 0.109512 0.110179 0.110700 0.111228 0.111781 0.112362 0.112969 0.113599 0.114253 0.114930 0.115631 0.116355 0.117104 0.117878 0.118679 0.119507 0.120365 0.121253 0.122174 0.123130 0.124123 0.125157 0.126234 0.127358 0.128533 0.129764 0.131056 0.132414 0.133847 0.135362 0.136967 0.138676 0.140500 0.142456 0.144563 0.146845 0.149331 0.152060 0.155082 0.158463 0.162295 0.166710 0.171907 0.178205 0.186160 0.196869 0.212886 0.241865
0.121365 0.115871 0.114819 0.114863 0.115257 0.115797 0.116414 0.117076 0.117768 0.118483 0.119218 0.119970 0.120742 0.121534 0.122346 0.123182 0.124043 0.124930 0.125847 0.126795 0.127778 0.128797 0.129857 0.130960 0.132111 0.133313 0.134570 0.135889 0.137275 0.138735 0.140277 0.141909 0.143642 0.145488 0.147461 0.149580 0.151865 0.154342 0.157044 0.160012 0.163299 0.166977 0.171144 0.175941 0.181576 0.188382 0.196937 0.208362 0.225243 0.255252
0.113780 0.117077 0.118224 0.119033 0.119805 0.120583 0.121369 0.122162 0.122960 0.123764 0.124576 0.125399 0.126234 0.127085 0.127954 0.128845 0.129760 0.130702 0.131675 0.132681 0.133723 0.134805 0.135930 0.137103 0.138328 0.139608 0.140951 0.142360 0.143843 0.145408 0.147062 0.148815 0.150680 0.152669 0.154798 0.157085 0.159555 0.162235 0.165159 0.168371 0.171929 0.175908 0.180409 0.185576 0.191623 0.198881 0.207913 0.219782 0.236851 0.265835
0.120523 0.121167 0.122601 0.123878 0.124981 0.125971 0.126895 0.127779 0.128643 0.129497 0.130350 0.131209 0.132079 0.132965 0.133870 0.134798 0.135753 0.136738 0.137756 0.138812 0.139907 0.141047 0.142235 0.143475 0.144773 0.146132 0.147559 0.149060 0.150642 0.152314 0.154085 0.155964 0.157966 0.160104 0.162395 0.164860 0.167523 0.170415 0.173573 0.177043 0.180885 0.185177 0.190025 0.195576 0.202040 0.209743 0.219216 0.231424 0.248397 0.275497
0.123894 0.127532 0.129127 0.130283 0.131286 0.132205 0.133075 0.133915 0.134742 0.135568 0.136402 0.137248 0.138114 0.139002 0.139916 0.140860 0.141837 0.142851 0.143903 0.144999 0.146140 0.147331 0.148576 0.149880 0.151247 0.152683 0.154193 0.155785 0.157467 0.159246 0.161134 0.163142 0.165283 0.167573 0.170030 0.172677 0.175540 0.178651 0.182050 0.185787 0.189924 0.194543 0.199752 0.205701 0.212600 0.220764 0.230690 0.243242 0.260116 0.285396
0.141593 0.137633 0.137273 0.137663 0.138224 0.138841 0.139489 0.140166 0.140871 0.141607 0.142373 0.143172 0.144005 0.144873 0.145780 0.146726 0.147713 0.148745 0.149823 0.150951 0.152131 0.153368 0.154665 0.156026 0.157458 0.158965 0.160554 0.162233 0.164009 0.165892 0.167892 0.170023 0.172298 0.174734 0.177353 0.180176 0.183233 0.186557 0.190191 0.194188 0.198613 0.203552 0.209115 0.215455 0.222780 0.231396 0.241769 0.254668 0.271503 0.295334
0.136115 0.142497 0.143831 0.144202 0.144480 0.144831 0.145271 0.145792 0.146381 0.147031 0.147735 0.148490 0.149294 0.150146 0.151046 0.151995 0.152992 0.154041 0.155142 0.156298 0.157513 0.158790 0.160133 0.161545 0.163034 0.164603 0.166261 0.168015 0.169872 0.171845 0.173943 0.176180 0.178572 0.181136 0.183893 0.186869 0.190094 0.193603 0.197440 0.201661 0.206334 0.211546 0.217411 0.224081 0.231762 0.240748 0.251474 0.264624 0.281366 0.303984
0.159713 0.151341 0.149267 0.148815 0.148873 0.149146 0.149548 0.150042 0.150613 0.151251 0.151950 0.152705 0.153513 0.154374 0.155286 0.156250 0.157266 0.158336 0.159462 0.160646 0.161891 0.163201 0.164580 0.166032 0.167563 0.169179 0.170888 0.172696 0.174613 0.176650 0.178818 0.181131 0.183605 0.186258 0.189113 0.192194 0.195534 0.199169 0.203144 0.207514 0.212349 0.217737 0.223791 0.230658 0.238540 0.247712 0.258574 0.271725 0.288128 0.309486
0.140750 0.147544 0.149385 0.150179 0.150757 0.151312 0.151892 0.152514 0.153180 0.153894 0.154653 0.155459 0.156311 0.157209 0.158154 0.159146 0.160189 0.161283 0.162432 0.163637 0.164903 0.166234 0.167633 0.169106 0.170659 0.172297 0.174028 0.175860 0.177802 0.179865 0.182060 0.184403 0.186907 0.189593 0.192481 0.195598 0.198974 0.202646 0.206658 0.211064 0.215932 0.221346 0.227415 0.234279 0.242124 0.251203 0.261869 0.274638 0.290288 0.310090
0.151285 0.148635 0.149157 0.150041 0.150890 0.151693 0.152480 0.153269 0.154073 0.154897 0.155746 0.156623 0.157532 0.158475 0.159455 0.160475 0.161538 0.162647 0.163805 0.165016 0.166284 0.167614 0.169010 0.170476 0.172020 0.173646 0.175364 0.177179 0.179102 0.181142 0.183312 0.185625 0.188095 0.190742 0.193585 0.196649 0.199964 0.203563 0.207488 0.211791 0.216533 0.221792 0.227667 0.234284 0.241808 0.250460 0.260543 0.272480 0.286892 0.304722
0.141172 0.146526 0.148107 0.149065 0.149954 0.150847 0.151743 0.152638 0.153534 0.154433 0.155340 0.156262 0.157201 0.158164 0.159155 0.160177 0.161236 0.162334 0.163476 0.164665 0.165907 0.167205 0.168565 0.169991 0.171489 0.173065 0.174726 0.176479 0.178334 0.180299 0.182385 0.184605 0.186972 0.189504 0.192219 0.195139 0.198290 0.201703 0.205416 0.209472 0.213928 0.218849 0.224323 0.230454 0.237384 0.245294 0.254429 0.265127 0.277862 0.293329
0.154235 0.147844 0.146938 0.147409 0.148234 0.149139 0.150052 0.150956 0.151850 0.152740 0.153632 0.154532 0.155446 0.156378 0.157334 0.158317 0.159333 0.160384 0.161474 0.162608 0.163790 0.165023 0.166311 0.167661 0.169076 0.170563 0.172126 0.173774 0.175514 0.177353 0.179302 0.181372 0.183575 0.185924 0.188437 0.191131 0.194031 0.197161 0.200553 0.204245 0.208281 0.212718 0.217624 0.223085 0.229212 0.236148 0.244079 0.253260 0.264040 0.276913
0.132743 0.140401 0.143289 0.144821 0.145897 0.146797 0.147621 0.148414 0.149196 0.149979 0.150772 0.151579 0.152405 0.153253 0.154128 0.155031 0.155966 0.156935 0.157942 0.158989 0.160079 0.161217 0.162406 0.163649 0.164950 0.166315 0.167749 0.169257 0.170845 0.172521 0.174293 0.176169 0.178161 0.180278 0.182536 0.184949 0.187536 0.190318 0.193318 0.196568 0.200103 0.203965 0.208208 0.212898 0.218115 0.223966 0.230586 0.238156 0.246919 0.257210
0.141593 0.141395 0.142118 0.142780 0.143349 0.143884 0.144422 0.144979 0.145563 0.146177 0.146820 0.147494 0.148198 0.148933 0.149699 0.150498 0.151330 0.152197 0.153100 0.154041 0.155022 0.156046 0.157116 0.158234 0.159403 0.160627 0.161911 0.163258 0.164675 0.166165 0.167737 0.169396 0.171152 0.173013 0.174989 0.177094 0.179340 0.181744 0.184325 0.187105 0.190111 0.193375 0.196934 0.200837 0.205140 0.209919 0.215266 0.221302 0.228187 0.236139
0.143700 0.141723 0.140461 0.139905 0.139766 0.139861 0.140099 0.140432 0.140836 0.141297 0.141807 0.142359 0.142950 0.143578 0.144240 0.144936 0.145665 0.146428 0.147226 0.148058 0.148927 0.149833 0.150779 0.151767 0.152798 0.153877 0.155005 0.156187 0.157426 0.158726 0.160093 0.161531 0.163048 0.164649 0.166344 0.168140 0.170049 0.172081 0.174252 0.176576 0.179074 0.181768 0.184683 0.187854 0.191319 0.195127 0.199340 0.204036 0.209315 0.215310
0.138643 0.135559 0.134530 0.134160 0.134083 0.134172 0.134373 0.134656 0.135004 0.135404 0.135850 0.136335 0.136856 0.137410 0.137996 0.138611 0.139256 0.139931 0.140634 0.141368 0.142133 0.142929 0.143758 0.144623 0.145523 0.146462 0.147442 0.148465 0.149534 0.150653 0.151825 0.153055 0.154345 0.155703 0.157134 0.158643 0.160239 0.161931 0.163727 0.165639 0.167681 0.169867 0.172216 0.174750 0.177494 0.180481 0.183748 0.187345 0.191333 0.195790
0.118416 0.123540 0.125401 0.126248 0.126760 0.127168 0.127552 0.127944 0.128355 0.128787 0.129242 0.129718 0.130217 0.130736 0.131277 0.131839 0.132422 0.133027 0.133655 0.134306 0.134982 0.135682 0.136408 0.137162 0.137945 0.138758 0.139604 0.140484 0.141400 0.142355 0.143352 0.144393 0.145482 0.146622 0.147818 0.149075 0.150396 0.151790 0.153261 0.154819 0.156471 0.158229 0.160103 0.162109 0.164264 0.166586 0.169100 0.171836 0.174830 0.178128
0.118416 0.117553 0.118019 0.118671 0.119297 0.119875 0.120415 0.120931 0.121432 0.121926 0.122417 0.122910 0.123408 0.123913 0.124427 0.124952 0.125490 0.126041 0.126608 0.127190 0.127790 0.128408 0.129046 0.129705 0.130385 0.131089 0.131818 0.132573 0.133356 0.134168 0.135013 0.135891 0.136806 0.137760 0.138756 0.139796 0.140886 0.142029 0.143229 0.144492 0.145823 0.147231 0.148721 0.150304 0.151990 0.153792 0.155724 0.157805 0.160055 0.162502
0.111252 0.111207 0.111417 0.111893 0.112484 0.113096 0.113691 0.114258 0.114798 0.115317 0.115820 0.116312 0.116799 0.117284 0.117770 0.118259 0.118754 0.119257 0.119769 0.120291 0.120825 0.121372 0.121933 0.122509 0.123102 0.123712 0.124340 0.124988 0.125658 0.126349 0.127065 0.127806 0.128574 0.129372 0.130200 0.131062 0.131960 0.132897 0.133875 0.134899 0.135972 0.137099 0.138286 0.139536 0.140859 0.142260 0.143751 0.145340 0.147041 0.148870
0.103666 0.104441 0.105225 0.105964 0.106636 0.107247 0.107810 0.108335 0.108832 0.109308 0.109770 0.110222 0.110667 0.111110 0.111552 0.111995 0.112442 0.112894 0.113351 0.113816 0.114290 0.114772 0.115265 0.115769 0.116285 0.116814 0.117357 0.117914 0.118488 0.119077 0.119685 0.120311 0.120957 0.121625 0.122316 0.123031 0.123772 0.124542 0.125342 0.126174 0.127042 0.127948 0.128895 0.129888 0.130930 0.132027 0.133184 0.134407 0.135705 0.137086
0.097767 0.099355 0.100638 0.101459 0.102028 0.102482 0.102887 0.103272 0.103649 0.104023 0.104398 0.104773 0.105151 0.105531 0.105914 0.106302 0.106694 0.107091 0.107494 0.107903 0.108319 0.108742 0.109173 0.109613 0.110062 0.110521 0.110989 0.111469 0.111960 0.112464 0.112981 0.113511 0.114056 0.114617 0.115194 0.115789 0.116403 0.117038 0.117694 0.118373 0.119077 0.119809 0.120569 0.121361 0.122188 0.123052 0.123957 0.124907 0.125907 0.126962
0.094817 0.097995 0.098390 0.098397 0.098430 0.098533 0.098694 0.098898 0.099134 0.099394 0.099672 0.099964 0.100268 0.100583 0.100905 0.101236 0.101573 0.101917 0.102267 0.102623 0.102986 0.103355 0.103731 0.104114 0.104503 0.104900 0.105304 0.105717 0.106138 0.106568 0.107008 0.107457 0.107917 0.108389 0.108872 0.109368 0.109878 0.110402 0.110941 0.111497 0.112071 0.112664 0.113277 0.113912 0.114572 0.115256 0.115970 0.116713 0.117490 0.118304
0.108723 0.099017 0.096153 0.095200 0.094868 0.094784 0.094822 0.094932 0.095089 0.095280 0.095496 0.095731 0.095981 0.096245 0.096519 0.096802 0.097092 0.097390 0.097694 0.098005 0.098320 0.098641 0.098968 0.099299 0.099636 0.099979 0.100327 0.100680 0.101040 0.101407 0.101780 0.102160 0.102547 0.102943 0.103347 0.103760 0.104182 0.104615 0.105058 0.105513 0.105981 0.106462 0.106957 0.107468 0.107995 0.108540 0.109105 0.109690 0.110298 0.110931
0.079646 0.087913 0.090011 0.090595 0.090812 0.090952 0.091092 0.091247 0.091420 0.091610 0.091814 0.092030 0.092257 0.092494 0.092738 0.092988 0.093245 0.093507 0.093774 0.094045 0.094321 0.094600 0.094882 0.095169 0.095458 0.095752 0.096049 0.096350 0.096656 0.096965 0.097279 0.097598 0.097922 0.098251 0.098587 0.098928 0.099276 0.099631 0.099994 0.100364 0.100744 0.101133 0.101531 0.101941 0.102362 0.102795 0.103242 0.103703 0.104180 0.104673
0.088496 0.086258 0.086378 0.086787 0.087158 0.087468 0.087736 0.087980 0.088211 0.088435 0.088658 0.088881 0.089105 0.089331 0.089559 0.089790 0.090022 0.090256 0.090493 0.090730 0.090970 0.091211 0.091454 0.091698 0.091944 0.092192 0.092442 0.092695 0.092949 0.093206 0.093466 0.093729 0.093996 0.094266 0.094539 0.094817 0.095100 0.095387 0.095680 0.095978 0.096282 0.096593 0.096910 0.097236 0.097569 0.097911 0.098262 0.098624 0.098996 0.099380
0.083860 0.083754 0.083769 0.084056 0.084416 0.084762 0.085075 0.085360 0.085623 0.085871 0.086107 0.086336 0.086559 0.086778 0.086993 0.087205 0.087414 0.087622 0.087828 0.088033 0.088237 0.088441 0.088644 0.088847 0.089050 0.089253 0.089457 0.089662 0.089867 0.090074 0.090283 0.090493 0.090705 0.090920 0.091137 0.091357 0.091580 0.091806 0.092036 0.092270 0.092509 0.092752 0.093000 0.093253 0.093512 0.093777 0.094049 0.094329 0.094615 0.094910
0.080489 0.080918 0.081757 0.082302 0.082675 0.082979 0.083255 0.083514 0.083762 0.083998 0.084224 0.084440 0.084646 0.084844 0.085035 0.085220 0.085399 0.085573 0.085744 0.085911 0.086075 0.086237 0.086397 0.086556 0.086713 0.086870 0.087026 0.087183 0.087340 0.087497 0.087655 0.087814 0.087974 0.088136 0.088300 0.088465 0.088633 0.088804 0.088977 0.089153 0.089332 0.089515 0.089702 0.089893 0.090088 0.090288 0.090492 0.090702 0.090918 0.091139
0.075011 0.080587 0.081572 0.081759 0.081877 0.082032 0.082219 0.082419 0.082620 0.082815 0.083002 0.083178 0.083344 0.083501 0.083649 0.083790 0.083924 0.084052 0.084176 0.084296 0.084412 0.084525 0.084636 0.084746 0.084854 0.084961 0.085068 0.085175 0.085281 0.085388 0.085496 0.085605 0.085715 0.085826 0.085939 0.086053 0.086170 0.086288 0.086409 0.086533 0.086659 0.086788 0.086921 0.087056 0.087196 0.087338 0.087485 0.087636 0.087792 0.087952
0.097767 0.085556 0.082384 0.081630 0.081548 0.081653 0.081803 0.081957 0.082103 0.082236 0.082357 0.082467 0.082567 0.082659 0.082743 0.082821 0.082894 0.082962 0.083027 0.083089 0.083148 0.083206 0.083262 0.083318 0.083373 0.083428 0.083484 0.083539 0.083596 0.083653 0.083712 0.083771 0.083833 0.083896 0.083961 0.084027 0.084096 0.084167 0.084241 0.084317 0.084396 0.084477 0.084561 0.084649 0.084739 0.084833 0.084930 0.085031 0.085135 0.085244
0.065740 0.076369 0.079711 0.080945 0.081485 0.081758 0.081912 0.082006 0.082066 0.082106 0.082132 0.082149 0.082159 0.082166 0.082169 0.082169 0.082168 0.082167 0.082164 0.082162 0.082159 0.082157 0.082157 0.082157 0.082158 0.082161 0.082165 0.082171 0.082179 0.082189 0.082201 0.082215 0.082231 0.082250 0.082271 0.082295 0.082321 0.082350 0.082381 0.082415 0.082452 0.082492 0.082535 0.082581 0.082630 0.082682 0.082737 0.082796 0.082858 0.082923
0.079646 0.080943 0.081878 0.082316 0.082473 0.082493 0.082448 0.082372 0.082283 0.082188 0.082092 0.081998 0.081907 0.081819 0.081734 0.081654 0.081577 0.081503 0.081433 0.081367 0.081305 0.081246 0.081190 0.081138 0.081089 0.081044 0.081002 0.080963 0.080928 0.080895 0.080866 0.080840 0.080818 0.080798 0.080782 0.080769 0.080759 0.080752 0.080748 0.080747 0.080749 0.080755 0.080763 0.080775 0.080790 0.080808 0.080829 0.080853 0.080880 0.080911
0.096081 0.088720 0.085781 0.084468 0.083764 0.083302 0.082950 0.082655 0.082397 0.082163 0.081950 0.081752 0.081568 0.081396 0.081234 0.081083 0.080941 0.080806 0.080680 0.080560 0.080448 0.080341 0.080241 0.080146 0.080057 0.079972 0.079893 0.079818 0.079749 0.079683 0.079622 0.079565 0.079511 0.079462 0.079417 0.079375 0.079337 0.079302 0.079271 0.079243 0.079219 0.079198 0.079180 0.079165 0.079154 0.079145 0.079140 0.079137 0.079138 0.079142
0.084282 0.085564 0.085154 0.084451 0.083797 0.083244 0.082779 0.082380 0.082029 0.081715 0.081429 0.081168 0.080926 0.080701 0.080491 0.080295 0.080110 0.079937 0.079774 0.079620 0.079475 0.079338 0.079209 0.079087 0.078971 0.078862 0.078759 0.078662 0.078570 0.078483 0.078401 0.078323 0.078250 0.078182 0.078117 0.078057 0.078000 0.077947 0.077898 0.077852 0.077810 0.077770 0.077735 0.077702 0.077672 0.077645 0.077621 0.077601 0.077583 0.077567
0.080489 0.082547 0.082960 0.082788 0.082434 0.082043 0.081661 0.081302 0.080968 0.080658 0.080370 0.080101 0.079851 0.079616 0.079395 0.079188 0.078994 0.078810 0.078637 0.078474 0.078320 0.078174 0.078036 0.077905 0.077781 0.077664 0.077553 0.077448 0.077348 0.077253 0.077164 0.077078 0.076998 0.076921 0.076849 0.076780 0.076715 0.076654 0.076596 0.076541 0.076490 0.076441 0.076396 0.076353 0.076313 0.076276 0.076242 0.076210 0.076180 0.076153
0.085546 0.082031 0.080907 0.080488 0.080232 0.079995 0.079750 0.079500 0.079250 0.079005 0.078770 0.078544 0.078330 0.078126 0.077933 0.077750 0.077577 0.077412 0.077257 0.077109 0.076969 0.076837 0.076711 0.076591 0.076477 0.076369 0.076267 0.076169 0.076076 0.075987 0.075903 0.075822 0.075745 0.075672 0.075603 0.075536 0.075473 0.075412 0.075355 0.075300 0.075248 0.075198 0.075151 0.075106 0.075063 0.075023 0.074985 0.074949 0.074914 0.074882
0.076275 0.077011 0.077457 0.077601 0.077589 0.077501 0.077375 0.077230 0.077076 0.076920 0.076764 0.076611 0.076463 0.076319 0.076182 0.076050 0.075923 0.075803 0.075687 0.075577 0.075472 0.075371 0.075275 0.075183 0.075095 0.075011 0.074931 0.074854 0.074780 0.074709 0.074641 0.074576 0.074513 0.074453 0.074395 0.074339 0.074286 0.074234 0.074185 0.074137 0.074091 0.074047 0.074005 0.073964 0.073925 0.073887 0.073851 0.073816 0.073782 0.073751
0.068689 0.073773 0.074841 0.075004 0.074973 0.074906 0.074836 0.074767 0.074698 0.074630 0.074561 0.074492 0.074424 0.074357 0.074290 0.074225 0.074162 0.074099 0.074039 0.073980 0.073922 0.073866 0.073812 0.073759 0.073708 0.073658 0.073609 0.073562 0.073516 0.073471 0.073428 0.073385 0.073343 0.073303 0.073263 0.073224 0.073186 0.073149 0.073113 0.073078 0.073043 0.073010 0.072976 0.072944 0.072913 0.072882 0.072852 0.072822 0.072794 0.072766
0.085546 0.076010 0.073412 0.072647 0.072409 0.072338 0.072327 0.072337 0.072355 0.072376 0.072395 0.072412 0.072427 0.072438 0.072447 0.072453 0.072456 0.072457 0.072456 0.072453 0.072449 0.072442 0.072434 0.072425 0.072414 0.072403 0.072390 0.072376 0.072362 0.072346 0.072330 0.072313 0.072296 0.072278 0.072259 0.072240 0.072220 0.072200 0.072180 0.072159 0.072138 0.072117 0.072096 0.072074 0.072052 0.072031 0.072009 0.071987 0.071965 0.071943
0.059840 0.067145 0.068971 0.069520 0.069758 0.069915 0.070048 0.070170 0.070286 0.070396 0.070500 0.070597 0.070687 0.070770 0.070847 0.070918 0.070983 0.071042 0.071096 0.071144 0.071188 0.071228 0.071263 0.071294 0.071322 0.071346 0.071367 0.071385 0.071400 0.071412 0.071422 0.071430 0.071435 0.071439 0.071440 0.071440 0.071438 0.071434 0.071429 0.071422 0.071415 0.071406 0.071396 0.071385 0.071373 0.071360 0.071347 0.071332 0.071318 0.071302
0.068268 0.066680 0.066996 0.067441 0.067797 0.068082 0.068323 0.068539 0.068737 0.068920 0.069091 0.069251 0.069400 0.069539 0.069668 0.069788 0.069900 0.070003 0.070098 0.070186 0.070267 0.070342 0.070410 0.070473 0.070530 0.070581 0.070628 0.070671 0.070709 0.070742 0.070773 0.070799 0.070822 0.070842 0.070859 0.070873 0.070885 0.070894 0.070901 0.070906 0.070908 0.070909 0.070908 0.070906 0.070902 0.070896 0.070890 0.070881 0.070872 0.070862
0.066161 0.066386 0.066440 0.066618 0.066870 0.067144 0.067413 0.067669 0.067909 0.068132 0.068341 0.068535 0.068716 0.068885 0.069043 0.069189 0.069326 0.069453 0.069571 0.069680 0.069781 0.069875 0.069961 0.070040 0.070113 0.070180 0.070241 0.070296 0.070347 0.070392 0.070433 0.070470 0.070503 0.070532 0.070558 0.070580 0.070599 0.070615 0.070629 0.070639 0.070648 0.070654 0.070658 0.070660 0.070660 0.070659 0.070656 0.070651 0.070645 0.070638
