0.047210 0.047351 0.047412 0.047431 0.047427 0.047407 0.047377 0.047338 0.047293 0.047244 0.047190 0.047133 0.047073 0.047011 0.046947 0.046881 0.046814 0.046746 0.046676 0.046605 0.046534 0.046462 0.046389 0.046315 0.046240 0.046165 0.046090 0.046014 0.045937 0.045860 0.045782 0.045704 0.045626 0.045547 0.045468 0.045388 0.045308 0.045228 0.045148 0.045067 0.044986 0.044904 0.044822 0.044740 0.044658 0.044576 0.044493 0.044410 0.044327 0.044243
0.047961 0.047828 0.047749 0.047693 0.047643 0.047592 0.047539 0.047483 0.047424 0.047364 0.047301 0.047237 0.047171 0.047103 0.047035 0.046965 0.046895 0.046824 0.046751 0.046678 0.046605 0.046531 0.046456 0.046380 0.046304 0.046228 0.046151 0.046073 0.045995 0.045917 0.045838 0.045759 0.045680 0.045600 0.045520 0.045439 0.045358 0.045277 0.045196 0.045114 0.045032 0.044950 0.044867 0.044785 0.044702 0.044618 0.044535 0.044451 0.044368 0.044284
0.048515 0.048307 0.048179 0.048076 0.047984 0.047897 0.047815 0.047735 0.047656 0.047580 0.047503 0.047428 0.047352 0.047277 0.047201 0.047125 0.047049 0.046973 0.046896 0.046819 0.046742 0.046664 0.046586 0.046507 0.046428 0.046349 0.046269 0.046189 0.046109 0.046028 0.045948 0.045866 0.045785 0.045703 0.045621 0.045539 0.045456 0.045373 0.045290 0.045207 0.045123 0.045039 0.044956 0.044871 0.044787 0.044703 0.044618 0.044533 0.044448 0.044363
0.048599 0.048656 0.048580 0.048468 0.048353 0.048242 0.048138 0.048040 0.047946 0.047855 0.047767 0.047681 0.047596 0.047512 0.047429 0.047346 0.047264 0.047182 0.047100 0.047018 0.046935 0.046853 0.046771 0.046688 0.046605 0.046522 0.046439 0.046356 0.046273 0.046189 0.046105 0.046021 0.045936 0.045852 0.045767 0.045682 0.045597 0.045512 0.045427 0.045341 0.045256 0.045170 0.045084 0.044998 0.044911 0.044825 0.044738 0.044652 0.044565 0.044478
0.049401 0.049165 0.048977 0.048823 0.048690 0.048571 0.048461 0.048356 0.048256 0.048159 0.048065 0.047972 0.047881 0.047791 0.047701 0.047613 0.047525 0.047437 0.047350 0.047262 0.047175 0.047088 0.047001 0.046914 0.046827 0.046740 0.046653 0.046566 0.046478 0.046391 0.046304 0.046216 0.046128 0.046041 0.045953 0.045865 0.045777 0.045689 0.045601 0.045513 0.045424 0.045336 0.045247 0.045159 0.045070 0.044981 0.044893 0.044804 0.044715 0.044626
0.049818 0.049403 0.049207 0.049077 0.048969 0.048867 0.048768 0.048670 0.048573 0.048477 0.048381 0.048286 0.048191 0.048098 0.048004 0.047911 0.047818 0.047726 0.047634 0.047542 0.047450 0.047358 0.047266 0.047175 0.047083 0.046992 0.046901 0.046809 0.046718 0.046627 0.046536 0.046444 0.046353 0.046262 0.046171 0.046079 0.045988 0.045897 0.045806 0.045715 0.045623 0.045532 0.045441 0.045350 0.045258 0.045167 0.045076 0.044984 0.044893 0.044802
0.048896 0.049243 0.049317 0.049298 0.049241 0.049167 0.049083 0.048993 0.048901 0.048807 0.048712 0.048616 0.048520 0.048423 0.048326 0.048230 0.048133 0.048037 0.047940 0.047844 0.047748 0.047651 0.047555 0.047460 0.047364 0.047268 0.047173 0.047077 0.046982 0.046887 0.046792 0.046697 0.046602 0.046507 0.046413 0.046318 0.046224 0.046129 0.046035 0.045940 0.045846 0.045752 0.045658 0.045564 0.045470 0.045376 0.045282 0.045188 0.045094 0.045000
0.049787 0.049726 0.049709 0.049664 0.049597 0.049518 0.049432 0.049342 0.049249 0.049154 0.049057 0.048959 0.048860 0.048760 0.048660 0.048560 0.048460 0.048359 0.048259 0.048159 0.048058 0.047958 0.047858 0.047758 0.047659 0.047559 0.047460 0.047360 0.047262 0.047163 0.047064 0.046966 0.046867 0.046769 0.046671 0.046573 0.046476 0.046378 0.046281 0.046183 0.046086 0.045989 0.045892 0.045795 0.045698 0.045602 0.045505 0.045409 0.045312 0.045216
0.050473 0.050436 0.050276 0.050137 0.050020 0.049915 0.049814 0.049714 0.049614 0.049513 0.049411 0.049309 0.049205 0.049102 0.048998 0.048893 0.048789 0.048685 0.048580 0.048476 0.048372 0.048268 0.048165 0.048061 0.047958 0.047855 0.047752 0.047650 0.047547 0.047445 0.047344 0.047242 0.047141 0.047039 0.046938 0.046838 0.046737 0.046637 0.046536 0.046436 0.046337 0.046237 0.046137 0.046038 0.045939 0.045839 0.045740 0.045642 0.045543 0.045444
0.051897 0.051019 0.050713 0.050547 0.050422 0.050308 0.050198 0.050089 0.049981 0.049872 0.049764 0.049655 0.049546 0.049437 0.049329 0.049220 0.049112 0.049003 0.048895 0.048788 0.048680 0.048573 0.048467 0.048360 0.048254 0.048148 0.048043 0.047937 0.047832 0.047728 0.047623 0.047519 0.047415 0.047311 0.047208 0.047105 0.047002 0.046899 0.046796 0.046694 0.046592 0.046490 0.046388 0.046286 0.046185 0.046083 0.045982 0.045881 0.045780 0.045679
0.049764 0.050704 0.050887 0.050865 0.050781 0.050676 0.050562 0.050446 0.050330 0.050213 0.050098 0.049983 0.049868 0.049755 0.049642 0.049529 0.049417 0.049306 0.049195 0.049085 0.048975 0.048866 0.048757 0.048648 0.048540 0.048432 0.048324 0.048217 0.048110 0.048003 0.047897 0.047791 0.047685 0.047579 0.047474 0.047369 0.047264 0.047159 0.047055 0.046950 0.046846 0.046742 0.046639 0.046535 0.046432 0.046329 0.046226 0.046123 0.046020 0.045918
0.052283 0.051621 0.051409 0.051273 0.051146 0.051018 0.050891 0.050764 0.050640 0.050517 0.050396 0.050277 0.050159 0.050042 0.049927 0.049812 0.049698 0.049586 0.049473 0.049362 0.049251 0.049140 0.049030 0.048920 0.048810 0.048701 0.048593 0.048484 0.048376 0.048268 0.048161 0.048053 0.047946 0.047839 0.047732 0.047626 0.047520 0.047414 0.047308 0.047202 0.047097 0.046991 0.046886 0.046781 0.046676 0.046572 0.046467 0.046363 0.046259 0.046155
0.051995 0.052000 0.051804 0.051612 0.051444 0.051294 0.051154 0.051021 0.050893 0.050769 0.050647 0.050527 0.050410 0.050293 0.050178 0.050064 0.049950 0.049838 0.049726 0.049614 0.049503 0.049392 0.049282 0.049172 0.049063 0.048954 0.048845 0.048736 0.048627 0.048519 0.048411 0.048303 0.048195 0.048088 0.047981 0.047873 0.047766 0.047659 0.047553 0.047446 0.047340 0.047234 0.047127 0.047021 0.046916 0.046810 0.046704 0.046599 0.046494 0.046388
0.052751 0.052213 0.051944 0.051755 0.051599 0.051459 0.051328 0.051204 0.051083 0.050965 0.050849 0.050734 0.050620 0.050507 0.050395 0.050284 0.050173 0.050063 0.049952 0.049843 0.049733 0.049624 0.049515 0.049406 0.049297 0.049188 0.049080 0.048972 0.048864 0.048756 0.048648 0.048540 0.048432 0.048324 0.048217 0.048110 0.048002 0.047895 0.047788 0.047681 0.047574 0.047467 0.047361 0.047254 0.047147 0.047041 0.046935 0.046829 0.046722 0.046616
0.051665 0.051815 0.051797 0.051726 0.051637 0.051538 0.051436 0.051331 0.051225 0.051119 0.051013 0.050906 0.050800 0.050693 0.050586 0.050479 0.050372 0.050265 0.050158 0.050051 0.049943 0.049836 0.049729 0.049622 0.049514 0.049407 0.049300 0.049193 0.049085 0.048978 0.048871 0.048763 0.048656 0.048549 0.048442 0.048335 0.048227 0.048120 0.048013 0.047906 0.047799 0.047692 0.047585 0.047478 0.047371 0.047264 0.047158 0.047051 0.046944 0.046838
0.051655 0.051738 0.051762 0.051737 0.051683 0.051613 0.051531 0.051444 0.051352 0.051258 0.051161 0.051062 0.050963 0.050862 0.050760 0.050658 0.050555 0.050452 0.050348 0.050244 0.050139 0.050035 0.049930 0.049824 0.049719 0.049613 0.049507 0.049401 0.049295 0.049189 0.049082 0.048976 0.048869 0.048763 0.048656 0.048549 0.048442 0.048335 0.048228 0.048122 0.048015 0.047908 0.047801 0.047694 0.047587 0.047480 0.047373 0.047266 0.047159 0.047052
0.052125 0.052043 0.051960 0.051887 0.051815 0.051740 0.051662 0.051579 0.051493 0.051404 0.051313 0.051219 0.051125 0.051028 0.050931 0.050832 0.050732 0.050632 0.050531 0.050429 0.050327 0.050224 0.050121 0.050018 0.049914 0.049810 0.049705 0.049600 0.049495 0.049390 0.049284 0.049179 0.049073 0.048967 0.048861 0.048755 0.048648 0.048542 0.048435 0.048329 0.048222 0.048115 0.048008 0.047901 0.047795 0.047688 0.047581 0.047474 0.047367 0.047260
0.052713 0.052364 0.052209 0.052101 0.052007 0.051919 0.051833 0.051747 0.051660 0.051571 0.051481 0.051389 0.051296 0.051201 0.051105 0.051009 0.050911 0.050812 0.050713 0.050613 0.050512 0.050410 0.050309 0.050206 0.050104 0.050000 0.049897 0.049793 0.049689 0.049584 0.049480 0.049375 0.049270 0.049164 0.049059 0.048953 0.048847 0.048741 0.048635 0.048529 0.048422 0.048316 0.048209 0.048102 0.047996 0.047889 0.047782 0.047675 0.047568 0.047461
0.052072 0.052412 0.052390 0.052306 0.052215 0.052124 0.052034 0.051943 0.051853 0.051761 0.051668 0.051575 0.051480 0.051385 0.051289 0.051192 0.051094 0.050996 0.050897 0.050797 0.050697 0.050596 0.050495 0.050393 0.050291 0.050188 0.050085 0.049982 0.049879 0.049775 0.049671 0.049566 0.049462 0.049357 0.049252 0.049146 0.049041 0.048935 0.048829 0.048723 0.048617 0.048511 0.048404 0.048298 0.048191 0.048085 0.047978 0.047871 0.047764 0.047657
0.053667 0.052845 0.052629 0.052524 0.052435 0.052344 0.052251 0.052157 0.052061 0.051966 0.051869 0.051773 0.051676 0.051578 0.051480 0.051382 0.051283 0.051184 0.051084 0.050984 0.050884 0.050783 0.050681 0.050580 0.050478 0.050375 0.050273 0.050169 0.050066 0.049963 0.049859 0.049755 0.049650 0.049546 0.049441 0.049336 0.049231 0.049125 0.049020 0.048914 0.048808 0.048702 0.048596 0.048490 0.048383 0.048277 0.048170 0.048063 0.047956 0.047849
0.051593 0.052613 0.052785 0.052755 0.052673 0.052577 0.052478 0.052377 0.052277 0.052176 0.052076 0.051976 0.051876 0.051776 0.051676 0.051576 0.051476 0.051375 0.051274 0.051173 0.051072 0.050971 0.050869 0.050767 0.050665 0.050562 0.050459 0.050356 0.050253 0.050149 0.050045 0.049941 0.049837 0.049733 0.049628 0.049523 0.049418 0.049313 0.049208 0.049102 0.048996 0.048891 0.048785 0.048678 0.048572 0.048466 0.048359 0.048253 0.048146 0.048039
0.054719 0.053614 0.053246 0.053060 0.052926 0.052809 0.052698 0.052591 0.052487 0.052383 0.052280 0.052177 0.052075 0.051973 0.051872 0.051770 0.051669 0.051567 0.051465 0.051363 0.051261 0.051159 0.051057 0.050954 0.050852 0.050749 0.050646 0.050543 0.050439 0.050336 0.050232 0.050128 0.050024 0.049919 0.049815 0.049710 0.049605 0.049500 0.049395 0.049290 0.049184 0.049078 0.048972 0.048866 0.048760 0.048654 0.048548 0.048441 0.048335 0.048228
0.053240 0.053450 0.053360 0.053236 0.053116 0.053003 0.052895 0.052788 0.052683 0.052579 0.052475 0.052372 0.052269 0.052167 0.052064 0.051962 0.051860 0.051757 0.051655 0.051552 0.051450 0.051347 0.051245 0.051142 0.051039 0.050936 0.050833 0.050729 0.050626 0.050522 0.050419 0.050315 0.050211 0.050106 0.050002 0.049897 0.049792 0.049688 0.049583 0.049477 0.049372 0.049266 0.049161 0.049055 0.048949 0.048843 0.048737 0.048630 0.048524 0.048417
0.053553 0.053457 0.053416 0.053349 0.053263 0.053168 0.053069 0.052968 0.052866 0.052764 0.052661 0.052559 0.052457 0.052354 0.052252 0.052150 0.052047 0.051945 0.051842 0.051740 0.051637 0.051535 0.051432 0.051329 0.051226 0.051123 0.051020 0.050917 0.050814 0.050710 0.050607 0.050503 0.050399 0.050295 0.050191 0.050086 0.049982 0.049877 0.049772 0.049667 0.049562 0.049457 0.049351 0.049246 0.049140 0.049034 0.048928 0.048822 0.048716 0.048609
0.053528 0.053616 0.053581 0.053510 0.053425 0.053333 0.053238 0.053140 0.053041 0.052941 0.052841 0.052740 0.052638 0.052537 0.052435 0.052334 0.052232 0.052130 0.052028 0.051926 0.051824 0.051722 0.051619 0.051517 0.051414 0.051312 0.051209 0.051106 0.051003 0.050900 0.050797 0.050693 0.050590 0.050486 0.050382 0.050278 0.050174 0.050070 0.049965 0.049860 0.049756 0.049651 0.049546 0.049440 0.049335 0.049229 0.049124 0.049018 0.048912 0.048806
0.054302 0.054013 0.053840 0.053714 0.053608 0.053508 0.053410 0.053313 0.053215 0.053116 0.053017 0.052917 0.052817 0.052717 0.052616 0.052516 0.052415 0.052314 0.052213 0.052112 0.052011 0.051910 0.051808 0.051707 0.051605 0.051503 0.051401 0.051299 0.051196 0.051094 0.050991 0.050888 0.050785 0.050682 0.050579 0.050475 0.050371 0.050268 0.050164 0.050059 0.049955 0.049850 0.049746 0.049641 0.049536 0.049431 0.049325 0.049220 0.049114 0.049008
0.054353 0.054116 0.053984 0.053878 0.053779 0.053681 0.053584 0.053486 0.053389 0.053290 0.053192 0.053094 0.052995 0.052896 0.052798 0.052699 0.052599 0.052500 0.052401 0.052301 0.052201 0.052101 0.052001 0.051900 0.051800 0.051699 0.051598 0.051497 0.051395 0.051293 0.051192 0.051089 0.050987 0.050885 0.050782 0.050679 0.050576 0.050473 0.050369 0.050266 0.050162 0.050058 0.049954 0.049849 0.049745 0.049640 0.049535 0.049430 0.049325 0.049220
0.053754 0.054056 0.054086 0.054031 0.053947 0.053854 0.053758 0.053661 0.053564 0.053467 0.053370 0.053273 0.053177 0.053080 0.052983 0.052886 0.052789 0.052692 0.052594 0.052496 0.052398 0.052299 0.052200 0.052101 0.052002 0.051903 0.051803 0.051703 0.051602 0.051502 0.051401 0.051300 0.051198 0.051097 0.050995 0.050893 0.050790 0.050688 0.050585 0.050482 0.050379 0.050276 0.050172 0.050068 0.049964 0.049860 0.049756 0.049652 0.049547 0.049443
0.054851 0.054511 0.054355 0.054238 0.054133 0.054031 0.053933 0.053837 0.053742 0.053647 0.053554 0.053460 0.053366 0.053272 0.053178 0.053083 0.052988 0.052893 0.052797 0.052701 0.052605 0.052508 0.052411 0.052314 0.052216 0.052117 0.052019 0.051920 0.051821 0.051721 0.051621 0.051521 0.051421 0.051320 0.051219 0.051118 0.051017 0.050915 0.050813 0.050711 0.050609 0.050506 0.050403 0.050301 0.050197 0.050094 0.049991 0.049887 0.049784 0.049680
0.054773 0.054701 0.054547 0.054414 0.054302 0.054202 0.054109 0.054018 0.053929 0.053840 0.053750 0.053660 0.053570 0.053479 0.053388 0.053296 0.053203 0.053110 0.053016 0.052922 0.052827 0.052732 0.052636 0.052540 0.052444 0.052347 0.052249 0.052152 0.052054 0.051955 0.051857 0.051757 0.051658 0.051559 0.051459 0.051358 0.051258 0.051157 0.051056 0.050955 0.050854 0.050753 0.050651 0.050549 0.050447 0.050345 0.050242 0.050140 0.050037 0.049934
0.055177 0.054751 0.054612 0.054527 0.054452 0.054376 0.054299 0.054219 0.054138 0.054055 0.053970 0.053884 0.053797 0.053708 0.053619 0.053529 0.053438 0.053347 0.053255 0.053162 0.053068 0.052975 0.052880 0.052785 0.052690 0.052594 0.052498 0.052401 0.052304 0.052207 0.052109 0.052011 0.051913 0.051815 0.051716 0.051617 0.051518 0.051418 0.051318 0.051219 0.051118 0.051018 0.050918 0.050817 0.050717 0.050616 0.050515 0.050414 0.050312 0.050211
0.053859 0.054516 0.054671 0.054687 0.054655 0.054601 0.054536 0.054463 0.054386 0.054306 0.054223 0.054138 0.054052 0.053965 0.053877 0.053788 0.053698 0.053607 0.053516 0.053424 0.053331 0.053238 0.053145 0.053051 0.052956 0.052862 0.052766 0.052671 0.052575 0.052479 0.052382 0.052286 0.052189 0.052092 0.051994 0.051896 0.051799 0.051701 0.051602 0.051504 0.051406 0.051307 0.051208 0.051109 0.051010 0.050911 0.050812 0.050713 0.050613 0.050514
0.055796 0.055254 0.055116 0.055048 0.054984 0.054915 0.054841 0.054762 0.054681 0.054597 0.054513 0.054426 0.054339 0.054251 0.054163 0.054073 0.053983 0.053893 0.053802 0.053710 0.053618 0.053525 0.053433 0.053339 0.053246 0.053152 0.053058 0.052963 0.052869 0.052774 0.052679 0.052584 0.052488 0.052393 0.052297 0.052201 0.052105 0.052009 0.051913 0.051816 0.051720 0.051624 0.051527 0.051430 0.051334 0.051237 0.051140 0.051043 0.050946 0.050849
0.055382 0.055647 0.055595 0.055492 0.055389 0.055290 0.055195 0.055103 0.055012 0.054922 0.054833 0.054744 0.054654 0.054565 0.054475 0.054384 0.054294 0.054203 0.054112 0.054020 0.053928 0.053837 0.053744 0.053652 0.053560 0.053467 0.053374 0.053281 0.053188 0.053095 0.053002 0.052909 0.052815 0.052722 0.052629 0.052535 0.052442 0.052348 0.052255 0.052161 0.052067 0.051974 0.051880 0.051786 0.051693 0.051599 0.051505 0.051412 0.051318 0.051224
0.056889 0.056324 0.056076 0.055910 0.055777 0.055661 0.055555 0.055455 0.055359 0.055266 0.055173 0.055082 0.054990 0.054899 0.054808 0.054718 0.054627 0.054536 0.054445 0.054354 0.054263 0.054172 0.054081 0.053990 0.053900 0.053809 0.053718 0.053628 0.053537 0.053447 0.053356 0.053266 0.053175 0.053085 0.052995 0.052905 0.052815 0.052725 0.052635 0.052545 0.052455 0.052365 0.052275 0.052185 0.052096 0.052006 0.051916 0.051827 0.051737 0.051648
0.056287 0.056400 0.056310 0.056198 0.056092 0.055992 0.055896 0.055802 0.055709 0.055617 0.055525 0.055433 0.055342 0.055251 0.055160 0.055070 0.054980 0.054890 0.054801 0.054711 0.054622 0.054534 0.054445 0.054357 0.054270 0.054182 0.054095 0.054008 0.053921 0.053834 0.053748 0.053661 0.053575 0.053489 0.053403 0.053318 0.053232 0.053147 0.053062 0.052976 0.052891 0.052807 0.052722 0.052637 0.052553 0.052468 0.052384 0.052300 0.052216 0.052132
0.056890 0.056576 0.056493 0.056440 0.056381 0.056310 0.056232 0.056149 0.056063 0.055975 0.055886 0.055796 0.055707 0.055618 0.055529 0.055441 0.055354 0.055267 0.055181 0.055096 0.055011 0.054926 0.054842 0.054759 0.054676 0.054593 0.054511 0.054429 0.054347 0.054266 0.054185 0.054105 0.054024 0.053944 0.053864 0.053785 0.053705 0.053626 0.053547 0.053468 0.053390 0.053311 0.053233 0.053155 0.053077 0.052999 0.052922 0.052844 0.052767 0.052690
0.056171 0.056643 0.056764 0.056772 0.056733 0.056671 0.056597 0.056516 0.056431 0.056345 0.056259 0.056172 0.056087 0.056002 0.055919 0.055836 0.055754 0.055673 0.055593 0.055514 0.055435 0.055358 0.055280 0.055204 0.055128 0.055053 0.054978 0.054903 0.054829 0.054755 0.054682 0.054609 0.054536 0.054464 0.054392 0.054320 0.054248 0.054177 0.054106 0.054035 0.053965 0.053894 0.053824 0.053754 0.053684 0.053615 0.053546 0.053477 0.053408 0.053339
0.057795 0.057494 0.057371 0.057273 0.057178 0.057084 0.056992 0.056903 0.056815 0.056731 0.056649 0.056568 0.056490 0.056413 0.056338 0.056264 0.056192 0.056120 0.056050 0.055980 0.055911 0.055843 0.055776 0.055709 0.055643 0.055577 0.055512 0.055447 0.055382 0.055318 0.055255 0.055191 0.055128 0.055066 0.055003 0.054941 0.054879 0.054818 0.054757 0.054696 0.054635 0.054575 0.054514 0.054455 0.054395 0.054336 0.054277 0.054218 0.054159 0.054101
0.058265 0.058157 0.057940 0.057754 0.057607 0.057487 0.057384 0.057294 0.057212 0.057136 0.057065 0.056997 0.056932 0.056868 0.056807 0.056746 0.056687 0.056629 0.056572 0.056515 0.056460 0.056404 0.056349 0.056295 0.056241 0.056188 0.056135 0.056082 0.056029 0.055977 0.055926 0.055874 0.055823 0.055772 0.055721 0.055671 0.055621 0.055571 0.055522 0.055473 0.055424 0.055375 0.055327 0.055279 0.055232 0.055185 0.055138 0.055091 0.055045 0.055000
0.059193 0.058498 0.058206 0.058040 0.057924 0.057834 0.057759 0.057695 0.057637 0.057584 0.057535 0.057488 0.057442 0.057398 0.057355 0.057313 0.057272 0.057231 0.057190 0.057149 0.057109 0.057069 0.057030 0.056990 0.056951 0.056912 0.056873 0.056835 0.056797 0.056759 0.056721 0.056683 0.056646 0.056609 0.056572 0.056536 0.056500 0.056464 0.056428 0.056393 0.056358 0.056324 0.056290 0.056256 0.056223 0.056190 0.056158 0.056126 0.056095 0.056064
0.057537 0.058026 0.058166 0.058203 0.058206 0.058195 0.058180 0.058163 0.058145 0.058126 0.058107 0.058088 0.058068 0.058047 0.058026 0.058005 0.057984 0.057962 0.057940 0.057917 0.057895 0.057872 0.057850 0.057827 0.057805 0.057782 0.057760 0.057738 0.057715 0.057693 0.057672 0.057650 0.057629 0.057607 0.057587 0.057566 0.057546 0.057526 0.057506 0.057487 0.057469 0.057451 0.057433 0.057416 0.057399 0.057384 0.057369 0.057354 0.057341 0.057328
0.058236 0.058367 0.058511 0.058613 0.058685 0.058736 0.058774 0.058802 0.058823 0.058839 0.058850 0.058858 0.058863 0.058866 0.058868 0.058868 0.058867 0.058865 0.058862 0.058859 0.058855 0.058851 0.058847 0.058843 0.058838 0.058834 0.058829 0.058824 0.058820 0.058816 0.058812 0.058808 0.058804 0.058801 0.058798 0.058795 0.058793 0.058792 0.058790 0.058790 0.058790 0.058791 0.058793 0.058795 0.058798 0.058803 0.058808 0.058814 0.058822 0.058831
0.059264 0.059315 0.059367 0.059442 0.059521 0.059594 0.059657 0.059711 0.059757 0.059796 0.059829 0.059858 0.059884 0.059907 0.059928 0.059948 0.059966 0.059983 0.059999 0.060015 0.060030 0.060045 0.060060 0.060074 0.060089 0.060103 0.060118 0.060132 0.060147 0.060162 0.060178 0.060193 0.060209 0.060226 0.060243 0.060261 0.060279 0.060299 0.060319 0.060339 0.060361 0.060384 0.060408 0.060434 0.060460 0.060489 0.060518 0.060550 0.060583 0.060619
0.060746 0.060556 0.060588 0.060667 0.060748 0.060822 0.060888 0.060946 0.060998 0.061046 0.061091 0.061132 0.061172 0.061210 0.061247 0.061283 0.061319 0.061354 0.061389 0.061423 0.061457 0.061491 0.061525 0.061560 0.061594 0.061629 0.061664 0.061699 0.061735 0.061771 0.061808 0.061845 0.061883 0.061922 0.061962 0.062003 0.062045 0.062088 0.062132 0.062178 0.062225 0.062274 0.062325 0.062377 0.062432 0.062489 0.062549 0.062611 0.062677 0.062746
0.061316 0.061916 0.062166 0.062287 0.062359 0.062413 0.062462 0.062508 0.062555 0.062603 0.062652 0.062701 0.062752 0.062803 0.062854 0.062906 0.062958 0.063011 0.063064 0.063117 0.063171 0.063225 0.063280 0.063335 0.063391 0.063447 0.063504 0.063562 0.063621 0.063680 0.063741 0.063802 0.063865 0.063930 0.063995 0.064063 0.064132 0.064203 0.064276 0.064351 0.064429 0.064509 0.064592 0.064678 0.064767 0.064860 0.064957 0.065059 0.065165 0.065276
0.064348 0.064355 0.064321 0.064298 0.064292 0.064303 0.064327 0.064363 0.064407 0.064458 0.064514 0.064574 0.064637 0.064702 0.064770 0.064839 0.064910 0.064982 0.065055 0.065129 0.065204 0.065280 0.065357 0.065435 0.065514 0.065594 0.065676 0.065759 0.065843 0.065929 0.066017 0.066106 0.066198 0.066292 0.066388 0.066486 0.066588 0.066692 0.066800 0.066911 0.067025 0.067144 0.067267 0.067395 0.067528 0.067667 0.067812 0.067964 0.068123 0.068291
0.067705 0.066866 0.066548 0.066424 0.066385 0.066391 0.066424 0.066473 0.066534 0.066603 0.066678 0.066758 0.066841 0.066927 0.067016 0.067106 0.067199 0.067293 0.067389 0.067486 0.067585 0.067685 0.067788 0.067891 0.067997 0.068105 0.068214 0.068326 0.068440 0.068557 0.068677 0.068799 0.068924 0.069053 0.069186 0.069322 0.069463 0.069609 0.069759 0.069914 0.070076 0.070243 0.070418 0.070600 0.070790 0.070989 0.071198 0.071418 0.071649 0.071895
0.067852 0.068289 0.068423 0.068501 0.068578 0.068663 0.068754 0.068852 0.068953 0.069058 0.069165 0.069274 0.069386 0.069499 0.069614 0.069731 0.069849 0.069969 0.070092 0.070216 0.070342 0.070471 0.070602 0.070736 0.070872 0.071012 0.071154 0.071300 0.071450 0.071604 0.071761 0.071924 0.072091 0.072263 0.072441 0.072625 0.072815 0.073012 0.073217 0.073430 0.073652 0.073884 0.074126 0.074380 0.074647 0.074928 0.075225 0.075539 0.075873 0.076228
0.070078 0.070339 0.070621 0.070863 0.071069 0.071251 0.071417 0.071574 0.071724 0.071870 0.072014 0.072158 0.072301 0.072444 0.072589 0.072735 0.072883 0.073034 0.073186 0.073342 0.073500 0.073662 0.073827 0.073996 0.074170 0.074348 0.074530 0.074718 0.074911 0.075110 0.075315 0.075528 0.075747 0.075974 0.076210 0.076454 0.076709 0.076974 0.077250 0.077540 0.077842 0.078161 0.078495 0.078848 0.079222 0.079618 0.080039 0.080489 0.080970 0.081488
0.072822 0.073187 0.073535 0.073835 0.074094 0.074322 0.074529 0.074723 0.074908 0.075087 0.075262 0.075436 0.075610 0.075784 0.075960 0.076138 0.076319 0.076503 0.076691 0.076883 0.077079 0.077280 0.077487 0.077699 0.077918 0.078143 0.078375 0.078615 0.078863 0.079120 0.079386 0.079662 0.079949 0.080248 0.080559 0.080884 0.081224 0.081579 0.081953 0.082346 0.082760 0.083198 0.083662 0.084155 0.084680 0.085242 0.085846 0.086496 0.087199 0.087962
0.076429 0.076965 0.077260 0.077494 0.077711 0.077919 0.078122 0.078323 0.078521 0.078718 0.078917 0.079116 0.079318 0.079523 0.079732 0.079945 0.080163 0.080386 0.080615 0.080851 0.081093 0.081343 0.081601 0.081868 0.082143 0.082429 0.082725 0.083031 0.083350 0.083682 0.084027 0.084387 0.084764 0.085157 0.085570 0.086003 0.086458 0.086938 0.087446 0.087983 0.088553 0.089161 0.089810 0.090506 0.091255 0.092064 0.092940 0.093893 0.094936 0.096079
0.081954 0.081554 0.081522 0.081614 0.081758 0.081927 0.082113 0.082309 0.082514 0.082726 0.082945 0.083170 0.083403 0.083643 0.083890 0.084144 0.084407 0.084679 0.084960 0.085250 0.085551 0.085863 0.086187 0.086523 0.086872 0.087235 0.087614 0.088008 0.088420 0.088851 0.089301 0.089774 0.090270 0.090792 0.091343 0.091924 0.092540 0.093193 0.093889 0.094631 0.095426 0.096280 0.097201 0.098197 0.099280 0.100461 0.101754 0.103177 0.104748 0.106488
0.085337 0.085568 0.085700 0.085834 0.085988 0.086164 0.086359 0.086570 0.086795 0.087034 0.087285 0.087547 0.087822 0.088107 0.088405 0.088714 0.089036 0.089370 0.089718 0.090080 0.090457 0.090850 0.091259 0.091685 0.092131 0.092597 0.093084 0.093595 0.094130 0.094693 0.095285 0.095910 0.096569 0.097267 0.098008 0.098796 0.099636 0.100535 0.101499 0.102538 0.103659 0.104876 0.106201 0.107650 0.109240 0.110992 0.112931 0.115084 0.117483 0.120163
0.089297 0.089613 0.089846 0.090059 0.090274 0.090501 0.090743 0.091001 0.091274 0.091564 0.091868 0.092188 0.092524 0.092875 0.093242 0.093625 0.094026 0.094444 0.094880 0.095336 0.095813 0.096311 0.096832 0.097379 0.097951 0.098552 0.099184 0.099849 0.100550 0.101290 0.102074 0.102905 0.103788 0.104729 0.105735 0.106812 0.107971 0.109221 0.110574 0.112044 0.113648 0.115405 0.117337 0.119470 0.121834 0.124463 0.127397 0.130678 0.134356 0.138485
0.093776 0.093800 0.094021 0.094292 0.094582 0.094886 0.095205 0.095539 0.095889 0.096256 0.096641 0.097044 0.097466 0.097907 0.098369 0.098851 0.099356 0.099884 0.100437 0.101016 0.101623 0.102259 0.102927 0.103630 0.104369 0.105148 0.105971 0.106841 0.107763 0.108743 0.109785 0.110898 0.112089 0.113367 0.114744 0.116231 0.117843 0.119598 0.121515 0.123618 0.125934 0.128495 0.131336 0.134498 0.138029 0.141978 0.146405 0.151368 0.156934 0.163169
0.097047 0.097709 0.098128 0.098512 0.098902 0.099305 0.099722 0.100157 0.100609 0.101080 0.101571 0.102084 0.102619 0.103178 0.103762 0.104373 0.105012 0.105682 0.106384 0.107121 0.107895 0.108709 0.109566 0.110471 0.111427 0.112440 0.113514 0.114656 0.115872 0.117173 0.118566 0.120063 0.121676 0.123422 0.125316 0.127381 0.129639 0.132118 0.134851 0.137874 0.141230 0.144966 0.149136 0.153798 0.159016 0.164855 0.171382 0.178663 0.186757 0.195713
0.101875 0.101898 0.102281 0.102749 0.103246 0.103762 0.104297 0.104851 0.105425 0.106023 0.106644 0.107291 0.107966 0.108670 0.109406 0.110176 0.110983 0.111829 0.112718 0.113653 0.114638 0.115677 0.116775 0.117939 0.119174 0.120488 0.121889 0.123388 0.124994 0.126721 0.128585 0.130602 0.132793 0.135181 0.137795 0.140666 0.143832 0.147333 0.151219 0.155544 0.160365 0.165747 0.171756 0.178459 0.185921 0.194200 0.203343 0.213382 0.224329 0.236174
0.104550 0.105659 0.106367 0.106997 0.107625 0.108269 0.108933 0.109622 0.110336 0.111079 0.111851 0.112656 0.113495 0.114372 0.115289 0.116250 0.117258 0.118318 0.119434 0.120612 0.121857 0.123176 0.124576 0.126065 0.127654 0.129353 0.131175 0.133136 0.135251 0.137540 0.140028 0.142740 0.145708 0.148967 0.152558 0.156528 0.160930 0.165822 0.171267 0.177329 0.184078 0.191576 0.199883 0.209045 0.219094 0.230041 0.241877 0.254569 0.268067 0.282305
0.109857 0.110033 0.110617 0.111311 0.112051 0.112824 0.113628 0.114464 0.115332 0.116236 0.117177 0.118159 0.119186 0.120260 0.121386 0.122570 0.123815 0.125128 0.126516 0.127986 0.129546 0.131205 0.132975 0.134868 0.136897 0.139080 0.141435 0.143984 0.146752 0.149768 0.153067 0.156686 0.160670 0.165070 0.169940 0.175341 0.181338 0.187997 0.195384 0.203557 0.212567 0.222448 0.233216 0.244867 0.257373 0.270688 0.284749 0.299486 0.314824 0.330690
0.112748 0.113864 0.114737 0.115595 0.116481 0.117401 0.118356 0.119350 0.120384 0.121461 0.122587 0.123764 0.124997 0.126293 0.127656 0.129093 0.130610 0.132217 0.133922 0.135736 0.137670 0.139737 0.141952 0.144334 0.146902 0.149680 0.152694 0.155976 0.159560 0.163488 0.167806 0.172565 0.177823 0.183641 0.190083 0.197216 0.205100 0.213790 0.223328 0.233738 0.245025 0.257173 0.270143 0.283880 0.298319 0.313385 0.329007 0.345113 0.361641 0.378534
0.117249 0.117937 0.118852 0.119847 0.120882 0.121955 0.123067 0.124223 0.125430 0.126691 0.128012 0.129399 0.130859 0.132398 0.134023 0.135744 0.137569 0.139510 0.141579 0.143789 0.146157 0.148701 0.151442 0.154403 0.157612 0.161102 0.164908 0.169073 0.173641 0.178667 0.184207 0.190322 0.197076 0.204532 0.212749 0.221778 0.231654 0.242397 0.254004 0.266452 0.279699 0.293686 0.308346 0.323606 0.339393 0.355641 0.372290 0.389286 0.406589 0.424166
0.120521 0.121678 0.122855 0.124019 0.125198 0.126412 0.127673 0.128991 0.130372 0.131824 0.133352 0.134963 0.136666 0.138469 0.140382 0.142415 0.144582 0.146895 0.149372 0.152030 0.154891 0.157978 0.161320 0.164948 0.168897 0.173210 0.177932 0.183115 0.188815 0.195092 0.202008 0.209625 0.218000 0.227181 0.237204 0.248085 0.259821 0.272387 0.285740 0.299824 0.314569 0.329904 0.345758 0.362066 0.378766 0.395810 0.413155 0.430771 0.448637 0.466744
0.123772 0.125556 0.126825 0.128042 0.129304 0.130634 0.132036 0.133515 0.135077 0.136728 0.138474 0.140324 0.142287 0.144374 0.146596 0.148967 0.151504 0.154223 0.157147 0.160297 0.163701 0.167390 0.171398 0.175766 0.180537 0.185762 0.191494 0.197793 0.204719 0.212332 0.220689 0.229840 0.239821 0.250651 0.262331 0.274839 0.288137 0.302170 0.316871 0.332171 0.347998 0.364287 0.380976 0.398014 0.415358 0.432977 0.450847 0.468958 0.487309 0.505913
0.130033 0.129622 0.130422 0.131606 0.132959 0.134424 0.135986 0.137644 0.139401 0.141264 0.143242 0.145344 0.147581 0.149966 0.152515 0.155243 0.158171 0.161321 0.164719 0.168393 0.172376 0.176706 0.181425 0.186581 0.192224 0.198411 0.205201 0.212654 0.220826 0.229770 0.239527 0.250123 0.261565 0.273841 0.286920 0.300752 0.315276 0.330424 0.346124 0.362309 0.378917 0.395892 0.413188 0.430769 0.448610 0.466694 0.485018 0.503589 0.522426 0.541555
0.128302 0.131035 0.132800 0.134384 0.135981 0.137648 0.139405 0.141263 0.143231 0.145319 0.147538 0.149900 0.152419 0.155110 0.157992 0.161086 0.164414 0.168005 0.171888 0.176098 0.180675 0.185661 0.191106 0.197063 0.203587 0.210739 0.218574 0.227150 0.236513 0.246697 0.257722 0.269589 0.282276 0.295745 0.309943 0.324805 0.340262 0.356243 0.372684 0.389525 0.406713 0.424209 0.441979 0.460001 0.478266 0.496774 0.515536 0.534575 0.553918 0.573580
0.132562 0.133495 0.135027 0.136708 0.138473 0.140326 0.142277 0.144336 0.146516 0.148829 0.151286 0.153904 0.156700 0.159691 0.162900 0.166351 0.170072 0.174095 0.178454 0.183190 0.188348 0.193976 0.200128 0.206861 0.214231 0.222298 0.231113 0.240722 0.251157 0.262433 0.274546 0.287474 0.301175 0.315593 0.330662 0.346313 0.362478 0.379090 0.396093 0.413437 0.431081 0.448997 0.467165 0.485576 0.504233 0.523150 0.542348 0.561850 0.581655 0.601685
0.133083 0.135088 0.136807 0.138600 0.140502 0.142514 0.144636 0.146879 0.149252 0.151769 0.154446 0.157300 0.160351 0.163620 0.167132 0.170916 0.175003 0.179428 0.184232 0.189460 0.195160 0.201385 0.208192 0.215638 0.223781 0.232673 0.242359 0.252872 0.264226 0.276420 0.289429 0.303213 0.317717 0.332875 0.348617 0.364875 0.381584 0.398684 0.416128 0.433874 0.451893 0.470167 0.488686 0.507452 0.526478 0.545781 0.565376 0.585242 0.605270 0.625132
0.135622 0.136444 0.138138 0.140065 0.142109 0.144260 0.146525 0.148916 0.151447 0.154134 0.156995 0.160050 0.163319 0.166828 0.170604 0.174678 0.179086 0.183867 0.189064 0.194726 0.200905 0.207657 0.215039 0.223109 0.231920 0.241520 0.251944 0.263210 0.275321 0.288258 0.301982 0.316441 0.331570 0.347302 0.363564 0.380292 0.397425 0.414911 0.432709 0.450786 0.469122 0.487705 0.506534 0.525617 0.544965 0.564582 0.584434 0.604385 0.624087 0.642832
0.133012 0.136671 0.139061 0.141205 0.143358 0.145598 0.147955 0.150446 0.153089 0.155902 0.158903 0.162112 0.165554 0.169255 0.173245 0.177557 0.182230 0.187304 0.192827 0.198849 0.205426 0.212614 0.220472 0.229056 0.238415 0.248590 0.259608 0.271476 0.284184 0.297702 0.311980 0.326959 0.342570 0.358742 0.375406 0.392498 0.409963 0.427756 0.445840 0.464188 0.482787 0.501628 0.520714 0.540047 0.559622 0.579392 0.599217 0.618759 0.637357 0.654001
0.138775 0.138782 0.140237 0.142134 0.144233 0.146482 0.148875 0.151421 0.154133 0.157028 0.160125 0.163445 0.167012 0.170855 0.175004 0.179496 0.184368 0.189666 0.195438 0.201737 0.208619 0.216143 0.224367 0.233344 0.243122 0.253736 0.265204 0.277527 0.290684 0.304637 0.319330 0.334698 0.350669 0.367172 0.384139 0.401510 0.419231 0.437262 0.455568 0.474129 0.492930 0.511964 0.531226 0.550700 0.570338 0.590005 0.609399 0.627947 0.644762 0.658811
0.135449 0.138242 0.140331 0.142369 0.144503 0.146769 0.149185 0.151763 0.154517 0.157464 0.160623 0.164015 0.167665 0.171602 0.175858 0.180469 0.185476 0.190926 0.196867 0.203354 0.210445 0.218200 0.226674 0.235922 0.245989 0.256905 0.268685 0.281323 0.294793 0.309049 0.324033 0.339675 0.355902 0.372641 0.389826 0.407397 0.425303 0.443504 0.461968 0.480673 0.499602 0.518741 0.538068 0.557532 0.577016 0.596271 0.614822 0.631927 0.646673 0.658202
0.136516 0.138052 0.139930 0.141953 0.144103 0.146392 0.148831 0.151436 0.154220 0.157200 0.160396 0.163829 0.167526 0.171514 0.175827 0.180502 0.185580 0.191110 0.197140 0.203728 0.210931 0.218809 0.227420 0.236817 0.247045 0.258131 0.270089 0.282909 0.296562 0.311000 0.326160 0.341970 0.358355 0.375243 0.392565 0.410260 0.428279 0.446579 0.465127 0.483897 0.502865 0.522003 0.541261 0.560541 0.579645 0.598207 0.615630 0.631128 0.643914 0.653286
0.135399 0.137012 0.138874 0.140905 0.143081 0.145398 0.147866 0.150495 0.153299 0.156297 0.159508 0.162954 0.166662 0.170661 0.174984 0.179669 0.184759 0.190299 0.196342 0.202944 0.210164 0.218062 0.226698 0.236124 0.246387 0.257514 0.269520 0.282394 0.296105 0.310606 0.325830 0.341706 0.358154 0.375102 0.392477 0.410219 0.428273 0.446595 0.465146 0.483894 0.502803 0.521823 0.540873 0.559803 0.578340 0.596032 0.612233 0.626218 0.637365 0.644996
0.132815 0.135159 0.137247 0.139374 0.141604 0.143956 0.146445 0.149084 0.151890 0.154882 0.158081 0.161509 0.165193 0.169162 0.173449 0.178092 0.183133 0.188619 0.194601 0.201135 0.208281 0.216100 0.224651 0.233991 0.244166 0.255208 0.267132 0.279931 0.293576 0.308019 0.323195 0.339030 0.355443 0.372358 0.389700 0.407403 0.425410 0.443671 0.462139 0.480772 0.499520 0.518312 0.537032 0.555484 0.573342 0.590110 0.605159 0.617870 0.627756 0.634051
0.132462 0.133673 0.135586 0.137709 0.139947 0.142296 0.144769 0.147384 0.150158 0.153110 0.156262 0.159635 0.163256 0.167154 0.171360 0.175911 0.180848 0.186218 0.192070 0.198460 0.205447 0.213092 0.221456 0.230597 0.240565 0.251397 0.263110 0.275705 0.289155 0.303416 0.318424 0.334105 0.350377 0.367158 0.384373 0.401947 0.419819 0.437931 0.456228 0.474655 0.493149 0.511615 0.529914 0.547814 0.564959 0.580852 0.594912 0.606630 0.615617 0.620987
0.128569 0.131672 0.133965 0.136112 0.138297 0.140578 0.142982 0.145527 0.148229 0.151105 0.154174 0.157457 0.160978 0.164765 0.168848 0.173261 0.178045 0.183242 0.188902 0.195079 0.201829 0.209214 0.217296 0.226134 0.235782 0.246280 0.257655 0.269912 0.283033 0.296980 0.311692 0.327097 0.343111 0.359651 0.376634 0.393983 0.411627 0.429499 0.447538 0.465676 0.483834 0.501903 0.519722 0.537044 0.553506 0.568630 0.581900 0.592897 0.601301 0.606175
0.130434 0.131257 0.132801 0.134638 0.136652 0.138811 0.141111 0.143557 0.146160 0.148933 0.151892 0.155056 0.158447 0.162090 0.166015 0.170252 0.174839 0.179816 0.185231 0.191135 0.197581 0.204631 0.212345 0.220784 0.230004 0.240053 0.250963 0.262749 0.275404 0.288897 0.303175 0.318170 0.333799 0.349977 0.366617 0.383636 0.400954 0.418497 0.436194 0.453966 0.471722 0.489343 0.506657 0.523412 0.539255 0.553744 0.566418 0.576929 0.585015 0.589806
0.128011 0.129422 0.131064 0.132873 0.134822 0.136902 0.139112 0.141461 0.143957 0.146613 0.149446 0.152471 0.155710 0.159185 0.162923 0.166953 0.171310 0.176030 0.181157 0.186738 0.192826 0.199477 0.206750 0.214707 0.223404 0.232896 0.243221 0.254406 0.266455 0.279349 0.293047 0.307486 0.322591 0.338274 0.354448 0.371023 0.387913 0.405035 0.422309 0.439647 0.456949 0.474090 0.490892 0.507113 0.522420 0.536405 0.548659 0.558877 0.566853 0.571890
0.124483 0.126950 0.128945 0.130860 0.132811 0.134842 0.136976 0.139228 0.141613 0.144145 0.146840 0.149712 0.152783 0.156072 0.159603 0.163404 0.167503 0.171937 0.176743 0.181965 0.187651 0.193853 0.200627 0.208032 0.216128 0.224968 0.234601 0.245063 0.256370 0.268518 0.281482 0.295211 0.309638 0.324682 0.340254 0.356261 0.372612 0.389217 0.405987 0.422827 0.439630 0.456267 0.472566 0.488294 0.503144 0.516747 0.528727 0.538809 0.546829 0.552314
0.124440 0.125513 0.127140 0.128911 0.130762 0.132695 0.134725 0.136863 0.139123 0.141518 0.144063 0.146771 0.149660 0.152749 0.156058 0.159612 0.163437 0.167563 0.172025 0.176860 0.182113 0.187830 0.194062 0.200865 0.208296 0.216410 0.225261 0.234891 0.245331 0.256594 0.268671 0.281529 0.295116 0.309361 0.324179 0.339480 0.355169 0.371151 0.387329 0.403603 0.419862 0.435975 0.451776 0.467050 0.481515 0.494836 0.506666 0.516739 0.524912 0.530917
0.121532 0.123700 0.125332 0.126950 0.128647 0.130441 0.132337 0.134341 0.136460 0.138706 0.141090 0.143623 0.146321 0.149199 0.152275 0.155570 0.159107 0.162912 0.167015 0.171447 0.176248 0.181457 0.187120 0.193288 0.200013 0.207349 0.215349 0.224064 0.233534 0.243788 0.254834 0.266662 0.279240 0.292513 0.306411 0.320848 0.335733 0.350967 0.366452 0.382080 0.397739 0.413298 0.428599 0.443442 0.457574 0.470691 0.482468 0.492635 0.501044 0.507564
0.122207 0.122265 0.123354 0.124759 0.126312 0.127973 0.129736 0.131602 0.133577 0.135668 0.137884 0.140236 0.142735 0.145396 0.148232 0.151262 0.154504 0.157981 0.161716 0.165738 0.170078 0.174771 0.179855 0.185374 0.191374 0.197904 0.205018 0.212764 0.221192 0.230340 0.240236 0.250891 0.262297 0.274422 0.287217 0.300611 0.314524 0.328861 0.343521 0.358399 0.373379 0.388332 0.403107 0.417520 0.431344 0.444304 0.456095 0.466439 0.475158 0.482170
0.116373 0.118941 0.120625 0.122128 0.123636 0.125206 0.126855 0.128592 0.130426 0.132362 0.134410 0.136577 0.138875 0.141314 0.143908 0.146669 0.149615 0.152762 0.156132 0.159745 0.163628 0.167808 0.172318 0.177193 0.182472 0.188199 0.194420 0.201182 0.208536 0.216526 0.225193 0.234567 0.244662 0.255475 0.266983 0.279141 0.291887 0.305141 0.318810 0.332792 0.346973 0.361227 0.375412 0.389357 0.402857 0.415666 0.427500 0.438076 0.447173 0.454685
0.116127 0.116843 0.117990 0.119292 0.120681 0.122143 0.123677 0.125288 0.126981 0.128763 0.130641 0.132624 0.134720 0.136938 0.139289 0.141785 0.144438 0.147262 0.150272 0.153487 0.156926 0.160611 0.164567 0.168821 0.173407 0.178357 0.183713 0.189515 0.195809 0.202642 0.210057 0.218097 0.226795 0.236173 0.246236 0.256970 0.268341 0.280297 0.292763 0.305651 0.318857 0.332262 0.345733 0.359112 0.372215 0.384820 0.396670 0.407484 0.417004 0.425060
0.113350 0.113918 0.114943 0.116148 0.117440 0.118795 0.120209 0.121688 0.123237 0.124862 0.126570 0.128368 0.130264 0.132265 0.134379 0.136616 0.138985 0.141497 0.144164 0.146999 0.150016 0.153233 0.156668 0.160341 0.164278 0.168504 0.173052 0.177953 0.183248 0.188976 0.195182 0.201909 0.209200 0.217093 0.225616 0.234785 0.244600 0.255041 0.266067 0.277617 0.289608 0.301940 0.314493 0.327126 0.339675 0.351942 0.363697 0.374675 0.384601 0.393237
0.107788 0.109973 0.111448 0.112713 0.113936 0.115177 0.116461 0.117798 0.119197 0.120663 0.122202 0.123820 0.125522 0.127313 0.129200 0.131190 0.133290 0.135508 0.137852 0.140331 0.142957 0.145742 0.148698 0.151841 0.155188 0.158759 0.162576 0.166665 0.171056 0.175781 0.180877 0.186384 0.192344 0.198800 0.205791 0.213354 0.221515 0.230286 0.239665 0.249626 0.260126 0.271094 0.282441 0.294051 0.305782 0.317467 0.328903 0.339853 0.350048 0.359216
0.106750 0.107364 0.108233 0.109194 0.110216 0.111294 0.112428 0.113619 0.114871 0.116184 0.117563 0.119010 0.120529 0.122124 0.123798 0.125558 0.127407 0.129351 0.131397 0.133550 0.135820 0.138212 0.140738 0.143408 0.146232 0.149226 0.152404 0.155785 0.159389 0.163242 0.167370 0.171806 0.176584 0.181743 0.187323 0.193365 0.199908 0.206986 0.214624 0.222834 0.231611 0.240931 0.250744 0.260977 0.271528 0.282264 0.293021 0.303599 0.313760 0.323233
0.103963 0.104048 0.104554 0.105287 0.106148 0.107093 0.108102 0.109170 0.110294 0.111473 0.112707 0.113999 0.115351 0.116764 0.118243 0.119789 0.121407 0.123101 0.124874 0.126733 0.128681 0.130724 0.132869 0.135123 0.137494 0.139991 0.142623 0.145404 0.148348 0.151470 0.154791 0.158332 0.162119 0.166182 0.170554 0.175271 0.180371 0.185892 0.191871 0.198342 0.205329 0.212844 0.220882 0.229419 0.238404 0.247758 0.257369 0.267089 0.276730 0.286061
0.098237 0.099139 0.099996 0.100842 0.101708 0.102608 0.103548 0.104529 0.105552 0.106617 0.107725 0.108877 0.110075 0.111322 0.112618 0.113968 0.115373 0.116838 0.118364 0.119956 0.121618 0.123352 0.125165 0.127060 0.129043 0.131119 0.133296 0.135581 0.137983 0.140512 0.143181 0.146005 0.149000 0.152188 0.155590 0.159234 0.163150 0.167370 0.171929 0.176863 0.182205 0.187987 0.194231 0.200950 0.208139 0.215775 0.223808 0.232153 0.240692 0.249261
0.092795 0.094347 0.095401 0.096308 0.097179 0.098050 0.098937 0.099846 0.100779 0.101739 0.102728 0.103747 0.104799 0.105886 0.107011 0.108176 0.109384 0.110638 0.111940 0.113294 0.114702 0.116167 0.117692 0.119280 0.120936 0.122663 0.124465 0.126346 0.128313 0.130372 0.132530 0.134795 0.137180 0.139695 0.142356 0.145181 0.148189 0.151404 0.154851 0.158560 0.162559 0.166881 0.171555 0.176609 0.182062 0.187927 0.194198 0.200852 0.207837 0.215069
0.090795 0.090797 0.091356 0.092077 0.092852 0.093650 0.094460 0.095279 0.096110 0.096955 0.097816 0.098697 0.099601 0.100531 0.101490 0.102480 0.103505 0.104566 0.105667 0.106809 0.107995 0.109228 0.110509 0.111840 0.113225 0.114665 0.116163 0.117723 0.119346 0.121038 0.122802 0.124643 0.126567 0.128582 0.130695 0.132918 0.135263 0.137743 0.140377 0.143182 0.146180 0.149396 0.152853 0.156578 0.160596 0.164928 0.169591 0.174593 0.179927 0.185566
0.085925 0.086755 0.087433 0.088121 0.088821 0.089522 0.090220 0.090916 0.091614 0.092320 0.093036 0.093769 0.094520 0.095295 0.096095 0.096923 0.097781 0.098672 0.099597 0.100559 0.101558 0.102596 0.103676 0.104798 0.105963 0.107174 0.108433 0.109740 0.111097 0.112507 0.113972 0.115495 0.117078 0.118726 0.120443 0.122235 0.124109 0.126072 0.128135 0.130308 0.132605 0.135042 0.137634 0.140401 0.143361 0.146536 0.149944 0.153601 0.157518 0.161698
0.082482 0.083132 0.083855 0.084511 0.085104 0.085658 0.086193 0.086723 0.087257 0.087803 0.088365 0.088949 0.089555 0.090188 0.090848 0.091537 0.092256 0.093006 0.093790 0.094606 0.095457 0.096342 0.097264 0.098223 0.099219 0.100254 0.101329 0.102444 0.103600 0.104799 0.106042 0.107329 0.108664 0.110046 0.111480 0.112967 0.114512 0.116117 0.117789 0.119533 0.121356 0.123268 0.125277 0.127396 0.129638 0.132015 0.134542 0.137233 0.140102 0.143159
0.079071 0.080214 0.080831 0.081243 0.081578 0.081892 0.082212 0.082552 0.082918 0.083315 0.083744 0.084204 0.084697 0.085223 0.085780 0.086368 0.086988 0.087639 0.088322 0.089035 0.089780 0.090557 0.091366 0.092207 0.093081 0.093988 0.094929 0.095905 0.096914 0.097960 0.099041 0.100159 0.101315 0.102508 0.103741 0.105015 0.106331 0.107691 0.109097 0.110553 0.112062 0.113628 0.115257 0.116954 0.118727 0.120583 0.122532 0.124583 0.126746 0.129030
0.078699 0.078273 0.077995 0.077855 0.077823 0.077881 0.078016 0.078218 0.078478 0.078791 0.079150 0.079551 0.079991 0.080466 0.080975 0.081515 0.082085 0.082684 0.083312 0.083968 0.084651 0.085362 0.086101 0.086867 0.087661 0.088483 0.089334 0.090214 0.091123 0.092062 0.093030 0.094029 0.095059 0.096121 0.097214 0.098340 0.099499 0.100691 0.101919 0.103182 0.104483 0.105824 0.107206 0.108633 0.110108 0.111634 0.113218 0.114864 0.116577 0.118364
0.076249 0.074591 0.073825 0.073456 0.073316 0.073333 0.073463 0.073681 0.073967 0.074310 0.074698 0.075126 0.075588 0.076081 0.076602 0.077148 0.077718 0.078311 0.078927 0.079566 0.080226 0.080908 0.081613 0.082340 0.083089 0.083862 0.084658 0.085478 0.086322 0.087191 0.088085 0.089005 0.089950 0.090922 0.091920 0.092945 0.093998 0.095077 0.096185 0.097321 0.098486 0.099680 0.100904 0.102159 0.103447 0.104769 0.106127 0.107523 0.108960 0.110441
0.066970 0.067636 0.067780 0.067920 0.068144 0.068450 0.068822 0.069242 0.069701 0.070188 0.070698 0.071229 0.071776 0.072339 0.072917 0.073509 0.074115 0.074735 0.075370 0.076019 0.076683 0.077363 0.078059 0.078772 0.079503 0.080251 0.081018 0.081805 0.082611 0.083438 0.084286 0.085156 0.086047 0.086961 0.087898 0.088858 0.089841 0.090847 0.091877 0.092931 0.094008 0.095109 0.096233 0.097382 0.098555 0.099751 0.100973 0.102220 0.103492 0.104792
0.060850 0.060996 0.061723 0.062541 0.063345 0.064117 0.064857 0.065573 0.066267 0.066946 0.067614 0.068272 0.068925 0.069575 0.070224 0.070874 0.071527 0.072185 0.072848 0.073520 0.074199 0.074889 0.075590 0.076302 0.077028 0.077768 0.078523 0.079293 0.080080 0.080885 0.081707 0.082548 0.083409 0.084289 0.085189 0.086109 0.087051 0.088013 0.088996 0.090001 0.091026 0.092072 0.093138 0.094224 0.095330 0.096456 0.097600 0.098763 0.099944 0.101143
0.053290 0.055760 0.057599 0.059103 0.060389 0.061521 0.062537 0.063467 0.064331 0.065145 0.065920 0.066666 0.067391 0.068099 0.068796 0.069485 0.070170 0.070854 0.071538 0.072225 0.072917 0.073616 0.074322 0.075038 0.075764 0.076502 0.077253 0.078017 0.078797 0.079592 0.080403 0.081231 0.082077 0.082942 0.083825 0.084728 0.085650 0.086591 0.087553 0.088534 0.089535 0.090555 0.091594 0.092652 0.093727 0.094820 0.095929 0.097054 0.098194 0.099349
