0.085179 0.086508 0.087587 0.088621 0.089654 0.090694 0.091740 0.092791 0.093843 0.094895 0.095946 0.096994 0.098040 0.099082 0.100121 0.101155 0.102183 0.103207 0.104224 0.105235 0.106238 0.107234 0.108222 0.109200 0.110168 0.111126 0.112073 0.113007 0.113929 0.114836 0.115729 0.116605 0.117465 0.118308 0.119131 0.119935 0.120718 0.121478 0.122216 0.122929 0.123617 0.124277 0.124910 0.125513 0.126086 0.126626 0.127132 0.127604 0.128038 0.128435
0.086903 0.087075 0.087912 0.088914 0.089956 0.091008 0.092061 0.093112 0.094161 0.095207 0.096250 0.097291 0.098327 0.099361 0.100390 0.101414 0.102434 0.103448 0.104457 0.105459 0.106454 0.107441 0.108420 0.109390 0.110350 0.111299 0.112237 0.113162 0.114075 0.114973 0.115856 0.116723 0.117573 0.118405 0.119218 0.120011 0.120783 0.121532 0.122257 0.122958 0.123632 0.124279 0.124898 0.125487 0.126044 0.126568 0.127058 0.127513 0.127929 0.128307
0.085058 0.087025 0.088338 0.089480 0.090569 0.091634 0.092686 0.093729 0.094766 0.095797 0.096824 0.097847 0.098867 0.099883 0.100895 0.101903 0.102906 0.103904 0.104896 0.105882 0.106861 0.107833 0.108795 0.109749 0.110693 0.111625 0.112546 0.113455 0.114349 0.115230 0.116094 0.116942 0.117773 0.118585 0.119377 0.120148 0.120897 0.121623 0.122325 0.123000 0.123649 0.124270 0.124860 0.125420 0.125947 0.126440 0.126897 0.127317 0.127698 0.128039
0.087506 0.088327 0.089379 0.090448 0.091500 0.092537 0.093562 0.094579 0.095590 0.096596 0.097599 0.098599 0.099596 0.100590 0.101580 0.102566 0.103548 0.104525 0.105496 0.106460 0.107418 0.108367 0.109308 0.110239 0.111160 0.112069 0.112966 0.113850 0.114720 0.115574 0.116412 0.117232 0.118034 0.118817 0.119578 0.120318 0.121034 0.121726 0.122392 0.123031 0.123641 0.124222 0.124771 0.125288 0.125770 0.126216 0.126625 0.126994 0.127322 0.127607
0.088786 0.089707 0.090667 0.091646 0.092627 0.093607 0.094586 0.095565 0.096542 0.097519 0.098496 0.099470 0.100443 0.101413 0.102379 0.103342 0.104300 0.105253 0.106200 0.107140 0.108072 0.108996 0.109910 0.110814 0.111706 0.112586 0.113453 0.114306 0.115144 0.115965 0.116768 0.117553 0.118318 0.119062 0.119784 0.120482 0.121155 0.121802 0.122422 0.123012 0.123573 0.124101 0.124596 0.125056 0.125479 0.125864 0.126208 0.126511 0.126769 0.126981
0.089863 0.090970 0.091931 0.092852 0.093773 0.094702 0.095641 0.096586 0.097536 0.098488 0.099441 0.100393 0.101343 0.102291 0.103235 0.104174 0.105108 0.106036 0.106957 0.107869 0.108773 0.109668 0.110551 0.111424 0.112283 0.113129 0.113961 0.114777 0.115576 0.116357 0.117119 0.117860 0.118581 0.119278 0.119951 0.120599 0.121220 0.121812 0.122375 0.122906 0.123405 0.123869 0.124297 0.124687 0.125038 0.125347 0.125612 0.125832 0.126005 0.126127
0.091527 0.092318 0.093103 0.093942 0.094823 0.095729 0.096651 0.097582 0.098517 0.099453 0.100390 0.101324 0.102255 0.103182 0.104103 0.105019 0.105928 0.106829 0.107721 0.108604 0.109477 0.110339 0.111188 0.112025 0.112847 0.113654 0.114444 0.115218 0.115972 0.116707 0.117421 0.118112 0.118780 0.119423 0.120039 0.120628 0.121187 0.121716 0.122212 0.122674 0.123100 0.123489 0.123838 0.124146 0.124411 0.124631 0.124803 0.124926 0.124997 0.125014
0.093145 0.093264 0.093972 0.094838 0.095751 0.096679 0.097612 0.098546 0.099477 0.100404 0.101327 0.102244 0.103156 0.104061 0.104958 0.105848 0.106729 0.107600 0.108461 0.109311 0.110149 0.110973 0.111784 0.112580 0.113360 0.114123 0.114867 0.115592 0.116296 0.116979 0.117638 0.118272 0.118881 0.119461 0.120013 0.120535 0.121024 0.121480 0.121900 0.122282 0.122626 0.122929 0.123188 0.123403 0.123570 0.123688 0.123754 0.123766 0.123721 0.123617
0.091263 0.093293 0.094577 0.095651 0.096654 0.097624 0.098574 0.099509 0.100434 0.101347 0.102252 0.103148 0.104035 0.104913 0.105782 0.106641 0.107489 0.108326 0.109151 0.109963 0.110761 0.111544 0.112312 0.113062 0.113795 0.114508 0.115201 0.115872 0.116520 0.117144 0.117742 0.118312 0.118855 0.119367 0.119847 0.120293 0.120705 0.121079 0.121415 0.121710 0.121962 0.122169 0.122328 0.122439 0.122498 0.122502 0.122450 0.122338 0.122164 0.121924
0.093904 0.094636 0.095661 0.096694 0.097689 0.098650 0.099584 0.100498 0.101397 0.102284 0.103159 0.104024 0.104879 0.105723 0.106557 0.107379 0.108189 0.108987 0.109771 0.110540 0.111294 0.112031 0.112750 0.113450 0.114130 0.114789 0.115425 0.116037 0.116624 0.117184 0.117715 0.118217 0.118687 0.119124 0.119526 0.119891 0.120218 0.120504 0.120748 0.120947 0.121099 0.121201 0.121252 0.121250 0.121190 0.121071 0.120889 0.120642 0.120327 0.119939
0.095001 0.096051 0.097022 0.097953 0.098859 0.099747 0.100621 0.101484 0.102338 0.103182 0.104018 0.104844 0.105660 0.106465 0.107259 0.108041 0.108810 0.109564 0.110304 0.111026 0.111732 0.112419 0.113086 0.113733 0.114357 0.114957 0.115533 0.116082 0.116603 0.117095 0.117555 0.117983 0.118376 0.118733 0.119051 0.119330 0.119566 0.119758 0.119903 0.119999 0.120045 0.120036 0.119971 0.119847 0.119660 0.119408 0.119088 0.118696 0.118229 0.117683
0.096696 0.097687 0.098457 0.099212 0.099987 0.100778 0.101579 0.102384 0.103188 0.103989 0.104783 0.105570 0.106347 0.107114 0.107868 0.108609 0.109335 0.110045 0.110739 0.111414 0.112070 0.112705 0.113319 0.113909 0.114475 0.115015 0.115527 0.116011 0.116463 0.116883 0.117270 0.117620 0.117933 0.118206 0.118437 0.118625 0.118766 0.118859 0.118901 0.118890 0.118823 0.118698 0.118510 0.118258 0.117938 0.117547 0.117080 0.116535 0.115908 0.115193
0.099193 0.099027 0.099468 0.100103 0.100816 0.101564 0.102331 0.103106 0.103882 0.104654 0.105419 0.106176 0.106921 0.107653 0.108371 0.109074 0.109760 0.110429 0.111078 0.111706 0.112313 0.112897 0.113457 0.113991 0.114498 0.114977 0.115425 0.115842 0.116225 0.116572 0.116883 0.117154 0.117384 0.117571 0.117713 0.117807 0.117851 0.117842 0.117778 0.117656 0.117473 0.117226 0.116912 0.116527 0.116069 0.115532 0.114914 0.114210 0.113415 0.112525
0.097425 0.098710 0.099621 0.100448 0.101255 0.102054 0.102848 0.103634 0.104410 0.105175 0.105927 0.106666 0.107388 0.108094 0.108783 0.109453 0.110103 0.110732 0.111340 0.111924 0.112484 0.113019 0.113526 0.114005 0.114454 0.114872 0.115257 0.115607 0.115920 0.116195 0.116429 0.116621 0.116768 0.116869 0.116920 0.116919 0.116864 0.116752 0.116580 0.116345 0.116044 0.115673 0.115230 0.114710 0.114109 0.113424 0.112650 0.111782 0.110816 0.109746
0.097546 0.098612 0.099646 0.100612 0.101525 0.102397 0.103239 0.104053 0.104845 0.105614 0.106362 0.107089 0.107795 0.108480 0.109143 0.109784 0.110401 0.110994 0.111563 0.112105 0.112620 0.113107 0.113564 0.113989 0.114382 0.114741 0.115063 0.115347 0.115592 0.115795 0.115954 0.116067 0.116132 0.116146 0.116107 0.116011 0.115857 0.115642 0.115361 0.115013 0.114593 0.114098 0.113525 0.112868 0.112124 0.111289 0.110357 0.109323 0.108182 0.106928
0.098075 0.098987 0.099992 0.100978 0.101922 0.102822 0.103683 0.104510 0.105305 0.106071 0.106810 0.107523 0.108211 0.108873 0.109511 0.110122 0.110707 0.111266 0.111796 0.112297 0.112769 0.113209 0.113617 0.113990 0.114328 0.114629 0.114890 0.115111 0.115288 0.115421 0.115506 0.115542 0.115525 0.115454 0.115326 0.115137 0.114886 0.114568 0.114180 0.113719 0.113181 0.112563 0.111859 0.111066 0.110179 0.109193 0.108102 0.106902 0.105586 0.104149
0.098310 0.099685 0.100741 0.101700 0.102610 0.103482 0.104319 0.105123 0.105896 0.106640 0.107356 0.108044 0.108706 0.109340 0.109946 0.110525 0.111076 0.111598 0.112089 0.112549 0.112977 0.113371 0.113730 0.114053 0.114337 0.114581 0.114783 0.114941 0.115053 0.115117 0.115130 0.115091 0.114995 0.114841 0.114626 0.114346 0.113999 0.113580 0.113087 0.112516 0.111862 0.111121 0.110290 0.109362 0.108333 0.107198 0.105951 0.104586 0.103096 0.101481
0.100738 0.101168 0.101949 0.102782 0.103606 0.104409 0.105186 0.105939 0.106667 0.107370 0.108047 0.108698 0.109323 0.109921 0.110491 0.111033 0.111546 0.112028 0.112479 0.112897 0.113280 0.113629 0.113940 0.114212 0.114443 0.114632 0.114777 0.114874 0.114923 0.114920 0.114864 0.114751 0.114579 0.114345 0.114045 0.113677 0.113237 0.112721 0.112125 0.111446 0.110680 0.109820 0.108863 0.107804 0.106637 0.105356 0.103954 0.102427 0.100771 0.099006
0.101114 0.102417 0.103290 0.104061 0.104800 0.105522 0.106228 0.106919 0.107591 0.108243 0.108874 0.109482 0.110065 0.110623 0.111153 0.111655 0.112128 0.112570 0.112979 0.113354 0.113694 0.113997 0.114261 0.114484 0.114665 0.114800 0.114889 0.114929 0.114917 0.114850 0.114727 0.114544 0.114299 0.113987 0.113607 0.113154 0.112625 0.112015 0.111321 0.110539 0.109663 0.108688 0.107611 0.106424 0.105122 0.103698 0.102147 0.100464 0.098669 0.096841
0.104033 0.104199 0.104743 0.105372 0.106022 0.106675 0.107323 0.107961 0.108586 0.109194 0.109782 0.110350 0.110894 0.111413 0.111905 0.112370 0.112804 0.113207 0.113577 0.113912 0.114210 0.114470 0.114689 0.114866 0.114998 0.115084 0.115120 0.115105 0.115035 0.114909 0.114723 0.114474 0.114159 0.113775 0.113318 0.112784 0.112170 0.111471 0.110683 0.109801 0.108821 0.107737 0.106543 0.105233 0.103801 0.102241 0.100546 0.098729 0.096881 0.095046
0.104207 0.105137 0.105806 0.106441 0.107077 0.107712 0.108339 0.108954 0.109553 0.110134 0.110695 0.111234 0.111749 0.112238 0.112699 0.113132 0.113534 0.113904 0.114239 0.114538 0.114800 0.115021 0.115200 0.115335 0.115424 0.115464 0.115452 0.115386 0.115264 0.115082 0.114837 0.114527 0.114147 0.113694 0.113166 0.112556 0.111862 0.111079 0.110202 0.109226 0.108147 0.106957 0.105652 0.104225 0.102669 0.100977 0.099152 0.097276 0.095414 0.093564
0.105576 0.105890 0.106515 0.107202 0.107888 0.108555 0.109201 0.109823 0.110421 0.110996 0.111547 0.112072 0.112570 0.113041 0.113482 0.113893 0.114272 0.114616 0.114924 0.115195 0.115426 0.115615 0.115760 0.115859 0.115909 0.115908 0.115854 0.115743 0.115573 0.115340 0.115042 0.114675 0.114236 0.113720 0.113125 0.112445 0.111676 0.110813 0.109853 0.108788 0.107614 0.106325 0.104914 0.103375 0.101699 0.099883 0.097981 0.096088 0.094206 0.092338
0.104623 0.105912 0.106901 0.107753 0.108524 0.109240 0.109916 0.110557 0.111168 0.111749 0.112302 0.112825 0.113320 0.113783 0.114215 0.114613 0.114977 0.115304 0.115593 0.115843 0.116050 0.116214 0.116331 0.116400 0.116418 0.116382 0.116291 0.116140 0.115927 0.115650 0.115303 0.114885 0.114391 0.113817 0.113160 0.112414 0.111575 0.110638 0.109599 0.108450 0.107187 0.105803 0.104291 0.102644 0.100854 0.098938 0.097012 0.095098 0.093196 0.091308
0.105446 0.106587 0.107538 0.108371 0.109135 0.109854 0.110538 0.111189 0.111811 0.112401 0.112962 0.113491 0.113987 0.114451 0.114879 0.115272 0.115628 0.115945 0.116222 0.116456 0.116645 0.116789 0.116884 0.116928 0.116918 0.116853 0.116729 0.116543 0.116293 0.115974 0.115584 0.115119 0.114574 0.113947 0.113231 0.112424 0.111519 0.110512 0.109397 0.108168 0.106819 0.105344 0.103734 0.101982 0.100086 0.098125 0.096178 0.094243 0.092323 0.090416
0.107271 0.107806 0.108398 0.109055 0.109740 0.110428 0.111104 0.111758 0.112386 0.112985 0.113553 0.114088 0.114589 0.115054 0.115482 0.115872 0.116223 0.116532 0.116799 0.117021 0.117197 0.117323 0.117399 0.117421 0.117388 0.117296 0.117143 0.116925 0.116640 0.116283 0.115852 0.115343 0.114750 0.114071 0.113301 0.112434 0.111466 0.110390 0.109202 0.107896 0.106463 0.104898 0.103192 0.101339 0.099363 0.097384 0.095418 0.093466 0.091527 0.089604
0.108513 0.108432 0.108904 0.109550 0.110246 0.110947 0.111634 0.112299 0.112935 0.113540 0.114112 0.114650 0.115152 0.115616 0.116042 0.116428 0.116772 0.117073 0.117330 0.117540 0.117701 0.117811 0.117868 0.117870 0.117813 0.117695 0.117514 0.117265 0.116945 0.116552 0.116080 0.115527 0.114888 0.114158 0.113333 0.112407 0.111376 0.110233 0.108972 0.107587 0.106070 0.104415 0.102613 0.100663 0.098655 0.096661 0.094680 0.092713 0.090760 0.088822
0.106169 0.107834 0.108964 0.109882 0.110701 0.111462 0.112178 0.112856 0.113498 0.114105 0.114675 0.115209 0.115705 0.116163 0.116581 0.116957 0.117291 0.117581 0.117824 0.118018 0.118163 0.118254 0.118290 0.118269 0.118187 0.118042 0.117830 0.117548 0.117193 0.116761 0.116248 0.115650 0.114962 0.114180 0.113299 0.112312 0.111216 0.110003 0.108667 0.107201 0.105598 0.103850 0.101950 0.099932 0.097914 0.095909 0.093918 0.091940 0.089977 0.088028
0.107048 0.108485 0.109566 0.110489 0.111320 0.112086 0.112803 0.113476 0.114109 0.114705 0.115263 0.115785 0.116268 0.116711 0.117115 0.117476 0.117793 0.118065 0.118290 0.118465 0.118587 0.118656 0.118667 0.118619 0.118508 0.118331 0.118086 0.117767 0.117373 0.116899 0.116340 0.115693 0.114953 0.114115 0.113173 0.112122 0.110955 0.109668 0.108252 0.106701 0.105006 0.103161 0.101168 0.099131 0.097107 0.095096 0.093098 0.091114 0.089145 0.087190
0.110285 0.110142 0.110694 0.111406 0.112136 0.112844 0.113521 0.114163 0.114770 0.115343 0.115880 0.116380 0.116843 0.117266 0.117648 0.117988 0.118283 0.118532 0.118732 0.118881 0.118977 0.119017 0.118998 0.118917 0.118772 0.118559 0.118274 0.117914 0.117475 0.116953 0.116344 0.115642 0.114844 0.113943 0.112935 0.111813 0.110570 0.109202 0.107699 0.106055 0.104262 0.102316 0.100272 0.098235 0.096210 0.094198 0.092198 0.090213 0.088241 0.086285
0.109258 0.110722 0.111589 0.112311 0.112989 0.113643 0.114274 0.114878 0.115453 0.115997 0.116507 0.116981 0.117419 0.117816 0.118173 0.118487 0.118755 0.118975 0.119146 0.119265 0.119328 0.119334 0.119279 0.119160 0.118975 0.118718 0.118388 0.117980 0.117490 0.116914 0.116247 0.115484 0.114620 0.113650 0.112567 0.111366 0.110040 0.108582 0.106984 0.105239 0.103341 0.101311 0.099267 0.097234 0.095212 0.093203 0.091206 0.089223 0.087254 0.085300
0.111417 0.111864 0.112496 0.113140 0.113774 0.114392 0.114991 0.115566 0.116114 0.116632 0.117116 0.117564 0.117975 0.118345 0.118674 0.118958 0.119196 0.119384 0.119521 0.119604 0.119630 0.119597 0.119500 0.119338 0.119106 0.118801 0.118419 0.117956 0.117408 0.116770 0.116037 0.115205 0.114268 0.113220 0.112055 0.110766 0.109347 0.107790 0.106088 0.104233 0.102236 0.100187 0.098151 0.096126 0.094112 0.092110 0.090120 0.088144 0.086181 0.084232
0.112117 0.112643 0.113202 0.113810 0.114430 0.115039 0.115627 0.116188 0.116719 0.117216 0.117678 0.118103 0.118488 0.118831 0.119130 0.119384 0.119588 0.119742 0.119842 0.119886 0.119870 0.119793 0.119650 0.119438 0.119154 0.118794 0.118354 0.117830 0.117217 0.116510 0.115705 0.114796 0.113777 0.112643 0.111386 0.110001 0.108480 0.106814 0.104999 0.103036 0.100993 0.098959 0.096935 0.094921 0.092918 0.090927 0.088947 0.086981 0.085027 0.083088
0.112487 0.112896 0.113578 0.114275 0.114942 0.115572 0.116167 0.116725 0.117246 0.117730 0.118174 0.118577 0.118938 0.119255 0.119525 0.119746 0.119917 0.120033 0.120094 0.120096 0.120035 0.119910 0.119716 0.119451 0.119110 0.118689 0.118185 0.117593 0.116908 0.116126 0.115241 0.114247 0.113139 0.111911 0.110555 0.109064 0.107432 0.105650 0.103721 0.101691 0.099664 0.097645 0.095636 0.093637 0.091648 0.089670 0.087704 0.085750 0.083809 0.081881
0.110790 0.112735 0.113830 0.114656 0.115371 0.116022 0.116623 0.117180 0.117694 0.118166 0.118594 0.118978 0.119316 0.119606 0.119847 0.120036 0.120171 0.120249 0.120268 0.120225 0.120117 0.119940 0.119692 0.119368 0.118965 0.118479 0.117906 0.117241 0.116479 0.115615 0.114643 0.113559 0.112355 0.111025 0.109562 0.107959 0.106208 0.104309 0.102298 0.100281 0.098272 0.096272 0.094280 0.092298 0.090325 0.088364 0.086413 0.084474 0.082548 0.080634
0.113999 0.113915 0.114457 0.115127 0.115796 0.116431 0.117024 0.117572 0.118076 0.118534 0.118945 0.119309 0.119623 0.119887 0.120097 0.120253 0.120350 0.120388 0.120363 0.120272 0.120113 0.119882 0.119575 0.119190 0.118721 0.118166 0.117519 0.116776 0.115932 0.114981 0.113918 0.112737 0.111432 0.109995 0.108419 0.106698 0.104828 0.102840 0.100836 0.098840 0.096851 0.094871 0.092899 0.090935 0.088981 0.087038 0.085104 0.083183 0.081272 0.079375
0.113224 0.114105 0.114847 0.115542 0.116199 0.116817 0.117394 0.117927 0.118414 0.118855 0.119247 0.119588 0.119876 0.120110 0.120288 0.120407 0.120465 0.120459 0.120387 0.120246 0.120032 0.119743 0.119375 0.118925 0.118387 0.117759 0.117035 0.116211 0.115281 0.114240 0.113083 0.111802 0.110391 0.108844 0.107152 0.105312 0.103349 0.101361 0.099381 0.097407 0.095440 0.093481 0.091530 0.089586 0.087652 0.085727 0.083813 0.081909 0.080016 0.078135
0.113159 0.114387 0.115240 0.115951 0.116596 0.117196 0.117754 0.118269 0.118737 0.119155 0.119523 0.119837 0.120096 0.120296 0.120437 0.120516 0.120531 0.120478 0.120356 0.120161 0.119891 0.119542 0.119110 0.118592 0.117983 0.117280 0.116477 0.115570 0.114553 0.113421 0.112167 0.110785 0.109268 0.107609 0.105802 0.103867 0.101897 0.099935 0.097978 0.096027 0.094083 0.092145 0.090215 0.088292 0.086378 0.084473 0.082577 0.080691 0.078816 0.076952
0.114994 0.115235 0.115772 0.116383 0.116994 0.117577 0.118120 0.118617 0.119064 0.119458 0.119798 0.120080 0.120304 0.120467 0.120567 0.120602 0.120569 0.120467 0.120292 0.120042 0.119713 0.119302 0.118805 0.118219 0.117539 0.116761 0.115880 0.114890 0.113787 0.112564 0.111215 0.109734 0.108112 0.106344 0.104441 0.102490 0.100547 0.098609 0.096675 0.094747 0.092824 0.090908 0.088999 0.087096 0.085202 0.083316 0.081438 0.079571 0.077713 0.075866
0.114745 0.115366 0.116053 0.116734 0.117377 0.117970 0.118508 0.118990 0.119414 0.119781 0.120087 0.120334 0.120518 0.120639 0.120695 0.120684 0.120603 0.120449 0.120221 0.119915 0.119529 0.119057 0.118497 0.117845 0.117096 0.116245 0.115288 0.114220 0.113034 0.111724 0.110285 0.108708 0.106987 0.105124 0.103194 0.101270 0.099350 0.097434 0.095522 0.093615 0.091714 0.089818 0.087928 0.086045 0.084169 0.082301 0.080441 0.078590 0.076749 0.074918
0.113991 0.115363 0.116349 0.117146 0.117828 0.118424 0.118948 0.119406 0.119799 0.120131 0.120400 0.120607 0.120751 0.120829 0.120841 0.120784 0.120655 0.120453 0.120175 0.119816 0.119375 0.118847 0.118228 0.117515 0.116702 0.115785 0.114758 0.113617 0.112356 0.110967 0.109445 0.107781 0.105972 0.104065 0.102159 0.100256 0.098357 0.096461 0.094569 0.092681 0.090799 0.088921 0.087049 0.085183 0.083324 0.081472 0.079628 0.077792 0.075965 0.074148
0.115447 0.116307 0.117099 0.117803 0.118424 0.118970 0.119449 0.119864 0.120217 0.120508 0.120739 0.120907 0.121011 0.121050 0.121022 0.120925 0.120755 0.120510 0.120188 0.119784 0.119295 0.118718 0.118049 0.117282 0.116414 0.115439 0.114353 0.113149 0.111822 0.110365 0.108771 0.107033 0.105162 0.103272 0.101384 0.099499 0.097618 0.095739 0.093864 0.091993 0.090126 0.088264 0.086407 0.084555 0.082710 0.080872 0.079041 0.077218 0.075403 0.073597
0.116971 0.117469 0.118024 0.118572 0.119085 0.119554 0.119973 0.120339 0.120651 0.120907 0.121104 0.121241 0.121315 0.121324 0.121266 0.121137 0.120936 0.120658 0.120302 0.119862 0.119337 0.118722 0.118012 0.117204 0.116292 0.115272 0.114138 0.112884 0.111505 0.109993 0.108341 0.106543 0.104666 0.102790 0.100917 0.099046 0.097178 0.095313 0.093451 0.091593 0.089738 0.087888 0.086043 0.084203 0.082368 0.080540 0.078719 0.076905 0.075099 0.073302
0.117810 0.118277 0.118753 0.119219 0.119666 0.120083 0.120464 0.120801 0.121090 0.121327 0.121506 0.121627 0.121685 0.121677 0.121602 0.121455 0.121235 0.120937 0.120560 0.120098 0.119549 0.118908 0.118172 0.117335 0.116394 0.115343 0.114176 0.112888 0.111472 0.109921 0.108230 0.106397 0.104529 0.102664 0.100800 0.098939 0.097080 0.095224 0.093371 0.091521 0.089675 0.087833 0.085995 0.084162 0.082335 0.080513 0.078698 0.076890 0.075089 0.073297
0.117995 0.118635 0.119148 0.119627 0.120085 0.120513 0.120904 0.121250 0.121546 0.121787 0.121971 0.122093 0.122152 0.122143 0.122065 0.121915 0.121690 0.121386 0.121001 0.120531 0.119972 0.119321 0.118573 0.117724 0.116769 0.115702 0.114519 0.113214 0.111779 0.110210 0.108497 0.106653 0.104790 0.102929 0.101070 0.099213 0.097359 0.095507 0.093658 0.091812 0.089969 0.088131 0.086296 0.084466 0.082641 0.080822 0.079008 0.077202 0.075402 0.073610
0.118363 0.118703 0.119261 0.119842 0.120391 0.120892 0.121338 0.121726 0.122056 0.122324 0.122529 0.122670 0.122744 0.122749 0.122683 0.122543 0.122327 0.122032 0.121654 0.121190 0.120637 0.119990 0.119247 0.118401 0.117449 0.116386 0.115205 0.113901 0.112468 0.110899 0.109187 0.107342 0.105478 0.103616 0.101756 0.099898 0.098043 0.096190 0.094339 0.092492 0.090648 0.088808 0.086972 0.085140 0.083312 0.081490 0.079674 0.077864 0.076061 0.074265
0.117084 0.118323 0.119275 0.120064 0.120742 0.121331 0.121844 0.122285 0.122658 0.122963 0.123202 0.123372 0.123474 0.123505 0.123464 0.123347 0.123154 0.122881 0.122525 0.122083 0.121552 0.120927 0.120205 0.119380 0.118450 0.117408 0.116248 0.114966 0.113555 0.112008 0.110318 0.108484 0.106613 0.104745 0.102878 0.101014 0.099152 0.097292 0.095436 0.093582 0.091731 0.089884 0.088041 0.086202 0.084367 0.082537 0.080713 0.078894 0.077082 0.075277
0.117527 0.118789 0.119751 0.120565 0.121278 0.121907 0.122460 0.122942 0.123355 0.123700 0.123977 0.124186 0.124326 0.124394 0.124391 0.124312 0.124157 0.123921 0.123603 0.123200 0.122707 0.122120 0.121437 0.120653 0.119763 0.118761 0.117644 0.116404 0.115036 0.113533 0.111888 0.110095 0.108211 0.106330 0.104451 0.102574 0.100700 0.098829 0.096960 0.095094 0.093231 0.091371 0.089515 0.087663 0.085815 0.083972 0.082134 0.080301 0.078475 0.076655
0.119588 0.119875 0.120517 0.121224 0.121910 0.122546 0.123124 0.123641 0.124095 0.124486 0.124811 0.125069 0.125259 0.125380 0.125429 0.125403 0.125302 0.125121 0.124858 0.124510 0.124073 0.123544 0.122919 0.122193 0.121362 0.120421 0.119365 0.118189 0.116885 0.115448 0.113870 0.112145 0.110277 0.108377 0.106480 0.104586 0.102693 0.100804 0.098917 0.097033 0.095151 0.093273 0.091398 0.089527 0.087660 0.085797 0.083938 0.082085 0.080238 0.078397
0.118837 0.119988 0.120891 0.121686 0.122417 0.123096 0.123721 0.124291 0.124803 0.125255 0.125645 0.125969 0.126227 0.126417 0.126535 0.126580 0.126550 0.126441 0.126251 0.125976 0.125614 0.125160 0.124611 0.123962 0.123209 0.122348 0.121373 0.120279 0.119059 0.117708 0.116219 0.114584 0.112797 0.110886 0.108965 0.107045 0.105129 0.103215 0.101303 0.099393 0.097487 0.095583 0.093683 0.091785 0.089892 0.088002 0.086116 0.084236 0.082360 0.080491
0.118845 0.120098 0.121048 0.121906 0.122713 0.123471 0.124178 0.124831 0.125427 0.125963 0.126437 0.126848 0.127192 0.127468 0.127674 0.127807 0.127865 0.127846 0.127745 0.127561 0.127289 0.126927 0.126471 0.125916 0.125258 0.124493 0.123616 0.122621 0.121503 0.120256 0.118872 0.117345 0.115668 0.113838 0.111894 0.109943 0.107994 0.106048 0.104104 0.102162 0.100222 0.098285 0.096351 0.094419 0.092491 0.090566 0.088646 0.086730 0.084818 0.082912
0.120182 0.120231 0.120987 0.121898 0.122810 0.123681 0.124498 0.125258 0.125959 0.126598 0.127176 0.127689 0.128136 0.128515 0.128824 0.129060 0.129222 0.129305 0.129308 0.129228 0.129062 0.128805 0.128456 0.128008 0.127459 0.126805 0.126039 0.125157 0.124154 0.123024 0.121760 0.120355 0.118803 0.117095 0.115234 0.113258 0.111267 0.109279 0.107293 0.105309 0.103327 0.101347 0.099370 0.097395 0.095423 0.093455 0.091490 0.089529 0.087572 0.085620
0.116754 0.118979 0.120470 0.121689 0.122778 0.123785 0.124724 0.125602 0.126419 0.127175 0.127868 0.128496 0.129058 0.129551 0.129974 0.130324 0.130600 0.130797 0.130915 0.130949 0.130898 0.130757 0.130523 0.130193 0.129762 0.129227 0.128582 0.127823 0.126944 0.125940 0.124804 0.123530 0.122111 0.120540 0.118809 0.116922 0.114911 0.112866 0.110828 0.108791 0.106756 0.104722 0.102691 0.100662 0.098636 0.096612 0.094592 0.092576 0.090565 0.088558
0.117513 0.118995 0.120323 0.121555 0.122721 0.123831 0.124886 0.125885 0.126825 0.127705 0.128521 0.129273 0.129957 0.130573 0.131117 0.131588 0.131983 0.132301 0.132539 0.132693 0.132762 0.132742 0.132630 0.132421 0.132113 0.131702 0.131182 0.130549 0.129799 0.128924 0.127920 0.126781 0.125499 0.124066 0.122476 0.120722 0.118806 0.116754 0.114643 0.112541 0.110439 0.108340 0.106242 0.104146 0.102053 0.099963 0.097877 0.095795 0.093717 0.091644
0.118574 0.119059 0.120089 0.121298 0.122547 0.123777 0.124966 0.126101 0.127177 0.128190 0.129138 0.130019 0.130830 0.131572 0.132240 0.132835 0.133353 0.133793 0.134153 0.134429 0.134619 0.134720 0.134730 0.134644 0.134459 0.134170 0.133775 0.133268 0.132643 0.131897 0.131023 0.130014 0.128865 0.127568 0.126116 0.124500 0.122715 0.120759 0.118653 0.116465 0.114283 0.112102 0.109924 0.107748 0.105576 0.103407 0.101242 0.099082 0.096928 0.094779
0.115673 0.117467 0.119103 0.120667 0.122165 0.123597 0.124960 0.126254 0.127478 0.128632 0.129715 0.130727 0.131667 0.132534 0.133327 0.134044 0.134684 0.135244 0.135723 0.136118 0.136427 0.136647 0.136774 0.136806 0.136739 0.136569 0.136292 0.135904 0.135400 0.134774 0.134021 0.133135 0.132110 0.130938 0.129613 0.128125 0.126468 0.124633 0.122618 0.120438 0.118159 0.115882 0.113608 0.111338 0.109073 0.106812 0.104558 0.102310 0.100070 0.097838
0.113281 0.115887 0.118086 0.120015 0.121771 0.123403 0.124936 0.126382 0.127748 0.129037 0.130251 0.131389 0.132453 0.133442 0.134354 0.135189 0.135945 0.136620 0.137213 0.137721 0.138142 0.138472 0.138710 0.138852 0.138894 0.138833 0.138664 0.138384 0.137988 0.137470 0.136825 0.136048 0.135131 0.134069 0.132852 0.131475 0.129928 0.128202 0.126289 0.124186 0.121902 0.119514 0.117130 0.114753 0.112384 0.110023 0.107671 0.105329 0.102997 0.100676
0.113291 0.115736 0.117826 0.119761 0.121586 0.123317 0.124960 0.126521 0.128004 0.129409 0.130739 0.131993 0.133170 0.134272 0.135295 0.136239 0.137103 0.137885 0.138583 0.139194 0.139717 0.140148 0.140485 0.140724 0.140863 0.140897 0.140822 0.140635 0.140331 0.139903 0.139348 0.138659 0.137830 0.136855 0.135724 0.134432 0.132969 0.131327 0.129495 0.127464 0.125228 0.122799 0.120294 0.117802 0.115323 0.112858 0.110406 0.107969 0.105546 0.103137
0.115344 0.116291 0.117925 0.119722 0.121529 0.123297 0.125006 0.126650 0.128225 0.129728 0.131159 0.132515 0.133795 0.134998 0.136122 0.137165 0.138126 0.139003 0.139794 0.140496 0.141108 0.141625 0.142047 0.142368 0.142587 0.142699 0.142700 0.142586 0.142353 0.141994 0.141506 0.140881 0.140114 0.139197 0.138124 0.136886 0.135475 0.133881 0.132095 0.130106 0.127903 0.125479 0.122877 0.120274 0.117691 0.115128 0.112585 0.110060 0.107555 0.105067
0.112729 0.115394 0.117505 0.119460 0.121348 0.123187 0.124972 0.126699 0.128362 0.129957 0.131480 0.132929 0.134301 0.135595 0.136808 0.137938 0.138983 0.139942 0.140811 0.141590 0.142274 0.142862 0.143350 0.143735 0.144014 0.144183 0.144237 0.144173 0.143986 0.143670 0.143221 0.142631 0.141895 0.141005 0.139955 0.138735 0.137337 0.135752 0.133969 0.131977 0.129765 0.127322 0.124657 0.121963 0.119297 0.116657 0.114041 0.111448 0.108877 0.106326
0.112746 0.114783 0.116874 0.118930 0.120937 0.122891 0.124784 0.126614 0.128374 0.130063 0.131676 0.133212 0.134668 0.136042 0.137331 0.138535 0.139650 0.140674 0.141606 0.142443 0.143182 0.143820 0.144354 0.144780 0.145097 0.145298 0.145381 0.145340 0.145170 0.144868 0.144425 0.143837 0.143097 0.142198 0.141130 0.139887 0.138459 0.136837 0.135008 0.132964 0.130691 0.128182 0.125456 0.122713 0.119999 0.117312 0.114651 0.112014 0.109401 0.106809
0.111606 0.113701 0.115925 0.118151 0.120325 0.122428 0.124452 0.126397 0.128260 0.130042 0.131741 0.133355 0.134884 0.136326 0.137678 0.138939 0.140108 0.141181 0.142156 0.143031 0.143803 0.144469 0.145025 0.145469 0.145797 0.146004 0.146086 0.146038 0.145855 0.145532 0.145062 0.144439 0.143655 0.142705 0.141578 0.140266 0.138759 0.137048 0.135122 0.132970 0.130584 0.127965 0.125198 0.122448 0.119723 0.117024 0.114348 0.111695 0.109065 0.106456
0.109365 0.112189 0.114829 0.117313 0.119669 0.121913 0.124055 0.126101 0.128053 0.129914 0.131684 0.133363 0.134949 0.136443 0.137841 0.139142 0.140344 0.141445 0.142443 0.143334 0.144117 0.144786 0.145340 0.145774 0.146085 0.146267 0.146317 0.146230 0.145999 0.145619 0.145083 0.144384 0.143516 0.142469 0.141235 0.139804 0.138167 0.136314 0.134235 0.131924 0.129385 0.126660 0.123912 0.121185 0.118479 0.115794 0.113129 0.110485 0.107861 0.105256
0.108062 0.111330 0.114138 0.116716 0.119145 0.121457 0.123665 0.125773 0.127784 0.129700 0.131519 0.133242 0.134866 0.136391 0.137816 0.139137 0.140352 0.141460 0.142457 0.143341 0.144108 0.144755 0.145279 0.145674 0.145938 0.146064 0.146049 0.145886 0.145570 0.145095 0.144452 0.143635 0.142636 0.141445 0.140054 0.138453 0.136631 0.134582 0.132303 0.129802 0.127122 0.124397 0.121692 0.119005 0.116336 0.113683 0.111048 0.108430 0.105830 0.103246
0.109219 0.111486 0.113909 0.116346 0.118733 0.121046 0.123274 0.125411 0.127454 0.129400 0.131247 0.132993 0.134635 0.136172 0.137602 0.138921 0.140128 0.141219 0.142192 0.143043 0.143769 0.144365 0.144829 0.145156 0.145341 0.145378 0.145262 0.144988 0.144548 0.143936 0.143144 0.142164 0.140987 0.139602 0.138002 0.136177 0.134121 0.131837 0.129340 0.126684 0.123993 0.121323 0.118667 0.116027 0.113402 0.110791 0.108195 0.105614 0.103048 0.100498
0.108918 0.110998 0.113396 0.115836 0.118237 0.120570 0.122820 0.124979 0.127042 0.129004 0.130863 0.132615 0.134257 0.135786 0.137200 0.138496 0.139671 0.140722 0.141645 0.142437 0.143094 0.143612 0.143987 0.144213 0.144286 0.144199 0.143947 0.143523 0.142920 0.142130 0.141144 0.139954 0.138549 0.136921 0.135062 0.132969 0.130650 0.128133 0.125486 0.122834 0.120200 0.117580 0.114974 0.112381 0.109802 0.107236 0.104684 0.102144 0.099618 0.097106
0.105756 0.109504 0.112436 0.115086 0.117591 0.119985 0.122276 0.124463 0.126543 0.128514 0.130372 0.132114 0.133737 0.135239 0.136616 0.137866 0.138986 0.139971 0.140819 0.141525 0.142085 0.142495 0.142750 0.142844 0.142771 0.142526 0.142101 0.141489 0.140681 0.139670 0.138445 0.136998 0.135318 0.133401 0.131247 0.128873 0.126324 0.123686 0.121071 0.118468 0.115881 0.113307 0.110747 0.108199 0.105665 0.103143 0.100633 0.098135 0.095650 0.093177
0.107021 0.109124 0.111738 0.114375 0.116927 0.119369 0.121695 0.123902 0.125989 0.127953 0.129793 0.131507 0.133091 0.134543 0.135861 0.137041 0.138080 0.138974 0.139720 0.140312 0.140747 0.141019 0.141123 0.141052 0.140801 0.140361 0.139726 0.138887 0.137835 0.136560 0.135052 0.133303 0.131309 0.129078 0.126637 0.124054 0.121436 0.118847 0.116271 0.113710 0.111164 0.108631 0.106112 0.103605 0.101111 0.098629 0.096159 0.093701 0.091254 0.088819
0.104739 0.108122 0.111036 0.113767 0.116362 0.118828 0.121161 0.123361 0.125428 0.127360 0.129156 0.130815 0.132335 0.133712 0.134944 0.136028 0.136961 0.137737 0.138354 0.138805 0.139086 0.139191 0.139113 0.138846 0.138383 0.137715 0.136833 0.135729 0.134392 0.132811 0.130981 0.128898 0.126580 0.124072 0.121461 0.118871 0.116298 0.113741 0.111200 0.108674 0.106163 0.103666 0.101182 0.098711 0.096252 0.093805 0.091371 0.088948 0.086537 0.084137
0.105002 0.107822 0.110678 0.113412 0.116000 0.118440 0.120735 0.122885 0.124893 0.126757 0.128477 0.130051 0.131477 0.132752 0.133872 0.134834 0.135634 0.136266 0.136727 0.137010 0.137109 0.137018 0.136730 0.136236 0.135529 0.134599 0.133436 0.132030 0.130370 0.128450 0.126273 0.123865 0.121297 0.118683 0.116105 0.113541 0.110996 0.108468 0.105956 0.103459 0.100977 0.098509 0.096055 0.093614 0.091185 0.088769 0.086365 0.083973 0.081593 0.079223
0.104554 0.107793 0.110689 0.113367 0.115869 0.118215 0.120413 0.122465 0.124371 0.126132 0.127743 0.129203 0.130508 0.131655 0.132638 0.133454 0.134097 0.134561 0.134842 0.134932 0.134824 0.134511 0.133985 0.133236 0.132255 0.131032 0.129554 0.127813 0.125802 0.123529 0.121037 0.118419 0.115818 0.113239 0.110679 0.108138 0.105615 0.103110 0.100621 0.098147 0.095689 0.093246 0.090816 0.088400 0.085996 0.083606 0.081227 0.078861 0.076506 0.074163
0.105976 0.108570 0.111109 0.113544 0.115858 0.118045 0.120101 0.122020 0.123798 0.125430 0.126911 0.128236 0.129401 0.130400 0.131227 0.131877 0.132344 0.132621 0.132701 0.132576 0.132239 0.131681 0.130892 0.129862 0.128580 0.127035 0.125214 0.123115 0.120751 0.118186 0.115544 0.112941 0.110356 0.107793 0.105251 0.102727 0.100222 0.097734 0.095263 0.092809 0.090370 0.087945 0.085535 0.083139 0.080756 0.078386 0.076029 0.073684 0.071350 0.069029
0.106598 0.109005 0.111311 0.113542 0.115686 0.117725 0.119645 0.121434 0.123082 0.124581 0.125926 0.127108 0.128123 0.128963 0.129622 0.130093 0.130369 0.130443 0.130306 0.129950 0.129365 0.128542 0.127469 0.126136 0.124529 0.122637 0.120456 0.118010 0.115381 0.112732 0.110117 0.107523 0.104952 0.102402 0.099872 0.097362 0.094870 0.092396 0.089940 0.087499 0.085075 0.082666 0.080271 0.077891 0.075524 0.073170 0.070829 0.068501 0.066185 0.063882
0.106558 0.108688 0.110892 0.113062 0.115142 0.117104 0.118934 0.120621 0.122158 0.123535 0.124748 0.125789 0.126651 0.127329 0.127813 0.128097 0.128174 0.128033 0.127667 0.127066 0.126218 0.125114 0.123739 0.122083 0.120131 0.117881 0.115364 0.112687 0.110031 0.107398 0.104791 0.102207 0.099646 0.097105 0.094585 0.092085 0.089604 0.087140 0.084694 0.082265 0.079852 0.077454 0.075071 0.072702 0.070348 0.068007 0.065679 0.063364 0.061061 0.058771
0.104819 0.107401 0.109864 0.112148 0.114256 0.116197 0.117972 0.119581 0.121021 0.122288 0.123375 0.124278 0.124990 0.125503 0.125809 0.125902 0.125772 0.125409 0.124805 0.123947 0.122824 0.121424 0.119733 0.117737 0.115433 0.112858 0.110149 0.107476 0.104825 0.102201 0.099601 0.097024 0.094470 0.091936 0.089424 0.086931 0.084457 0.082001 0.079562 0.077140 0.074735 0.072345 0.069971 0.067611 0.065265 0.062933 0.060615 0.058310 0.056017 0.053737
0.102923 0.106208 0.108844 0.111157 0.113246 0.115141 0.116852 0.118381 0.119725 0.120881 0.121844 0.122608 0.123167 0.123513 0.123638 0.123534 0.123191 0.122600 0.121748 0.120624 0.119215 0.117507 0.115485 0.113145 0.110526 0.107793 0.105098 0.102427 0.099784 0.097165 0.094570 0.091998 0.089448 0.086919 0.084411 0.081923 0.079453 0.077002 0.074569 0.072152 0.069752 0.067368 0.064999 0.062645 0.060305 0.057980 0.055668 0.053369 0.051084 0.048811
0.104064 0.106013 0.108183 0.110293 0.112263 0.114062 0.115680 0.117110 0.118345 0.119381 0.120211 0.120830 0.121230 0.121403 0.121340 0.121033 0.120471 0.119642 0.118534 0.117134 0.115428 0.113400 0.111043 0.108395 0.105638 0.102919 0.100226 0.097560 0.094920 0.092304 0.089712 0.087143 0.084596 0.082070 0.079564 0.077079 0.074612 0.072163 0.069732 0.067319 0.064921 0.062540 0.060175 0.057824 0.055488 0.053167 0.050859 0.048565 0.046284 0.044016
0.102920 0.105250 0.107420 0.109452 0.111325 0.113020 0.114527 0.115839 0.116949 0.117850 0.118535 0.118997 0.119228 0.119219 0.118960 0.118441 0.117650 0.116574 0.115201 0.113515 0.111500 0.109145 0.106482 0.103700 0.100955 0.098238 0.095547 0.092883 0.090244 0.087629 0.085038 0.082469 0.079923 0.077397 0.074892 0.072407 0.069941 0.067493 0.065063 0.062650 0.060254 0.057874 0.055510 0.053161 0.050827 0.048508 0.046202 0.043911 0.041632 0.039367
0.102076 0.104490 0.106703 0.108692 0.110472 0.112052 0.113432 0.114609 0.115577 0.116329 0.116856 0.117150 0.117201 0.116999 0.116533 0.115791 0.114761 0.113429 0.111778 0.109794 0.107462 0.104800 0.101991 0.099217 0.096471 0.093753 0.091062 0.088396 0.085756 0.083140 0.080548 0.077978 0.075430 0.072904 0.070397 0.067911 0.065444 0.062995 0.060565 0.058151 0.055755 0.053375 0.051011 0.048663 0.046329 0.044010 0.041706 0.039415 0.037139 0.034875
0.101498 0.104116 0.106235 0.108083 0.109717 0.111152 0.112388 0.113417 0.114233 0.114825 0.115184 0.115300 0.115161 0.114757 0.114074 0.113100 0.111821 0.110220 0.108282 0.105990 0.103348 0.100511 0.097704 0.094926 0.092177 0.089456 0.086761 0.084093 0.081450 0.078831 0.076236 0.073664 0.071113 0.068584 0.066076 0.063587 0.061118 0.058668 0.056236 0.053822 0.051424 0.049044 0.046679 0.044330 0.041996 0.039678 0.037373 0.035084 0.032807 0.030545
0.102747 0.104239 0.105902 0.107502 0.108962 0.110248 0.111340 0.112223 0.112886 0.113317 0.113504 0.113436 0.113102 0.112487 0.111579 0.110364 0.108825 0.106947 0.104711 0.102109 0.099252 0.096408 0.093595 0.090811 0.088057 0.085331 0.082632 0.079959 0.077312 0.074689 0.072091 0.069515 0.066961 0.064430 0.061919 0.059428 0.056957 0.054505 0.052072 0.049656 0.047257 0.044876 0.042511 0.040161 0.037828 0.035509 0.033205 0.030916 0.028640 0.026378
0.101817 0.103516 0.105161 0.106696 0.108070 0.109255 0.110231 0.110984 0.111502 0.111774 0.111788 0.111534 0.110998 0.110167 0.109026 0.107561 0.105755 0.103589 0.101049 0.098191 0.095307 0.092455 0.089635 0.086846 0.084086 0.081355 0.078651 0.075974 0.073323 0.070697 0.068095 0.065517 0.062961 0.060427 0.057914 0.055422 0.052950 0.050497 0.048063 0.045646 0.043248 0.040866 0.038501 0.036152 0.033819 0.031501 0.029198 0.026910 0.024636 0.022375
0.099834 0.102149 0.104077 0.105700 0.107063 0.108181 0.109056 0.109684 0.110058 0.110169 0.110007 0.109560 0.108817 0.107762 0.106382 0.104660 0.102577 0.100117 0.097296 0.094368 0.091477 0.088620 0.085795 0.083002 0.080238 0.077503 0.074796 0.072117 0.069464 0.066836 0.064232 0.061653 0.059096 0.056562 0.054049 0.051557 0.049085 0.046633 0.044200 0.041785 0.039388 0.037008 0.034645 0.032298 0.029967 0.027651 0.025351 0.023065 0.020793 0.018536
0.099096 0.101416 0.103279 0.104826 0.106095 0.107102 0.107847 0.108330 0.108545 0.108482 0.108132 0.107483 0.106523 0.105237 0.103609 0.101622 0.099257 0.096508 0.093548 0.090621 0.087729 0.084870 0.082044 0.079249 0.076485 0.073750 0.071043 0.068365 0.065712 0.063086 0.060484 0.057907 0.055352 0.052821 0.050311 0.047822 0.045353 0.042905 0.040475 0.038064 0.035671 0.033295 0.030936 0.028594 0.026267 0.023956 0.021660 0.019379 0.017112 0.014859
0.100030 0.101404 0.102852 0.104141 0.105209 0.106033 0.106603 0.106908 0.106937 0.106682 0.106129 0.105266 0.104079 0.102553 0.100670 0.098411 0.095762 0.092804 0.089844 0.086920 0.084031 0.081176 0.078354 0.075564 0.072804 0.070074 0.067373 0.064699 0.062053 0.059432 0.056837 0.054266 0.051718 0.049193 0.046690 0.044208 0.041746 0.039305 0.036883 0.034479 0.032093 0.029725 0.027373 0.025038 0.022719 0.020415 0.018126 0.015852 0.013592 0.011347
0.099381 0.101024 0.102324 0.103401 0.104258 0.104879 0.105250 0.105357 0.105185 0.104722 0.103955 0.102869 0.101448 0.099675 0.097532 0.095000 0.092096 0.089107 0.086157 0.083243 0.080364 0.077520 0.074708 0.071929 0.069180 0.066461 0.063772 0.061110 0.058475 0.055866 0.053282 0.050722 0.048186 0.045673 0.043182 0.040712 0.038262 0.035832 0.033421 0.031029 0.028655 0.026297 0.023957 0.021633 0.019325 0.017031 0.014753 0.012489 0.010240 0.008007
0.099062 0.100350 0.101479 0.102395 0.103076 0.103511 0.103689 0.103596 0.103220 0.102547 0.101563 0.100251 0.098595 0.096576 0.094174 0.091380 0.088373 0.085404 0.082472 0.079577 0.076717 0.073891 0.071099 0.068338 0.065608 0.062907 0.060236 0.057592 0.054976 0.052385 0.049819 0.047277 0.044759 0.042263 0.039789 0.037336 0.034903 0.032490 0.030095 0.027719 0.025361 0.023019 0.020694 0.018384 0.016090 0.013811 0.011547 0.009296 0.007063 0.004861
0.098031 0.099259 0.100288 0.101065 0.101586 0.101846 0.101840 0.101557 0.100985 0.100110 0.098916 0.097385 0.095501 0.093242 0.090590 0.087615 0.084635 0.081694 0.078791 0.075923 0.073091 0.070293 0.067528 0.064794 0.062091 0.059418 0.056772 0.054155 0.051563 0.048998 0.046457 0.043939 0.041445 0.038973 0.036522 0.034091 0.031680 0.029289 0.026916 0.024560 0.022222 0.019900 0.017593 0.015303 0.013027 0.010765 0.008518 0.006287 0.004091 0.002010
0.096598 0.097921 0.098802 0.099399 0.099743 0.099832 0.099656 0.099199 0.098448 0.097387 0.095999 0.094265 0.092166 0.089683 0.086815 0.083832 0.080892 0.077990 0.075126 0.072297 0.069503 0.066742 0.064014 0.061316 0.058648 0.056009 0.053398 0.050814 0.048255 0.045722 0.043212 0.040726 0.038261 0.035818 0.033396 0.030994 0.028610 0.026245 0.023897 0.021567 0.019253 0.016954 0.014671 0.012403 0.010148 0.007907 0.005682 0.003493 0.001456 0.000001
0.095863 0.096344 0.096883 0.097288 0.097485 0.097437 0.097122 0.096521 0.095617 0.094394 0.092834 0.090917 0.088626 0.085940 0.082987 0.080060 0.077173 0.074322 0.071508 0.068728 0.065981 0.063267 0.060584 0.057931 0.055307 0.052710 0.050141 0.047597 0.045078 0.042583 0.040111 0.037661 0.035233 0.032824 0.030436 0.028066 0.025714 0.023379 0.021062 0.018760 0.016474 0.014202 0.011945 0.009701 0.007471 0.005254 0.003072 0.001073 0.000001 0.000001
0.092726 0.093597 0.094260 0.094675 0.094827 0.094704 0.094293 0.093580 0.092552 0.091192 0.089483 0.087407 0.084945 0.082109 0.079210 0.076349 0.073525 0.070735 0.067980 0.065258 0.062568 0.059909 0.057279 0.054678 0.052104 0.049557 0.047036 0.044539 0.042065 0.039614 0.037185 0.034777 0.032388 0.030019 0.027667 0.025334 0.023017 0.020717 0.018432 0.016161 0.013905 0.011663 0.009434 0.007217 0.005013 0.002836 0.000846 0.000001 0.000001 0.000001
0.089135 0.090591 0.091416 0.091857 0.091979 0.091796 0.091305 0.090498 0.089362 0.087883 0.086046 0.083832 0.081225 0.078372 0.075550 0.072762 0.070008 0.067288 0.064599 0.061942 0.059315 0.056717 0.054147 0.051603 0.049086 0.046593 0.044125 0.041679 0.039255 0.036852 0.034469 0.032105 0.029760 0.027432 0.025121 0.022826 0.020546 0.018282 0.016031 0.013794 0.011569 0.009357 0.007157 0.004968 0.002797 0.000780 0.000001 0.000001 0.000001 0.000001
0.088096 0.088403 0.088867 0.089153 0.089174 0.088901 0.088320 0.087416 0.086178 0.084592 0.082640 0.080307 0.077599 0.074822 0.072079 0.069368 0.066690 0.064042 0.061425 0.058837 0.056277 0.053744 0.051237 0.048755 0.046297 0.043862 0.041449 0.039057 0.036684 0.034331 0.031996 0.029679 0.027378 0.025093 0.022823 0.020567 0.018325 0.016097 0.013881 0.011676 0.009484 0.007302 0.005131 0.002970 0.000897 0.000001 0.000001 0.000001 0.000001 0.000001
0.084547 0.085775 0.086359 0.086588 0.086515 0.086142 0.085460 0.084456 0.083118 0.081430 0.079378 0.076944 0.074230 0.071533 0.068868 0.066235 0.063632 0.061059 0.058514 0.055997 0.053506 0.051040 0.048598 0.046179 0.043782 0.041405 0.039048 0.036709 0.034389 0.032085 0.029798 0.027526 0.025269 0.023026 0.020796 0.018579 0.016373 0.014179 0.011996 0.009824 0.007661 0.005508 0.003364 0.001244 0.000001 0.000001 0.000001 0.000001 0.000001 0.000001
0.083616 0.083903 0.084185 0.084260 0.084067 0.083583 0.082793 0.081687 0.080253 0.078477 0.076342 0.073834 0.071178 0.068558 0.065970 0.063413 0.060886 0.058388 0.055916 0.053470 0.051048 0.048648 0.046270 0.043912 0.041574 0.039254 0.036951 0.034664 0.032394 0.030138 0.027896 0.025667 0.023451 0.021247 0.019054 0.016872 0.014701 0.012539 0.010387 0.008243 0.006108 0.003981 0.001862 0.000001 0.000001 0.000001 0.000001 0.000001 0.000001 0.000001
0.081383 0.081887 0.082145 0.082121 0.081810 0.081207 0.080311 0.079113 0.077601 0.075762 0.073576 0.071049 0.068470 0.065928 0.063418 0.060940 0.058489 0.056065 0.053665 0.051288 0.048932 0.046596 0.044279 0.041980 0.039697 0.037430 0.035177 0.032939 0.030713 0.028501 0.026300 0.024110 0.021931 0.019762 0.017602 0.015452 0.013310 0.011177 0.009051 0.006933 0.004822 0.002718 0.000633 0.000001 0.000001 0.000001 0.000001 0.000001 0.000001 0.000001
0.079291 0.080050 0.080232 0.080063 0.079613 0.078901 0.077925 0.076675 0.075133 0.073279 0.071092 0.068607 0.066116 0.063659 0.061233 0.058835 0.056462 0.054111 0.051781 0.049470 0.047177 0.044901 0.042640 0.040393 0.038161 0.035941 0.033733 0.031536 0.029350 0.027175 0.025009 0.022853 0.020706 0.018566 0.016435 0.014311 0.012195 0.010085 0.007982 0.005884 0.003793 0.001707 0.000001 0.000001 0.000001 0.000001 0.000001 0.000001 0.000001 0.000001
0.078760 0.078435 0.078171 0.077788 0.077240 0.076498 0.075533 0.074318 0.072827 0.071032 0.068907 0.066513 0.064126 0.061766 0.059430 0.057115 0.054818 0.052538 0.050274 0.048024 0.045788 0.043564 0.041352 0.039151 0.036961 0.034781 0.032610 0.030448 0.028295 0.026151 0.024014 0.021884 0.019762 0.017647 0.015538 0.013435 0.011338 0.009247 0.007161 0.005081 0.003005 0.000933 0.000001 0.000001 0.000001 0.000001 0.000001 0.000001 0.000001 0.000001
0.075440 0.075467 0.075251 0.074959 0.074550 0.073968 0.073165 0.072103 0.070754 0.069088 0.067081 0.064809 0.062537 0.060278 0.058031 0.055795 0.053569 0.051353 0.049146 0.046948 0.044759 0.042578 0.040406 0.038242 0.036085 0.033936 0.031794 0.029659 0.027531 0.025409 0.023294 0.021185 0.019082 0.016984 0.014891 0.012804 0.010722 0.008644 0.006571 0.004502 0.002437 0.000377 0.000001 0.000001 0.000001 0.000001 0.000001 0.000001 0.000001 0.000001
0.071919 0.071501 0.071686 0.071878 0.071889 0.071647 0.071119 0.070282 0.069118 0.067609 0.065734 0.063583 0.061413 0.059241 0.057068 0.054896 0.052726 0.050559 0.048395 0.046236 0.044081 0.041931 0.039787 0.037648 0.035515 0.033387 0.031265 0.029148 0.027037 0.024931 0.022830 0.020734 0.018643 0.016557 0.014475 0.012398 0.010325 0.008256 0.006191 0.004130 0.002072 0.000020 0.000001 0.000001 0.000001 0.000001 0.000001 0.000001 0.000001 0.000001
0.064557 0.067154 0.068719 0.069657 0.070128 0.070198 0.069895 0.069229 0.068198 0.066797 0.065011 0.062934 0.060827 0.058706 0.056576 0.054440 0.052301 0.050160 0.048020 0.045881 0.043745 0.041611 0.039482 0.037356 0.035235 0.033118 0.031005 0.028898 0.026795 0.024696 0.022603 0.020513 0.018428 0.016348 0.014272 0.012199 0.010131 0.008067 0.006006 0.003948 0.001894 0.000001 0.000001 0.000001 0.000001 0.000001 0.000001 0.000001 0.000001 0.000001
