0.056206 0.055280 0.054545 0.053938 0.053420 0.052967 0.052566 0.052209 0.051889 0.051600 0.051340 0.051104 0.050890 0.050695 0.050517 0.050355 0.050206 0.050069 0.049944 0.049828 0.049722 0.049623 0.049533 0.049449 0.049371 0.049299 0.049233 0.049171 0.049113 0.049060 0.049011 0.048965 0.048922 0.048882 0.048845 0.048811 0.048779 0.048749 0.048721 0.048695 0.048671 0.048648 0.048628 0.048608 0.048590 0.048573 0.048558 0.048543 0.048530 0.048518
0.053653 0.053254 0.052881 0.052515 0.052167 0.051847 0.051554 0.051288 0.051046 0.050825 0.050624 0.050441 0.050273 0.050119 0.049978 0.049848 0.049728 0.049618 0.049517 0.049423 0.049337 0.049257 0.049183 0.049114 0.049051 0.048992 0.048938 0.048887 0.048841 0.048797 0.048757 0.048720 0.048685 0.048653 0.048623 0.048595 0.048569 0.048546 0.048524 0.048503 0.048484 0.048467 0.048450 0.048435 0.048421 0.048409 0.048397 0.048386 0.048376 0.048367
0.049924 0.050248 0.050234 0.050134 0.050011 0.049886 0.049763 0.049644 0.049532 0.049425 0.049324 0.049230 0.049141 0.049057 0.048980 0.048907 0.048839 0.048776 0.048717 0.048663 0.048612 0.048565 0.048521 0.048481 0.048443 0.048409 0.048377 0.048347 0.048320 0.048295 0.048271 0.048250 0.048230 0.048212 0.048196 0.048181 0.048167 0.048155 0.048143 0.048133 0.048124 0.048115 0.048108 0.048101 0.048095 0.048090 0.048086 0.048082 0.048079 0.048076
0.047769 0.047320 0.047294 0.047364 0.047445 0.047513 0.047566 0.047604 0.047632 0.047649 0.047660 0.047666 0.047668 0.047666 0.047663 0.047658 0.047652 0.047646 0.047640 0.047634 0.047627 0.047622 0.047616 0.047611 0.047607 0.047604 0.047600 0.047598 0.047596 0.047595 0.047594 0.047594 0.047595 0.047596 0.047597 0.047599 0.047601 0.047604 0.047607 0.047611 0.047614 0.047619 0.047623 0.047628 0.047633 0.047638 0.047644 0.047649 0.047655 0.047662
0.043154 0.043903 0.044346 0.044674 0.044939 0.045160 0.045348 0.045508 0.045647 0.045768 0.045873 0.045966 0.046049 0.046123 0.046189 0.046249 0.046303 0.046353 0.046399 0.046441 0.046481 0.046518 0.046553 0.046586 0.046617 0.046647 0.046675 0.046702 0.046729 0.046754 0.046778 0.046802 0.046825 0.046847 0.046869 0.046890 0.046911 0.046931 0.046951 0.046971 0.046990 0.047009 0.047027 0.047045 0.047063 0.047081 0.047098 0.047115 0.047132 0.047148
0.041133 0.041721 0.042179 0.042548 0.042862 0.043138 0.043384 0.043606 0.043807 0.043990 0.044158 0.044311 0.044451 0.044581 0.044702 0.044813 0.044917 0.045014 0.045105 0.045190 0.045271 0.045346 0.045418 0.045486 0.045551 0.045612 0.045671 0.045727 0.045780 0.045832 0.045881 0.045928 0.045974 0.046018 0.046061 0.046102 0.046141 0.046180 0.046217 0.046253 0.046288 0.046322 0.046356 0.046388 0.046419 0.046450 0.046480 0.046509 0.046537 0.046565
0.040571 0.040607 0.040782 0.041018 0.041271 0.041523 0.041767 0.041999 0.042219 0.042428 0.042624 0.042810 0.042984 0.043149 0.043305 0.043452 0.043592 0.043723 0.043848 0.043967 0.044080 0.044187 0.044289 0.044386 0.044479 0.044568 0.044653 0.044734 0.044812 0.044887 0.044959 0.045028 0.045094 0.045158 0.045220 0.045280 0.045337 0.045393 0.045447 0.045499 0.045550 0.045598 0.045646 0.045692 0.045737 0.045780 0.045823 0.045864 0.045904 0.045943
0.039130 0.039305 0.039520 0.039745 0.039975 0.040206 0.040436 0.040662 0.040883 0.041097 0.041304 0.041504 0.041695 0.041880 0.042056 0.042225 0.042387 0.042542 0.042691 0.042833 0.042969 0.043099 0.043224 0.043344 0.043459 0.043569 0.043675 0.043777 0.043875 0.043969 0.044060 0.044148 0.044232 0.044313 0.044392 0.044467 0.044541 0.044612 0.044680 0.044747 0.044811 0.044874 0.044934 0.044993 0.045050 0.045105 0.045159 0.045212 0.045263 0.045312
0.037445 0.037982 0.038317 0.038584 0.038829 0.039065 0.039296 0.039524 0.039747 0.039966 0.040179 0.040387 0.040589 0.040784 0.040973 0.041156 0.041332 0.041502 0.041666 0.041824 0.041976 0.042123 0.042264 0.042400 0.042531 0.042657 0.042778 0.042896 0.043009 0.043118 0.043224 0.043326 0.043424 0.043519 0.043612 0.043701 0.043787 0.043870 0.043951 0.044030 0.044106 0.044180 0.044252 0.044321 0.044389 0.044455 0.044519 0.044581 0.044641 0.044700
0.037113 0.037109 0.037290 0.037530 0.037785 0.038039 0.038288 0.038530 0.038767 0.038998 0.039222 0.039440 0.039651 0.039856 0.040055 0.040247 0.040434 0.040614 0.040788 0.040956 0.041119 0.041277 0.041429 0.041576 0.041718 0.041855 0.041988 0.042116 0.042241 0.042361 0.042477 0.042590 0.042699 0.042805 0.042907 0.043007 0.043103 0.043197 0.043287 0.043375 0.043461 0.043544 0.043625 0.043703 0.043780 0.043854 0.043926 0.043997 0.044065 0.044132
0.035430 0.035847 0.036202 0.036525 0.036830 0.037121 0.037400 0.037668 0.037926 0.038175 0.038414 0.038645 0.038868 0.039083 0.039292 0.039493 0.039687 0.039875 0.040057 0.040233 0.040403 0.040568 0.040728 0.040882 0.041032 0.041177 0.041318 0.041454 0.041586 0.041714 0.041838 0.041958 0.042075 0.042188 0.042298 0.042405 0.042509 0.042610 0.042708 0.042803 0.042896 0.042986 0.043073 0.043159 0.043242 0.043323 0.043402 0.043478 0.043553 0.043626
0.034365 0.034883 0.035299 0.035673 0.036022 0.036349 0.036659 0.036953 0.037232 0.037499 0.037754 0.037999 0.038233 0.038458 0.038675 0.038884 0.039086 0.039280 0.039468 0.039650 0.039826 0.039996 0.040161 0.040321 0.040476 0.040626 0.040772 0.040914 0.041051 0.041184 0.041313 0.041439 0.041561 0.041680 0.041795 0.041907 0.042016 0.042122 0.042226 0.042326 0.042424 0.042519 0.042612 0.042702 0.042790 0.042876 0.042959 0.043041 0.043120 0.043197
0.033875 0.034242 0.034650 0.035044 0.035416 0.035765 0.036093 0.036404 0.036698 0.036978 0.037244 0.037498 0.037741 0.037974 0.038198 0.038413 0.038621 0.038821 0.039014 0.039200 0.039381 0.039555 0.039724 0.039888 0.040047 0.040201 0.040351 0.040496 0.040637 0.040774 0.040907 0.041036 0.041162 0.041284 0.041403 0.041519 0.041631 0.041741 0.041848 0.041952 0.042053 0.042151 0.042247 0.042341 0.042432 0.042521 0.042608 0.042693 0.042775 0.042856
0.033295 0.033815 0.034259 0.034659 0.035031 0.035381 0.035711 0.036025 0.036323 0.036607 0.036877 0.037136 0.037384 0.037622 0.037850 0.038070 0.038282 0.038486 0.038683 0.038874 0.039058 0.039237 0.039409 0.039577 0.039739 0.039896 0.040049 0.040197 0.040341 0.040480 0.040616 0.040748 0.040876 0.041001 0.041122 0.041241 0.041355 0.041467 0.041576 0.041682 0.041786 0.041886 0.041984 0.042080 0.042173 0.042264 0.042353 0.042439 0.042524 0.042606
0.033361 0.033778 0.034131 0.034482 0.034827 0.035160 0.035481 0.035788 0.036082 0.036364 0.036635 0.036895 0.037145 0.037386 0.037618 0.037842 0.038058 0.038266 0.038467 0.038662 0.038850 0.039032 0.039208 0.039379 0.039544 0.039704 0.039860 0.040010 0.040157 0.040299 0.040437 0.040571 0.040701 0.040827 0.040950 0.041070 0.041186 0.041299 0.041410 0.041517 0.041621 0.041723 0.041822 0.041919 0.042013 0.042105 0.042195 0.042282 0.042367 0.042450
0.033757 0.033746 0.034032 0.034367 0.034700 0.035024 0.035337 0.035640 0.035932 0.036214 0.036487 0.036750 0.037004 0.037249 0.037486 0.037715 0.037936 0.038149 0.038355 0.038554 0.038747 0.038933 0.039113 0.039287 0.039456 0.039619 0.039777 0.039930 0.040079 0.040223 0.040362 0.040498 0.040630 0.040757 0.040881 0.041002 0.041119 0.041233 0.041344 0.041452 0.041557 0.041659 0.041758 0.041855 0.041949 0.042041 0.042130 0.042218 0.042303 0.042386
0.032245 0.033272 0.033807 0.034208 0.034565 0.034900 0.035222 0.035534 0.035835 0.036127 0.036409 0.036682 0.036945 0.037199 0.037444 0.037680 0.037908 0.038128 0.038340 0.038544 0.038742 0.038933 0.039117 0.039295 0.039467 0.039633 0.039794 0.039949 0.040100 0.040246 0.040387 0.040524 0.040656 0.040785 0.040910 0.041031 0.041148 0.041262 0.041373 0.041480 0.041585 0.041687 0.041786 0.041882 0.041976 0.042067 0.042155 0.042242 0.042326 0.042408
0.033187 0.033302 0.033651 0.034030 0.034404 0.034768 0.035119 0.035457 0.035783 0.036096 0.036397 0.036686 0.036963 0.037230 0.037486 0.037732 0.037969 0.038196 0.038415 0.038626 0.038829 0.039025 0.039213 0.039395 0.039570 0.039739 0.039903 0.040060 0.040213 0.040360 0.040502 0.040640 0.040773 0.040902 0.041026 0.041147 0.041265 0.041378 0.041488 0.041595 0.041699 0.041800 0.041898 0.041993 0.042085 0.042175 0.042262 0.042347 0.042430 0.042511
0.032590 0.032992 0.033400 0.033829 0.034257 0.034672 0.035067 0.035443 0.035801 0.036140 0.036463 0.036771 0.037065 0.037346 0.037614 0.037871 0.038117 0.038353 0.038579 0.038796 0.039004 0.039204 0.039397 0.039582 0.039760 0.039931 0.040096 0.040255 0.040409 0.040557 0.040699 0.040837 0.040970 0.041099 0.041223 0.041343 0.041460 0.041572 0.041681 0.041787 0.041889 0.041989 0.042085 0.042178 0.042269 0.042357 0.042442 0.042525 0.042606 0.042685
0.031823 0.032563 0.033185 0.033737 0.034240 0.034705 0.035138 0.035545 0.035927 0.036288 0.036629 0.036953 0.037260 0.037553 0.037832 0.038097 0.038351 0.038594 0.038826 0.039047 0.039260 0.039464 0.039659 0.039846 0.040026 0.040199 0.040365 0.040525 0.040678 0.040826 0.040969 0.041106 0.041238 0.041366 0.041489 0.041608 0.041723 0.041834 0.041941 0.042045 0.042145 0.042243 0.042337 0.042428 0.042516 0.042602 0.042685 0.042766 0.042844 0.042920
0.032242 0.032807 0.033402 0.033952 0.034459 0.034930 0.035371 0.035787 0.036179 0.036549 0.036900 0.037233 0.037549 0.037849 0.038135 0.038406 0.038665 0.038912 0.039147 0.039372 0.039587 0.039793 0.039990 0.040178 0.040358 0.040531 0.040697 0.040857 0.041009 0.041156 0.041298 0.041434 0.041565 0.041691 0.041812 0.041929 0.042042 0.042151 0.042256 0.042357 0.042455 0.042550 0.042642 0.042730 0.042816 0.042899 0.042979 0.043057 0.043133 0.043206
0.032681 0.033367 0.033879 0.034365 0.034836 0.035289 0.035723 0.036136 0.036529 0.036903 0.037258 0.037595 0.037915 0.038219 0.038508 0.038783 0.039045 0.039293 0.039531 0.039757 0.039972 0.040178 0.040375 0.040563 0.040742 0.040914 0.041079 0.041237 0.041389 0.041534 0.041673 0.041807 0.041936 0.042060 0.042179 0.042294 0.042404 0.042510 0.042613 0.042711 0.042807 0.042899 0.042987 0.043073 0.043156 0.043236 0.043314 0.043389 0.043461 0.043531
0.033065 0.033621 0.034182 0.034703 0.035194 0.035660 0.036104 0.036526 0.036926 0.037306 0.037666 0.038008 0.038331 0.038638 0.038929 0.039206 0.039468 0.039718 0.039955 0.040181 0.040396 0.040601 0.040797 0.040983 0.041161 0.041332 0.041495 0.041651 0.041800 0.041943 0.042080 0.042212 0.042338 0.042459 0.042576 0.042688 0.042795 0.042899 0.042998 0.043094 0.043187 0.043276 0.043361 0.043444 0.043524 0.043601 0.043676 0.043747 0.043817 0.043884
0.033304 0.033794 0.034362 0.034933 0.035476 0.035984 0.036460 0.036906 0.037325 0.037718 0.038088 0.038437 0.038766 0.039077 0.039370 0.039648 0.039912 0.040161 0.040398 0.040624 0.040838 0.041041 0.041236 0.041421 0.041597 0.041766 0.041926 0.042080 0.042227 0.042368 0.042503 0.042632 0.042756 0.042874 0.042988 0.043097 0.043202 0.043303 0.043400 0.043493 0.043582 0.043669 0.043751 0.043831 0.043908 0.043982 0.044054 0.044122 0.044189 0.044253
0.032641 0.033641 0.034430 0.035110 0.035720 0.036277 0.036790 0.037265 0.037705 0.038115 0.038498 0.038856 0.039191 0.039507 0.039804 0.040084 0.040349 0.040600 0.040837 0.041062 0.041276 0.041479 0.041672 0.041856 0.042031 0.042198 0.042358 0.042510 0.042655 0.042794 0.042927 0.043054 0.043175 0.043292 0.043403 0.043510 0.043612 0.043711 0.043805 0.043895 0.043982 0.044066 0.044146 0.044223 0.044297 0.044368 0.044437 0.044502 0.044566 0.044627
0.033063 0.033896 0.034653 0.035348 0.035987 0.036572 0.037110 0.037605 0.038062 0.038484 0.038877 0.039243 0.039586 0.039906 0.040208 0.040492 0.040759 0.041012 0.041251 0.041478 0.041692 0.041896 0.042089 0.042273 0.042448 0.042615 0.042774 0.042925 0.043069 0.043207 0.043339 0.043464 0.043584 0.043699 0.043809 0.043914 0.044014 0.044110 0.044202 0.044291 0.044375 0.044456 0.044534 0.044608 0.044680 0.044749 0.044814 0.044878 0.044938 0.044997
0.033496 0.034170 0.034909 0.035616 0.036269 0.036866 0.037413 0.037915 0.038379 0.038809 0.039209 0.039582 0.039930 0.040257 0.040564 0.040853 0.041125 0.041382 0.041625 0.041855 0.042073 0.042279 0.042475 0.042660 0.042837 0.043004 0.043164 0.043315 0.043460 0.043597 0.043729 0.043854 0.043973 0.044087 0.044195 0.044299 0.044398 0.044492 0.044583 0.044669 0.044752 0.044831 0.044907 0.044979 0.045048 0.045114 0.045178 0.045239 0.045297 0.045352
0.033020 0.034220 0.035117 0.035865 0.036522 0.037116 0.037661 0.038164 0.038631 0.039066 0.039473 0.039854 0.040211 0.040546 0.040862 0.041159 0.041439 0.041703 0.041952 0.042187 0.042410 0.042621 0.042820 0.043009 0.043189 0.043359 0.043520 0.043673 0.043819 0.043957 0.044089 0.044214 0.044334 0.044447 0.044555 0.044658 0.044756 0.044850 0.044939 0.045024 0.045105 0.045182 0.045256 0.045326 0.045393 0.045457 0.045519 0.045577 0.045633 0.045686
0.034112 0.034717 0.035399 0.036058 0.036677 0.037257 0.037800 0.038309 0.038787 0.039235 0.039656 0.040051 0.040422 0.040771 0.041099 0.041408 0.041698 0.041972 0.042230 0.042473 0.042703 0.042920 0.043125 0.043319 0.043502 0.043676 0.043840 0.043996 0.044143 0.044283 0.044416 0.044542 0.044661 0.044775 0.044883 0.044985 0.045082 0.045175 0.045263 0.045347 0.045426 0.045502 0.045574 0.045642 0.045708 0.045770 0.045829 0.045885 0.045938 0.045989
0.033717 0.034595 0.035311 0.035978 0.036616 0.037223 0.037797 0.038337 0.038845 0.039320 0.039766 0.040183 0.040575 0.040942 0.041286 0.041610 0.041913 0.042198 0.042467 0.042719 0.042957 0.043180 0.043391 0.043590 0.043778 0.043955 0.044122 0.044281 0.044430 0.044571 0.044705 0.044832 0.044952 0.045065 0.045173 0.045275 0.045371 0.045463 0.045550 0.045632 0.045710 0.045784 0.045854 0.045921 0.045984 0.046044 0.046100 0.046154 0.046205 0.046253
0.033296 0.034019 0.034831 0.035624 0.036368 0.037058 0.037698 0.038292 0.038844 0.039357 0.039835 0.040279 0.040694 0.041081 0.041443 0.041781 0.042098 0.042394 0.042672 0.042933 0.043177 0.043407 0.043623 0.043826 0.044017 0.044198 0.044367 0.044527 0.044678 0.044820 0.044954 0.045081 0.045201 0.045314 0.045421 0.045522 0.045617 0.045707 0.045792 0.045873 0.045949 0.046021 0.046088 0.046153 0.046213 0.046270 0.046324 0.046375 0.046423 0.046469
0.031757 0.033195 0.034332 0.035295 0.036147 0.036917 0.037619 0.038264 0.038857 0.039404 0.039909 0.040378 0.040812 0.041216 0.041591 0.041940 0.042266 0.042571 0.042855 0.043121 0.043370 0.043604 0.043822 0.044028 0.044221 0.044402 0.044572 0.044732 0.044883 0.045024 0.045158 0.045284 0.045402 0.045514 0.045619 0.045718 0.045811 0.045899 0.045982 0.046060 0.046133 0.046202 0.046268 0.046329 0.046387 0.046441 0.046492 0.046540 0.046584 0.046626
0.032693 0.033477 0.034374 0.035276 0.036132 0.036926 0.037656 0.038325 0.038940 0.039505 0.040026 0.040506 0.040949 0.041360 0.041742 0.042096 0.042425 0.042732 0.043018 0.043285 0.043534 0.043768 0.043986 0.044190 0.044382 0.044562 0.044730 0.044888 0.045037 0.045176 0.045307 0.045431 0.045546 0.045655 0.045757 0.045853 0.045943 0.046028 0.046108 0.046183 0.046253 0.046319 0.046380 0.046438 0.046492 0.046543 0.046590 0.046635 0.046676 0.046714
0.031911 0.033276 0.034393 0.035378 0.036268 0.037077 0.037814 0.038487 0.039102 0.039667 0.040185 0.040663 0.041104 0.041512 0.041889 0.042240 0.042565 0.042868 0.043150 0.043413 0.043658 0.043887 0.044102 0.044302 0.044489 0.044665 0.044829 0.044983 0.045128 0.045263 0.045390 0.045509 0.045621 0.045725 0.045823 0.045915 0.046001 0.046082 0.046158 0.046228 0.046294 0.046356 0.046414 0.046468 0.046518 0.046564 0.046608 0.046648 0.046685 0.046720
0.031844 0.033274 0.034526 0.035588 0.036507 0.037318 0.038045 0.038703 0.039302 0.039851 0.040355 0.040818 0.041246 0.041642 0.042008 0.042348 0.042664 0.042957 0.043230 0.043485 0.043722 0.043944 0.044151 0.044344 0.044525 0.044694 0.044852 0.045000 0.045138 0.045268 0.045389 0.045502 0.045609 0.045708 0.045801 0.045888 0.045969 0.046045 0.046116 0.046182 0.046243 0.046300 0.046354 0.046403 0.046449 0.046491 0.046530 0.046566 0.046599 0.046629
0.032472 0.033870 0.034990 0.035957 0.036813 0.037578 0.038270 0.038897 0.039470 0.039995 0.040476 0.040920 0.041329 0.041708 0.042059 0.042384 0.042686 0.042967 0.043228 0.043471 0.043698 0.043910 0.044107 0.044292 0.044464 0.044625 0.044776 0.044916 0.045048 0.045170 0.045285 0.045392 0.045493 0.045586 0.045673 0.045754 0.045830 0.045901 0.045966 0.046027 0.046084 0.046136 0.046185 0.046229 0.046270 0.046308 0.046343 0.046375 0.046403 0.046429
0.033909 0.034639 0.035459 0.036269 0.037034 0.037743 0.038392 0.038987 0.039532 0.040031 0.040490 0.040912 0.041302 0.041663 0.041997 0.042307 0.042594 0.042862 0.043110 0.043342 0.043558 0.043759 0.043946 0.044121 0.044284 0.044437 0.044579 0.044712 0.044836 0.044952 0.045059 0.045160 0.045254 0.045341 0.045423 0.045498 0.045569 0.045634 0.045694 0.045750 0.045802 0.045850 0.045893 0.045934 0.045970 0.046004 0.046035 0.046062 0.046087 0.046109
0.033561 0.034533 0.035439 0.036272 0.037031 0.037719 0.038345 0.038915 0.039436 0.039913 0.040351 0.040755 0.041127 0.041471 0.041789 0.042085 0.042359 0.042613 0.042850 0.043070 0.043275 0.043466 0.043644 0.043810 0.043964 0.044108 0.044243 0.044368 0.044485 0.044594 0.044695 0.044790 0.044878 0.044959 0.045035 0.045106 0.045171 0.045231 0.045287 0.045339 0.045386 0.045429 0.045469 0.045506 0.045539 0.045568 0.045595 0.045620 0.045641 0.045660
0.032758 0.034110 0.035198 0.036089 0.036851 0.037522 0.038124 0.038670 0.039167 0.039623 0.040042 0.040427 0.040783 0.041112 0.041417 0.041699 0.041960 0.042203 0.042429 0.042639 0.042834 0.043016 0.043186 0.043343 0.043490 0.043627 0.043754 0.043873 0.043984 0.044087 0.044183 0.044272 0.044354 0.044431 0.044502 0.044568 0.044629 0.044686 0.044738 0.044786 0.044830 0.044870 0.044906 0.044940 0.044970 0.044997 0.045021 0.045042 0.045061 0.045078
0.033150 0.034341 0.035194 0.035930 0.036595 0.037202 0.037758 0.038268 0.038737 0.039169 0.039567 0.039934 0.040273 0.040587 0.040878 0.041148 0.041398 0.041630 0.041845 0.042046 0.042232 0.042406 0.042568 0.042718 0.042858 0.042989 0.043110 0.043224 0.043329 0.043427 0.043518 0.043603 0.043682 0.043755 0.043823 0.043885 0.043943 0.043997 0.044046 0.044091 0.044133 0.044171 0.044205 0.044236 0.044265 0.044290 0.044312 0.044332 0.044350 0.044365
0.034905 0.034717 0.035116 0.035656 0.036214 0.036752 0.037258 0.037730 0.038167 0.038572 0.038947 0.039294 0.039615 0.039912 0.040188 0.040444 0.040682 0.040903 0.041108 0.041300 0.041478 0.041644 0.041798 0.041942 0.042076 0.042202 0.042318 0.042427 0.042528 0.042622 0.042710 0.042792 0.042868 0.042938 0.043003 0.043064 0.043120 0.043172 0.043219 0.043263 0.043303 0.043340 0.043374 0.043404 0.043431 0.043456 0.043478 0.043497 0.043514 0.043529
0.032467 0.033711 0.034477 0.035101 0.035660 0.036173 0.036647 0.037085 0.037491 0.037866 0.038214 0.038536 0.038836 0.039114 0.039373 0.039613 0.039837 0.040046 0.040240 0.040422 0.040591 0.040749 0.040897 0.041034 0.041163 0.041283 0.041396 0.041500 0.041598 0.041690 0.041775 0.041854 0.041928 0.041997 0.042061 0.042120 0.042175 0.042226 0.042273 0.042316 0.042356 0.042393 0.042426 0.042457 0.042485 0.042509 0.042532 0.042552 0.042569 0.042584
0.032461 0.033198 0.033912 0.034529 0.035067 0.035546 0.035981 0.036379 0.036747 0.037087 0.037403 0.037697 0.037970 0.038226 0.038464 0.038687 0.038895 0.039089 0.039271 0.039442 0.039602 0.039751 0.039892 0.040023 0.040146 0.040261 0.040369 0.040471 0.040565 0.040654 0.040737 0.040815 0.040887 0.040955 0.041018 0.041077 0.041132 0.041183 0.041230 0.041274 0.041314 0.041351 0.041385 0.041417 0.041445 0.041471 0.041495 0.041516 0.041535 0.041551
0.032534 0.033129 0.033640 0.034110 0.034543 0.034941 0.035310 0.035653 0.035972 0.036269 0.036547 0.036808 0.037053 0.037282 0.037498 0.037700 0.037891 0.038070 0.038238 0.038397 0.038546 0.038686 0.038818 0.038943 0.039060 0.039170 0.039274 0.039371 0.039463 0.039549 0.039630 0.039706 0.039777 0.039844 0.039906 0.039965 0.040020 0.040071 0.040119 0.040163 0.040204 0.040242 0.040278 0.040310 0.040340 0.040367 0.040392 0.040415 0.040435 0.040454
0.033059 0.033174 0.033432 0.033733 0.034043 0.034347 0.034641 0.034921 0.035187 0.035439 0.035678 0.035904 0.036118 0.036320 0.036511 0.036693 0.036864 0.037027 0.037180 0.037326 0.037463 0.037594 0.037717 0.037833 0.037944 0.038048 0.038146 0.038239 0.038327 0.038410 0.038489 0.038563 0.038632 0.038698 0.038759 0.038817 0.038872 0.038923 0.038971 0.039016 0.039058 0.039097 0.039133 0.039167 0.039198 0.039227 0.039253 0.039277 0.039299 0.039320
0.032263 0.032695 0.032982 0.033237 0.033484 0.033727 0.033963 0.034191 0.034411 0.034622 0.034824 0.035016 0.035201 0.035376 0.035544 0.035704 0.035856 0.036001 0.036139 0.036270 0.036395 0.036514 0.036627 0.036735 0.036837 0.036934 0.037027 0.037114 0.037197 0.037276 0.037351 0.037422 0.037489 0.037552 0.037612 0.037669 0.037723 0.037773 0.037820 0.037865 0.037907 0.037946 0.037983 0.038017 0.038049 0.038079 0.038106 0.038132 0.038155 0.038177
0.032188 0.032245 0.032452 0.032677 0.032896 0.033103 0.033302 0.033492 0.033676 0.033852 0.034021 0.034184 0.034340 0.034490 0.034634 0.034773 0.034905 0.035032 0.035153 0.035269 0.035381 0.035487 0.035589 0.035686 0.035779 0.035867 0.035952 0.036033 0.036110 0.036183 0.036253 0.036319 0.036382 0.036442 0.036499 0.036553 0.036605 0.036653 0.036699 0.036742 0.036783 0.036822 0.036858 0.036892 0.036923 0.036953 0.036981 0.037007 0.037031 0.037053
0.031150 0.031655 0.031958 0.032185 0.032379 0.032555 0.032720 0.032877 0.033027 0.033171 0.033310 0.033445 0.033574 0.033699 0.033819 0.033935 0.034047 0.034154 0.034258 0.034358 0.034454 0.034546 0.034634 0.034720 0.034801 0.034880 0.034955 0.035027 0.035096 0.035162 0.035225 0.035285 0.035343 0.035398 0.035450 0.035500 0.035547 0.035592 0.035635 0.035676 0.035714 0.035750 0.035785 0.035817 0.035847 0.035876 0.035903 0.035928 0.035951 0.035973
0.031495 0.031643 0.031769 0.031897 0.032025 0.032150 0.032273 0.032391 0.032506 0.032618 0.032725 0.032830 0.032931 0.033030 0.033125 0.033218 0.033308 0.033395 0.033479 0.033560 0.033639 0.033716 0.033789 0.033861 0.033929 0.033996 0.034059 0.034121 0.034180 0.034237 0.034291 0.034344 0.034394 0.034442 0.034488 0.034532 0.034574 0.034614 0.034652 0.034688 0.034722 0.034755 0.034786 0.034815 0.034843 0.034869 0.034893 0.034916 0.034937 0.034957
0.032098 0.031775 0.031727 0.031763 0.031827 0.031901 0.031978 0.032055 0.032131 0.032207 0.032282 0.032355 0.032427 0.032497 0.032567 0.032635 0.032701 0.032766 0.032830 0.032892 0.032952 0.033011 0.033069 0.033124 0.033178 0.033231 0.033282 0.033331 0.033379 0.033424 0.033469 0.033511 0.033553 0.033592 0.033630 0.033666 0.033701 0.033734 0.033766 0.033796 0.033825 0.033852 0.033878 0.033903 0.033926 0.033948 0.033969 0.033988 0.034006 0.034023
0.031186 0.031531 0.031651 0.031707 0.031745 0.031780 0.031816 0.031853 0.031891 0.031931 0.031972 0.032014 0.032056 0.032098 0.032141 0.032184 0.032227 0.032270 0.032312 0.032354 0.032395 0.032436 0.032476 0.032515 0.032554 0.032591 0.032628 0.032664 0.032699 0.032732 0.032765 0.032796 0.032827 0.032856 0.032885 0.032912 0.032938 0.032963 0.032987 0.033010 0.033032 0.033052 0.033072 0.033091 0.033108 0.033125 0.033140 0.033154 0.033168 0.033180
0.031692 0.031760 0.031769 0.031765 0.031759 0.031753 0.031750 0.031751 0.031755 0.031762 0.031772 0.031785 0.031799 0.031816 0.031834 0.031853 0.031874 0.031895 0.031916 0.031939 0.031961 0.031984 0.032006 0.032029 0.032052 0.032074 0.032096 0.032117 0.032139 0.032159 0.032179 0.032199 0.032218 0.032236 0.032254 0.032271 0.032288 0.032303 0.032318 0.032333 0.032346 0.032359 0.032371 0.032383 0.032393 0.032403 0.032412 0.032420 0.032428 0.032435
0.032620 0.032110 0.031942 0.031862 0.031808 0.031766 0.031732 0.031704 0.031681 0.031663 0.031649 0.031638 0.031630 0.031625 0.031622 0.031621 0.031621 0.031623 0.031626 0.031630 0.031635 0.031641 0.031647 0.031654 0.031661 0.031668 0.031675 0.031683 0.031690 0.031698 0.031705 0.031713 0.031720 0.031727 0.031733 0.031740 0.031746 0.031751 0.031757 0.031762 0.031766 0.031771 0.031774 0.031778 0.031781 0.031783 0.031785 0.031786 0.031787 0.031788
0.031407 0.031893 0.031937 0.031888 0.031826 0.031769 0.031719 0.031675 0.031637 0.031603 0.031573 0.031546 0.031522 0.031501 0.031482 0.031465 0.031449 0.031435 0.031422 0.031410 0.031400 0.031390 0.031381 0.031373 0.031366 0.031359 0.031353 0.031347 0.031341 0.031336 0.031331 0.031326 0.031321 0.031317 0.031312 0.031308 0.031303 0.031299 0.031295 0.031290 0.031285 0.031281 0.031276 0.031270 0.031265 0.031260 0.031254 0.031248 0.031241 0.031235
0.032788 0.032176 0.031970 0.031869 0.031800 0.031743 0.031693 0.031647 0.031605 0.031565 0.031527 0.031491 0.031457 0.031425 0.031394 0.031364 0.031336 0.031309 0.031283 0.031259 0.031235 0.031212 0.031190 0.031169 0.031149 0.031129 0.031110 0.031092 0.031075 0.031057 0.031041 0.031025 0.031009 0.030993 0.030978 0.030964 0.030949 0.030935 0.030920 0.030906 0.030893 0.030879 0.030865 0.030852 0.030838 0.030824 0.030811 0.030797 0.030784 0.030770
0.031655 0.031799 0.031801 0.031775 0.031741 0.031705 0.031667 0.031627 0.031587 0.031546 0.031505 0.031464 0.031423 0.031383 0.031344 0.031305 0.031266 0.031229 0.031193 0.031157 0.031122 0.031088 0.031055 0.031023 0.030992 0.030961 0.030931 0.030902 0.030874 0.030846 0.030819 0.030793 0.030767 0.030742 0.030717 0.030692 0.030668 0.030645 0.030622 0.030599 0.030576 0.030554 0.030532 0.030510 0.030489 0.030467 0.030446 0.030425 0.030404 0.030383
0.031454 0.031646 0.031717 0.031734 0.031725 0.031703 0.031672 0.031636 0.031595 0.031552 0.031507 0.031461 0.031414 0.031366 0.031319 0.031272 0.031226 0.031179 0.031134 0.031089 0.031045 0.031002 0.030960 0.030918 0.030878 0.030838 0.030799 0.030761 0.030723 0.030686 0.030650 0.030615 0.030580 0.030546 0.030513 0.030480 0.030447 0.030415 0.030384 0.030353 0.030323 0.030293 0.030263 0.030234 0.030205 0.030176 0.030148 0.030120 0.030092 0.030065
0.032099 0.031915 0.031860 0.031832 0.031804 0.031770 0.031729 0.031683 0.031634 0.031582 0.031529 0.031474 0.031419 0.031364 0.031309 0.031254 0.031200 0.031146 0.031093 0.031041 0.030990 0.030939 0.030889 0.030840 0.030792 0.030744 0.030698 0.030652 0.030607 0.030563 0.030519 0.030476 0.030434 0.030393 0.030352 0.030312 0.030272 0.030233 0.030195 0.030157 0.030120 0.030083 0.030047 0.030011 0.029976 0.029940 0.029906 0.029872 0.029838 0.029804
0.032079 0.032102 0.032061 0.032007 0.031946 0.031883 0.031818 0.031753 0.031687 0.031621 0.031555 0.031490 0.031426 0.031363 0.031300 0.031238 0.031177 0.031117 0.031058 0.031000 0.030942 0.030886 0.030830 0.030775 0.030721 0.030668 0.030615 0.030563 0.030513 0.030462 0.030413 0.030364 0.030317 0.030269 0.030223 0.030177 0.030131 0.030087 0.030043 0.029999 0.029956 0.029914 0.029872 0.029830 0.029789 0.029749 0.029708 0.029669 0.029629 0.029590
0.032463 0.032372 0.032282 0.032182 0.032080 0.031982 0.031890 0.031802 0.031719 0.031640 0.031563 0.031489 0.031417 0.031347 0.031278 0.031211 0.031145 0.031081 0.031017 0.030955 0.030893 0.030832 0.030772 0.030713 0.030655 0.030598 0.030541 0.030486 0.030431 0.030376 0.030323 0.030270 0.030217 0.030166 0.030115 0.030064 0.030015 0.029965 0.029917 0.029869 0.029821 0.029774 0.029728 0.029682 0.029636 0.029591 0.029546 0.029502 0.029458 0.029415
0.032694 0.032587 0.032412 0.032252 0.032113 0.031993 0.031886 0.031788 0.031697 0.031612 0.031531 0.031453 0.031378 0.031305 0.031234 0.031164 0.031096 0.031029 0.030964 0.030899 0.030835 0.030772 0.030710 0.030649 0.030589 0.030529 0.030470 0.030412 0.030354 0.030297 0.030241 0.030185 0.030130 0.030075 0.030021 0.029967 0.029914 0.029862 0.029810 0.029758 0.029707 0.029657 0.029607 0.029557 0.029508 0.029459 0.029411 0.029363 0.029316 0.029269
0.033105 0.032536 0.032269 0.032103 0.031979 0.031873 0.031778 0.031690 0.031607 0.031527 0.031450 0.031375 0.031303 0.031232 0.031162 0.031094 0.031026 0.030960 0.030895 0.030830 0.030766 0.030703 0.030641 0.030579 0.030518 0.030457 0.030397 0.030338 0.030279 0.030220 0.030162 0.030105 0.030048 0.029992 0.029936 0.029880 0.029825 0.029770 0.029716 0.029662 0.029609 0.029556 0.029503 0.029451 0.029399 0.029348 0.029297 0.029246 0.029196 0.029146
0.031512 0.031741 0.031783 0.031762 0.031716 0.031659 0.031597 0.031532 0.031465 0.031399 0.031332 0.031265 0.031199 0.031134 0.031069 0.031004 0.030940 0.030876 0.030813 0.030750 0.030688 0.030626 0.030565 0.030504 0.030443 0.030382 0.030323 0.030263 0.030204 0.030145 0.030086 0.030028 0.029971 0.029913 0.029856 0.029800 0.029743 0.029687 0.029632 0.029576 0.029521 0.029467 0.029412 0.029358 0.029305 0.029251 0.029198 0.029146 0.029093 0.029041
0.031106 0.031348 0.031452 0.031483 0.031476 0.031448 0.031408 0.031362 0.031311 0.031257 0.031200 0.031143 0.031084 0.031025 0.030965 0.030905 0.030845 0.030785 0.030725 0.030665 0.030605 0.030545 0.030485 0.030425 0.030366 0.030306 0.030247 0.030188 0.030130 0.030071 0.030013 0.029955 0.029897 0.029839 0.029782 0.029725 0.029668 0.029611 0.029555 0.029498 0.029442 0.029387 0.029331 0.029276 0.029221 0.029167 0.029112 0.029058 0.029004 0.028951
0.031698 0.031501 0.031421 0.031376 0.031340 0.031304 0.031266 0.031224 0.031178 0.031130 0.031080 0.031028 0.030975 0.030921 0.030865 0.030809 0.030753 0.030696 0.030638 0.030581 0.030523 0.030465 0.030407 0.030349 0.030290 0.030232 0.030174 0.030116 0.030058 0.030000 0.029942 0.029885 0.029827 0.029769 0.029712 0.029655 0.029598 0.029541 0.029484 0.029427 0.029371 0.029315 0.029259 0.029203 0.029147 0.029091 0.029036 0.028981 0.028926 0.028871
0.031665 0.031521 0.031406 0.031330 0.031272 0.031223 0.031177 0.031131 0.031084 0.031036 0.030987 0.030936 0.030885 0.030832 0.030779 0.030725 0.030671 0.030615 0.030560 0.030504 0.030448 0.030391 0.030335 0.030278 0.030221 0.030164 0.030106 0.030049 0.029992 0.029934 0.029877 0.029820 0.029762 0.029705 0.029648 0.029591 0.029534 0.029477 0.029420 0.029363 0.029306 0.029249 0.029193 0.029137 0.029080 0.029024 0.028968 0.028912 0.028857 0.028801
0.031491 0.031353 0.031319 0.031280 0.031232 0.031181 0.031129 0.031078 0.031026 0.030975 0.030923 0.030871 0.030819 0.030766 0.030713 0.030659 0.030605 0.030550 0.030495 0.030440 0.030384 0.030328 0.030272 0.030216 0.030159 0.030103 0.030046 0.029989 0.029932 0.029875 0.029818 0.029761 0.029704 0.029647 0.029590 0.029533 0.029476 0.029419 0.029362 0.029305 0.029248 0.029191 0.029134 0.029077 0.029021 0.028964 0.028907 0.028851 0.028795 0.028739
0.030689 0.031234 0.031308 0.031277 0.031224 0.031166 0.031108 0.031051 0.030995 0.030940 0.030885 0.030830 0.030775 0.030720 0.030666 0.030611 0.030556 0.030500 0.030445 0.030389 0.030333 0.030277 0.030221 0.030165 0.030108 0.030052 0.029995 0.029938 0.029881 0.029824 0.029767 0.029710 0.029653 0.029596 0.029539 0.029481 0.029424 0.029367 0.029310 0.029252 0.029195 0.029138 0.029081 0.029024 0.028967 0.028910 0.028853 0.028796 0.028739 0.028682
0.032773 0.031763 0.031445 0.031311 0.031229 0.031161 0.031099 0.031039 0.030980 0.030921 0.030863 0.030806 0.030748 0.030692 0.030635 0.030578 0.030521 0.030465 0.030408 0.030351 0.030295 0.030238 0.030181 0.030124 0.030067 0.030010 0.029953 0.029896 0.029838 0.029781 0.029724 0.029666 0.029609 0.029551 0.029494 0.029436 0.029379 0.029321 0.029264 0.029206 0.029148 0.029091 0.029033 0.028976 0.028918 0.028861 0.028804 0.028746 0.028689 0.028632
0.030619 0.031171 0.031270 0.031255 0.031209 0.031152 0.031092 0.031032 0.030971 0.030911 0.030851 0.030791 0.030732 0.030673 0.030615 0.030556 0.030498 0.030440 0.030382 0.030324 0.030266 0.030208 0.030150 0.030092 0.030034 0.029976 0.029919 0.029861 0.029803 0.029745 0.029687 0.029629 0.029571 0.029513 0.029454 0.029396 0.029338 0.029280 0.029222 0.029164 0.029106 0.029048 0.028990 0.028932 0.028874 0.028816 0.028758 0.028701 0.028643 0.028585
0.031260 0.031283 0.031290 0.031259 0.031207 0.031149 0.031087 0.031026 0.030964 0.030903 0.030842 0.030781 0.030721 0.030660 0.030600 0.030540 0.030481 0.030421 0.030362 0.030303 0.030243 0.030184 0.030125 0.030066 0.030007 0.029948 0.029890 0.029831 0.029772 0.029713 0.029654 0.029595 0.029537 0.029478 0.029419 0.029360 0.029302 0.029243 0.029184 0.029126 0.029067 0.029009 0.028950 0.028891 0.028833 0.028775 0.028716 0.028658 0.028599 0.028541
0.031962 0.031619 0.031421 0.031302 0.031217 0.031146 0.031080 0.031017 0.030955 0.030894 0.030832 0.030771 0.030710 0.030649 0.030588 0.030527 0.030466 0.030405 0.030345 0.030284 0.030224 0.030164 0.030103 0.030043 0.029983 0.029923 0.029863 0.029804 0.029744 0.029684 0.029624 0.029565 0.029505 0.029445 0.029386 0.029326 0.029267 0.029208 0.029148 0.029089 0.029030 0.028971 0.028911 0.028852 0.028793 0.028734 0.028675 0.028616 0.028558 0.028499
0.031754 0.031464 0.031335 0.031254 0.031188 0.031126 0.031065 0.031004 0.030943 0.030882 0.030820 0.030758 0.030696 0.030635 0.030573 0.030511 0.030450 0.030388 0.030326 0.030265 0.030204 0.030142 0.030081 0.030020 0.029959 0.029898 0.029837 0.029776 0.029715 0.029655 0.029594 0.029534 0.029473 0.029413 0.029353 0.029292 0.029232 0.029172 0.029112 0.029052 0.028992 0.028933 0.028873 0.028813 0.028754 0.028694 0.028635 0.028575 0.028516 0.028457
0.030566 0.031024 0.031162 0.031180 0.031152 0.031104 0.031048 0.030989 0.030928 0.030866 0.030804 0.030741 0.030679 0.030617 0.030554 0.030492 0.030429 0.030367 0.030304 0.030242 0.030179 0.030117 0.030055 0.029993 0.029931 0.029869 0.029807 0.029746 0.029684 0.029623 0.029561 0.029500 0.029439 0.029378 0.029317 0.029256 0.029195 0.029135 0.029074 0.029014 0.028953 0.028893 0.028832 0.028772 0.028712 0.028652 0.028592 0.028532 0.028473 0.028413
0.031384 0.031340 0.031284 0.031225 0.031163 0.031099 0.031036 0.030972 0.030908 0.030845 0.030782 0.030718 0.030655 0.030592 0.030528 0.030465 0.030402 0.030338 0.030275 0.030212 0.030149 0.030086 0.030023 0.029960 0.029897 0.029835 0.029772 0.029710 0.029648 0.029586 0.029524 0.029462 0.029400 0.029339 0.029277 0.029216 0.029154 0.029093 0.029032 0.028971 0.028910 0.028850 0.028789 0.028728 0.028668 0.028607 0.028547 0.028487 0.028427 0.028366
0.032269 0.031674 0.031411 0.031266 0.031166 0.031085 0.031013 0.030946 0.030880 0.030815 0.030750 0.030686 0.030622 0.030557 0.030493 0.030429 0.030365 0.030301 0.030237 0.030173 0.030109 0.030046 0.029982 0.029919 0.029856 0.029793 0.029730 0.029667 0.029604 0.029542 0.029480 0.029417 0.029355 0.029293 0.029231 0.029170 0.029108 0.029047 0.028985 0.028924 0.028863 0.028802 0.028741 0.028680 0.028619 0.028558 0.028498 0.028437 0.028377 0.028316
0.031029 0.031239 0.031227 0.031167 0.031100 0.031033 0.030967 0.030902 0.030837 0.030772 0.030707 0.030641 0.030576 0.030511 0.030446 0.030381 0.030316 0.030252 0.030187 0.030123 0.030059 0.029995 0.029931 0.029868 0.029804 0.029741 0.029678 0.029615 0.029553 0.029490 0.029427 0.029365 0.029303 0.029241 0.029179 0.029117 0.029056 0.028994 0.028932 0.028871 0.028810 0.028749 0.028687 0.028626 0.028565 0.028505 0.028444 0.028383 0.028322 0.028262
0.031084 0.031071 0.031071 0.031052 0.031013 0.030963 0.030905 0.030844 0.030779 0.030714 0.030648 0.030582 0.030516 0.030451 0.030385 0.030320 0.030255 0.030190 0.030125 0.030061 0.029997 0.029933 0.029870 0.029806 0.029743 0.029680 0.029617 0.029554 0.029492 0.029430 0.029367 0.029305 0.029243 0.029181 0.029119 0.029058 0.028996 0.028935 0.028873 0.028812 0.028750 0.028689 0.028628 0.028567 0.028506 0.028445 0.028384 0.028324 0.028263 0.028202
0.031161 0.031064 0.031040 0.031009 0.030962 0.030904 0.030841 0.030775 0.030708 0.030641 0.030573 0.030507 0.030440 0.030374 0.030308 0.030243 0.030179 0.030114 0.030050 0.029987 0.029923 0.029860 0.029797 0.029734 0.029672 0.029609 0.029547 0.029485 0.029423 0.029361 0.029299 0.029238 0.029176 0.029114 0.029053 0.028991 0.028930 0.028869 0.028807 0.028746 0.028685 0.028624 0.028563 0.028502 0.028441 0.028380 0.028319 0.028259 0.028198 0.028137
0.030848 0.031118 0.031095 0.031012 0.030924 0.030841 0.030763 0.030688 0.030617 0.030547 0.030479 0.030412 0.030347 0.030282 0.030217 0.030153 0.030090 0.030027 0.029964 0.029902 0.029840 0.029778 0.029716 0.029654 0.029593 0.029531 0.029470 0.029408 0.029347 0.029286 0.029225 0.029163 0.029102 0.029041 0.028980 0.028919 0.028858 0.028797 0.028736 0.028675 0.028614 0.028553 0.028492 0.028431 0.028370 0.028310 0.028249 0.028188 0.028127 0.028067
0.032178 0.031446 0.031122 0.030942 0.030820 0.030724 0.030642 0.030568 0.030498 0.030431 0.030365 0.030301 0.030238 0.030176 0.030114 0.030053 0.029992 0.029931 0.029871 0.029810 0.029750 0.029689 0.029629 0.029568 0.029508 0.029448 0.029387 0.029327 0.029266 0.029206 0.029145 0.029084 0.029024 0.028963 0.028902 0.028842 0.028781 0.028720 0.028659 0.028598 0.028538 0.028477 0.028416 0.028355 0.028294 0.028234 0.028173 0.028112 0.028051 0.027991
0.030856 0.030798 0.030731 0.030666 0.030602 0.030539 0.030478 0.030417 0.030357 0.030298 0.030240 0.030181 0.030123 0.030065 0.030007 0.029949 0.029891 0.029833 0.029775 0.029716 0.029657 0.029598 0.029539 0.029480 0.029421 0.029361 0.029302 0.029242 0.029182 0.029122 0.029062 0.029001 0.028941 0.028881 0.028820 0.028760 0.028699 0.028639 0.028578 0.028517 0.028456 0.028396 0.028335 0.028274 0.028213 0.028152 0.028092 0.028031 0.027970 0.027909
0.029585 0.030136 0.030327 0.030380 0.030377 0.030350 0.030311 0.030267 0.030219 0.030169 0.030118 0.030066 0.030013 0.029959 0.029905 0.029850 0.029794 0.029738 0.029682 0.029624 0.029567 0.029509 0.029451 0.029392 0.029334 0.029275 0.029215 0.029156 0.029096 0.029036 0.028976 0.028916 0.028856 0.028795 0.028735 0.028674 0.028614 0.028553 0.028492 0.028431 0.028370 0.028310 0.028249 0.028188 0.028127 0.028066 0.028005 0.027944 0.027883 0.027822
0.030652 0.030399 0.030325 0.030289 0.030259 0.030227 0.030191 0.030152 0.030110 0.030065 0.030019 0.029970 0.029920 0.029869 0.029816 0.029762 0.029708 0.029652 0.029596 0.029540 0.029482 0.029424 0.029366 0.029307 0.029249 0.029189 0.029130 0.029070 0.029010 0.028950 0.028889 0.028829 0.028768 0.028707 0.028646 0.028585 0.028524 0.028463 0.028402 0.028341 0.028280 0.028219 0.028158 0.028096 0.028035 0.027974 0.027913 0.027852 0.027790 0.027729
0.030723 0.030516 0.030365 0.030275 0.030216 0.030170 0.030128 0.030087 0.030044 0.029998 0.029951 0.029902 0.029851 0.029799 0.029745 0.029690 0.029634 0.029577 0.029520 0.029462 0.029403 0.029344 0.029285 0.029225 0.029165 0.029105 0.029044 0.028983 0.028922 0.028861 0.028800 0.028738 0.028677 0.028616 0.028554 0.028492 0.028431 0.028369 0.028307 0.028246 0.028184 0.028123 0.028061 0.027999 0.027938 0.027876 0.027815 0.027753 0.027692 0.027631
0.030470 0.030320 0.030273 0.030238 0.030200 0.030159 0.030115 0.030069 0.030019 0.029968 0.029915 0.029860 0.029804 0.029747 0.029689 0.029630 0.029571 0.029511 0.029450 0.029389 0.029328 0.029266 0.029205 0.029143 0.029081 0.029018 0.028956 0.028894 0.028831 0.028769 0.028706 0.028644 0.028581 0.028519 0.028456 0.028394 0.028331 0.028269 0.028207 0.028145 0.028082 0.028020 0.027958 0.027896 0.027834 0.027772 0.027710 0.027649 0.027587 0.027525
0.029639 0.030105 0.030241 0.030263 0.030239 0.030195 0.030141 0.030082 0.030021 0.029959 0.029895 0.029832 0.029767 0.029703 0.029638 0.029574 0.029509 0.029444 0.029379 0.029314 0.029250 0.029185 0.029120 0.029056 0.028991 0.028927 0.028862 0.028798 0.028734 0.028670 0.028606 0.028542 0.028479 0.028415 0.028352 0.028288 0.028225 0.028162 0.028099 0.028036 0.027973 0.027911 0.027848 0.027786 0.027723 0.027661 0.027599 0.027537 0.027475 0.027414
0.030914 0.030637 0.030513 0.030422 0.030338 0.030257 0.030177 0.030098 0.030021 0.029945 0.029869 0.029795 0.029722 0.029650 0.029578 0.029507 0.029437 0.029367 0.029298 0.029229 0.029161 0.029093 0.029025 0.028958 0.028891 0.028825 0.028758 0.028693 0.028627 0.028561 0.028496 0.028431 0.028367 0.028302 0.028238 0.028174 0.028110 0.028046 0.027983 0.027919 0.027856 0.027793 0.027730 0.027668 0.027605 0.027543 0.027481 0.027419 0.027357 0.027295
0.031206 0.030919 0.030690 0.030520 0.030386 0.030271 0.030168 0.030072 0.029981 0.029894 0.029810 0.029727 0.029647 0.029569 0.029492 0.029416 0.029342 0.029268 0.029196 0.029124 0.029053 0.028983 0.028913 0.028844 0.028776 0.028708 0.028640 0.028573 0.028506 0.028440 0.028374 0.028308 0.028243 0.028178 0.028113 0.028049 0.027985 0.027921 0.027857 0.027793 0.027730 0.027667 0.027604 0.027542 0.027479 0.027417 0.027355 0.027293 0.027232 0.027170
0.030940 0.030697 0.030537 0.030403 0.030282 0.030170 0.030066 0.029967 0.029873 0.029782 0.029695 0.029610 0.029527 0.029447 0.029368 0.029290 0.029214 0.029139 0.029066 0.028993 0.028921 0.028850 0.028780 0.028710 0.028641 0.028573 0.028505 0.028438 0.028371 0.028304 0.028238 0.028172 0.028107 0.028042 0.027978 0.027913 0.027849 0.027786 0.027722 0.027659 0.027596 0.027533 0.027471 0.027409 0.027347 0.027285 0.027223 0.027162 0.027101 0.027040
0.029984 0.030175 0.030181 0.030124 0.030044 0.029955 0.029865 0.029776 0.029688 0.029602 0.029519 0.029437 0.029357 0.029279 0.029202 0.029126 0.029051 0.028978 0.028906 0.028834 0.028763 0.028693 0.028624 0.028555 0.028487 0.028420 0.028353 0.028286 0.028220 0.028154 0.028089 0.028024 0.027960 0.027895 0.027831 0.027768 0.027705 0.027642 0.027579 0.027517 0.027454 0.027393 0.027331 0.027269 0.027208 0.027147 0.027086 0.027026 0.026965 0.026905
0.030116 0.029968 0.029889 0.029818 0.029745 0.029670 0.029594 0.029517 0.029441 0.029365 0.029290 0.029216 0.029143 0.029070 0.028999 0.028928 0.028858 0.028788 0.028719 0.028651 0.028583 0.028515 0.028449 0.028382 0.028316 0.028251 0.028186 0.028121 0.028057 0.027993 0.027929 0.027866 0.027803 0.027740 0.027677 0.027615 0.027553 0.027492 0.027430 0.027369 0.027308 0.027247 0.027187 0.027127 0.027066 0.027006 0.026947 0.026887 0.026828 0.026769
0.029809 0.029683 0.029574 0.029489 0.029416 0.029350 0.029286 0.029222 0.029159 0.029095 0.029031 0.028966 0.028902 0.028837 0.028773 0.028708 0.028644 0.028579 0.028515 0.028451 0.028387 0.028324 0.028261 0.028198 0.028135 0.028072 0.028010 0.027948 0.027886 0.027824 0.027763 0.027702 0.027641 0.027580 0.027519 0.027459 0.027399 0.027339 0.027279 0.027220 0.027160 0.027101 0.027042 0.026983 0.026925 0.026866 0.026808 0.026750 0.026692 0.026634
0.029380 0.029245 0.029176 0.029122 0.029073 0.029024 0.028975 0.028925 0.028873 0.028820 0.028766 0.028711 0.028655 0.028598 0.028540 0.028482 0.028424 0.028365 0.028306 0.028247 0.028188 0.028129 0.028069 0.028010 0.027951 0.027891 0.027832 0.027773 0.027714 0.027655 0.027596 0.027538 0.027479 0.027421 0.027362 0.027304 0.027246 0.027188 0.027131 0.027073 0.027015 0.026958 0.026901 0.026844 0.026787 0.026730 0.026673 0.026616 0.026560 0.026503
0.028571 0.028750 0.028790 0.028786 0.028764 0.028734 0.028698 0.028657 0.028615 0.028569 0.028522 0.028474 0.028424 0.028373 0.028321 0.028268 0.028214 0.028160 0.028106 0.028051 0.027996 0.027941 0.027885 0.027829 0.027773 0.027717 0.027661 0.027605 0.027549 0.027493 0.027437 0.027381 0.027325 0.027269 0.027213 0.027157 0.027101 0.027045 0.026990 0.026934 0.026878 0.026823 0.026767 0.026712 0.026657 0.026602 0.026546 0.026491 0.026436 0.026382
0.028734 0.028615 0.028589 0.028571 0.028547 0.028517 0.028483 0.028445 0.028404 0.028361 0.028317 0.028271 0.028224 0.028176 0.028127 0.028078 0.028028 0.027977 0.027926 0.027874 0.027822 0.027770 0.027718 0.027665 0.027612 0.027559 0.027505 0.027452 0.027399 0.027345 0.027291 0.027238 0.027184 0.027130 0.027077 0.027023 0.026969 0.026915 0.026862 0.026808 0.026754 0.026701 0.026647 0.026593 0.026540 0.026486 0.026433 0.026379 0.026326 0.026272
0.028448 0.028526 0.028506 0.028466 0.028424 0.028380 0.028337 0.028293 0.028249 0.028204 0.028158 0.028112 0.028065 0.028018 0.027971 0.027922 0.027874 0.027825 0.027776 0.027726 0.027676 0.027626 0.027575 0.027525 0.027474 0.027423 0.027372 0.027321 0.027270 0.027218 0.027167 0.027115 0.027063 0.027012 0.026960 0.026908 0.026856 0.026804 0.026752 0.026700 0.026648 0.026596 0.026544 0.026492 0.026440 0.026388 0.026336 0.026284 0.026232 0.026180
0.028825 0.028612 0.028499 0.028420 0.028355 0.028298 0.028245 0.028194 0.028144 0.028095 0.028047 0.027998 0.027950 0.027902 0.027854 0.027806 0.027757 0.027709 0.027660 0.027611 0.027563 0.027514 0.027465 0.027415 0.027366 0.027317 0.027267 0.027217 0.027168 0.027118 0.027068 0.027018 0.026968 0.026918 0.026867 0.026817 0.026767 0.026716 0.026666 0.026615 0.026564 0.026514 0.026463 0.026412 0.026361 0.026310 0.026260 0.026209 0.026158 0.026107
0.028575 0.028508 0.028433 0.028364 0.028301 0.028243 0.028187 0.028132 0.028079 0.028028 0.027976 0.027926 0.027876 0.027827 0.027777 0.027728 0.027680 0.027631 0.027583 0.027534 0.027486 0.027437 0.027389 0.027341 0.027292 0.027244 0.027195 0.027146 0.027098 0.027049 0.027000 0.026951 0.026902 0.026853 0.026803 0.026754 0.026705 0.026655 0.026606 0.026556 0.026506 0.026457 0.026407 0.026357 0.026307 0.026257 0.026207 0.026157 0.026107 0.026056
0.028383 0.028380 0.028354 0.028312 0.028263 0.028210 0.028156 0.028102 0.028048 0.027995 0.027943 0.027891 0.027840 0.027790 0.027740 0.027690 0.027641 0.027592 0.027544 0.027495 0.027447 0.027399 0.027351 0.027303 0.027254 0.027206 0.027158 0.027110 0.027062 0.027013 0.026965 0.026917 0.026868 0.026819 0.026771 0.026722 0.026673 0.026624 0.026575 0.026526 0.026477 0.026427 0.026378 0.026329 0.026279 0.026230 0.026180 0.026130 0.026081 0.026031
