0.063545 0.069653 0.075143 0.080293 0.085136 0.089694 0.094000 0.098093 0.102007 0.105772 0.109414 0.112957 0.116420 0.119821 0.123175 0.126498 0.129803 0.133102 0.136409 0.139736 0.143095 0.146499 0.149958 0.153487 0.157099 0.160806 0.164622 0.168563 0.172644 0.176880 0.181290 0.185891 0.190702 0.195745 0.201041 0.206614 0.212490 0.218695 0.225258 0.232212 0.239590 0.247428 0.255765 0.264644 0.274111 0.284167 0.294473 0.304955 0.315617 0.326462
0.069863 0.073623 0.078365 0.082957 0.087283 0.091380 0.095291 0.099050 0.102681 0.106205 0.109640 0.113001 0.116303 0.119558 0.122779 0.125979 0.129169 0.132359 0.135563 0.138789 0.142051 0.145360 0.148726 0.152163 0.155682 0.159297 0.163021 0.166869 0.170855 0.174996 0.179309 0.183811 0.188521 0.193460 0.198651 0.204116 0.209880 0.215971 0.222417 0.229251 0.236505 0.244215 0.252422 0.261167 0.270496 0.280448 0.290726 0.301184 0.311826 0.322655
0.072092 0.079659 0.084096 0.087737 0.091137 0.094440 0.097682 0.100873 0.104017 0.107118 0.110180 0.113209 0.116210 0.119191 0.122159 0.125122 0.128088 0.131067 0.134067 0.137098 0.140170 0.143291 0.146474 0.149729 0.153067 0.156501 0.160044 0.163709 0.167511 0.171465 0.175588 0.179897 0.184410 0.189149 0.194134 0.199389 0.204938 0.210809 0.217029 0.223630 0.230646 0.238113 0.246069 0.254558 0.263623 0.273315 0.283530 0.293945 0.304552 0.315354
0.092159 0.090576 0.091744 0.093716 0.095991 0.098408 0.100903 0.103443 0.106008 0.108587 0.111175 0.113768 0.116368 0.118975 0.121592 0.124224 0.126875 0.129552 0.132261 0.135010 0.137806 0.140658 0.143574 0.146566 0.149642 0.152814 0.156095 0.159497 0.163033 0.166719 0.170569 0.174602 0.178835 0.183288 0.187981 0.192939 0.198184 0.203743 0.209646 0.215922 0.222606 0.229732 0.237340 0.245472 0.254174 0.263494 0.273464 0.283835 0.294404 0.305182
0.096247 0.097331 0.098320 0.099618 0.101170 0.102893 0.104731 0.106653 0.108636 0.110669 0.112742 0.114850 0.116990 0.119161 0.121362 0.123596 0.125864 0.128171 0.130521 0.132919 0.135372 0.137887 0.140470 0.143132 0.145880 0.148725 0.151679 0.154752 0.157957 0.161310 0.164824 0.168516 0.172404 0.176506 0.180843 0.185438 0.190314 0.195498 0.201017 0.206903 0.213189 0.219910 0.227105 0.234817 0.243091 0.251976 0.261525 0.271727 0.282278 0.293052
0.103307 0.103491 0.104296 0.105308 0.106439 0.107665 0.108974 0.110359 0.111812 0.113325 0.114895 0.116515 0.118183 0.119896 0.121655 0.123459 0.125309 0.127209 0.129160 0.131168 0.133237 0.135372 0.137581 0.139870 0.142249 0.144725 0.147310 0.150014 0.152850 0.155830 0.158969 0.162282 0.165788 0.169504 0.173450 0.177649 0.182124 0.186901 0.192009 0.197477 0.203340 0.209632 0.216394 0.223667 0.231498 0.239937 0.249038 0.258851 0.269330 0.280145
0.105165 0.108178 0.109715 0.110737 0.111607 0.112462 0.113353 0.114297 0.115301 0.116363 0.117483 0.118657 0.119885 0.121165 0.122497 0.123882 0.125319 0.126812 0.128362 0.129974 0.131652 0.133401 0.135226 0.137135 0.139134 0.141233 0.143441 0.145769 0.148228 0.150830 0.153590 0.156524 0.159647 0.162978 0.166538 0.170347 0.174430 0.178814 0.183525 0.188595 0.194057 0.199949 0.206309 0.213181 0.220612 0.228653 0.237360 0.246792 0.256995 0.267877
0.115570 0.115278 0.115510 0.115915 0.116390 0.116912 0.117478 0.118091 0.118752 0.119462 0.120222 0.121032 0.121891 0.122801 0.123763 0.124778 0.125848 0.126975 0.128162 0.129414 0.130733 0.132126 0.133598 0.135156 0.136806 0.138558 0.140420 0.142402 0.144517 0.146776 0.149194 0.151786 0.154569 0.157561 0.160782 0.164254 0.168002 0.172053 0.176434 0.181177 0.186318 0.191893 0.197943 0.204513 0.211652 0.219411 0.227849 0.237028 0.247010 0.257836
0.121145 0.120107 0.119885 0.119990 0.120244 0.120573 0.120948 0.121357 0.121798 0.122273 0.122783 0.123332 0.123922 0.124556 0.125236 0.125966 0.126749 0.127588 0.128487 0.129451 0.130483 0.131590 0.132778 0.134052 0.135422 0.136895 0.138481 0.140190 0.142035 0.144027 0.146182 0.148515 0.151043 0.153786 0.156763 0.159999 0.163518 0.167348 0.171518 0.176062 0.181015 0.186417 0.192310 0.198741 0.205761 0.213424 0.221789 0.230920 0.240882 0.251740
0.120773 0.121786 0.122208 0.122540 0.122864 0.123187 0.123512 0.123841 0.124178 0.124531 0.124905 0.125304 0.125735 0.126201 0.126709 0.127261 0.127862 0.128517 0.129231 0.130008 0.130854 0.131776 0.132780 0.133873 0.135064 0.136363 0.137778 0.139323 0.141008 0.142847 0.144857 0.147053 0.149454 0.152080 0.154953 0.158098 0.161541 0.165310 0.169439 0.173962 0.178917 0.184345 0.190292 0.196807 0.203943 0.211757 0.220308 0.229660 0.239872 0.251000
0.122631 0.122659 0.123321 0.123919 0.124403 0.124807 0.125164 0.125496 0.125819 0.126144 0.126480 0.126835 0.127215 0.127626 0.128073 0.128562 0.129097 0.129685 0.130330 0.131039 0.131819 0.132676 0.133618 0.134654 0.135793 0.137045 0.138422 0.139937 0.141602 0.143432 0.145446 0.147660 0.150094 0.152772 0.155716 0.158952 0.162511 0.166422 0.170721 0.175446 0.180637 0.186339 0.192600 0.199472 0.207009 0.215270 0.224309 0.234182 0.244929 0.256556
0.118915 0.122600 0.123994 0.124759 0.125298 0.125738 0.126127 0.126494 0.126855 0.127222 0.127601 0.128001 0.128426 0.128882 0.129374 0.129908 0.130490 0.131125 0.131820 0.132581 0.133417 0.134336 0.135346 0.136458 0.137682 0.139029 0.140514 0.142149 0.143950 0.145934 0.148120 0.150527 0.153179 0.156099 0.159314 0.162853 0.166748 0.171033 0.175745 0.180927 0.186622 0.192879 0.199748 0.207282 0.215535 0.224555 0.234386 0.245053 0.256539 0.268691
0.128948 0.125956 0.125525 0.125686 0.125998 0.126359 0.126747 0.127158 0.127592 0.128051 0.128535 0.129050 0.129597 0.130181 0.130806 0.131478 0.132203 0.132986 0.133837 0.134761 0.135769 0.136869 0.138072 0.139390 0.140834 0.142418 0.144157 0.146067 0.148166 0.150472 0.153007 0.155794 0.158856 0.162223 0.165923 0.169988 0.174455 0.179360 0.184746 0.190658 0.197144 0.204253 0.212036 0.220540 0.229808 0.239864 0.250709 0.262297 0.274475 0.286995
0.124117 0.125991 0.126263 0.126392 0.126618 0.126954 0.127378 0.127870 0.128417 0.129011 0.129649 0.130329 0.131053 0.131825 0.132648 0.133528 0.134471 0.135485 0.136577 0.137757 0.139036 0.140423 0.141931 0.143572 0.145362 0.147316 0.149451 0.151784 0.154337 0.157130 0.160188 0.163537 0.167205 0.171221 0.175620 0.180438 0.185714 0.191490 0.197812 0.204728 0.212287 0.220536 0.229515 0.239250 0.249747 0.260972 0.272834 0.285164 0.297804 0.310793
0.128948 0.127205 0.126908 0.127016 0.127329 0.127782 0.128341 0.128982 0.129691 0.130459 0.131284 0.132164 0.133102 0.134100 0.135164 0.136301 0.137518 0.138822 0.140225 0.141735 0.143366 0.145128 0.147037 0.149107 0.151355 0.153798 0.156456 0.159349 0.162501 0.165936 0.169681 0.173766 0.178221 0.183082 0.188385 0.194172 0.200485 0.207372 0.214880 0.223056 0.231941 0.241564 0.251932 0.263014 0.274740 0.286984 0.299545 0.312434 0.325662 0.339227
0.125232 0.126674 0.127213 0.127750 0.128380 0.129094 0.129878 0.130726 0.131635 0.132606 0.133641 0.134744 0.135918 0.137170 0.138507 0.139937 0.141468 0.143112 0.144878 0.146780 0.148831 0.151045 0.153437 0.156026 0.158829 0.161868 0.165163 0.168739 0.172621 0.176838 0.181419 0.186398 0.191810 0.197693 0.204090 0.211044 0.218603 0.226816 0.235726 0.245366 0.255745 0.266840 0.278584 0.290855 0.303477 0.316393 0.329642 0.343215 0.357118 0.371351
0.128577 0.127451 0.128048 0.128986 0.129984 0.131001 0.132042 0.133122 0.134254 0.135448 0.136713 0.138058 0.139492 0.141023 0.142662 0.144418 0.146303 0.148329 0.150510 0.152858 0.155390 0.158122 0.161072 0.164260 0.167707 0.171436 0.175470 0.179838 0.184568 0.189691 0.195241 0.201255 0.207772 0.214836 0.222491 0.230788 0.239772 0.249483 0.259940 0.271127 0.282981 0.295376 0.308153 0.321199 0.334572 0.348258 0.362261 0.376585 0.391229 0.406196
0.123003 0.126837 0.129054 0.130676 0.132066 0.133373 0.134667 0.135985 0.137354 0.138790 0.140309 0.141923 0.143645 0.145488 0.147464 0.149586 0.151867 0.154323 0.156967 0.159817 0.162891 0.166206 0.169783 0.173645 0.177815 0.182319 0.187184 0.192440 0.198120 0.204257 0.210891 0.218061 0.225812 0.234190 0.243245 0.253022 0.263555 0.274844 0.286836 0.299406 0.312393 0.325638 0.339201 0.353072 0.367251 0.381741 0.396543 0.411656 0.427083 0.442824
0.124861 0.129067 0.131305 0.132992 0.134518 0.136007 0.137510 0.139056 0.140668 0.142365 0.144162 0.146076 0.148122 0.150315 0.152670 0.155202 0.157927 0.160862 0.164024 0.167433 0.171106 0.175067 0.179338 0.183943 0.188909 0.194264 0.200039 0.206267 0.212983 0.220227 0.228040 0.236466 0.245554 0.255353 0.265910 0.277247 0.289338 0.302077 0.315293 0.328772 0.342560 0.356653 0.371048 0.385749 0.400753 0.416063 0.431678 0.447598 0.463823 0.480352
0.139353 0.134967 0.134788 0.135794 0.137184 0.138735 0.140388 0.142135 0.143984 0.145947 0.148042 0.150282 0.152685 0.155266 0.158042 0.161030 0.164247 0.167712 0.171444 0.175464 0.179794 0.184458 0.189481 0.194889 0.200713 0.206983 0.213734 0.221001 0.228824 0.237245 0.246310 0.256067 0.266567 0.277856 0.289948 0.302781 0.316193 0.329919 0.343935 0.358260 0.372882 0.387807 0.403032 0.418557 0.434381 0.450505 0.466926 0.483645 0.500660 0.517970
0.130806 0.134998 0.136755 0.138205 0.139733 0.141391 0.143184 0.145115 0.147191 0.149424 0.151826 0.154413 0.157198 0.160198 0.163430 0.166910 0.170659 0.174695 0.179039 0.183715 0.188745 0.194157 0.199976 0.206234 0.212962 0.220193 0.227966 0.236319 0.245295 0.254940 0.265302 0.276435 0.288385 0.301158 0.314649 0.328613 0.342841 0.357382 0.372219 0.387357 0.402793 0.418527 0.434556 0.450881 0.467500 0.484410 0.501612 0.519103 0.536881 0.554945
0.136752 0.137342 0.138868 0.140478 0.142152 0.143943 0.145885 0.148001 0.150304 0.152808 0.155525 0.158467 0.161648 0.165083 0.168789 0.172784 0.177087 0.181717 0.186699 0.192055 0.197811 0.203995 0.210637 0.217768 0.225422 0.233638 0.242453 0.251911 0.262058 0.272943 0.284618 0.297134 0.310495 0.324559 0.338984 0.353703 0.368725 0.384045 0.399663 0.415577 0.431785 0.448287 0.465080 0.482162 0.499531 0.517186 0.535124 0.553343 0.571841 0.590614
0.137495 0.139609 0.141274 0.142927 0.144670 0.146562 0.148643 0.150939 0.153465 0.156236 0.159261 0.162554 0.166126 0.169994 0.174172 0.178679 0.183535 0.188761 0.194379 0.200416 0.206897 0.213853 0.221314 0.229315 0.237892 0.247084 0.256933 0.267485 0.278788 0.290895 0.303860 0.317695 0.332227 0.347077 0.362233 0.377687 0.393440 0.409489 0.425833 0.442468 0.459393 0.476606 0.494105 0.511887 0.529949 0.548290 0.566906 0.585795 0.604954 0.624379
0.141583 0.143188 0.144610 0.146056 0.147691 0.149578 0.151735 0.154171 0.156890 0.159899 0.163205 0.166821 0.170758 0.175031 0.179655 0.184649 0.190033 0.195828 0.202057 0.208748 0.215927 0.223625 0.231875 0.240713 0.250176 0.260305 0.271146 0.282746 0.295156 0.308431 0.322605 0.337505 0.352725 0.368251 0.384075 0.400196 0.416612 0.433321 0.450320 0.467607 0.485179 0.503034 0.521168 0.539579 0.558264 0.577220 0.596444 0.615933 0.635683 0.655691
0.150502 0.149556 0.149386 0.150070 0.151378 0.153156 0.155325 0.157847 0.160709 0.163909 0.167452 0.171346 0.175603 0.180237 0.185262 0.190698 0.196563 0.202880 0.209672 0.216965 0.224789 0.233174 0.242154 0.251766 0.262050 0.273048 0.284806 0.297375 0.310807 0.325155 0.340312 0.355822 0.371637 0.387752 0.404163 0.420870 0.437868 0.455155 0.472729 0.490586 0.508723 0.527137 0.545826 0.564786 0.584013 0.603504 0.623256 0.643265 0.663528 0.684040
0.158305 0.153829 0.153181 0.153862 0.155210 0.157028 0.159248 0.161849 0.164825 0.168178 0.171914 0.176042 0.180571 0.185516 0.190891 0.196714 0.203003 0.209780 0.217069 0.224897 0.233293 0.242288 0.251917 0.262217 0.273230 0.284998 0.297571 0.310999 0.325337 0.340586 0.356294 0.372306 0.388619 0.405231 0.422138 0.439338 0.456827 0.474602 0.492659 0.510996 0.529609 0.548494 0.567649 0.587068 0.606749 0.626687 0.646880 0.667322 0.688009 0.708938
0.144184 0.151951 0.155014 0.156948 0.158759 0.160771 0.163103 0.165802 0.168894 0.172390 0.176300 0.180634 0.185403 0.190618 0.196295 0.202450 0.209101 0.216272 0.223985 0.232268 0.241149 0.250661 0.260840 0.271723 0.283351 0.295771 0.309030 0.323181 0.338278 0.354074 0.370179 0.386590 0.403303 0.420313 0.437618 0.455214 0.473097 0.491263 0.509708 0.528429 0.547422 0.566683 0.586207 0.605992 0.626032 0.646323 0.666861 0.687643 0.708662 0.729915
0.160164 0.158176 0.158896 0.160256 0.161952 0.163990 0.166404 0.169220 0.172452 0.176110 0.180202 0.184737 0.189726 0.195181 0.201118 0.207554 0.214507 0.222001 0.230059 0.238709 0.247981 0.257907 0.268522 0.279867 0.291983 0.304915 0.318714 0.333431 0.349077 0.365169 0.381573 0.398282 0.415294 0.432603 0.450205 0.468096 0.486273 0.504730 0.523463 0.542468 0.561741 0.581278 0.601073 0.621122 0.641421 0.661965 0.682750 0.703770 0.725021 0.746499
0.159792 0.160924 0.161440 0.162457 0.164041 0.166132 0.168683 0.171671 0.175091 0.178941 0.183228 0.187962 0.193155 0.198820 0.204974 0.211636 0.218826 0.226568 0.234886 0.243808 0.253366 0.263592 0.274522 0.286196 0.298656 0.311948 0.326121 0.341231 0.357171 0.373462 0.390064 0.406973 0.424184 0.441691 0.459490 0.477575 0.495943 0.514589 0.533507 0.552693 0.572143 0.591850 0.611811 0.632020 0.652472 0.673163 0.694087 0.715239 0.736615 0.758207
0.163136 0.161130 0.161405 0.162674 0.164567 0.166947 0.169758 0.172981 0.176611 0.180655 0.185122 0.190027 0.195383 0.201209 0.207522 0.214342 0.221692 0.229595 0.238078 0.247168 0.256898 0.267299 0.278410 0.290268 0.302917 0.316402 0.330772 0.346082 0.362150 0.378544 0.395249 0.412259 0.429569 0.447173 0.465066 0.483242 0.501697 0.520426 0.539422 0.558680 0.578196 0.597964 0.617979 0.638235 0.658727 0.679450 0.700397 0.721565 0.742946 0.764536
0.153846 0.157087 0.159385 0.161641 0.164089 0.166815 0.169864 0.173264 0.177038 0.181204 0.185780 0.190782 0.196227 0.202135 0.208523 0.215413 0.222828 0.230790 0.239328 0.248468 0.258242 0.268683 0.279827 0.291713 0.304382 0.317880 0.332255 0.347561 0.363634 0.380035 0.396744 0.413755 0.431061 0.448657 0.466538 0.484696 0.503127 0.521825 0.540784 0.559999 0.579463 0.599172 0.619119 0.639298 0.659705 0.680332 0.701175 0.722227 0.743483 0.764936
0.156076 0.156934 0.158895 0.161132 0.163578 0.166292 0.169325 0.172712 0.176476 0.180634 0.185200 0.190191 0.195620 0.201505 0.207863 0.214714 0.222080 0.229983 0.238450 0.247507 0.257184 0.267514 0.278531 0.290273 0.302781 0.316098 0.330271 0.345352 0.361288 0.377594 0.394202 0.411105 0.428297 0.445771 0.463522 0.481543 0.499828 0.518371 0.537166 0.556206 0.575487 0.595001 0.614742 0.634705 0.654884 0.675272 0.695863 0.716651 0.737631 0.758796
0.153846 0.157446 0.159298 0.160997 0.162984 0.165365 0.168156 0.171358 0.174969 0.178991 0.183429 0.188292 0.193590 0.199335 0.205545 0.212234 0.219424 0.227135 0.235391 0.244217 0.253642 0.263697 0.274413 0.285828 0.297979 0.310907 0.324659 0.339280 0.354812 0.370915 0.387303 0.403975 0.420927 0.438149 0.455637 0.473384 0.491383 0.509628 0.528112 0.546829 0.565772 0.584935 0.604311 0.623895 0.643681 0.663661 0.683831 0.704182 0.724711 0.745410
0.163136 0.160011 0.159393 0.160080 0.161564 0.163624 0.166163 0.169139 0.172533 0.176338 0.180555 0.185187 0.190244 0.195734 0.201671 0.208070 0.214948 0.222323 0.230218 0.238656 0.247663 0.257266 0.267496 0.278387 0.289973 0.302293 0.315389 0.329305 0.344088 0.359706 0.375741 0.392037 0.408599 0.425416 0.442485 0.459795 0.477342 0.495118 0.513118 0.531333 0.549757 0.568383 0.587206 0.606219 0.625416 0.644792 0.664338 0.684050 0.703921 0.723946
0.157191 0.155729 0.156132 0.157305 0.158940 0.160963 0.163360 0.166131 0.169280 0.172810 0.176728 0.181038 0.185748 0.190869 0.196411 0.202387 0.208813 0.215706 0.223084 0.230968 0.239382 0.248350 0.257900 0.268062 0.278866 0.290349 0.302546 0.315499 0.329249 0.343833 0.359165 0.374945 0.390923 0.407153 0.423613 0.440289 0.457183 0.474288 0.491594 0.509092 0.526776 0.544644 0.562688 0.580903 0.599282 0.617817 0.636503 0.655335 0.674307 0.693416
0.144184 0.149531 0.152285 0.154191 0.155966 0.157893 0.160085 0.162588 0.165425 0.168605 0.172138 0.176031 0.180292 0.184929 0.189954 0.195377 0.201212 0.207472 0.214175 0.221339 0.228983 0.237129 0.245800 0.255022 0.264823 0.275232 0.286281 0.298006 0.310444 0.323633 0.337593 0.352253 0.367416 0.382870 0.398466 0.414265 0.430276 0.446463 0.462816 0.479334 0.496018 0.512866 0.529869 0.547017 0.564303 0.581723 0.599271 0.616945 0.634741 0.652656
0.149387 0.150760 0.151381 0.152195 0.153342 0.154821 0.156620 0.158731 0.161155 0.163892 0.166947 0.170325 0.174032 0.178075 0.182463 0.187205 0.192312 0.197796 0.203669 0.209947 0.216645 0.223782 0.231375 0.239447 0.248020 0.257118 0.266769 0.276999 0.287842 0.299330 0.311496 0.324353 0.337853 0.351892 0.366302 0.381003 0.395850 0.410792 0.425873 0.441107 0.456497 0.472031 0.487684 0.503449 0.519324 0.535310 0.551406 0.567611 0.583925 0.600348
0.159049 0.152150 0.150192 0.149994 0.150567 0.151586 0.152942 0.154593 0.156526 0.158738 0.161227 0.163998 0.167053 0.170397 0.174037 0.177977 0.182227 0.186795 0.191689 0.196922 0.202504 0.208449 0.214771 0.221485 0.228610 0.236163 0.244165 0.252639 0.261609 0.271102 0.281147 0.291771 0.302987 0.314776 0.327075 0.339803 0.352873 0.366168 0.379644 0.393288 0.407094 0.420963 0.434892 0.448907 0.463017 0.477226 0.491537 0.505952 0.520472 0.535099
0.142326 0.145144 0.146133 0.146688 0.147258 0.147989 0.148927 0.150087 0.151477 0.153097 0.154948 0.157032 0.159349 0.161900 0.164689 0.167718 0.170991 0.174513 0.178289 0.182325 0.186628 0.191207 0.196070 0.201227 0.206690 0.212473 0.218588 0.225054 0.231889 0.239113 0.246751 0.254828 0.263368 0.272387 0.281884 0.291833 0.302196 0.312910 0.323915 0.335170 0.346650 0.358314 0.370100 0.381994 0.393995 0.406102 0.418320 0.430649 0.443092 0.455650
0.138610 0.142109 0.143158 0.143508 0.143727 0.144019 0.144457 0.145069 0.145861 0.146836 0.147990 0.149321 0.150827 0.152505 0.154354 0.156372 0.158559 0.160916 0.163443 0.166142 0.169013 0.172061 0.175289 0.178702 0.182306 0.186110 0.190123 0.194358 0.198830 0.203556 0.208556 0.213854 0.219475 0.225444 0.231779 0.238492 0.245581 0.253038 0.260838 0.268955 0.277365 0.286044 0.294955 0.304064 0.313349 0.322797 0.332400 0.342155 0.352057 0.362106
0.147900 0.143203 0.141305 0.140323 0.139745 0.139413 0.139270 0.139289 0.139451 0.139746 0.140164 0.140694 0.141332 0.142069 0.142900 0.143820 0.144824 0.145908 0.147067 0.148298 0.149598 0.150966 0.152401 0.153904 0.155480 0.157135 0.158877 0.160719 0.162675 0.164763 0.167006 0.169429 0.172056 0.174912 0.178018 0.181403 0.185094 0.189113 0.193470 0.198163 0.203180 0.208511 0.214138 0.220038 0.226190 0.232576 0.239179 0.245989 0.252997 0.260194
0.142698 0.139233 0.136978 0.135485 0.134420 0.133607 0.132957 0.132422 0.131971 0.131585 0.131249 0.130949 0.130674 0.130416 0.130164 0.129909 0.129642 0.129356 0.129040 0.128690 0.128298 0.127862 0.127381 0.126857 0.126297 0.125712 0.125117 0.124527 0.123963 0.123457 0.123038 0.122731 0.122558 0.122532 0.122680 0.123057 0.123712 0.124675 0.125957 0.127561 0.129485 0.131725 0.134273 0.137120 0.140252 0.143655 0.147315 0.151216 0.155348 0.159698
0.127834 0.129327 0.129009 0.128157 0.127183 0.126194 0.125206 0.124211 0.123195 0.122146 0.121052 0.119900 0.118679 0.117379 0.115986 0.114489 0.112876 0.111136 0.109260 0.107242 0.105077 0.102768 0.100323 0.097754 0.095083 0.092340 0.089550 0.086732 0.083941 0.081233 0.078633 0.076149 0.073780 0.071526 0.069470 0.067738 0.066340 0.065256 0.064467 0.063962 0.063733 0.063779 0.064096 0.064679 0.065520 0.066610 0.067938 0.069492 0.071261 0.073234
0.121145 0.120450 0.119960 0.119284 0.118384 0.117288 0.116026 0.114611 0.113048 0.111335 0.109468 0.107438 0.105234 0.102845 0.100259 0.097461 0.094442 0.091192 0.087709 0.083996 0.080065 0.075943 0.071658 0.067249 0.062789 0.058326 0.053872 0.049484 0.045336 0.041439 0.037746 0.034210 0.030796 0.027514 0.024875 0.022780 0.021026 0.019523 0.018225 0.017115 0.016185 0.015432 0.014852 0.014440 0.014191 0.014099 0.014156 0.014357 0.014693 0.015160
0.111483 0.110956 0.110473 0.109732 0.108684 0.107334 0.105700 0.103795 0.101629 0.099204 0.096517 0.093561 0.090326 0.086800 0.082972 0.078834 0.074384 0.069628 0.064592 0.059308 0.053839 0.048265 0.042628 0.037088 0.031784 0.026678 0.021702 0.017371 0.013784 0.010583 0.007603 0.004762 0.002018 0.000001 0.000001 0.000001 0.000001 0.000001 0.000001 0.000001 0.000001 0.000001 0.000001 0.000001 0.000001 0.000001 0.000001 0.000001 0.000001 0.000001
0.102192 0.102150 0.101332 0.100152 0.098636 0.096777 0.094575 0.092033 0.089148 0.085917 0.082332 0.078384 0.074060 0.069352 0.064261 0.058798 0.052994 0.046912 0.040644 0.034278 0.028054 0.022035 0.016273 0.011504 0.007375 0.003565 0.000001 0.000001 0.000001 0.000001 0.000001 0.000001 0.000001 0.000001 0.000001 0.000001 0.000001 0.000001 0.000001 0.000001 0.000001 0.000001 0.000001 0.000001 0.000001 0.000001 0.000001 0.000001 0.000001 0.000001
0.095132 0.093732 0.092368 0.090587 0.088401 0.085834 0.082891 0.079562 0.075835 0.071695 0.067126 0.062117 0.056663 0.050778 0.044499 0.037917 0.031135 0.024408 0.017860 0.011871 0.006932 0.002514 0.000001 0.000001 0.000001 0.000001 0.000001 0.000001 0.000001 0.000001 0.000001 0.000001 0.000001 0.000001 0.000001 0.000001 0.000001 0.000001 0.000001 0.000001 0.000001 0.000001 0.000001 0.000001 0.000001 0.000001 0.000001 0.000001 0.000001 0.000001
0.086585 0.085825 0.083653 0.080991 0.077965 0.074568 0.070775 0.066562 0.061903 0.056775 0.051165 0.045076 0.038545 0.031671 0.024626 0.017693 0.011166 0.005788 0.001032 0.000001 0.000001 0.000001 0.000001 0.000001 0.000001 0.000001 0.000001 0.000001 0.000001 0.000001 0.000001 0.000001 0.000001 0.000001 0.000001 0.000001 0.000001 0.000001 0.000001 0.000001 0.000001 0.000001 0.000001 0.000001 0.000001 0.000001 0.000001 0.000001 0.000001 0.000001
0.083240 0.078294 0.074683 0.071109 0.067253 0.063012 0.058339 0.053200 0.047568 0.041429 0.034805 0.027784 0.020582 0.013485 0.007261 0.002039 0.000001 0.000001 0.000001 0.000001 0.000001 0.000001 0.000001 0.000001 0.000001 0.000001 0.000001 0.000001 0.000001 0.000001 0.000001 0.000001 0.000001 0.000001 0.000001 0.000001 0.000001 0.000001 0.000001 0.000001 0.000001 0.000001 0.000001 0.000001 0.000001 0.000001 0.000001 0.000001 0.000001 0.000001
0.070234 0.068524 0.065089 0.060967 0.056362 0.051293 0.045739 0.039675 0.033092 0.026044 0.018721 0.011469 0.005256 0.000001 0.000001 0.000001 0.000001 0.000001 0.000001 0.000001 0.000001 0.000001 0.000001 0.000001 0.000001 0.000001 0.000001 0.000001 0.000001 0.000001 0.000001 0.000001 0.000001 0.000001 0.000001 0.000001 0.000001 0.000001 0.000001 0.000001 0.000001 0.000001 0.000001 0.000001 0.000001 0.000001 0.000001 0.000001 0.000001 0.000001
0.066890 0.060892 0.055893 0.050842 0.045430 0.039553 0.033162 0.026245 0.018899 0.011473 0.004892 0.000001 0.000001 0.000001 0.000001 0.000001 0.000001 0.000001 0.000001 0.000001 0.000001 0.000001 0.000001 0.000001 0.000001 0.000001 0.000001 0.000001 0.000001 0.000001 0.000001 0.000001 0.000001 0.000001 0.000001 0.000001 0.000001 0.000001 0.000001 0.000001 0.000001 0.000001 0.000001 0.000001 0.000001 0.000001 0.000001 0.000001 0.000001 0.000001
0.052768 0.050042 0.045661 0.040395 0.034473 0.027959 0.020877 0.013399 0.006189 0.000296 0.000001 0.000001 0.000001 0.000001 0.000001 0.000001 0.000001 0.000001 0.000001 0.000001 0.000001 0.000001 0.000001 0.000001 0.000001 0.000001 0.000001 0.000001 0.000001 0.000001 0.000001 0.000001 0.000001 0.000001 0.000001 0.000001 0.000001 0.000001 0.000001 0.000001 0.000001 0.000001 0.000001 0.000001 0.000001 0.000001 0.000001 0.000001 0.000001 0.000001
0.045708 0.041261 0.036183 0.030431 0.024020 0.016981 0.009492 0.002691 0.000001 0.000001 0.000001 0.000001 0.000001 0.000001 0.000001 0.000001 0.000001 0.000001 0.000001 0.000001 0.000001 0.000001 0.000001 0.000001 0.000001 0.000001 0.000001 0.000001 0.000001 0.000001 0.000001 0.000001 0.000001 0.000001 0.000001 0.000001 0.000001 0.000001 0.000001 0.000001 0.000001 0.000001 0.000001 0.000001 0.000001 0.000001 0.000001 0.000001 0.000001 0.000001
0.039019 0.033747 0.028042 0.021717 0.014799 0.007351 0.000637 0.000001 0.000001 0.000001 0.000001 0.000001 0.000001 0.000001 0.000001 0.000001 0.000001 0.000001 0.000001 0.000001 0.000001 0.000001 0.000001 0.000001 0.000001 0.000001 0.000001 0.000001 0.000001 0.000001 0.000001 0.000001 0.000001 0.000001 0.000001 0.000001 0.000001 0.000001 0.000001 0.000001 0.000001 0.000001 0.000001 0.000001 0.000001 0.000001 0.000001 0.000001 0.000001 0.000001
0.034931 0.028637 0.021845 0.014822 0.007426 0.000248 0.000001 0.000001 0.000001 0.000001 0.000001 0.000001 0.000001 0.000001 0.000001 0.000001 0.000001 0.000001 0.000001 0.000001 0.000001 0.000001 0.000001 0.000001 0.000001 0.000001 0.000001 0.000001 0.000001 0.000001 0.000001 0.000001 0.000001 0.000001 0.000001 0.000001 0.000001 0.000001 0.000001 0.000001 0.000001 0.000001 0.000001 0.000001 0.000001 0.000001 0.000001 0.000001 0.000001 0.000001
0.030844 0.023678 0.016874 0.009737 0.002181 0.000001 0.000001 0.000001 0.000001 0.000001 0.000001 0.000001 0.000001 0.000001 0.000001 0.000001 0.000001 0.000001 0.000001 0.000001 0.000001 0.000001 0.000001 0.000001 0.000001 0.000001 0.000001 0.000001 0.000001 0.000001 0.000001 0.000001 0.000001 0.000001 0.000001 0.000001 0.000001 0.000001 0.000001 0.000001 0.000001 0.000001 0.000001 0.000001 0.000001 0.000001 0.000001 0.000001 0.000001 0.000001
0.027127 0.020770 0.013851 0.006608 0.000001 0.000001 0.000001 0.000001 0.000001 0.000001 0.000001 0.000001 0.000001 0.000001 0.000001 0.000001 0.000001 0.000001 0.000001 0.000001 0.000001 0.000001 0.000001 0.000001 0.000001 0.000001 0.000001 0.000001 0.000001 0.000001 0.000001 0.000001 0.000001 0.000001 0.000001 0.000001 0.000001 0.000001 0.000001 0.000001 0.000001 0.000001 0.000001 0.000001 0.000001 0.000001 0.000001 0.000001 0.000001 0.000001
0.023411 0.017636 0.011397 0.004585 0.000001 0.000001 0.000001 0.000001 0.000001 0.000001 0.000001 0.000001 0.000001 0.000001 0.000001 0.000001 0.000001 0.000001 0.000001 0.000001 0.000001 0.000001 0.000001 0.000001 0.000001 0.000001 0.000001 0.000001 0.000001 0.000001 0.000001 0.000001 0.000001 0.000001 0.000001 0.000001 0.000001 0.000001 0.000001 0.000001 0.000001 0.000001 0.000001 0.000001 0.000001 0.000001 0.000001 0.000001 0.000001 0.000001
0.019324 0.014983 0.009512 0.003329 0.000001 0.000001 0.000001 0.000001 0.000001 0.000001 0.000001 0.000001 0.000001 0.000001 0.000001 0.000001 0.000001 0.000001 0.000001 0.000001 0.000001 0.000001 0.000001 0.000001 0.000001 0.000001 0.000001 0.000001 0.000001 0.000001 0.000001 0.000001 0.000001 0.000001 0.000001 0.000001 0.000001 0.000001 0.000001 0.000001 0.000001 0.000001 0.000001 0.000001 0.000001 0.000001 0.000001 0.000001 0.000001 0.000001
0.018952 0.013873 0.008616 0.002955 0.000001 0.000001 0.000001 0.000001 0.000001 0.000001 0.000001 0.000001 0.000001 0.000001 0.000001 0.000001 0.000001 0.000001 0.000001 0.000001 0.000001 0.000001 0.000001 0.000001 0.000001 0.000001 0.000001 0.000001 0.000001 0.000001 0.000001 0.000001 0.000001 0.000001 0.000001 0.000001 0.000001 0.000001 0.000001 0.000001 0.000001 0.000001 0.000001 0.000001 0.000001 0.000001 0.000001 0.000001 0.000001 0.000001
0.018580 0.013466 0.008426 0.003370 0.000001 0.000001 0.000001 0.000001 0.000001 0.000001 0.000001 0.000001 0.000001 0.000001 0.000001 0.000001 0.000001 0.000001 0.000001 0.000001 0.000001 0.000001 0.000001 0.000001 0.000001 0.000001 0.000001 0.000001 0.000001 0.000001 0.000001 0.000001 0.000001 0.000001 0.000001 0.000001 0.000001 0.000001 0.000001 0.000001 0.000001 0.000001 0.000001 0.000001 0.000001 0.000001 0.000001 0.000001 0.000001 0.000001
0.015979 0.011411 0.007802 0.004105 0.000176 0.000001 0.000001 0.000001 0.000001 0.000001 0.000001 0.000001 0.000001 0.000001 0.000001 0.000001 0.000001 0.000001 0.000001 0.000001 0.000001 0.000001 0.000001 0.000001 0.000001 0.000001 0.000001 0.000001 0.000001 0.000001 0.000001 0.000001 0.000001 0.000001 0.000001 0.000001 0.000001 0.000001 0.000001 0.000001 0.000001 0.000001 0.000001 0.000001 0.000001 0.000001 0.000001 0.000001 0.000001 0.000001
0.005203 0.007619 0.007070 0.005269 0.002724 0.000244 0.000001 0.000001 0.000001 0.000001 0.000001 0.000001 0.000001 0.000001 0.000001 0.000001 0.000001 0.000001 0.000001 0.000001 0.000001 0.000001 0.000001 0.000001 0.000001 0.000001 0.000001 0.000001 0.000001 0.000001 0.000001 0.000001 0.000001 0.000001 0.000001 0.000001 0.000001 0.000001 0.000001 0.000001 0.000001 0.000001 0.000001 0.000001 0.000001 0.000001 0.000001 0.000001 0.000001 0.000001
0.009290 0.008488 0.008112 0.007368 0.006077 0.004286 0.002496 0.000956 0.000001 0.000001 0.000001 0.000001 0.000001 0.000001 0.000001 0.000001 0.000001 0.000001 0.000001 0.000001 0.000001 0.000001 0.000001 0.000001 0.000001 0.000001 0.000001 0.000001 0.000001 0.000001 0.000001 0.000001 0.000001 0.000001 0.000001 0.000001 0.000001 0.000001 0.000001 0.000001 0.000001 0.000001 0.000001 0.000001 0.000001 0.000001 0.000001 0.000001 0.000001 0.000001
0.007432 0.008678 0.009602 0.010031 0.009902 0.009210 0.008046 0.006595 0.004963 0.003464 0.002018 0.000529 0.000001 0.000001 0.000001 0.000001 0.000001 0.000001 0.000001 0.000001 0.000001 0.000001 0.000001 0.000001 0.000001 0.000001 0.000001 0.000001 0.000001 0.000001 0.000001 0.000001 0.000001 0.000001 0.000001 0.000001 0.000001 0.000001 0.000001 0.000001 0.000001 0.000001 0.000001 0.000001 0.000001 0.000001 0.000001 0.000001 0.000001 0.000001
0.006689 0.009892 0.011893 0.013204 0.013971 0.014232 0.014005 0.013336 0.012279 0.010925 0.009356 0.007583 0.005712 0.004007 0.002330 0.000605 0.000001 0.000001 0.000001 0.000001 0.000001 0.000001 0.000001 0.000001 0.000001 0.000001 0.000001 0.000001 0.000001 0.000001 0.000001 0.000001 0.000001 0.000001 0.000001 0.000001 0.000001 0.000001 0.000001 0.000001 0.000001 0.000001 0.000001 0.000001 0.000001 0.000001 0.000001 0.000001 0.000001 0.000001
0.011520 0.012777 0.014601 0.016323 0.017761 0.018834 0.019501 0.019742 0.019559 0.018971 0.018014 0.016718 0.015105 0.013265 0.011245 0.009043 0.006777 0.004745 0.002784 0.000802 0.000001 0.000001 0.000001 0.000001 0.000001 0.000001 0.000001 0.000001 0.000001 0.000001 0.000001 0.000001 0.000001 0.000001 0.000001 0.000001 0.000001 0.000001 0.000001 0.000001 0.000001 0.000001 0.000001 0.000001 0.000001 0.000001 0.000001 0.000001 0.000001 0.000001
0.007804 0.012400 0.015611 0.018325 0.020655 0.022597 0.024137 0.025266 0.025979 0.026277 0.026170 0.025671 0.024795 0.023562 0.022007 0.020151 0.018012 0.015685 0.013220 0.010610 0.007961 0.005627 0.003423 0.001235 0.000001 0.000001 0.000001 0.000001 0.000001 0.000001 0.000001 0.000001 0.000001 0.000001 0.000001 0.000001 0.000001 0.000001 0.000001 0.000001 0.000001 0.000001 0.000001 0.000001 0.000001 0.000001 0.000001 0.000001 0.000001 0.000001
0.008919 0.011958 0.015936 0.019598 0.022790 0.025531 0.027847 0.029756 0.031267 0.032385 0.033113 0.033458 0.033424 0.033018 0.032252 0.031138 0.029686 0.027916 0.025864 0.023548 0.020984 0.018272 0.015470 0.012565 0.009608 0.007026 0.004651 0.002338 0.000013 0.000001 0.000001 0.000001 0.000001 0.000001 0.000001 0.000001 0.000001 0.000001 0.000001 0.000001 0.000001 0.000001 0.000001 0.000001 0.000001 0.000001 0.000001 0.000001 0.000001 0.000001
0.005203 0.011986 0.016809 0.020929 0.024584 0.027835 0.030707 0.033213 0.035363 0.037160 0.038610 0.039713 0.040471 0.040887 0.040964 0.040703 0.040110 0.039189 0.037949 0.036401 0.034555 0.032429 0.030058 0.027464 0.024656 0.021723 0.018744 0.015707 0.012582 0.009705 0.007193 0.004822 0.002488 0.000131 0.000001 0.000001 0.000001 0.000001 0.000001 0.000001 0.000001 0.000001 0.000001 0.000001 0.000001 0.000001 0.000001 0.000001 0.000001 0.000001
0.009290 0.013532 0.017947 0.022092 0.025932 0.029469 0.032701 0.035629 0.038257 0.040585 0.042617 0.044354 0.045796 0.046946 0.047802 0.048364 0.048632 0.048606 0.048286 0.047673 0.046769 0.045578 0.044107 0.042368 0.040368 0.038123 0.035667 0.033027 0.030206 0.027242 0.024251 0.021249 0.018207 0.015090 0.012205 0.009719 0.007398 0.005132 0.002861 0.000547 0.000001 0.000001 0.000001 0.000001 0.000001 0.000001 0.000001 0.000001 0.000001 0.000001
0.010033 0.014202 0.018445 0.022605 0.026571 0.030300 0.033777 0.037002 0.039978 0.042708 0.045196 0.047445 0.049457 0.051232 0.052769 0.054069 0.055128 0.055946 0.056518 0.056844 0.056920 0.056744 0.056316 0.055635 0.054703 0.053521 0.052098 0.050443 0.048566 0.046472 0.044192 0.041757 0.039181 0.036460 0.033622 0.030784 0.027965 0.025136 0.022263 0.019314 0.016491 0.014108 0.011928 0.009832 0.007757 0.005667 0.003540 0.001363 0.000001 0.000001
0.008547 0.013438 0.018068 0.022419 0.026512 0.030365 0.033993 0.037411 0.040630 0.043657 0.046498 0.049158 0.051637 0.053938 0.056059 0.058001 0.059760 0.061334 0.062721 0.063917 0.064918 0.065720 0.066319 0.066713 0.066898 0.066871 0.066632 0.066180 0.065517 0.064644 0.063567 0.062295 0.060840 0.059208 0.057402 0.055448 0.053381 0.051212 0.048941 0.046559 0.044073 0.041597 0.039172 0.036775 0.034375 0.031944 0.029461 0.026910 0.024336 0.022191
0.007432 0.012942 0.017659 0.021969 0.026009 0.029844 0.033509 0.037024 0.040399 0.043643 0.046759 0.049750 0.052617 0.055360 0.057979 0.060473 0.062839 0.065076 0.067181 0.069150 0.070982 0.072671 0.074214 0.075608 0.076849 0.077932 0.078854 0.079613 0.080206 0.080631 0.080888 0.080977 0.080900 0.080662 0.080263 0.079708 0.079009 0.078177 0.077220 0.076141 0.074940 0.073635 0.072263 0.070840 0.069371 0.067852 0.066275 0.064631 0.062918 0.061217
0.010033 0.013679 0.017564 0.021407 0.025176 0.028871 0.032494 0.036047 0.039528 0.042939 0.046276 0.049541 0.052733 0.055849 0.058889 0.061852 0.064737 0.067541 0.070264 0.072902 0.075454 0.077917 0.080289 0.082567 0.084749 0.086831 0.088810 0.090684 0.092451 0.094107 0.095651 0.097082 0.098399 0.099602 0.100691 0.101667 0.102534 0.103295 0.103956 0.104521 0.104993 0.105377 0.105683 0.105927 0.106118 0.106265 0.106371 0.106438 0.106465 0.106464
0.010033 0.013439 0.016852 0.020363 0.023935 0.027534 0.031135 0.034727 0.038301 0.041851 0.045374 0.048866 0.052325 0.055749 0.059138 0.062491 0.065806 0.069082 0.072319 0.075517 0.078674 0.081789 0.084862 0.087892 0.090878 0.093818 0.096712 0.099558 0.102356 0.105104 0.107802 0.110450 0.113045 0.115590 0.118084 0.120528 0.122923 0.125273 0.127579 0.129846 0.132078 0.134278 0.136452 0.138607 0.140753 0.142897 0.145049 0.147215 0.149400 0.151612
0.007804 0.011766 0.015385 0.018941 0.022508 0.026102 0.029721 0.033359 0.037011 0.040671 0.044335 0.048002 0.051668 0.055332 0.058994 0.062653 0.066308 0.069960 0.073609 0.077255 0.080900 0.084544 0.088188 0.091832 0.095479 0.099128 0.102780 0.106438 0.110101 0.113772 0.117451 0.121141 0.124841 0.128556 0.132285 0.136033 0.139801 0.143593 0.147413 0.151265 0.155154 0.159085 0.163064 0.167098 0.171195 0.175363 0.179612 0.183952 0.188392 0.192942
0.010033 0.011757 0.014679 0.017973 0.021419 0.024950 0.028543 0.032183 0.035864 0.039580 0.043327 0.047104 0.050906 0.054735 0.058589 0.062468 0.066373 0.070304 0.074263 0.078252 0.082271 0.086323 0.090411 0.094537 0.098704 0.102914 0.107171 0.111478 0.115837 0.120254 0.124731 0.129272 0.133882 0.138564 0.143323 0.148165 0.153094 0.158116 0.163237 0.168463 0.173801 0.179259 0.184845 0.190568 0.196437 0.202463 0.208657 0.215030 0.221597 0.228369
0.007061 0.010949 0.014183 0.017409 0.020732 0.024152 0.027656 0.031233 0.034877 0.038580 0.042341 0.046155 0.050021 0.053938 0.057905 0.061922 0.065991 0.070111 0.074285 0.078515 0.082804 0.087154 0.091569 0.096053 0.100609 0.105242 0.109958 0.114760 0.119654 0.124646 0.129741 0.134947 0.140268 0.145713 0.151288 0.157001 0.162860 0.168873 0.175049 0.181398 0.187928 0.194651 0.201578 0.208720 0.216090 0.223702 0.231568 0.239705 0.248128 0.256855
0.007804 0.010740 0.013861 0.017018 0.020223 0.023501 0.026866 0.030322 0.033866 0.037496 0.041207 0.044997 0.048862 0.052801 0.056813 0.060897 0.065053 0.069284 0.073591 0.077975 0.082440 0.086990 0.091628 0.096360 0.101188 0.106121 0.111162 0.116319 0.121599 0.127009 0.132556 0.138248 0.144095 0.150106 0.156289 0.162656 0.169216 0.175980 0.182961 0.190170 0.197621 0.205327 0.213301 0.221560 0.230119 0.238995 0.248205 0.257767 0.267703 0.278032
0.008175 0.011155 0.013966 0.016779 0.019685 0.022717 0.025877 0.029162 0.032566 0.036081 0.039701 0.043423 0.047241 0.051152 0.055156 0.059251 0.063437 0.067715 0.072085 0.076551 0.081114 0.085780 0.090551 0.095433 0.100431 0.105552 0.110802 0.116189 0.121720 0.127404 0.133251 0.139269 0.145469 0.151863 0.158461 0.165276 0.172321 0.179608 0.187153 0.194969 0.203073 0.211482 0.220211 0.229280 0.238707 0.248513 0.258718 0.269345 0.280418 0.291960
0.012635 0.012735 0.014136 0.016234 0.018727 0.021476 0.024420 0.027527 0.030779 0.034165 0.037675 0.041304 0.045046 0.048897 0.052856 0.056920 0.061088 0.065361 0.069739 0.074224 0.078819 0.083527 0.088353 0.093302 0.098378 0.103590 0.108943 0.114446 0.120108 0.125938 0.131946 0.138143 0.144541 0.151151 0.157987 0.165062 0.172392 0.179990 0.187874 0.196061 0.204567 0.213413 0.222618 0.232202 0.242188 0.252598 0.263457 0.274790 0.286625 0.298988
0.006689 0.009749 0.012191 0.014559 0.017034 0.019666 0.022462 0.025417 0.028524 0.031775 0.035164 0.038683 0.042327 0.046093 0.049975 0.053972 0.058082 0.062304 0.066640 0.071089 0.075655 0.080340 0.085149 0.090086 0.095158 0.100370 0.105731 0.111249 0.116932 0.122790 0.128835 0.135078 0.141530 0.148206 0.155119 0.162284 0.169716 0.177433 0.185452 0.193792 0.202471 0.211511 0.220933 0.230760 0.241016 0.251727 0.262919 0.274620 0.286859 0.299668
0.007061 0.008724 0.010777 0.012962 0.015267 0.017718 0.020332 0.023112 0.026054 0.029152 0.032398 0.035785 0.039305 0.042954 0.046726 0.050618 0.054628 0.058754 0.062995 0.067353 0.071830 0.076428 0.081151 0.086004 0.090991 0.096121 0.101400 0.106837 0.112440 0.118220 0.124188 0.130355 0.136734 0.143340 0.150185 0.157286 0.164659 0.172321 0.180292 0.188590 0.197236 0.206251 0.215659 0.225483 0.235750 0.246486 0.257719 0.269479 0.281797 0.294708
0.008547 0.009422 0.010608 0.012141 0.013986 0.016098 0.018441 0.020990 0.023728 0.026640 0.029711 0.032932 0.036294 0.039789 0.043410 0.047153 0.051015 0.054994 0.059088 0.063298 0.067625 0.072071 0.076640 0.081337 0.086166 0.091134 0.096248 0.101516 0.106947 0.112551 0.118339 0.124323 0.130514 0.136928 0.143577 0.150479 0.157650 0.165106 0.172867 0.180953 0.189385 0.198184 0.207375 0.216981 0.227030 0.237549 0.248566 0.260113 0.272223 0.284928
0.009662 0.009827 0.010462 0.011590 0.013101 0.014921 0.017003 0.019314 0.021830 0.024531 0.027399 0.030422 0.033588 0.036888 0.040315 0.043863 0.047528 0.051307 0.055200 0.059205 0.063323 0.067557 0.071909 0.076384 0.080985 0.085720 0.090594 0.095616 0.100793 0.106136 0.111655 0.117361 0.123266 0.129384 0.135729 0.142316 0.149162 0.156283 0.163699 0.171428 0.179493 0.187914 0.196715 0.205921 0.215558 0.225653 0.236236 0.247338 0.258992 0.271231
0.008175 0.008876 0.009922 0.011120 0.012531 0.014182 0.016069 0.018175 0.020480 0.022966 0.025616 0.028418 0.031358 0.034430 0.037624 0.040936 0.044361 0.047897 0.051541 0.055293 0.059153 0.063123 0.067205 0.071402 0.075720 0.080162 0.084736 0.089448 0.094306 0.099319 0.104496 0.109849 0.115389 0.121128 0.127080 0.133259 0.139682 0.146364 0.153325 0.160581 0.168154 0.176066 0.184338 0.192995 0.202062 0.211566 0.221537 0.232004 0.242999 0.254556
0.010405 0.009912 0.010232 0.011091 0.012319 0.013825 0.015563 0.017501 0.019618 0.021900 0.024332 0.026903 0.029604 0.032429 0.035369 0.038421 0.041580 0.044844 0.048210 0.051678 0.055248 0.058920 0.062697 0.066582 0.070577 0.074688 0.078919 0.083278 0.087770 0.092405 0.097190 0.102136 0.107253 0.112553 0.118049 0.123753 0.129681 0.135848 0.142271 0.148967 0.155957 0.163259 0.170897 0.178892 0.187269 0.196054 0.205274 0.214959 0.225139 0.235846
0.005946 0.008327 0.009595 0.010792 0.012123 0.013618 0.015275 0.017086 0.019043 0.021138 0.023364 0.025715 0.028183 0.030764 0.033452 0.036243 0.039134 0.042122 0.045204 0.048381 0.051652 0.055017 0.058477 0.062035 0.065693 0.069455 0.073326 0.077311 0.081416 0.085647 0.090014 0.094523 0.099186 0.104012 0.109013 0.114201 0.119589 0.125192 0.131026 0.137106 0.143450 0.150078 0.157009 0.164265 0.171869 0.179845 0.188218 0.197017 0.206270 0.216008
0.009662 0.008470 0.009341 0.010592 0.011959 0.013424 0.014999 0.016691 0.018503 0.020432 0.022476 0.024631 0.026892 0.029254 0.031714 0.034268 0.036913 0.039646 0.042465 0.045368 0.048356 0.051427 0.054583 0.057825 0.061154 0.064575 0.068090 0.071704 0.075421 0.079249 0.083193 0.087261 0.091461 0.095804 0.100297 0.104954 0.109785 0.114803 0.120023 0.125459 0.131128 0.137047 0.143233 0.149708 0.156491 0.163605 0.171075 0.178924 0.187181 0.195874
0.005946 0.008459 0.009568 0.010620 0.011800 0.013116 0.014559 0.016122 0.017800 0.019589 0.021484 0.023480 0.025574 0.027760 0.030034 0.032393 0.034833 0.037350 0.039943 0.042610 0.045349 0.048160 0.051042 0.053997 0.057026 0.060130 0.063314 0.066579 0.069930 0.073372 0.076911 0.080552 0.084304 0.088174 0.092170 0.096303 0.100582 0.105020 0.109628 0.114420 0.119410 0.124614 0.130048 0.135729 0.141678 0.147914 0.154458 0.161334 0.168567 0.176182
0.008175 0.008511 0.009323 0.010262 0.011324 0.012521 0.013849 0.015302 0.016873 0.018555 0.020340 0.022223 0.024196 0.026253 0.028391 0.030603 0.032885 0.035235 0.037649 0.040124 0.042659 0.045252 0.047902 0.050611 0.053377 0.056203 0.059091 0.062042 0.065061 0.068150 0.071315 0.074560 0.077893 0.081318 0.084844 0.088479 0.092232 0.096113 0.100132 0.104301 0.108633 0.113141 0.117841 0.122746 0.127875 0.133246 0.138877 0.144790 0.151006 0.157550
0.008175 0.008326 0.008900 0.009687 0.010634 0.011729 0.012967 0.014339 0.015836 0.017446 0.019159 0.020967 0.022861 0.024833 0.026876 0.028985 0.031155 0.033381 0.035659 0.037986 0.040360 0.042778 0.045239 0.047743 0.050288 0.052877 0.055509 0.058187 0.060913 0.063689 0.066519 0.069407 0.072359 0.075379 0.078474 0.081650 0.084915 0.088278 0.091747 0.095333 0.099046 0.102899 0.106902 0.111072 0.115421 0.119966 0.124724 0.129714 0.134953 0.140465
0.008919 0.008677 0.008784 0.009257 0.010013 0.010991 0.012151 0.013465 0.014914 0.016480 0.018150 0.019912 0.021756 0.023672 0.025652 0.027690 0.029780 0.031915 0.034091 0.036304 0.038551 0.040829 0.043137 0.045472 0.047834 0.050223 0.052638 0.055082 0.057554 0.060057 0.062595 0.065169 0.067783 0.070442 0.073151 0.075915 0.078741 0.081635 0.084605 0.087659 0.090806 0.094057 0.097423 0.100913 0.104543 0.108324 0.112272 0.116403 0.120733 0.125281
0.007804 0.007894 0.008204 0.008730 0.009488 0.010454 0.011598 0.012896 0.014325 0.015870 0.017515 0.019249 0.021059 0.022935 0.024870 0.026854 0.028882 0.030946 0.033041 0.035163 0.037307 0.039471 0.041652 0.043847 0.046055 0.048275 0.050507 0.052751 0.055007 0.057276 0.059560 0.061862 0.064184 0.066528 0.068900 0.071303 0.073742 0.076223 0.078751 0.081335 0.083981 0.086697 0.089492 0.092377 0.095362 0.098458 0.101679 0.105037 0.108547 0.112224
0.006317 0.006967 0.007552 0.008306 0.009211 0.010259 0.011444 0.012757 0.014188 0.015726 0.017357 0.019069 0.020853 0.022697 0.024593 0.026532 0.028506 0.030509 0.032535 0.034578 0.036635 0.038702 0.040775 0.042851 0.044929 0.047006 0.049083 0.051157 0.053230 0.055300 0.057371 0.059441 0.061514 0.063591 0.065676 0.067771 0.069880 0.072008 0.074159 0.076339 0.078554 0.080810 0.083116 0.085478 0.087907 0.090411 0.093002 0.095690 0.098488 0.101409
0.007061 0.006886 0.007624 0.008487 0.009443 0.010516 0.011716 0.013038 0.014472 0.016006 0.017627 0.019323 0.021085 0.022900 0.024760 0.026657 0.028583 0.030531 0.032495 0.034470 0.036451 0.038433 0.040414 0.042389 0.044357 0.046315 0.048261 0.050195 0.052116 0.054023 0.055917 0.057797 0.059666 0.061524 0.063373 0.065215 0.067054 0.068893 0.070735 0.072584 0.074445 0.076325 0.078227 0.080161 0.082131 0.084148 0.086219 0.088354 0.090564 0.092860
0.006689 0.008288 0.008677 0.009214 0.010016 0.011035 0.012224 0.013551 0.014991 0.016528 0.018145 0.019832 0.021576 0.023367 0.025198 0.027059 0.028943 0.030844 0.032755 0.034671 0.036588 0.038500 0.040405 0.042298 0.044177 0.046040 0.047884 0.049707 0.051509 0.053288 0.055044 0.056778 0.058489 0.060178 0.061846 0.063495 0.065126 0.066743 0.068347 0.069943 0.071534 0.073124 0.074718 0.076322 0.077942 0.079584 0.081256 0.082966 0.084724 0.086539
0.010777 0.008639 0.008693 0.009349 0.010280 0.011394 0.012649 0.014022 0.015492 0.017046 0.018670 0.020354 0.022089 0.023864 0.025673 0.027507 0.029360 0.031226 0.033098 0.034971 0.036840 0.038702 0.040552 0.042386 0.044202 0.045997 0.047768 0.049514 0.051233 0.052924 0.054586 0.056218 0.057821 0.059394 0.060939 0.062456 0.063947 0.065413 0.066857 0.068280 0.069688 0.071082 0.072467 0.073848 0.075229 0.076618 0.078019 0.079441 0.080892 0.082380
0.004088 0.006370 0.007762 0.008985 0.010211 0.011492 0.012847 0.014278 0.015783 0.017357 0.018991 0.020677 0.022408 0.024176 0.025974 0.027794 0.029630 0.031477 0.033327 0.035177 0.037022 0.038856 0.040677 0.042480 0.044263 0.046022 0.047756 0.049462 0.051138 0.052784 0.054397 0.055978 0.057526 0.059041 0.060523 0.061973 0.063392 0.064782 0.066144 0.067481 0.068796 0.070091 0.071370 0.072638 0.073900 0.075160 0.076425 0.077702 0.078997 0.080320
