0.088255 0.084513 0.079715 0.073751 0.067277 0.061821 0.057440 0.054026 0.051473 0.049682 0.048564 0.048036 0.048025 0.048463 0.049294 0.050464 0.051927 0.053642 0.055574 0.057689 0.059961 0.062363 0.064873 0.067471 0.070140 0.072864 0.075629 0.078420 0.081227 0.084039 0.086845 0.089636 0.092405 0.095142 0.097840 0.100491 0.103089 0.105627 0.108098 0.110495 0.112812 0.115042 0.117178 0.119210 0.121032 0.122272 0.122960 0.123171 0.122968 0.122406
0.089243 0.087890 0.082815 0.076275 0.069411 0.063732 0.059195 0.055666 0.053025 0.051164 0.049987 0.049407 0.049348 0.049743 0.050531 0.051660 0.053082 0.054758 0.056650 0.058726 0.060959 0.063322 0.065793 0.068354 0.070985 0.073670 0.076397 0.079151 0.081920 0.084695 0.087464 0.090219 0.092951 0.095652 0.098314 0.100929 0.103492 0.105993 0.108428 0.110790 0.113070 0.115262 0.117356 0.119332 0.120994 0.122077 0.122644 0.122760 0.122484 0.121867
0.105479 0.095261 0.087818 0.080277 0.072961 0.067029 0.062307 0.058636 0.055880 0.053922 0.052657 0.051997 0.051862 0.052182 0.052897 0.053953 0.055303 0.056906 0.058725 0.060728 0.062887 0.065177 0.067575 0.070062 0.072620 0.075234 0.077888 0.080570 0.083268 0.085971 0.088669 0.091353 0.094015 0.096645 0.099237 0.101783 0.104275 0.106708 0.109072 0.111363 0.113570 0.115683 0.117682 0.119494 0.120823 0.121634 0.121986 0.121934 0.121526 0.120807
0.095867 0.096822 0.091589 0.084267 0.076958 0.070984 0.066205 0.062472 0.059651 0.057624 0.056288 0.055552 0.055336 0.055573 0.056200 0.057166 0.058423 0.059931 0.061653 0.063558 0.065618 0.067808 0.070106 0.072493 0.074950 0.077462 0.080015 0.082596 0.085193 0.087796 0.090394 0.092978 0.095540 0.098070 0.100562 0.103009 0.105401 0.107733 0.109996 0.112181 0.114273 0.116251 0.118055 0.119476 0.120397 0.120875 0.120959 0.120693 0.120116 0.119266
0.110847 0.102146 0.095520 0.088035 0.080911 0.075098 0.070427 0.066756 0.063958 0.061924 0.060558 0.059773 0.059494 0.059655 0.060197 0.061070 0.062227 0.063631 0.065244 0.067037 0.068982 0.071056 0.073235 0.075502 0.077839 0.080230 0.082661 0.085120 0.087595 0.090075 0.092550 0.095011 0.097449 0.099857 0.102225 0.104547 0.106815 0.109019 0.111148 0.113186 0.115103 0.116835 0.118215 0.119128 0.119630 0.119760 0.119559 0.119061 0.118299 0.117303
0.099793 0.102358 0.098151 0.091295 0.084645 0.079163 0.074723 0.071207 0.068506 0.066523 0.065171 0.064371 0.064054 0.064158 0.064628 0.065416 0.066479 0.067779 0.069283 0.070961 0.072786 0.074736 0.076789 0.078927 0.081133 0.083391 0.085689 0.088013 0.090352 0.092695 0.095033 0.097355 0.099655 0.101922 0.104150 0.106329 0.108449 0.110496 0.112449 0.114269 0.115881 0.117131 0.117951 0.118395 0.118498 0.118295 0.117816 0.117090 0.116144 0.115003
0.112981 0.106868 0.101387 0.094531 0.088294 0.083148 0.078965 0.075638 0.073072 0.071177 0.069873 0.069089 0.068760 0.068830 0.069246 0.069965 0.070945 0.072152 0.073554 0.075122 0.076832 0.078661 0.080589 0.082598 0.084672 0.086796 0.088957 0.091142 0.093340 0.095540 0.097733 0.099910 0.102062 0.104180 0.106255 0.108274 0.110221 0.112065 0.113755 0.115204 0.116259 0.116934 0.117268 0.117293 0.117038 0.116530 0.115797 0.114860 0.113742 0.112464
0.107872 0.108458 0.104041 0.097569 0.091746 0.086921 0.082998 0.079878 0.077469 0.075687 0.074457 0.073713 0.073395 0.073451 0.073834 0.074502 0.075417 0.076547 0.077860 0.079332 0.080938 0.082656 0.084469 0.086357 0.088306 0.090301 0.092329 0.094379 0.096439 0.098498 0.100548 0.102578 0.104581 0.106545 0.108456 0.110290 0.112007 0.113536 0.114774 0.115614 0.116120 0.116315 0.116231 0.115892 0.115325 0.114551 0.113592 0.112468 0.111196 0.109795
0.115110 0.110932 0.106325 0.100172 0.094765 0.090302 0.086674 0.083786 0.081553 0.079902 0.078763 0.078077 0.077789 0.077851 0.078220 0.078856 0.079725 0.080795 0.082039 0.083432 0.084951 0.086575 0.088286 0.090068 0.091905 0.093784 0.095691 0.097616 0.099546 0.101472 0.103385 0.105275 0.107130 0.108933 0.110652 0.112230 0.113579 0.114567 0.115206 0.115537 0.115585 0.115378 0.114939 0.114292 0.113458 0.112455 0.111302 0.110015 0.108609 0.107100
0.106240 0.109985 0.107681 0.102309 0.097396 0.093311 0.089975 0.087314 0.085256 0.083736 0.082693 0.082073 0.081826 0.081908 0.082279 0.082902 0.083744 0.084776 0.085971 0.087305 0.088757 0.090306 0.091936 0.093630 0.095372 0.097151 0.098953 0.100766 0.102581 0.104387 0.106174 0.107930 0.109634 0.111242 0.112673 0.113814 0.114581 0.115037 0.115203 0.115110 0.114780 0.114238 0.113504 0.112598 0.111539 0.110342 0.109023 0.107597 0.106076 0.104473
0.110636 0.112731 0.109916 0.104616 0.099958 0.096107 0.092975 0.090483 0.088562 0.087152 0.086194 0.085639 0.085439 0.085553 0.085940 0.086567 0.087401 0.088415 0.089582 0.090880 0.092286 0.093782 0.095351 0.096976 0.098644 0.100341 0.102055 0.103775 0.105490 0.107190 0.108862 0.110482 0.111992 0.113285 0.114215 0.114811 0.115107 0.115132 0.114911 0.114469 0.113828 0.113009 0.112029 0.110908 0.109659 0.108299 0.106840 0.105295 0.103675 0.101991
0.121794 0.116951 0.112451 0.106963 0.102413 0.098685 0.095668 0.093282 0.091457 0.090131 0.089248 0.088756 0.088608 0.088763 0.089182 0.089830 0.090676 0.091691 0.092851 0.094132 0.095513 0.096977 0.098504 0.100081 0.101694 0.103328 0.104972 0.106615 0.108246 0.109853 0.111410 0.112839 0.113998 0.114778 0.115242 0.115414 0.115323 0.114997 0.114459 0.113731 0.112833 0.111785 0.110601 0.109299 0.107892 0.106394 0.104816 0.103170 0.101465 0.099711
0.112313 0.116604 0.113869 0.108858 0.104515 0.100902 0.097973 0.095668 0.093923 0.092674 0.091865 0.091442 0.091357 0.091567 0.092032 0.092717 0.093592 0.094627 0.095797 0.097080 0.098454 0.099902 0.101406 0.102952 0.104525 0.106112 0.107701 0.109282 0.110844 0.112359 0.113740 0.114796 0.115487 0.115859 0.115943 0.115769 0.115363 0.114749 0.113951 0.112987 0.111877 0.110637 0.109283 0.107830 0.106290 0.104675 0.102996 0.101262 0.099484 0.097669
0.119547 0.119208 0.115671 0.110588 0.106281 0.102727 0.099871 0.097649 0.095992 0.094832 0.094110 0.093770 0.093761 0.094039 0.094564 0.095300 0.096216 0.097284 0.098478 0.099775 0.101155 0.102600 0.104093 0.105619 0.107165 0.108717 0.110264 0.111795 0.113289 0.114655 0.115666 0.116316 0.116641 0.116676 0.116450 0.115991 0.115325 0.114475 0.113460 0.112300 0.111013 0.109614 0.108117 0.106536 0.104883 0.103169 0.101403 0.099595 0.097752 0.095883
0.124089 0.121911 0.117628 0.112209 0.107792 0.104247 0.101461 0.099334 0.097782 0.096729 0.096109 0.095863 0.095940 0.096294 0.096886 0.097679 0.098643 0.099749 0.100972 0.102289 0.103681 0.105129 0.106617 0.108131 0.109656 0.111180 0.112692 0.114176 0.115557 0.116585 0.117239 0.117560 0.117582 0.117338 0.116855 0.116161 0.115279 0.114230 0.113035 0.111711 0.110275 0.108742 0.107124 0.105435 0.103685 0.101886 0.100045 0.098171 0.096273 0.094356
0.119616 0.122655 0.118986 0.113490 0.109066 0.105592 0.102914 0.100909 0.099478 0.098540 0.098024 0.097873 0.098034 0.098462 0.099117 0.099964 0.100972 0.102112 0.103361 0.104696 0.106098 0.107549 0.109032 0.110534 0.112040 0.113538 0.115017 0.116428 0.117524 0.118228 0.118584 0.118630 0.118398 0.117919 0.117221 0.116329 0.115265 0.114050 0.112703 0.111240 0.109678 0.108030 0.106310 0.104528 0.102696 0.100822 0.098916 0.096985 0.095037 0.093077
0.131267 0.124996 0.119865 0.114398 0.110192 0.106925 0.104422 0.102564 0.101259 0.100430 0.100009 0.099938 0.100169 0.100655 0.101359 0.102245 0.103284 0.104448 0.105713 0.107057 0.108461 0.109908 0.111381 0.112866 0.114350 0.115821 0.117254 0.118458 0.119251 0.119679 0.119780 0.119591 0.119143 0.118466 0.117585 0.116525 0.115306 0.113950 0.112473 0.110893 0.109223 0.107477 0.105668 0.103806 0.101902 0.099964 0.098001 0.096020 0.094027 0.092029
0.115503 0.121141 0.119313 0.115051 0.111397 0.108440 0.106140 0.104430 0.103237 0.102496 0.102146 0.102133 0.102409 0.102931 0.103663 0.104569 0.105622 0.106793 0.108060 0.109400 0.110796 0.112229 0.113683 0.115145 0.116602 0.118039 0.119355 0.120272 0.120805 0.120994 0.120876 0.120485 0.119851 0.119003 0.117966 0.116761 0.115410 0.113933 0.112345 0.110663 0.108900 0.107070 0.105184 0.103253 0.101286 0.099292 0.097279 0.095252 0.093220 0.091187
0.122910 0.123211 0.120571 0.116439 0.113022 0.110265 0.108118 0.106520 0.105411 0.104732 0.104427 0.104447 0.104745 0.105282 0.106021 0.106929 0.107978 0.109141 0.110396 0.111720 0.113096 0.114506 0.115934 0.117366 0.118789 0.120175 0.121251 0.121920 0.122225 0.122205 0.121896 0.121330 0.120536 0.119540 0.118367 0.117038 0.115573 0.113991 0.112307 0.110537 0.108694 0.106791 0.104839 0.102847 0.100825 0.098782 0.096724 0.094658 0.092591 0.090526
0.119223 0.123832 0.122219 0.118274 0.114971 0.112316 0.110257 0.108732 0.107679 0.107039 0.106761 0.106796 0.107101 0.107637 0.108370 0.109267 0.110301 0.111445 0.112678 0.113978 0.115327 0.116707 0.118103 0.119500 0.120885 0.122133 0.122969 0.123420 0.123526 0.123325 0.122850 0.122132 0.121199 0.120075 0.118784 0.117348 0.115784 0.114111 0.112344 0.110498 0.108586 0.106619 0.104609 0.102564 0.100495 0.098408 0.096311 0.094210 0.092110 0.090018
0.130199 0.128661 0.124951 0.120449 0.117018 0.114374 0.112363 0.110888 0.109877 0.109268 0.109009 0.109053 0.109360 0.109890 0.110612 0.111494 0.112509 0.113631 0.114839 0.116112 0.117431 0.118779 0.120140 0.121501 0.122840 0.123880 0.124510 0.124774 0.124709 0.124352 0.123734 0.122884 0.121831 0.120597 0.119205 0.117675 0.116026 0.114275 0.112437 0.110525 0.108552 0.106531 0.104470 0.102380 0.100268 0.098144 0.096012 0.093880 0.091753 0.089635
0.126062 0.128253 0.125724 0.121790 0.118623 0.116128 0.114217 0.112812 0.111850 0.111275 0.111038 0.111095 0.111406 0.111934 0.112648 0.113517 0.114516 0.115619 0.116804 0.118051 0.119341 0.120659 0.121988 0.123314 0.124558 0.125408 0.125866 0.125971 0.125762 0.125272 0.124533 0.123572 0.122416 0.121089 0.119610 0.118002 0.116280 0.114462 0.112562 0.110594 0.108570 0.106501 0.104397 0.102268 0.100120 0.097963 0.095801 0.093642 0.091491 0.089351
0.123941 0.127330 0.125855 0.122615 0.119824 0.117539 0.115750 0.114424 0.113514 0.112976 0.112764 0.112837 0.113157 0.113688 0.114400 0.115263 0.116250 0.117338 0.118504 0.119730 0.120997 0.122288 0.123588 0.124882 0.126001 0.126700 0.127017 0.126994 0.126666 0.126067 0.125228 0.124175 0.122934 0.121528 0.119978 0.118303 0.116521 0.114647 0.112696 0.110681 0.108614 0.106505 0.104365 0.102202 0.100024 0.097839 0.095653 0.093471 0.091299 0.089141
0.122896 0.128334 0.127094 0.123828 0.121055 0.118804 0.117050 0.115756 0.114873 0.114357 0.114163 0.114249 0.114577 0.115113 0.115824 0.116683 0.117662 0.118738 0.119890 0.121098 0.122344 0.123612 0.124886 0.126152 0.127149 0.127730 0.127939 0.127816 0.127395 0.126710 0.125791 0.124665 0.123357 0.121889 0.120281 0.118553 0.116722 0.114803 0.112811 0.110758 0.108656 0.106515 0.104346 0.102156 0.099954 0.097747 0.095541 0.093341 0.091152 0.088980
0.136231 0.133308 0.129647 0.125539 0.122423 0.120020 0.118198 0.116872 0.115976 0.115455 0.115258 0.115343 0.115669 0.116201 0.116906 0.117756 0.118724 0.119787 0.120924 0.122114 0.123339 0.124585 0.125835 0.127064 0.127973 0.128471 0.128602 0.128405 0.127917 0.127169 0.126192 0.125012 0.123653 0.122138 0.120488 0.118721 0.116853 0.114901 0.112878 0.110796 0.108669 0.106505 0.104314 0.102105 0.099886 0.097662 0.095442 0.093229 0.091029 0.088847
0.126366 0.132353 0.130585 0.126766 0.123609 0.121113 0.119208 0.117817 0.116871 0.116311 0.116083 0.116141 0.116444 0.116954 0.117639 0.118469 0.119416 0.120458 0.121573 0.122740 0.123943 0.125164 0.126389 0.127584 0.128438 0.128885 0.128967 0.128725 0.128194 0.127406 0.126392 0.125177 0.123786 0.122242 0.120565 0.118772 0.116882 0.114909 0.112866 0.110768 0.108624 0.106446 0.104243 0.102023 0.099793 0.097561 0.095333 0.093114 0.090909 0.088722
0.133724 0.134457 0.132009 0.128020 0.124743 0.122126 0.120103 0.118607 0.117571 0.116934 0.116640 0.116641 0.116894 0.117359 0.118003 0.118795 0.119708 0.120717 0.121800 0.122937 0.124109 0.125302 0.126498 0.127667 0.128500 0.128926 0.128989 0.128729 0.128181 0.127378 0.126348 0.125120 0.123717 0.122162 0.120474 0.118672 0.116774 0.114793 0.112745 0.110641 0.108494 0.106312 0.104106 0.101884 0.099654 0.097422 0.095194 0.092976 0.090773 0.088588
0.134741 0.137251 0.134135 0.129553 0.125912 0.123042 0.120827 0.119175 0.118008 0.117259 0.116869 0.116786 0.116964 0.117363 0.117947 0.118684 0.119547 0.120510 0.121551 0.122648 0.123784 0.124941 0.126105 0.127254 0.128100 0.128539 0.128614 0.128364 0.127827 0.127034 0.126014 0.124795 0.123401 0.121854 0.120175 0.118383 0.116493 0.114521 0.112482 0.110387 0.108249 0.106077 0.103880 0.101668 0.099448 0.097226 0.095008 0.092801 0.090608 0.088434
0.142942 0.140005 0.135597 0.130572 0.126620 0.123518 0.121119 0.119313 0.118012 0.117143 0.116646 0.116465 0.116555 0.116874 0.117385 0.118055 0.118857 0.119764 0.120754 0.121804 0.122897 0.124015 0.125143 0.126266 0.127165 0.127652 0.127773 0.127568 0.127071 0.126317 0.125334 0.124150 0.122789 0.121275 0.119626 0.117863 0.116002 0.114058 0.112045 0.109976 0.107863 0.105716 0.103543 0.101355 0.099157 0.096958 0.094762 0.092576 0.090405 0.088251
0.131961 0.136764 0.134509 0.130019 0.126224 0.123130 0.120675 0.118784 0.117387 0.116418 0.115822 0.115546 0.115545 0.115779 0.116212 0.116810 0.117545 0.118391 0.119324 0.120324 0.121370 0.122447 0.123538 0.124628 0.125603 0.126182 0.126389 0.126264 0.125844 0.125162 0.124248 0.123129 0.121830 0.120374 0.118782 0.117073 0.115263 0.113369 0.111404 0.109381 0.107312 0.105207 0.103076 0.100928 0.098769 0.096607 0.094448 0.092297 0.090159 0.088039
0.131696 0.134425 0.132722 0.128526 0.124906 0.121883 0.119424 0.117486 0.116016 0.114962 0.114275 0.113909 0.113821 0.113971 0.114324 0.114849 0.115516 0.116300 0.117176 0.118124 0.119124 0.120159 0.121213 0.122272 0.123304 0.124025 0.124366 0.124367 0.124065 0.123495 0.122687 0.121668 0.120465 0.119100 0.117595 0.115968 0.114238 0.112419 0.110527 0.108574 0.106572 0.104532 0.102464 0.100375 0.098273 0.096167 0.094061 0.091962 0.089874 0.087802
0.130348 0.133079 0.131381 0.126981 0.123191 0.120049 0.117487 0.115448 0.113877 0.112723 0.111939 0.111478 0.111300 0.111365 0.111640 0.112091 0.112691 0.113413 0.114233 0.115131 0.116086 0.117082 0.118102 0.119132 0.120156 0.121062 0.121592 0.121772 0.121639 0.121228 0.120571 0.119695 0.118628 0.117393 0.116011 0.114502 0.112884 0.111174 0.109384 0.107530 0.105623 0.103674 0.101692 0.099686 0.097665 0.095635 0.093603 0.091575 0.089555 0.087548
0.128770 0.132067 0.130100 0.125296 0.121129 0.117706 0.114925 0.112707 0.110983 0.109695 0.108790 0.108221 0.107943 0.107918 0.108110 0.108485 0.109016 0.109676 0.110440 0.111288 0.112200 0.113158 0.114147 0.115152 0.116159 0.117141 0.117935 0.118356 0.118452 0.118258 0.117805 0.117124 0.116242 0.115182 0.113968 0.112619 0.111153 0.109588 0.107938 0.106217 0.104437 0.102609 0.100743 0.098849 0.096934 0.095006 0.093071 0.091136 0.089205 0.087283
0.126922 0.129424 0.127758 0.122909 0.118463 0.114754 0.111715 0.109272 0.107354 0.105899 0.104848 0.104148 0.103755 0.103626 0.103724 0.104015 0.104470 0.105062 0.105767 0.106563 0.107431 0.108352 0.109311 0.110292 0.111284 0.112271 0.113212 0.113963 0.114357 0.114449 0.114267 0.113842 0.113203 0.112376 0.111381 0.110242 0.108977 0.107603 0.106135 0.104587 0.102972 0.101301 0.099585 0.097834 0.096056 0.094258 0.092447 0.090630 0.088812 0.086997
0.122840 0.126960 0.125256 0.120133 0.115294 0.111246 0.107910 0.105207 0.103061 0.101404 0.100173 0.099314 0.098778 0.098521 0.098505 0.098695 0.099060 0.099573 0.100210 0.100947 0.101765 0.102646 0.103573 0.104532 0.105510 0.106493 0.107466 0.108384 0.109142 0.109619 0.109779 0.109687 0.109365 0.108834 0.108122 0.107253 0.106246 0.105116 0.103879 0.102551 0.101144 0.099672 0.098145 0.096573 0.094965 0.093329 0.091672 0.090001 0.088320 0.086636
0.127629 0.126238 0.122961 0.117224 0.111852 0.107384 0.103690 0.100670 0.098240 0.096327 0.094866 0.093802 0.093081 0.092661 0.092499 0.092561 0.092814 0.093229 0.093782 0.094448 0.095207 0.096041 0.096933 0.097867 0.098829 0.099807 0.100788 0.101755 0.102670 0.103465 0.104061 0.104418 0.104487 0.104326 0.103973 0.103451 0.102768 0.101942 0.100992 0.099935 0.098785 0.097557 0.096261 0.094909 0.093508 0.092068 0.090595 0.089096 0.087577 0.086044
0.119066 0.122135 0.119921 0.114236 0.108386 0.103431 0.099281 0.095845 0.093039 0.090789 0.089027 0.087693 0.086735 0.086103 0.085756 0.085656 0.085768 0.086062 0.086511 0.087090 0.087778 0.088555 0.089403 0.090305 0.091248 0.092217 0.093199 0.094183 0.095152 0.096076 0.096912 0.097615 0.098132 0.098444 0.098563 0.098478 0.098185 0.097724 0.097120 0.096391 0.095553 0.094620 0.093602 0.092510 0.091353 0.090139 0.088877 0.087572 0.086231 0.084860
0.120319 0.121345 0.118108 0.111901 0.105236 0.099578 0.094809 0.090825 0.087534 0.084854 0.082712 0.081043 0.079789 0.078898 0.078324 0.078026 0.077967 0.078114 0.078438 0.078912 0.079513 0.080220 0.081013 0.081874 0.082787 0.083738 0.084714 0.085700 0.086686 0.087655 0.088586 0.089450 0.090216 0.090849 0.091334 0.091661 0.091808 0.091780 0.091591 0.091257 0.090790 0.090204 0.089508 0.088713 0.087828 0.086861 0.085820 0.084710 0.083540 0.082315
0.126105 0.121141 0.116367 0.109694 0.102124 0.095651 0.090167 0.085551 0.081699 0.078522 0.075940 0.073882 0.072286 0.071094 0.070257 0.069730 0.069472 0.069447 0.069625 0.069975 0.070472 0.071092 0.071815 0.072620 0.073490 0.074408 0.075360 0.076332 0.077311 0.078284 0.079237 0.080153 0.081013 0.081793 0.082473 0.083036 0.083466 0.083751 0.083887 0.083877 0.083727 0.083444 0.083034 0.082506 0.081866 0.081121 0.080277 0.079341 0.078322 0.077227
0.109838 0.114542 0.112211 0.106378 0.098582 0.091399 0.085228 0.079972 0.075537 0.071832 0.068775 0.066294 0.064321 0.062796 0.061665 0.060879 0.060395 0.060175 0.060182 0.060387 0.060760 0.061275 0.061908 0.062637 0.063443 0.064307 0.065212 0.066145 0.067090 0.068034 0.068966 0.069870 0.070734 0.071541 0.072277 0.072925 0.073471 0.073904 0.074212 0.074390 0.074435 0.074348 0.074131 0.073786 0.073318 0.072731 0.072031 0.071228 0.070334 0.069358
0.108066 0.109322 0.107238 0.102215 0.095004 0.087126 0.080265 0.074346 0.069298 0.065026 0.061456 0.058513 0.056126 0.054231 0.052771 0.051693 0.050954 0.050510 0.050323 0.050360 0.050587 0.050976 0.051499 0.052132 0.052852 0.053639 0.054477 0.055347 0.056234 0.057123 0.058001 0.058854 0.059672 0.060441 0.061150 0.061788 0.062343 0.062805 0.063163 0.063411 0.063541 0.063552 0.063440 0.063205 0.062848 0.062372 0.061794 0.061141 0.060425 0.059654
0.104907 0.104894 0.102737 0.098220 0.091719 0.083896 0.076085 0.069389 0.063602 0.058666 0.054507 0.051034 0.048169 0.045846 0.044006 0.042595 0.041566 0.040872 0.040473 0.040327 0.040399 0.040654 0.041061 0.041592 0.042224 0.042937 0.043711 0.044525 0.045360 0.046201 0.047032 0.047841 0.048617 0.049350 0.050031 0.050652 0.051206 0.051684 0.052080 0.052389 0.052605 0.052724 0.052743 0.052661 0.052477 0.052209 0.051945 0.051718 0.051527 0.051368
0.101415 0.101184 0.099043 0.094862 0.088956 0.081755 0.073882 0.066232 0.059426 0.053699 0.048831 0.044713 0.041269 0.038439 0.036163 0.034387 0.033056 0.032119 0.031526 0.031231 0.031190 0.031360 0.031704 0.032195 0.032820 0.033551 0.034359 0.035220 0.036112 0.037016 0.037921 0.038813 0.039685 0.040531 0.041345 0.042124 0.042865 0.043566 0.044225 0.044840 0.045409 0.045933 0.046410 0.046841 0.047227 0.047569 0.047904 0.048278 0.048715 0.049223
0.089680 0.095020 0.094664 0.091513 0.086519 0.080211 0.073042 0.065538 0.058252 0.051650 0.045890 0.040969 0.036844 0.033461 0.030759 0.028674 0.027140 0.026092 0.025467 0.025203 0.025244 0.025538 0.026034 0.026692 0.027482 0.028379 0.029356 0.030389 0.031456 0.032541 0.033631 0.034716 0.035790 0.036850 0.037895 0.038923 0.039937 0.040937 0.041925 0.042904 0.043875 0.044841 0.045805 0.046767 0.047732 0.048699 0.049678 0.050689 0.051756 0.052894
0.090389 0.089875 0.089836 0.087969 0.084283 0.079159 0.073006 0.066238 0.059279 0.052538 0.046331 0.040831 0.036109 0.032175 0.029006 0.026554 0.024757 0.023548 0.022856 0.022611 0.022742 0.023185 0.023877 0.024765 0.025802 0.026952 0.028184 0.029472 0.030796 0.032139 0.033490 0.034839 0.036184 0.037521 0.038852 0.040179 0.041504 0.042831 0.044165 0.045509 0.046869 0.048249 0.049655 0.051088 0.052553 0.054050 0.055581 0.057152 0.058774 0.060456
0.071665 0.080970 0.084316 0.084552 0.082532 0.078788 0.073776 0.067913 0.061587 0.055164 0.048966 0.043243 0.038160 0.033807 0.030219 0.027390 0.025286 0.023854 0.023029 0.022738 0.022905 0.023452 0.024306 0.025402 0.026679 0.028089 0.029594 0.031163 0.032772 0.034404 0.036047 0.037693 0.039338 0.040980 0.042622 0.044266 0.045915 0.047575 0.049250 0.050947 0.052674 0.054438 0.056244 0.058093 0.059989 0.061931 0.063920 0.065955 0.068040 0.070177
0.068317 0.075298 0.080212 0.082256 0.081825 0.079415 0.075498 0.070506 0.064835 0.058842 0.052847 0.047119 0.041870 0.037244 0.033330 0.030169 0.027768 0.026100 0.025115 0.024743 0.024904 0.025511 0.026480 0.027737 0.029212 0.030849 0.032602 0.034434 0.036320 0.038238 0.040174 0.042121 0.044073 0.046029 0.047989 0.049957 0.051935 0.053928 0.055942 0.057990 0.060082 0.062223 0.064415 0.066660 0.068956 0.071303 0.073699 0.076143 0.078633 0.081169
0.061231 0.071456 0.077952 0.081461 0.082374 0.081127 0.078172 0.073941 0.068841 0.063238 0.057461 0.051791 0.046463 0.041654 0.037494 0.034074 0.031438 0.029586 0.028481 0.028050 0.028206 0.028856 0.029911 0.031290 0.032922 0.034745 0.036711 0.038780 0.040921 0.043111 0.045335 0.047581 0.049844 0.052121 0.054410 0.056713 0.059033 0.061371 0.063744 0.066173 0.068659 0.071202 0.073798 0.076448 0.079147 0.081895 0.084689 0.087526 0.090404 0.093319
0.053923 0.067265 0.076155 0.081408 0.083700 0.083569 0.081500 0.077949 0.073340 0.068062 0.062464 0.056848 0.051464 0.046519 0.042190 0.038623 0.035882 0.033978 0.032858 0.032436 0.032622 0.033323 0.034454 0.035935 0.037698 0.039683 0.041838 0.044125 0.046509 0.048967 0.051480 0.054035 0.056622 0.059237 0.061875 0.064538 0.067223 0.069936 0.072718 0.075567 0.078471 0.081427 0.084430 0.087478 0.090570 0.093701 0.096869 0.100071 0.103302 0.106557
0.049448 0.063757 0.074355 0.081348 0.085121 0.086164 0.084989 0.082093 0.077941 0.072957 0.067519 0.061954 0.056536 0.051514 0.047176 0.043672 0.041035 0.039251 0.038226 0.037879 0.038129 0.038897 0.040106 0.041686 0.043572 0.045708 0.048046 0.050544 0.053168 0.055893 0.058696 0.061563 0.064480 0.067440 0.070437 0.073466 0.076527 0.079616 0.082741 0.085907 0.089113 0.092357 0.095636 0.098945 0.102283 0.105644 0.109025 0.112422 0.115828 0.119238
0.037865 0.057486 0.071394 0.080680 0.086123 0.088396 0.088122 0.085876 0.082179 0.077499 0.072248 0.066777 0.061388 0.056482 0.052444 0.049244 0.046847 0.045223 0.044319 0.044069 0.044403 0.045253 0.046548 0.048224 0.050222 0.052488 0.054975 0.057643 0.060457 0.063390 0.066417 0.069522 0.072690 0.075909 0.079171 0.082470 0.085801 0.089159 0.092543 0.095952 0.099385 0.102839 0.106311 0.109797 0.113292 0.116791 0.120289 0.123780 0.127257 0.130714
0.030867 0.052533 0.068661 0.079754 0.086578 0.089903 0.090433 0.088803 0.085577 0.081255 0.076270 0.070993 0.065803 0.061308 0.057597 0.054673 0.052513 0.051082 0.050335 0.050216 0.050666 0.051621 0.053020 0.054803 0.056915 0.059304 0.061926 0.064741 0.067714 0.070818 0.074028 0.077323 0.080688 0.084109 0.087575 0.091078 0.094610 0.098165 0.101738 0.105324 0.108919 0.112519 0.116118 0.119712 0.123295 0.126861 0.130403 0.133913 0.137385 0.140810
0.025545 0.049181 0.066505 0.078537 0.086190 0.090257 0.091451 0.090409 0.087703 0.083840 0.079258 0.074331 0.069567 0.065496 0.062158 0.059558 0.057680 0.056494 0.055959 0.056025 0.056638 0.057741 0.059276 0.061189 0.063429 0.065947 0.068700 0.071651 0.074766 0.078015 0.081375 0.084824 0.088345 0.091922 0.095542 0.099196 0.102873 0.106566 0.110266 0.113968 0.117664 0.121348 0.125013 0.128653 0.132261 0.135830 0.139350 0.142815 0.146216 0.149544
0.022924 0.046396 0.063758 0.076132 0.084287 0.088934 0.090741 0.090327 0.088247 0.084996 0.081002 0.076628 0.072393 0.068810 0.065915 0.063715 0.062195 0.061328 0.061075 0.061391 0.062224 0.063523 0.065236 0.067311 0.069700 0.072359 0.075248 0.078330 0.081574 0.084950 0.088434 0.092005 0.095645 0.099337 0.103067 0.106823 0.110594 0.114370 0.118143 0.121902 0.125641 0.129350 0.133023 0.136650 0.140223 0.143734 0.147175 0.150536 0.153807 0.156981
0.017845 0.041250 0.059027 0.071832 0.080463 0.085666 0.088117 0.088420 0.087109 0.084654 0.081457 0.077859 0.074249 0.071221 0.068845 0.067121 0.066034 0.065558 0.065655 0.066281 0.067388 0.068930 0.070856 0.073121 0.075680 0.078493 0.081521 0.084730 0.088091 0.091576 0.095162 0.098826 0.102551 0.106320 0.110118 0.113932 0.117750 0.121560 0.125352 0.129117 0.132844 0.136525 0.140149 0.143708 0.147193 0.150594 0.153901 0.157106 0.160198 0.163168
0.014357 0.036550 0.053704 0.066305 0.075063 0.080666 0.083736 0.084823 0.084413 0.082928 0.080729 0.078123 0.075371 0.072917 0.071109 0.069902 0.069297 0.069258 0.069744 0.070715 0.072129 0.073938 0.076098 0.078566 0.081303 0.084270 0.087433 0.090760 0.094223 0.097797 0.101459 0.105189 0.108967 0.112777 0.116605 0.120435 0.124256 0.128056 0.131822 0.135545 0.139214 0.142818 0.146347 0.149791 0.153141 0.156387 0.159518 0.162525 0.165398 0.168128
0.013296 0.033208 0.048517 0.060098 0.068522 0.074301 0.077921 0.079828 0.080421 0.080053 0.079026 0.077594 0.075970 0.074370 0.073085 0.072375 0.072250 0.072630 0.073490 0.074799 0.076509 0.078571 0.080950 0.083607 0.086504 0.089606 0.092882 0.096303 0.099844 0.103480 0.107188 0.110951 0.114749 0.118566 0.122386 0.126196 0.129983 0.133733 0.137434 0.141076 0.144647 0.148136 0.151533 0.154827 0.158008 0.161065 0.163989 0.166769 0.169397 0.171862
0.012647 0.029303 0.042575 0.052993 0.060944 0.066813 0.070964 0.073734 0.075422 0.076293 0.076576 0.076465 0.076124 0.075693 0.075324 0.075190 0.075428 0.076079 0.077236 0.078809 0.080727 0.082965 0.085498 0.088283 0.091281 0.094463 0.097803 0.101272 0.104845 0.108499 0.112214 0.115970 0.119750 0.123536 0.127313 0.131068 0.134785 0.138452 0.142057 0.145587 0.149032 0.152378 0.155617 0.158736 0.161725 0.164574 0.167273 0.169812 0.172182 0.174373
0.012126 0.024771 0.035909 0.045058 0.052462 0.058398 0.063109 0.066806 0.069677 0.071888 0.073586 0.074902 0.075946 0.076815 0.077599 0.078390 0.079290 0.080369 0.081703 0.083322 0.085217 0.087480 0.090034 0.092809 0.095781 0.098940 0.102251 0.105681 0.109208 0.112812 0.116472 0.120166 0.123876 0.127586 0.131279 0.134940 0.138554 0.142108 0.145589 0.148983 0.152279 0.155464 0.158528 0.161459 0.164247 0.166881 0.169351 0.171648 0.173762 0.175683
0.011115 0.020985 0.029188 0.036602 0.043293 0.049280 0.054600 0.059298 0.063431 0.067056 0.070237 0.073037 0.075519 0.077742 0.079762 0.081635 0.083422 0.085181 0.086966 0.088828 0.090792 0.092906 0.095205 0.097672 0.100419 0.103385 0.106497 0.109732 0.113089 0.116535 0.120039 0.123584 0.127151 0.130721 0.134273 0.137793 0.141264 0.144670 0.147998 0.151233 0.154362 0.157373 0.160254 0.162992 0.165577 0.167998 0.170246 0.172310 0.174181 0.175850
0.011924 0.016190 0.021618 0.027492 0.033595 0.039735 0.045749 0.051516 0.056956 0.062024 0.066701 0.070991 0.074909 0.078483 0.081746 0.084734 0.087488 0.090051 0.092468 0.094782 0.097030 0.099247 0.101474 0.103733 0.106070 0.108535 0.111114 0.113928 0.116928 0.120033 0.123216 0.126478 0.129790 0.133120 0.136446 0.139753 0.143021 0.146232 0.149367 0.152412 0.155352 0.158173 0.160861 0.163403 0.165788 0.168004 0.170040 0.171888 0.173537 0.174978
0.011450 0.011435 0.013904 0.018258 0.023888 0.030273 0.037026 0.043862 0.050582 0.057046 0.063163 0.068882 0.074177 0.079047 0.083506 0.087577 0.091292 0.094687 0.097801 0.100673 0.103342 0.105844 0.108214 0.110485 0.112687 0.114863 0.117037 0.119259 0.121585 0.124000 0.126616 0.129407 0.132284 0.135203 0.138167 0.141152 0.144126 0.147060 0.149937 0.152741 0.155454 0.158056 0.160532 0.162866 0.165047 0.167061 0.168898 0.170546 0.171994 0.173233
0.010554 0.006613 0.006563 0.009736 0.015019 0.021629 0.029028 0.036812 0.044677 0.052400 0.059822 0.066841 0.073395 0.079456 0.085021 0.090101 0.094723 0.098918 0.102724 0.106181 0.109327 0.112202 0.114842 0.117280 0.119548 0.121677 0.123698 0.125639 0.127544 0.129439 0.131363 0.133383 0.135484 0.137711 0.140127 0.142623 0.145139 0.147653 0.150164 0.152642 0.155057 0.157381 0.159597 0.161691 0.163649 0.165453 0.167089 0.168542 0.169802 0.170858
0.010283 0.002246 0.000796 0.003251 0.008022 0.014576 0.022342 0.030814 0.039585 0.048345 0.056868 0.065002 0.072649 0.079755 0.086298 0.092281 0.097722 0.102651 0.107105 0.111124 0.114751 0.118026 0.120989 0.123675 0.126119 0.128351 0.130400 0.132291 0.134052 0.135711 0.137292 0.138834 0.140366 0.141906 0.143521 0.145215 0.146953 0.148836 0.150824 0.152833 0.154813 0.156735 0.158600 0.160389 0.162074 0.163629 0.165035 0.166273 0.167334 0.168210
0.009853 0.000001 0.000001 0.000328 0.003657 0.009609 0.017345 0.026173 0.035554 0.045081 0.054461 0.063487 0.072027 0.080001 0.087369 0.094122 0.100273 0.105846 0.110879 0.115412 0.119489 0.123154 0.126449 0.129413 0.132084 0.134493 0.136672 0.138644 0.140435 0.142066 0.143558 0.144932 0.146212 0.147417 0.148575 0.149718 0.150852 0.152002 0.153217 0.154474 0.155738 0.157041 0.158422 0.159790 0.161096 0.162305 0.163391 0.164345 0.165166 0.165836
0.009913 0.000001 0.000001 0.000001 0.001591 0.006652 0.014072 0.022972 0.032684 0.042712 0.052695 0.062382 0.071603 0.080254 0.088279 0.095656 0.102391 0.108504 0.114030 0.119009 0.123487 0.127508 0.131117 0.134357 0.137269 0.139886 0.142242 0.144363 0.146275 0.147997 0.149549 0.150945 0.152203 0.153337 0.154361 0.155295 0.156153 0.156946 0.157703 0.158439 0.159151 0.159839 0.160547 0.161267 0.161966 0.162611 0.163178 0.163730 0.164232 0.164633
0.009152 0.000001 0.000001 0.000001 0.000837 0.005191 0.012251 0.021071 0.030915 0.041224 0.051588 0.061719 0.071417 0.080559 0.089071 0.096922 0.104109 0.110648 0.116570 0.121916 0.126730 0.131058 0.134947 0.138441 0.141584 0.144412 0.146961 0.149260 0.151335 0.153209 0.154899 0.156421 0.157788 0.159010 0.160097 0.161060 0.161907 0.162646 0.163289 0.163849 0.164334 0.164747 0.165100 0.165412 0.165680 0.165894 0.166036 0.166117 0.166158 0.166140
0.010582 0.000001 0.000001 0.000001 0.000628 0.004636 0.011461 0.020185 0.030059 0.040502 0.051078 0.061474 0.071473 0.080935 0.089775 0.097954 0.105461 0.112310 0.118527 0.124152 0.129229 0.133804 0.137925 0.141637 0.144986 0.148010 0.150747 0.153228 0.155482 0.157532 0.159398 0.161095 0.162637 0.164032 0.165290 0.166415 0.167414 0.168290 0.169047 0.169691 0.170227 0.170659 0.170990 0.171229 0.171383 0.171453 0.171436 0.171329 0.171142 0.170881
0.009611 0.000001 0.000001 0.000001 0.000612 0.004554 0.011312 0.020001 0.029885 0.040383 0.051056 0.061582 0.071737 0.081373 0.090400 0.098772 0.106476 0.113519 0.119930 0.125744 0.131005 0.135759 0.140055 0.143939 0.147456 0.150649 0.153554 0.156206 0.158634 0.160863 0.162915 0.164807 0.166552 0.168160 0.169640 0.170996 0.172231 0.173348 0.174347 0.175229 0.175995 0.176646 0.177182 0.177605 0.177917 0.178121 0.178218 0.178206 0.178088 0.177870
0.008888 0.000001 0.000001 0.000001 0.000685 0.004743 0.011575 0.020303 0.030206 0.040719 0.051410 0.061965 0.072160 0.081848 0.090938 0.099383 0.107166 0.114297 0.120801 0.126713 0.132077 0.136938 0.141346 0.145347 0.148987 0.152309 0.155351 0.158149 0.160733 0.163130 0.165362 0.167447 0.169401 0.171235 0.172955 0.174569 0.176078 0.177485 0.178788 0.179988 0.181080 0.182065 0.182940 0.183701 0.184350 0.184883 0.185302 0.185604 0.185791 0.185862
0.010316 0.000001 0.000001 0.000001 0.000884 0.005199 0.012190 0.020993 0.030913 0.041402 0.052048 0.062547 0.072686 0.082321 0.091365 0.099774 0.107532 0.114650 0.121151 0.127073 0.132457 0.137352 0.141805 0.145863 0.149573 0.152977 0.156116 0.159025 0.161736 0.164276 0.166669 0.168933 0.171085 0.173136 0.175096 0.176969 0.178761 0.180472 0.182101 0.183648 0.185108 0.186480 0.187758 0.188939 0.190019 0.190995 0.191863 0.192621 0.193267 0.193799
0.010115 0.000001 0.000001 0.000001 0.001287 0.005958 0.013142 0.022022 0.031932 0.042353 0.052891 0.063258 0.073253 0.082742 0.091644 0.099920 0.107557 0.114567 0.120976 0.126822 0.132148 0.137001 0.141430 0.145482 0.149204 0.152640 0.155828 0.158806 0.161606 0.164255 0.166777 0.169193 0.171518 0.173766 0.175946 0.178064 0.180125 0.182131 0.184081 0.185974 0.187807 0.189576 0.191277 0.192905 0.194454 0.195920 0.197298 0.198583 0.199772 0.200861
0.009041 0.000001 0.000001 0.000001 0.001886 0.006965 0.014361 0.023309 0.033180 0.043485 0.053853 0.064017 0.073789 0.083048 0.091721 0.099775 0.107203 0.114020 0.120254 0.125944 0.131135 0.135874 0.140211 0.144194 0.147869 0.151279 0.154465 0.157464 0.160306 0.163022 0.165634 0.168163 0.170626 0.173036 0.175404 0.177736 0.180037 0.182309 0.184554 0.186769 0.188952 0.191101 0.193209 0.195272 0.197285 0.199242 0.201138 0.202966 0.204722 0.206400
0.009974 0.000001 0.000001 0.000064 0.002603 0.008121 0.015749 0.024758 0.034561 0.044702 0.054842 0.064734 0.074210 0.083162 0.091528 0.099281 0.106421 0.112966 0.118949 0.124409 0.129393 0.133951 0.138130 0.141981 0.145548 0.148876 0.152005 0.154971 0.157806 0.160538 0.163192 0.165788 0.168342 0.170869 0.173379 0.175880 0.178375 0.180870 0.183363 0.185856 0.188345 0.190828 0.193301 0.195758 0.198195 0.200606 0.202985 0.205326 0.207624 0.209873
0.009996 0.000001 0.000001 0.000284 0.003490 0.009443 0.017282 0.026316 0.036002 0.045922 0.055769 0.065321 0.074430 0.083003 0.090989 0.098369 0.105149 0.111353 0.117015 0.122179 0.126892 0.131204 0.135164 0.138822 0.142224 0.145413 0.148428 0.151306 0.154079 0.156774 0.159415 0.162022 0.164613 0.167201 0.169796 0.172406 0.175036 0.177691 0.180370 0.183075 0.185804 0.188554 0.191322 0.194103 0.196893 0.199687 0.202479 0.205264 0.208037 0.210791
0.009320 0.000705 0.000001 0.000794 0.004704 0.011036 0.019006 0.027982 0.037468 0.047088 0.056564 0.065702 0.074372 0.082494 0.090031 0.096971 0.103327 0.109127 0.114408 0.119215 0.123599 0.127608 0.131293 0.134703 0.137884 0.140878 0.143725 0.146460 0.149113 0.151712 0.154281 0.156840 0.159404 0.161986 0.164598 0.167248 0.169939 0.172677 0.175463 0.178297 0.181178 0.184105 0.187075 0.190083 0.193127 0.196202 0.199304 0.202427 0.205567 0.208719
0.009079 0.002011 0.000010 0.001872 0.006423 0.013008 0.020977 0.029771 0.038946 0.048165 0.057181 0.065822 0.073975 0.081578 0.088599 0.095037 0.100910 0.106248 0.111093 0.115492 0.119494 0.123150 0.126509 0.129621 0.132530 0.135278 0.137904 0.140440 0.142918 0.145364 0.147799 0.150244 0.152713 0.155219 0.157773 0.160382 0.163051 0.165783 0.168582 0.171447 0.174377 0.177372 0.180429 0.183547 0.186721 0.189950 0.193229 0.196554 0.199922 0.203328
0.009653 0.003368 0.001867 0.004028 0.008812 0.015420 0.023217 0.031686 0.040427 0.049135 0.057593 0.065650 0.073211 0.080222 0.086664 0.092541 0.097875 0.102702 0.107063 0.111006 0.114582 0.117840 0.120831 0.123600 0.126193 0.128649 0.131004 0.133293 0.135543 0.137779 0.140021 0.142289 0.144596 0.146955 0.149374 0.151861 0.154421 0.157056 0.159768 0.162559 0.165427 0.168372 0.171393 0.174489 0.177659 0.180899 0.184208 0.187583 0.191020 0.194516
0.010898 0.005532 0.004565 0.006964 0.011781 0.018232 0.025702 0.033713 0.041899 0.049992 0.057797 0.065185 0.072075 0.078427 0.084229 0.089491 0.094237 0.098506 0.102341 0.105790 0.108902 0.111726 0.114312 0.116703 0.118943 0.121070 0.123119 0.125119 0.127098 0.129079 0.131080 0.133119 0.135208 0.137359 0.139580 0.141875 0.144250 0.146706 0.149244 0.151865 0.154568 0.157356 0.160227 0.163184 0.166224 0.169345 0.172547 0.175825 0.179178 0.182603
0.010056 0.007013 0.007290 0.010213 0.015101 0.021329 0.028376 0.035824 0.043357 0.050739 0.057805 0.064446 0.070597 0.076227 0.081334 0.085930 0.090045 0.093718 0.096992 0.099915 0.102535 0.104901 0.107058 0.109050 0.110917 0.112696 0.114418 0.116111 0.117799 0.119503 0.121240 0.123026 0.124873 0.126789 0.128780 0.130850 0.132999 0.135230 0.137540 0.139933 0.142411 0.144977 0.147633 0.150378 0.153212 0.156132 0.159135 0.162218 0.165378 0.168612
0.010425 0.008873 0.010201 0.013645 0.018609 0.024587 0.031157 0.037977 0.044783 0.051382 0.057639 0.063468 0.068821 0.073678 0.078042 0.081934 0.085384 0.088432 0.091122 0.093502 0.095619 0.097520 0.099248 0.100845 0.102349 0.103794 0.105208 0.106615 0.108035 0.109488 0.110993 0.112562 0.114203 0.115922 0.117719 0.119595 0.121548 0.123575 0.125679 0.127867 0.130146 0.132521 0.134989 0.137550 0.140197 0.142926 0.145733 0.148613 0.151563 0.154580
0.009556 0.010403 0.013002 0.017024 0.022098 0.027844 0.033931 0.040096 0.046137 0.051908 0.057311 0.062285 0.066799 0.070847 0.074439 0.077600 0.080367 0.082780 0.084885 0.086731 0.088364 0.089831 0.091172 0.092430 0.093639 0.094829 0.096020 0.097232 0.098486 0.099807 0.101209 0.102698 0.104275 0.105937 0.107681 0.109500 0.111390 0.113348 0.115388 0.117532 0.119784 0.122139 0.124590 0.127127 0.129740 0.132423 0.135168 0.137969 0.140822 0.143723
0.008964 0.011721 0.015431 0.020097 0.025364 0.030929 0.036558 0.042074 0.047345 0.052278 0.056812 0.060915 0.064575 0.067801 0.070613 0.073044 0.075137 0.076939 0.078502 0.079876 0.081108 0.082242 0.083322 0.084391 0.085475 0.086592 0.087751 0.088974 0.090301 0.091750 0.093320 0.095003 0.096789 0.098667 0.100624 0.102653 0.104744 0.106906 0.109201 0.111634 0.114185 0.116835 0.119567 0.122367 0.125223 0.128125 0.131065 0.134036 0.137031 0.140047
0.009420 0.012648 0.017572 0.022919 0.028366 0.033740 0.038916 0.043798 0.048318 0.052430 0.056113 0.059361 0.062184 0.064607 0.066666 0.068410 0.069895 0.071181 0.072331 0.073399 0.074422 0.075452 0.076544 0.077723 0.078996 0.080357 0.081806 0.083418 0.085227 0.087213 0.089348 0.091608 0.093975 0.096430 0.098961 0.101555 0.104202 0.106981 0.109949 0.113038 0.116217 0.119466 0.122767 0.126108 0.129477 0.132864 0.136262 0.139662 0.143059 0.146446
0.008394 0.014429 0.020079 0.025672 0.031078 0.036175 0.040885 0.045157 0.048967 0.052308 0.055188 0.057629 0.059665 0.061346 0.062741 0.063927 0.064980 0.065986 0.067018 0.068105 0.069275 0.070626 0.072184 0.073922 0.075812 0.077830 0.080009 0.082498 0.085209 0.088088 0.091104 0.094233 0.097457 0.100759 0.104127 0.107549 0.111016 0.114529 0.118112 0.121765 0.125475 0.129230 0.133018 0.136828 0.140651 0.144480 0.148306 0.152123 0.155925 0.159705
0.008516 0.015553 0.021948 0.027826 0.033204 0.038052 0.042342 0.046068 0.049239 0.051881 0.054033 0.055745 0.057093 0.058177 0.059128 0.060055 0.061050 0.062246 0.063653 0.065243 0.067083 0.069293 0.071758 0.074421 0.077247 0.080208 0.083288 0.086509 0.089880 0.093381 0.096993 0.100700 0.104487 0.108340 0.112248 0.116203 0.120196 0.124219 0.128274 0.132362 0.136479 0.140621 0.144781 0.148952 0.153126 0.157298 0.161462 0.165611 0.169741 0.173846
0.008605 0.016070 0.022971 0.029155 0.034598 0.039293 0.043258 0.046525 0.049146 0.051177 0.052693 0.053801 0.054669 0.055487 0.056471 0.057667 0.059234 0.061206 0.063460 0.065936 0.068604 0.071483 0.074565 0.077822 0.081226 0.084758 0.088398 0.092138 0.095976 0.099908 0.103924 0.108014 0.112167 0.116375 0.120628 0.124919 0.129241 0.133587 0.137953 0.142336 0.146734 0.151142 0.155557 0.159975 0.164390 0.168797 0.173192 0.177570 0.181926 0.186256
0.009603 0.016623 0.023609 0.029981 0.035485 0.040067 0.043759 0.046634 0.048776 0.050280 0.051290 0.052060 0.052912 0.054123 0.055800 0.057797 0.060062 0.062608 0.065405 0.068416 0.071607 0.074963 0.078472 0.082123 0.085899 0.089784 0.093766 0.097831 0.101973 0.106184 0.110459 0.114791 0.119173 0.123598 0.128058 0.132549 0.137063 0.141597 0.146144 0.150700 0.155263 0.159829 0.164394 0.168956 0.173509 0.178051 0.182577 0.187083 0.191565 0.196020
0.006452 0.015881 0.023923 0.030669 0.036211 0.040637 0.044047 0.046551 0.048263 0.049338 0.050135 0.051188 0.052716 0.054579 0.056772 0.059262 0.062002 0.064968 0.068141 0.071498 0.075017 0.078678 0.082467 0.086372 0.090381 0.094483 0.098666 0.102921 0.107240 0.111615 0.116040 0.120509 0.125017 0.129557 0.134126 0.138717 0.143326 0.147948 0.152578 0.157213 0.161849 0.166482 0.171109 0.175727 0.180333 0.184923 0.189493 0.194040 0.198561 0.203052
0.007091 0.016755 0.024887 0.031590 0.036969 0.041147 0.044247 0.046395 0.047731 0.048640 0.049904 0.051551 0.053549 0.055858 0.058443 0.061278 0.064334 0.067585 0.071012 0.074597 0.078321 0.082169 0.086127 0.090184 0.094328 0.098551 0.102842 0.107195 0.111601 0.116054 0.120546 0.125074 0.129632 0.134215 0.138819 0.143438 0.148069 0.152707 0.157349 0.161991 0.166629 0.171260 0.175880 0.180486 0.185075 0.189644 0.194189 0.198707 0.203195 0.207649
0.008108 0.017807 0.025861 0.032406 0.037591 0.041540 0.044375 0.046223 0.047357 0.048714 0.050440 0.052501 0.054861 0.057488 0.060355 0.063434 0.066705 0.070146 0.073738 0.077465 0.081313 0.085268 0.089319 0.093454 0.097664 0.101940 0.106275 0.110662 0.115093 0.119562 0.124064 0.128594 0.133147 0.137718 0.142304 0.146899 0.151501 0.156104 0.160706 0.165304 0.169892 0.174469 0.179030 0.183573 0.188094 0.192589 0.197057 0.201492 0.205893 0.210255
0.008407 0.018177 0.026211 0.032759 0.037914 0.041770 0.044444 0.046087 0.047490 0.049257 0.051346 0.053722 0.056354 0.059217 0.062285 0.065537 0.068954 0.072517 0.076212 0.080023 0.083939 0.087947 0.092037 0.096201 0.100429 0.104713 0.109047 0.113423 0.117837 0.122283 0.126754 0.131247 0.135757 0.140280 0.144811 0.149346 0.153883 0.158416 0.162944 0.167461 0.171965 0.176452 0.180920 0.185363 0.189780 0.194167 0.198521 0.202837 0.207113 0.211345
0.008548 0.017968 0.026158 0.032891 0.038138 0.041979 0.044546 0.046168 0.047951 0.050044 0.052414 0.055030 0.057869 0.060905 0.064119 0.067492 0.071006 0.074648 0.078403 0.082258 0.086204 0.090230 0.094327 0.098486 0.102700 0.106962 0.111266 0.115606 0.119976 0.124372 0.128787 0.133219 0.137662 0.142113 0.146567 0.151020 0.155470 0.159912 0.164343 0.168759 0.173158 0.177534 0.181886 0.186210 0.190501 0.194758 0.198976 0.203151 0.207280 0.211360
0.008703 0.018143 0.026536 0.033364 0.038599 0.042347 0.044761 0.046532 0.048596 0.050934 0.053515 0.056313 0.059305 0.062469 0.065788 0.069245 0.072825 0.076514 0.080302 0.084177 0.088130 0.092152 0.096234 0.100371 0.104554 0.108777 0.113036 0.117324 0.121636 0.125968 0.130314 0.134672 0.139036 0.143403 0.147769 0.152130 0.156482 0.160823 0.165148 0.169453 0.173736 0.177993 0.182221 0.186415 0.190572 0.194689 0.198762 0.202788 0.206761 0.210679
0.008506 0.019105 0.027552 0.034233 0.039272 0.042806 0.045021 0.047006 0.049276 0.051797 0.054538 0.057474 0.060583 0.063843 0.067240 0.070757 0.074381 0.078101 0.081906 0.085787 0.089735 0.093742 0.097801 0.101906 0.106050 0.110229 0.114436 0.118666 0.122916 0.127180 0.131455 0.135736 0.140018 0.144300 0.148576 0.152843 0.157097 0.161335 0.165554 0.169749 0.173917 0.178055 0.182159 0.186225 0.190250 0.194229 0.198159 0.202037 0.205857 0.209616
0.008915 0.019654 0.028231 0.034830 0.039694 0.043029 0.045172 0.047362 0.049814 0.052494 0.055373 0.058427 0.061633 0.064973 0.068433 0.071997 0.075656 0.079397 0.083213 0.087094 0.091032 0.095022 0.099056 0.103129 0.107235 0.111369 0.115526 0.119702 0.123892 0.128092 0.132298 0.136506 0.140713 0.144914 0.149106 0.153285 0.157448 0.161591 0.165711 0.169804 0.173865 0.177893 0.181883 0.185830 0.189732 0.193585 0.197384 0.201125 0.204803 0.208416
0.009228 0.019737 0.028165 0.034684 0.039474 0.042730 0.044984 0.047415 0.050071 0.052922 0.055943 0.059112 0.062412 0.065827 0.069344 0.072952 0.076640 0.080400 0.084225 0.088105 0.092036 0.096010 0.100022 0.104067 0.108139 0.112235 0.116349 0.120477 0.124616 0.128761 0.132908 0.137054 0.141194 0.145326 0.149446 0.153549 0.157633 0.161694 0.165729 0.169733 0.173703 0.177636 0.181527 0.185373 0.189169 0.192912 0.196598 0.200221 0.203779 0.207262
0.008031 0.018659 0.027146 0.033724 0.038583 0.041904 0.044437 0.047157 0.050045 0.053080 0.056247 0.059532 0.062922 0.066407 0.069978 0.073626 0.077342 0.081121 0.084954 0.088836 0.092762 0.096725 0.100721 0.104744 0.108791 0.112857 0.116938 0.121029 0.125128 0.129229 0.133330 0.137426 0.141515 0.145593 0.149655 0.153699 0.157721 0.161717 0.165684 0.169619 0.173517 0.177374 0.181187 0.184953 0.188666 0.192322 0.195918 0.199449 0.202911 0.206259
0.007620 0.017487 0.025813 0.032443 0.037426 0.040890 0.043777 0.046772 0.049870 0.053067 0.056360 0.059742 0.063207 0.066751 0.070365 0.074046 0.077786 0.081579 0.085421 0.089307 0.093230 0.097187 0.101172 0.105182 0.109212 0.113258 0.117316 0.121383 0.125454 0.129526 0.133595 0.137658 0.141711 0.145751 0.149774 0.153777 0.157756 0.161708 0.165629 0.169515 0.173363 0.177169 0.180929 0.184638 0.188294 0.191891 0.195425 0.198892 0.202288 0.205403
0.007182 0.016803 0.024965 0.031579 0.036633 0.040219 0.043340 0.046502 0.049724 0.053017 0.056382 0.059820 0.063329 0.066905 0.070546 0.074245 0.077998 0.081801 0.085648 0.089536 0.093459 0.097412 0.101393 0.105396 0.109418 0.113454 0.117501 0.121555 0.125612 0.129669 0.133722 0.137768 0.141804 0.145825 0.149828 0.153810 0.157768 0.161697 0.165594 0.169456 0.173278 0.177058 0.180790 0.184471 0.188097 0.191664 0.195167 0.198602 0.201961 0.204912
