0.036175 0.037364 0.039043 0.041036 0.043284 0.045760 0.048449 0.051341 0.054427 0.057704 0.061165 0.064808 0.068630 0.072629 0.076803 0.081153 0.085677 0.090376 0.095250 0.100301 0.105529 0.110937 0.116525 0.122296 0.128252 0.134395 0.140727 0.147250 0.153968 0.160881 0.167994 0.175308 0.182825 0.190549 0.198482 0.206626 0.214983 0.223556 0.232348 0.241360 0.250594 0.260053 0.269739 0.279654 0.289798 0.300175 0.310786 0.321632 0.332715 0.344036
0.034680 0.036872 0.038852 0.040954 0.043254 0.045765 0.048484 0.051405 0.054522 0.057828 0.061318 0.064988 0.068837 0.072861 0.077059 0.081431 0.085976 0.090695 0.095588 0.100657 0.105902 0.111325 0.116929 0.122714 0.128684 0.134839 0.141183 0.147718 0.154446 0.161370 0.168492 0.175815 0.183342 0.191074 0.199014 0.207166 0.215530 0.224110 0.232909 0.241927 0.251167 0.260632 0.270323 0.280243 0.290392 0.300774 0.311389 0.322239 0.333326 0.344651
0.036087 0.037136 0.038871 0.040947 0.043280 0.045841 0.048616 0.051594 0.054766 0.058126 0.061669 0.065389 0.069285 0.073355 0.077596 0.082008 0.086592 0.091348 0.096275 0.101377 0.106653 0.112106 0.117737 0.123549 0.129543 0.135723 0.142089 0.148646 0.155394 0.162338 0.169479 0.176820 0.184363 0.192112 0.200068 0.208234 0.216612 0.225206 0.234017 0.243047 0.252299 0.261775 0.271477 0.281407 0.291566 0.301956 0.312580 0.323438 0.334533 0.345865
0.035079 0.036967 0.038899 0.041064 0.043476 0.046115 0.048968 0.052020 0.055263 0.058691 0.062298 0.066081 0.070036 0.074161 0.078456 0.082920 0.087553 0.092355 0.097327 0.102471 0.107788 0.113280 0.118948 0.124796 0.130824 0.137036 0.143434 0.150020 0.156797 0.163768 0.170935 0.178301 0.185869 0.193640 0.201618 0.209806 0.218205 0.226818 0.235647 0.244695 0.253964 0.263456 0.273173 0.283118 0.293291 0.303695 0.314331 0.325202 0.336307 0.347650
0.035830 0.037335 0.039292 0.041551 0.044053 0.046773 0.049698 0.052819 0.056129 0.059620 0.063289 0.067132 0.071145 0.075328 0.079678 0.084195 0.088880 0.093732 0.098753 0.103944 0.109306 0.114842 0.120553 0.126441 0.132510 0.138760 0.145195 0.151817 0.158629 0.165633 0.172832 0.180230 0.187827 0.195627 0.203633 0.211847 0.220272 0.228910 0.237763 0.246834 0.256124 0.265637 0.275375 0.285338 0.295529 0.305951 0.316604 0.327490 0.338611 0.349968
0.036485 0.038230 0.040350 0.042680 0.045219 0.047969 0.050927 0.054086 0.057438 0.060975 0.064691 0.068582 0.072644 0.076876 0.081276 0.085842 0.090576 0.095477 0.100546 0.105784 0.111193 0.116775 0.122531 0.128463 0.134574 0.140867 0.147343 0.154005 0.160856 0.167898 0.175134 0.182567 0.190199 0.198033 0.206072 0.214317 0.222772 0.231439 0.240320 0.249419 0.258736 0.268274 0.278035 0.288022 0.298235 0.308678 0.319351 0.330257 0.341396 0.352770
0.037502 0.040193 0.042284 0.044502 0.046971 0.049691 0.052645 0.055813 0.059184 0.062747 0.066493 0.070419 0.074519 0.078790 0.083231 0.087841 0.092619 0.097565 0.102680 0.107964 0.113419 0.119047 0.124849 0.130827 0.136983 0.143320 0.149839 0.156545 0.163438 0.170521 0.177798 0.185270 0.192941 0.200813 0.208888 0.217169 0.225658 0.234359 0.243273 0.252402 0.261749 0.271316 0.281106 0.291119 0.301359 0.311826 0.322523 0.333451 0.344612 0.356007
0.044149 0.043408 0.044657 0.046665 0.049079 0.051785 0.054736 0.057910 0.061290 0.064868 0.068636 0.072586 0.076716 0.081020 0.085498 0.090146 0.094965 0.099954 0.105113 0.110442 0.115943 0.121617 0.127466 0.133491 0.139694 0.146077 0.152643 0.159394 0.166332 0.173460 0.180780 0.188296 0.196008 0.203921 0.212036 0.220357 0.228884 0.237622 0.246572 0.255736 0.265117 0.274717 0.284537 0.294581 0.304850 0.315345 0.326069 0.337023 0.348208 0.359626
0.041112 0.044154 0.046515 0.048869 0.051392 0.054131 0.057092 0.060270 0.063658 0.067248 0.071033 0.075007 0.079164 0.083501 0.088014 0.092701 0.097561 0.102593 0.107797 0.113173 0.118721 0.124443 0.130340 0.136414 0.142666 0.149098 0.155712 0.162511 0.169498 0.176673 0.184040 0.191602 0.199360 0.207317 0.215475 0.223838 0.232407 0.241185 0.250174 0.259376 0.268794 0.278430 0.288285 0.298362 0.308663 0.319189 0.329942 0.340924 0.352137 0.363581
0.044899 0.047199 0.049315 0.051550 0.054002 0.056698 0.059635 0.062805 0.066197 0.069801 0.073608 0.077609 0.081799 0.086173 0.090726 0.095456 0.100361 0.105440 0.110692 0.116117 0.121715 0.127488 0.133436 0.139561 0.145865 0.152348 0.159014 0.165865 0.172902 0.180127 0.187544 0.195154 0.202961 0.210965 0.219170 0.227578 0.236192 0.245013 0.254044 0.263287 0.272745 0.282419 0.292311 0.302424 0.312760 0.323319 0.334104 0.345116 0.356358 0.367829
0.051920 0.051519 0.052640 0.054468 0.056740 0.059357 0.062265 0.065435 0.068843 0.072473 0.076313 0.080353 0.084585 0.089004 0.093604 0.098383 0.103338 0.108469 0.113773 0.119251 0.124903 0.130730 0.136732 0.142912 0.149270 0.155808 0.162528 0.169432 0.176522 0.183801 0.191270 0.198932 0.206788 0.214842 0.223096 0.231552 0.240212 0.249079 0.258155 0.267441 0.276940 0.286655 0.296587 0.306737 0.317109 0.327703 0.338521 0.349566 0.360837 0.372338
0.051686 0.053427 0.055034 0.056980 0.059301 0.061956 0.064906 0.068121 0.071577 0.075257 0.079147 0.083239 0.087524 0.091995 0.096649 0.101483 0.106493 0.111679 0.117039 0.122573 0.128282 0.134165 0.140224 0.146461 0.152875 0.159470 0.166246 0.173206 0.180351 0.187684 0.195207 0.202922 0.210831 0.218937 0.227241 0.235747 0.244455 0.253369 0.262490 0.271821 0.281364 0.291120 0.301092 0.311281 0.321690 0.332320 0.343172 0.354249 0.365552 0.377081
0.054312 0.055234 0.057033 0.059244 0.061767 0.064568 0.067628 0.070930 0.074460 0.078206 0.082159 0.086309 0.090651 0.095179 0.099890 0.104780 0.109847 0.115089 0.120507 0.126098 0.131864 0.137806 0.143923 0.150217 0.156689 0.163341 0.170174 0.177191 0.184392 0.191781 0.199358 0.207127 0.215090 0.223247 0.231603 0.240158 0.248915 0.257876 0.267044 0.276420 0.286006 0.295804 0.305816 0.316044 0.326490 0.337156 0.348042 0.359151 0.370484 0.382042
0.054225 0.056924 0.059336 0.061843 0.064548 0.067475 0.070631 0.074011 0.077607 0.081413 0.085422 0.089627 0.094022 0.098604 0.103368 0.108313 0.113434 0.118733 0.124206 0.129854 0.135677 0.141676 0.147850 0.154201 0.160730 0.167439 0.174329 0.181401 0.188658 0.196102 0.203734 0.211556 0.219571 0.227780 0.236186 0.244790 0.253595 0.262603 0.271816 0.281236 0.290864 0.300703 0.310755 0.321021 0.331503 0.342202 0.353121 0.364260 0.375622 0.387207
0.059098 0.060835 0.062933 0.065325 0.067991 0.070915 0.074084 0.077487 0.081113 0.084953 0.089000 0.093246 0.097685 0.102313 0.107126 0.112120 0.117293 0.122643 0.128170 0.133872 0.139750 0.145803 0.152032 0.158438 0.165023 0.171786 0.178731 0.185857 0.193168 0.200664 0.208348 0.216221 0.224287 0.232545 0.240999 0.249651 0.258502 0.267554 0.276810 0.286272 0.295940 0.305818 0.315907 0.326208 0.336723 0.347454 0.358403 0.369570 0.380958 0.392567
0.064941 0.065768 0.067375 0.069504 0.072021 0.074859 0.077983 0.081367 0.084993 0.088847 0.092917 0.097194 0.101669 0.106337 0.111193 0.116233 0.121453 0.126852 0.132429 0.138181 0.144110 0.150214 0.156495 0.162953 0.169589 0.176404 0.183399 0.190576 0.197936 0.205482 0.213214 0.221135 0.229247 0.237552 0.246051 0.254746 0.263639 0.272733 0.282028 0.291528 0.301233 0.311146 0.321268 0.331601 0.342146 0.352906 0.363881 0.375073 0.386483 0.398112
0.068819 0.070061 0.071777 0.073870 0.076321 0.079108 0.082201 0.085574 0.089205 0.093076 0.097170 0.101478 0.105988 0.110695 0.115591 0.120674 0.125938 0.131382 0.137004 0.142803 0.148778 0.154929 0.161256 0.167760 0.174443 0.181304 0.188344 0.195567 0.202972 0.210562 0.218338 0.226302 0.234456 0.242801 0.251340 0.260074 0.269005 0.278135 0.287466 0.296999 0.306736 0.316680 0.326831 0.337191 0.347762 0.358545 0.369542 0.380753 0.392181 0.403827
0.072218 0.074327 0.076145 0.078249 0.080716 0.083527 0.086650 0.090057 0.093723 0.097629 0.101760 0.106105 0.110653 0.115398 0.120333 0.125455 0.130758 0.136242 0.141904 0.147743 0.153758 0.159949 0.166317 0.172861 0.179583 0.186484 0.193564 0.200826 0.208270 0.215898 0.223711 0.231712 0.239902 0.248282 0.256855 0.265622 0.274586 0.283746 0.293107 0.302668 0.312433 0.322402 0.332576 0.342959 0.353550 0.364352 0.375365 0.386592 0.398032 0.409689
0.079832 0.079237 0.080577 0.082695 0.085267 0.088181 0.091390 0.094865 0.098586 0.102539 0.106711 0.111092 0.115675 0.120453 0.125420 0.130573 0.135909 0.141424 0.147117 0.152988 0.159035 0.165259 0.171658 0.178235 0.184990 0.191922 0.199035 0.206328 0.213804 0.221463 0.229307 0.237338 0.245557 0.253967 0.262568 0.271362 0.280352 0.289538 0.298922 0.308506 0.318292 0.328280 0.338474 0.348873 0.359479 0.370294 0.381319 0.392555 0.404003 0.415665
0.078812 0.082277 0.084885 0.087485 0.090279 0.093314 0.096595 0.100117 0.103872 0.107851 0.112045 0.116446 0.121047 0.125843 0.130829 0.136000 0.141355 0.146890 0.152605 0.158497 0.164566 0.170812 0.177235 0.183836 0.190614 0.197572 0.204708 0.212026 0.219526 0.227210 0.235078 0.243133 0.251376 0.259808 0.268431 0.277246 0.286256 0.295462 0.304864 0.314466 0.324267 0.334270 0.344477 0.354887 0.365503 0.376327 0.387358 0.398598 0.410049 0.421711
0.086820 0.088700 0.090954 0.093432 0.096154 0.099134 0.102371 0.105860 0.109589 0.113547 0.117726 0.122116 0.126711 0.131504 0.136489 0.141663 0.147023 0.152565 0.158289 0.164192 0.170274 0.176533 0.182972 0.189588 0.196383 0.203357 0.210512 0.217848 0.225366 0.233068 0.240955 0.249028 0.257288 0.265738 0.274378 0.283210 0.292235 0.301455 0.310871 0.320485 0.330298 0.340311 0.350525 0.360943 0.371564 0.382391 0.393424 0.404664 0.416113 0.427771
0.096337 0.096955 0.098344 0.100300 0.102700 0.105469 0.108561 0.111942 0.115590 0.119487 0.123617 0.127970 0.132536 0.137307 0.142277 0.147440 0.152793 0.158333 0.164056 0.169962 0.176049 0.182316 0.188763 0.195389 0.202195 0.209182 0.216350 0.223699 0.231232 0.238948 0.246848 0.254935 0.263210 0.271673 0.280326 0.289170 0.298207 0.307438 0.316864 0.326486 0.336306 0.346325 0.356545 0.366965 0.377589 0.388415 0.399446 0.410683 0.422125 0.433775
0.103851 0.104280 0.105358 0.107043 0.109224 0.111819 0.114771 0.118041 0.121598 0.125422 0.129494 0.133801 0.138330 0.143072 0.148021 0.153168 0.158510 0.164043 0.169764 0.175669 0.181759 0.188030 0.194483 0.201118 0.207933 0.214930 0.222109 0.229470 0.237014 0.244742 0.252655 0.260754 0.269040 0.277515 0.286179 0.295033 0.304079 0.313318 0.322752 0.332380 0.342206 0.352228 0.362450 0.372871 0.383493 0.394317 0.405344 0.416573 0.428007 0.439647
0.109840 0.110082 0.111310 0.113051 0.115206 0.117735 0.120612 0.123810 0.127305 0.131076 0.135104 0.139375 0.143877 0.148599 0.153531 0.158669 0.164005 0.169535 0.175256 0.181164 0.187259 0.193537 0.199999 0.206643 0.213470 0.220478 0.227669 0.235042 0.242599 0.250339 0.258264 0.266375 0.274673 0.283158 0.291832 0.300696 0.309751 0.318998 0.328437 0.338071 0.347900 0.357925 0.368147 0.378568 0.389187 0.400007 0.411027 0.422248 0.433672 0.445299
0.112138 0.114759 0.116513 0.118343 0.120484 0.122981 0.125825 0.128993 0.132463 0.136214 0.140227 0.144488 0.148983 0.153701 0.158635 0.163775 0.169117 0.174655 0.180386 0.186306 0.192413 0.198705 0.205181 0.211839 0.218681 0.225704 0.232910 0.240299 0.247870 0.255625 0.263565 0.271689 0.280000 0.288497 0.297182 0.306055 0.315119 0.324373 0.333819 0.343457 0.353290 0.363317 0.373539 0.383958 0.394574 0.405389 0.416402 0.427614 0.439027 0.450640
0.122002 0.120903 0.121487 0.122937 0.124957 0.127420 0.130261 0.133438 0.136920 0.140686 0.144716 0.148994 0.153507 0.158244 0.163198 0.168359 0.173721 0.179281 0.185033 0.190975 0.197104 0.203417 0.209915 0.216595 0.223457 0.230501 0.237726 0.245134 0.252723 0.260496 0.268451 0.276591 0.284916 0.293426 0.302123 0.311008 0.320081 0.329343 0.338795 0.348439 0.358275 0.368304 0.378527 0.388944 0.399557 0.410366 0.421372 0.432575 0.443976 0.455576
0.123696 0.123655 0.124661 0.126303 0.128430 0.130967 0.133865 0.137093 0.140623 0.144433 0.148505 0.152824 0.157377 0.162153 0.167142 0.172339 0.177736 0.183329 0.189114 0.195086 0.201245 0.207587 0.214112 0.220819 0.227706 0.234775 0.242023 0.249452 0.257063 0.264855 0.272829 0.280985 0.289326 0.297850 0.306560 0.315456 0.324539 0.333810 0.343269 0.352919 0.362758 0.372789 0.383012 0.393428 0.404038 0.414842 0.425840 0.437035 0.448425 0.460011
0.121502 0.124653 0.126717 0.128764 0.131079 0.133726 0.136708 0.140007 0.143602 0.147473 0.151603 0.155977 0.160581 0.165406 0.170443 0.175684 0.181123 0.186755 0.192577 0.198585 0.204778 0.211152 0.217708 0.224443 0.231358 0.238452 0.245724 0.253176 0.260808 0.268620 0.276612 0.284786 0.293142 0.301680 0.310403 0.319310 0.328402 0.337681 0.347148 0.356802 0.366645 0.376678 0.386901 0.397316 0.407922 0.418721 0.429713 0.440899 0.452278 0.463852
0.128871 0.128163 0.129169 0.130933 0.133201 0.135879 0.138917 0.142280 0.145940 0.149874 0.154063 0.158493 0.163150 0.168024 0.173106 0.178390 0.183869 0.189540 0.195397 0.201439 0.207663 0.214068 0.220651 0.227413 0.234352 0.241469 0.248764 0.256236 0.263887 0.271716 0.279725 0.287913 0.296283 0.304834 0.313567 0.322484 0.331585 0.340870 0.350342 0.360000 0.369846 0.379880 0.390103 0.400515 0.411118 0.421912 0.432897 0.444074 0.455444 0.467006
0.128544 0.129480 0.130681 0.132466 0.134768 0.137499 0.140597 0.144019 0.147734 0.151719 0.155954 0.160426 0.165122 0.170032 0.175148 0.180463 0.185972 0.191669 0.197553 0.203619 0.209866 0.216293 0.222896 0.229677 0.236635 0.243769 0.251080 0.258567 0.266232 0.274074 0.282094 0.290294 0.298673 0.307233 0.315974 0.324897 0.334003 0.343293 0.352768 0.362428 0.372274 0.382308 0.392529 0.402939 0.413537 0.424325 0.435304 0.446473 0.457832 0.469384
0.129473 0.129793 0.131316 0.133388 0.135865 0.138698 0.141857 0.145318 0.149060 0.153065 0.157317 0.161803 0.166512 0.171434 0.176561 0.181887 0.187407 0.193115 0.199009 0.205086 0.211342 0.217778 0.224391 0.231181 0.238148 0.245290 0.252608 0.260103 0.267774 0.275623 0.283649 0.291854 0.300237 0.308801 0.317545 0.326471 0.335579 0.344870 0.354344 0.364004 0.373849 0.383880 0.394098 0.404503 0.415096 0.425878 0.436849 0.448009 0.459359 0.470900
0.126335 0.129608 0.131952 0.134268 0.136808 0.139641 0.142778 0.146209 0.149921 0.153897 0.158123 0.162586 0.167274 0.172179 0.177292 0.182606 0.188115 0.193815 0.199702 0.205773 0.212025 0.218457 0.225067 0.231855 0.238819 0.245960 0.253278 0.260771 0.268442 0.276290 0.284315 0.292519 0.300901 0.309464 0.318206 0.327130 0.336235 0.345524 0.354995 0.364651 0.374492 0.384518 0.394730 0.405129 0.415715 0.426490 0.437452 0.448604 0.459944 0.471474
0.132508 0.132542 0.133649 0.135394 0.137619 0.140249 0.143239 0.146556 0.150176 0.154076 0.158238 0.162646 0.167288 0.172152 0.177229 0.182512 0.187995 0.193671 0.199537 0.205589 0.211825 0.218242 0.224840 0.231616 0.238570 0.245701 0.253010 0.260496 0.268159 0.276000 0.284019 0.292216 0.300592 0.309149 0.317885 0.326803 0.335902 0.345184 0.354649 0.364298 0.374132 0.384151 0.394355 0.404747 0.415325 0.426090 0.437043 0.448185 0.459516 0.471035
0.134788 0.133865 0.134357 0.135686 0.137615 0.140025 0.142848 0.146033 0.149545 0.153355 0.157442 0.161785 0.166371 0.171187 0.176221 0.181466 0.186915 0.192561 0.198400 0.204427 0.210641 0.217039 0.223618 0.230377 0.237316 0.244433 0.251729 0.259202 0.266854 0.274683 0.282691 0.290879 0.299245 0.307792 0.316519 0.325427 0.334517 0.343790 0.353246 0.362885 0.372709 0.382719 0.392913 0.403295 0.413862 0.424618 0.435561 0.446692 0.458011 0.469520
0.130343 0.131694 0.132771 0.134196 0.136081 0.138413 0.141153 0.144263 0.147707 0.151459 0.155492 0.159789 0.164333 0.169111 0.174111 0.179325 0.184745 0.190366 0.196181 0.202186 0.208380 0.214758 0.221320 0.228062 0.234985 0.242087 0.249369 0.256828 0.264467 0.272283 0.280279 0.288454 0.296808 0.305343 0.314058 0.322954 0.332033 0.341293 0.350737 0.360365 0.370177 0.380175 0.390357 0.400727 0.411282 0.422025 0.432956 0.444075 0.455383 0.466879
0.129048 0.128635 0.129412 0.130834 0.132759 0.135123 0.137882 0.141000 0.144445 0.148191 0.152216 0.156503 0.161035 0.165800 0.170787 0.175988 0.181395 0.187002 0.192804 0.198797 0.204978 0.211344 0.217892 0.224623 0.231533 0.238623 0.245891 0.253339 0.260964 0.268768 0.276751 0.284912 0.293253 0.301774 0.310476 0.319358 0.328423 0.337669 0.347099 0.356712 0.366510 0.376492 0.386660 0.397015 0.407556 0.418284 0.429200 0.440305 0.451598 0.463080
0.122005 0.122864 0.123983 0.125595 0.127671 0.130159 0.133018 0.136213 0.139718 0.143510 0.147571 0.151885 0.156438 0.161219 0.166218 0.171428 0.176840 0.182451 0.188254 0.194247 0.200425 0.206787 0.213331 0.220055 0.226958 0.234039 0.241298 0.248734 0.256348 0.264140 0.272109 0.280257 0.288583 0.297089 0.305775 0.314641 0.323688 0.332917 0.342329 0.351925 0.361704 0.371668 0.381818 0.392154 0.402676 0.413386 0.424284 0.435370 0.446645 0.458110
0.115168 0.115582 0.116942 0.118824 0.121116 0.123773 0.126765 0.130068 0.133663 0.137531 0.141656 0.146023 0.150622 0.155442 0.160474 0.165710 0.171145 0.176773 0.182590 0.188593 0.194778 0.201144 0.207688 0.214411 0.221309 0.228384 0.235635 0.243061 0.250664 0.258442 0.266396 0.274528 0.282837 0.291324 0.299990 0.308836 0.317862 0.327069 0.336459 0.346031 0.355787 0.365728 0.375853 0.386165 0.396664 0.407350 0.418223 0.429286 0.440538 0.451979
0.105032 0.107062 0.108973 0.111109 0.113562 0.116345 0.119447 0.122850 0.126536 0.130486 0.134684 0.139117 0.143774 0.148644 0.153719 0.158992 0.164457 0.170110 0.175947 0.181964 0.188160 0.194532 0.201078 0.207799 0.214693 0.221760 0.229000 0.236413 0.244000 0.251760 0.259695 0.267805 0.276090 0.284553 0.293193 0.302011 0.311009 0.320187 0.329547 0.339089 0.348814 0.358723 0.368817 0.379097 0.389564 0.400218 0.411060 0.422092 0.433313 0.444724
0.098297 0.099370 0.100904 0.102921 0.105373 0.108208 0.111385 0.114872 0.118640 0.122669 0.126940 0.131439 0.136153 0.141073 0.146191 0.151500 0.156994 0.162670 0.168523 0.174551 0.180752 0.187124 0.193667 0.200380 0.207262 0.214314 0.221535 0.228926 0.236488 0.244221 0.252126 0.260205 0.268457 0.276884 0.285488 0.294269 0.303228 0.312366 0.321685 0.331186 0.340869 0.350736 0.360788 0.371026 0.381450 0.392062 0.402863 0.413853 0.425034 0.436405
0.091192 0.090927 0.092148 0.094144 0.096664 0.099594 0.102870 0.106450 0.110304 0.114410 0.118748 0.123305 0.128068 0.133027 0.138176 0.143509 0.149019 0.154703 0.160559 0.166584 0.172776 0.179135 0.185659 0.192349 0.199204 0.206225 0.213413 0.220767 0.228289 0.235981 0.243842 0.251874 0.260078 0.268456 0.277008 0.285737 0.294643 0.303727 0.312991 0.322437 0.332064 0.341876 0.351872 0.362054 0.372423 0.382980 0.393726 0.404663 0.415790 0.427109
0.077512 0.080111 0.082394 0.084893 0.087707 0.090834 0.094255 0.097947 0.101889 0.106062 0.110454 0.115050 0.119840 0.124817 0.129974 0.135306 0.140808 0.146478 0.152312 0.158310 0.164471 0.170792 0.177275 0.183920 0.190727 0.197696 0.204828 0.212125 0.219587 0.227216 0.235013 0.242979 0.251116 0.259425 0.267908 0.276566 0.285400 0.294413 0.303605 0.312978 0.322533 0.332272 0.342196 0.352306 0.362604 0.373091 0.383767 0.394635 0.405694 0.416947
0.068929 0.070855 0.073347 0.076124 0.079160 0.082452 0.085993 0.089771 0.093772 0.097984 0.102395 0.106997 0.111781 0.116741 0.121872 0.127169 0.132630 0.138252 0.144033 0.149972 0.156070 0.162324 0.168737 0.175308 0.182038 0.188928 0.195979 0.203193 0.210570 0.218112 0.225821 0.233698 0.241744 0.249962 0.258354 0.266919 0.275662 0.284582 0.293682 0.302962 0.312426 0.322073 0.331907 0.341927 0.352135 0.362534 0.373123 0.383905 0.394880 0.406049
0.060810 0.063253 0.065747 0.068527 0.071595 0.074926 0.078497 0.082290 0.086289 0.090484 0.094864 0.099423 0.104154 0.109053 0.114114 0.119335 0.124714 0.130249 0.135940 0.141785 0.147784 0.153938 0.160247 0.166713 0.173335 0.180116 0.187056 0.194158 0.201422 0.208850 0.216445 0.224207 0.232138 0.240241 0.248517 0.256967 0.265594 0.274400 0.283385 0.292553 0.301903 0.311439 0.321161 0.331072 0.341172 0.351463 0.361947 0.372624 0.383497 0.394565
0.056176 0.057382 0.059543 0.062207 0.065214 0.068493 0.072009 0.075737 0.079663 0.083775 0.088065 0.092526 0.097152 0.101939 0.106885 0.111986 0.117241 0.122650 0.128210 0.133923 0.139789 0.145807 0.151980 0.158307 0.164790 0.171431 0.178231 0.185192 0.192315 0.199602 0.207055 0.214676 0.222467 0.230430 0.238566 0.246877 0.255366 0.264034 0.272883 0.281915 0.291132 0.300534 0.310125 0.319906 0.329878 0.340042 0.350401 0.360955 0.371707 0.382657
0.049291 0.051758 0.054298 0.057039 0.060006 0.063194 0.066593 0.070193 0.073983 0.077954 0.082097 0.086408 0.090881 0.095513 0.100300 0.105240 0.110333 0.115577 0.120973 0.126519 0.132218 0.138068 0.144073 0.150232 0.156547 0.163019 0.169651 0.176444 0.183400 0.190520 0.197807 0.205263 0.212889 0.220688 0.228661 0.236811 0.245140 0.253649 0.262340 0.271215 0.280277 0.289527 0.298966 0.308597 0.318421 0.328440 0.338655 0.349068 0.359680 0.370493
0.045411 0.047973 0.050494 0.053131 0.055950 0.058972 0.062197 0.065618 0.069226 0.073012 0.076969 0.081091 0.085375 0.089815 0.094410 0.099157 0.104056 0.109107 0.114308 0.119660 0.125164 0.130820 0.136631 0.142596 0.148718 0.154998 0.161439 0.168041 0.174807 0.181738 0.188837 0.196106 0.203547 0.211161 0.218952 0.226920 0.235068 0.243398 0.251912 0.260613 0.269501 0.278579 0.287848 0.297311 0.306970 0.316825 0.326879 0.337133 0.347588 0.358247
0.044550 0.046092 0.048026 0.050301 0.052859 0.055660 0.058678 0.061894 0.065297 0.068877 0.072625 0.076537 0.080608 0.084835 0.089216 0.093750 0.098434 0.103269 0.108256 0.113394 0.118684 0.124127 0.129725 0.135478 0.141389 0.147459 0.153690 0.160084 0.166643 0.173368 0.180262 0.187327 0.194565 0.201979 0.209569 0.217339 0.225291 0.233426 0.241747 0.250256 0.258954 0.267844 0.276928 0.286208 0.295684 0.305360 0.315237 0.325317 0.335600 0.346090
0.043564 0.044318 0.045939 0.048019 0.050403 0.053027 0.055857 0.058878 0.062077 0.065447 0.068981 0.072675 0.076525 0.080530 0.084687 0.088996 0.093456 0.098066 0.102828 0.107741 0.112806 0.118025 0.123400 0.128930 0.134619 0.140468 0.146478 0.152653 0.158992 0.165500 0.172178 0.179027 0.186051 0.193251 0.200630 0.208190 0.215933 0.223860 0.231976 0.240280 0.248776 0.257466 0.266351 0.275434 0.284717 0.294200 0.303887 0.313779 0.323877 0.334184
0.039224 0.041670 0.043866 0.046086 0.048430 0.050934 0.053606 0.056446 0.059451 0.062616 0.065940 0.069419 0.073052 0.076835 0.080770 0.084855 0.089090 0.093474 0.098010 0.102697 0.107536 0.112529 0.117677 0.122982 0.128445 0.134068 0.139854 0.145804 0.151920 0.158204 0.164659 0.171287 0.178090 0.185071 0.192231 0.199573 0.207099 0.214811 0.222712 0.230804 0.239089 0.247570 0.256247 0.265124 0.274202 0.283484 0.292971 0.302665 0.312567 0.322681
0.038489 0.040705 0.042724 0.044790 0.046983 0.049328 0.051830 0.054490 0.057307 0.060278 0.063402 0.066678 0.070103 0.073677 0.077400 0.081270 0.085289 0.089457 0.093775 0.098242 0.102862 0.107634 0.112560 0.117643 0.122884 0.128285 0.133848 0.139575 0.145468 0.151530 0.157762 0.164168 0.170749 0.177507 0.184446 0.191568 0.198874 0.206368 0.214051 0.221927 0.229996 0.238262 0.246726 0.255391 0.264260 0.273333 0.282613 0.292102 0.301802 0.311714
0.040514 0.040941 0.042225 0.043935 0.045901 0.048061 0.050390 0.052879 0.055523 0.058317 0.061262 0.064354 0.067592 0.070976 0.074506 0.078181 0.082001 0.085968 0.090083 0.094345 0.098758 0.103321 0.108038 0.112909 0.117938 0.123124 0.128472 0.133983 0.139660 0.145505 0.151519 0.157707 0.164070 0.170610 0.177331 0.184234 0.191322 0.198598 0.206064 0.213722 0.221575 0.229626 0.237876 0.246328 0.254984 0.263846 0.272916 0.282197 0.291690 0.301398
0.038437 0.039695 0.041266 0.042996 0.044880 0.046922 0.049120 0.051472 0.053975 0.056625 0.059420 0.062358 0.065438 0.068659 0.072022 0.075525 0.079171 0.082959 0.086890 0.090967 0.095191 0.099563 0.104086 0.108761 0.113591 0.118577 0.123723 0.129030 0.134501 0.140139 0.145945 0.151924 0.158076 0.164406 0.170915 0.177606 0.184482 0.191545 0.198798 0.206243 0.213884 0.221722 0.229760 0.238000 0.246445 0.255097 0.263958 0.273031 0.282317 0.291819
0.035302 0.038306 0.040222 0.041981 0.043817 0.045788 0.047906 0.050169 0.052575 0.055121 0.057805 0.060624 0.063578 0.066667 0.069891 0.073251 0.076746 0.080380 0.084153 0.088066 0.092122 0.096323 0.100671 0.105168 0.109817 0.114620 0.119579 0.124697 0.129977 0.135421 0.141033 0.146815 0.152769 0.158899 0.165207 0.171696 0.178368 0.185227 0.192276 0.199516 0.206951 0.214583 0.222415 0.230450 0.238689 0.247136 0.255792 0.264660 0.273742 0.283041
0.039428 0.038599 0.039484 0.040957 0.042708 0.044642 0.046726 0.048947 0.051299 0.053780 0.056386 0.059119 0.061977 0.064962 0.068074 0.071315 0.074686 0.078189 0.081826 0.085598 0.089508 0.093559 0.097753 0.102091 0.106578 0.111215 0.116006 0.120953 0.126059 0.131326 0.136759 0.142359 0.148129 0.154073 0.160194 0.166493 0.172975 0.179643 0.186498 0.193544 0.200784 0.208220 0.215856 0.223693 0.231735 0.239984 0.248442 0.257113 0.265998 0.275100
0.033975 0.036190 0.037940 0.039706 0.041574 0.043556 0.045651 0.047860 0.050183 0.052619 0.055170 0.057836 0.060620 0.063521 0.066542 0.069686 0.072952 0.076345 0.079866 0.083518 0.087303 0.091224 0.095283 0.099483 0.103827 0.108318 0.112959 0.117753 0.122703 0.127812 0.133082 0.138517 0.144121 0.149895 0.155844 0.161970 0.168276 0.174766 0.181442 0.188308 0.195365 0.202618 0.210070 0.217722 0.225577 0.233639 0.241911 0.250393 0.259090 0.268004
0.032586 0.034823 0.036843 0.038771 0.040711 0.042714 0.044805 0.046992 0.049280 0.051673 0.054172 0.056780 0.059497 0.062327 0.065271 0.068331 0.071509 0.074808 0.078231 0.081780 0.085457 0.089266 0.093210 0.097290 0.101511 0.105875 0.110385 0.115045 0.119857 0.124825 0.129952 0.135241 0.140695 0.146318 0.152112 0.158081 0.164228 0.170557 0.177070 0.183770 0.190661 0.197746 0.205027 0.212508 0.220191 0.228080 0.236176 0.244484 0.253005 0.261741
0.034012 0.035298 0.036814 0.038495 0.040302 0.042222 0.044247 0.046376 0.048609 0.050945 0.053387 0.055934 0.058589 0.061352 0.064226 0.067213 0.070315 0.073534 0.076873 0.080334 0.083920 0.087634 0.091479 0.095457 0.099572 0.103827 0.108225 0.112769 0.117462 0.122308 0.127310 0.132470 0.137794 0.143283 0.148941 0.154771 0.160777 0.166962 0.173329 0.179881 0.186622 0.193555 0.200682 0.208008 0.215534 0.223264 0.231201 0.239347 0.247706 0.256280
0.035266 0.035889 0.037038 0.038494 0.040152 0.041962 0.043899 0.045952 0.048117 0.050390 0.052770 0.055257 0.057852 0.060554 0.063366 0.066289 0.069324 0.072475 0.075742 0.079129 0.082639 0.086273 0.090035 0.093927 0.097954 0.102116 0.106419 0.110865 0.115457 0.120199 0.125094 0.130145 0.135356 0.140729 0.146269 0.151979 0.157861 0.163921 0.170159 0.176581 0.183190 0.189988 0.196978 0.204165 0.211551 0.219139 0.226932 0.234933 0.243145 0.251571
0.034113 0.035417 0.036834 0.038352 0.039986 0.041740 0.043615 0.045606 0.047711 0.049928 0.052253 0.054688 0.057230 0.059880 0.062639 0.065508 0.068489 0.071582 0.074791 0.078118 0.081564 0.085133 0.088827 0.092649 0.096602 0.100689 0.104913 0.109278 0.113786 0.118441 0.123246 0.128204 0.133320 0.138596 0.144035 0.149642 0.155419 0.161370 0.167499 0.173808 0.180302 0.186982 0.193854 0.200919 0.208182 0.215644 0.223310 0.231183 0.239264 0.247558
0.032869 0.034940 0.036549 0.038102 0.039723 0.041447 0.043285 0.045238 0.047305 0.049483 0.051771 0.054167 0.056671 0.059282 0.062001 0.064829 0.067767 0.070817 0.073980 0.077258 0.080655 0.084172 0.087812 0.091577 0.095472 0.099498 0.103658 0.107957 0.112396 0.116980 0.121711 0.126594 0.131631 0.136826 0.142181 0.147702 0.153391 0.159251 0.165286 0.171500 0.177895 0.184476 0.191245 0.198206 0.205362 0.212716 0.220272 0.228032 0.235999 0.244177
0.035040 0.035355 0.036411 0.037782 0.039338 0.041037 0.042861 0.044802 0.046856 0.049018 0.051288 0.053664 0.056145 0.058732 0.061425 0.064224 0.067132 0.070150 0.073280 0.076523 0.079882 0.083359 0.086957 0.090679 0.094528 0.098506 0.102616 0.106862 0.111247 0.115774 0.120446 0.125267 0.130240 0.135369 0.140656 0.146106 0.151721 0.157506 0.163464 0.169598 0.175911 0.182408 0.189091 0.195963 0.203029 0.210290 0.217752 0.225415 0.233285 0.241363
0.033221 0.034420 0.035728 0.037188 0.038789 0.040517 0.042362 0.044316 0.046378 0.048543 0.050811 0.053181 0.055653 0.058228 0.060906 0.063688 0.066577 0.069573 0.072679 0.075897 0.079228 0.082676 0.086243 0.089932 0.093746 0.097687 0.101758 0.105963 0.110306 0.114788 0.119413 0.124185 0.129107 0.134183 0.139415 0.144808 0.150364 0.156088 0.161982 0.168050 0.174296 0.180723 0.187334 0.194133 0.201123 0.208307 0.215689 0.223271 0.231057 0.239050
0.031524 0.033328 0.034923 0.036531 0.038217 0.039998 0.041877 0.043856 0.045933 0.048108 0.050380 0.052751 0.055220 0.057789 0.060459 0.063231 0.066107 0.069089 0.072178 0.075377 0.078689 0.082116 0.085660 0.089324 0.093111 0.097024 0.101066 0.105239 0.109548 0.113995 0.118584 0.123318 0.128200 0.133233 0.138422 0.143769 0.149278 0.154952 0.160795 0.166810 0.173001 0.179371 0.185924 0.192662 0.199589 0.206709 0.214025 0.221539 0.229256 0.237177
0.032283 0.033168 0.034555 0.036135 0.037834 0.039633 0.041527 0.043515 0.045598 0.047775 0.050048 0.052417 0.054882 0.057445 0.060108 0.062871 0.065737 0.068707 0.071784 0.074969 0.078266 0.081676 0.085202 0.088847 0.092614 0.096505 0.100524 0.104674 0.108957 0.113377 0.117937 0.122641 0.127491 0.132492 0.137646 0.142957 0.148428 0.154063 0.159865 0.165837 0.171984 0.178308 0.184813 0.191502 0.198378 0.205446 0.212707 0.220166 0.227824 0.235687
0.031160 0.032899 0.034448 0.036041 0.037724 0.039503 0.041379 0.043352 0.045422 0.047587 0.049849 0.052207 0.054662 0.057216 0.059868 0.062622 0.065477 0.068437 0.071502 0.074675 0.077959 0.081356 0.084867 0.088497 0.092248 0.096122 0.100123 0.104254 0.108517 0.112915 0.117453 0.122133 0.126959 0.131933 0.137060 0.142342 0.147783 0.153387 0.159156 0.165095 0.171206 0.177493 0.183960 0.190609 0.197444 0.204469 0.211686 0.219098 0.226710 0.234523
0.032258 0.033367 0.034742 0.036249 0.037866 0.039592 0.041424 0.043360 0.045400 0.047541 0.049782 0.052123 0.054562 0.057102 0.059742 0.062483 0.065327 0.068275 0.071329 0.074491 0.077764 0.081148 0.084648 0.088265 0.092002 0.095863 0.099849 0.103964 0.108211 0.112593 0.117113 0.121774 0.126580 0.131534 0.136639 0.141899 0.147316 0.152895 0.158638 0.164550 0.170632 0.176890 0.183325 0.189942 0.196744 0.203734 0.210915 0.218291 0.225863 0.233637
0.032672 0.033920 0.035204 0.036604 0.038135 0.039794 0.041576 0.043472 0.045480 0.047595 0.049814 0.052136 0.054560 0.057085 0.059711 0.062440 0.065273 0.068210 0.071253 0.074405 0.077667 0.081041 0.084530 0.088136 0.091862 0.095711 0.099685 0.103788 0.108022 0.112390 0.116896 0.121542 0.126332 0.131270 0.136358 0.141599 0.146997 0.152556 0.158279 0.164168 0.170228 0.176462 0.182873 0.189464 0.196239 0.203200 0.210352 0.217697 0.225238 0.232979
0.033685 0.034483 0.035564 0.036864 0.038340 0.039965 0.041721 0.043598 0.045589 0.047689 0.049894 0.052203 0.054615 0.057129 0.059746 0.062465 0.065288 0.068216 0.071251 0.074394 0.077647 0.081012 0.084492 0.088090 0.091807 0.095646 0.099611 0.103703 0.107927 0.112284 0.116778 0.121413 0.126190 0.131115 0.136188 0.141415 0.146799 0.152341 0.158047 0.163919 0.169961 0.176175 0.182566 0.189136 0.195889 0.202827 0.209955 0.217275 0.224791 0.232505
0.033313 0.034235 0.035439 0.036826 0.038357 0.040015 0.041791 0.043679 0.045674 0.047774 0.049978 0.052284 0.054692 0.057202 0.059813 0.062526 0.065344 0.068266 0.071295 0.074432 0.077679 0.081038 0.084512 0.088102 0.091812 0.095645 0.099601 0.103686 0.107901 0.112250 0.116735 0.121360 0.126127 0.131041 0.136104 0.141319 0.146690 0.152220 0.157912 0.163769 0.169796 0.175995 0.182369 0.188922 0.195657 0.202576 0.209685 0.216984 0.224479 0.232170
0.032054 0.033597 0.035106 0.036655 0.038279 0.039992 0.041803 0.043713 0.045724 0.047834 0.050044 0.052354 0.054763 0.057273 0.059884 0.062597 0.065412 0.068332 0.071359 0.074492 0.077736 0.081092 0.084561 0.088148 0.091853 0.095680 0.099631 0.103710 0.107919 0.112261 0.116739 0.121356 0.126116 0.131021 0.136074 0.141280 0.146641 0.152160 0.157841 0.163687 0.169701 0.175887 0.182247 0.188786 0.195506 0.202410 0.209502 0.216785 0.224261 0.231935
0.032065 0.033611 0.035101 0.036644 0.038271 0.039993 0.041813 0.043732 0.045751 0.047868 0.050085 0.052400 0.054814 0.057327 0.059941 0.062655 0.065473 0.068393 0.071419 0.074553 0.077796 0.081150 0.084617 0.088201 0.091904 0.095727 0.099675 0.103750 0.107954 0.112291 0.116763 0.121374 0.126127 0.131026 0.136072 0.141270 0.146622 0.152132 0.157804 0.163640 0.169644 0.175819 0.182168 0.188694 0.195402 0.202293 0.209371 0.216640 0.224101 0.231759
0.033386 0.034191 0.035384 0.036789 0.038346 0.040032 0.041834 0.043746 0.045762 0.047881 0.050100 0.052419 0.054838 0.057355 0.059972 0.062690 0.065510 0.068433 0.071461 0.074595 0.077838 0.081192 0.084659 0.088242 0.091943 0.095764 0.099710 0.103781 0.107982 0.112314 0.116782 0.121389 0.126136 0.131029 0.136069 0.141260 0.146605 0.152108 0.157772 0.163599 0.169594 0.175760 0.182099 0.188615 0.195312 0.202192 0.209258 0.216514 0.223962 0.231606
0.033189 0.034270 0.035478 0.036850 0.038377 0.040041 0.041830 0.043734 0.045748 0.047867 0.050088 0.052410 0.054831 0.057352 0.059973 0.062694 0.065516 0.068441 0.071471 0.074606 0.077850 0.081204 0.084671 0.088253 0.091952 0.095772 0.099715 0.103783 0.107981 0.112310 0.116774 0.121376 0.126119 0.131006 0.136041 0.141226 0.146565 0.152061 0.157718 0.163538 0.169525 0.175682 0.182012 0.188519 0.195206 0.202076 0.209132 0.216377 0.223814 0.231446
0.032908 0.034028 0.035305 0.036730 0.038288 0.039970 0.041769 0.043680 0.045698 0.047820 0.050045 0.052369 0.054793 0.057316 0.059939 0.062662 0.065485 0.068411 0.071441 0.074577 0.077820 0.081174 0.084639 0.088219 0.091917 0.095734 0.099675 0.103740 0.107934 0.112260 0.116720 0.121318 0.126056 0.130938 0.135967 0.141147 0.146480 0.151970 0.157619 0.163432 0.169412 0.175561 0.181884 0.188382 0.195060 0.201921 0.208967 0.216202 0.223628 0.231249
0.032348 0.033583 0.034999 0.036516 0.038130 0.039846 0.041666 0.043590 0.045617 0.047744 0.049972 0.052298 0.054723 0.057246 0.059868 0.062590 0.065412 0.068337 0.071365 0.074499 0.077740 0.081091 0.084554 0.088131 0.091826 0.095640 0.099576 0.103638 0.107828 0.112150 0.116605 0.121198 0.125932 0.130808 0.135832 0.141006 0.146333 0.151816 0.157459 0.163265 0.169237 0.175379 0.181693 0.188184 0.194853 0.201705 0.208741 0.215966 0.223383 0.230994
0.031608 0.033357 0.034869 0.036401 0.038020 0.039740 0.041564 0.043491 0.045519 0.047646 0.049872 0.052196 0.054618 0.057137 0.059756 0.062473 0.065292 0.068212 0.071236 0.074365 0.077602 0.080949 0.084407 0.087980 0.091670 0.095480 0.099411 0.103468 0.107654 0.111970 0.116420 0.121007 0.125735 0.130606 0.135623 0.140791 0.146111 0.151588 0.157224 0.163022 0.168987 0.175121 0.181427 0.187909 0.194569 0.201412 0.208439 0.215655 0.223061 0.230661
0.033399 0.033951 0.035050 0.036428 0.037982 0.039672 0.041478 0.043392 0.045409 0.047527 0.049744 0.052059 0.054473 0.056985 0.059596 0.062306 0.065117 0.068031 0.071048 0.074171 0.077402 0.080742 0.084195 0.087761 0.091445 0.095249 0.099175 0.103226 0.107404 0.111714 0.116158 0.120739 0.125460 0.130324 0.135335 0.140495 0.145808 0.151277 0.156905 0.162696 0.168653 0.174778 0.181075 0.187548 0.194199 0.201032 0.208049 0.215254 0.222650 0.230239
0.032793 0.033725 0.034960 0.036372 0.037921 0.039592 0.041377 0.043270 0.045269 0.047371 0.049574 0.051877 0.054279 0.056780 0.059381 0.062082 0.064884 0.067789 0.070799 0.073914 0.077137 0.080469 0.083914 0.087474 0.091151 0.094947 0.098865 0.102909 0.107081 0.111383 0.115820 0.120393 0.125106 0.129963 0.134965 0.140117 0.145422 0.150882 0.156501 0.162283 0.168230 0.174346 0.180633 0.187095 0.193736 0.200558 0.207564 0.214757 0.222141 0.229718
0.031178 0.033196 0.034753 0.036247 0.037801 0.039455 0.041219 0.043092 0.045073 0.047158 0.049346 0.051636 0.054026 0.056516 0.059107 0.061798 0.064591 0.067487 0.070488 0.073594 0.076808 0.080133 0.083570 0.087121 0.090789 0.094577 0.098487 0.102523 0.106686 0.110980 0.115407 0.119972 0.124676 0.129523 0.134516 0.139658 0.144953 0.150403 0.156012 0.161783 0.167719 0.173823 0.180099 0.186550 0.193178 0.199987 0.206980 0.214161 0.221531 0.229094
0.033135 0.033743 0.034817 0.036130 0.037611 0.039229 0.040973 0.042832 0.044800 0.046875 0.049054 0.051333 0.053714 0.056195 0.058776 0.061459 0.064243 0.067130 0.070121 0.073219 0.076424 0.079740 0.083167 0.086709 0.090368 0.094147 0.098048 0.102073 0.106227 0.110510 0.114928 0.119482 0.124175 0.129011 0.133993 0.139124 0.144406 0.149844 0.155441 0.161199 0.167122 0.173213 0.179475 0.185911 0.192525 0.199320 0.206298 0.213463 0.220817 0.228364
0.032874 0.033481 0.034499 0.035788 0.037266 0.038888 0.040634 0.042494 0.044461 0.046533 0.048706 0.050980 0.053354 0.055828 0.058401 0.061075 0.063851 0.066729 0.069711 0.072799 0.075995 0.079301 0.082718 0.086250 0.089898 0.093666 0.097556 0.101570 0.105712 0.109983 0.114389 0.118930 0.123610 0.128433 0.133402 0.138518 0.143787 0.149210 0.154792 0.160535 0.166442 0.172517 0.178762 0.185182 0.191779 0.198556 0.205516 0.212663 0.219998 0.227526
0.030878 0.032314 0.033758 0.035249 0.036820 0.038486 0.040253 0.042122 0.044092 0.046162 0.048332 0.050600 0.052967 0.055433 0.057999 0.060664 0.063430 0.066298 0.069271 0.072348 0.075533 0.078827 0.082233 0.085753 0.089389 0.093144 0.097021 0.101021 0.105149 0.109406 0.113797 0.118323 0.122988 0.127795 0.132747 0.137847 0.143098 0.148504 0.154068 0.159792 0.165681 0.171737 0.177963 0.184363 0.190939 0.197695 0.204635 0.211760 0.219074 0.226579
0.029941 0.031786 0.033351 0.034884 0.036470 0.038139 0.039904 0.041767 0.043731 0.045794 0.047956 0.050216 0.052574 0.055030 0.057585 0.060240 0.062995 0.065851 0.068811 0.071876 0.075048 0.078329 0.081721 0.085227 0.088848 0.092587 0.096448 0.100433 0.104544 0.108784 0.113157 0.117665 0.122311 0.127099 0.132032 0.137112 0.142343 0.147728 0.153270 0.158973 0.164839 0.170872 0.177076 0.183452 0.190005 0.196737 0.203652 0.210752 0.218041 0.225521
0.031639 0.032334 0.033443 0.034773 0.036259 0.037874 0.039607 0.041448 0.043395 0.045443 0.047591 0.049838 0.052183 0.054626 0.057168 0.059809 0.062550 0.065393 0.068338 0.071388 0.074544 0.077809 0.081184 0.084673 0.088276 0.091998 0.095840 0.099805 0.103896 0.108116 0.112468 0.116954 0.121579 0.126344 0.131254 0.136311 0.141518 0.146878 0.152396 0.158073 0.163914 0.169921 0.176098 0.182447 0.188973 0.195677 0.202564 0.209636 0.216896 0.224347
0.031643 0.032326 0.033337 0.034592 0.036028 0.037609 0.039316 0.041137 0.043065 0.045096 0.047228 0.049460 0.051789 0.054217 0.056743 0.059368 0.062093 0.064919 0.067847 0.070879 0.074017 0.077263 0.080619 0.084087 0.087670 0.091370 0.095190 0.099133 0.103201 0.107397 0.111724 0.116186 0.120785 0.125525 0.130408 0.135438 0.140617 0.145950 0.151439 0.157088 0.162900 0.168877 0.175024 0.181343 0.187838 0.194511 0.201367 0.208407 0.215635 0.223054
0.030404 0.031570 0.032834 0.034206 0.035688 0.037282 0.038986 0.040797 0.042712 0.044729 0.046846 0.049062 0.051376 0.053788 0.056297 0.058904 0.061611 0.064418 0.067327 0.070339 0.073456 0.076680 0.080014 0.083459 0.087018 0.090694 0.094489 0.098405 0.102447 0.106617 0.110917 0.115350 0.119921 0.124631 0.129484 0.134484 0.139633 0.144935 0.150392 0.156009 0.161788 0.167733 0.173847 0.180133 0.186594 0.193233 0.200054 0.207060 0.214254 0.221638
0.029428 0.030937 0.032365 0.033804 0.035311 0.036910 0.038609 0.040411 0.042316 0.044321 0.046424 0.048625 0.050924 0.053319 0.055810 0.058399 0.061087 0.063873 0.066761 0.069750 0.072844 0.076045 0.079353 0.082773 0.086306 0.089954 0.093721 0.097610 0.101622 0.105762 0.110032 0.114434 0.118973 0.123652 0.128473 0.133439 0.138555 0.143823 0.149246 0.154828 0.160573 0.166482 0.172561 0.178811 0.185236 0.191839 0.198624 0.205593 0.212750 0.220098
0.029861 0.031016 0.032187 0.033492 0.034932 0.036498 0.038179 0.039969 0.041862 0.043855 0.045946 0.048133 0.050416 0.052794 0.055267 0.057837 0.060503 0.063268 0.066132 0.069098 0.072166 0.075341 0.078622 0.082014 0.085518 0.089137 0.092874 0.096732 0.100713 0.104821 0.109058 0.113427 0.117933 0.122577 0.127363 0.132295 0.137375 0.142608 0.147995 0.153541 0.159249 0.165122 0.171163 0.177376 0.183763 0.190329 0.197076 0.204008 0.211127 0.218436
0.030858 0.030958 0.031836 0.033048 0.034456 0.036008 0.037680 0.039461 0.041345 0.043327 0.045405 0.047578 0.049844 0.052203 0.054657 0.057205 0.059849 0.062589 0.065428 0.068368 0.071409 0.074556 0.077808 0.081170 0.084644 0.088232 0.091937 0.095762 0.099710 0.103784 0.107987 0.112322 0.116793 0.121402 0.126152 0.131048 0.136092 0.141288 0.146638 0.152147 0.157818 0.163653 0.169657 0.175832 0.182182 0.188710 0.195419 0.202312 0.209393 0.216665
0.027829 0.029568 0.030977 0.032382 0.033865 0.035444 0.037124 0.038902 0.040776 0.042745 0.044807 0.046962 0.049208 0.051546 0.053977 0.056500 0.059119 0.061833 0.064645 0.067556 0.070568 0.073684 0.076907 0.080237 0.083679 0.087235 0.090907 0.094699 0.098613 0.102653 0.106821 0.111121 0.115556 0.120130 0.124844 0.129704 0.134712 0.139871 0.145185 0.150657 0.156290 0.162088 0.168055 0.174193 0.180506 0.186996 0.193668 0.200525 0.207569 0.214803
0.027797 0.029071 0.030419 0.031829 0.033316 0.034891 0.036559 0.038321 0.040176 0.042124 0.044163 0.046294 0.048515 0.050827 0.053231 0.055727 0.058317 0.061002 0.063784 0.066665 0.069647 0.072732 0.075923 0.079221 0.082630 0.086153 0.089792 0.093550 0.097431 0.101436 0.105570 0.109836 0.114236 0.118775 0.123454 0.128279 0.133251 0.138375 0.143653 0.149090 0.154688 0.160451 0.166382 0.172484 0.178761 0.185217 0.191853 0.198674 0.205683 0.212882
0.028412 0.029111 0.030184 0.031452 0.032857 0.034378 0.036006 0.037733 0.039557 0.041475 0.043484 0.045585 0.047776 0.050058 0.052432 0.054898 0.057457 0.060111 0.062862 0.065712 0.068662 0.071715 0.074873 0.078140 0.081517 0.085007 0.088613 0.092339 0.096186 0.100159 0.104260 0.108492 0.112859 0.117365 0.122011 0.126802 0.131741 0.136832 0.142077 0.147480 0.153045 0.158774 0.164672 0.170742 0.176986 0.183409 0.190013 0.196801 0.203778 0.210945
0.027529 0.028716 0.029819 0.031035 0.032384 0.033858 0.035444 0.037134 0.038922 0.040806 0.042782 0.044850 0.047009 0.049259 0.051601 0.054035 0.056562 0.059184 0.061904 0.064722 0.067640 0.070662 0.073789 0.077024 0.080370 0.083829 0.087404 0.091099 0.094915 0.098857 0.102927 0.107129 0.111465 0.115940 0.120556 0.125316 0.130225 0.135285 0.140500 0.145873 0.151407 0.157107 0.162975 0.169015 0.175230 0.181623 0.188198 0.194957 0.201905 0.209043
0.027798 0.028300 0.029296 0.030501 0.031843 0.033299 0.034860 0.036522 0.038280 0.040132 0.042076 0.044111 0.046238 0.048456 0.050766 0.053168 0.055665 0.058256 0.060945 0.063733 0.066621 0.069613 0.072711 0.075917 0.079234 0.082664 0.086211 0.089877 0.093665 0.097579 0.101621 0.105795 0.110104 0.114552 0.119140 0.123874 0.128755 0.133789 0.138977 0.144324 0.149832 0.155506 0.161348 0.167362 0.173551 0.179919 0.186468 0.193202 0.200125 0.207239
0.025895 0.027354 0.028632 0.029925 0.031290 0.032742 0.034287 0.035925 0.037656 0.039479 0.041394 0.043400 0.045497 0.047685 0.049966 0.052339 0.054807 0.057370 0.060031 0.062792 0.065653 0.068619 0.071690 0.074870 0.078161 0.081566 0.085088 0.088729 0.092493 0.096382 0.100401 0.104551 0.108836 0.113260 0.117825 0.122536 0.127395 0.132405 0.137571 0.142896 0.148382 0.154034 0.159854 0.165846 0.172014 0.178360 0.184889 0.191602 0.198504 0.205597
0.025941 0.027094 0.028267 0.029507 0.030836 0.032258 0.033775 0.035387 0.037091 0.038888 0.040777 0.042757 0.044828 0.046990 0.049246 0.051594 0.054037 0.056577 0.059214 0.061951 0.064789 0.067732 0.070781 0.073940 0.077209 0.080593 0.084094 0.087715 0.091458 0.095328 0.099326 0.103457 0.107723 0.112128 0.116674 0.121366 0.126207 0.131199 0.136347 0.141653 0.147122 0.152756 0.158559 0.164534 0.170685 0.177014 0.183526 0.190223 0.197108 0.204185
0.026735 0.027217 0.028117 0.029232 0.030492 0.031872 0.033358 0.034943 0.036624 0.038399 0.040265 0.042224 0.044275 0.046417 0.048652 0.050981 0.053405 0.055925 0.058544 0.061262 0.064083 0.067008 0.070040 0.073182 0.076435 0.079802 0.083287 0.086892 0.090620 0.094474 0.098458 0.102574 0.106825 0.111216 0.115748 0.120426 0.125252 0.130231 0.135365 0.140658 0.146114 0.151734 0.157524 0.163487 0.169625 0.175942 0.182441 0.189125 0.195999 0.203063
0.025793 0.026791 0.027815 0.028954 0.030210 0.031578 0.033050 0.034620 0.036286 0.038046 0.039898 0.041843 0.043879 0.046007 0.048228 0.050544 0.052954 0.055462 0.058067 0.060774 0.063582 0.066496 0.069516 0.072645 0.075887 0.079244 0.082718 0.086312 0.090030 0.093874 0.097847 0.101953 0.106195 0.110575 0.115098 0.119766 0.124584 0.129553 0.134679 0.139963 0.145409 0.151021 0.156803 0.162757 0.168886 0.175195 0.181686 0.188362 0.195228 0.202285
0.025400 0.026427 0.027545 0.028743 0.030029 0.031407 0.032880 0.034447 0.036108 0.037861 0.039706 0.041643 0.043672 0.045793 0.048008 0.050316 0.052720 0.055221 0.057820 0.060520 0.063322 0.066229 0.069244 0.072368 0.075604 0.078955 0.082423 0.086012 0.089724 0.093563 0.097531 0.101632 0.105869 0.110245 0.114763 0.119427 0.124239 0.129204 0.134325 0.139605 0.145047 0.150655 0.156432 0.162382 0.168507 0.174812 0.181299 0.187971 0.194832 0.201885
