0.078934 0.081526 0.083283 0.084610 0.085686 0.086599 0.087399 0.088112 0.088758 0.089348 0.089891 0.090394 0.090861 0.091296 0.091703 0.092083 0.092440 0.092774 0.093089 0.093384 0.093661 0.093922 0.094167 0.094397 0.094614 0.094817 0.095008 0.095187 0.095354 0.095511 0.095658 0.095795 0.095922 0.096041 0.096151 0.096253 0.096347 0.096434 0.096513 0.096585 0.096651 0.096710 0.096763 0.096811 0.096852 0.096888 0.096918 0.096943 0.096964 0.096979
0.087506 0.087197 0.087533 0.088076 0.088668 0.089254 0.089814 0.090343 0.090841 0.091308 0.091746 0.092157 0.092543 0.092906 0.093247 0.093567 0.093869 0.094153 0.094420 0.094671 0.094907 0.095129 0.095338 0.095534 0.095719 0.095891 0.096053 0.096204 0.096346 0.096478 0.096600 0.096714 0.096820 0.096918 0.097008 0.097091 0.097167 0.097236 0.097298 0.097354 0.097404 0.097448 0.097487 0.097520 0.097547 0.097570 0.097588 0.097601 0.097609 0.097613
0.094352 0.093736 0.093524 0.093536 0.093677 0.093890 0.094141 0.094409 0.094683 0.094955 0.095221 0.095478 0.095725 0.095962 0.096187 0.096401 0.096603 0.096795 0.096976 0.097147 0.097307 0.097458 0.097600 0.097732 0.097856 0.097972 0.098079 0.098178 0.098270 0.098355 0.098433 0.098504 0.098569 0.098627 0.098679 0.098725 0.098766 0.098801 0.098831 0.098856 0.098876 0.098891 0.098901 0.098907 0.098909 0.098906 0.098899 0.098889 0.098874 0.098856
0.099465 0.099927 0.099891 0.099790 0.099718 0.099688 0.099696 0.099731 0.099786 0.099854 0.099931 0.100012 0.100096 0.100180 0.100262 0.100343 0.100420 0.100494 0.100564 0.100630 0.100692 0.100749 0.100801 0.100849 0.100892 0.100930 0.100964 0.100994 0.101019 0.101040 0.101056 0.101068 0.101076 0.101080 0.101080 0.101076 0.101069 0.101057 0.101042 0.101024 0.101002 0.100976 0.100947 0.100915 0.100880 0.100842 0.100801 0.100757 0.100710 0.100660
0.107858 0.106916 0.106613 0.106415 0.106234 0.106065 0.105911 0.105772 0.105650 0.105542 0.105446 0.105361 0.105284 0.105215 0.105152 0.105093 0.105038 0.104986 0.104935 0.104886 0.104838 0.104791 0.104743 0.104695 0.104647 0.104597 0.104547 0.104496 0.104444 0.104390 0.104335 0.104278 0.104219 0.104159 0.104098 0.104034 0.103969 0.103902 0.103833 0.103763 0.103690 0.103616 0.103540 0.103462 0.103383 0.103302 0.103219 0.103134 0.103047 0.102959
0.112471 0.113424 0.113419 0.113209 0.112948 0.112673 0.112396 0.112124 0.111862 0.111611 0.111372 0.111144 0.110928 0.110722 0.110526 0.110339 0.110159 0.109986 0.109820 0.109659 0.109503 0.109352 0.109204 0.109059 0.108918 0.108779 0.108642 0.108507 0.108374 0.108242 0.108112 0.107982 0.107853 0.107725 0.107597 0.107470 0.107343 0.107215 0.107088 0.106961 0.106834 0.106706 0.106579 0.106450 0.106322 0.106193 0.106064 0.105934 0.105803 0.105672
0.123028 0.121183 0.120508 0.120060 0.119654 0.119257 0.118864 0.118479 0.118103 0.117737 0.117384 0.117042 0.116713 0.116395 0.116088 0.115792 0.115506 0.115229 0.114961 0.114701 0.114448 0.114203 0.113963 0.113730 0.113502 0.113279 0.113060 0.112846 0.112635 0.112428 0.112224 0.112024 0.111826 0.111630 0.111437 0.111246 0.111056 0.110869 0.110683 0.110499 0.110315 0.110134 0.109953 0.109773 0.109594 0.109416 0.109238 0.109062 0.108885 0.108710
0.126131 0.127262 0.127055 0.126583 0.126069 0.125561 0.125066 0.124586 0.124121 0.123669 0.123230 0.122803 0.122389 0.121987 0.121596 0.121216 0.120846 0.120487 0.120137 0.119796 0.119463 0.119139 0.118823 0.118513 0.118211 0.117914 0.117624 0.117339 0.117060 0.116785 0.116516 0.116250 0.115989 0.115731 0.115477 0.115227 0.114979 0.114735 0.114493 0.114254 0.114017 0.113783 0.113551 0.113321 0.113093 0.112867 0.112642 0.112419 0.112198 0.111978
0.136847 0.134391 0.133325 0.132584 0.131944 0.131353 0.130792 0.130252 0.129731 0.129223 0.128729 0.128247 0.127777 0.127317 0.126868 0.126430 0.126001 0.125582 0.125172 0.124771 0.124379 0.123994 0.123618 0.123249 0.122887 0.122531 0.122183 0.121840 0.121503 0.121172 0.120846 0.120526 0.120210 0.119898 0.119591 0.119288 0.118989 0.118694 0.118402 0.118114 0.117829 0.117547 0.117268 0.116992 0.116718 0.116447 0.116179 0.115913 0.115649 0.115387
0.138110 0.138756 0.138296 0.137681 0.137073 0.136487 0.135920 0.135367 0.134826 0.134296 0.133776 0.133266 0.132765 0.132273 0.131791 0.131317 0.130852 0.130395 0.129946 0.129505 0.129071 0.128645 0.128226 0.127814 0.127409 0.127009 0.126616 0.126230 0.125848 0.125473 0.125102 0.124737 0.124377 0.124021 0.123670 0.123323 0.122981 0.122643 0.122308 0.121978 0.121651 0.121327 0.121007 0.120691 0.120377 0.120066 0.119758 0.119454 0.119151 0.118852
0.145390 0.143394 0.142601 0.142044 0.141519 0.140990 0.140455 0.139918 0.139384 0.138854 0.138331 0.137814 0.137304 0.136801 0.136305 0.135815 0.135332 0.134856 0.134386 0.133922 0.133465 0.133013 0.132567 0.132127 0.131692 0.131263 0.130839 0.130421 0.130007 0.129599 0.129195 0.128797 0.128402 0.128013 0.127627 0.127246 0.126869 0.126496 0.126127 0.125762 0.125401 0.125043 0.124688 0.124337 0.123990 0.123645 0.123304 0.122966 0.122630 0.122298
0.144963 0.146153 0.146223 0.145926 0.145488 0.144994 0.144479 0.143958 0.143437 0.142919 0.142406 0.141897 0.141393 0.140893 0.140399 0.139908 0.139422 0.138940 0.138462 0.137989 0.137520 0.137056 0.136595 0.136139 0.135688 0.135240 0.134797 0.134358 0.133923 0.133492 0.133065 0.132643 0.132224 0.131810 0.131399 0.130992 0.130589 0.130189 0.129794 0.129401 0.129013 0.128628 0.128246 0.127867 0.127492 0.127120 0.126751 0.126385 0.126022 0.125662
0.151204 0.150795 0.150267 0.149695 0.149130 0.148585 0.148058 0.147544 0.147040 0.146541 0.146047 0.145556 0.145067 0.144580 0.144095 0.143612 0.143132 0.142653 0.142176 0.141702 0.141231 0.140762 0.140295 0.139832 0.139372 0.138914 0.138460 0.138009 0.137561 0.137116 0.136674 0.136236 0.135801 0.135369 0.134941 0.134516 0.134094 0.133675 0.133259 0.132847 0.132438 0.132032 0.131629 0.131229 0.130832 0.130439 0.130048 0.129660 0.129275 0.128892
0.157395 0.155134 0.153787 0.152912 0.152261 0.151712 0.151211 0.150730 0.150258 0.149789 0.149320 0.148851 0.148380 0.147909 0.147437 0.146964 0.146492 0.146019 0.145547 0.145076 0.144606 0.144138 0.143671 0.143205 0.142741 0.142279 0.141820 0.141362 0.140907 0.140454 0.140003 0.139555 0.139110 0.138667 0.138227 0.137789 0.137354 0.136922 0.136493 0.136066 0.135643 0.135221 0.134803 0.134387 0.133974 0.133564 0.133156 0.132752 0.132349 0.131950
0.157331 0.156108 0.155581 0.155192 0.154819 0.154433 0.154031 0.153614 0.153185 0.152746 0.152300 0.151848 0.151391 0.150931 0.150469 0.150004 0.149538 0.149071 0.148603 0.148135 0.147668 0.147200 0.146734 0.146268 0.145803 0.145340 0.144878 0.144417 0.143958 0.143501 0.143045 0.142592 0.142140 0.141690 0.141243 0.140798 0.140354 0.139913 0.139475 0.139038 0.138604 0.138173 0.137743 0.137316 0.136892 0.136469 0.136050 0.135632 0.135217 0.134804
0.153062 0.156231 0.157227 0.157443 0.157333 0.157069 0.156725 0.156337 0.155923 0.155492 0.155050 0.154601 0.154147 0.153688 0.153227 0.152764 0.152300 0.151834 0.151368 0.150901 0.150434 0.149968 0.149501 0.149036 0.148571 0.148106 0.147643 0.147181 0.146720 0.146260 0.145802 0.145345 0.144890 0.144437 0.143985 0.143534 0.143086 0.142639 0.142195 0.141752 0.141311 0.140872 0.140435 0.140000 0.139568 0.139137 0.138708 0.138281 0.137857 0.137434
0.162798 0.161458 0.160983 0.160622 0.160244 0.159836 0.159406 0.158962 0.158510 0.158053 0.157592 0.157128 0.156663 0.156197 0.155730 0.155262 0.154794 0.154326 0.153857 0.153389 0.152921 0.152454 0.151986 0.151520 0.151054 0.150589 0.150125 0.149662 0.149200 0.148739 0.148279 0.147820 0.147363 0.146907 0.146452 0.145999 0.145547 0.145097 0.144649 0.144202 0.143756 0.143312 0.142870 0.142430 0.141991 0.141554 0.141119 0.140686 0.140254 0.139824
0.167354 0.165949 0.164734 0.163819 0.163094 0.162476 0.161916 0.161389 0.160881 0.160384 0.159895 0.159411 0.158930 0.158451 0.157974 0.157499 0.157024 0.156551 0.156078 0.155607 0.155136 0.154667 0.154198 0.153730 0.153263 0.152797 0.152332 0.151868 0.151404 0.150942 0.150481 0.150021 0.149562 0.149105 0.148648 0.148193 0.147739 0.147286 0.146835 0.146385 0.145936 0.145489 0.145043 0.144599 0.144156 0.143714 0.143274 0.142836 0.142399 0.141963
0.169814 0.167949 0.166820 0.165957 0.165234 0.164595 0.164010 0.163459 0.162929 0.162415 0.161910 0.161413 0.160920 0.160432 0.159948 0.159465 0.158986 0.158508 0.158031 0.157557 0.157084 0.156612 0.156141 0.155671 0.155203 0.154736 0.154269 0.153804 0.153340 0.152876 0.152414 0.151953 0.151493 0.151033 0.150575 0.150118 0.149662 0.149207 0.148754 0.148301 0.147849 0.147399 0.146950 0.146502 0.146056 0.145610 0.145166 0.144723 0.144282 0.143841
0.166631 0.167539 0.167461 0.167098 0.166638 0.166142 0.165634 0.165123 0.164615 0.164110 0.163608 0.163111 0.162617 0.162127 0.161640 0.161155 0.160673 0.160193 0.159714 0.159238 0.158763 0.158290 0.157818 0.157347 0.156877 0.156408 0.155941 0.155474 0.155009 0.154544 0.154080 0.153617 0.153155 0.152694 0.152234 0.151775 0.151316 0.150859 0.150403 0.149947 0.149492 0.149039 0.148586 0.148135 0.147684 0.147235 0.146786 0.146339 0.145893 0.145448
0.169338 0.168584 0.168370 0.168122 0.167783 0.167377 0.166929 0.166459 0.165977 0.165489 0.164999 0.164510 0.164021 0.163534 0.163049 0.162566 0.162085 0.161606 0.161128 0.160651 0.160176 0.159702 0.159230 0.158758 0.158287 0.157817 0.157348 0.156880 0.156412 0.155946 0.155480 0.155014 0.154550 0.154086 0.153623 0.153160 0.152699 0.152238 0.151778 0.151318 0.150860 0.150402 0.149945 0.149489 0.149034 0.148579 0.148126 0.147674 0.147222 0.146772
0.168993 0.169861 0.169719 0.169357 0.168934 0.168485 0.168021 0.167549 0.167071 0.166590 0.166109 0.165627 0.165145 0.164665 0.164185 0.163706 0.163228 0.162751 0.162275 0.161800 0.161325 0.160851 0.160378 0.159905 0.159433 0.158961 0.158489 0.158018 0.157548 0.157078 0.156609 0.156139 0.155671 0.155203 0.154735 0.154268 0.153801 0.153335 0.152870 0.152405 0.151941 0.151478 0.151015 0.150553 0.150092 0.149631 0.149172 0.148713 0.148255 0.147798
0.174812 0.172364 0.171265 0.170536 0.169939 0.169400 0.168891 0.168398 0.167914 0.167434 0.166957 0.166482 0.166007 0.165532 0.165058 0.164584 0.164109 0.163635 0.163160 0.162686 0.162211 0.161736 0.161261 0.160785 0.160310 0.159835 0.159359 0.158884 0.158409 0.157933 0.157458 0.156983 0.156509 0.156034 0.155560 0.155086 0.154613 0.154139 0.153667 0.153195 0.152723 0.152252 0.151782 0.151312 0.150843 0.150374 0.149907 0.149440 0.148974 0.148509
0.171712 0.172147 0.171659 0.171062 0.170494 0.169965 0.169462 0.168976 0.168499 0.168027 0.167558 0.167090 0.166621 0.166151 0.165681 0.165209 0.164736 0.164261 0.163786 0.163309 0.162831 0.162352 0.161872 0.161392 0.160911 0.160429 0.159947 0.159464 0.158981 0.158497 0.158014 0.157530 0.157046 0.156563 0.156079 0.155596 0.155113 0.154630 0.154148 0.153666 0.153185 0.152704 0.152224 0.151744 0.151265 0.150787 0.150309 0.149833 0.149357 0.148882
0.173693 0.172161 0.171530 0.171069 0.170631 0.170190 0.169745 0.169295 0.168842 0.168385 0.167926 0.167463 0.166997 0.166529 0.166057 0.165582 0.165105 0.164626 0.164144 0.163660 0.163174 0.162687 0.162198 0.161707 0.161216 0.160724 0.160230 0.159736 0.159241 0.158746 0.158251 0.157755 0.157259 0.156763 0.156268 0.155772 0.155277 0.154782 0.154287 0.153793 0.153299 0.152807 0.152314 0.151823 0.151332 0.150843 0.150354 0.149866 0.149379 0.148893
0.170058 0.170999 0.171099 0.170917 0.170613 0.170247 0.169846 0.169422 0.168982 0.168532 0.168073 0.167607 0.167135 0.166657 0.166176 0.165690 0.165201 0.164708 0.164213 0.163715 0.163215 0.162712 0.162208 0.161702 0.161195 0.160687 0.160178 0.159668 0.159158 0.158647 0.158135 0.157624 0.157113 0.156601 0.156090 0.155580 0.155069 0.154560 0.154051 0.153542 0.153035 0.152528 0.152022 0.151517 0.151013 0.150511 0.150009 0.149509 0.149009 0.148511
0.171844 0.171649 0.171380 0.171046 0.170670 0.170265 0.169838 0.169393 0.168935 0.168465 0.167986 0.167499 0.167006 0.166507 0.166003 0.165495 0.164984 0.164469 0.163951 0.163431 0.162908 0.162384 0.161858 0.161331 0.160803 0.160274 0.159744 0.159214 0.158684 0.158153 0.157623 0.157093 0.156563 0.156034 0.155505 0.154977 0.154450 0.153924 0.153399 0.152874 0.152351 0.151830 0.151309 0.150790 0.150273 0.149756 0.149242 0.148728 0.148217 0.147707
0.174064 0.172639 0.171806 0.171193 0.170661 0.170155 0.169654 0.169150 0.168640 0.168125 0.167604 0.167078 0.166547 0.166012 0.165474 0.164932 0.164388 0.163842 0.163293 0.162743 0.162192 0.161639 0.161086 0.160532 0.159978 0.159424 0.158870 0.158317 0.157763 0.157211 0.156659 0.156108 0.155558 0.155009 0.154462 0.153916 0.153371 0.152828 0.152286 0.151746 0.151208 0.150671 0.150136 0.149603 0.149072 0.148543 0.148016 0.147491 0.146968 0.146446
0.172300 0.171957 0.171420 0.170848 0.170271 0.169693 0.169117 0.168541 0.167965 0.167389 0.166812 0.166233 0.165653 0.165072 0.164490 0.163906 0.163322 0.162737 0.162152 0.161567 0.160982 0.160397 0.159813 0.159229 0.158647 0.158066 0.157486 0.156907 0.156330 0.155755 0.155181 0.154609 0.154040 0.153472 0.152906 0.152343 0.151781 0.151222 0.150665 0.150111 0.149559 0.149009 0.148461 0.147917 0.147374 0.146834 0.146297 0.145762 0.145229 0.144699
0.171247 0.170934 0.170512 0.169949 0.169322 0.168675 0.168026 0.167379 0.166736 0.166096 0.165459 0.164824 0.164191 0.163559 0.162928 0.162299 0.161672 0.161046 0.160423 0.159801 0.159181 0.158564 0.157949 0.157336 0.156726 0.156119 0.155514 0.154913 0.154314 0.153718 0.153125 0.152535 0.151948 0.151364 0.150783 0.150205 0.149630 0.149058 0.148490 0.147924 0.147362 0.146802 0.146246 0.145693 0.145143 0.144596 0.144052 0.143510 0.142972 0.142437
0.169903 0.169941 0.169197 0.168400 0.167637 0.166901 0.166182 0.165473 0.164771 0.164075 0.163383 0.162695 0.162011 0.161332 0.160656 0.159984 0.159317 0.158654 0.157995 0.157340 0.156690 0.156044 0.155403 0.154766 0.154133 0.153505 0.152881 0.152261 0.151646 0.151034 0.150427 0.149825 0.149226 0.148631 0.148041 0.147454 0.146872 0.146293 0.145718 0.145147 0.144580 0.144017 0.143457 0.142901 0.142348 0.141799 0.141254 0.140712 0.140174 0.139639
0.172383 0.168293 0.166721 0.165749 0.164933 0.164161 0.163403 0.162652 0.161906 0.161164 0.160428 0.159697 0.158972 0.158254 0.157542 0.156837 0.156139 0.155448 0.154763 0.154086 0.153415 0.152750 0.152092 0.151439 0.150793 0.150153 0.149519 0.148891 0.148268 0.147650 0.147038 0.146431 0.145829 0.145232 0.144641 0.144053 0.143471 0.142893 0.142320 0.141751 0.141187 0.140627 0.140071 0.139519 0.138971 0.138427 0.137888 0.137352 0.136819 0.136291
0.158313 0.161893 0.162235 0.161773 0.161091 0.160340 0.159565 0.158784 0.158004 0.157228 0.156460 0.155700 0.154949 0.154207 0.153476 0.152754 0.152041 0.151338 0.150644 0.149958 0.149281 0.148613 0.147952 0.147299 0.146653 0.146015 0.145383 0.144759 0.144141 0.143529 0.142923 0.142323 0.141730 0.141141 0.140559 0.139981 0.139409 0.138842 0.138280 0.137723 0.137170 0.136622 0.136079 0.135540 0.135005 0.134475 0.133948 0.133426 0.132908 0.132393
0.163034 0.159306 0.157951 0.157051 0.156221 0.155398 0.154575 0.153758 0.152951 0.152157 0.151375 0.150607 0.149853 0.149112 0.148384 0.147667 0.146963 0.146269 0.145587 0.144914 0.144251 0.143598 0.142953 0.142317 0.141689 0.141068 0.140456 0.139850 0.139252 0.138660 0.138075 0.137496 0.136923 0.136356 0.135794 0.135238 0.134688 0.134143 0.133602 0.133067 0.132537 0.132011 0.131490 0.130973 0.130460 0.129952 0.129448 0.128948 0.128452 0.127960
0.152047 0.152659 0.151923 0.150989 0.150058 0.149161 0.148299 0.147466 0.146660 0.145878 0.145117 0.144375 0.143650 0.142941 0.142246 0.141564 0.140895 0.140238 0.139592 0.138956 0.138330 0.137713 0.137105 0.136506 0.135914 0.135330 0.134754 0.134184 0.133621 0.133065 0.132515 0.131971 0.131433 0.130900 0.130373 0.129851 0.129334 0.128823 0.128316 0.127813 0.127315 0.126822 0.126333 0.125848 0.125367 0.124890 0.124417 0.123948 0.123483 0.123021
0.147660 0.145644 0.144369 0.143300 0.142340 0.141458 0.140636 0.139858 0.139115 0.138400 0.137708 0.137036 0.136380 0.135740 0.135113 0.134498 0.133894 0.133301 0.132717 0.132142 0.131576 0.131018 0.130467 0.129924 0.129388 0.128858 0.128335 0.127818 0.127306 0.126800 0.126300 0.125805 0.125315 0.124830 0.124349 0.123873 0.123402 0.122935 0.122472 0.122013 0.121558 0.121107 0.120659 0.120216 0.119775 0.119338 0.118905 0.118475 0.118048 0.117624
0.136667 0.135673 0.134658 0.133789 0.133024 0.132324 0.131668 0.131042 0.130439 0.129853 0.129283 0.128725 0.128178 0.127642 0.127114 0.126594 0.126081 0.125576 0.125078 0.124586 0.124100 0.123619 0.123144 0.122675 0.122210 0.121750 0.121295 0.120845 0.120399 0.119957 0.119519 0.119085 0.118655 0.118228 0.117805 0.117386 0.116970 0.116557 0.116148 0.115742 0.115338 0.114938 0.114541 0.114146 0.113754 0.113365 0.112979 0.112595 0.112213 0.111834
0.124538 0.123659 0.123254 0.122904 0.122537 0.122149 0.121747 0.121337 0.120923 0.120507 0.120092 0.119678 0.119266 0.118856 0.118448 0.118043 0.117641 0.117241 0.116844 0.116450 0.116058 0.115670 0.115284 0.114900 0.114520 0.114142 0.113766 0.113393 0.113023 0.112654 0.112289 0.111925 0.111564 0.111205 0.110848 0.110494 0.110141 0.109791 0.109442 0.109096 0.108751 0.108409 0.108068 0.107729 0.107392 0.107056 0.106722 0.106390 0.106060 0.105731
0.109256 0.110972 0.111560 0.111722 0.111697 0.111577 0.111403 0.111195 0.110965 0.110719 0.110461 0.110195 0.109923 0.109646 0.109366 0.109082 0.108797 0.108510 0.108222 0.107933 0.107643 0.107353 0.107063 0.106773 0.106483 0.106193 0.105904 0.105615 0.105326 0.105038 0.104750 0.104463 0.104176 0.103890 0.103605 0.103320 0.103036 0.102752 0.102470 0.102188 0.101906 0.101626 0.101346 0.101067 0.100788 0.100510 0.100233 0.099957 0.099681 0.099406
0.101391 0.101194 0.101174 0.101187 0.101188 0.101165 0.101117 0.101046 0.100954 0.100846 0.100723 0.100589 0.100444 0.100291 0.100131 0.099964 0.099792 0.099615 0.099434 0.099250 0.099062 0.098871 0.098677 0.098481 0.098283 0.098082 0.097880 0.097676 0.097471 0.097264 0.097056 0.096847 0.096637 0.096426 0.096213 0.096000 0.095786 0.095572 0.095357 0.095141 0.094924 0.094707 0.094490 0.094272 0.094054 0.093836 0.093617 0.093398 0.093179 0.092959
0.093043 0.091729 0.091291 0.091161 0.091140 0.091153 0.091172 0.091184 0.091188 0.091180 0.091162 0.091134 0.091096 0.091049 0.090994 0.090931 0.090861 0.090785 0.090703 0.090615 0.090522 0.090424 0.090322 0.090215 0.090104 0.089989 0.089871 0.089749 0.089625 0.089497 0.089366 0.089232 0.089096 0.088958 0.088817 0.088674 0.088529 0.088382 0.088233 0.088082 0.087930 0.087776 0.087620 0.087463 0.087304 0.087144 0.086983 0.086820 0.086657 0.086492
0.079833 0.080891 0.081264 0.081430 0.081536 0.081626 0.081710 0.081789 0.081864 0.081934 0.081996 0.082051 0.082099 0.082139 0.082172 0.082197 0.082215 0.082225 0.082229 0.082226 0.082217 0.082202 0.082181 0.082155 0.082123 0.082086 0.082044 0.081997 0.081946 0.081891 0.081831 0.081768 0.081701 0.081630 0.081556 0.081478 0.081397 0.081313 0.081227 0.081137 0.081045 0.080950 0.080852 0.080752 0.080650 0.080546 0.080439 0.080330 0.080220 0.080107
0.071318 0.071872 0.072185 0.072394 0.072559 0.072707 0.072850 0.072989 0.073126 0.073259 0.073388 0.073511 0.073628 0.073739 0.073843 0.073940 0.074029 0.074111 0.074187 0.074255 0.074316 0.074370 0.074419 0.074460 0.074496 0.074526 0.074549 0.074568 0.074581 0.074589 0.074592 0.074590 0.074583 0.074572 0.074557 0.074538 0.074514 0.074487 0.074456 0.074421 0.074383 0.074341 0.074297 0.074249 0.074198 0.074144 0.074087 0.074027 0.073965 0.073901
0.065009 0.064181 0.064060 0.064154 0.064317 0.064504 0.064699 0.064895 0.065089 0.065280 0.065466 0.065646 0.065820 0.065987 0.066147 0.066300 0.066445 0.066584 0.066715 0.066839 0.066955 0.067065 0.067168 0.067264 0.067354 0.067438 0.067515 0.067586 0.067652 0.067712 0.067766 0.067816 0.067860 0.067899 0.067933 0.067962 0.067987 0.068008 0.068024 0.068037 0.068045 0.068049 0.068050 0.068047 0.068040 0.068030 0.068017 0.068000 0.067981 0.067958
0.055167 0.055974 0.056315 0.056579 0.056839 0.057101 0.057361 0.057616 0.057864 0.058105 0.058337 0.058562 0.058779 0.058988 0.059189 0.059383 0.059569 0.059748 0.059919 0.060083 0.060239 0.060389 0.060532 0.060669 0.060799 0.060922 0.061039 0.061151 0.061256 0.061356 0.061450 0.061538 0.061622 0.061700 0.061773 0.061841 0.061904 0.061963 0.062018 0.062068 0.062113 0.062155 0.062193 0.062226 0.062256 0.062283 0.062305 0.062324 0.062340 0.062353
0.049038 0.049164 0.049543 0.049934 0.050300 0.050641 0.050960 0.051262 0.051549 0.051823 0.052086 0.052339 0.052582 0.052816 0.053041 0.053259 0.053469 0.053672 0.053867 0.054055 0.054237 0.054412 0.054580 0.054742 0.054898 0.055047 0.055191 0.055329 0.055461 0.055588 0.055709 0.055825 0.055936 0.056042 0.056142 0.056238 0.056330 0.056417 0.056499 0.056577 0.056651 0.056721 0.056787 0.056848 0.056906 0.056960 0.057011 0.057058 0.057102 0.057142
0.042607 0.043429 0.044018 0.044493 0.044901 0.045266 0.045600 0.045912 0.046207 0.046488 0.046756 0.047015 0.047264 0.047504 0.047736 0.047961 0.048178 0.048389 0.048593 0.048790 0.048982 0.049167 0.049346 0.049520 0.049688 0.049850 0.050007 0.050159 0.050306 0.050447 0.050584 0.050716 0.050843 0.050965 0.051083 0.051196 0.051305 0.051410 0.051511 0.051607 0.051700 0.051788 0.051873 0.051954 0.052032 0.052106 0.052176 0.052243 0.052306 0.052367
0.038941 0.039602 0.040025 0.040377 0.040698 0.041001 0.041290 0.041566 0.041833 0.042091 0.042340 0.042582 0.042817 0.043045 0.043266 0.043482 0.043691 0.043895 0.044093 0.044286 0.044474 0.044657 0.044834 0.045007 0.045175 0.045338 0.045497 0.045651 0.045801 0.045946 0.046087 0.046224 0.046357 0.046486 0.046611 0.046732 0.046849 0.046962 0.047072 0.047178 0.047280 0.047379 0.047475 0.047567 0.047656 0.047741 0.047823 0.047903 0.047979 0.048052
0.037770 0.037213 0.037186 0.037313 0.037495 0.037698 0.037912 0.038129 0.038346 0.038562 0.038774 0.038983 0.039189 0.039390 0.039587 0.039780 0.039969 0.040154 0.040335 0.040512 0.040684 0.040853 0.041019 0.041180 0.041338 0.041492 0.041642 0.041789 0.041932 0.042072 0.042209 0.042342 0.042472 0.042598 0.042721 0.042841 0.042958 0.043072 0.043182 0.043290 0.043394 0.043496 0.043594 0.043690 0.043783 0.043873 0.043960 0.044045 0.044126 0.044205
0.033997 0.034588 0.034754 0.034865 0.034990 0.035132 0.035288 0.035451 0.035618 0.035787 0.035957 0.036126 0.036293 0.036460 0.036624 0.036785 0.036945 0.037102 0.037257 0.037409 0.037559 0.037706 0.037851 0.037993 0.038133 0.038270 0.038404 0.038536 0.038666 0.038793 0.038917 0.039039 0.039159 0.039276 0.039390 0.039502 0.039612 0.039719 0.039824 0.039926 0.040026 0.040124 0.040219 0.040312 0.040403 0.040491 0.040577 0.040661 0.040742 0.040822
0.033246 0.032810 0.032810 0.032905 0.033022 0.033143 0.033266 0.033391 0.033517 0.033644 0.033771 0.033899 0.034027 0.034154 0.034281 0.034407 0.034533 0.034658 0.034782 0.034904 0.035026 0.035146 0.035265 0.035383 0.035499 0.035614 0.035728 0.035840 0.035950 0.036059 0.036166 0.036272 0.036376 0.036478 0.036579 0.036678 0.036775 0.036871 0.036965 0.037057 0.037147 0.037236 0.037323 0.037408 0.037491 0.037573 0.037653 0.037731 0.037808 0.037882
0.030324 0.030945 0.031235 0.031413 0.031545 0.031653 0.031750 0.031841 0.031929 0.032016 0.032103 0.032191 0.032279 0.032368 0.032458 0.032548 0.032639 0.032730 0.032821 0.032912 0.033004 0.033095 0.033186 0.033277 0.033367 0.033457 0.033547 0.033636 0.033724 0.033812 0.033899 0.033985 0.034070 0.034154 0.034238 0.034320 0.034402 0.034482 0.034562 0.034640 0.034718 0.034794 0.034869 0.034942 0.035015 0.035087 0.035157 0.035226 0.035294 0.035360
0.029987 0.030234 0.030383 0.030478 0.030547 0.030604 0.030654 0.030701 0.030748 0.030795 0.030844 0.030893 0.030945 0.030998 0.031052 0.031108 0.031166 0.031225 0.031285 0.031346 0.031407 0.031470 0.031533 0.031597 0.031662 0.031726 0.031791 0.031857 0.031922 0.031987 0.032053 0.032118 0.032183 0.032248 0.032312 0.032377 0.032441 0.032504 0.032567 0.032630 0.032692 0.032753 0.032814 0.032874 0.032933 0.032992 0.033050 0.033108 0.033164 0.033220
0.030588 0.030175 0.029999 0.029921 0.029884 0.029867 0.029861 0.029862 0.029868 0.029878 0.029891 0.029907 0.029926 0.029948 0.029972 0.029998 0.030026 0.030056 0.030088 0.030121 0.030156 0.030192 0.030230 0.030269 0.030309 0.030350 0.030391 0.030434 0.030477 0.030520 0.030565 0.030609 0.030654 0.030700 0.030745 0.030791 0.030837 0.030883 0.030928 0.030974 0.031020 0.031066 0.031111 0.031157 0.031202 0.031247 0.031291 0.031335 0.031379 0.031423
0.029861 0.029650 0.029515 0.029414 0.029339 0.029283 0.029242 0.029210 0.029186 0.029168 0.029154 0.029144 0.029138 0.029134 0.029133 0.029135 0.029139 0.029145 0.029154 0.029164 0.029176 0.029190 0.029205 0.029222 0.029240 0.029260 0.029281 0.029303 0.029325 0.029349 0.029374 0.029399 0.029425 0.029452 0.029480 0.029508 0.029536 0.029565 0.029594 0.029624 0.029654 0.029684 0.029714 0.029744 0.029775 0.029806 0.029836 0.029867 0.029898 0.029928
0.028578 0.028907 0.028918 0.028867 0.028809 0.028755 0.028708 0.028666 0.028628 0.028594 0.028564 0.028537 0.028512 0.028491 0.028472 0.028456 0.028442 0.028430 0.028420 0.028412 0.028405 0.028401 0.028398 0.028397 0.028397 0.028399 0.028402 0.028406 0.028411 0.028418 0.028425 0.028434 0.028443 0.028453 0.028464 0.028476 0.028488 0.028502 0.028515 0.028530 0.028544 0.028560 0.028576 0.028592 0.028608 0.028625 0.028642 0.028660 0.028677 0.028695
0.029217 0.028562 0.028398 0.028346 0.028310 0.028274 0.028234 0.028193 0.028152 0.028112 0.028073 0.028036 0.028002 0.027969 0.027939 0.027910 0.027883 0.027858 0.027835 0.027814 0.027794 0.027776 0.027759 0.027743 0.027729 0.027716 0.027705 0.027694 0.027685 0.027677 0.027670 0.027664 0.027659 0.027655 0.027652 0.027650 0.027648 0.027647 0.027647 0.027648 0.027649 0.027651 0.027653 0.027656 0.027660 0.027664 0.027669 0.027673 0.027679 0.027685
0.027041 0.027649 0.027848 0.027899 0.027894 0.027865 0.027827 0.027785 0.027742 0.027699 0.027657 0.027616 0.027576 0.027537 0.027500 0.027464 0.027429 0.027396 0.027364 0.027333 0.027303 0.027275 0.027248 0.027222 0.027197 0.027173 0.027150 0.027128 0.027107 0.027087 0.027069 0.027051 0.027034 0.027018 0.027002 0.026988 0.026975 0.026962 0.026950 0.026938 0.026928 0.026918 0.026909 0.026900 0.026892 0.026885 0.026878 0.026872 0.026866 0.026861
0.027479 0.027727 0.027712 0.027653 0.027592 0.027537 0.027486 0.027438 0.027392 0.027347 0.027304 0.027261 0.027218 0.027177 0.027136 0.027096 0.027057 0.027018 0.026980 0.026943 0.026907 0.026871 0.026836 0.026802 0.026769 0.026737 0.026705 0.026674 0.026644 0.026615 0.026587 0.026560 0.026533 0.026507 0.026482 0.026458 0.026434 0.026412 0.026390 0.026368 0.026348 0.026328 0.026309 0.026290 0.026272 0.026255 0.026238 0.026222 0.026206 0.026191
0.029501 0.028090 0.027614 0.027416 0.027311 0.027242 0.027187 0.027138 0.027093 0.027049 0.027006 0.026964 0.026921 0.026878 0.026836 0.026793 0.026751 0.026709 0.026667 0.026625 0.026584 0.026543 0.026502 0.026462 0.026423 0.026384 0.026346 0.026308 0.026271 0.026235 0.026199 0.026164 0.026130 0.026096 0.026063 0.026031 0.026000 0.025969 0.025938 0.025909 0.025880 0.025852 0.025824 0.025797 0.025770 0.025745 0.025719 0.025695 0.025671 0.025647
0.025746 0.026755 0.026976 0.027007 0.026990 0.026959 0.026924 0.026887 0.026847 0.026807 0.026766 0.026723 0.026680 0.026636 0.026592 0.026547 0.026502 0.026456 0.026411 0.026366 0.026320 0.026275 0.026230 0.026186 0.026141 0.026097 0.026054 0.026011 0.025968 0.025926 0.025885 0.025844 0.025803 0.025763 0.025724 0.025685 0.025647 0.025610 0.025573 0.025536 0.025501 0.025465 0.025431 0.025397 0.025364 0.025331 0.025299 0.025267 0.025236 0.025205
0.026890 0.026655 0.026705 0.026752 0.026765 0.026756 0.026733 0.026701 0.026665 0.026625 0.026582 0.026538 0.026492 0.026445 0.026398 0.026350 0.026301 0.026252 0.026203 0.026154 0.026105 0.026056 0.026007 0.025958 0.025910 0.025861 0.025813 0.025766 0.025719 0.025672 0.025626 0.025580 0.025535 0.025490 0.025446 0.025402 0.025359 0.025316 0.025274 0.025232 0.025191 0.025150 0.025110 0.025071 0.025032 0.024993 0.024955 0.024918 0.024881 0.024844
0.026505 0.026734 0.026749 0.026730 0.026704 0.026671 0.026634 0.026592 0.026547 0.026500 0.026452 0.026401 0.026350 0.026298 0.026246 0.026193 0.026140 0.026086 0.026033 0.025980 0.025927 0.025874 0.025821 0.025768 0.025716 0.025664 0.025613 0.025561 0.025511 0.025460 0.025410 0.025361 0.025312 0.025263 0.025215 0.025167 0.025120 0.025073 0.025026 0.024981 0.024935 0.024890 0.024846 0.024802 0.024758 0.024715 0.024673 0.024631 0.024589 0.024548
0.027579 0.027125 0.026927 0.026812 0.026729 0.026660 0.026597 0.026537 0.026477 0.026418 0.026358 0.026299 0.026240 0.026181 0.026122 0.026064 0.026005 0.025947 0.025889 0.025832 0.025775 0.025718 0.025662 0.025606 0.025551 0.025496 0.025441 0.025387 0.025334 0.025280 0.025227 0.025175 0.025123 0.025071 0.025020 0.024969 0.024919 0.024869 0.024819 0.024770 0.024722 0.024673 0.024626 0.024578 0.024531 0.024485 0.024438 0.024393 0.024347 0.024302
0.027033 0.026996 0.026914 0.026822 0.026733 0.026649 0.026569 0.026493 0.026420 0.026348 0.026279 0.026210 0.026143 0.026077 0.026012 0.025948 0.025885 0.025823 0.025761 0.025700 0.025640 0.025580 0.025522 0.025463 0.025405 0.025348 0.025291 0.025235 0.025179 0.025124 0.025069 0.025014 0.024960 0.024906 0.024853 0.024800 0.024748 0.024695 0.024643 0.024592 0.024541 0.024490 0.024440 0.024390 0.024340 0.024291 0.024242 0.024193 0.024145 0.024097
0.026681 0.026858 0.026839 0.026769 0.026684 0.026597 0.026510 0.026426 0.026344 0.026264 0.026188 0.026113 0.026040 0.025970 0.025901 0.025833 0.025767 0.025702 0.025638 0.025576 0.025514 0.025453 0.025392 0.025332 0.025273 0.025215 0.025157 0.025099 0.025042 0.024985 0.024929 0.024873 0.024818 0.024763 0.024708 0.024653 0.024599 0.024545 0.024492 0.024438 0.024386 0.024333 0.024281 0.024229 0.024177 0.024126 0.024074 0.024024 0.023973 0.023923
0.027469 0.026972 0.026790 0.026678 0.026582 0.026490 0.026400 0.026313 0.026228 0.026147 0.026068 0.025993 0.025919 0.025848 0.025779 0.025711 0.025645 0.025580 0.025516 0.025453 0.025391 0.025330 0.025270 0.025210 0.025151 0.025092 0.025034 0.024976 0.024918 0.024861 0.024804 0.024747 0.024691 0.024635 0.024580 0.024524 0.024469 0.024414 0.024359 0.024305 0.024251 0.024197 0.024143 0.024089 0.024036 0.023983 0.023930 0.023878 0.023826 0.023774
0.026273 0.026595 0.026582 0.026501 0.026409 0.026318 0.026231 0.026147 0.026067 0.025991 0.025917 0.025846 0.025777 0.025710 0.025644 0.025580 0.025517 0.025455 0.025393 0.025333 0.025272 0.025213 0.025154 0.025095 0.025036 0.024978 0.024921 0.024863 0.024806 0.024748 0.024692 0.024635 0.024578 0.024522 0.024466 0.024410 0.024354 0.024298 0.024243 0.024187 0.024132 0.024077 0.024022 0.023968 0.023913 0.023859 0.023805 0.023751 0.023697 0.023644
0.027047 0.026555 0.026375 0.026261 0.026168 0.026085 0.026010 0.025939 0.025872 0.025808 0.025745 0.025684 0.025625 0.025565 0.025507 0.025448 0.025391 0.025333 0.025275 0.025218 0.025161 0.025104 0.025046 0.024989 0.024932 0.024875 0.024818 0.024761 0.024704 0.024648 0.024591 0.024534 0.024477 0.024421 0.024364 0.024308 0.024251 0.024195 0.024139 0.024083 0.024027 0.023971 0.023915 0.023859 0.023804 0.023749 0.023693 0.023638 0.023583 0.023529
0.025801 0.026039 0.026001 0.025933 0.025871 0.025817 0.025767 0.025720 0.025673 0.025626 0.025579 0.025531 0.025482 0.025432 0.025381 0.025329 0.025277 0.025224 0.025171 0.025117 0.025062 0.025007 0.024952 0.024897 0.024841 0.024785 0.024728 0.024672 0.024615 0.024558 0.024502 0.024445 0.024388 0.024331 0.024274 0.024217 0.024160 0.024103 0.024046 0.023989 0.023932 0.023875 0.023819 0.023762 0.023706 0.023649 0.023593 0.023537 0.023481 0.023425
0.026248 0.025728 0.025621 0.025598 0.025590 0.025579 0.025563 0.025542 0.025516 0.025485 0.025451 0.025413 0.025373 0.025330 0.025285 0.025238 0.025189 0.025139 0.025088 0.025036 0.024983 0.024929 0.024875 0.024820 0.024764 0.024708 0.024652 0.024595 0.024538 0.024481 0.024423 0.024366 0.024308 0.024251 0.024193 0.024135 0.024077 0.024019 0.023961 0.023904 0.023846 0.023788 0.023730 0.023673 0.023615 0.023558 0.023501 0.023443 0.023386 0.023329
0.024341 0.025048 0.025290 0.025395 0.025445 0.025467 0.025471 0.025463 0.025445 0.025421 0.025390 0.025355 0.025317 0.025275 0.025230 0.025183 0.025135 0.025084 0.025033 0.024980 0.024926 0.024871 0.024815 0.024759 0.024702 0.024645 0.024587 0.024530 0.024471 0.024413 0.024354 0.024296 0.024237 0.024178 0.024119 0.024060 0.024001 0.023942 0.023883 0.023824 0.023765 0.023706 0.023647 0.023589 0.023530 0.023471 0.023413 0.023355 0.023296 0.023238
0.025590 0.025458 0.025487 0.025522 0.025540 0.025541 0.025529 0.025508 0.025479 0.025444 0.025405 0.025363 0.025317 0.025269 0.025218 0.025166 0.025113 0.025058 0.025002 0.024945 0.024888 0.024830 0.024771 0.024712 0.024652 0.024593 0.024533 0.024473 0.024412 0.024352 0.024291 0.024231 0.024170 0.024110 0.024049 0.023988 0.023928 0.023867 0.023807 0.023747 0.023686 0.023626 0.023566 0.023506 0.023446 0.023386 0.023327 0.023267 0.023208 0.023149
0.026107 0.026023 0.025942 0.025874 0.025814 0.025758 0.025703 0.025647 0.025591 0.025534 0.025476 0.025417 0.025357 0.025296 0.025235 0.025174 0.025112 0.025049 0.024987 0.024924 0.024861 0.024798 0.024735 0.024671 0.024608 0.024545 0.024482 0.024418 0.024355 0.024292 0.024229 0.024166 0.024104 0.024041 0.023979 0.023916 0.023854 0.023792 0.023730 0.023668 0.023606 0.023544 0.023483 0.023422 0.023361 0.023300 0.023239 0.023178 0.023118 0.023057
0.026626 0.026528 0.026375 0.026231 0.026106 0.025996 0.025898 0.025807 0.025721 0.025638 0.025558 0.025481 0.025405 0.025330 0.025256 0.025184 0.025112 0.025041 0.024971 0.024901 0.024832 0.024763 0.024695 0.024627 0.024560 0.024493 0.024426 0.024360 0.024294 0.024228 0.024162 0.024097 0.024032 0.023967 0.023903 0.023839 0.023775 0.023711 0.023647 0.023584 0.023521 0.023458 0.023395 0.023332 0.023270 0.023208 0.023146 0.023084 0.023022 0.022961
0.027268 0.026834 0.026591 0.026415 0.026269 0.026139 0.026019 0.025907 0.025801 0.025700 0.025604 0.025512 0.025423 0.025337 0.025253 0.025171 0.025091 0.025013 0.024936 0.024861 0.024786 0.024713 0.024640 0.024569 0.024498 0.024427 0.024358 0.024288 0.024220 0.024151 0.024084 0.024016 0.023949 0.023883 0.023817 0.023751 0.023685 0.023620 0.023555 0.023490 0.023426 0.023361 0.023298 0.023234 0.023170 0.023107 0.023044 0.022982 0.022919 0.022857
0.026546 0.026550 0.026477 0.026373 0.026255 0.026134 0.026014 0.025897 0.025785 0.025678 0.025575 0.025476 0.025381 0.025290 0.025201 0.025115 0.025030 0.024948 0.024868 0.024789 0.024712 0.024635 0.024560 0.024486 0.024413 0.024340 0.024269 0.024198 0.024127 0.024057 0.023988 0.023919 0.023851 0.023783 0.023715 0.023648 0.023581 0.023515 0.023449 0.023383 0.023318 0.023253 0.023188 0.023123 0.023059 0.022995 0.022931 0.022868 0.022805 0.022742
0.026183 0.026312 0.026296 0.026213 0.026104 0.025989 0.025875 0.025764 0.025657 0.025554 0.025455 0.025359 0.025266 0.025176 0.025088 0.025003 0.024919 0.024837 0.024757 0.024678 0.024600 0.024523 0.024448 0.024373 0.024299 0.024226 0.024154 0.024082 0.024011 0.023941 0.023871 0.023801 0.023732 0.023664 0.023595 0.023528 0.023460 0.023393 0.023327 0.023260 0.023194 0.023129 0.023063 0.022998 0.022933 0.022869 0.022804 0.022740 0.022677 0.022613
0.026554 0.026338 0.026129 0.025965 0.025833 0.025719 0.025616 0.025520 0.025427 0.025338 0.025250 0.025165 0.025081 0.024998 0.024917 0.024837 0.024757 0.024679 0.024602 0.024526 0.024450 0.024375 0.024301 0.024228 0.024155 0.024083 0.024011 0.023940 0.023869 0.023799 0.023729 0.023660 0.023591 0.023523 0.023455 0.023387 0.023319 0.023252 0.023185 0.023119 0.023053 0.022987 0.022921 0.022856 0.022791 0.022726 0.022662 0.022597 0.022534 0.022470
0.026679 0.025957 0.025664 0.025516 0.025420 0.025342 0.025270 0.025200 0.025130 0.025059 0.024988 0.024917 0.024845 0.024772 0.024700 0.024627 0.024555 0.024483 0.024410 0.024338 0.024266 0.024195 0.024124 0.024053 0.023982 0.023911 0.023841 0.023772 0.023702 0.023633 0.023564 0.023496 0.023427 0.023359 0.023292 0.023224 0.023157 0.023091 0.023024 0.022958 0.022892 0.022826 0.022761 0.022696 0.022631 0.022566 0.022502 0.022437 0.022374 0.022310
0.024167 0.024669 0.024874 0.024945 0.024957 0.024939 0.024906 0.024864 0.024815 0.024761 0.024705 0.024646 0.024584 0.024521 0.024457 0.024392 0.024326 0.024259 0.024191 0.024124 0.024056 0.023988 0.023920 0.023851 0.023783 0.023715 0.023647 0.023579 0.023511 0.023443 0.023376 0.023309 0.023241 0.023174 0.023108 0.023041 0.022975 0.022909 0.022843 0.022777 0.022711 0.022646 0.022581 0.022516 0.022452 0.022388 0.022323 0.022260 0.022196 0.022133
0.023642 0.024313 0.024537 0.024614 0.024634 0.024625 0.024601 0.024567 0.024527 0.024481 0.024431 0.024378 0.024322 0.024265 0.024205 0.024145 0.024083 0.024020 0.023956 0.023892 0.023827 0.023762 0.023696 0.023630 0.023564 0.023498 0.023432 0.023365 0.023299 0.023233 0.023167 0.023100 0.023034 0.022969 0.022903 0.022837 0.022772 0.022706 0.022641 0.022576 0.022511 0.022447 0.022383 0.022318 0.022254 0.022191 0.022127 0.022064 0.022000 0.021938
0.026049 0.025007 0.024667 0.024537 0.024470 0.024421 0.024376 0.024331 0.024283 0.024233 0.024181 0.024127 0.024072 0.024014 0.023956 0.023896 0.023835 0.023774 0.023711 0.023648 0.023585 0.023521 0.023457 0.023393 0.023328 0.023263 0.023198 0.023133 0.023068 0.023003 0.022938 0.022873 0.022808 0.022743 0.022679 0.022614 0.022549 0.022485 0.022421 0.022356 0.022292 0.022229 0.022165 0.022102 0.022038 0.021975 0.021912 0.021850 0.021787 0.021725
0.024254 0.024487 0.024468 0.024398 0.024324 0.024256 0.024192 0.024130 0.024070 0.024010 0.023950 0.023891 0.023830 0.023769 0.023708 0.023646 0.023584 0.023522 0.023459 0.023396 0.023333 0.023269 0.023205 0.023141 0.023077 0.023013 0.022949 0.022885 0.022821 0.022756 0.022692 0.022628 0.022564 0.022500 0.022436 0.022372 0.022308 0.022245 0.022181 0.022118 0.022055 0.021992 0.021929 0.021867 0.021804 0.021742 0.021680 0.021618 0.021556 0.021495
0.023893 0.024235 0.024272 0.024224 0.024152 0.024077 0.024002 0.023929 0.023858 0.023788 0.023720 0.023653 0.023587 0.023521 0.023456 0.023391 0.023326 0.023262 0.023197 0.023133 0.023069 0.023004 0.022940 0.022876 0.022812 0.022748 0.022684 0.022620 0.022557 0.022493 0.022429 0.022366 0.022302 0.022239 0.022176 0.022113 0.022050 0.021987 0.021925 0.021862 0.021800 0.021738 0.021676 0.021614 0.021553 0.021491 0.021430 0.021369 0.021309 0.021248
0.025325 0.024445 0.024168 0.024038 0.023944 0.023859 0.023777 0.023697 0.023619 0.023544 0.023470 0.023397 0.023326 0.023257 0.023188 0.023120 0.023053 0.022987 0.022920 0.022855 0.022790 0.022725 0.022660 0.022595 0.022531 0.022467 0.022403 0.022340 0.022276 0.022213 0.022149 0.022086 0.022024 0.021961 0.021899 0.021836 0.021774 0.021712 0.021651 0.021589 0.021528 0.021467 0.021406 0.021345 0.021285 0.021225 0.021165 0.021105 0.021045 0.020986
0.023061 0.023707 0.023791 0.023743 0.023666 0.023582 0.023499 0.023417 0.023337 0.023260 0.023184 0.023110 0.023037 0.022966 0.022896 0.022827 0.022758 0.022691 0.022624 0.022557 0.022492 0.022426 0.022361 0.022296 0.022232 0.022168 0.022104 0.022041 0.021978 0.021915 0.021852 0.021790 0.021728 0.021666 0.021604 0.021543 0.021482 0.021421 0.021360 0.021300 0.021240 0.021180 0.021120 0.021061 0.021002 0.020943 0.020884 0.020826 0.020767 0.020710
0.024134 0.023698 0.023530 0.023422 0.023330 0.023244 0.023162 0.023083 0.023006 0.022931 0.022857 0.022785 0.022714 0.022643 0.022574 0.022505 0.022437 0.022370 0.022303 0.022237 0.022172 0.022106 0.022042 0.021977 0.021913 0.021850 0.021787 0.021724 0.021661 0.021599 0.021537 0.021476 0.021415 0.021354 0.021293 0.021233 0.021173 0.021114 0.021054 0.020995 0.020937 0.020878 0.020820 0.020762 0.020705 0.020647 0.020590 0.020533 0.020477 0.020421
0.023491 0.023249 0.023108 0.023006 0.022921 0.022843 0.022770 0.022699 0.022629 0.022560 0.022492 0.022424 0.022356 0.022289 0.022222 0.022156 0.022089 0.022024 0.021958 0.021893 0.021829 0.021764 0.021701 0.021637 0.021574 0.021512 0.021450 0.021388 0.021327 0.021266 0.021205 0.021145 0.021085 0.021026 0.020967 0.020908 0.020850 0.020792 0.020735 0.020677 0.020620 0.020564 0.020507 0.020451 0.020396 0.020340 0.020285 0.020230 0.020176 0.020122
0.022164 0.022511 0.022543 0.022507 0.022455 0.022399 0.022342 0.022283 0.022223 0.022161 0.022099 0.022036 0.021972 0.021908 0.021844 0.021780 0.021716 0.021653 0.021589 0.021526 0.021463 0.021400 0.021338 0.021277 0.021215 0.021155 0.021094 0.021034 0.020975 0.020916 0.020857 0.020799 0.020741 0.020684 0.020627 0.020571 0.020514 0.020459 0.020403 0.020348 0.020294 0.020239 0.020185 0.020132 0.020078 0.020025 0.019972 0.019920 0.019868 0.019816
0.022755 0.022197 0.022073 0.022030 0.021996 0.021956 0.021910 0.021859 0.021804 0.021747 0.021689 0.021629 0.021568 0.021507 0.021445 0.021383 0.021321 0.021260 0.021198 0.021137 0.021077 0.021017 0.020957 0.020898 0.020839 0.020780 0.020723 0.020665 0.020608 0.020552 0.020496 0.020441 0.020386 0.020331 0.020277 0.020223 0.020170 0.020117 0.020064 0.020012 0.019960 0.019909 0.019857 0.019806 0.019756 0.019706 0.019656 0.019606 0.019557 0.019507
0.020817 0.021445 0.021593 0.021609 0.021584 0.021543 0.021494 0.021441 0.021385 0.021327 0.021268 0.021208 0.021148 0.021087 0.021027 0.020967 0.020908 0.020849 0.020790 0.020732 0.020674 0.020617 0.020560 0.020504 0.020448 0.020393 0.020339 0.020285 0.020232 0.020179 0.020126 0.020074 0.020023 0.019972 0.019921 0.019871 0.019821 0.019771 0.019722 0.019673 0.019625 0.019577 0.019529 0.019481 0.019434 0.019387 0.019340 0.019293 0.019247 0.019201
0.021867 0.021534 0.021387 0.021296 0.021222 0.021153 0.021087 0.021022 0.020958 0.020895 0.020833 0.020772 0.020711 0.020652 0.020593 0.020536 0.020479 0.020423 0.020367 0.020313 0.020259 0.020206 0.020153 0.020102 0.020050 0.020000 0.019950 0.019900 0.019851 0.019803 0.019754 0.019707 0.019660 0.019613 0.019566 0.019520 0.019474 0.019429 0.019384 0.019339 0.019294 0.019250 0.019206 0.019162 0.019118 0.019075 0.019031 0.018988 0.018946 0.018903
0.021753 0.021256 0.021048 0.020919 0.020818 0.020730 0.020650 0.020576 0.020506 0.020440 0.020377 0.020316 0.020257 0.020200 0.020145 0.020092 0.020039 0.019988 0.019937 0.019888 0.019840 0.019792 0.019745 0.019699 0.019653 0.019608 0.019563 0.019519 0.019475 0.019432 0.019389 0.019347 0.019304 0.019262 0.019221 0.019179 0.019138 0.019097 0.019056 0.019016 0.018976 0.018935 0.018895 0.018856 0.018816 0.018776 0.018737 0.018698 0.018658 0.018619
0.019749 0.020395 0.020461 0.020399 0.020314 0.020231 0.020153 0.020082 0.020016 0.019954 0.019896 0.019841 0.019788 0.019738 0.019690 0.019643 0.019598 0.019553 0.019510 0.019468 0.019427 0.019386 0.019346 0.019307 0.019268 0.019229 0.019191 0.019153 0.019115 0.019078 0.019041 0.019004 0.018967 0.018931 0.018894 0.018858 0.018822 0.018786 0.018750 0.018714 0.018678 0.018642 0.018606 0.018571 0.018535 0.018500 0.018464 0.018428 0.018393 0.018358
0.021126 0.020208 0.019928 0.019805 0.019725 0.019659 0.019599 0.019544 0.019493 0.019445 0.019400 0.019358 0.019317 0.019278 0.019241 0.019205 0.019169 0.019135 0.019101 0.019068 0.019036 0.019004 0.018972 0.018940 0.018909 0.018877 0.018846 0.018815 0.018784 0.018753 0.018722 0.018691 0.018660 0.018629 0.018598 0.018567 0.018535 0.018504 0.018473 0.018442 0.018410 0.018379 0.018347 0.018316 0.018284 0.018252 0.018221 0.018189 0.018157 0.018125
0.018585 0.019019 0.019106 0.019107 0.019085 0.019057 0.019028 0.018999 0.018972 0.018945 0.018920 0.018895 0.018870 0.018847 0.018823 0.018800 0.018777 0.018754 0.018731 0.018708 0.018685 0.018662 0.018639 0.018616 0.018592 0.018568 0.018544 0.018520 0.018495 0.018470 0.018445 0.018420 0.018394 0.018369 0.018343 0.018317 0.018290 0.018263 0.018237 0.018210 0.018182 0.018155 0.018127 0.018099 0.018071 0.018043 0.018015 0.017986 0.017957 0.017929
0.018211 0.018403 0.018469 0.018491 0.018500 0.018504 0.018506 0.018506 0.018504 0.018501 0.018497 0.018491 0.018484 0.018477 0.018468 0.018458 0.018447 0.018436 0.018424 0.018411 0.018397 0.018382 0.018367 0.018351 0.018335 0.018318 0.018300 0.018282 0.018263 0.018244 0.018224 0.018204 0.018183 0.018162 0.018140 0.018118 0.018096 0.018073 0.018050 0.018026 0.018002 0.017978 0.017954 0.017929 0.017904 0.017879 0.017853 0.017827 0.017801 0.017775
0.018705 0.018171 0.018039 0.018027 0.018048 0.018076 0.018104 0.018128 0.018148 0.018165 0.018179 0.018190 0.018198 0.018204 0.018207 0.018209 0.018208 0.018206 0.018202 0.018197 0.018191 0.018183 0.018174 0.018164 0.018153 0.018141 0.018128 0.018115 0.018100 0.018085 0.018069 0.018052 0.018035 0.018017 0.017999 0.017980 0.017961 0.017941 0.017920 0.017899 0.017878 0.017856 0.017834 0.017811 0.017789 0.017765 0.017742 0.017718 0.017694 0.017669
0.017008 0.017423 0.017605 0.017708 0.017779 0.017835 0.017882 0.017922 0.017956 0.017984 0.018009 0.018029 0.018046 0.018059 0.018069 0.018077 0.018082 0.018085 0.018086 0.018086 0.018083 0.018079 0.018074 0.018067 0.018059 0.018050 0.018040 0.018028 0.018016 0.018003 0.017989 0.017975 0.017959 0.017943 0.017927 0.017909 0.017891 0.017873 0.017854 0.017834 0.017814 0.017794 0.017773 0.017751 0.017730 0.017708 0.017685 0.017662 0.017639 0.017615
