0.059585 0.060267 0.062436 0.065705 0.069771 0.074291 0.079002 0.083919 0.089060 0.094442 0.100080 0.105992 0.112194 0.118704 0.125541 0.132723 0.140272 0.148208 0.156555 0.165337 0.174580 0.184311 0.194553 0.205311 0.216601 0.228450 0.240837 0.253424 0.266142 0.278994 0.291984 0.305113 0.318385 0.331803 0.345367 0.359078 0.372939 0.386950 0.401111 0.415422 0.429883 0.444493 0.459252 0.474158 0.489212 0.504411 0.519755 0.535241 0.550869 0.566636
0.062090 0.062681 0.064628 0.067710 0.071641 0.076078 0.080737 0.085625 0.090753 0.096134 0.101782 0.107712 0.113939 0.120481 0.127354 0.134578 0.142173 0.150160 0.158563 0.167405 0.176712 0.186510 0.196814 0.207633 0.218986 0.230892 0.243238 0.255743 0.268391 0.281181 0.294115 0.307194 0.320421 0.333796 0.347321 0.360997 0.374824 0.388803 0.402934 0.417217 0.431651 0.446236 0.460971 0.475855 0.490886 0.506064 0.521387 0.536854 0.552462 0.568211
0.068711 0.067077 0.068273 0.071036 0.074805 0.079173 0.083806 0.088692 0.093836 0.099249 0.104941 0.110926 0.117218 0.123833 0.130788 0.138103 0.145797 0.153891 0.162408 0.171372 0.180808 0.190735 0.201162 0.212103 0.223574 0.235545 0.247764 0.260140 0.272671 0.285355 0.298193 0.311184 0.324330 0.337630 0.351086 0.364697 0.378464 0.392386 0.406463 0.420695 0.435080 0.449619 0.464309 0.479150 0.494141 0.509280 0.524565 0.539995 0.555569 0.571283
0.068039 0.069750 0.071692 0.074634 0.078474 0.082924 0.087643 0.092617 0.097853 0.103364 0.109161 0.115259 0.121672 0.128418 0.135513 0.142976 0.150828 0.159090 0.167785 0.176936 0.186561 0.196670 0.207277 0.218394 0.229994 0.241898 0.253967 0.266202 0.278601 0.291163 0.303888 0.316774 0.329821 0.343030 0.356399 0.369929 0.383620 0.397469 0.411478 0.425644 0.439967 0.454446 0.469079 0.483865 0.498802 0.513890 0.529125 0.544507 0.560033 0.575703
0.077054 0.074236 0.075340 0.078268 0.082255 0.086895 0.091809 0.096962 0.102371 0.108053 0.114024 0.120301 0.126900 0.133838 0.141134 0.148808 0.156880 0.165372 0.174306 0.183700 0.193562 0.203906 0.214740 0.226033 0.237631 0.249395 0.261333 0.273442 0.285721 0.298169 0.310785 0.323568 0.336519 0.349635 0.362918 0.376365 0.389976 0.403750 0.417687 0.431784 0.446040 0.460455 0.475026 0.489752 0.504631 0.519662 0.534843 0.550171 0.565646 0.581264
0.072816 0.075656 0.078322 0.081797 0.086059 0.090923 0.096066 0.101441 0.107071 0.112977 0.119176 0.125687 0.132527 0.139714 0.147267 0.155207 0.163555 0.172333 0.181555 0.191230 0.201373 0.211989 0.223037 0.234362 0.245854 0.257521 0.269362 0.281375 0.293561 0.305918 0.318447 0.331147 0.344016 0.357055 0.370263 0.383638 0.397180 0.410888 0.424759 0.438793 0.452989 0.467344 0.481857 0.496527 0.511352 0.526329 0.541457 0.556734 0.572158 0.587726
0.082220 0.080802 0.082501 0.085741 0.089985 0.094940 0.100270 0.105862 0.111729 0.117886 0.124348 0.131130 0.138251 0.145727 0.153579 0.161828 0.170493 0.179591 0.189127 0.199117 0.209567 0.220422 0.231519 0.242783 0.254220 0.265831 0.277613 0.289569 0.301696 0.313996 0.326468 0.339112 0.351926 0.364912 0.378066 0.391390 0.404881 0.418538 0.432361 0.446347 0.460495 0.474804 0.489271 0.503896 0.518675 0.533608 0.548692 0.563925 0.579306 0.594832
0.084366 0.084783 0.086395 0.089459 0.093663 0.098694 0.104222 0.110048 0.116171 0.122598 0.129342 0.136417 0.143840 0.151629 0.159803 0.168384 0.177385 0.186813 0.196683 0.207001 0.217708 0.228621 0.239703 0.250955 0.262378 0.273972 0.285736 0.297670 0.309776 0.322053 0.334502 0.347121 0.359911 0.372870 0.385999 0.399296 0.412760 0.426390 0.440184 0.454142 0.468262 0.482542 0.496980 0.511575 0.526324 0.541227 0.556281 0.571483 0.586833 0.602327
0.088021 0.087169 0.088865 0.092198 0.096667 0.101946 0.107757 0.113867 0.120273 0.126987 0.134022 0.141397 0.149127 0.157234 0.165737 0.174652 0.183983 0.193746 0.203952 0.214536 0.225309 0.236252 0.247361 0.258637 0.270081 0.281692 0.293472 0.305420 0.317538 0.329825 0.342281 0.354906 0.367700 0.380662 0.393792 0.407089 0.420551 0.434178 0.447968 0.461920 0.476032 0.490303 0.504732 0.519316 0.534053 0.548943 0.563982 0.579170 0.594503 0.609980
0.086338 0.087476 0.090257 0.094254 0.099170 0.104783 0.110903 0.117308 0.123996 0.130989 0.138307 0.145970 0.153999 0.162414 0.171234 0.180464 0.190117 0.200209 0.210688 0.221357 0.232193 0.243192 0.254356 0.265683 0.277176 0.288834 0.300658 0.312648 0.324805 0.337129 0.349620 0.362278 0.375103 0.388093 0.401249 0.414570 0.428053 0.441700 0.455507 0.469475 0.483601 0.497884 0.512322 0.526914 0.541658 0.556552 0.571595 0.586783 0.602117 0.617592
0.088733 0.089760 0.092540 0.096623 0.101682 0.107469 0.113791 0.120424 0.127347 0.134583 0.142153 0.150079 0.158382 0.167085 0.176196 0.185723 0.195683 0.206059 0.216649 0.227402 0.238317 0.249394 0.260632 0.272032 0.283594 0.295320 0.307209 0.319263 0.331481 0.343864 0.356411 0.369123 0.381999 0.395038 0.408240 0.421605 0.435130 0.448816 0.462660 0.476662 0.490820 0.505133 0.519599 0.534216 0.548984 0.563899 0.578961 0.594167 0.609515 0.625004
0.092753 0.093058 0.095314 0.099165 0.104169 0.109999 0.116427 0.123213 0.130315 0.137750 0.145536 0.153694 0.162245 0.171208 0.180585 0.190390 0.200634 0.211162 0.221850 0.232699 0.243706 0.254873 0.266199 0.277685 0.289331 0.301139 0.313108 0.325239 0.337533 0.349989 0.362608 0.375388 0.388331 0.401434 0.414698 0.428122 0.441704 0.455443 0.469340 0.483391 0.497596 0.511953 0.526462 0.541119 0.555924 0.570875 0.585969 0.601206 0.616583 0.632099
0.094810 0.094648 0.097098 0.101114 0.106232 0.112161 0.118697 0.125615 0.132870 0.140477 0.148454 0.156821 0.165598 0.174797 0.184422 0.194487 0.204942 0.215577 0.226370 0.237321 0.248429 0.259693 0.271114 0.282693 0.294431 0.306329 0.318386 0.330603 0.342980 0.355518 0.368217 0.381075 0.394093 0.407270 0.420605 0.434098 0.447747 0.461551 0.475509 0.489620 0.503883 0.518295 0.532856 0.547564 0.562417 0.577414 0.592552 0.607831 0.623247 0.638800
0.092295 0.094786 0.098081 0.102468 0.107800 0.113885 0.120558 0.127615 0.135021 0.142794 0.150953 0.159517 0.168506 0.177926 0.187782 0.198087 0.208676 0.219422 0.230322 0.241377 0.252585 0.263948 0.275466 0.287140 0.298971 0.310959 0.323106 0.335411 0.347875 0.360498 0.373280 0.386219 0.399317 0.412571 0.425982 0.439548 0.453269 0.467143 0.481169 0.495345 0.509671 0.524145 0.538765 0.553530 0.568438 0.583488 0.598677 0.614004 0.629467 0.645064
0.095604 0.096303 0.099261 0.103655 0.109085 0.115294 0.122102 0.129304 0.136866 0.144806 0.153143 0.161898 0.171088 0.180715 0.190788 0.201287 0.211984 0.222834 0.233836 0.244988 0.256292 0.267749 0.279358 0.291123 0.303043 0.315119 0.327353 0.339743 0.352291 0.364997 0.377859 0.390879 0.404055 0.417386 0.430873 0.444513 0.458306 0.472250 0.486345 0.500588 0.514980 0.529517 0.544199 0.559023 0.573989 0.589095 0.604338 0.619717 0.635230 0.650876
0.096051 0.097442 0.100378 0.104766 0.110256 0.116568 0.123501 0.130850 0.138569 0.146674 0.155184 0.164120 0.173497 0.183315 0.193586 0.204219 0.215010 0.225950 0.237039 0.248277 0.259665 0.271205 0.282897 0.294743 0.306743 0.318899 0.331212 0.343681 0.356306 0.369088 0.382027 0.395121 0.408371 0.421775 0.435333 0.449043 0.462905 0.476917 0.491079 0.505387 0.519842 0.534441 0.549183 0.564067 0.579090 0.594251 0.609548 0.624980 0.640544 0.656238
0.099971 0.098869 0.101462 0.105878 0.111462 0.117885 0.124944 0.132439 0.140307 0.148565 0.157233 0.166334 0.175876 0.185863 0.196304 0.207014 0.217874 0.228884 0.240041 0.251348 0.262804 0.274412 0.286173 0.298088 0.310157 0.322382 0.334764 0.347301 0.359995 0.372845 0.385851 0.399012 0.412328 0.425798 0.439420 0.453195 0.467120 0.481194 0.495416 0.509785 0.524298 0.538955 0.553754 0.568692 0.583769 0.598983 0.614331 0.629812 0.645424 0.661166
0.093079 0.098258 0.102293 0.107111 0.112868 0.119409 0.126575 0.134202 0.142200 0.150589 0.159393 0.168633 0.178314 0.188443 0.198999 0.209751 0.220655 0.231711 0.242916 0.254272 0.265780 0.277441 0.289256 0.301226 0.313351 0.325633 0.338071 0.350666 0.363417 0.376325 0.389388 0.402607 0.415980 0.429506 0.443185 0.457015 0.470995 0.485124 0.499400 0.513821 0.528387 0.543094 0.557943 0.572931 0.588056 0.603317 0.618711 0.634237 0.649893 0.665677
0.105522 0.102120 0.104390 0.108898 0.114643 0.121231 0.128455 0.136173 0.144271 0.152764 0.161678 0.171030 0.180824 0.191072 0.201679 0.212451 0.223379 0.234461 0.245697 0.257087 0.268631 0.280330 0.292185 0.304197 0.316366 0.328692 0.341176 0.353816 0.366614 0.379569 0.392679 0.405945 0.419365 0.432938 0.446664 0.460540 0.474566 0.488740 0.503061 0.517527 0.532136 0.546888 0.561779 0.576808 0.591974 0.607275 0.622708 0.638273 0.653966 0.669786
0.094662 0.101358 0.105870 0.110849 0.116675 0.123273 0.130509 0.138270 0.146438 0.155012 0.164015 0.173459 0.183348 0.193692 0.204306 0.215085 0.226025 0.237123 0.248378 0.259790 0.271360 0.283087 0.294972 0.307015 0.319217 0.331577 0.344095 0.356772 0.369606 0.382597 0.395744 0.409047 0.422504 0.436115 0.449877 0.463790 0.477853 0.492063 0.506419 0.520921 0.535565 0.550350 0.565275 0.580338 0.595537 0.610869 0.626334 0.641929 0.657653 0.673503
0.110465 0.107158 0.109083 0.113291 0.118848 0.125344 0.132551 0.140327 0.148554 0.157200 0.166283 0.175809 0.185785 0.196191 0.206810 0.217597 0.228546 0.239657 0.250927 0.262357 0.273946 0.285694 0.297602 0.309669 0.321895 0.334281 0.346826 0.359529 0.372390 0.385409 0.398584 0.411914 0.425399 0.439037 0.452827 0.466767 0.480856 0.495093 0.509476 0.524004 0.538674 0.553484 0.568434 0.583522 0.598745 0.614101 0.629589 0.645207 0.660952 0.676823
0.105729 0.107778 0.110661 0.115017 0.120598 0.127114 0.134352 0.142173 0.150472 0.159197 0.168362 0.177971 0.188033 0.198484 0.209119 0.219920 0.230885 0.242012 0.253299 0.264746 0.276353 0.288119 0.300045 0.312131 0.324376 0.336781 0.349345 0.362067 0.374948 0.387985 0.401179 0.414528 0.428032 0.441688 0.455497 0.469455 0.483562 0.497817 0.512218 0.526762 0.541449 0.556276 0.571242 0.586346 0.601584 0.616955 0.632458 0.648090 0.663850 0.679735
0.107296 0.107938 0.111223 0.115977 0.121805 0.128473 0.135819 0.143727 0.152115 0.160928 0.170179 0.179874 0.190023 0.200515 0.211177 0.222004 0.232992 0.244140 0.255447 0.266912 0.278536 0.290318 0.302259 0.314360 0.326619 0.339037 0.351614 0.364349 0.377241 0.390290 0.403496 0.416856 0.430370 0.444037 0.457855 0.471823 0.485940 0.500204 0.514613 0.529166 0.543861 0.558697 0.573671 0.588782 0.604027 0.619406 0.634915 0.650554 0.666319 0.682210
0.103360 0.107679 0.111796 0.116825 0.122802 0.129582 0.137023 0.145018 0.153489 0.162383 0.171715 0.181492 0.191723 0.202257 0.212956 0.223814 0.234829 0.246000 0.257326 0.268808 0.280447 0.292243 0.304195 0.316306 0.328574 0.341000 0.353583 0.366324 0.379221 0.392275 0.405484 0.418848 0.432365 0.446035 0.459855 0.473826 0.487944 0.502209 0.516620 0.531173 0.545869 0.560705 0.575679 0.590790 0.606035 0.621413 0.636921 0.652559 0.668323 0.684213
0.113624 0.111095 0.113403 0.117928 0.123782 0.130564 0.138050 0.146105 0.154636 0.163591 0.172988 0.182831 0.193130 0.203704 0.214436 0.225322 0.236360 0.247550 0.258892 0.270387 0.282036 0.293839 0.305797 0.317911 0.330181 0.342608 0.355192 0.367932 0.380828 0.393880 0.407086 0.420446 0.433959 0.447624 0.461440 0.475405 0.489518 0.503778 0.518182 0.532730 0.547419 0.562248 0.577215 0.592319 0.607557 0.622927 0.638428 0.654058 0.669814 0.685696
0.105981 0.109952 0.113711 0.118580 0.124544 0.131386 0.138921 0.147022 0.155586 0.164576 0.174013 0.183901 0.194243 0.204842 0.215595 0.226496 0.237547 0.248745 0.260093 0.271591 0.283241 0.295043 0.306999 0.319110 0.331375 0.343796 0.356373 0.369105 0.381993 0.395036 0.408232 0.421583 0.435085 0.448740 0.462544 0.476498 0.490599 0.504846 0.519238 0.533773 0.548450 0.563266 0.578220 0.593310 0.608535 0.623892 0.639379 0.654995 0.670738 0.686605
0.111629 0.111178 0.114287 0.119173 0.125208 0.132094 0.139652 0.147766 0.156330 0.165325 0.174771 0.184675 0.195033 0.205632 0.216383 0.227282 0.238328 0.249521 0.260862 0.272352 0.283992 0.295784 0.307729 0.319828 0.332081 0.344489 0.357052 0.369770 0.382643 0.395671 0.408852 0.422186 0.435673 0.449311 0.463098 0.477035 0.491119 0.505348 0.519723 0.534240 0.548898 0.563696 0.578632 0.593703 0.608909 0.624247 0.639715 0.655312 0.671036 0.686884
0.108066 0.111160 0.114967 0.119897 0.125859 0.132672 0.140174 0.148249 0.156781 0.165750 0.175179 0.185073 0.195418 0.205992 0.216720 0.227597 0.238623 0.249796 0.261117 0.272588 0.284209 0.295982 0.307908 0.319988 0.332222 0.344610 0.357154 0.369852 0.382705 0.395712 0.408873 0.422186 0.435651 0.449268 0.463034 0.476948 0.491010 0.505217 0.519569 0.534063 0.548699 0.563473 0.578386 0.593434 0.608616 0.623931 0.639375 0.654949 0.670648 0.686472
0.113892 0.113658 0.116130 0.120475 0.126156 0.132822 0.140243 0.148267 0.156759 0.165696 0.175095 0.184962 0.195275 0.205806 0.216496 0.227339 0.238332 0.249476 0.260769 0.272213 0.283809 0.295557 0.307458 0.319513 0.331723 0.344087 0.356606 0.369280 0.382108 0.395091 0.408226 0.421515 0.434954 0.448545 0.462285 0.476174 0.490209 0.504390 0.518715 0.533182 0.547790 0.562538 0.577423 0.592443 0.607598 0.622884 0.638301 0.653846 0.669518 0.685314
0.112528 0.112707 0.115336 0.119746 0.125461 0.132146 0.139575 0.147599 0.156078 0.164992 0.174361 0.184196 0.194468 0.204951 0.215599 0.226403 0.237362 0.248472 0.259734 0.271149 0.282715 0.294435 0.306308 0.318336 0.330518 0.342855 0.355347 0.367993 0.380793 0.393747 0.406854 0.420114 0.433524 0.447086 0.460796 0.474654 0.488659 0.502810 0.517104 0.531540 0.546117 0.560833 0.575687 0.590676 0.605798 0.621053 0.636438 0.651950 0.667590 0.683354
0.108205 0.109627 0.113028 0.117871 0.123819 0.130627 0.138117 0.146166 0.154641 0.163532 0.172867 0.182663 0.192891 0.203333 0.213942 0.224711 0.235637 0.246716 0.257948 0.269333 0.280871 0.292562 0.304406 0.316405 0.328558 0.340865 0.353326 0.365942 0.378711 0.391634 0.404709 0.417936 0.431314 0.444842 0.458519 0.472343 0.486314 0.500430 0.514689 0.529090 0.543632 0.558313 0.573130 0.588083 0.603170 0.618388 0.633737 0.649214 0.664817 0.680544
0.105085 0.107478 0.111006 0.115835 0.121755 0.128537 0.136002 0.144020 0.152451 0.161291 0.170570 0.180312 0.190494 0.200903 0.211481 0.222222 0.233120 0.244172 0.255377 0.266734 0.278244 0.289906 0.301721 0.313689 0.325811 0.338086 0.350515 0.363096 0.375831 0.388719 0.401758 0.414949 0.428290 0.441780 0.455419 0.469205 0.483137 0.497213 0.511433 0.525795 0.540296 0.554937 0.569714 0.584626 0.599673 0.614850 0.630158 0.645594 0.661157 0.676844
0.108760 0.107413 0.109578 0.113792 0.119381 0.125962 0.133295 0.141208 0.149540 0.158291 0.167488 0.177156 0.187286 0.197667 0.208221 0.218938 0.229811 0.240839 0.252018 0.263348 0.274829 0.286461 0.298244 0.310179 0.322266 0.334505 0.346896 0.359440 0.372136 0.384983 0.397981 0.411130 0.424429 0.437876 0.451472 0.465214 0.479101 0.493133 0.507308 0.521624 0.536081 0.550675 0.565407 0.580274 0.595274 0.610406 0.625669 0.641059 0.656576 0.672218
0.103896 0.104510 0.106902 0.110947 0.116324 0.122732 0.129934 0.137722 0.145935 0.154581 0.163682 0.173259 0.183322 0.193676 0.204205 0.214897 0.225745 0.236745 0.247895 0.259194 0.270642 0.282238 0.293984 0.305880 0.317926 0.330123 0.342471 0.354969 0.367619 0.380419 0.393370 0.406470 0.419719 0.433117 0.446662 0.460354 0.474190 0.488171 0.502294 0.516559 0.530964 0.545507 0.560187 0.575002 0.589951 0.605031 0.620242 0.635582 0.651048 0.666638
0.100976 0.101206 0.103281 0.107136 0.112406 0.118747 0.125895 0.133583 0.141693 0.150239 0.159240 0.168717 0.178693 0.189008 0.199500 0.210156 0.220969 0.231932 0.243043 0.254302 0.265707 0.277259 0.288958 0.300806 0.312802 0.324948 0.337243 0.349688 0.362283 0.375028 0.387922 0.400965 0.414157 0.427497 0.440983 0.454616 0.468394 0.482316 0.496380 0.510586 0.524932 0.539416 0.554037 0.568794 0.583685 0.598708 0.613861 0.629143 0.644551 0.660085
0.100213 0.097011 0.098431 0.102289 0.107666 0.114088 0.121261 0.128884 0.136912 0.145363 0.154260 0.163629 0.173497 0.183741 0.194171 0.204770 0.215528 0.226438 0.237495 0.248699 0.260048 0.271543 0.283184 0.294972 0.306907 0.318990 0.331222 0.343603 0.356133 0.368812 0.381640 0.394617 0.407742 0.421014 0.434433 0.447999 0.461709 0.475563 0.489561 0.503699 0.517978 0.532396 0.546951 0.561641 0.576466 0.591424 0.606512 0.621729 0.637074 0.652545
0.084120 0.088117 0.091931 0.096688 0.102436 0.109011 0.116198 0.123749 0.131680 0.140021 0.148801 0.158050 0.167796 0.177924 0.188256 0.198769 0.209448 0.220283 0.231268 0.242401 0.253679 0.265103 0.276673 0.288388 0.300250 0.312259 0.324416 0.336722 0.349176 0.361778 0.374530 0.387429 0.400477 0.413672 0.427014 0.440503 0.454136 0.467914 0.481835 0.495897 0.510101 0.524443 0.538923 0.553540 0.568291 0.583175 0.598191 0.613336 0.628609 0.644008
0.084549 0.084342 0.087181 0.091652 0.097261 0.103736 0.110790 0.118197 0.125989 0.134196 0.142847 0.151968 0.161587 0.171560 0.181756 0.192154 0.202730 0.213470 0.224366 0.235412 0.246605 0.257944 0.269430 0.281060 0.292837 0.304761 0.316832 0.329051 0.341418 0.353934 0.366598 0.379410 0.392370 0.405478 0.418733 0.432135 0.445682 0.459373 0.473208 0.487185 0.501304 0.515562 0.529958 0.544492 0.559160 0.573962 0.588896 0.603960 0.619153 0.634472
0.080442 0.081073 0.083014 0.086706 0.091825 0.098007 0.104836 0.112065 0.119709 0.127786 0.136316 0.145324 0.154819 0.164618 0.174651 0.184907 0.195360 0.205989 0.216782 0.227729 0.238825 0.250070 0.261460 0.272996 0.284677 0.296505 0.308480 0.320602 0.332872 0.345290 0.357857 0.370571 0.383434 0.396444 0.409602 0.422907 0.436357 0.449952 0.463692 0.477574 0.491598 0.505762 0.520065 0.534505 0.549081 0.563791 0.578633 0.593607 0.608708 0.623937
0.081668 0.077126 0.077425 0.080461 0.085272 0.091302 0.098007 0.105137 0.112694 0.120691 0.129144 0.138073 0.147441 0.157068 0.166930 0.177025 0.187339 0.197844 0.208522 0.219360 0.230351 0.241491 0.252777 0.264209 0.275787 0.287509 0.299378 0.311394 0.323557 0.335868 0.348327 0.360933 0.373688 0.386591 0.399641 0.412838 0.426182 0.439671 0.453304 0.467080 0.480998 0.495058 0.509256 0.523592 0.538064 0.552671 0.567410 0.582280 0.597280 0.612406
0.068100 0.067299 0.068770 0.072264 0.077308 0.083482 0.090246 0.097398 0.104955 0.112935 0.121360 0.130243 0.139467 0.148926 0.158619 0.168546 0.178702 0.189069 0.199620 0.210339 0.221215 0.232242 0.243416 0.254735 0.266198 0.277807 0.289560 0.301460 0.313506 0.325699 0.338040 0.350528 0.363165 0.375949 0.388880 0.401959 0.415184 0.428554 0.442069 0.455728 0.469528 0.483470 0.497551 0.511770 0.526124 0.540614 0.555236 0.569988 0.584869 0.599877
0.056659 0.057237 0.059451 0.063357 0.068664 0.075024 0.081896 0.089112 0.096704 0.104699 0.113116 0.121928 0.130987 0.140277 0.149798 0.159550 0.169531 0.179738 0.190147 0.200733 0.211481 0.222383 0.233433 0.244628 0.255967 0.267450 0.279077 0.290849 0.302767 0.314831 0.327042 0.339400 0.351906 0.364559 0.377359 0.390306 0.403399 0.416637 0.430020 0.443546 0.457213 0.471022 0.484969 0.499054 0.513274 0.527628 0.542113 0.556729 0.571472 0.586341
0.053832 0.050633 0.051538 0.054991 0.060163 0.066517 0.073412 0.080649 0.088251 0.096242 0.104621 0.113275 0.122155 0.131261 0.140596 0.150159 0.159950 0.169969 0.180208 0.190639 0.201241 0.212001 0.222911 0.233968 0.245168 0.256512 0.267999 0.279629 0.291405 0.303325 0.315392 0.327605 0.339965 0.352471 0.365124 0.377923 0.390867 0.403956 0.417188 0.430562 0.444078 0.457732 0.471525 0.485453 0.499515 0.513710 0.528034 0.542487 0.557065 0.571766
0.045647 0.043369 0.043990 0.047076 0.052007 0.058242 0.065099 0.072304 0.079872 0.087804 0.096030 0.104476 0.113146 0.122042 0.131164 0.140514 0.150093 0.159899 0.169933 0.180178 0.190608 0.201203 0.211953 0.222851 0.233894 0.245079 0.256408 0.267880 0.279495 0.291254 0.303158 0.315207 0.327402 0.339741 0.352226 0.364855 0.377628 0.390543 0.403601 0.416798 0.430134 0.443607 0.457216 0.470958 0.484831 0.498833 0.512962 0.527216 0.541592 0.556087
0.041168 0.037261 0.037054 0.039659 0.044296 0.050356 0.057154 0.064290 0.071763 0.079523 0.087500 0.095699 0.104123 0.112773 0.121651 0.130757 0.140094 0.149660 0.159456 0.169478 0.179703 0.190104 0.200667 0.211382 0.222244 0.233249 0.244396 0.255686 0.267117 0.278691 0.290408 0.302268 0.314271 0.326417 0.338705 0.351135 0.363705 0.376415 0.389264 0.402249 0.415369 0.428622 0.442007 0.455520 0.469161 0.482925 0.496812 0.510818 0.524941 0.539178
0.037244 0.031813 0.030887 0.033002 0.037280 0.043086 0.049766 0.056757 0.064011 0.071477 0.079162 0.087072 0.095209 0.103576 0.112174 0.121005 0.130069 0.139366 0.148897 0.158659 0.168643 0.178817 0.189163 0.199665 0.210316 0.221111 0.232048 0.243126 0.254343 0.265700 0.277197 0.288833 0.300608 0.312523 0.324575 0.336764 0.349089 0.361549 0.374142 0.386865 0.399718 0.412698 0.425803 0.439030 0.452378 0.465842 0.479422 0.493113 0.506913 0.520820
0.031399 0.027286 0.025988 0.027479 0.031217 0.036609 0.043008 0.049699 0.056600 0.063725 0.071076 0.078659 0.086476 0.094528 0.102817 0.111344 0.120109 0.129111 0.138349 0.147823 0.157527 0.167440 0.177532 0.187786 0.198191 0.208740 0.219429 0.230254 0.241216 0.252313 0.263544 0.274909 0.286406 0.298037 0.309798 0.321689 0.333708 0.345855 0.358126 0.370520 0.383034 0.395667 0.408416 0.421277 0.434250 0.447329 0.460513 0.473799 0.487184 0.500664
0.033655 0.025976 0.022765 0.023055 0.025995 0.030774 0.036667 0.042958 0.049481 0.056239 0.063235 0.070472 0.077950 0.085670 0.093632 0.101837 0.110282 0.118967 0.127889 0.137046 0.146435 0.156044 0.165841 0.175804 0.185917 0.196171 0.206559 0.217079 0.227727 0.238503 0.249404 0.260431 0.271580 0.282852 0.294246 0.305758 0.317388 0.329134 0.340993 0.352963 0.365042 0.377227 0.389515 0.401904 0.414390 0.426971 0.439643 0.452402 0.465247 0.478172
0.035234 0.024462 0.019593 0.018848 0.021051 0.025123 0.030470 0.036390 0.042552 0.048959 0.055611 0.062508 0.069651 0.077037 0.084667 0.092537 0.100646 0.108992 0.117570 0.126378 0.135411 0.144664 0.154110 0.163721 0.173477 0.183367 0.193383 0.203519 0.213773 0.224142 0.234623 0.245217 0.255920 0.266731 0.277649 0.288672 0.299798 0.311024 0.322348 0.333767 0.345280 0.356882 0.368572 0.380345 0.392199 0.404130 0.416134 0.428209 0.440351 0.452556
0.028457 0.020350 0.015611 0.014388 0.015979 0.019447 0.024297 0.029914 0.035777 0.041881 0.048225 0.054809 0.061631 0.068688 0.075979 0.083501 0.091249 0.099221 0.107413 0.115819 0.124437 0.133260 0.142273 0.151443 0.160749 0.170176 0.179714 0.189356 0.199099 0.208940 0.218876 0.228905 0.239026 0.249236 0.259533 0.269916 0.280383 0.290930 0.301555 0.312256 0.323029 0.333872 0.344781 0.355752 0.366783 0.377869 0.389007 0.400192 0.411422 0.422691
0.031788 0.019129 0.012389 0.010099 0.010936 0.013852 0.018285 0.023651 0.029283 0.035135 0.041205 0.047492 0.053995 0.060710 0.067635 0.074767 0.082101 0.089634 0.097361 0.105279 0.113382 0.121665 0.130119 0.138717 0.147434 0.156253 0.165162 0.174154 0.183225 0.192370 0.201587 0.210874 0.220229 0.229648 0.239132 0.248677 0.258281 0.267941 0.277654 0.287418 0.297229 0.307083 0.316978 0.326908 0.336871 0.346863 0.356879 0.366915 0.376965 0.387022
0.030932 0.016955 0.009047 0.005913 0.006155 0.008670 0.012790 0.017938 0.023368 0.028975 0.034760 0.040721 0.046856 0.053164 0.059642 0.066288 0.073098 0.080071 0.087201 0.094485 0.101917 0.109490 0.117200 0.125034 0.132963 0.140969 0.149039 0.157166 0.165344 0.173569 0.181837 0.190146 0.198494 0.206878 0.215297 0.223748 0.232228 0.240734 0.249264 0.257813 0.266377 0.274953 0.283538 0.292125 0.300713 0.309295 0.317869 0.326427 0.334953 0.343441
0.025974 0.013534 0.005604 0.002084 0.002210 0.004500 0.008337 0.013211 0.018373 0.023653 0.029051 0.034565 0.040197 0.045946 0.051812 0.057796 0.063896 0.070111 0.076436 0.082864 0.089390 0.096011 0.102722 0.109517 0.116384 0.123299 0.130249 0.137227 0.144225 0.151237 0.158258 0.165288 0.172322 0.179360 0.186398 0.193433 0.200461 0.207479 0.214483 0.221468 0.228431 0.235366 0.242270 0.249138 0.255965 0.262748 0.269484 0.276171 0.282800 0.289363
0.030012 0.013163 0.003508 0.000001 0.000166 0.001979 0.005328 0.009723 0.014421 0.019163 0.023945 0.028772 0.033650 0.038583 0.043574 0.048627 0.053741 0.058918 0.064156 0.069451 0.074798 0.080194 0.085632 0.091110 0.096622 0.102157 0.107706 0.113254 0.118787 0.124301 0.129793 0.135261 0.140703 0.146114 0.151493 0.156834 0.162135 0.167390 0.172595 0.177746 0.182838 0.187866 0.192826 0.197714 0.202525 0.207261 0.211921 0.216507 0.221015 0.225440
0.025912 0.011309 0.001564 0.000001 0.000001 0.000954 0.003547 0.007172 0.011084 0.014976 0.018855 0.022726 0.026594 0.030464 0.034341 0.038227 0.042125 0.046035 0.049959 0.053896 0.057842 0.061795 0.065751 0.069705 0.073655 0.077595 0.081519 0.085419 0.089288 0.093117 0.096902 0.100639 0.104322 0.107950 0.111517 0.115020 0.118455 0.121818 0.125104 0.128308 0.131428 0.134457 0.137393 0.140231 0.142977 0.145642 0.148227 0.150735 0.153161 0.155501
0.027117 0.010773 0.000087 0.000001 0.000001 0.000301 0.002023 0.004720 0.007666 0.010518 0.013302 0.016032 0.018720 0.021370 0.023987 0.026574 0.029135 0.031671 0.034182 0.036669 0.039132 0.041569 0.043979 0.046358 0.048704 0.051015 0.053286 0.055514 0.057693 0.059820 0.061889 0.063896 0.065838 0.067710 0.069510 0.071235 0.072880 0.074441 0.075916 0.077301 0.078591 0.079784 0.080875 0.081875 0.082824 0.083730 0.084588 0.085388 0.086125 0.086793
0.025989 0.009058 0.000001 0.000001 0.000001 0.000001 0.000651 0.002238 0.004044 0.005747 0.007369 0.008921 0.010411 0.011844 0.013225 0.014557 0.015843 0.017083 0.018279 0.019433 0.020544 0.021613 0.022640 0.023625 0.024565 0.025460 0.026308 0.027107 0.027855 0.028548 0.029186 0.029763 0.030279 0.030730 0.031114 0.031427 0.031668 0.031834 0.031922 0.031930 0.031855 0.031694 0.031445 0.031230 0.031095 0.030977 0.030848 0.030694 0.030504 0.030275
0.020741 0.005909 0.000001 0.000001 0.000001 0.000001 0.000001 0.000256 0.000907 0.001539 0.002131 0.002674 0.003169 0.003619 0.004025 0.004389 0.004713 0.004998 0.005245 0.005455 0.005630 0.005771 0.005877 0.005950 0.005990 0.005995 0.005967 0.005903 0.005805 0.005670 0.005497 0.005286 0.005034 0.004741 0.004404 0.004022 0.003595 0.003120 0.002596 0.002022 0.001396 0.000718 0.000001 0.000001 0.000001 0.000001 0.000001 0.000001 0.000001 0.000001
0.023177 0.006494 0.000001 0.000001 0.000001 0.000001 0.000001 0.000001 0.000001 0.000001 0.000001 0.000001 0.000001 0.000001 0.000001 0.000001 0.000001 0.000001 0.000001 0.000001 0.000001 0.000001 0.000001 0.000001 0.000001 0.000001 0.000001 0.000001 0.000001 0.000001 0.000001 0.000001 0.000001 0.000001 0.000001 0.000001 0.000001 0.000001 0.000001 0.000001 0.000001 0.000001 0.000001 0.000001 0.000001 0.000001 0.000001 0.000001 0.000001 0.000001
0.025938 0.008231 0.000001 0.000001 0.000001 0.000001 0.000001 0.000001 0.000001 0.000001 0.000001 0.000001 0.000001 0.000001 0.000001 0.000001 0.000001 0.000001 0.000001 0.000001 0.000001 0.000001 0.000001 0.000001 0.000001 0.000001 0.000001 0.000001 0.000001 0.000001 0.000001 0.000001 0.000001 0.000001 0.000001 0.000001 0.000001 0.000001 0.000001 0.000001 0.000001 0.000001 0.000001 0.000001 0.000001 0.000001 0.000001 0.000001 0.000001 0.000001
0.027717 0.009738 0.000001 0.000001 0.000001 0.000001 0.000001 0.000001 0.000001 0.000001 0.000001 0.000001 0.000001 0.000001 0.000001 0.000001 0.000001 0.000001 0.000001 0.000001 0.000001 0.000001 0.000001 0.000001 0.000001 0.000001 0.000001 0.000001 0.000001 0.000001 0.000001 0.000001 0.000001 0.000001 0.000001 0.000001 0.000001 0.000001 0.000001 0.000001 0.000001 0.000001 0.000001 0.000001 0.000001 0.000001 0.000001 0.000001 0.000001 0.000001
0.029722 0.010514 0.000001 0.000001 0.000001 0.000001 0.000001 0.000001 0.000001 0.000001 0.000001 0.000001 0.000001 0.000001 0.000001 0.000001 0.000001 0.000001 0.000001 0.000001 0.000001 0.000001 0.000001 0.000001 0.000001 0.000001 0.000001 0.000001 0.000001 0.000001 0.000001 0.000001 0.000001 0.000001 0.000001 0.000001 0.000001 0.000001 0.000001 0.000001 0.000001 0.000001 0.000001 0.000001 0.000001 0.000001 0.000001 0.000001 0.000001 0.000001
0.024695 0.008616 0.000001 0.000001 0.000001 0.000001 0.000001 0.000001 0.000001 0.000001 0.000001 0.000001 0.000001 0.000001 0.000001 0.000001 0.000001 0.000001 0.000001 0.000001 0.000001 0.000001 0.000001 0.000001 0.000001 0.000001 0.000001 0.000001 0.000001 0.000001 0.000001 0.000001 0.000001 0.000001 0.000001 0.000001 0.000001 0.000001 0.000001 0.000001 0.000001 0.000001 0.000001 0.000001 0.000001 0.000001 0.000001 0.000001 0.000001 0.000001
0.026896 0.008957 0.000001 0.000001 0.000001 0.000001 0.000001 0.000001 0.000001 0.000001 0.000001 0.000001 0.000001 0.000001 0.000001 0.000001 0.000001 0.000001 0.000001 0.000001 0.000001 0.000001 0.000001 0.000001 0.000001 0.000001 0.000001 0.000001 0.000001 0.000001 0.000001 0.000001 0.000001 0.000001 0.000001 0.000001 0.000001 0.000001 0.000001 0.000001 0.000001 0.000001 0.000001 0.000001 0.000001 0.000001 0.000001 0.000001 0.000001 0.000001
0.028021 0.009769 0.000001 0.000001 0.000001 0.000001 0.000001 0.000001 0.000001 0.000001 0.000001 0.000001 0.000001 0.000001 0.000001 0.000001 0.000001 0.000001 0.000001 0.000001 0.000001 0.000001 0.000001 0.000001 0.000001 0.000001 0.000001 0.000001 0.000001 0.000001 0.000001 0.000001 0.000001 0.000001 0.000001 0.000001 0.000001 0.000001 0.000001 0.000001 0.000001 0.000001 0.000001 0.000001 0.000001 0.000001 0.000001 0.000001 0.000001 0.000001
0.028059 0.011026 0.000001 0.000001 0.000001 0.000001 0.000001 0.000001 0.000001 0.000001 0.000001 0.000001 0.000001 0.000001 0.000001 0.000001 0.000001 0.000001 0.000001 0.000001 0.000001 0.000001 0.000001 0.000001 0.000001 0.000001 0.000001 0.000001 0.000001 0.000001 0.000001 0.000001 0.000001 0.000001 0.000001 0.000001 0.000001 0.000001 0.000001 0.000001 0.000001 0.000001 0.000001 0.000001 0.000001 0.000001 0.000001 0.000001 0.000001 0.000001
0.031886 0.014006 0.000001 0.000001 0.000001 0.000001 0.000001 0.000001 0.000001 0.000001 0.000001 0.000001 0.000001 0.000001 0.000001 0.000001 0.000001 0.000001 0.000001 0.000001 0.000001 0.000001 0.000001 0.000001 0.000001 0.000001 0.000001 0.000001 0.000001 0.000001 0.000001 0.000001 0.000001 0.000001 0.000001 0.000001 0.000001 0.000001 0.000001 0.000001 0.000001 0.000001 0.000001 0.000001 0.000001 0.000001 0.000001 0.000001 0.000001 0.000001
0.034887 0.017643 0.001471 0.000001 0.000001 0.000001 0.000001 0.000001 0.000001 0.000001 0.000001 0.000001 0.000001 0.000001 0.000001 0.000001 0.000001 0.000001 0.000001 0.000001 0.000001 0.000001 0.000001 0.000001 0.000001 0.000001 0.000001 0.000001 0.000001 0.000001 0.000001 0.000001 0.000001 0.000001 0.000001 0.000001 0.000001 0.000001 0.000001 0.000001 0.000001 0.000001 0.000001 0.000001 0.000001 0.000001 0.000001 0.000001 0.000001 0.000001
0.040996 0.022333 0.005766 0.000001 0.000001 0.000001 0.000001 0.000001 0.000001 0.000001 0.000001 0.000001 0.000001 0.000001 0.000001 0.000001 0.000001 0.000001 0.000001 0.000001 0.000001 0.000001 0.000001 0.000001 0.000001 0.000001 0.000001 0.000001 0.000001 0.000001 0.000001 0.000001 0.000001 0.000001 0.000001 0.000001 0.000001 0.000001 0.000001 0.000001 0.000001 0.000001 0.000001 0.000001 0.000001 0.000001 0.000001 0.000001 0.000001 0.000001
0.043329 0.026399 0.010253 0.000001 0.000001 0.000001 0.000001 0.000001 0.000001 0.000001 0.000001 0.000001 0.000001 0.000001 0.000001 0.000001 0.000001 0.000001 0.000001 0.000001 0.000001 0.000001 0.000001 0.000001 0.000001 0.000001 0.000001 0.000001 0.000001 0.000001 0.000001 0.000001 0.000001 0.000001 0.000001 0.000001 0.000001 0.000001 0.000001 0.000001 0.000001 0.000001 0.000001 0.000001 0.000001 0.000001 0.000001 0.000001 0.000001 0.000001
0.046922 0.030427 0.014659 0.000001 0.000001 0.000001 0.000001 0.000001 0.000001 0.000001 0.000001 0.000001 0.000001 0.000001 0.000001 0.000001 0.000001 0.000001 0.000001 0.000001 0.000001 0.000001 0.000001 0.000001 0.000001 0.000001 0.000001 0.000001 0.000001 0.000001 0.000001 0.000001 0.000001 0.000001 0.000001 0.000001 0.000001 0.000001 0.000001 0.000001 0.000001 0.000001 0.000001 0.000001 0.000001 0.000001 0.000001 0.000001 0.000001 0.000001
0.048937 0.033823 0.018839 0.003998 0.000001 0.000001 0.000001 0.000001 0.000001 0.000001 0.000001 0.000001 0.000001 0.000001 0.000001 0.000001 0.000001 0.000001 0.000001 0.000001 0.000001 0.000001 0.000001 0.000001 0.000001 0.000001 0.000001 0.000001 0.000001 0.000001 0.000001 0.000001 0.000001 0.000001 0.000001 0.000001 0.000001 0.000001 0.000001 0.000001 0.000001 0.000001 0.000001 0.000001 0.000001 0.000001 0.000001 0.000001 0.000001 0.000001
0.055090 0.038748 0.023523 0.008785 0.000001 0.000001 0.000001 0.000001 0.000001 0.000001 0.000001 0.000001 0.000001 0.000001 0.000001 0.000001 0.000001 0.000001 0.000001 0.000001 0.000001 0.000001 0.000001 0.000001 0.000001 0.000001 0.000001 0.000001 0.000001 0.000001 0.000001 0.000001 0.000001 0.000001 0.000001 0.000001 0.000001 0.000001 0.000001 0.000001 0.000001 0.000001 0.000001 0.000001 0.000001 0.000001 0.000001 0.000001 0.000001 0.000001
0.058320 0.042897 0.028070 0.013614 0.000001 0.000001 0.000001 0.000001 0.000001 0.000001 0.000001 0.000001 0.000001 0.000001 0.000001 0.000001 0.000001 0.000001 0.000001 0.000001 0.000001 0.000001 0.000001 0.000001 0.000001 0.000001 0.000001 0.000001 0.000001 0.000001 0.000001 0.000001 0.000001 0.000001 0.000001 0.000001 0.000001 0.000001 0.000001 0.000001 0.000001 0.000001 0.000001 0.000001 0.000001 0.000001 0.000001 0.000001 0.000001 0.000001
0.063155 0.047526 0.032830 0.018594 0.004535 0.000001 0.000001 0.000001 0.000001 0.000001 0.000001 0.000001 0.000001 0.000001 0.000001 0.000001 0.000001 0.000001 0.000001 0.000001 0.000001 0.000001 0.000001 0.000001 0.000001 0.000001 0.000001 0.000001 0.000001 0.000001 0.000001 0.000001 0.000001 0.000001 0.000001 0.000001 0.000001 0.000001 0.000001 0.000001 0.000001 0.000001 0.000001 0.000001 0.000001 0.000001 0.000001 0.000001 0.000001 0.000001
0.066048 0.051557 0.037356 0.023512 0.009825 0.000001 0.000001 0.000001 0.000001 0.000001 0.000001 0.000001 0.000001 0.000001 0.000001 0.000001 0.000001 0.000001 0.000001 0.000001 0.000001 0.000001 0.000001 0.000001 0.000001 0.000001 0.000001 0.000001 0.000001 0.000001 0.000001 0.000001 0.000001 0.000001 0.000001 0.000001 0.000001 0.000001 0.000001 0.000001 0.000001 0.000001 0.000001 0.000001 0.000001 0.000001 0.000001 0.000001 0.000001 0.000001
0.068273 0.054616 0.041324 0.028164 0.015060 0.002078 0.000001 0.000001 0.000001 0.000001 0.000001 0.000001 0.000001 0.000001 0.000001 0.000001 0.000001 0.000001 0.000001 0.000001 0.000001 0.000001 0.000001 0.000001 0.000001 0.000001 0.000001 0.000001 0.000001 0.000001 0.000001 0.000001 0.000001 0.000001 0.000001 0.000001 0.000001 0.000001 0.000001 0.000001 0.000001 0.000001 0.000001 0.000001 0.000001 0.000001 0.000001 0.000001 0.000001 0.000001
0.071565 0.058528 0.045553 0.032874 0.020343 0.007786 0.000001 0.000001 0.000001 0.000001 0.000001 0.000001 0.000001 0.000001 0.000001 0.000001 0.000001 0.000001 0.000001 0.000001 0.000001 0.000001 0.000001 0.000001 0.000001 0.000001 0.000001 0.000001 0.000001 0.000001 0.000001 0.000001 0.000001 0.000001 0.000001 0.000001 0.000001 0.000001 0.000001 0.000001 0.000001 0.000001 0.000001 0.000001 0.000001 0.000001 0.000001 0.000001 0.000001 0.000001
0.077270 0.062731 0.049897 0.037696 0.025747 0.013827 0.002112 0.000001 0.000001 0.000001 0.000001 0.000001 0.000001 0.000001 0.000001 0.000001 0.000001 0.000001 0.000001 0.000001 0.000001 0.000001 0.000001 0.000001 0.000001 0.000001 0.000001 0.000001 0.000001 0.000001 0.000001 0.000001 0.000001 0.000001 0.000001 0.000001 0.000001 0.000001 0.000001 0.000001 0.000001 0.000001 0.000001 0.000001 0.000001 0.000001 0.000001 0.000001 0.000001 0.000001
0.076380 0.065297 0.053827 0.042428 0.031150 0.019907 0.008581 0.000001 0.000001 0.000001 0.000001 0.000001 0.000001 0.000001 0.000001 0.000001 0.000001 0.000001 0.000001 0.000001 0.000001 0.000001 0.000001 0.000001 0.000001 0.000001 0.000001 0.000001 0.000001 0.000001 0.000001 0.000001 0.000001 0.000001 0.000001 0.000001 0.000001 0.000001 0.000001 0.000001 0.000001 0.000001 0.000001 0.000001 0.000001 0.000001 0.000001 0.000001 0.000001 0.000001
0.079620 0.068805 0.057800 0.046974 0.036334 0.025786 0.015202 0.004626 0.000001 0.000001 0.000001 0.000001 0.000001 0.000001 0.000001 0.000001 0.000001 0.000001 0.000001 0.000001 0.000001 0.000001 0.000001 0.000001 0.000001 0.000001 0.000001 0.000001 0.000001 0.000001 0.000001 0.000001 0.000001 0.000001 0.000001 0.000001 0.000001 0.000001 0.000001 0.000001 0.000001 0.000001 0.000001 0.000001 0.000001 0.000001 0.000001 0.000001 0.000001 0.000001
0.084449 0.072150 0.061277 0.051006 0.041046 0.031238 0.021446 0.011547 0.002086 0.000001 0.000001 0.000001 0.000001 0.000001 0.000001 0.000001 0.000001 0.000001 0.000001 0.000001 0.000001 0.000001 0.000001 0.000001 0.000001 0.000001 0.000001 0.000001 0.000001 0.000001 0.000001 0.000001 0.000001 0.000001 0.000001 0.000001 0.000001 0.000001 0.000001 0.000001 0.000001 0.000001 0.000001 0.000001 0.000001 0.000001 0.000001 0.000001 0.000001 0.000001
0.083439 0.073660 0.063938 0.054475 0.045251 0.036185 0.027178 0.018115 0.008929 0.000623 0.000001 0.000001 0.000001 0.000001 0.000001 0.000001 0.000001 0.000001 0.000001 0.000001 0.000001 0.000001 0.000001 0.000001 0.000001 0.000001 0.000001 0.000001 0.000001 0.000001 0.000001 0.000001 0.000001 0.000001 0.000001 0.000001 0.000001 0.000001 0.000001 0.000001 0.000001 0.000001 0.000001 0.000001 0.000001 0.000001 0.000001 0.000001 0.000001 0.000001
0.085669 0.075998 0.066691 0.057722 0.049053 0.040617 0.032320 0.024051 0.015694 0.007253 0.000001 0.000001 0.000001 0.000001 0.000001 0.000001 0.000001 0.000001 0.000001 0.000001 0.000001 0.000001 0.000001 0.000001 0.000001 0.000001 0.000001 0.000001 0.000001 0.000001 0.000001 0.000001 0.000001 0.000001 0.000001 0.000001 0.000001 0.000001 0.000001 0.000001 0.000001 0.000001 0.000001 0.000001 0.000001 0.000001 0.000001 0.000001 0.000001 0.000001
0.088679 0.078692 0.069310 0.060528 0.052250 0.044356 0.036718 0.029209 0.021700 0.014076 0.006392 0.000001 0.000001 0.000001 0.000001 0.000001 0.000001 0.000001 0.000001 0.000001 0.000001 0.000001 0.000001 0.000001 0.000001 0.000001 0.000001 0.000001 0.000001 0.000001 0.000001 0.000001 0.000001 0.000001 0.000001 0.000001 0.000001 0.000001 0.000001 0.000001 0.000001 0.000001 0.000001 0.000001 0.000001 0.000001 0.000001 0.000001 0.000001 0.000001
0.089642 0.079603 0.070445 0.062079 0.054353 0.047105 0.040187 0.033464 0.026808 0.020097 0.013232 0.006249 0.000257 0.000001 0.000001 0.000001 0.000001 0.000001 0.000001 0.000001 0.000001 0.000001 0.000001 0.000001 0.000001 0.000001 0.000001 0.000001 0.000001 0.000001 0.000001 0.000001 0.000001 0.000001 0.000001 0.000001 0.000001 0.000001 0.000001 0.000001 0.000001 0.000001 0.000001 0.000001 0.000001 0.000001 0.000001 0.000001 0.000001 0.000001
0.088423 0.078149 0.069641 0.062124 0.055250 0.048830 0.042732 0.036839 0.031041 0.025232 0.019305 0.013172 0.006813 0.001229 0.000001 0.000001 0.000001 0.000001 0.000001 0.000001 0.000001 0.000001 0.000001 0.000001 0.000001 0.000001 0.000001 0.000001 0.000001 0.000001 0.000001 0.000001 0.000001 0.000001 0.000001 0.000001 0.000001 0.000001 0.000001 0.000001 0.000001 0.000001 0.000001 0.000001 0.000001 0.000001 0.000001 0.000001 0.000001 0.000001
0.080275 0.073989 0.067558 0.061347 0.055471 0.049922 0.044641 0.039550 0.034564 0.029594 0.024550 0.019341 0.013845 0.008055 0.002708 0.000001 0.000001 0.000001 0.000001 0.000001 0.000001 0.000001 0.000001 0.000001 0.000001 0.000001 0.000001 0.000001 0.000001 0.000001 0.000001 0.000001 0.000001 0.000001 0.000001 0.000001 0.000001 0.000001 0.000001 0.000001 0.000001 0.000001 0.000001 0.000001 0.000001 0.000001 0.000001 0.000001 0.000001 0.000001
0.078118 0.072482 0.066638 0.061050 0.055816 0.050917 0.046293 0.041875 0.037586 0.033346 0.029076 0.024695 0.020115 0.015167 0.009890 0.004699 0.000478 0.000001 0.000001 0.000001 0.000001 0.000001 0.000001 0.000001 0.000001 0.000001 0.000001 0.000001 0.000001 0.000001 0.000001 0.000001 0.000001 0.000001 0.000001 0.000001 0.000001 0.000001 0.000001 0.000001 0.000001 0.000001 0.000001 0.000001 0.000001 0.000001 0.000001 0.000001 0.000001 0.000001
0.082561 0.073895 0.067200 0.061558 0.056575 0.052061 0.047897 0.043988 0.040252 0.036611 0.032990 0.029312 0.025504 0.021452 0.017004 0.012203 0.007285 0.002874 0.000001 0.000001 0.000001 0.000001 0.000001 0.000001 0.000001 0.000001 0.000001 0.000001 0.000001 0.000001 0.000001 0.000001 0.000001 0.000001 0.000001 0.000001 0.000001 0.000001 0.000001 0.000001 0.000001 0.000001 0.000001 0.000001 0.000001 0.000001 0.000001 0.000001 0.000001 0.000001
0.079879 0.073360 0.067440 0.062157 0.057458 0.053247 0.049428 0.045910 0.042610 0.039451 0.036361 0.033267 0.030102 0.026792 0.023190 0.019205 0.014862 0.010281 0.005730 0.001909 0.000001 0.000001 0.000001 0.000001 0.000001 0.000001 0.000001 0.000001 0.000001 0.000001 0.000001 0.000001 0.000001 0.000001 0.000001 0.000001 0.000001 0.000001 0.000001 0.000001 0.000001 0.000001 0.000001 0.000001 0.000001 0.000001 0.000001 0.000001 0.000001 0.000001
0.079336 0.073250 0.067656 0.062681 0.058268 0.054341 0.050819 0.047622 0.044674 0.041905 0.039244 0.036628 0.033992 0.031273 0.028385 0.025181 0.021621 0.017707 0.013492 0.009133 0.004906 0.001416 0.000001 0.000001 0.000001 0.000001 0.000001 0.000001 0.000001 0.000001 0.000001 0.000001 0.000001 0.000001 0.000001 0.000001 0.000001 0.000001 0.000001 0.000001 0.000001 0.000001 0.000001 0.000001 0.000001 0.000001 0.000001 0.000001 0.000001 0.000001
0.079507 0.073178 0.067879 0.063205 0.059059 0.055379 0.052100 0.049158 0.046487 0.044023 0.041702 0.039465 0.037254 0.035009 0.032673 0.030134 0.027288 0.024113 0.020598 0.016758 0.012656 0.008464 0.004455 0.001142 0.000001 0.000001 0.000001 0.000001 0.000001 0.000001 0.000001 0.000001 0.000001 0.000001 0.000001 0.000001 0.000001 0.000001 0.000001 0.000001 0.000001 0.000001 0.000001 0.000001 0.000001 0.000001 0.000001 0.000001 0.000001 0.000001
0.078077 0.073514 0.068606 0.064086 0.060058 0.056499 0.053359 0.050579 0.048097 0.045852 0.043785 0.041838 0.039957 0.038087 0.036176 0.034160 0.031911 0.029381 0.026547 0.023391 0.019906 0.016118 0.012089 0.007990 0.004099 0.000868 0.000001 0.000001 0.000001 0.000001 0.000001 0.000001 0.000001 0.000001 0.000001 0.000001 0.000001 0.000001 0.000001 0.000001 0.000001 0.000001 0.000001 0.000001 0.000001 0.000001 0.000001 0.000001 0.000001 0.000001
0.083626 0.075917 0.070194 0.065392 0.061251 0.057666 0.054557 0.051851 0.049482 0.047385 0.045499 0.043769 0.042140 0.040561 0.038983 0.037357 0.035591 0.033592 0.031334 0.028794 0.025949 0.022783 0.019295 0.015510 0.011492 0.007406 0.003566 0.000355 0.000001 0.000001 0.000001 0.000001 0.000001 0.000001 0.000001 0.000001 0.000001 0.000001 0.000001 0.000001 0.000001 0.000001 0.000001 0.000001 0.000001 0.000001 0.000001 0.000001 0.000001 0.000001
0.082087 0.076824 0.071314 0.066398 0.062167 0.058552 0.055462 0.052813 0.050531 0.048549 0.046805 0.045245 0.043815 0.042466 0.041150 0.039822 0.038427 0.036853 0.035061 0.033027 0.030726 0.028135 0.025233 0.022006 0.018451 0.014595 0.010502 0.006342 0.002533 0.000001 0.000001 0.000001 0.000001 0.000001 0.000001 0.000001 0.000001 0.000001 0.000001 0.000001 0.000001 0.000001 0.000001 0.000001 0.000001 0.000001 0.000001 0.000001 0.000001 0.000001
0.085642 0.077489 0.071395 0.066465 0.062337 0.058836 0.055856 0.053315 0.051145 0.049283 0.047672 0.046260 0.044996 0.043834 0.042728 0.041635 0.040513 0.039274 0.037846 0.036208 0.034337 0.032210 0.029803 0.027091 0.024053 0.020675 0.016954 0.012917 0.008642 0.004329 0.000606 0.000001 0.000001 0.000001 0.000001 0.000001 0.000001 0.000001 0.000001 0.000001 0.000001 0.000001 0.000001 0.000001 0.000001 0.000001 0.000001 0.000001 0.000001 0.000001
0.079292 0.074351 0.069715 0.065512 0.061796 0.058561 0.055772 0.053386 0.051352 0.049619 0.048138 0.046859 0.045737 0.044726 0.043785 0.042873 0.041951 0.040959 0.039804 0.038460 0.036908 0.035125 0.033089 0.030776 0.028159 0.025213 0.021916 0.018252 0.014217 0.009843 0.005258 0.000967 0.000001 0.000001 0.000001 0.000001 0.000001 0.000001 0.000001 0.000001 0.000001 0.000001 0.000001 0.000001 0.000001 0.000001 0.000001 0.000001 0.000001 0.000001
0.077175 0.072791 0.068556 0.064662 0.061180 0.058128 0.055490 0.053234 0.051318 0.049695 0.048320 0.047147 0.046133 0.045234 0.044411 0.043626 0.042840 0.042010 0.041037 0.039890 0.038549 0.036995 0.035205 0.033157 0.030825 0.028183 0.025202 0.021854 0.018115 0.013965 0.009408 0.004516 0.000001 0.000001 0.000001 0.000001 0.000001 0.000001 0.000001 0.000001 0.000001 0.000001 0.000001 0.000001 0.000001 0.000001 0.000001 0.000001 0.000001 0.000001
0.077853 0.072869 0.068361 0.064367 0.060880 0.057866 0.055285 0.053092 0.051239 0.049678 0.048363 0.047250 0.046294 0.045456 0.044696 0.043977 0.043261 0.042510 0.041631 0.040582 0.039347 0.037906 0.036239 0.034324 0.032135 0.029645 0.026827 0.023650 0.020082 0.016092 0.011654 0.006756 0.001471 0.000001 0.000001 0.000001 0.000001 0.000001 0.000001 0.000001 0.000001 0.000001 0.000001 0.000001 0.000001 0.000001 0.000001 0.000001 0.000001 0.000001
