0.091460 0.154397 0.000001 0.146742
0.091596 0.154588 0.000001 0.147013
0.091866 0.154966 0.000001 0.147549
0.092261 0.155518 0.000001 0.148334
0.092769 0.156229 0.000001 0.149347
0.093378 0.157078 0.000001 0.150562
0.094071 0.158038 0.000001 0.151946
0.094832 0.159081 0.000001 0.153462
0.095644 0.160173 0.000001 0.155072
0.096491 0.161281 0.000001 0.156736
0.097357 0.162369 0.000001 0.158413
0.098229 0.163401 0.000001 0.160064
0.099096 0.164343 0.000001 0.161653
0.099950 0.165163 0.000001 0.163146
0.100783 0.165831 0.000001 0.164514
0.101590 0.166318 0.000001 0.165728
0.102371 0.166598 0.000001 0.166764
0.103124 0.166648 0.000001 0.167600
0.103849 0.166446 0.000001 0.168215
0.104550 0.165969 0.000001 0.168586
0.105232 0.165198 0.000001 0.168691
0.105901 0.164110 0.000001 0.168506
0.106566 0.162689 0.000001 0.168003
0.107240 0.160917 0.000001 0.167152
0.107938 0.158779 0.000001 0.165918
0.108680 0.156266 0.000001 0.164261
0.109492 0.153373 0.000001 0.162133
0.110402 0.150102 0.000001 0.159475
0.111446 0.146465 0.000119 0.156217
0.112668 0.142480 0.004443 0.152268
0.114111 0.138183 0.010718 0.147544
0.115816 0.133621 0.017919 0.141992
0.117820 0.128858 0.025650 0.135600
0.120156 0.123967 0.033765 0.128387
0.122856 0.119034 0.042194 0.120407
0.125946 0.114148 0.050895 0.111751
0.129451 0.109402 0.059832 0.102548
0.133389 0.104883 0.068972 0.092970
0.137774 0.100669 0.078278 0.083225
0.142613 0.096823 0.087714 0.073553
0.147908 0.093390 0.097238 0.064210
0.153653 0.090396 0.106800 0.055463
0.159833 0.087853 0.116341 0.047570
0.166427 0.085768 0.125793 0.040785
0.173405 0.084147 0.135079 0.035362
0.180729 0.083011 0.144110 0.031573
0.188356 0.082406 0.152787 0.029734
0.196234 0.082417 0.161001 0.030222
0.204307 0.083188 0.168630 0.033480
0.212514 0.084936 0.175540 0.040012
0.220790 0.087976 0.181574 0.050344
0.229064 0.092733 0.186547 0.065001
0.237262 0.099754 0.190225 0.084475
0.245304 0.109695 0.192312 0.109212
0.253102 0.123291 0.192418 0.139609
0.260566 0.141295 0.190054 0.175993
0.267604 0.164385 0.184628 0.218582
0.274125 0.193045 0.175488 0.267400
0.280052 0.227422 0.162013 0.322144
0.285337 0.267211 0.143742 0.382039
0.289985 0.311604 0.120534 0.445722
0.294074 0.359341 0.092733 0.511227
0.297765 0.408863 0.061411 0.576131
0.301271 0.458529 0.029153 0.637896
0.304752 0.506827 0.002775 0.694478
0.308173 0.552548 0.000001 0.745064
0.311359 0.594821 0.000001 0.789705
0.314169 0.633048 0.000001 0.828442
0.316496 0.666856 0.000001 0.861309
0.318262 0.696045 0.000001 0.888355
0.319419 0.720551 0.000001 0.909665
0.319935 0.740415 0.000001 0.925368
0.319797 0.755751 0.000001 0.935640
0.319003 0.766722 0.000001 0.940706
0.317558 0.773521 0.000001 0.940826
0.315470 0.776354 0.000001 0.936289
0.312752 0.775423 0.000001 0.927396
0.309413 0.770921 0.000001 0.914454
0.305458 0.763025 0.000001 0.897761
0.300891 0.751892 0.000001 0.877606
0.295712 0.737663 0.000001 0.854270
0.289917 0.720472 0.000001 0.828028
0.283505 0.700452 0.000001 0.799158
0.276476 0.677754 0.000001 0.767954
0.268842 0.652560 0.000001 0.734736
0.260625 0.625101 0.000001 0.699862
0.251867 0.595670 0.000001 0.663731
0.242635 0.564637 0.000001 0.626793
0.233025 0.532457 0.000001 0.589542
0.223163 0.499669 0.000001 0.552513
0.213209 0.466887 0.000001 0.516274
0.203354 0.434782 0.000001 0.481411
0.193814 0.404059 0.000001 0.448513
0.184820 0.375419 0.000001 0.418162
0.176604 0.349533 0.000001 0.390912
0.169389 0.327007 0.000001 0.367283
0.163372 0.308361 0.000001 0.347743
0.158717 0.294013 0.000001 0.332696
0.155546 0.284276 0.000001 0.322470
0.153941 0.279356 0.000001 0.317297
