0.145168 0.151543 0.156892 0.161810 0.166544 0.171208 0.175864 0.180551 0.185294 0.190112 0.195021 0.200033 0.205159 0.210408 0.215787 0.221304 0.226965 0.232778 0.238749 0.244883 0.251186 0.257665 0.264326 0.271173 0.278213 0.285450 0.292889 0.300501 0.308242 0.316115 0.324125 0.332275 0.340571 0.349015 0.357612 0.366366 0.375279 0.384357 0.393602 0.403019 0.412611 0.422381 0.432335 0.442475 0.452806 0.463332 0.474056 0.484983 0.496116 0.507460
0.157127 0.159174 0.162522 0.166377 0.170459 0.174677 0.179005 0.183438 0.187979 0.192633 0.197407 0.202306 0.207335 0.212502 0.217810 0.223266 0.228874 0.234641 0.240572 0.246671 0.252944 0.259397 0.266034 0.272862 0.279884 0.287104 0.294519 0.302086 0.309787 0.317624 0.325602 0.333725 0.341994 0.350415 0.358991 0.367725 0.376621 0.385683 0.394913 0.404316 0.413896 0.423656 0.433600 0.443731 0.454054 0.464572 0.475290 0.486211 0.497339 0.508679
0.164411 0.166975 0.169961 0.173229 0.176740 0.180466 0.184383 0.188476 0.192733 0.197149 0.201721 0.206447 0.211328 0.216366 0.221563 0.226921 0.232445 0.238138 0.244005 0.250048 0.256273 0.262684 0.269286 0.276081 0.283073 0.290257 0.297610 0.305103 0.312737 0.320514 0.328438 0.336510 0.344735 0.353115 0.361654 0.370354 0.379219 0.388252 0.397457 0.406837 0.416395 0.426136 0.436062 0.446178 0.456487 0.466993 0.477699 0.488611 0.499731 0.511064
0.169852 0.174272 0.177425 0.180473 0.183682 0.187106 0.190743 0.194583 0.198615 0.202831 0.207225 0.211795 0.216537 0.221453 0.226542 0.231806 0.237247 0.242868 0.248671 0.254661 0.260840 0.267212 0.273779 0.280540 0.287491 0.294612 0.301876 0.309286 0.316844 0.324552 0.332412 0.340427 0.348599 0.356931 0.365425 0.374084 0.382912 0.391912 0.401086 0.410439 0.419972 0.429690 0.439597 0.449695 0.459988 0.470481 0.481176 0.492077 0.503189 0.514516
0.182837 0.182212 0.184201 0.186972 0.190095 0.193456 0.197021 0.200778 0.204720 0.208844 0.213150 0.217634 0.222299 0.227143 0.232168 0.237376 0.242769 0.248348 0.254117 0.260078 0.266233 0.272585 0.279129 0.285857 0.292749 0.299786 0.306972 0.314310 0.321801 0.329447 0.337250 0.345212 0.353335 0.361622 0.370075 0.378698 0.387492 0.396461 0.405608 0.414936 0.424447 0.434146 0.444036 0.454119 0.464400 0.474882 0.485569 0.496465 0.507572 0.518896
0.178873 0.184864 0.188596 0.191984 0.195404 0.198939 0.202612 0.206436 0.210419 0.214566 0.218884 0.223375 0.228042 0.232889 0.237917 0.243128 0.248526 0.254114 0.259894 0.265867 0.272035 0.278391 0.284922 0.291606 0.298438 0.305421 0.312556 0.319845 0.327290 0.334894 0.342657 0.350582 0.358672 0.366929 0.375354 0.383952 0.392724 0.401673 0.410803 0.420116 0.429615 0.439304 0.449185 0.459263 0.469540 0.480020 0.490707 0.501605 0.512716 0.524046
0.188728 0.189431 0.192577 0.196132 0.199780 0.203507 0.207338 0.211296 0.215395 0.219647 0.224059 0.228635 0.233382 0.238303 0.243401 0.248680 0.254144 0.259796 0.265637 0.271667 0.277877 0.284249 0.290764 0.297428 0.304241 0.311205 0.318323 0.325595 0.333024 0.340612 0.348362 0.356275 0.364354 0.372601 0.381019 0.389610 0.398378 0.407325 0.416453 0.425767 0.435268 0.444961 0.454848 0.464933 0.475219 0.485710 0.496409 0.507320 0.518447 0.529793
0.183594 0.191425 0.195865 0.199664 0.203413 0.207250 0.211213 0.215317 0.219567 0.223970 0.228530 0.233249 0.238133 0.243186 0.248410 0.253810 0.259391 0.265154 0.271099 0.277212 0.283468 0.289865 0.296405 0.303091 0.309924 0.316906 0.324041 0.331329 0.338774 0.346377 0.354141 0.362069 0.370162 0.378425 0.386858 0.395465 0.404250 0.413214 0.422361 0.431694 0.441215 0.450929 0.460839 0.470947 0.481258 0.491774 0.502500 0.513440 0.524596 0.535973
0.199322 0.197252 0.199359 0.202597 0.206266 0.210183 0.214291 0.218568 0.223002 0.227590 0.232332 0.237231 0.242287 0.247507 0.252892 0.258449 0.264180 0.270084 0.276142 0.282331 0.288655 0.295115 0.301715 0.308457 0.315343 0.322376 0.329559 0.336893 0.344382 0.352027 0.359833 0.367801 0.375934 0.384235 0.392707 0.401353 0.410175 0.419178 0.428363 0.437735 0.447295 0.457049 0.466998 0.477147 0.487499 0.498058 0.508827 0.519810 0.531011 0.542434
0.188697 0.195907 0.200220 0.204152 0.208183 0.212379 0.216736 0.221243 0.225895 0.230690 0.235631 0.240719 0.245960 0.251358 0.256917 0.262642 0.268533 0.274569 0.280726 0.287011 0.293426 0.299974 0.306657 0.313479 0.320441 0.327548 0.334801 0.342204 0.349759 0.357470 0.365338 0.373368 0.381562 0.389922 0.398453 0.407156 0.416036 0.425096 0.434338 0.443766 0.453384 0.463194 0.473201 0.483407 0.493817 0.504434 0.515262 0.526304 0.537565 0.549048
0.196167 0.197376 0.201048 0.205310 0.209753 0.214298 0.218938 0.223684 0.228546 0.233534 0.238655 0.243918 0.249328 0.254891 0.260613 0.266498 0.272525 0.278668 0.284932 0.291320 0.297835 0.304479 0.311257 0.318170 0.325221 0.332415 0.339753 0.347239 0.354875 0.362665 0.370612 0.378719 0.386988 0.395424 0.404029 0.412806 0.421759 0.430891 0.440205 0.449705 0.459395 0.469277 0.479355 0.489634 0.500116 0.510805 0.521706 0.532822 0.544157 0.555715
0.190227 0.196687 0.202040 0.206986 0.211779 0.216546 0.221356 0.226247 0.231245 0.236365 0.241618 0.247013 0.252557 0.258256 0.264116 0.270128 0.276254 0.282498 0.288861 0.295347 0.301959 0.308700 0.315572 0.322579 0.329723 0.337008 0.344437 0.352012 0.359738 0.367616 0.375650 0.383843 0.392198 0.400718 0.409408 0.418269 0.427306 0.436522 0.445920 0.455503 0.465276 0.475242 0.485404 0.495766 0.506333 0.517107 0.528093 0.539294 0.550715 0.562359
0.193522 0.200344 0.205484 0.210152 0.214752 0.219415 0.224188 0.229089 0.234126 0.239306 0.244634 0.250115 0.255753 0.261554 0.267520 0.273615 0.279825 0.286154 0.292603 0.299177 0.305877 0.312707 0.319668 0.326765 0.334000 0.341375 0.348894 0.356560 0.364376 0.372344 0.380469 0.388752 0.397198 0.405809 0.414589 0.423542 0.432669 0.441976 0.451465 0.461140 0.471004 0.481062 0.491316 0.501771 0.512431 0.523298 0.534378 0.545674 0.557191 0.568931
0.208148 0.207992 0.210446 0.214011 0.218121 0.222556 0.227224 0.232085 0.237121 0.242326 0.247697 0.253235 0.258941 0.264819 0.270857 0.277016 0.283294 0.289694 0.296218 0.302868 0.309646 0.316556 0.323600 0.330781 0.338100 0.345562 0.353168 0.360922 0.368826 0.376885 0.385099 0.393474 0.402012 0.410715 0.419588 0.428634 0.437856 0.447257 0.456842 0.466613 0.476574 0.486729 0.497081 0.507635 0.518393 0.529361 0.540542 0.551939 0.563558 0.575402
0.206699 0.209192 0.212672 0.216635 0.220905 0.225410 0.230117 0.235008 0.240077 0.245320 0.250736 0.256326 0.262092 0.268035 0.274128 0.280342 0.286680 0.293142 0.299732 0.306451 0.313301 0.320284 0.327404 0.334662 0.342061 0.349604 0.357294 0.365132 0.373123 0.381268 0.389572 0.398036 0.406665 0.415461 0.424427 0.433567 0.442884 0.452382 0.462064 0.471933 0.481993 0.492248 0.502702 0.513357 0.524219 0.535291 0.546576 0.558080 0.569806 0.581758
0.199393 0.207851 0.213571 0.218482 0.223198 0.227934 0.232776 0.237758 0.242898 0.248203 0.253679 0.259330 0.265159 0.271167 0.277313 0.283582 0.289977 0.296500 0.303153 0.309937 0.316854 0.323908 0.331100 0.338432 0.345908 0.353529 0.361298 0.369218 0.377293 0.385523 0.393913 0.402466 0.411184 0.420071 0.429130 0.438363 0.447776 0.457370 0.467149 0.477117 0.487277 0.497633 0.508189 0.518948 0.529915 0.541092 0.552485 0.564097 0.575933 0.587995
0.209953 0.212339 0.216446 0.220957 0.225615 0.230394 0.235304 0.240360 0.245573 0.250949 0.256495 0.262215 0.268114 0.274188 0.280392 0.286721 0.293177 0.299762 0.306479 0.313329 0.320314 0.327437 0.334700 0.342105 0.349655 0.357353 0.365201 0.373201 0.381357 0.389671 0.398146 0.406785 0.415592 0.424568 0.433718 0.443044 0.452550 0.462239 0.472115 0.482181 0.492441 0.502898 0.513557 0.524420 0.535491 0.546775 0.558276 0.569997 0.581943 0.594118
0.211045 0.215264 0.219240 0.223500 0.228034 0.232787 0.237727 0.242838 0.248118 0.253566 0.259185 0.264979 0.270953 0.277095 0.283363 0.289757 0.296278 0.302929 0.309713 0.316631 0.323685 0.330879 0.338214 0.345693 0.353318 0.361092 0.369017 0.377097 0.385334 0.393730 0.402289 0.411013 0.419906 0.428971 0.438210 0.447627 0.457226 0.467009 0.476981 0.487144 0.497502 0.508059 0.518819 0.529784 0.540960 0.552350 0.563958 0.575788 0.587844 0.600130
0.214056 0.217062 0.221088 0.225497 0.230147 0.234993 0.240013 0.245202 0.250557 0.256080 0.261774 0.267644 0.273694 0.279905 0.286241 0.292703 0.299293 0.306014 0.312867 0.319856 0.326982 0.334248 0.341656 0.349209 0.356910 0.364760 0.372763 0.380922 0.389239 0.397716 0.406358 0.415166 0.424144 0.433295 0.442623 0.452129 0.461819 0.471694 0.481759 0.492017 0.502472 0.513127 0.523986 0.535053 0.546331 0.557825 0.569538 0.581475 0.593639 0.606035
0.211114 0.217197 0.222275 0.227173 0.232091 0.237099 0.242232 0.247509 0.252941 0.258537 0.264304 0.270246 0.276370 0.282651 0.289056 0.295588 0.302248 0.309039 0.315964 0.323025 0.330223 0.337562 0.345045 0.352672 0.360448 0.368375 0.376455 0.384692 0.393087 0.401645 0.410367 0.419258 0.428319 0.437555 0.446968 0.456561 0.466339 0.476304 0.486460 0.496810 0.507359 0.518109 0.529064 0.540229 0.551607 0.563202 0.575018 0.587059 0.599329 0.611833
0.216054 0.219673 0.224416 0.229312 0.234272 0.239328 0.244510 0.249840 0.255329 0.260986 0.266818 0.272829 0.279023 0.285372 0.291845 0.298446 0.305177 0.312039 0.319034 0.326166 0.333436 0.340847 0.348402 0.356103 0.363952 0.371953 0.380108 0.388420 0.396892 0.405527 0.414328 0.423298 0.432439 0.441756 0.451252 0.460929 0.470792 0.480843 0.491086 0.501525 0.512164 0.523006 0.534054 0.545313 0.556787 0.568479 0.580394 0.592535 0.604908 0.617515
0.215155 0.222308 0.227223 0.231901 0.236706 0.241694 0.246867 0.252220 0.257752 0.263464 0.269356 0.275431 0.281694 0.288108 0.294649 0.301317 0.308115 0.315044 0.322108 0.329307 0.336646 0.344125 0.351749 0.359519 0.367438 0.375509 0.383735 0.392118 0.400663 0.409371 0.418245 0.427290 0.436508 0.445902 0.455475 0.465231 0.475174 0.485307 0.495633 0.506156 0.516880 0.527809 0.538946 0.550294 0.561859 0.573644 0.585653 0.597890 0.610360 0.623066
0.228776 0.227213 0.230139 0.234335 0.239030 0.244016 0.249225 0.254631 0.260223 0.265997 0.271953 0.278094 0.284421 0.290899 0.297503 0.304233 0.311093 0.318084 0.325208 0.332470 0.339870 0.347411 0.355097 0.362930 0.370912 0.379048 0.387338 0.395787 0.404398 0.413173 0.422115 0.431229 0.440516 0.449981 0.459627 0.469457 0.479474 0.489682 0.500086 0.510687 0.521491 0.532500 0.543719 0.555152 0.566803 0.578674 0.590772 0.603099 0.615660 0.628460
0.215093 0.225009 0.230877 0.235991 0.241065 0.246256 0.251600 0.257108 0.262783 0.268630 0.274652 0.280855 0.287241 0.293774 0.300432 0.307215 0.314126 0.321169 0.328346 0.335659 0.343112 0.350706 0.358446 0.366332 0.374370 0.382560 0.390907 0.399414 0.408082 0.416917 0.425920 0.435094 0.444444 0.453973 0.463684 0.473580 0.483664 0.493942 0.504415 0.515088 0.525965 0.537049 0.548344 0.559854 0.571583 0.583535 0.595715 0.608126 0.620772 0.633659
0.227529 0.228651 0.233066 0.238138 0.243376 0.248718 0.254177 0.259771 0.265515 0.271419 0.277492 0.283740 0.290169 0.296742 0.303438 0.310260 0.317210 0.324291 0.331507 0.338860 0.346353 0.353989 0.361771 0.369701 0.377783 0.386019 0.394412 0.402967 0.411684 0.420569 0.429623 0.438851 0.448255 0.457839 0.467607 0.477561 0.487705 0.498043 0.508579 0.519316 0.530258 0.541409 0.552773 0.564353 0.576154 0.588180 0.600434 0.612922 0.625646 0.638613
0.221669 0.229882 0.235698 0.241011 0.246279 0.251626 0.257093 0.262699 0.268458 0.274379 0.280468 0.286735 0.293183 0.299774 0.306489 0.313331 0.320302 0.327407 0.334648 0.342027 0.349548 0.357212 0.365025 0.372987 0.381102 0.389373 0.397802 0.406394 0.415151 0.424076 0.433173 0.442444 0.451893 0.461524 0.471339 0.481343 0.491539 0.501930 0.512520 0.523313 0.534312 0.545522 0.556947 0.568589 0.580454 0.592546 0.604867 0.617424 0.630219 0.643258
0.232076 0.235630 0.239946 0.244680 0.249679 0.254881 0.260261 0.265812 0.271534 0.277430 0.283504 0.289761 0.296203 0.302790 0.309505 0.316350 0.323327 0.330441 0.337692 0.345084 0.352619 0.360301 0.368132 0.376115 0.384252 0.392548 0.401003 0.409623 0.418409 0.427365 0.436495 0.445800 0.455286 0.464954 0.474809 0.484854 0.495092 0.505527 0.516164 0.527004 0.538053 0.549315 0.560792 0.572489 0.584410 0.596560 0.608941 0.621559 0.634418 0.647521
0.238617 0.239735 0.243539 0.248103 0.252990 0.258096 0.263397 0.268883 0.274553 0.280407 0.286448 0.292678 0.299098 0.305667 0.312367 0.319202 0.326173 0.333283 0.340533 0.347927 0.355467 0.363155 0.370995 0.378988 0.387139 0.395449 0.403921 0.412559 0.421366 0.430345 0.439498 0.448830 0.458343 0.468041 0.477927 0.488005 0.498278 0.508750 0.519424 0.530305 0.541396 0.552701 0.564223 0.575967 0.587937 0.600137 0.612571 0.625242 0.638156 0.651317
0.229150 0.239738 0.245784 0.250872 0.255856 0.260952 0.266213 0.271657 0.277287 0.283104 0.289112 0.295311 0.301703 0.308247 0.314928 0.321746 0.328703 0.335801 0.343043 0.350431 0.357967 0.365655 0.373495 0.381492 0.389647 0.397964 0.406446 0.415095 0.423915 0.432908 0.442079 0.451429 0.460963 0.470683 0.480593 0.490697 0.500998 0.511499 0.522205 0.533119 0.544244 0.555585 0.567146 0.578930 0.590941 0.603184 0.615662 0.628380 0.641343 0.654553
0.247916 0.245989 0.249083 0.253444 0.258238 0.263275 0.268510 0.273932 0.279539 0.285332 0.291313 0.297484 0.303848 0.310370 0.317030 0.323828 0.330769 0.337853 0.345082 0.352460 0.359988 0.367668 0.375505 0.383499 0.391654 0.399973 0.408459 0.417114 0.425941 0.434944 0.444125 0.453488 0.463037 0.472773 0.482702 0.492825 0.503148 0.513673 0.524403 0.535344 0.546497 0.557868 0.569460 0.581277 0.593323 0.605602 0.618118 0.630876 0.643879 0.657132
0.235877 0.244691 0.250040 0.254896 0.259816 0.264895 0.270146 0.275568 0.281166 0.286941 0.292899 0.299043 0.305378 0.311880 0.318521 0.325302 0.332225 0.339294 0.346510 0.353875 0.361393 0.369066 0.376895 0.384885 0.393037 0.401354 0.409840 0.418497 0.427328 0.436336 0.445524 0.454896 0.464455 0.474203 0.484145 0.494284 0.504622 0.515165 0.525915 0.536876 0.548052 0.559447 0.571064 0.582908 0.594982 0.607291 0.619838 0.632629 0.645666 0.658954
0.245605 0.246790 0.250933 0.255706 0.260684 0.265803 0.271067 0.276485 0.282067 0.287819 0.293748 0.299861 0.306161 0.312642 0.319266 0.326031 0.332940 0.339994 0.347198 0.354552 0.362060 0.369724 0.377547 0.385531 0.393679 0.401993 0.410478 0.419135 0.427967 0.436978 0.446170 0.455547 0.465112 0.474869 0.484820 0.494969 0.505320 0.515876 0.526640 0.537617 0.548810 0.560223 0.571860 0.583724 0.595821 0.608153 0.620724 0.633540 0.646604 0.659921
0.237428 0.245339 0.250868 0.255910 0.260916 0.266009 0.271235 0.276614 0.282155 0.287868 0.293759 0.299831 0.306091 0.312541 0.319152 0.325904 0.332801 0.339845 0.347039 0.354384 0.361885 0.369542 0.377358 0.385337 0.393481 0.401792 0.410274 0.418930 0.427762 0.436773 0.445967 0.455347 0.464916 0.474677 0.484633 0.494789 0.505147 0.515711 0.526486 0.537473 0.548677 0.560103 0.571753 0.583632 0.595744 0.608093 0.620682 0.633516 0.646600 0.659937
0.244412 0.247109 0.251176 0.255691 0.260451 0.265405 0.270539 0.275849 0.281335 0.287001 0.292847 0.298878 0.305095 0.311503 0.318097 0.324842 0.331731 0.338769 0.345956 0.353295 0.360789 0.368441 0.376253 0.384227 0.392366 0.400674 0.409152 0.417805 0.426635 0.435644 0.444837 0.454216 0.463785 0.473546 0.483504 0.493661 0.504022 0.514590 0.525368 0.536360 0.547570 0.559002 0.570659 0.582546 0.594666 0.607024 0.619623 0.632468 0.645564 0.658913
0.242471 0.245892 0.249855 0.254219 0.258868 0.263743 0.268819 0.274084 0.279531 0.285161 0.290972 0.296966 0.303145 0.309511 0.316068 0.322804 0.329690 0.336723 0.343906 0.351240 0.358729 0.366375 0.374180 0.382148 0.390282 0.398583 0.407056 0.415702 0.424525 0.433529 0.442716 0.452090 0.461653 0.471410 0.481363 0.491517 0.501874 0.512438 0.523213 0.534203 0.545411 0.556842 0.568498 0.580385 0.592506 0.604865 0.617466 0.630313 0.643411 0.656764
0.236813 0.241907 0.246590 0.251247 0.256017 0.260946 0.266044 0.271314 0.276756 0.282372 0.288162 0.294127 0.300271 0.306596 0.313106 0.319802 0.326674 0.333704 0.340878 0.348205 0.355685 0.363321 0.371116 0.379073 0.387195 0.395485 0.403945 0.412579 0.421390 0.430381 0.439556 0.448917 0.458468 0.468212 0.478154 0.488295 0.498641 0.509194 0.519958 0.530937 0.542134 0.553555 0.565202 0.577079 0.589190 0.601541 0.614134 0.626973 0.640064 0.653410
0.233551 0.237997 0.242617 0.247361 0.252232 0.257241 0.262393 0.267694 0.273147 0.278757 0.284526 0.290461 0.296563 0.302838 0.309290 0.315922 0.322736 0.329727 0.336884 0.344196 0.351656 0.359273 0.367049 0.374985 0.383086 0.391354 0.399792 0.408405 0.417194 0.426163 0.435315 0.444653 0.454182 0.463905 0.473824 0.483943 0.494267 0.504798 0.515541 0.526499 0.537676 0.549075 0.560702 0.572559 0.584651 0.596982 0.609555 0.622376 0.635449 0.648777
0.229415 0.233652 0.238213 0.242999 0.247934 0.252993 0.258172 0.263477 0.268915 0.274493 0.280219 0.286097 0.292135 0.298337 0.304708 0.311253 0.317976 0.324879 0.331961 0.339217 0.346639 0.354225 0.361967 0.369867 0.377932 0.386165 0.394570 0.403147 0.411901 0.420834 0.429951 0.439256 0.448750 0.458438 0.468323 0.478408 0.488698 0.499196 0.509905 0.520830 0.531974 0.543341 0.554935 0.566760 0.578820 0.591119 0.603662 0.616452 0.629493 0.642791
0.224314 0.228796 0.233649 0.238555 0.243507 0.248531 0.253652 0.258884 0.264241 0.269732 0.275364 0.281144 0.287078 0.293172 0.299431 0.305859 0.312460 0.319241 0.326202 0.333345 0.340667 0.348167 0.355842 0.363686 0.371700 0.379886 0.388239 0.396764 0.405466 0.414350 0.423418 0.432675 0.442121 0.451760 0.461596 0.471633 0.481876 0.492326 0.502990 0.513868 0.524966 0.536287 0.547836 0.559615 0.571630 0.583885 0.596383 0.609129 0.622128 0.635382
0.218197 0.224677 0.229695 0.234427 0.239162 0.243981 0.248915 0.253975 0.259172 0.264509 0.269993 0.275628 0.281418 0.287368 0.293482 0.299763 0.306216 0.312845 0.319653 0.326645 0.333821 0.341182 0.348728 0.356458 0.364370 0.372464 0.380738 0.389193 0.397828 0.406650 0.415658 0.424849 0.434230 0.443805 0.453578 0.463553 0.473735 0.484126 0.494729 0.505548 0.516586 0.527847 0.539336 0.551056 0.563013 0.575210 0.587651 0.600340 0.613281 0.626478
0.221971 0.223013 0.226314 0.230297 0.234587 0.239083 0.243753 0.248585 0.253575 0.258721 0.264023 0.269483 0.275102 0.280882 0.286828 0.292941 0.299225 0.305683 0.312319 0.319136 0.326138 0.333327 0.340704 0.348272 0.356030 0.363979 0.372119 0.380450 0.388972 0.397687 0.406596 0.415700 0.424999 0.434495 0.444192 0.454095 0.464206 0.474524 0.485052 0.495795 0.506758 0.517945 0.529361 0.541010 0.552897 0.565024 0.577394 0.590012 0.602882 0.616008
0.211566 0.217062 0.221053 0.224966 0.229048 0.233324 0.237783 0.242415 0.247213 0.252174 0.257296 0.262579 0.268023 0.273629 0.279400 0.285337 0.291444 0.297723 0.304177 0.310810 0.317625 0.324625 0.331814 0.339193 0.346765 0.354532 0.362496 0.370657 0.379016 0.387576 0.396337 0.405302 0.414470 0.423843 0.433424 0.443214 0.453219 0.463438 0.473873 0.484527 0.495402 0.506504 0.517837 0.529404 0.541210 0.553254 0.565540 0.578072 0.590856 0.603896
0.209549 0.210967 0.214309 0.218134 0.222166 0.226361 0.230712 0.235218 0.239879 0.244696 0.249668 0.254796 0.260081 0.265525 0.271130 0.276898 0.282832 0.288934 0.295208 0.301657 0.308284 0.315092 0.322086 0.329267 0.336640 0.344207 0.351972 0.359935 0.368100 0.376468 0.385043 0.393825 0.402817 0.412020 0.421437 0.431069 0.440920 0.450992 0.461287 0.471807 0.482554 0.493532 0.504745 0.516195 0.527887 0.539824 0.552006 0.564437 0.577122 0.590064
0.195005 0.201265 0.205744 0.209864 0.213974 0.218171 0.222484 0.226926 0.231503 0.236219 0.241077 0.246081 0.251234 0.256537 0.261994 0.267608 0.273381 0.279318 0.285420 0.291693 0.298138 0.304760 0.311562 0.318548 0.325721 0.333084 0.340642 0.348397 0.356353 0.364511 0.372876 0.381450 0.390235 0.399235 0.408451 0.417886 0.427543 0.437425 0.447535 0.457874 0.468446 0.479253 0.490299 0.501586 0.513119 0.524900 0.536933 0.549220 0.561765 0.574570
0.190922 0.193346 0.196855 0.200732 0.204785 0.208960 0.213247 0.217648 0.222167 0.226809 0.231579 0.236483 0.241524 0.246706 0.252034 0.257510 0.263139 0.268924 0.274869 0.280977 0.287252 0.293697 0.300317 0.307115 0.314095 0.321261 0.328615 0.336163 0.343907 0.351851 0.359998 0.368352 0.376917 0.385694 0.394688 0.403902 0.413338 0.422999 0.432890 0.443013 0.453371 0.463967 0.474804 0.485885 0.497215 0.508796 0.520632 0.532727 0.545082 0.557702
0.180110 0.183081 0.186802 0.190757 0.194827 0.198989 0.203245 0.207599 0.212060 0.216632 0.221323 0.226137 0.231078 0.236153 0.241365 0.246718 0.252217 0.257864 0.263665 0.269622 0.275740 0.282022 0.288472 0.295093 0.301891 0.308867 0.316027 0.323374 0.330912 0.338645 0.346577 0.354711 0.363051 0.371600 0.380364 0.389344 0.398545 0.407970 0.417622 0.427506 0.437625 0.447981 0.458580 0.469424 0.480516 0.491861 0.503462 0.515323 0.527448 0.539839
0.165056 0.171621 0.176240 0.180381 0.184448 0.188558 0.192746 0.197029 0.201414 0.205907 0.210514 0.215238 0.220086 0.225060 0.230166 0.235407 0.240786 0.246309 0.251978 0.257797 0.263770 0.269900 0.276192 0.282649 0.289275 0.296074 0.303050 0.310206 0.317547 0.325076 0.332798 0.340717 0.348836 0.357160 0.365693 0.374438 0.383399 0.392581 0.401987 0.411621 0.421487 0.431589 0.441931 0.452517 0.463350 0.474435 0.485775 0.497374 0.509236 0.521366
0.162278 0.163478 0.166504 0.170101 0.173930 0.177896 0.181975 0.186161 0.190455 0.194861 0.199380 0.204016 0.208773 0.213653 0.218660 0.223797 0.229067 0.234475 0.240023 0.245714 0.251553 0.257543 0.263688 0.269991 0.276456 0.283087 0.289888 0.296863 0.304016 0.311350 0.318871 0.326582 0.334487 0.342590 0.350896 0.359409 0.368133 0.377071 0.386229 0.395611 0.405220 0.415062 0.425139 0.435456 0.446018 0.456829 0.467892 0.479212 0.490794 0.502640
0.148903 0.152320 0.155826 0.159465 0.163226 0.167100 0.171087 0.175185 0.179396 0.183721 0.188160 0.192716 0.197390 0.202184 0.207101 0.212143 0.217313 0.222614 0.228049 0.233622 0.239335 0.245193 0.251198 0.257355 0.263667 0.270138 0.276772 0.283573 0.290545 0.297692 0.305018 0.312527 0.320224 0.328113 0.336198 0.344484 0.352974 0.361674 0.370586 0.379717 0.389070 0.398650 0.408461 0.418508 0.428794 0.439325 0.450104 0.461137 0.472428 0.483980
0.135223 0.140808 0.144959 0.148748 0.152506 0.156337 0.160270 0.164314 0.168469 0.172737 0.177116 0.181607 0.186212 0.190931 0.195767 0.200722 0.205798 0.210998 0.216325 0.221784 0.227375 0.233105 0.238975 0.244989 0.251152 0.257468 0.263939 0.270571 0.277366 0.284330 0.291467 0.298780 0.306274 0.313954 0.321823 0.329886 0.338147 0.346611 0.355283 0.364167 0.373267 0.382588 0.392135 0.401911 0.411923 0.422173 0.432668 0.443411 0.454408 0.465662
0.131112 0.132225 0.135043 0.138433 0.142075 0.145874 0.149796 0.153828 0.157964 0.162203 0.166543 0.170985 0.175531 0.180183 0.184942 0.189812 0.194796 0.199896 0.205116 0.210459 0.215929 0.221529 0.227264 0.233136 0.239151 0.245310 0.251620 0.258083 0.264704 0.271487 0.278436 0.285556 0.292850 0.300323 0.307979 0.315823 0.323860 0.332093 0.340528 0.349168 0.358019 0.367085 0.376371 0.385882 0.395621 0.405595 0.415807 0.426262 0.436966 0.447922
0.117246 0.121110 0.124695 0.128368 0.132158 0.136050 0.140028 0.144089 0.148229 0.152452 0.156759 0.161153 0.165638 0.170218 0.174895 0.179674 0.184558 0.189551 0.194657 0.199879 0.205222 0.210688 0.216282 0.222008 0.227870 0.233872 0.240017 0.246310 0.252755 0.259356 0.266118 0.273044 0.280139 0.287407 0.294853 0.302481 0.310295 0.318301 0.326502 0.334903 0.343509 0.352324 0.361354 0.370603 0.380075 0.389775 0.399709 0.409881 0.420296 0.430958
0.106708 0.111103 0.115303 0.119372 0.123388 0.127398 0.131430 0.135501 0.139622 0.143804 0.148052 0.152375 0.156778 0.161265 0.165842 0.170513 0.175283 0.180155 0.185134 0.190224 0.195429 0.200752 0.206198 0.211771 0.217475 0.223313 0.229289 0.235409 0.241675 0.248093 0.254666 0.261398 0.268294 0.275358 0.282594 0.290008 0.297602 0.305383 0.313354 0.321519 0.329884 0.338454 0.347232 0.356224 0.365434 0.374867 0.384529 0.394423 0.404555 0.414930
0.099850 0.104244 0.108433 0.112489 0.116471 0.120424 0.124381 0.128364 0.132388 0.136465 0.140604 0.144813 0.149096 0.153460 0.157910 0.162451 0.167086 0.171821 0.176658 0.181603 0.186658 0.191829 0.197118 0.202530 0.208069 0.213738 0.219542 0.225485 0.231570 0.237802 0.244185 0.250723 0.257421 0.264282 0.271310 0.278511 0.285889 0.293447 0.301192 0.309126 0.317255 0.325583 0.334116 0.342857 0.351811 0.360984 0.370380 0.380003 0.389860 0.399954
0.097208 0.100728 0.104288 0.107883 0.111517 0.115195 0.118921 0.122701 0.126542 0.130448 0.134424 0.138475 0.142604 0.146817 0.151116 0.155506 0.159990 0.164572 0.169255 0.174044 0.178942 0.183952 0.189079 0.194325 0.199695 0.205193 0.210822 0.216586 0.222490 0.228537 0.234730 0.241076 0.247576 0.254236 0.261060 0.268053 0.275217 0.282559 0.290081 0.297790 0.305688 0.313782 0.322075 0.330572 0.339278 0.348198 0.357336 0.366697 0.376287 0.386109
0.096162 0.098784 0.101634 0.104691 0.107907 0.111249 0.114694 0.118231 0.121854 0.125561 0.129351 0.133226 0.137186 0.141233 0.145371 0.149602 0.153927 0.158352 0.162877 0.167507 0.172244 0.177093 0.182055 0.187136 0.192338 0.197665 0.203121 0.208709 0.214433 0.220298 0.226306 0.232463 0.238771 0.245235 0.251860 0.258649 0.265606 0.272737 0.280045 0.287535 0.295211 0.303078 0.311140 0.319402 0.327868 0.336544 0.345434 0.354543 0.363875 0.373436
0.094275 0.096381 0.098963 0.101803 0.104809 0.107944 0.111189 0.114535 0.117976 0.121509 0.125132 0.128845 0.132647 0.136539 0.140524 0.144602 0.148775 0.153047 0.157420 0.161896 0.166479 0.171171 0.175976 0.180896 0.185936 0.191098 0.196387 0.201805 0.207357 0.213046 0.218876 0.224851 0.230974 0.237251 0.243684 0.250278 0.257038 0.263966 0.271069 0.278349 0.285812 0.293462 0.301303 0.309340 0.317578 0.326021 0.334674 0.343541 0.352628 0.361939
0.089465 0.092670 0.095753 0.098768 0.101796 0.104881 0.108042 0.111285 0.114613 0.118027 0.121527 0.125114 0.128788 0.132551 0.136404 0.140349 0.144388 0.148523 0.152758 0.157093 0.161533 0.166081 0.170739 0.175510 0.180398 0.185407 0.190538 0.195797 0.201187 0.206711 0.212373 0.218177 0.224126 0.230225 0.236478 0.242888 0.249460 0.256198 0.263107 0.270189 0.277451 0.284895 0.292528 0.300352 0.308373 0.316596 0.325024 0.333664 0.342518 0.351593
0.085687 0.089720 0.092895 0.095913 0.098936 0.102008 0.105142 0.108343 0.111615 0.114961 0.118382 0.121881 0.125461 0.129123 0.132871 0.136706 0.140631 0.144649 0.148763 0.152976 0.157290 0.161708 0.166234 0.170871 0.175621 0.180489 0.185478 0.190591 0.195832 0.201204 0.206711 0.212357 0.218145 0.224080 0.230165 0.236405 0.242803 0.249364 0.256091 0.262989 0.270063 0.277316 0.284753 0.292378 0.300197 0.308213 0.316431 0.324856 0.333493 0.342346
0.087869 0.088342 0.090596 0.093378 0.096349 0.099412 0.102539 0.105723 0.108965 0.112267 0.115634 0.119069 0.122577 0.126161 0.129824 0.133569 0.137400 0.141319 0.145331 0.149437 0.153641 0.157947 0.162357 0.166875 0.171504 0.176247 0.181107 0.186089 0.191196 0.196431 0.201798 0.207300 0.212942 0.218727 0.224660 0.230743 0.236981 0.243379 0.249940 0.256668 0.263568 0.270644 0.277901 0.285342 0.292973 0.300798 0.308821 0.317047 0.325481 0.334127
0.079690 0.084465 0.087894 0.091034 0.094121 0.097216 0.100338 0.103497 0.106702 0.109959 0.113273 0.116650 0.120094 0.123609 0.127199 0.130867 0.134616 0.138451 0.142375 0.146390 0.150500 0.154707 0.159017 0.163431 0.167952 0.172586 0.177333 0.182199 0.187187 0.192299 0.197541 0.202915 0.208425 0.214075 0.219869 0.225811 0.231905 0.238155 0.244564 0.251138 0.257880 0.264794 0.271885 0.279158 0.286617 0.294265 0.302109 0.310151 0.318398 0.326854
0.080975 0.083344 0.086396 0.089473 0.092518 0.095557 0.098614 0.101708 0.104847 0.108039 0.111289 0.114601 0.117979 0.121428 0.124949 0.128546 0.132224 0.135984 0.139830 0.143765 0.147792 0.151915 0.156137 0.160460 0.164888 0.169425 0.174073 0.178837 0.183719 0.188724 0.193854 0.199114 0.204507 0.210037 0.215707 0.221522 0.227486 0.233602 0.239875 0.246309 0.252907 0.259675 0.266616 0.273735 0.281037 0.288525 0.296204 0.304079 0.312154 0.320435
0.078974 0.082908 0.085879 0.088689 0.091512 0.094383 0.097312 0.100299 0.103348 0.106460 0.109636 0.112878 0.116190 0.119572 0.123028 0.126560 0.130172 0.133864 0.137641 0.141506 0.145461 0.149509 0.153653 0.157897 0.162243 0.166695 0.171256 0.175930 0.180720 0.185628 0.190660 0.195819 0.201107 0.206530 0.212090 0.217791 0.223639 0.229635 0.235785 0.242093 0.248562 0.255198 0.262003 0.268983 0.276142 0.283484 0.291014 0.298737 0.306656 0.314777
0.083398 0.083935 0.085792 0.088136 0.090711 0.093422 0.096232 0.099125 0.102092 0.105131 0.108239 0.111419 0.114669 0.117992 0.121389 0.124863 0.128414 0.132047 0.135763 0.139565 0.143455 0.147437 0.151513 0.155686 0.159960 0.164337 0.168821 0.173414 0.178121 0.182945 0.187890 0.192958 0.198153 0.203480 0.208941 0.214541 0.220284 0.226173 0.232213 0.238408 0.244761 0.251276 0.257959 0.264814 0.271844 0.279054 0.286449 0.294032 0.301810 0.309785
0.079540 0.082081 0.084551 0.087092 0.089716 0.092421 0.095201 0.098053 0.100976 0.103969 0.107031 0.110163 0.113365 0.116640 0.119988 0.123411 0.126911 0.130491 0.134153 0.137899 0.141732 0.145654 0.149669 0.153779 0.157987 0.162297 0.166711 0.171233 0.175866 0.180614 0.185480 0.190466 0.195578 0.200819 0.206192 0.211700 0.217349 0.223142 0.229082 0.235175 0.241423 0.247831 0.254403 0.261144 0.268057 0.275148 0.282420 0.289878 0.297526 0.305370
0.076314 0.079985 0.083053 0.085879 0.088637 0.091401 0.094204 0.097057 0.099969 0.102941 0.105977 0.109078 0.112246 0.115483 0.118791 0.122172 0.125627 0.129161 0.132774 0.136470 0.140250 0.144119 0.148077 0.152130 0.156279 0.160527 0.164878 0.169334 0.173900 0.178578 0.183372 0.188285 0.193321 0.198484 0.203776 0.209202 0.214766 0.220471 0.226321 0.232321 0.238474 0.244785 0.251257 0.257894 0.264702 0.271684 0.278845 0.286189 0.293721 0.301445
0.077161 0.079758 0.082367 0.085040 0.087762 0.090528 0.093338 0.096194 0.099101 0.102062 0.105080 0.108158 0.111298 0.114503 0.117776 0.121118 0.124534 0.128024 0.131592 0.135240 0.138972 0.142790 0.146696 0.150695 0.154788 0.158979 0.163271 0.167667 0.172170 0.176784 0.181512 0.186357 0.191324 0.196414 0.201633 0.206984 0.212470 0.218095 0.223864 0.229780 0.235846 0.242068 0.248449 0.254993 0.261705 0.268588 0.275648 0.282888 0.290313 0.297928
0.078499 0.079698 0.081910 0.084458 0.087138 0.089886 0.092683 0.095527 0.098419 0.101360 0.104354 0.107404 0.110514 0.113685 0.116921 0.120225 0.123599 0.127046 0.130569 0.134172 0.137856 0.141625 0.145481 0.149427 0.153468 0.157604 0.161841 0.166180 0.170625 0.175179 0.179846 0.184628 0.189530 0.194555 0.199706 0.204988 0.210403 0.215955 0.221648 0.227487 0.233475 0.239615 0.245913 0.252372 0.258996 0.265790 0.272757 0.279903 0.287231 0.294746
0.074289 0.078211 0.081250 0.084033 0.086759 0.089495 0.092263 0.095072 0.097928 0.100832 0.103788 0.106799 0.109869 0.112998 0.116192 0.119453 0.122783 0.126185 0.129663 0.133218 0.136855 0.140576 0.144383 0.148280 0.152269 0.156354 0.160538 0.164824 0.169214 0.173712 0.178322 0.183046 0.187889 0.192853 0.197941 0.203159 0.208508 0.213993 0.219618 0.225386 0.231302 0.237368 0.243590 0.249970 0.256514 0.263226 0.270109 0.277168 0.284407 0.291831
0.076177 0.078880 0.081476 0.084059 0.086671 0.089326 0.092028 0.094778 0.097576 0.100427 0.103330 0.106291 0.109310 0.112391 0.115536 0.118749 0.122032 0.125388 0.128819 0.132328 0.135918 0.139592 0.143352 0.147202 0.151143 0.155180 0.159314 0.163550 0.167889 0.172336 0.176893 0.181563 0.186351 0.191258 0.196290 0.201448 0.206737 0.212161 0.217722 0.223426 0.229275 0.235273 0.241425 0.247734 0.254205 0.260841 0.267646 0.274626 0.281784 0.289124
0.079000 0.079945 0.081859 0.084168 0.086648 0.089216 0.091844 0.094525 0.097258 0.100046 0.102890 0.105794 0.108759 0.111788 0.114885 0.118050 0.121286 0.124596 0.127983 0.131448 0.134994 0.138625 0.142341 0.146147 0.150044 0.154036 0.158125 0.162314 0.166607 0.171006 0.175515 0.180136 0.184873 0.189730 0.194708 0.199813 0.205047 0.210414 0.215918 0.221562 0.227350 0.233285 0.239373 0.245616 0.252019 0.258586 0.265320 0.272227 0.279309 0.286573
0.075878 0.078684 0.081345 0.083908 0.086440 0.088982 0.091556 0.094175 0.096846 0.099574 0.102362 0.105214 0.108130 0.111114 0.114166 0.117289 0.120485 0.123756 0.127104 0.130530 0.134038 0.137630 0.141308 0.145075 0.148933 0.152885 0.156934 0.161083 0.165334 0.169690 0.174155 0.178732 0.183423 0.188233 0.193163 0.198219 0.203403 0.208718 0.214168 0.219758 0.225490 0.231368 0.237396 0.243578 0.249919 0.256421 0.263089 0.269928 0.276941 0.284133
0.073759 0.078066 0.081044 0.083618 0.086084 0.088549 0.091053 0.093611 0.096230 0.098913 0.101661 0.104476 0.107358 0.110309 0.113330 0.116423 0.119589 0.122830 0.126147 0.129543 0.133020 0.136581 0.140227 0.143961 0.147786 0.151704 0.155718 0.159831 0.164045 0.168363 0.172790 0.177326 0.181976 0.186743 0.191630 0.196641 0.201778 0.207046 0.212447 0.217986 0.223666 0.229491 0.235464 0.241590 0.247872 0.254314 0.260921 0.267696 0.274643 0.281768
0.079766 0.079832 0.081289 0.083256 0.085456 0.087794 0.090232 0.092754 0.095350 0.098016 0.100751 0.103552 0.106421 0.109358 0.112363 0.115439 0.118587 0.121808 0.125105 0.128479 0.131933 0.135469 0.139090 0.142797 0.146594 0.150483 0.154467 0.158548 0.162730 0.167015 0.171406 0.175906 0.180519 0.185247 0.190094 0.195063 0.200158 0.205381 0.210737 0.216228 0.221859 0.227634 0.233555 0.239627 0.245854 0.252240 0.258788 0.265503 0.272388 0.279449
0.076736 0.078125 0.079896 0.081952 0.084200 0.086580 0.089056 0.091611 0.094234 0.096921 0.099670 0.102481 0.105355 0.108292 0.111294 0.114363 0.117502 0.120711 0.123994 0.127353 0.130789 0.134306 0.137906 0.141591 0.145364 0.149228 0.153185 0.157238 0.161390 0.165644 0.170003 0.174469 0.179047 0.183739 0.188548 0.193477 0.198531 0.203712 0.209024 0.214471 0.220055 0.225781 0.231653 0.237674 0.243848 0.250179 0.256670 0.263327 0.270153 0.277152
0.070740 0.074464 0.077326 0.079951 0.082524 0.085101 0.087704 0.090344 0.093024 0.095751 0.098526 0.101355 0.104238 0.107180 0.110182 0.113248 0.116380 0.119581 0.122852 0.126197 0.129618 0.133117 0.136697 0.140361 0.144112 0.147952 0.151883 0.155909 0.160033 0.164257 0.168584 0.173018 0.177562 0.182218 0.186990 0.191881 0.196895 0.202035 0.207304 0.212706 0.218245 0.223924 0.229747 0.235717 0.241839 0.248116 0.254552 0.261152 0.267919 0.274857
0.070791 0.072864 0.075616 0.078406 0.081141 0.083835 0.086516 0.089205 0.091916 0.094661 0.097447 0.100279 0.103163 0.106101 0.109097 0.112154 0.115275 0.118463 0.121719 0.125048 0.128450 0.131930 0.135490 0.139131 0.142858 0.146672 0.150577 0.154575 0.158669 0.162863 0.167158 0.171558 0.176067 0.180687 0.185422 0.190274 0.195247 0.200345 0.205571 0.210929 0.216421 0.222052 0.227826 0.233745 0.239815 0.246038 0.252418 0.258961 0.265669 0.272546
0.068183 0.072143 0.075121 0.077834 0.080469 0.083085 0.085709 0.088355 0.091034 0.093753 0.096515 0.099327 0.102190 0.105109 0.108086 0.111124 0.114225 0.117392 0.120627 0.123933 0.127313 0.130768 0.134302 0.137918 0.141617 0.145403 0.149278 0.153245 0.157307 0.161467 0.165728 0.170093 0.174565 0.179147 0.183842 0.188653 0.193585 0.198639 0.203820 0.209131 0.214576 0.220158 0.225880 0.231748 0.237763 0.243931 0.250255 0.256739 0.263387 0.270203
0.072587 0.073846 0.075792 0.077983 0.080305 0.082719 0.085204 0.087751 0.090356 0.093016 0.095731 0.098502 0.101330 0.104215 0.107161 0.110169 0.113241 0.116379 0.119586 0.122863 0.126213 0.129639 0.133143 0.136727 0.140394 0.144147 0.147988 0.151921 0.155947 0.160071 0.164294 0.168620 0.173052 0.177592 0.182245 0.187013 0.191899 0.196907 0.202041 0.207303 0.212698 0.218228 0.223898 0.229710 0.235670 0.241781 0.248046 0.254469 0.261055 0.267807
0.072581 0.074122 0.075877 0.077875 0.080049 0.082347 0.084742 0.087214 0.089756 0.092362 0.095029 0.097756 0.100543 0.103390 0.106299 0.109271 0.112308 0.115412 0.118584 0.121827 0.125142 0.128533 0.132001 0.135550 0.139180 0.142896 0.146699 0.150593 0.154580 0.158662 0.162844 0.167127 0.171515 0.176011 0.180618 0.185339 0.190177 0.195136 0.200219 0.205429 0.210771 0.216246 0.221860 0.227616 0.233517 0.239567 0.245771 0.252131 0.258653 0.265339
0.070864 0.072733 0.074890 0.077119 0.079403 0.081745 0.084145 0.086604 0.089122 0.091697 0.094331 0.097022 0.099773 0.102584 0.105457 0.108392 0.111392 0.114458 0.117593 0.120797 0.124075 0.127427 0.130856 0.134364 0.137954 0.141628 0.145390 0.149241 0.153184 0.157222 0.161358 0.165595 0.169936 0.174384 0.178941 0.183612 0.188398 0.193305 0.198334 0.203489 0.208774 0.214193 0.219748 0.225443 0.231283 0.237270 0.243410 0.249704 0.256159 0.262776
0.067424 0.070973 0.073678 0.076159 0.078578 0.080993 0.083429 0.085899 0.088412 0.090973 0.093584 0.096249 0.098969 0.101748 0.104586 0.107485 0.110448 0.113476 0.116572 0.119737 0.122974 0.126285 0.129672 0.133138 0.136684 0.140315 0.144031 0.147836 0.151732 0.155723 0.159811 0.163998 0.168289 0.172685 0.177190 0.181807 0.186539 0.191390 0.196362 0.201459 0.206685 0.212043 0.217536 0.223169 0.228944 0.234866 0.240938 0.247164 0.253549 0.260095
0.069701 0.070964 0.073128 0.075466 0.077844 0.080244 0.082671 0.085130 0.087629 0.090171 0.092761 0.095400 0.098092 0.100840 0.103644 0.106509 0.109435 0.112425 0.115481 0.118606 0.121801 0.125070 0.128413 0.131834 0.135336 0.138919 0.142589 0.146345 0.150193 0.154134 0.158170 0.162306 0.166543 0.170885 0.175335 0.179896 0.184571 0.189364 0.194277 0.199313 0.204477 0.209772 0.215201 0.220768 0.226477 0.232330 0.238333 0.244488 0.250800 0.257272
0.066942 0.070214 0.072594 0.074859 0.077150 0.079487 0.081868 0.084294 0.086764 0.089278 0.091840 0.094450 0.097112 0.099827 0.102597 0.105426 0.108315 0.111267 0.114283 0.117366 0.120519 0.123744 0.127043 0.130418 0.133873 0.137409 0.141029 0.144736 0.148533 0.152422 0.156406 0.160488 0.164670 0.168957 0.173350 0.177853 0.182468 0.187200 0.192052 0.197026 0.202126 0.207356 0.212719 0.218218 0.223858 0.229641 0.235572 0.241655 0.247892 0.254289
0.069469 0.070183 0.071988 0.074095 0.076319 0.078612 0.080957 0.083349 0.085786 0.088269 0.090798 0.093376 0.096003 0.098683 0.101418 0.104209 0.107059 0.109971 0.112946 0.115987 0.119097 0.122277 0.125530 0.128859 0.132266 0.135753 0.139324 0.142980 0.146725 0.150561 0.154491 0.158518 0.162644 0.166874 0.171209 0.175652 0.180207 0.184878 0.189666 0.194577 0.199612 0.204775 0.210070 0.215501 0.221070 0.226782 0.232640 0.238649 0.244811 0.251131
0.065257 0.068292 0.070706 0.072994 0.075271 0.077570 0.079900 0.082268 0.084675 0.087124 0.089618 0.092159 0.094749 0.097391 0.100086 0.102837 0.105646 0.108516 0.111448 0.114446 0.117511 0.120645 0.123852 0.127134 0.130492 0.133930 0.137450 0.141055 0.144748 0.148530 0.152406 0.156377 0.160447 0.164619 0.168895 0.173278 0.177773 0.182381 0.187106 0.191951 0.196921 0.202017 0.207244 0.212605 0.218104 0.223744 0.229528 0.235462 0.241548 0.247791
0.064986 0.067307 0.069605 0.071878 0.074145 0.076424 0.078726 0.081059 0.083427 0.085836 0.088289 0.090788 0.093336 0.095936 0.098588 0.101296 0.104062 0.106888 0.109777 0.112729 0.115748 0.118837 0.121997 0.125230 0.128540 0.131928 0.135398 0.138951 0.142591 0.146320 0.150141 0.154057 0.158070 0.162184 0.166401 0.170725 0.175158 0.179704 0.184366 0.189147 0.194051 0.199080 0.204239 0.209531 0.214959 0.220527 0.226239 0.232098 0.238109 0.244274
0.065193 0.066707 0.068714 0.070842 0.073013 0.075216 0.077453 0.079727 0.082042 0.084400 0.086804 0.089256 0.091757 0.094311 0.096919 0.099582 0.102303 0.105084 0.107927 0.110834 0.113807 0.116849 0.119961 0.123147 0.126408 0.129747 0.133166 0.136668 0.140256 0.143932 0.147699 0.151560 0.155517 0.159574 0.163733 0.167997 0.172370 0.176855 0.181454 0.186171 0.191010 0.195974 0.201066 0.206289 0.211648 0.217145 0.222785 0.228571 0.234507 0.240597
0.062521 0.065510 0.067684 0.069723 0.071779 0.073883 0.076037 0.078242 0.080495 0.082798 0.085150 0.087553 0.090008 0.092515 0.095077 0.097696 0.100372 0.103108 0.105906 0.108768 0.111696 0.114691 0.117757 0.120895 0.124108 0.127398 0.130768 0.134220 0.137757 0.141380 0.145094 0.148901 0.152804 0.156805 0.160907 0.165114 0.169428 0.173853 0.178391 0.183046 0.187822 0.192722 0.197748 0.202905 0.208196 0.213624 0.219194 0.224909 0.230773 0.236790
0.064855 0.065134 0.066556 0.068345 0.070285 0.072312 0.074406 0.076556 0.078759 0.081014 0.083321 0.085679 0.088091 0.090555 0.093075 0.095651 0.098285 0.100978 0.103733 0.106551 0.109434 0.112385 0.115405 0.118498 0.121664 0.124907 0.128229 0.131632 0.135119 0.138693 0.142356 0.146111 0.149960 0.153908 0.157955 0.162106 0.166364 0.170731 0.175211 0.179807 0.184522 0.189360 0.194324 0.199417 0.204643 0.210006 0.215508 0.221155 0.226950 0.232895
0.059816 0.062345 0.064420 0.066411 0.068411 0.070448 0.072527 0.074654 0.076829 0.079053 0.081327 0.083651 0.086026 0.088454 0.090936 0.093473 0.096068 0.098721 0.101436 0.104213 0.107055 0.109963 0.112941 0.115990 0.119112 0.122310 0.125586 0.128944 0.132384 0.135910 0.139525 0.143230 0.147030 0.150926 0.154922 0.159021 0.163225 0.167538 0.171963 0.176502 0.181160 0.185940 0.190844 0.195877 0.201042 0.206342 0.211782 0.217364 0.223093 0.228972
0.057507 0.060030 0.062224 0.064292 0.066334 0.068388 0.070472 0.072593 0.074755 0.076960 0.079211 0.081508 0.083855 0.086251 0.088701 0.091204 0.093764 0.096381 0.099059 0.101798 0.104602 0.107471 0.110409 0.113418 0.116500 0.119656 0.122891 0.126205 0.129602 0.133084 0.136654 0.140314 0.144068 0.147917 0.151865 0.155915 0.160070 0.164332 0.168706 0.173193 0.177798 0.182523 0.187373 0.192350 0.197458 0.202700 0.208081 0.213603 0.219271 0.225088
0.057484 0.058647 0.060343 0.062247 0.064239 0.066279 0.068357 0.070471 0.072621 0.074810 0.077040 0.079315 0.081636 0.084005 0.086425 0.088898 0.091426 0.094011 0.096656 0.099362 0.102131 0.104966 0.107868 0.110841 0.113886 0.117006 0.120202 0.123478 0.126836 0.130279 0.133808 0.137427 0.141139 0.144946 0.148851 0.152857 0.156967 0.161183 0.165510 0.169951 0.174507 0.179184 0.183983 0.188909 0.193966 0.199155 0.204482 0.209950 0.215563 0.221324
0.054339 0.056245 0.058201 0.060182 0.062191 0.064227 0.066293 0.068389 0.070519 0.072686 0.074892 0.077142 0.079436 0.081779 0.084172 0.086618 0.089118 0.091675 0.094291 0.096967 0.099707 0.102512 0.105385 0.108326 0.111340 0.114428 0.117592 0.120835 0.124159 0.127567 0.131061 0.134644 0.138320 0.142089 0.145956 0.149923 0.153994 0.158170 0.162456 0.166855 0.171369 0.176002 0.180757 0.185638 0.190648 0.195791 0.201070 0.206490 0.212053 0.217763
0.051346 0.054121 0.056289 0.058319 0.060322 0.062332 0.064363 0.066424 0.068520 0.070654 0.072831 0.075053 0.077322 0.079640 0.082009 0.084431 0.086908 0.089442 0.092035 0.094688 0.097404 0.100185 0.103033 0.105949 0.108937 0.111999 0.115136 0.118352 0.121648 0.125027 0.128492 0.132045 0.135689 0.139428 0.143262 0.147197 0.151233 0.155376 0.159626 0.163989 0.168466 0.173062 0.177779 0.182621 0.187592 0.192694 0.197932 0.203310 0.208830 0.214497
0.052764 0.053348 0.054963 0.056796 0.058690 0.060620 0.062589 0.064600 0.066655 0.068757 0.070906 0.073105 0.075353 0.077653 0.080004 0.082410 0.084871 0.087388 0.089965 0.092601 0.095300 0.098063 0.100893 0.103791 0.106759 0.109801 0.112917 0.116111 0.119385 0.122742 0.126183 0.129712 0.133332 0.137045 0.140853 0.144761 0.148770 0.152884 0.157106 0.161438 0.165885 0.170450 0.175135 0.179945 0.184883 0.189951 0.195155 0.200497 0.205981 0.211611
0.048037 0.051469 0.053535 0.055345 0.057153 0.059012 0.060931 0.062909 0.064942 0.067028 0.069166 0.071356 0.073597 0.075889 0.078234 0.080632 0.083086 0.085595 0.088162 0.090790 0.093478 0.096230 0.099048 0.101933 0.104888 0.107915 0.111017 0.114196 0.117453 0.120793 0.124217 0.127727 0.131328 0.135021 0.138809 0.142696 0.146683 0.150775 0.154974 0.159284 0.163707 0.168247 0.172907 0.177691 0.182602 0.187643 0.192819 0.198133 0.203588 0.209189
0.051567 0.051194 0.052292 0.053846 0.055592 0.057448 0.059382 0.061379 0.063431 0.065534 0.067687 0.069887 0.072137 0.074435 0.076784 0.079185 0.081638 0.084147 0.086712 0.089336 0.092020 0.094766 0.097577 0.100455 0.103402 0.106420 0.109512 0.112680 0.115927 0.119255 0.122666 0.126164 0.129751 0.133430 0.137204 0.141075 0.145047 0.149122 0.153305 0.157597 0.162002 0.166524 0.171165 0.175930 0.180821 0.185843 0.190998 0.196290 0.201724 0.207303
0.046084 0.048324 0.050204 0.052099 0.054047 0.056042 0.058076 0.060147 0.062254 0.064399 0.066583 0.068807 0.071075 0.073387 0.075746 0.078154 0.080613 0.083125 0.085692 0.088316 0.090999 0.093744 0.096552 0.099426 0.102369 0.105382 0.108468 0.111630 0.114870 0.118191 0.121595 0.125084 0.128663 0.132333 0.136097 0.139958 0.143920 0.147985 0.152156 0.156437 0.160831 0.165340 0.169970 0.174721 0.179600 0.184608 0.189749 0.195028 0.200447 0.206011
0.043488 0.046099 0.048535 0.050817 0.053010 0.055160 0.057297 0.059439 0.061595 0.063776 0.065986 0.068230 0.070512 0.072836 0.075203 0.077617 0.080080 0.082595 0.085164 0.087789 0.090473 0.093217 0.096025 0.098898 0.101839 0.104850 0.107934 0.111093 0.114330 0.117647 0.121047 0.124533 0.128107 0.131773 0.135532 0.139389 0.143346 0.147405 0.151571 0.155847 0.160234 0.164738 0.169361 0.174106 0.178978 0.183980 0.189114 0.194386 0.199798 0.205355
