0.049715 0.049275 0.049469 0.049964 0.050610 0.051334 0.052096 0.052871 0.053640 0.054391 0.055113 0.055796 0.056433 0.057013 0.057530 0.057974 0.058338 0.058613 0.058792 0.058863 0.058820 0.058653 0.058351 0.057904 0.057303 0.056537 0.055593 0.054460 0.053127 0.051579 0.049803 0.047786 0.045512 0.042965 0.040131 0.036990 0.033527 0.029724 0.025564 0.021033 0.016167 0.011027 0.005634 0.000156 0.000001 0.000001 0.000001 0.000001 0.000001 0.000001
0.043356 0.045369 0.046715 0.047803 0.048782 0.049704 0.050588 0.051440 0.052258 0.053038 0.053775 0.054464 0.055098 0.055670 0.056173 0.056601 0.056944 0.057196 0.057348 0.057392 0.057319 0.057119 0.056783 0.056301 0.055663 0.054857 0.053872 0.052697 0.051319 0.049725 0.047901 0.045833 0.043506 0.040906 0.038016 0.034820 0.031302 0.027448 0.023246 0.018698 0.013866 0.008802 0.003602 0.000001 0.000001 0.000001 0.000001 0.000001 0.000001 0.000001
0.040335 0.042087 0.043587 0.044879 0.046028 0.047075 0.048046 0.048952 0.049801 0.050593 0.051328 0.052003 0.052613 0.053153 0.053619 0.054002 0.054298 0.054497 0.054593 0.054576 0.054439 0.054173 0.053767 0.053212 0.052497 0.051612 0.050545 0.049283 0.047815 0.046128 0.044207 0.042039 0.039609 0.036903 0.033906 0.030606 0.026991 0.023057 0.018809 0.014294 0.009595 0.004834 0.000511 0.000001 0.000001 0.000001 0.000001 0.000001 0.000001 0.000001
0.039333 0.040141 0.041120 0.042152 0.043168 0.044138 0.045054 0.045912 0.046712 0.047451 0.048128 0.048739 0.049280 0.049748 0.050135 0.050437 0.050646 0.050756 0.050758 0.050644 0.050406 0.050034 0.049520 0.048852 0.048021 0.047014 0.045822 0.044430 0.042828 0.041000 0.038936 0.036619 0.034039 0.031184 0.028044 0.024614 0.020899 0.016918 0.012730 0.008441 0.004207 0.000577 0.000001 0.000001 0.000001 0.000001 0.000001 0.000001 0.000001 0.000001
0.037837 0.038216 0.038912 0.039689 0.040479 0.041257 0.042004 0.042712 0.043373 0.043980 0.044530 0.045016 0.045434 0.045777 0.046039 0.046213 0.046293 0.046271 0.046138 0.045887 0.045507 0.044991 0.044328 0.043507 0.042518 0.041349 0.039988 0.038424 0.036642 0.034631 0.032380 0.029877 0.027115 0.024091 0.020811 0.017293 0.013581 0.009755 0.005970 0.002511 0.000001 0.000001 0.000001 0.000001 0.000001 0.000001 0.000001 0.000001 0.000001 0.000001
0.034463 0.035978 0.036781 0.037409 0.037986 0.038538 0.039067 0.039566 0.040028 0.040446 0.040813 0.041122 0.041366 0.041537 0.041629 0.041634 0.041544 0.041350 0.041044 0.040616 0.040058 0.039358 0.038508 0.037496 0.036310 0.034939 0.033370 0.031592 0.029593 0.027364 0.024898 0.022196 0.019264 0.016124 0.012818 0.009426 0.006075 0.003015 0.000440 0.000001 0.000001 0.000001 0.000001 0.000001 0.000001 0.000001 0.000001 0.000001 0.000001 0.000001
0.035703 0.034974 0.035079 0.035366 0.035684 0.035996 0.036292 0.036563 0.036803 0.037005 0.037161 0.037262 0.037302 0.037271 0.037162 0.036965 0.036673 0.036276 0.035765 0.035129 0.034359 0.033445 0.032375 0.031137 0.029721 0.028113 0.026303 0.024281 0.022042 0.019587 0.016926 0.014089 0.011115 0.008109 0.005141 0.002567 0.000347 0.000001 0.000001 0.000001 0.000001 0.000001 0.000001 0.000001 0.000001 0.000001 0.000001 0.000001 0.000001 0.000001
0.031898 0.032927 0.033248 0.033405 0.033520 0.033615 0.033692 0.033746 0.033770 0.033755 0.033696 0.033583 0.033407 0.033161 0.032835 0.032421 0.031908 0.031288 0.030550 0.029684 0.028680 0.027526 0.026211 0.024723 0.023051 0.021182 0.019111 0.016840 0.014385 0.011776 0.009076 0.006377 0.003810 0.001659 0.000001 0.000001 0.000001 0.000001 0.000001 0.000001 0.000001 0.000001 0.000001 0.000001 0.000001 0.000001 0.000001 0.000001 0.000001 0.000001
0.032509 0.031915 0.031712 0.031602 0.031510 0.031413 0.031300 0.031161 0.030989 0.030776 0.030513 0.030193 0.029806 0.029345 0.028801 0.028163 0.027424 0.026572 0.025597 0.024490 0.023238 0.021831 0.020256 0.018501 0.016558 0.014423 0.012114 0.009666 0.007169 0.004689 0.002521 0.000656 0.000001 0.000001 0.000001 0.000001 0.000001 0.000001 0.000001 0.000001 0.000001 0.000001 0.000001 0.000001 0.000001 0.000001 0.000001 0.000001 0.000001 0.000001
0.030619 0.030367 0.030135 0.029916 0.029692 0.029451 0.029183 0.028882 0.028538 0.028145 0.027695 0.027181 0.026594 0.025927 0.025169 0.024312 0.023347 0.022264 0.021051 0.019699 0.018196 0.016530 0.014689 0.012665 0.010462 0.008118 0.005733 0.003429 0.001501 0.000001 0.000001 0.000001 0.000001 0.000001 0.000001 0.000001 0.000001 0.000001 0.000001 0.000001 0.000001 0.000001 0.000001 0.000001 0.000001 0.000001 0.000001 0.000001 0.000001 0.000001
0.028848 0.028961 0.028788 0.028519 0.028200 0.027840 0.027438 0.026990 0.026490 0.025931 0.025307 0.024611 0.023834 0.022970 0.022008 0.020940 0.019757 0.018448 0.017003 0.015411 0.013660 0.011738 0.009636 0.007367 0.005015 0.002757 0.000896 0.000001 0.000001 0.000001 0.000001 0.000001 0.000001 0.000001 0.000001 0.000001 0.000001 0.000001 0.000001 0.000001 0.000001 0.000001 0.000001 0.000001 0.000001 0.000001 0.000001 0.000001 0.000001 0.000001
0.029313 0.028492 0.028025 0.027604 0.027157 0.026667 0.026128 0.025535 0.024882 0.024164 0.023373 0.022504 0.021548 0.020497 0.019341 0.018073 0.016683 0.015159 0.013492 0.011669 0.009681 0.007514 0.005186 0.002826 0.000843 0.000001 0.000001 0.000001 0.000001 0.000001 0.000001 0.000001 0.000001 0.000001 0.000001 0.000001 0.000001 0.000001 0.000001 0.000001 0.000001 0.000001 0.000001 0.000001 0.000001 0.000001 0.000001 0.000001 0.000001 0.000001
0.027797 0.027970 0.027626 0.027121 0.026543 0.025913 0.025229 0.024489 0.023686 0.022814 0.021865 0.020832 0.019707 0.018482 0.017146 0.015692 0.014108 0.012385 0.010511 0.008474 0.006263 0.003884 0.001546 0.000001 0.000001 0.000001 0.000001 0.000001 0.000001 0.000001 0.000001 0.000001 0.000001 0.000001 0.000001 0.000001 0.000001 0.000001 0.000001 0.000001 0.000001 0.000001 0.000001 0.000001 0.000001 0.000001 0.000001 0.000001 0.000001 0.000001
0.029681 0.028540 0.027724 0.026982 0.026235 0.025456 0.024631 0.023752 0.022809 0.021795 0.020702 0.019521 0.018244 0.016861 0.015364 0.013742 0.011984 0.010080 0.008019 0.005788 0.003379 0.000980 0.000001 0.000001 0.000001 0.000001 0.000001 0.000001 0.000001 0.000001 0.000001 0.000001 0.000001 0.000001 0.000001 0.000001 0.000001 0.000001 0.000001 0.000001 0.000001 0.000001 0.000001 0.000001 0.000001 0.000001 0.000001 0.000001 0.000001 0.000001
0.029379 0.028498 0.027674 0.026849 0.026000 0.025112 0.024177 0.023185 0.022128 0.020996 0.019782 0.018477 0.017071 0.015554 0.013918 0.012151 0.010243 0.008182 0.005957 0.003555 0.001038 0.000001 0.000001 0.000001 0.000001 0.000001 0.000001 0.000001 0.000001 0.000001 0.000001 0.000001 0.000001 0.000001 0.000001 0.000001 0.000001 0.000001 0.000001 0.000001 0.000001 0.000001 0.000001 0.000001 0.000001 0.000001 0.000001 0.000001 0.000001 0.000001
0.028363 0.028065 0.027387 0.026574 0.025688 0.024746 0.023745 0.022679 0.021542 0.020326 0.019021 0.017619 0.016111 0.014487 0.012737 0.010851 0.008818 0.006625 0.004261 0.001716 0.000001 0.000001 0.000001 0.000001 0.000001 0.000001 0.000001 0.000001 0.000001 0.000001 0.000001 0.000001 0.000001 0.000001 0.000001 0.000001 0.000001 0.000001 0.000001 0.000001 0.000001 0.000001 0.000001 0.000001 0.000001 0.000001 0.000001 0.000001 0.000001 0.000001
0.028981 0.027932 0.027067 0.026208 0.025304 0.024339 0.023307 0.022202 0.021015 0.019742 0.018373 0.016901 0.015317 0.013610 0.011772 0.009791 0.007657 0.005357 0.002880 0.000273 0.000001 0.000001 0.000001 0.000001 0.000001 0.000001 0.000001 0.000001 0.000001 0.000001 0.000001 0.000001 0.000001 0.000001 0.000001 0.000001 0.000001 0.000001 0.000001 0.000001 0.000001 0.000001 0.000001 0.000001 0.000001 0.000001 0.000001 0.000001 0.000001 0.000001
0.028221 0.027475 0.026696 0.025860 0.024955 0.023979 0.022926 0.021792 0.020571 0.019257 0.017842 0.016317 0.014675 0.012906 0.010998 0.008943 0.006729 0.004344 0.001775 0.000001 0.000001 0.000001 0.000001 0.000001 0.000001 0.000001 0.000001 0.000001 0.000001 0.000001 0.000001 0.000001 0.000001 0.000001 0.000001 0.000001 0.000001 0.000001 0.000001 0.000001 0.000001 0.000001 0.000001 0.000001 0.000001 0.000001 0.000001 0.000001 0.000001 0.000001
0.027788 0.027329 0.026590 0.025725 0.024781 0.023766 0.022678 0.021510 0.020254 0.018903 0.017448 0.015881 0.014192 0.012372 0.010410 0.008296 0.006018 0.003564 0.000922 0.000001 0.000001 0.000001 0.000001 0.000001 0.000001 0.000001 0.000001 0.000001 0.000001 0.000001 0.000001 0.000001 0.000001 0.000001 0.000001 0.000001 0.000001 0.000001 0.000001 0.000001 0.000001 0.000001 0.000001 0.000001 0.000001 0.000001 0.000001 0.000001 0.000001 0.000001
0.029065 0.027872 0.026820 0.025809 0.024783 0.023714 0.022582 0.021376 0.020085 0.018698 0.017207 0.015603 0.013874 0.012012 0.010005 0.007843 0.005513 0.003005 0.000304 0.000001 0.000001 0.000001 0.000001 0.000001 0.000001 0.000001 0.000001 0.000001 0.000001 0.000001 0.000001 0.000001 0.000001 0.000001 0.000001 0.000001 0.000001 0.000001 0.000001 0.000001 0.000001 0.000001 0.000001 0.000001 0.000001 0.000001 0.000001 0.000001 0.000001 0.000001
0.029150 0.027889 0.026865 0.025871 0.024843 0.023758 0.022604 0.021372 0.020052 0.018635 0.017113 0.015476 0.013714 0.011817 0.009773 0.007572 0.005201 0.002649 0.000001 0.000001 0.000001 0.000001 0.000001 0.000001 0.000001 0.000001 0.000001 0.000001 0.000001 0.000001 0.000001 0.000001 0.000001 0.000001 0.000001 0.000001 0.000001 0.000001 0.000001 0.000001 0.000001 0.000001 0.000001 0.000001 0.000001 0.000001 0.000001 0.000001 0.000001 0.000001
0.027364 0.027375 0.026774 0.025928 0.024949 0.023874 0.022713 0.021465 0.020125 0.018686 0.017141 0.015478 0.013690 0.011765 0.009693 0.007462 0.005060 0.002475 0.000001 0.000001 0.000001 0.000001 0.000001 0.000001 0.000001 0.000001 0.000001 0.000001 0.000001 0.000001 0.000001 0.000001 0.000001 0.000001 0.000001 0.000001 0.000001 0.000001 0.000001 0.000001 0.000001 0.000001 0.000001 0.000001 0.000001 0.000001 0.000001 0.000001 0.000001 0.000001
0.029263 0.028124 0.027176 0.026205 0.025173 0.024069 0.022889 0.021624 0.020269 0.018815 0.017253 0.015573 0.013767 0.011823 0.009732 0.007481 0.005060 0.002455 0.000001 0.000001 0.000001 0.000001 0.000001 0.000001 0.000001 0.000001 0.000001 0.000001 0.000001 0.000001 0.000001 0.000001 0.000001 0.000001 0.000001 0.000001 0.000001 0.000001 0.000001 0.000001 0.000001 0.000001 0.000001 0.000001 0.000001 0.000001 0.000001 0.000001 0.000001 0.000001
0.029714 0.028699 0.027599 0.026513 0.025416 0.024278 0.023079 0.021803 0.020438 0.018975 0.017405 0.015718 0.013904 0.011953 0.009854 0.007597 0.005170 0.002560 0.000001 0.000001 0.000001 0.000001 0.000001 0.000001 0.000001 0.000001 0.000001 0.000001 0.000001 0.000001 0.000001 0.000001 0.000001 0.000001 0.000001 0.000001 0.000001 0.000001 0.000001 0.000001 0.000001 0.000001 0.000001 0.000001 0.000001 0.000001 0.000001 0.000001 0.000001 0.000001
0.030240 0.028745 0.027635 0.026591 0.025524 0.024403 0.023212 0.021941 0.020580 0.019121 0.017555 0.015872 0.014064 0.012120 0.010030 0.007783 0.005368 0.002772 0.000001 0.000001 0.000001 0.000001 0.000001 0.000001 0.000001 0.000001 0.000001 0.000001 0.000001 0.000001 0.000001 0.000001 0.000001 0.000001 0.000001 0.000001 0.000001 0.000001 0.000001 0.000001 0.000001 0.000001 0.000001 0.000001 0.000001 0.000001 0.000001 0.000001 0.000001 0.000001
0.027853 0.027879 0.027296 0.026461 0.025487 0.024413 0.023251 0.022001 0.020659 0.019218 0.017672 0.016011 0.014226 0.012309 0.010247 0.008031 0.005650 0.003091 0.000342 0.000001 0.000001 0.000001 0.000001 0.000001 0.000001 0.000001 0.000001 0.000001 0.000001 0.000001 0.000001 0.000001 0.000001 0.000001 0.000001 0.000001 0.000001 0.000001 0.000001 0.000001 0.000001 0.000001 0.000001 0.000001 0.000001 0.000001 0.000001 0.000001 0.000001 0.000001
0.028894 0.028107 0.027281 0.026377 0.025395 0.024335 0.023196 0.021976 0.020667 0.019263 0.017757 0.016139 0.014401 0.012532 0.010523 0.008364 0.006043 0.003548 0.000867 0.000001 0.000001 0.000001 0.000001 0.000001 0.000001 0.000001 0.000001 0.000001 0.000001 0.000001 0.000001 0.000001 0.000001 0.000001 0.000001 0.000001 0.000001 0.000001 0.000001 0.000001 0.000001 0.000001 0.000001 0.000001 0.000001 0.000001 0.000001 0.000001 0.000001 0.000001
0.029674 0.028308 0.027219 0.026214 0.025208 0.024164 0.023061 0.021888 0.020634 0.019291 0.017849 0.016300 0.014633 0.012841 0.010912 0.008836 0.006604 0.004203 0.001621 0.000001 0.000001 0.000001 0.000001 0.000001 0.000001 0.000001 0.000001 0.000001 0.000001 0.000001 0.000001 0.000001 0.000001 0.000001 0.000001 0.000001 0.000001 0.000001 0.000001 0.000001 0.000001 0.000001 0.000001 0.000001 0.000001 0.000001 0.000001 0.000001 0.000001 0.000001
0.028216 0.027502 0.026684 0.025808 0.024890 0.023924 0.022900 0.021809 0.020640 0.019384 0.018033 0.016577 0.015009 0.013318 0.011496 0.009533 0.007418 0.005142 0.002692 0.000139 0.000001 0.000001 0.000001 0.000001 0.000001 0.000001 0.000001 0.000001 0.000001 0.000001 0.000001 0.000001 0.000001 0.000001 0.000001 0.000001 0.000001 0.000001 0.000001 0.000001 0.000001 0.000001 0.000001 0.000001 0.000001 0.000001 0.000001 0.000001 0.000001 0.000001
0.027107 0.026718 0.026091 0.025374 0.024593 0.023751 0.022843 0.021862 0.020802 0.019656 0.018416 0.017077 0.015629 0.014065 0.012376 0.010552 0.008585 0.006464 0.004179 0.001722 0.000001 0.000001 0.000001 0.000001 0.000001 0.000001 0.000001 0.000001 0.000001 0.000001 0.000001 0.000001 0.000001 0.000001 0.000001 0.000001 0.000001 0.000001 0.000001 0.000001 0.000001 0.000001 0.000001 0.000001 0.000001 0.000001 0.000001 0.000001 0.000001 0.000001
0.027228 0.026389 0.025794 0.025202 0.024555 0.023838 0.023048 0.022184 0.021241 0.020216 0.019104 0.017897 0.016590 0.015175 0.013644 0.011988 0.010198 0.008265 0.006178 0.003928 0.001572 0.000001 0.000001 0.000001 0.000001 0.000001 0.000001 0.000001 0.000001 0.000001 0.000001 0.000001 0.000001 0.000001 0.000001 0.000001 0.000001 0.000001 0.000001 0.000001 0.000001 0.000001 0.000001 0.000001 0.000001 0.000001 0.000001 0.000001 0.000001 0.000001
0.026300 0.026285 0.025963 0.025493 0.024934 0.024304 0.023609 0.022850 0.022025 0.021128 0.020156 0.019100 0.017956 0.016714 0.015368 0.013910 0.012329 0.010618 0.008767 0.006765 0.004607 0.002393 0.000569 0.000001 0.000001 0.000001 0.000001 0.000001 0.000001 0.000001 0.000001 0.000001 0.000001 0.000001 0.000001 0.000001 0.000001 0.000001 0.000001 0.000001 0.000001 0.000001 0.000001 0.000001 0.000001 0.000001 0.000001 0.000001 0.000001 0.000001
0.027694 0.027266 0.026752 0.026217 0.025664 0.025087 0.024478 0.023829 0.023134 0.022385 0.021575 0.020698 0.019745 0.018709 0.017582 0.016356 0.015022 0.013572 0.011995 0.010284 0.008427 0.006429 0.004373 0.002468 0.000952 0.000001 0.000001 0.000001 0.000001 0.000001 0.000001 0.000001 0.000001 0.000001 0.000001 0.000001 0.000001 0.000001 0.000001 0.000001 0.000001 0.000001 0.000001 0.000001 0.000001 0.000001 0.000001 0.000001 0.000001 0.000001
0.029087 0.028077 0.027442 0.026924 0.026447 0.025980 0.025507 0.025015 0.024493 0.023934 0.023328 0.022669 0.021948 0.021157 0.020289 0.019336 0.018290 0.017142 0.015884 0.014506 0.013000 0.011358 0.009583 0.007719 0.005868 0.004095 0.002634 0.001401 0.000282 0.000001 0.000001 0.000001 0.000001 0.000001 0.000001 0.000001 0.000001 0.000001 0.000001 0.000001 0.000001 0.000001 0.000001 0.000001 0.000001 0.000001 0.000001 0.000001 0.000001 0.000001
0.027729 0.027769 0.027568 0.027329 0.027086 0.026842 0.026592 0.026327 0.026041 0.025727 0.025376 0.024983 0.024540 0.024039 0.023475 0.022839 0.022124 0.021322 0.020426 0.019426 0.018316 0.017086 0.015728 0.014246 0.012658 0.011000 0.009333 0.007716 0.006147 0.004700 0.003507 0.002446 0.001452 0.000495 0.000001 0.000001 0.000001 0.000001 0.000001 0.000001 0.000001 0.000001 0.000001 0.000001 0.000001 0.000001 0.000001 0.000001 0.000001 0.000001
0.027477 0.027460 0.027534 0.027603 0.027661 0.027708 0.027744 0.027766 0.027770 0.027750 0.027703 0.027621 0.027500 0.027333 0.027114 0.026837 0.026495 0.026081 0.025588 0.025009 0.024336 0.023561 0.022678 0.021678 0.020561 0.019332 0.018006 0.016610 0.015166 0.013688 0.012233 0.010819 0.009434 0.008062 0.006725 0.005598 0.004601 0.003673 0.002782 0.001910 0.001050 0.000195 0.000001 0.000001 0.000001 0.000001 0.000001 0.000001 0.000001 0.000001
0.026919 0.027291 0.027631 0.027981 0.028336 0.028689 0.029037 0.029376 0.029703 0.030014 0.030304 0.030570 0.030807 0.031009 0.031171 0.031288 0.031355 0.031365 0.031311 0.031189 0.030990 0.030709 0.030337 0.029869 0.029297 0.028618 0.027832 0.026942 0.025958 0.024889 0.023748 0.022557 0.021324 0.020054 0.018744 0.017435 0.016155 0.014901 0.013662 0.012425 0.011183 0.009930 0.008746 0.007745 0.006839 0.005987 0.005166 0.004366 0.003578 0.002798
0.026764 0.027275 0.027880 0.028521 0.029178 0.029845 0.030515 0.031186 0.031853 0.032514 0.033165 0.033802 0.034422 0.035019 0.035590 0.036129 0.036632 0.037094 0.037509 0.037872 0.038177 0.038418 0.038589 0.038683 0.038694 0.038617 0.038445 0.038177 0.037811 0.037348 0.036792 0.036147 0.035422 0.034622 0.033749 0.032810 0.031820 0.030791 0.029728 0.028630 0.027495 0.026323 0.025118 0.023926 0.022765 0.021627 0.020504 0.019389 0.018275 0.017160
0.026268 0.027240 0.028218 0.029192 0.030171 0.031161 0.032161 0.033172 0.034190 0.035213 0.036238 0.037261 0.038280 0.039289 0.040286 0.041266 0.042225 0.043159 0.044063 0.044931 0.045760 0.046544 0.047278 0.047956 0.048572 0.049121 0.049598 0.049996 0.050313 0.050544 0.050689 0.050745 0.050714 0.050597 0.050396 0.050112 0.049748 0.049311 0.048806 0.048237 0.047604 0.046910 0.046154 0.045347 0.044503 0.043630 0.042733 0.041812 0.040868 0.039898
0.025793 0.027387 0.028706 0.029983 0.031271 0.032580 0.033913 0.035267 0.036641 0.038033 0.039438 0.040856 0.042282 0.043713 0.045147 0.046578 0.048004 0.049421 0.050824 0.052210 0.053574 0.054913 0.056221 0.057493 0.058726 0.059913 0.061051 0.062133 0.063156 0.064115 0.065005 0.065824 0.066568 0.067237 0.067829 0.068342 0.068777 0.069134 0.069414 0.069620 0.069753 0.069813 0.069802 0.069721 0.069575 0.069370 0.069111 0.068802 0.068445 0.068042
0.027372 0.028045 0.029333 0.030821 0.032393 0.034015 0.035677 0.037375 0.039105 0.040866 0.042655 0.044469 0.046305 0.048161 0.050033 0.051918 0.053814 0.055716 0.057622 0.059528 0.061430 0.063325 0.065209 0.067078 0.068928 0.070755 0.072555 0.074323 0.076054 0.077746 0.079393 0.080991 0.082537 0.084028 0.085460 0.086832 0.088140 0.089383 0.090560 0.091671 0.092715 0.093691 0.094599 0.095440 0.096213 0.096921 0.097567 0.098151 0.098678 0.099149
0.025397 0.027684 0.029625 0.031506 0.033408 0.035353 0.037345 0.039385 0.041469 0.043597 0.045765 0.047971 0.050213 0.052488 0.054793 0.057127 0.059487 0.061869 0.064272 0.066691 0.069125 0.071570 0.074024 0.076482 0.078942 0.081400 0.083852 0.086296 0.088728 0.091143 0.093538 0.095909 0.098253 0.100567 0.102845 0.105087 0.107288 0.109446 0.111558 0.113623 0.115638 0.117603 0.119514 0.121372 0.123176 0.124924 0.126617 0.128255 0.129840 0.131371
0.025623 0.027815 0.029921 0.032060 0.034255 0.036512 0.038828 0.041202 0.043632 0.046116 0.048652 0.051238 0.053873 0.056554 0.059281 0.062049 0.064859 0.067707 0.070591 0.073510 0.076460 0.079440 0.082447 0.085478 0.088532 0.091604 0.094692 0.097794 0.100906 0.104026 0.107149 0.110274 0.113396 0.116513 0.119621 0.122717 0.125799 0.128863 0.131906 0.134926 0.137920 0.140886 0.143821 0.146725 0.149594 0.152428 0.155225 0.157984 0.160704 0.163384
0.026531 0.027927 0.030055 0.032418 0.034894 0.037449 0.040075 0.042766 0.045523 0.048343 0.051225 0.054170 0.057175 0.060240 0.063363 0.066544 0.069780 0.073070 0.076414 0.079808 0.083252 0.086743 0.090280 0.093861 0.097483 0.101145 0.104844 0.108577 0.112344 0.116140 0.119964 0.123813 0.127683 0.131574 0.135481 0.139401 0.143333 0.147273 0.151219 0.155167 0.159116 0.163062 0.167003 0.170937 0.174862 0.178775 0.182674 0.186558 0.190425 0.194273
0.023416 0.026983 0.029835 0.032579 0.035353 0.038187 0.041090 0.044064 0.047111 0.050232 0.053426 0.056694 0.060036 0.063451 0.066939 0.070499 0.074130 0.077831 0.081602 0.085441 0.089347 0.093319 0.097356 0.101455 0.105615 0.109834 0.114112 0.118445 0.122833 0.127272 0.131762 0.136299 0.140882 0.145508 0.150175 0.154880 0.159622 0.164397 0.169203 0.174038 0.178899 0.183783 0.188689 0.193613 0.198554 0.203508 0.208474 0.213450 0.218433 0.223421
0.025382 0.027279 0.029939 0.032800 0.035755 0.038791 0.041908 0.045107 0.048392 0.051764 0.055223 0.058769 0.062404 0.066127 0.069938 0.073837 0.077823 0.081897 0.086058 0.090304 0.094635 0.099051 0.103549 0.108130 0.112791 0.117532 0.122351 0.127246 0.132216 0.137259 0.142374 0.147559 0.152812 0.158131 0.163514 0.168959 0.174463 0.180025 0.185643 0.191313 0.197035 0.202805 0.208621 0.214481 0.220382 0.226323 0.232300 0.238312 0.244356 0.250431
0.023386 0.027018 0.030063 0.033060 0.036126 0.039286 0.042545 0.045906 0.049369 0.052935 0.056604 0.060377 0.064255 0.068238 0.072325 0.076518 0.080816 0.085218 0.089725 0.094336 0.099051 0.103868 0.108788 0.113809 0.118929 0.124150 0.129467 0.134882 0.140392 0.145996 0.151693 0.157480 0.163357 0.169322 0.175372 0.181507 0.187723 0.194020 0.200395 0.206846 0.213371 0.219968 0.226634 0.233368 0.240167 0.247030 0.253952 0.260934 0.267971 0.275062
0.025854 0.027766 0.030412 0.033336 0.036423 0.039644 0.042988 0.046454 0.050039 0.053745 0.057572 0.061520 0.065590 0.069783 0.074099 0.078538 0.083101 0.087786 0.092594 0.097525 0.102579 0.107754 0.113050 0.118466 0.124002 0.129657 0.135429 0.141318 0.147321 0.153439 0.159670 0.166012 0.172463 0.179023 0.185690 0.192461 0.199336 0.206311 0.213387 0.220560 0.227828 0.235190 0.242643 0.250186 0.257816 0.265531 0.273328 0.281206 0.289162 0.297194
0.024361 0.027466 0.030419 0.033436 0.036568 0.039827 0.043218 0.046743 0.050404 0.054202 0.058139 0.062215 0.066432 0.070789 0.075287 0.079927 0.084709 0.089632 0.094697 0.099903 0.105249 0.110737 0.116364 0.122130 0.128035 0.134077 0.140256 0.146571 0.153020 0.159602 0.166317 0.173162 0.180137 0.187239 0.194468 0.201821 0.209298 0.216895 0.224612 0.232446 0.240396 0.248459 0.256634 0.264918 0.273309 0.281806 0.290406 0.299106 0.307904 0.316799
0.024631 0.027550 0.030467 0.033465 0.036582 0.039833 0.043230 0.046775 0.050473 0.054325 0.058333 0.062499 0.066822 0.071304 0.075945 0.080745 0.085705 0.090824 0.096102 0.101539 0.107135 0.112889 0.118802 0.124872 0.131098 0.137480 0.144018 0.150709 0.157554 0.164550 0.171697 0.178993 0.186437 0.194028 0.201763 0.209641 0.217661 0.225821 0.234119 0.242553 0.251121 0.259821 0.268651 0.277609 0.286692 0.295899 0.305228 0.314675 0.324240 0.333918
0.025934 0.027991 0.030578 0.033421 0.036451 0.039652 0.043021 0.046560 0.050269 0.054150 0.058203 0.062430 0.066831 0.071405 0.076155 0.081080 0.086180 0.091456 0.096908 0.102535 0.108338 0.114316 0.120469 0.126797 0.133298 0.139973 0.146820 0.153838 0.161027 0.168386 0.175912 0.183606 0.191465 0.199487 0.207673 0.216019 0.224523 0.233186 0.242003 0.250974 0.260096 0.269368 0.278787 0.288350 0.298057 0.307904 0.317889 0.328010 0.338264 0.348649
0.024561 0.027553 0.030297 0.033117 0.036096 0.039256 0.042601 0.046130 0.049843 0.053740 0.057823 0.062092 0.066547 0.071189 0.076019 0.081038 0.086246 0.091645 0.097233 0.103012 0.108981 0.115141 0.121492 0.128032 0.134763 0.141683 0.148791 0.156087 0.163570 0.171239 0.179092 0.187129 0.195347 0.203747 0.212325 0.221080 0.230011 0.239116 0.248392 0.257837 0.267451 0.277229 0.287171 0.297273 0.307534 0.317951 0.328521 0.339242 0.350112 0.361129
0.025351 0.027397 0.029862 0.032597 0.035549 0.038697 0.042036 0.045564 0.049282 0.053191 0.057292 0.061587 0.066077 0.070764 0.075650 0.080735 0.086021 0.091509 0.097200 0.103094 0.109192 0.115494 0.122000 0.128711 0.135626 0.142745 0.150068 0.157593 0.165320 0.173249 0.181377 0.189704 0.198229 0.206949 0.215864 0.224972 0.234270 0.243758 0.253432 0.263291 0.273332 0.283554 0.293954 0.304529 0.315277 0.326195 0.337281 0.348533 0.359947 0.371521
0.024490 0.026594 0.029171 0.031975 0.034960 0.038121 0.041463 0.044989 0.048705 0.052614 0.056719 0.061022 0.065528 0.070238 0.075154 0.080279 0.085614 0.091161 0.096921 0.102896 0.109087 0.115494 0.122117 0.128958 0.136016 0.143291 0.150783 0.158491 0.166416 0.174555 0.182909 0.191475 0.200254 0.209242 0.218439 0.227844 0.237453 0.247266 0.257279 0.267492 0.277901 0.288504 0.299298 0.310282 0.321453 0.332807 0.344342 0.356056 0.367945 0.380007
0.022175 0.025778 0.028705 0.031577 0.034560 0.037701 0.041018 0.044520 0.048212 0.052100 0.056189 0.060480 0.064980 0.069689 0.074612 0.079752 0.085110 0.090688 0.096489 0.102514 0.108765 0.115243 0.121948 0.128881 0.136043 0.143434 0.151054 0.158903 0.166981 0.175286 0.183818 0.192576 0.201559 0.210765 0.220193 0.229841 0.239708 0.249790 0.260088 0.270597 0.281315 0.292241 0.303371 0.314703 0.326234 0.337961 0.349881 0.361992 0.374290 0.386773
0.025572 0.026717 0.028934 0.031556 0.034420 0.037484 0.040741 0.044191 0.047837 0.051684 0.055736 0.059997 0.064471 0.069162 0.074072 0.079205 0.084563 0.090149 0.095966 0.102015 0.108298 0.114816 0.121572 0.128566 0.135798 0.143269 0.150981 0.158932 0.167122 0.175551 0.184219 0.193125 0.202267 0.211644 0.221255 0.231099 0.241172 0.251475 0.262003 0.272755 0.283729 0.294922 0.306331 0.317954 0.329787 0.341828 0.354074 0.366521 0.379167 0.392007
0.023318 0.026284 0.028872 0.031533 0.034357 0.037363 0.040559 0.043950 0.047542 0.051339 0.055345 0.059565 0.064002 0.068660 0.073543 0.078655 0.083997 0.089573 0.095385 0.101437 0.107730 0.114265 0.121046 0.128072 0.135346 0.142868 0.150638 0.158658 0.166926 0.175444 0.184210 0.193224 0.202485 0.211992 0.221743 0.231737 0.241973 0.252448 0.263160 0.274107 0.285286 0.296695 0.308331 0.320192 0.332274 0.344574 0.357089 0.369816 0.382751 0.395891
0.024381 0.026396 0.028856 0.031488 0.034275 0.037234 0.040380 0.043720 0.047262 0.051012 0.054973 0.059150 0.063547 0.068168 0.073017 0.078098 0.083414 0.088967 0.094762 0.100801 0.107086 0.113621 0.120406 0.127443 0.134735 0.142282 0.150086 0.158146 0.166463 0.175038 0.183870 0.192959 0.202303 0.211903 0.221757 0.231863 0.242220 0.252826 0.263679 0.274776 0.286116 0.297695 0.309512 0.321562 0.333843 0.346352 0.359085 0.372040 0.385212 0.398599
0.023562 0.026380 0.028866 0.031422 0.034141 0.037048 0.040148 0.043448 0.046952 0.050662 0.054585 0.058723 0.063082 0.067666 0.072479 0.077525 0.082809 0.088332 0.094101 0.100116 0.106382 0.112901 0.119676 0.126708 0.134000 0.141552 0.149367 0.157446 0.165788 0.174394 0.183265 0.192400 0.201799 0.211461 0.221384 0.231568 0.242012 0.252712 0.263669 0.274878 0.286338 0.298047 0.310001 0.322197 0.334633 0.347306 0.360212 0.373347 0.386709 0.400293
0.025789 0.026894 0.028871 0.031257 0.033909 0.036780 0.039854 0.043129 0.046604 0.050284 0.054173 0.058277 0.062600 0.067147 0.071923 0.076932 0.082180 0.087669 0.093405 0.099390 0.105628 0.112123 0.118876 0.125890 0.133168 0.140711 0.148522 0.156600 0.164948 0.173565 0.182453 0.191611 0.201039 0.210736 0.220702 0.230935 0.241435 0.252199 0.263226 0.274513 0.286059 0.297861 0.309915 0.322220 0.334772 0.347568 0.360605 0.373879 0.387387 0.401125
0.023390 0.025850 0.028286 0.030849 0.033571 0.036464 0.039537 0.042795 0.046246 0.049896 0.053752 0.057820 0.062106 0.066615 0.071353 0.076324 0.081533 0.086985 0.092685 0.098635 0.104839 0.111302 0.118026 0.125013 0.132267 0.139790 0.147583 0.155647 0.163986 0.172598 0.181484 0.190646 0.200083 0.209794 0.219780 0.230038 0.240568 0.251369 0.262439 0.273775 0.285376 0.297239 0.309362 0.321741 0.334375 0.347259 0.360390 0.373766 0.387382 0.401235
0.022344 0.025200 0.027889 0.030567 0.033327 0.036219 0.039269 0.042496 0.045912 0.049524 0.053342 0.057370 0.061616 0.066085 0.070782 0.075713 0.080882 0.086294 0.091954 0.097866 0.104033 0.110460 0.117148 0.124103 0.131325 0.138819 0.146584 0.154625 0.162941 0.171535 0.180407 0.189557 0.198986 0.208693 0.218679 0.228942 0.239481 0.250296 0.261385 0.272745 0.284375 0.296273 0.308436 0.320861 0.333546 0.346487 0.359681 0.373125 0.386815 0.400749
0.023695 0.025870 0.028189 0.030660 0.033292 0.036094 0.039076 0.042246 0.045611 0.049177 0.052951 0.056936 0.061141 0.065568 0.070224 0.075114 0.080243 0.085615 0.091234 0.097106 0.103233 0.109620 0.116270 0.123186 0.130372 0.137829 0.145561 0.153568 0.161854 0.170418 0.179263 0.188389 0.197796 0.207485 0.217455 0.227706 0.238237 0.249047 0.260134 0.271497 0.283135 0.295044 0.307222 0.319668 0.332378 0.345349 0.358578 0.372062 0.385798 0.399781
0.025249 0.026644 0.028553 0.030786 0.033271 0.035977 0.038889 0.042004 0.045322 0.048846 0.052579 0.056526 0.060691 0.065080 0.069697 0.074548 0.079636 0.084968 0.090546 0.096377 0.102462 0.108808 0.115416 0.122291 0.129435 0.136851 0.144542 0.152510 0.160757 0.169284 0.178092 0.187183 0.196557 0.206215 0.216156 0.226381 0.236888 0.247676 0.258745 0.270094 0.281719 0.293620 0.305794 0.318239 0.330952 0.343930 0.357171 0.370670 0.384426 0.398433
0.024078 0.026137 0.028249 0.030546 0.033046 0.035745 0.038643 0.041737 0.045031 0.048528 0.052232 0.056147 0.060280 0.064635 0.069216 0.074030 0.079080 0.084372 0.089911 0.095699 0.101743 0.108044 0.114609 0.121439 0.128537 0.135908 0.143554 0.151476 0.159677 0.168159 0.176923 0.185971 0.195303 0.204919 0.214820 0.225006 0.235477 0.246231 0.257268 0.268586 0.280184 0.292061 0.304213 0.316639 0.329337 0.342303 0.355534 0.369029 0.382782 0.396792
0.023298 0.025328 0.027645 0.030105 0.032704 0.035458 0.038379 0.041478 0.044765 0.048247 0.051930 0.055822 0.059926 0.064250 0.068799 0.073577 0.078591 0.083844 0.089341 0.095087 0.101087 0.107343 0.113861 0.120643 0.127694 0.135015 0.142610 0.150482 0.158632 0.167063 0.175777 0.184773 0.194055 0.203622 0.213474 0.223612 0.234036 0.244745 0.255738 0.267014 0.278573 0.290411 0.302528 0.314921 0.327587 0.340525 0.353732 0.367204 0.380938 0.394932
0.021939 0.024806 0.027344 0.029884 0.032520 0.035288 0.038211 0.041304 0.044577 0.048041 0.051702 0.055568 0.059645 0.063938 0.068454 0.073197 0.078172 0.083385 0.088841 0.094543 0.100497 0.106707 0.113175 0.119907 0.126906 0.134174 0.141716 0.149533 0.157628 0.166003 0.174660 0.183601 0.192826 0.202336 0.212133 0.222216 0.232585 0.243241 0.254181 0.265406 0.276915 0.288705 0.300775 0.313124 0.325748 0.338645 0.351814 0.365250 0.378952 0.392915
0.024153 0.025613 0.027720 0.030079 0.032614 0.035316 0.038191 0.041246 0.044487 0.047920 0.051552 0.055388 0.059433 0.063694 0.068174 0.072880 0.077816 0.082987 0.088399 0.094056 0.099962 0.106122 0.112539 0.119219 0.126163 0.133376 0.140861 0.148621 0.156657 0.164973 0.173571 0.182451 0.191616 0.201066 0.210802 0.220825 0.231135 0.241731 0.252613 0.263781 0.275233 0.286967 0.298983 0.311279 0.323852 0.336701 0.349822 0.363213 0.376871 0.390793
0.023355 0.025951 0.028132 0.030382 0.032808 0.035427 0.038242 0.041250 0.044453 0.047852 0.051451 0.055254 0.059266 0.063491 0.067933 0.072600 0.077495 0.082623 0.087989 0.093599 0.099456 0.105565 0.111930 0.118555 0.125444 0.132601 0.140028 0.147729 0.155706 0.163961 0.172498 0.181316 0.190419 0.199807 0.209480 0.219441 0.229688 0.240222 0.251042 0.262149 0.273540 0.285215 0.297173 0.309411 0.321928 0.334721 0.347788 0.361127 0.374735 0.388609
0.025899 0.026682 0.028366 0.030469 0.032843 0.035438 0.038233 0.041221 0.044402 0.047776 0.051348 0.055120 0.059098 0.063287 0.067692 0.072318 0.077171 0.082255 0.087576 0.093138 0.098946 0.105004 0.111317 0.117889 0.124724 0.131824 0.139194 0.146837 0.154755 0.162951 0.171427 0.180184 0.189225 0.198551 0.208163 0.218061 0.228245 0.238717 0.249475 0.260519 0.271849 0.283463 0.295360 0.307538 0.319996 0.332731 0.345742 0.359025 0.372578 0.386399
0.023238 0.025463 0.027716 0.030090 0.032606 0.035276 0.038107 0.041108 0.044284 0.047644 0.051193 0.054938 0.058885 0.063040 0.067408 0.071995 0.076806 0.081847 0.087124 0.092640 0.098401 0.104411 0.110674 0.117195 0.123978 0.131025 0.138341 0.145929 0.153791 0.161930 0.170348 0.179048 0.188030 0.197296 0.206848 0.216685 0.226810 0.237220 0.247918 0.258901 0.270171 0.281724 0.293561 0.305680 0.318078 0.330755 0.343708 0.356934 0.370432 0.384197
0.021292 0.024392 0.027105 0.029713 0.032348 0.035075 0.037929 0.040932 0.044098 0.047439 0.050964 0.054681 0.058596 0.062717 0.067049 0.071599 0.076372 0.081374 0.086609 0.092083 0.097801 0.103767 0.109985 0.116459 0.123194 0.130194 0.137460 0.144998 0.152808 0.160895 0.169260 0.177906 0.186834 0.196045 0.205541 0.215322 0.225389 0.235743 0.246383 0.257309 0.268520 0.280016 0.291795 0.303856 0.316197 0.328817 0.341713 0.354883 0.368324 0.382035
0.023090 0.025152 0.027399 0.029788 0.032306 0.034962 0.037765 0.040727 0.043856 0.047163 0.050655 0.054339 0.058222 0.062310 0.066609 0.071125 0.075864 0.080830 0.086029 0.091467 0.097146 0.103073 0.109252 0.115686 0.122379 0.129336 0.136559 0.144051 0.151816 0.159857 0.168174 0.176772 0.185650 0.194811 0.204256 0.213986 0.224001 0.234302 0.244889 0.255761 0.266918 0.278360 0.290084 0.302090 0.314376 0.326941 0.339782 0.352898 0.366285 0.379941
0.024996 0.026114 0.027886 0.029993 0.032331 0.034864 0.037580 0.040476 0.043554 0.046818 0.050273 0.053924 0.057775 0.061833 0.066103 0.070590 0.075300 0.080236 0.085405 0.090812 0.096460 0.102354 0.108499 0.114898 0.121556 0.128475 0.135661 0.143114 0.150839 0.158839 0.167114 0.175668 0.184503 0.193619 0.203018 0.212701 0.222669 0.232922 0.243459 0.254282 0.265389 0.276779 0.288452 0.300406 0.312641 0.325153 0.337942 0.351004 0.364339 0.377942
0.023270 0.025652 0.027721 0.029855 0.032151 0.034629 0.037293 0.040145 0.043186 0.046417 0.049843 0.053467 0.057294 0.061328 0.065574 0.070038 0.074724 0.079636 0.084780 0.090161 0.095783 0.101649 0.107765 0.114135 0.120762 0.127650 0.134802 0.142222 0.149912 0.157874 0.166113 0.174628 0.183423 0.192498 0.201855 0.211496 0.221420 0.231628 0.242120 0.252896 0.263955 0.275298 0.286923 0.298828 0.311013 0.323475 0.336213 0.349225 0.362509 0.376061
0.023835 0.025380 0.027311 0.029450 0.031763 0.034250 0.036914 0.039758 0.042787 0.046005 0.049416 0.053025 0.056835 0.060853 0.065082 0.069527 0.074194 0.079086 0.084210 0.089568 0.095167 0.101010 0.107101 0.113444 0.120044 0.126903 0.134025 0.141414 0.149071 0.157000 0.165204 0.173683 0.182441 0.191478 0.200796 0.210396 0.220279 0.230445 0.240893 0.251625 0.262640 0.273937 0.285515 0.297373 0.309510 0.321924 0.334613 0.347575 0.360809 0.374311
0.022994 0.024764 0.026784 0.028987 0.031349 0.033869 0.036554 0.039409 0.042442 0.045659 0.049065 0.052666 0.056466 0.060472 0.064687 0.069117 0.073767 0.078642 0.083747 0.089085 0.094662 0.100482 0.106549 0.112867 0.119440 0.126272 0.133365 0.140723 0.148349 0.156246 0.164416 0.172860 0.181582 0.190582 0.199861 0.209422 0.219264 0.229388 0.239795 0.250484 0.261454 0.272706 0.284238 0.296050 0.308139 0.320505 0.333146 0.346059 0.359243 0.372696
0.021768 0.024190 0.026433 0.028713 0.031107 0.033645 0.036341 0.039204 0.042240 0.045456 0.048858 0.052452 0.056243 0.060237 0.064439 0.068854 0.073487 0.078344 0.083428 0.088746 0.094300 0.100096 0.106138 0.112430 0.118975 0.125778 0.132841 0.140168 0.147762 0.155625 0.163760 0.172169 0.180854 0.189816 0.199057 0.208577 0.218378 0.228461 0.238824 0.249469 0.260395 0.271602 0.283088 0.294853 0.306895 0.319213 0.331805 0.344669 0.357803 0.371206
0.022897 0.024592 0.026579 0.028768 0.031127 0.033652 0.036340 0.039198 0.042229 0.045438 0.048831 0.052414 0.056192 0.060171 0.064357 0.068753 0.073367 0.078202 0.083263 0.088557 0.094086 0.099855 0.105869 0.112132 0.118647 0.125419 0.132450 0.139743 0.147302 0.155130 0.163228 0.171599 0.180245 0.189168 0.198368 0.207847 0.217606 0.227645 0.237964 0.248564 0.259445 0.270605 0.282044 0.293761 0.305754 0.318023 0.330566 0.343381 0.356465 0.369816
0.023222 0.024835 0.026804 0.028984 0.031337 0.033853 0.036533 0.039380 0.042398 0.045594 0.048971 0.052537 0.056297 0.060256 0.064419 0.068793 0.073382 0.078192 0.083227 0.088493 0.093993 0.099732 0.105715 0.111946 0.118428 0.125165 0.132161 0.139418 0.146940 0.154729 0.162788 0.171119 0.179724 0.188605 0.197762 0.207197 0.216912 0.226906 0.237179 0.247733 0.258566 0.269678 0.281069 0.292737 0.304681 0.316901 0.329393 0.342157 0.355190 0.368491
0.022330 0.024807 0.027031 0.029294 0.031672 0.034190 0.036860 0.039692 0.042691 0.045866 0.049221 0.052763 0.056499 0.060432 0.064570 0.068916 0.073477 0.078258 0.083263 0.088498 0.093966 0.099672 0.105621 0.111817 0.118263 0.124963 0.131921 0.139139 0.146621 0.154370 0.162387 0.170676 0.179238 0.188074 0.197187 0.206577 0.216245 0.226192 0.236418 0.246924 0.257709 0.268772 0.280113 0.291732 0.303626 0.315795 0.328237 0.340950 0.353932 0.367182
0.023993 0.025535 0.027552 0.029760 0.032108 0.034600 0.037242 0.040045 0.043016 0.046162 0.049490 0.053004 0.056711 0.060616 0.064725 0.069042 0.073572 0.078322 0.083295 0.088496 0.093930 0.099602 0.105515 0.111674 0.118082 0.124743 0.131661 0.138839 0.146279 0.153986 0.161960 0.170205 0.178722 0.187513 0.196579 0.205923 0.215544 0.225443 0.235621 0.246078 0.256814 0.267828 0.279119 0.290688 0.302532 0.314651 0.327042 0.339705 0.352636 0.365835
0.023584 0.025973 0.028085 0.030242 0.032525 0.034960 0.037557 0.040322 0.043260 0.046375 0.049673 0.053159 0.056838 0.060714 0.064794 0.069081 0.073581 0.078299 0.083239 0.088407 0.093807 0.099443 0.105319 0.111440 0.117810 0.124431 0.131309 0.138445 0.145843 0.153507 0.161437 0.169637 0.178109 0.186854 0.195874 0.205171 0.214744 0.224596 0.234725 0.245134 0.255820 0.266785 0.278028 0.289547 0.301342 0.313411 0.325753 0.338366 0.351248 0.364398
0.025684 0.026840 0.028538 0.030523 0.032720 0.035104 0.037665 0.040401 0.043314 0.046405 0.049680 0.053141 0.056795 0.060646 0.064699 0.068958 0.073429 0.078116 0.083025 0.088160 0.093525 0.099126 0.104966 0.111049 0.117380 0.123962 0.130799 0.137894 0.145250 0.152870 0.160756 0.168912 0.177338 0.186038 0.195012 0.204262 0.213788 0.223592 0.233675 0.244035 0.254674 0.265591 0.276786 0.288257 0.300004 0.312025 0.324319 0.336885 0.349720 0.362823
0.024588 0.026324 0.028214 0.030279 0.032514 0.034915 0.037481 0.040215 0.043120 0.046199 0.049459 0.052902 0.056536 0.060364 0.064392 0.068625 0.073068 0.077725 0.082603 0.087705 0.093037 0.098603 0.104406 0.110452 0.116745 0.123287 0.130084 0.137137 0.144451 0.152028 0.159872 0.167983 0.176365 0.185020 0.193948 0.203153 0.212633 0.222391 0.232427 0.242742 0.253334 0.264205 0.275353 0.286778 0.298480 0.310455 0.322705 0.335225 0.348016 0.361075
0.022928 0.025254 0.027456 0.029687 0.032012 0.034461 0.037051 0.039793 0.042696 0.045768 0.049014 0.052441 0.056054 0.059860 0.063863 0.068069 0.072484 0.077111 0.081957 0.087026 0.092324 0.097854 0.103620 0.109629 0.115882 0.122385 0.129141 0.136153 0.143425 0.150960 0.158760 0.166828 0.175166 0.183776 0.192661 0.201820 0.211256 0.220969 0.230961 0.241230 0.251779 0.262605 0.273710 0.285091 0.296749 0.308682 0.320889 0.333368 0.346118 0.359135
0.023124 0.024909 0.026967 0.029160 0.031473 0.033915 0.036495 0.039225 0.042112 0.045165 0.048390 0.051794 0.055382 0.059160 0.063135 0.067311 0.071693 0.076288 0.081100 0.086134 0.091394 0.096887 0.102615 0.108584 0.114797 0.121260 0.127974 0.134944 0.142174 0.149666 0.157422 0.165447 0.173741 0.182308 0.191148 0.200264 0.209657 0.219327 0.229275 0.239502 0.250007 0.260792 0.271855 0.283195 0.294812 0.306705 0.318873 0.331313 0.344025 0.357005
0.022615 0.024692 0.026676 0.028763 0.030991 0.033368 0.035897 0.038585 0.041435 0.044452 0.047643 0.051013 0.054567 0.058311 0.062250 0.066390 0.070736 0.075293 0.080066 0.085061 0.090282 0.095734 0.101421 0.107348 0.113520 0.119939 0.126610 0.133537 0.140723 0.148171 0.155884 0.163865 0.172116 0.180638 0.189435 0.198508 0.207858 0.217485 0.227391 0.237577 0.248041 0.258786 0.269809 0.281110 0.292690 0.304545 0.316676 0.329081 0.341758 0.354704
0.023513 0.024700 0.026402 0.028352 0.030487 0.032791 0.035261 0.037895 0.040697 0.043670 0.046818 0.050146 0.053659 0.057361 0.061259 0.065358 0.069662 0.074176 0.078907 0.083858 0.089036 0.094443 0.100086 0.105969 0.112095 0.118470 0.125096 0.131977 0.139118 0.146521 0.154189 0.162125 0.170331 0.178810 0.187564 0.196593 0.205900 0.215486 0.225351 0.235496 0.245921 0.256627 0.267612 0.278877 0.290420 0.302240 0.314337 0.326709 0.339353 0.352269
0.021929 0.023911 0.025776 0.027744 0.029860 0.032131 0.034563 0.037156 0.039916 0.042845 0.045950 0.049233 0.052702 0.056359 0.060212 0.064265 0.068523 0.072992 0.077676 0.082581 0.087711 0.093072 0.098667 0.104502 0.110581 0.116908 0.123487 0.130322 0.137415 0.144772 0.152394 0.160284 0.168445 0.176880 0.185590 0.194576 0.203841 0.213385 0.223210 0.233315 0.243702 0.254369 0.265318 0.276547 0.288056 0.299844 0.311909 0.324249 0.336864 0.349751
0.021510 0.023145 0.025007 0.027009 0.029141 0.031410 0.033824 0.036390 0.039116 0.042008 0.045072 0.048313 0.051737 0.055349 0.059155 0.063161 0.067371 0.071792 0.076427 0.081283 0.086364 0.091675 0.097221 0.103007 0.109037 0.115314 0.121845 0.128631 0.135677 0.142986 0.150561 0.158405 0.166521 0.174910 0.183576 0.192520 0.201742 0.211246 0.221030 0.231097 0.241446 0.252077 0.262991 0.274186 0.285662 0.297418 0.309452 0.321764 0.334351 0.347212
0.020613 0.022391 0.024311 0.026334 0.028466 0.030722 0.033114 0.035652 0.038345 0.041200 0.044225 0.047424 0.050804 0.054372 0.058131 0.062090 0.066252 0.070623 0.075209 0.080015 0.085046 0.090307 0.095803 0.101538 0.107518 0.113746 0.120227 0.126964 0.133962 0.141223 0.148752 0.156550 0.164620 0.172965 0.181588 0.190489 0.199670 0.209133 0.218879 0.228908 0.239220 0.249816 0.260695 0.271858 0.283303 0.295029 0.307034 0.319319 0.331880 0.344716
0.019911 0.021995 0.023912 0.025875 0.027948 0.030153 0.032501 0.034999 0.037652 0.040467 0.043449 0.046606 0.049942 0.053464 0.057177 0.061088 0.065202 0.069525 0.074062 0.078818 0.083800 0.089011 0.094458 0.100144 0.106075 0.112254 0.118687 0.125376 0.132327 0.139541 0.147024 0.154777 0.162803 0.171105 0.179685 0.188545 0.197687 0.207111 0.216819 0.226811 0.237089 0.247651 0.258498 0.269629 0.281044 0.292742 0.304721 0.316979 0.329516 0.342330
0.021099 0.022245 0.023803 0.025599 0.027576 0.029715 0.032009 0.034458 0.037065 0.039835 0.042773 0.045885 0.049176 0.052652 0.056319 0.060184 0.064251 0.068527 0.073017 0.077726 0.082660 0.087824 0.093224 0.098863 0.104747 0.110880 0.117267 0.123911 0.130817 0.137987 0.145426 0.153137 0.161121 0.169383 0.177923 0.186744 0.195848 0.205235 0.214908 0.224866 0.235110 0.245641 0.256457 0.267560 0.278947 0.290618 0.302572 0.314807 0.327321 0.340113
0.020568 0.021930 0.023525 0.025314 0.027265 0.029367 0.031619 0.034024 0.036585 0.039310 0.042202 0.045269 0.048515 0.051948 0.055571 0.059392 0.063415 0.067648 0.072094 0.076760 0.081651 0.086772 0.092128 0.097724 0.103566 0.109657 0.116002 0.122605 0.129469 0.136600 0.143999 0.151670 0.159617 0.167841 0.176345 0.185130 0.194200 0.203554 0.213194 0.223121 0.233335 0.243837 0.254625 0.265701 0.277063 0.288710 0.300641 0.312854 0.325348 0.338121
0.019434 0.021307 0.023162 0.025044 0.027009 0.029090 0.031306 0.033670 0.036190 0.038872 0.041724 0.044750 0.047957 0.051350 0.054935 0.058718 0.062703 0.066898 0.071306 0.075935 0.080788 0.085871 0.091190 0.096750 0.102554 0.108608 0.114917 0.121483 0.128312 0.135408 0.142772 0.150410 0.158323 0.166514 0.174986 0.183741 0.192780 0.202104 0.211716 0.221616 0.231803 0.242279 0.253044 0.264096 0.275435 0.287061 0.298972 0.311166 0.323642 0.336398
0.019313 0.021357 0.023134 0.024930 0.026828 0.028858 0.031032 0.033359 0.035845 0.038496 0.041317 0.044313 0.047491 0.050854 0.054410 0.058163 0.062118 0.066283 0.070661 0.075259 0.080082 0.085136 0.090424 0.095953 0.101727 0.107751 0.114030 0.120567 0.127367 0.134433 0.141769 0.149378 0.157263 0.165428 0.173873 0.182602 0.191616 0.200916 0.210504 0.220380 0.230546 0.241001 0.251745 0.262777 0.274098 0.285706 0.297600 0.309778 0.322239 0.334981
0.021514 0.021960 0.023201 0.024794 0.026606 0.028595 0.030746 0.033057 0.035529 0.038166 0.040973 0.043954 0.047114 0.050460 0.053997 0.057730 0.061666 0.065809 0.070166 0.074742 0.079543 0.084574 0.089840 0.095346 0.101097 0.107099 0.113354 0.119869 0.126646 0.133690 0.141004 0.148592 0.156456 0.164599 0.173024 0.181733 0.190728 0.200009 0.209579 0.219438 0.229586 0.240024 0.250752 0.261770 0.273076 0.284670 0.296551 0.308717 0.321166 0.333897
0.019075 0.020930 0.022607 0.024360 0.026247 0.028276 0.030453 0.032780 0.035261 0.037902 0.040709 0.043687 0.046842 0.050180 0.053707 0.057430 0.061354 0.065485 0.069829 0.074391 0.079178 0.084194 0.089445 0.094936 0.100673 0.106659 0.112899 0.119399 0.126161 0.133190 0.140489 0.148062 0.155912 0.164041 0.172453 0.181148 0.190129 0.199398 0.208955 0.218801 0.228938 0.239365 0.250083 0.261090 0.272386 0.283971 0.295843 0.308000 0.320441 0.333164
0.018556 0.020259 0.022075 0.023966 0.025948 0.028038 0.030252 0.032603 0.035100 0.037750 0.040561 0.043541 0.046696 0.050033 0.053557 0.057275 0.061194 0.065320 0.069657 0.074213 0.078993 0.084002 0.089246 0.094730 0.100459 0.106437 0.112670 0.119162 0.125917 0.132938 0.140230 0.147796 0.155638 0.163761 0.172165 0.180853 0.189828 0.199090 0.208641 0.218481 0.228612 0.239034 0.249745 0.260747 0.272039 0.283618 0.295486 0.307639 0.320076 0.332795
