0.115488 0.114649 0.114322 0.114138 0.113998 0.113870 0.113742 0.113610 0.113471 0.113327 0.113178 0.113023 0.112864 0.112701 0.112534 0.112364 0.112192 0.112018 0.111841 0.111663 0.111483 0.111301 0.111118 0.110934 0.110749 0.110562 0.110375 0.110187 0.109998 0.109808 0.109618 0.109426 0.109234 0.109042 0.108849 0.108655 0.108460 0.108265 0.108070 0.107874 0.107678 0.107481 0.107283 0.107085 0.106887 0.106689 0.106489 0.106290 0.106090 0.105890
0.112603 0.114050 0.114332 0.114332 0.114248 0.114130 0.113995 0.113849 0.113696 0.113538 0.113375 0.113208 0.113039 0.112866 0.112692 0.112515 0.112337 0.112157 0.111975 0.111792 0.111608 0.111423 0.111237 0.111050 0.110862 0.110673 0.110483 0.110293 0.110102 0.109910 0.109717 0.109524 0.109330 0.109136 0.108941 0.108746 0.108550 0.108353 0.108156 0.107959 0.107761 0.107563 0.107364 0.107165 0.106966 0.106766 0.106566 0.106365 0.106164 0.105963
0.117253 0.115487 0.115118 0.114960 0.114811 0.114647 0.114472 0.114292 0.114109 0.113923 0.113737 0.113551 0.113364 0.113176 0.112988 0.112799 0.112611 0.112421 0.112231 0.112041 0.111850 0.111658 0.111466 0.111274 0.111081 0.110887 0.110693 0.110499 0.110303 0.110108 0.109912 0.109715 0.109518 0.109320 0.109122 0.108924 0.108725 0.108525 0.108326 0.108125 0.107925 0.107724 0.107523 0.107321 0.107119 0.106917 0.106714 0.106512 0.106309 0.106105
0.113589 0.115803 0.115994 0.115804 0.115558 0.115315 0.115081 0.114856 0.114636 0.114422 0.114211 0.114002 0.113797 0.113593 0.113390 0.113189 0.112988 0.112788 0.112588 0.112389 0.112190 0.111991 0.111792 0.111592 0.111393 0.111193 0.110993 0.110793 0.110593 0.110392 0.110191 0.109989 0.109787 0.109585 0.109383 0.109180 0.108977 0.108773 0.108570 0.108366 0.108161 0.107957 0.107752 0.107547 0.107341 0.107136 0.106930 0.106724 0.106518 0.106312
0.122194 0.118386 0.117185 0.116630 0.116263 0.115962 0.115692 0.115439 0.115197 0.114963 0.114735 0.114512 0.114292 0.114076 0.113862 0.113650 0.113440 0.113230 0.113022 0.112814 0.112607 0.112400 0.112194 0.111987 0.111781 0.111575 0.111368 0.111162 0.110955 0.110748 0.110541 0.110334 0.110126 0.109919 0.109711 0.109503 0.109295 0.109086 0.108878 0.108669 0.108460 0.108251 0.108042 0.107833 0.107623 0.107413 0.107204 0.106994 0.106784 0.106574
0.114488 0.116813 0.117107 0.116966 0.116730 0.116477 0.116224 0.115977 0.115735 0.115499 0.115267 0.115040 0.114815 0.114594 0.114374 0.114156 0.113939 0.113723 0.113508 0.113294 0.113080 0.112866 0.112653 0.112439 0.112226 0.112013 0.111800 0.111587 0.111373 0.111160 0.110947 0.110733 0.110520 0.110306 0.110092 0.109879 0.109665 0.109451 0.109237 0.109023 0.108809 0.108595 0.108381 0.108167 0.107953 0.107739 0.107524 0.107310 0.107096 0.106881
0.119184 0.117809 0.117517 0.117336 0.117138 0.116922 0.116697 0.116471 0.116244 0.116018 0.115794 0.115571 0.115350 0.115128 0.114908 0.114687 0.114467 0.114247 0.114027 0.113808 0.113588 0.113368 0.113148 0.112928 0.112709 0.112489 0.112269 0.112049 0.111829 0.111609 0.111389 0.111170 0.110950 0.110730 0.110511 0.110291 0.110071 0.109852 0.109633 0.109413 0.109194 0.108975 0.108755 0.108536 0.108317 0.108098 0.107879 0.107661 0.107442 0.107223
0.117209 0.118099 0.118014 0.117799 0.117582 0.117373 0.117165 0.116958 0.116750 0.116539 0.116326 0.116110 0.115893 0.115675 0.115455 0.115233 0.115010 0.114787 0.114563 0.114338 0.114113 0.113887 0.113661 0.113435 0.113209 0.112982 0.112756 0.112530 0.112303 0.112077 0.111851 0.111625 0.111399 0.111174 0.110948 0.110723 0.110498 0.110273 0.110048 0.109824 0.109599 0.109375 0.109151 0.108927 0.108703 0.108479 0.108256 0.108033 0.107810 0.107587
0.121294 0.119228 0.118572 0.118263 0.118048 0.117857 0.117671 0.117482 0.117287 0.117086 0.116879 0.116667 0.116451 0.116232 0.116009 0.115784 0.115557 0.115328 0.115098 0.114868 0.114636 0.114404 0.114172 0.113939 0.113707 0.113474 0.113242 0.113009 0.112777 0.112545 0.112313 0.112081 0.111850 0.111619 0.111388 0.111158 0.110928 0.110698 0.110468 0.110239 0.110010 0.109781 0.109552 0.109324 0.109096 0.108868 0.108640 0.108413 0.108186 0.107959
0.116775 0.118336 0.118663 0.118667 0.118567 0.118424 0.118257 0.118074 0.117878 0.117673 0.117460 0.117241 0.117017 0.116789 0.116558 0.116324 0.116089 0.115852 0.115615 0.115376 0.115138 0.114899 0.114660 0.114421 0.114183 0.113944 0.113706 0.113468 0.113231 0.112994 0.112757 0.112521 0.112285 0.112049 0.111814 0.111580 0.111345 0.111111 0.110878 0.110644 0.110411 0.110179 0.109946 0.109714 0.109483 0.109251 0.109020 0.108789 0.108558 0.108328
0.120105 0.119634 0.119537 0.119444 0.119308 0.119138 0.118944 0.118733 0.118511 0.118281 0.118045 0.117806 0.117563 0.117319 0.117074 0.116827 0.116581 0.116334 0.116087 0.115841 0.115595 0.115349 0.115105 0.114860 0.114617 0.114374 0.114131 0.113889 0.113648 0.113407 0.113167 0.112927 0.112688 0.112449 0.112211 0.111974 0.111736 0.111499 0.111263 0.111027 0.110791 0.110555 0.110320 0.110085 0.109851 0.109616 0.109382 0.109149 0.108915 0.108682
0.121385 0.121064 0.120746 0.120463 0.120193 0.119924 0.119655 0.119384 0.119113 0.118843 0.118574 0.118307 0.118042 0.117778 0.117517 0.117257 0.116999 0.116743 0.116489 0.116236 0.115985 0.115735 0.115486 0.115238 0.114992 0.114746 0.114501 0.114257 0.114014 0.113771 0.113530 0.113288 0.113048 0.112807 0.112568 0.112328 0.112089 0.111851 0.111613 0.111375 0.111137 0.110900 0.110663 0.110426 0.110190 0.109954 0.109718 0.109482 0.109246 0.109011
0.122609 0.122161 0.121734 0.121319 0.120929 0.120563 0.120216 0.119886 0.119568 0.119262 0.118964 0.118675 0.118392 0.118115 0.117843 0.117576 0.117313 0.117053 0.116795 0.116541 0.116288 0.116038 0.115788 0.115541 0.115295 0.115049 0.114805 0.114562 0.114319 0.114077 0.113835 0.113594 0.113354 0.113114 0.112874 0.112635 0.112396 0.112157 0.111918 0.111680 0.111442 0.111204 0.110966 0.110728 0.110491 0.110254 0.110016 0.109779 0.109542 0.109306
0.123045 0.122696 0.122172 0.121682 0.121238 0.120831 0.120453 0.120100 0.119766 0.119449 0.119145 0.118853 0.118570 0.118294 0.118025 0.117762 0.117502 0.117247 0.116994 0.116744 0.116497 0.116250 0.116006 0.115763 0.115520 0.115279 0.115038 0.114798 0.114558 0.114318 0.114079 0.113841 0.113602 0.113364 0.113125 0.112887 0.112649 0.112411 0.112173 0.111936 0.111698 0.111460 0.111222 0.110985 0.110747 0.110509 0.110272 0.110034 0.109796 0.109559
0.123928 0.122459 0.121833 0.121389 0.120996 0.120632 0.120291 0.119970 0.119666 0.119376 0.119098 0.118829 0.118568 0.118313 0.118062 0.117815 0.117571 0.117330 0.117090 0.116851 0.116614 0.116378 0.116142 0.115906 0.115671 0.115436 0.115201 0.114966 0.114731 0.114496 0.114261 0.114026 0.113790 0.113555 0.113319 0.113083 0.112847 0.112611 0.112374 0.112138 0.111901 0.111664 0.111427 0.111190 0.110952 0.110715 0.110477 0.110239 0.110001 0.109763
0.119108 0.120637 0.120764 0.120571 0.120315 0.120056 0.119806 0.119564 0.119330 0.119101 0.118876 0.118653 0.118431 0.118210 0.117989 0.117769 0.117548 0.117326 0.117104 0.116881 0.116658 0.116434 0.116209 0.115983 0.115757 0.115530 0.115302 0.115073 0.114844 0.114614 0.114383 0.114152 0.113920 0.113688 0.113455 0.113222 0.112988 0.112753 0.112519 0.112284 0.112048 0.111812 0.111576 0.111339 0.111102 0.110865 0.110628 0.110390 0.110152 0.109914
0.122546 0.120548 0.119906 0.119636 0.119472 0.119335 0.119200 0.119060 0.118912 0.118755 0.118591 0.118419 0.118241 0.118057 0.117867 0.117674 0.117476 0.117275 0.117070 0.116863 0.116653 0.116440 0.116226 0.116009 0.115791 0.115571 0.115349 0.115126 0.114902 0.114676 0.114450 0.114222 0.113993 0.113764 0.113533 0.113302 0.113070 0.112837 0.112604 0.112370 0.112135 0.111900 0.111665 0.111428 0.111192 0.110955 0.110718 0.110480 0.110242 0.110004
0.117874 0.118376 0.118581 0.118691 0.118747 0.118758 0.118733 0.118677 0.118595 0.118492 0.118371 0.118235 0.118087 0.117928 0.117760 0.117584 0.117402 0.117213 0.117020 0.116822 0.116621 0.116416 0.116208 0.115997 0.115783 0.115568 0.115350 0.115130 0.114909 0.114686 0.114462 0.114236 0.114009 0.113781 0.113552 0.113322 0.113091 0.112859 0.112626 0.112393 0.112159 0.111924 0.111689 0.111453 0.111216 0.110979 0.110742 0.110504 0.110266 0.110027
0.115740 0.117370 0.118072 0.118404 0.118562 0.118625 0.118628 0.118588 0.118517 0.118420 0.118305 0.118172 0.118027 0.117871 0.117705 0.117531 0.117350 0.117163 0.116970 0.116774 0.116573 0.116369 0.116161 0.115951 0.115738 0.115523 0.115305 0.115086 0.114865 0.114642 0.114418 0.114192 0.113965 0.113737 0.113508 0.113278 0.113046 0.112814 0.112581 0.112348 0.112113 0.111878 0.111642 0.111406 0.111169 0.110931 0.110693 0.110455 0.110216 0.109976
0.120171 0.119323 0.119158 0.119119 0.119079 0.119014 0.118924 0.118813 0.118685 0.118544 0.118391 0.118229 0.118058 0.117880 0.117697 0.117508 0.117314 0.117116 0.116915 0.116710 0.116503 0.116292 0.116079 0.115864 0.115647 0.115428 0.115207 0.114985 0.114761 0.114536 0.114310 0.114082 0.113853 0.113623 0.113393 0.113161 0.112928 0.112695 0.112461 0.112226 0.111990 0.111754 0.111517 0.111280 0.111042 0.110803 0.110564 0.110325 0.110085 0.109845
0.120944 0.120855 0.120516 0.120188 0.119902 0.119647 0.119410 0.119185 0.118966 0.118751 0.118537 0.118325 0.118113 0.117900 0.117687 0.117472 0.117257 0.117041 0.116823 0.116604 0.116385 0.116163 0.115941 0.115718 0.115493 0.115268 0.115041 0.114813 0.114585 0.114355 0.114125 0.113893 0.113661 0.113429 0.113195 0.112961 0.112726 0.112490 0.112254 0.112017 0.111780 0.111542 0.111304 0.111065 0.110825 0.110586 0.110346 0.110105 0.109864 0.109623
0.122854 0.122059 0.121435 0.120922 0.120486 0.120103 0.119758 0.119442 0.119146 0.118866 0.118598 0.118339 0.118087 0.117840 0.117597 0.117357 0.117120 0.116884 0.116649 0.116415 0.116182 0.115949 0.115716 0.115483 0.115250 0.115017 0.114783 0.114549 0.114315 0.114080 0.113845 0.113610 0.113374 0.113137 0.112900 0.112663 0.112425 0.112187 0.111949 0.111710 0.111471 0.111231 0.110991 0.110750 0.110510 0.110269 0.110027 0.109786 0.109544 0.109302
0.122880 0.121949 0.121377 0.120907 0.120480 0.120084 0.119714 0.119368 0.119043 0.118734 0.118439 0.118155 0.117880 0.117612 0.117351 0.117094 0.116841 0.116591 0.116343 0.116098 0.115854 0.115611 0.115370 0.115129 0.114888 0.114649 0.114409 0.114169 0.113930 0.113691 0.113451 0.113212 0.112973 0.112733 0.112493 0.112253 0.112013 0.111772 0.111532 0.111291 0.111050 0.110809 0.110567 0.110325 0.110084 0.109841 0.109599 0.109357 0.109114 0.108871
0.120047 0.120577 0.120482 0.120198 0.119866 0.119529 0.119200 0.118881 0.118574 0.118276 0.117986 0.117705 0.117429 0.117159 0.116894 0.116633 0.116375 0.116120 0.115867 0.115616 0.115367 0.115120 0.114873 0.114628 0.114383 0.114139 0.113896 0.113652 0.113410 0.113167 0.112925 0.112683 0.112441 0.112199 0.111957 0.111715 0.111474 0.111232 0.110990 0.110748 0.110505 0.110263 0.110021 0.109779 0.109536 0.109294 0.109051 0.108808 0.108565 0.108322
0.120440 0.119848 0.119420 0.119097 0.118816 0.118551 0.118289 0.118027 0.117765 0.117503 0.117242 0.116982 0.116723 0.116465 0.116209 0.115954 0.115701 0.115449 0.115198 0.114949 0.114700 0.114452 0.114206 0.113959 0.113714 0.113469 0.113225 0.112981 0.112737 0.112493 0.112250 0.112007 0.111765 0.111522 0.111280 0.111037 0.110795 0.110553 0.110311 0.110068 0.109826 0.109584 0.109342 0.109100 0.108858 0.108616 0.108373 0.108131 0.107889 0.107647
0.119623 0.118237 0.117846 0.117654 0.117489 0.117315 0.117126 0.116923 0.116709 0.116486 0.116257 0.116023 0.115786 0.115546 0.115304 0.115062 0.114819 0.114575 0.114331 0.114087 0.113843 0.113600 0.113356 0.113113 0.112870 0.112627 0.112384 0.112142 0.111899 0.111657 0.111416 0.111174 0.110932 0.110691 0.110450 0.110208 0.109967 0.109726 0.109485 0.109244 0.109003 0.108763 0.108522 0.108281 0.108041 0.107800 0.107559 0.107319 0.107078 0.106838
0.112747 0.115403 0.116056 0.116178 0.116131 0.116015 0.115864 0.115690 0.115502 0.115302 0.115093 0.114878 0.114657 0.114432 0.114204 0.113974 0.113741 0.113507 0.113271 0.113035 0.112798 0.112560 0.112322 0.112084 0.111846 0.111607 0.111369 0.111130 0.110891 0.110653 0.110414 0.110175 0.109937 0.109698 0.109460 0.109222 0.108983 0.108745 0.108507 0.108269 0.108031 0.107793 0.107555 0.107317 0.107079 0.106841 0.106603 0.106366 0.106128 0.105890
0.118412 0.115943 0.115337 0.115099 0.114924 0.114752 0.114574 0.114387 0.114194 0.113994 0.113789 0.113580 0.113366 0.113149 0.112929 0.112706 0.112482 0.112256 0.112028 0.111799 0.111569 0.111338 0.111107 0.110875 0.110643 0.110410 0.110177 0.109944 0.109710 0.109477 0.109243 0.109010 0.108776 0.108542 0.108308 0.108074 0.107840 0.107606 0.107373 0.107139 0.106905 0.106671 0.106437 0.106204 0.105970 0.105736 0.105502 0.105269 0.105035 0.104802
0.112674 0.114201 0.114174 0.113918 0.113659 0.113420 0.113197 0.112981 0.112768 0.112557 0.112345 0.112132 0.111918 0.111703 0.111487 0.111269 0.111050 0.110829 0.110608 0.110386 0.110163 0.109939 0.109714 0.109489 0.109264 0.109038 0.108812 0.108585 0.108359 0.108131 0.107904 0.107677 0.107449 0.107222 0.106994 0.106766 0.106538 0.106310 0.106082 0.105854 0.105626 0.105397 0.105169 0.104941 0.104713 0.104485 0.104256 0.104028 0.103800 0.103572
0.116078 0.113591 0.112810 0.112417 0.112126 0.111869 0.111629 0.111398 0.111174 0.110953 0.110735 0.110519 0.110304 0.110089 0.109875 0.109660 0.109446 0.109231 0.109015 0.108800 0.108583 0.108367 0.108150 0.107932 0.107714 0.107496 0.107278 0.107059 0.106840 0.106620 0.106401 0.106181 0.105961 0.105741 0.105520 0.105300 0.105079 0.104858 0.104637 0.104416 0.104195 0.103974 0.103753 0.103532 0.103310 0.103089 0.102867 0.102646 0.102424 0.102202
0.108663 0.110270 0.110534 0.110446 0.110257 0.110040 0.109815 0.109590 0.109368 0.109149 0.108933 0.108719 0.108507 0.108296 0.108086 0.107877 0.107669 0.107460 0.107252 0.107044 0.106835 0.106627 0.106418 0.106209 0.106000 0.105791 0.105581 0.105371 0.105160 0.104950 0.104739 0.104528 0.104317 0.104105 0.103894 0.103682 0.103470 0.103257 0.103045 0.102832 0.102619 0.102406 0.102193 0.101980 0.101767 0.101553 0.101340 0.101126 0.100912 0.100698
0.109223 0.108824 0.108596 0.108390 0.108183 0.107973 0.107762 0.107551 0.107342 0.107134 0.106929 0.106724 0.106522 0.106320 0.106119 0.105919 0.105720 0.105521 0.105322 0.105123 0.104924 0.104725 0.104526 0.104327 0.104128 0.103929 0.103729 0.103529 0.103329 0.103128 0.102927 0.102726 0.102525 0.102323 0.102121 0.101919 0.101717 0.101514 0.101311 0.101108 0.100905 0.100701 0.100497 0.100293 0.100089 0.099885 0.099680 0.099476 0.099271 0.099066
0.108504 0.107001 0.106428 0.106118 0.105888 0.105684 0.105489 0.105298 0.105109 0.104920 0.104731 0.104543 0.104355 0.104168 0.103980 0.103793 0.103606 0.103419 0.103233 0.103046 0.102859 0.102671 0.102484 0.102297 0.102109 0.101921 0.101732 0.101544 0.101355 0.101165 0.100976 0.100786 0.100595 0.100405 0.100214 0.100022 0.099831 0.099639 0.099447 0.099254 0.099061 0.098868 0.098675 0.098481 0.098287 0.098093 0.097898 0.097704 0.097509 0.097314
0.101875 0.103368 0.103575 0.103495 0.103350 0.103191 0.103029 0.102865 0.102700 0.102533 0.102365 0.102197 0.102027 0.101857 0.101686 0.101515 0.101343 0.101171 0.100998 0.100825 0.100652 0.100478 0.100304 0.100129 0.099954 0.099779 0.099603 0.099427 0.099250 0.099073 0.098896 0.098718 0.098540 0.098361 0.098182 0.098003 0.097823 0.097643 0.097462 0.097281 0.097100 0.096918 0.096736 0.096553 0.096371 0.096187 0.096004 0.095820 0.095636 0.095452
0.102970 0.101356 0.100978 0.100822 0.100696 0.100569 0.100435 0.100297 0.100155 0.100011 0.099864 0.099715 0.099564 0.099412 0.099258 0.099104 0.098949 0.098792 0.098635 0.098478 0.098319 0.098160 0.098000 0.097840 0.097679 0.097518 0.097356 0.097193 0.097030 0.096867 0.096702 0.096538 0.096372 0.096207 0.096040 0.095874 0.095707 0.095539 0.095371 0.095202 0.095033 0.094863 0.094693 0.094523 0.094352 0.094180 0.094009 0.093837 0.093664 0.093491
0.096406 0.097912 0.098114 0.098072 0.097979 0.097872 0.097757 0.097637 0.097514 0.097387 0.097257 0.097126 0.096993 0.096858 0.096722 0.096584 0.096445 0.096306 0.096165 0.096023 0.095880 0.095737 0.095592 0.095447 0.095301 0.095154 0.095007 0.094858 0.094710 0.094560 0.094410 0.094259 0.094107 0.093955 0.093803 0.093649 0.093495 0.093341 0.093186 0.093030 0.092874 0.092717 0.092560 0.092402 0.092244 0.092085 0.091926 0.091766 0.091606 0.091445
0.097881 0.095950 0.095509 0.095347 0.095234 0.095127 0.095020 0.094910 0.094798 0.094685 0.094571 0.094455 0.094337 0.094219 0.094099 0.093977 0.093855 0.093731 0.093607 0.093481 0.093354 0.093226 0.093097 0.092967 0.092837 0.092705 0.092572 0.092439 0.092305 0.092170 0.092034 0.091898 0.091761 0.091623 0.091484 0.091345 0.091205 0.091064 0.090923 0.090780 0.090638 0.090494 0.090350 0.090206 0.090061 0.089915 0.089768 0.089622 0.089474 0.089326
0.090113 0.092206 0.092540 0.092518 0.092427 0.092325 0.092222 0.092121 0.092021 0.091920 0.091820 0.091718 0.091616 0.091513 0.091409 0.091303 0.091197 0.091089 0.090980 0.090870 0.090759 0.090647 0.090534 0.090419 0.090304 0.090188 0.090071 0.089953 0.089834 0.089714 0.089593 0.089471 0.089348 0.089225 0.089101 0.088976 0.088850 0.088723 0.088596 0.088468 0.088339 0.088210 0.088079 0.087948 0.087817 0.087684 0.087551 0.087418 0.087284 0.087149
0.093056 0.090546 0.089910 0.089683 0.089553 0.089452 0.089361 0.089273 0.089188 0.089103 0.089018 0.088932 0.088846 0.088758 0.088669 0.088579 0.088488 0.088396 0.088303 0.088209 0.088114 0.088017 0.087919 0.087821 0.087721 0.087620 0.087518 0.087416 0.087312 0.087207 0.087101 0.086994 0.086887 0.086778 0.086669 0.086558 0.086447 0.086335 0.086222 0.086108 0.085993 0.085878 0.085762 0.085645 0.085527 0.085408 0.085289 0.085169 0.085048 0.084927
0.084307 0.086270 0.086600 0.086612 0.086565 0.086506 0.086444 0.086380 0.086315 0.086248 0.086180 0.086111 0.086040 0.085968 0.085895 0.085821 0.085746 0.085670 0.085592 0.085514 0.085434 0.085353 0.085271 0.085188 0.085104 0.085018 0.084932 0.084845 0.084756 0.084666 0.084576 0.084484 0.084391 0.084298 0.084203 0.084107 0.084011 0.083913 0.083815 0.083716 0.083615 0.083514 0.083412 0.083309 0.083206 0.083101 0.082996 0.082890 0.082784 0.082676
0.085580 0.083932 0.083641 0.083591 0.083571 0.083546 0.083511 0.083470 0.083424 0.083374 0.083323 0.083270 0.083215 0.083159 0.083102 0.083044 0.082984 0.082924 0.082862 0.082799 0.082735 0.082670 0.082604 0.082537 0.082468 0.082398 0.082327 0.082255 0.082182 0.082108 0.082032 0.081956 0.081878 0.081800 0.081720 0.081639 0.081557 0.081475 0.081391 0.081306 0.081221 0.081134 0.081047 0.080958 0.080869 0.080779 0.080688 0.080596 0.080503 0.080410
0.078627 0.080178 0.080533 0.080619 0.080632 0.080619 0.080595 0.080565 0.080532 0.080497 0.080460 0.080423 0.080384 0.080344 0.080303 0.080261 0.080218 0.080174 0.080128 0.080082 0.080034 0.079984 0.079934 0.079882 0.079829 0.079775 0.079720 0.079663 0.079605 0.079546 0.079486 0.079425 0.079363 0.079299 0.079234 0.079169 0.079102 0.079034 0.078965 0.078895 0.078824 0.078752 0.078679 0.078606 0.078531 0.078455 0.078379 0.078301 0.078223 0.078144
0.079156 0.078125 0.077891 0.077807 0.077759 0.077723 0.077694 0.077669 0.077646 0.077625 0.077604 0.077582 0.077560 0.077538 0.077514 0.077489 0.077462 0.077435 0.077406 0.077375 0.077343 0.077310 0.077276 0.077240 0.077203 0.077164 0.077125 0.077083 0.077041 0.076997 0.076953 0.076907 0.076859 0.076811 0.076761 0.076711 0.076659 0.076606 0.076552 0.076497 0.076441 0.076384 0.076326 0.076267 0.076207 0.076146 0.076084 0.076021 0.075958 0.075893
0.074611 0.075050 0.074979 0.074887 0.074828 0.074795 0.074779 0.074771 0.074768 0.074766 0.074765 0.074763 0.074760 0.074755 0.074749 0.074742 0.074733 0.074722 0.074710 0.074696 0.074680 0.074663 0.074645 0.074625 0.074603 0.074581 0.074556 0.074531 0.074504 0.074476 0.074446 0.074416 0.074384 0.074350 0.074316 0.074280 0.074244 0.074206 0.074167 0.074127 0.074086 0.074044 0.074001 0.073957 0.073912 0.073866 0.073819 0.073771 0.073722 0.073672
0.073049 0.072012 0.071810 0.071786 0.071803 0.071832 0.071862 0.071891 0.071919 0.071943 0.071966 0.071985 0.072002 0.072017 0.072029 0.072039 0.072047 0.072053 0.072057 0.072059 0.072060 0.072059 0.072056 0.072052 0.072046 0.072039 0.072030 0.072020 0.072009 0.071996 0.071982 0.071966 0.071950 0.071932 0.071913 0.071893 0.071871 0.071848 0.071825 0.071800 0.071774 0.071747 0.071719 0.071690 0.071660 0.071629 0.071598 0.071565 0.071531 0.071496
0.066337 0.067924 0.068442 0.068683 0.068831 0.068936 0.069019 0.069086 0.069144 0.069193 0.069237 0.069275 0.069310 0.069342 0.069371 0.069397 0.069421 0.069443 0.069463 0.069481 0.069497 0.069512 0.069525 0.069536 0.069546 0.069554 0.069561 0.069566 0.069570 0.069573 0.069574 0.069574 0.069573 0.069570 0.069567 0.069562 0.069556 0.069549 0.069540 0.069531 0.069520 0.069509 0.069496 0.069483 0.069468 0.069453 0.069436 0.069419 0.069401 0.069382
0.066554 0.065799 0.065839 0.065989 0.066128 0.066242 0.066336 0.066416 0.066485 0.066547 0.066604 0.066656 0.066704 0.066750 0.066793 0.066833 0.066872 0.066908 0.066943 0.066976 0.067007 0.067037 0.067065 0.067092 0.067117 0.067140 0.067163 0.067183 0.067203 0.067221 0.067238 0.067253 0.067268 0.067281 0.067292 0.067303 0.067313 0.067321 0.067329 0.067335 0.067340 0.067344 0.067348 0.067350 0.067351 0.067352 0.067351 0.067350 0.067348 0.067345
0.062241 0.063270 0.063512 0.063610 0.063684 0.063754 0.063821 0.063887 0.063952 0.064015 0.064076 0.064135 0.064194 0.064250 0.064305 0.064359 0.064411 0.064461 0.064510 0.064558 0.064604 0.064649 0.064692 0.064733 0.064774 0.064813 0.064850 0.064887 0.064922 0.064955 0.064988 0.065019 0.065049 0.065078 0.065106 0.065132 0.065158 0.065182 0.065205 0.065228 0.065249 0.065270 0.065289 0.065308 0.065325 0.065342 0.065358 0.065373 0.065388 0.065401
0.062854 0.061715 0.061429 0.061351 0.061342 0.061365 0.061405 0.061458 0.061517 0.061580 0.061646 0.061714 0.061782 0.061850 0.061917 0.061983 0.062049 0.062114 0.062177 0.062239 0.062300 0.062360 0.062418 0.062475 0.062531 0.062586 0.062639 0.062691 0.062741 0.062791 0.062839 0.062886 0.062932 0.062977 0.063021 0.063064 0.063106 0.063147 0.063186 0.063225 0.063263 0.063300 0.063337 0.063372 0.063407 0.063441 0.063474 0.063506 0.063538 0.063569
0.058044 0.058795 0.058899 0.058910 0.058928 0.058965 0.059018 0.059082 0.059153 0.059230 0.059309 0.059390 0.059472 0.059554 0.059636 0.059718 0.059798 0.059878 0.059957 0.060034 0.060110 0.060185 0.060259 0.060332 0.060403 0.060474 0.060543 0.060611 0.060677 0.060743 0.060807 0.060871 0.060933 0.060995 0.061055 0.061115 0.061173 0.061231 0.061288 0.061344 0.061399 0.061454 0.061508 0.061561 0.061613 0.061665 0.061716 0.061766 0.061816 0.061866
0.057025 0.056358 0.056299 0.056367 0.056462 0.056562 0.056664 0.056767 0.056869 0.056972 0.057074 0.057176 0.057277 0.057378 0.057477 0.057575 0.057672 0.057768 0.057863 0.057956 0.058048 0.058139 0.058229 0.058318 0.058405 0.058492 0.058577 0.058661 0.058744 0.058826 0.058907 0.058988 0.059067 0.059146 0.059223 0.059300 0.059376 0.059452 0.059526 0.059600 0.059674 0.059747 0.059819 0.059891 0.059962 0.060032 0.060103 0.060172 0.060242 0.060311
0.052370 0.053237 0.053635 0.053894 0.054097 0.054272 0.054429 0.054575 0.054713 0.054846 0.054974 0.055099 0.055221 0.055340 0.055458 0.055574 0.055688 0.055801 0.055912 0.056021 0.056130 0.056237 0.056343 0.056448 0.056551 0.056654 0.056756 0.056857 0.056957 0.057056 0.057155 0.057252 0.057349 0.057446 0.057541 0.057637 0.057731 0.057825 0.057919 0.058012 0.058104 0.058197 0.058289 0.058380 0.058471 0.058562 0.058653 0.058743 0.058834 0.058924
0.050956 0.051256 0.051550 0.051804 0.052027 0.052226 0.052409 0.052580 0.052742 0.052896 0.053044 0.053188 0.053329 0.053466 0.053600 0.053733 0.053863 0.053992 0.054119 0.054245 0.054369 0.054492 0.054615 0.054736 0.054856 0.054976 0.055095 0.055213 0.055331 0.055448 0.055564 0.055680 0.055796 0.055911 0.056026 0.056140 0.056254 0.056368 0.056482 0.056595 0.056709 0.056822 0.056935 0.057048 0.057161 0.057274 0.057387 0.057500 0.057613 0.057726
0.049947 0.049839 0.049941 0.050106 0.050287 0.050469 0.050647 0.050820 0.050989 0.051152 0.051312 0.051468 0.051622 0.051772 0.051921 0.052067 0.052212 0.052356 0.052498 0.052639 0.052779 0.052919 0.053058 0.053196 0.053333 0.053470 0.053607 0.053743 0.053879 0.054015 0.054151 0.054286 0.054422 0.054557 0.054692 0.054827 0.054963 0.055098 0.055233 0.055369 0.055505 0.055641 0.055777 0.055913 0.056050 0.056187 0.056324 0.056462 0.056600 0.056738
0.047919 0.048287 0.048478 0.048637 0.048794 0.048956 0.049121 0.049287 0.049453 0.049618 0.049783 0.049946 0.050108 0.050268 0.050428 0.050587 0.050745 0.050902 0.051059 0.051215 0.051371 0.051527 0.051683 0.051838 0.051994 0.052149 0.052304 0.052460 0.052616 0.052772 0.052928 0.053085 0.053242 0.053399 0.053556 0.053714 0.053873 0.054032 0.054191 0.054351 0.054511 0.054672 0.054834 0.054996 0.055159 0.055323 0.055487 0.055652 0.055818 0.055985
0.047103 0.047104 0.047201 0.047331 0.047474 0.047626 0.047784 0.047946 0.048111 0.048277 0.048445 0.048613 0.048783 0.048952 0.049123 0.049293 0.049464 0.049635 0.049807 0.049979 0.050152 0.050325 0.050498 0.050673 0.050847 0.051023 0.051199 0.051376 0.051553 0.051731 0.051910 0.052090 0.052271 0.052452 0.052634 0.052817 0.053001 0.053186 0.053372 0.053559 0.053747 0.053937 0.054127 0.054318 0.054510 0.054703 0.054898 0.055094 0.055291 0.055489
0.045799 0.045855 0.045978 0.046124 0.046278 0.046438 0.046600 0.046766 0.046935 0.047107 0.047281 0.047458 0.047637 0.047817 0.048000 0.048184 0.048369 0.048556 0.048745 0.048935 0.049126 0.049318 0.049512 0.049707 0.049904 0.050101 0.050301 0.050501 0.050703 0.050906 0.051110 0.051316 0.051523 0.051732 0.051942 0.052153 0.052366 0.052580 0.052796 0.053014 0.053232 0.053453 0.053675 0.053899 0.054124 0.054351 0.054580 0.054810 0.055042 0.055276
0.044224 0.044591 0.044826 0.045019 0.045198 0.045373 0.045549 0.045726 0.045907 0.046090 0.046277 0.046467 0.046659 0.046855 0.047054 0.047255 0.047459 0.047666 0.047874 0.048085 0.048298 0.048513 0.048731 0.048950 0.049171 0.049394 0.049620 0.049847 0.050076 0.050308 0.050541 0.050776 0.051013 0.051253 0.051494 0.051737 0.051983 0.052230 0.052480 0.052732 0.052986 0.053242 0.053500 0.053761 0.054023 0.054288 0.054556 0.054825 0.055097 0.055371
0.043521 0.043686 0.043871 0.044058 0.044244 0.044432 0.044623 0.044817 0.045015 0.045217 0.045423 0.045633 0.045847 0.046064 0.046284 0.046508 0.046736 0.046966 0.047199 0.047435 0.047675 0.047916 0.048161 0.048408 0.048659 0.048911 0.049167 0.049425 0.049686 0.049949 0.050215 0.050484 0.050756 0.051030 0.051307 0.051587 0.051869 0.052155 0.052443 0.052733 0.053027 0.053324 0.053623 0.053925 0.054230 0.054538 0.054849 0.055163 0.055480 0.055800
0.042831 0.042893 0.043034 0.043211 0.043405 0.043610 0.043822 0.044039 0.044263 0.044491 0.044723 0.044960 0.045201 0.045446 0.045695 0.045947 0.046203 0.046463 0.046726 0.046992 0.047262 0.047535 0.047812 0.048092 0.048375 0.048662 0.048952 0.049245 0.049542 0.049843 0.050146 0.050454 0.050764 0.051078 0.051396 0.051717 0.052041 0.052369 0.052701 0.053036 0.053375 0.053717 0.054063 0.054413 0.054766 0.055123 0.055483 0.055848 0.056216 0.056588
0.041776 0.042002 0.042219 0.042439 0.042668 0.042906 0.043152 0.043403 0.043661 0.043923 0.044190 0.044460 0.044735 0.045013 0.045295 0.045581 0.045871 0.046165 0.046462 0.046764 0.047069 0.047378 0.047691 0.048009 0.048330 0.048656 0.048985 0.049319 0.049657 0.049999 0.050345 0.050696 0.051051 0.051410 0.051773 0.052141 0.052513 0.052890 0.053271 0.053656 0.054046 0.054440 0.054839 0.055242 0.055650 0.056062 0.056479 0.056901 0.057327 0.057758
0.040852 0.041210 0.041501 0.041781 0.042063 0.042349 0.042640 0.042935 0.043234 0.043536 0.043842 0.044150 0.044463 0.044779 0.045098 0.045422 0.045749 0.046081 0.046417 0.046758 0.047103 0.047453 0.047808 0.048167 0.048531 0.048901 0.049275 0.049654 0.050038 0.050427 0.050822 0.051221 0.051626 0.052036 0.052451 0.052872 0.053298 0.053729 0.054165 0.054607 0.055055 0.055507 0.055966 0.056430 0.056899 0.057374 0.057854 0.058341 0.058833 0.059330
0.040506 0.040686 0.040981 0.041310 0.041647 0.041987 0.042327 0.042668 0.043010 0.043353 0.043699 0.044047 0.044398 0.044754 0.045113 0.045477 0.045846 0.046219 0.046598 0.046982 0.047371 0.047766 0.048166 0.048572 0.048984 0.049402 0.049826 0.050256 0.050692 0.051134 0.051582 0.052036 0.052497 0.052964 0.053437 0.053917 0.054403 0.054895 0.055394 0.055899 0.056411 0.056930 0.057455 0.057987 0.058525 0.059071 0.059623 0.060182 0.060748 0.061321
0.039808 0.040261 0.040682 0.041087 0.041480 0.041867 0.042248 0.042628 0.043007 0.043387 0.043770 0.044156 0.044546 0.044942 0.045342 0.045749 0.046161 0.046579 0.047003 0.047434 0.047872 0.048316 0.048767 0.049225 0.049690 0.050161 0.050640 0.051126 0.051619 0.052120 0.052628 0.053143 0.053666 0.054196 0.054734 0.055279 0.055832 0.056392 0.056961 0.057537 0.058121 0.058713 0.059312 0.059920 0.060536 0.061161 0.061793 0.062434 0.063083 0.063741
0.039626 0.040248 0.040733 0.041172 0.041590 0.041999 0.042403 0.042808 0.043215 0.043627 0.044043 0.044467 0.044896 0.045333 0.045777 0.046228 0.046687 0.047154 0.047628 0.048110 0.048600 0.049098 0.049605 0.050119 0.050642 0.051173 0.051712 0.052260 0.052816 0.053381 0.053955 0.054537 0.055128 0.055728 0.056337 0.056955 0.057582 0.058218 0.058863 0.059518 0.060182 0.060855 0.061538 0.062230 0.062933 0.063645 0.064367 0.065099 0.065841 0.066594
0.040526 0.040754 0.041128 0.041523 0.041922 0.042327 0.042739 0.043161 0.043594 0.044036 0.044489 0.044952 0.045424 0.045906 0.046397 0.046898 0.047409 0.047928 0.048457 0.048995 0.049543 0.050100 0.050667 0.051244 0.051830 0.052425 0.053031 0.053646 0.054272 0.054907 0.055553 0.056209 0.056875 0.057551 0.058238 0.058936 0.059644 0.060363 0.061093 0.061834 0.062586 0.063349 0.064124 0.064910 0.065708 0.066518 0.067340 0.068174 0.069020 0.069879
0.040717 0.041233 0.041597 0.041951 0.042328 0.042734 0.043163 0.043614 0.044083 0.044567 0.045065 0.045575 0.046098 0.046633 0.047178 0.047735 0.048303 0.048881 0.049470 0.050071 0.050682 0.051303 0.051936 0.052580 0.053235 0.053901 0.054579 0.055268 0.055969 0.056681 0.057405 0.058141 0.058889 0.059649 0.060421 0.061205 0.062003 0.062812 0.063635 0.064471 0.065320 0.066182 0.067057 0.067947 0.068851 0.069768 0.070701 0.071648 0.072611 0.073588
0.041582 0.041671 0.041899 0.042239 0.042651 0.043108 0.043595 0.044105 0.044633 0.045177 0.045734 0.046305 0.046889 0.047485 0.048092 0.048712 0.049344 0.049987 0.050643 0.051311 0.051991 0.052683 0.053387 0.054105 0.054835 0.055577 0.056333 0.057101 0.057883 0.058679 0.059488 0.060310 0.061147 0.061997 0.062862 0.063741 0.064635 0.065544 0.066468 0.067407 0.068362 0.069333 0.070319 0.071323 0.072343 0.073381 0.074436 0.075509 0.076601 0.077712
0.041413 0.041349 0.041764 0.042295 0.042858 0.043435 0.044023 0.044621 0.045229 0.045847 0.046477 0.047118 0.047771 0.048435 0.049112 0.049801 0.050503 0.051218 0.051946 0.052687 0.053442 0.054210 0.054992 0.055788 0.056599 0.057424 0.058264 0.059118 0.059988 0.060873 0.061773 0.062690 0.063622 0.064570 0.065535 0.066517 0.067516 0.068532 0.069566 0.070619 0.071689 0.072779 0.073888 0.075017 0.076166 0.077336 0.078528 0.079742 0.080979 0.082239
0.038553 0.040471 0.041555 0.042378 0.043111 0.043812 0.044500 0.045187 0.045877 0.046573 0.047278 0.047994 0.048720 0.049458 0.050209 0.050973 0.051750 0.052542 0.053347 0.054167 0.055002 0.055853 0.056718 0.057600 0.058497 0.059410 0.060340 0.061287 0.062251 0.063233 0.064231 0.065249 0.066284 0.067338 0.068411 0.069504 0.070617 0.071750 0.072904 0.074080 0.075277 0.076497 0.077741 0.079008 0.080300 0.081617 0.082961 0.084333 0.085733 0.087162
0.041055 0.041406 0.042069 0.042805 0.043554 0.044305 0.045055 0.045809 0.046569 0.047337 0.048115 0.048905 0.049707 0.050522 0.051351 0.052194 0.053052 0.053925 0.054814 0.055719 0.056640 0.057578 0.058533 0.059505 0.060495 0.061504 0.062531 0.063576 0.064641 0.065726 0.066831 0.067956 0.069102 0.070270 0.071461 0.072673 0.073910 0.075170 0.076454 0.077765 0.079101 0.080464 0.081856 0.083276 0.084727 0.086209 0.087723 0.089272 0.090856 0.092478
0.041792 0.042015 0.042594 0.043300 0.044054 0.044833 0.045628 0.046438 0.047261 0.048098 0.048950 0.049816 0.050696 0.051592 0.052504 0.053432 0.054376 0.055336 0.056314 0.057309 0.058323 0.059354 0.060405 0.061474 0.062563 0.063673 0.064803 0.065954 0.067127 0.068322 0.069540 0.070782 0.072048 0.073338 0.074655 0.075997 0.077367 0.078765 0.080192 0.081649 0.083138 0.084659 0.086214 0.087804 0.089432 0.091098 0.092804 0.094554 0.096348 0.098190
0.040339 0.041799 0.042761 0.043599 0.044423 0.045260 0.046117 0.046995 0.047892 0.048808 0.049741 0.050691 0.051657 0.052641 0.053642 0.054660 0.055696 0.056749 0.057822 0.058913 0.060024 0.061155 0.062306 0.063479 0.064673 0.065890 0.067130 0.068393 0.069681 0.070994 0.072333 0.073699 0.075093 0.076515 0.077967 0.079449 0.080964 0.082511 0.084094 0.085712 0.087367 0.089062 0.090798 0.092578 0.094402 0.096275 0.098199 0.100176 0.102211 0.104307
0.041585 0.042082 0.042846 0.043700 0.044597 0.045524 0.046474 0.047446 0.048437 0.049445 0.050471 0.051515 0.052575 0.053653 0.054749 0.055863 0.056996 0.058147 0.059319 0.060511 0.061724 0.062959 0.064217 0.065498 0.066803 0.068132 0.069487 0.070869 0.072279 0.073716 0.075184 0.076682 0.078211 0.079774 0.081372 0.083005 0.084675 0.086385 0.088135 0.089929 0.091767 0.093654 0.095590 0.097579 0.099625 0.101730 0.103899 0.106136 0.108447 0.110836
0.040742 0.041623 0.042581 0.043587 0.044622 0.045676 0.046744 0.047826 0.048922 0.050032 0.051158 0.052299 0.053457 0.054633 0.055826 0.057039 0.058271 0.059523 0.060797 0.062092 0.063411 0.064754 0.066121 0.067513 0.068933 0.070380 0.071855 0.073361 0.074897 0.076466 0.078068 0.079705 0.081379 0.083091 0.084843 0.086636 0.088474 0.090358 0.092290 0.094274 0.096312 0.098407 0.100564 0.102785 0.105077 0.107442 0.109888 0.112420 0.115045 0.117772
0.039921 0.041146 0.042337 0.043514 0.044685 0.045856 0.047032 0.048215 0.049408 0.050614 0.051834 0.053070 0.054322 0.055593 0.056882 0.058192 0.059522 0.060875 0.062251 0.063651 0.065076 0.066527 0.068005 0.069512 0.071048 0.072615 0.074214 0.075846 0.077514 0.079218 0.080960 0.082742 0.084566 0.086434 0.088349 0.090312 0.092326 0.094395 0.096522 0.098710 0.100963 0.103285 0.105681 0.108157 0.110719 0.113373 0.116128 0.118991 0.121974 0.125087
0.039777 0.041142 0.042433 0.043684 0.044923 0.046162 0.047408 0.048666 0.049936 0.051222 0.052524 0.053845 0.055184 0.056543 0.057923 0.059326 0.060752 0.062202 0.063677 0.065180 0.066709 0.068268 0.069857 0.071477 0.073131 0.074818 0.076541 0.078302 0.080103 0.081944 0.083829 0.085759 0.087738 0.089767 0.091849 0.093988 0.096187 0.098449 0.100780 0.103183 0.105663 0.108227 0.110881 0.113631 0.116486 0.119455 0.122549 0.125779 0.129160 0.132707
0.040287 0.041562 0.042787 0.044023 0.045278 0.046553 0.047848 0.049162 0.050496 0.051850 0.053225 0.054621 0.056039 0.057480 0.058946 0.060436 0.061952 0.063495 0.065067 0.066668 0.068299 0.069962 0.071659 0.073390 0.075158 0.076964 0.078810 0.080698 0.082630 0.084608 0.086635 0.088713 0.090846 0.093037 0.095289 0.097605 0.099991 0.102451 0.104991 0.107615 0.110331 0.113145 0.116067 0.119105 0.122270 0.125574 0.129031 0.132658 0.136472 0.140496
0.040865 0.041861 0.043047 0.044304 0.045600 0.046925 0.048276 0.049649 0.051046 0.052466 0.053910 0.055378 0.056871 0.058390 0.059935 0.061508 0.063109 0.064740 0.066402 0.068096 0.069824 0.071586 0.073385 0.075223 0.077100 0.079019 0.080982 0.082991 0.085049 0.087159 0.089323 0.091545 0.093827 0.096175 0.098592 0.101082 0.103652 0.106307 0.109052 0.111896 0.114847 0.117913 0.121105 0.124435 0.127915 0.131563 0.135395 0.139433 0.143701 0.148229
0.040432 0.041755 0.043094 0.044455 0.045835 0.047235 0.048654 0.050095 0.051559 0.053046 0.054557 0.056095 0.057659 0.059250 0.060870 0.062520 0.064200 0.065913 0.067658 0.069438 0.071254 0.073108 0.075001 0.076935 0.078912 0.080935 0.083005 0.085127 0.087301 0.089531 0.091822 0.094176 0.096597 0.099090 0.101661 0.104313 0.107055 0.109891 0.112831 0.115883 0.119056 0.122361 0.125812 0.129421 0.133207 0.137188 0.141387 0.145831 0.150550 0.155583
0.039808 0.041592 0.043124 0.044592 0.046050 0.047517 0.049000 0.050503 0.052028 0.053577 0.055152 0.056753 0.058383 0.060040 0.061728 0.063447 0.065197 0.066982 0.068801 0.070656 0.072549 0.074482 0.076456 0.078475 0.080539 0.082651 0.084815 0.087032 0.089306 0.091641 0.094041 0.096509 0.099050 0.101669 0.104372 0.107165 0.110056 0.113051 0.116161 0.119394 0.122762 0.126279 0.129958 0.133817 0.137876 0.142157 0.146688 0.151500 0.156633 0.162132
0.041178 0.042102 0.043418 0.044842 0.046310 0.047806 0.049329 0.050878 0.052452 0.054053 0.055681 0.057337 0.059021 0.060735 0.062479 0.064255 0.066063 0.067906 0.069785 0.071701 0.073656 0.075652 0.077692 0.079776 0.081908 0.084091 0.086327 0.088619 0.090971 0.093387 0.095871 0.098427 0.101060 0.103776 0.106582 0.109484 0.112489 0.115607 0.118848 0.122222 0.125742 0.129423 0.133282 0.137336 0.141610 0.146129 0.150924 0.156032 0.161499 0.167377
0.040402 0.042126 0.043596 0.045051 0.046537 0.048058 0.049612 0.051197 0.052809 0.054450 0.056119 0.057816 0.059542 0.061297 0.063083 0.064900 0.066750 0.068635 0.070555 0.072513 0.074510 0.076549 0.078631 0.080760 0.082936 0.085164 0.087447 0.089787 0.092188 0.094654 0.097190 0.099800 0.102490 0.105266 0.108134 0.111101 0.114176 0.117368 0.120688 0.124147 0.127760 0.131540 0.135507 0.139682 0.144087 0.148752 0.153711 0.159004 0.164680 0.170798
0.040869 0.042165 0.043608 0.045108 0.046642 0.048206 0.049797 0.051415 0.053058 0.054728 0.056425 0.058148 0.059898 0.061677 0.063486 0.065325 0.067197 0.069102 0.071042 0.073019 0.075035 0.077092 0.079192 0.081337 0.083530 0.085774 0.088072 0.090426 0.092842 0.095323 0.097873 0.100497 0.103200 0.105990 0.108871 0.111853 0.114943 0.118150 0.121486 0.124962 0.128593 0.132394 0.136383 0.140583 0.145016 0.149714 0.154709 0.160045 0.165770 0.171947
0.040455 0.041900 0.043450 0.045026 0.046616 0.048222 0.049844 0.051486 0.053148 0.054832 0.056539 0.058271 0.060027 0.061810 0.063621 0.065461 0.067331 0.069234 0.071170 0.073141 0.075149 0.077197 0.079286 0.081418 0.083596 0.085823 0.088101 0.090435 0.092827 0.095282 0.097803 0.100396 0.103066 0.105819 0.108661 0.111600 0.114643 0.117801 0.121084 0.124503 0.128071 0.131805 0.135722 0.139843 0.144191 0.148795 0.153688 0.158910 0.164509 0.170544
0.039851 0.041643 0.043268 0.044869 0.046474 0.048090 0.049719 0.051363 0.053023 0.054702 0.056400 0.058120 0.059862 0.061628 0.063419 0.065238 0.067084 0.068959 0.070866 0.072805 0.074779 0.076788 0.078836 0.080924 0.083054 0.085229 0.087453 0.089727 0.092056 0.094443 0.096892 0.099408 0.101996 0.104661 0.107410 0.110249 0.113186 0.116229 0.119390 0.122677 0.126104 0.129686 0.133438 0.137379 0.141532 0.145921 0.150578 0.155538 0.160844 0.166550
0.039912 0.041418 0.042990 0.044572 0.046162 0.047761 0.049371 0.050993 0.052629 0.054281 0.055950 0.057638 0.059345 0.061074 0.062825 0.064599 0.066398 0.068223 0.070076 0.071957 0.073868 0.075811 0.077787 0.079800 0.081850 0.083940 0.086073 0.088252 0.090480 0.092759 0.095095 0.097491 0.099951 0.102482 0.105087 0.107774 0.110550 0.113422 0.116399 0.119490 0.122708 0.126063 0.129571 0.133248 0.137113 0.141188 0.145499 0.150077 0.154958 0.160187
0.039565 0.041023 0.042532 0.044070 0.045622 0.047184 0.048755 0.050336 0.051930 0.053536 0.055158 0.056795 0.058449 0.060120 0.061810 0.063519 0.065249 0.067000 0.068774 0.070571 0.072394 0.074243 0.076120 0.078028 0.079968 0.081942 0.083953 0.086004 0.088096 0.090234 0.092421 0.094660 0.096956 0.099313 0.101735 0.104230 0.106801 0.109456 0.112203 0.115050 0.118006 0.121082 0.124289 0.127642 0.131156 0.134849 0.138742 0.142861 0.147233 0.151895
0.038837 0.040316 0.041826 0.043337 0.044845 0.046356 0.047872 0.049396 0.050930 0.052475 0.054032 0.055601 0.057183 0.058778 0.060386 0.062009 0.063647 0.065302 0.066973 0.068662 0.070372 0.072102 0.073855 0.075633 0.077437 0.079269 0.081132 0.083028 0.084960 0.086930 0.088942 0.090998 0.093102 0.095259 0.097471 0.099745 0.102085 0.104496 0.106985 0.109558 0.112223 0.114990 0.117866 0.120864 0.123996 0.127275 0.130719 0.134346 0.138180 0.142244
0.037701 0.039459 0.040997 0.042457 0.043896 0.045334 0.046777 0.048228 0.049686 0.051153 0.052627 0.054109 0.055598 0.057095 0.058600 0.060114 0.061638 0.063173 0.064720 0.066279 0.067854 0.069444 0.071053 0.072680 0.074329 0.076001 0.077698 0.079423 0.081177 0.082964 0.084785 0.086644 0.088543 0.090486 0.092477 0.094518 0.096615 0.098772 0.100993 0.103284 0.105652 0.108103 0.110644 0.113284 0.116033 0.118901 0.121900 0.125045 0.128352 0.131841
0.037980 0.039061 0.040273 0.041556 0.042874 0.044213 0.045563 0.046921 0.048284 0.049650 0.051019 0.052390 0.053763 0.055138 0.056517 0.057900 0.059289 0.060684 0.062087 0.063499 0.064923 0.066358 0.067808 0.069274 0.070757 0.072259 0.073782 0.075329 0.076900 0.078498 0.080126 0.081785 0.083479 0.085209 0.086979 0.088791 0.090650 0.092558 0.094519 0.096539 0.098620 0.100769 0.102991 0.105293 0.107682 0.110165 0.112751 0.115452 0.118279 0.121244
0.037417 0.038314 0.039429 0.040616 0.041836 0.043072 0.044314 0.045558 0.046801 0.048041 0.049277 0.050511 0.051743 0.052974 0.054206 0.055439 0.056675 0.057916 0.059163 0.060418 0.061682 0.062957 0.064244 0.065545 0.066861 0.068194 0.069546 0.070917 0.072311 0.073727 0.075169 0.076638 0.078136 0.079666 0.081229 0.082827 0.084464 0.086142 0.087865 0.089634 0.091455 0.093330 0.095264 0.097262 0.099328 0.101470 0.103692 0.106003 0.108411 0.110925
0.035958 0.037381 0.038568 0.039711 0.040841 0.041963 0.043075 0.044179 0.045272 0.046358 0.047438 0.048512 0.049584 0.050654 0.051725 0.052798 0.053876 0.054958 0.056048 0.057146 0.058253 0.059371 0.060502 0.061646 0.062804 0.063978 0.065170 0.066380 0.067609 0.068860 0.070133 0.071430 0.072752 0.074101 0.075479 0.076887 0.078327 0.079802 0.081314 0.082865 0.084457 0.086094 0.087779 0.089515 0.091306 0.093155 0.095069 0.097051 0.099108 0.101246
0.035965 0.036836 0.037871 0.038902 0.039902 0.040875 0.041825 0.042759 0.043680 0.044593 0.045501 0.046407 0.047313 0.048221 0.049133 0.050051 0.050977 0.051910 0.052852 0.053805 0.054770 0.055746 0.056736 0.057739 0.058758 0.059792 0.060843 0.061912 0.062998 0.064105 0.065231 0.066380 0.067550 0.068745 0.069964 0.071210 0.072484 0.073787 0.075120 0.076487 0.077887 0.079325 0.080802 0.082319 0.083882 0.085491 0.087150 0.088864 0.090636 0.092470
0.035088 0.036306 0.037270 0.038136 0.038950 0.039730 0.040490 0.041238 0.041980 0.042722 0.043466 0.044214 0.044969 0.045733 0.046505 0.047288 0.048082 0.048887 0.049705 0.050535 0.051379 0.052237 0.053109 0.053995 0.054898 0.055816 0.056750 0.057701 0.058670 0.059658 0.060664 0.061689 0.062736 0.063803 0.064893 0.066005 0.067142 0.068304 0.069493 0.070709 0.071954 0.073230 0.074539 0.075881 0.077259 0.078676 0.080133 0.081634 0.083180 0.084776
0.035541 0.036085 0.036682 0.037270 0.037848 0.038421 0.038995 0.039575 0.040164 0.040763 0.041374 0.041997 0.042634 0.043285 0.043950 0.044628 0.045321 0.046028 0.046750 0.047486 0.048237 0.049003 0.049783 0.050579 0.051391 0.052218 0.053061 0.053921 0.054798 0.055691 0.056602 0.057532 0.058480 0.059447 0.060435 0.061442 0.062472 0.063523 0.064597 0.065696 0.066819 0.067968 0.069145 0.070350 0.071586 0.072853 0.074153 0.075489 0.076862 0.078275
0.035055 0.035394 0.035736 0.036101 0.036494 0.036912 0.037355 0.037821 0.038308 0.038815 0.039341 0.039884 0.040444 0.041021 0.041614 0.042223 0.042848 0.043488 0.044143 0.044813 0.045498 0.046199 0.046914 0.047644 0.048390 0.049150 0.049927 0.050719 0.051526 0.052350 0.053191 0.054048 0.054923 0.055815 0.056725 0.057654 0.058602 0.059569 0.060558 0.061567 0.062598 0.063652 0.064730 0.065832 0.066961 0.068116 0.069299 0.070512 0.071757 0.073034
0.033931 0.034152 0.034378 0.034650 0.034972 0.035333 0.035727 0.036149 0.036595 0.037062 0.037548 0.038053 0.038574 0.039112 0.039666 0.040235 0.040820 0.041419 0.042033 0.042662 0.043305 0.043963 0.044635 0.045321 0.046022 0.046738 0.047468 0.048213 0.048974 0.049749 0.050540 0.051346 0.052169 0.053008 0.053863 0.054736 0.055627 0.056535 0.057462 0.058408 0.059374 0.060360 0.061367 0.062397 0.063449 0.064525 0.065625 0.066752 0.067905 0.069087
0.032706 0.032680 0.032902 0.033219 0.033582 0.033973 0.034385 0.034815 0.035262 0.035725 0.036203 0.036697 0.037205 0.037727 0.038264 0.038814 0.039379 0.039957 0.040549 0.041155 0.041774 0.042407 0.043053 0.043714 0.044388 0.045076 0.045778 0.046494 0.047225 0.047970 0.048729 0.049504 0.050294 0.051099 0.051920 0.052757 0.053611 0.054481 0.055369 0.056274 0.057198 0.058141 0.059104 0.060086 0.061090 0.062115 0.063163 0.064234 0.065330 0.066451
0.030492 0.031229 0.031786 0.032271 0.032726 0.033172 0.033618 0.034069 0.034529 0.034999 0.035481 0.035974 0.036480 0.036998 0.037529 0.038073 0.038630 0.039200 0.039783 0.040378 0.040987 0.041609 0.042244 0.042892 0.043554 0.044229 0.044918 0.045620 0.046337 0.047067 0.047812 0.048571 0.049345 0.050134 0.050938 0.051758 0.052593 0.053445 0.054314 0.055200 0.056104 0.057025 0.057966 0.058926 0.059906 0.060906 0.061929 0.062973 0.064041 0.065132
