0.168376 0.171727 0.173882 0.175180 0.175885 0.176179 0.176173 0.175930 0.175482 0.174841 0.174012 0.172989 0.171766 0.170340 0.168846 0.167341 0.165825 0.164298 0.162759 0.161208 0.159646 0.158071 0.156485 0.154889 0.153282 0.151664 0.150036 0.148399 0.146752 0.145097 0.143435 0.141767 0.140092 0.138413 0.136731 0.135046 0.133359 0.131673 0.129988 0.128306 0.126629 0.124958 0.123296 0.121643 0.120003 0.118377 0.116767 0.115177 0.113607 0.112061
0.178224 0.178603 0.178675 0.178627 0.178538 0.178400 0.178181 0.177852 0.177388 0.176772 0.175988 0.175026 0.173872 0.172514 0.171018 0.169517 0.168000 0.166474 0.164939 0.163392 0.161834 0.160267 0.158691 0.157106 0.155512 0.153910 0.152300 0.150683 0.149060 0.147432 0.145800 0.144166 0.142529 0.140891 0.139254 0.137619 0.135986 0.134359 0.132738 0.131124 0.129521 0.127930 0.126353 0.124793 0.123251 0.121730 0.120232 0.118760 0.117316 0.115903
0.189400 0.186170 0.183998 0.182831 0.182242 0.181915 0.181660 0.181371 0.180986 0.180472 0.179804 0.178968 0.177950 0.176738 0.175347 0.173850 0.172330 0.170816 0.169290 0.167750 0.166206 0.164658 0.163106 0.161550 0.159987 0.158420 0.156851 0.155281 0.153712 0.152146 0.150582 0.149023 0.147470 0.145924 0.144386 0.142859 0.141345 0.139845 0.138362 0.136898 0.135455 0.134037 0.132645 0.131282 0.129951 0.128655 0.127396 0.126176 0.124999 0.123867
0.191984 0.186879 0.185741 0.185724 0.185958 0.186172 0.186278 0.186249 0.186072 0.185740 0.185248 0.184589 0.183758 0.182746 0.181563 0.180237 0.178804 0.177315 0.175789 0.174268 0.172763 0.171260 0.169757 0.168251 0.166744 0.165242 0.163750 0.162269 0.160801 0.159346 0.157905 0.156480 0.155072 0.153685 0.152321 0.150981 0.149670 0.148389 0.147142 0.145932 0.144763 0.143637 0.142557 0.141528 0.140551 0.139630 0.138767 0.137966 0.137229 0.136559
0.171752 0.181747 0.186797 0.189478 0.190976 0.191835 0.192310 0.192524 0.192537 0.192378 0.192061 0.191590 0.190964 0.190180 0.189250 0.188191 0.187012 0.185734 0.184381 0.182979 0.181560 0.180135 0.178708 0.177281 0.175866 0.174488 0.173138 0.171813 0.170515 0.169245 0.168006 0.166799 0.165629 0.164498 0.163411 0.162370 0.161382 0.160449 0.159576 0.158767 0.158025 0.157356 0.156762 0.156248 0.155815 0.155468 0.155210 0.155042 0.154969 0.154991
0.185189 0.193336 0.196572 0.198151 0.199050 0.199601 0.199933 0.200105 0.200145 0.200067 0.199876 0.199570 0.199148 0.198603 0.197950 0.197204 0.196363 0.195432 0.194421 0.193343 0.192219 0.191066 0.189899 0.188727 0.187558 0.186412 0.185302 0.184232 0.183207 0.182230 0.181307 0.180442 0.179640 0.178908 0.178250 0.177673 0.177182 0.176783 0.176481 0.176280 0.176186 0.176203 0.176335 0.176584 0.176955 0.177449 0.178070 0.178819 0.179700 0.180714
0.230340 0.216208 0.211237 0.209397 0.208700 0.208444 0.208360 0.208335 0.208314 0.208268 0.208178 0.208033 0.207821 0.207532 0.207180 0.206778 0.206322 0.205811 0.205246 0.204632 0.203976 0.203292 0.202592 0.201888 0.201190 0.200511 0.199867 0.199271 0.198735 0.198266 0.197875 0.197570 0.197359 0.197251 0.197252 0.197371 0.197615 0.197989 0.198500 0.199151 0.199949 0.200897 0.201997 0.203253 0.204668 0.206243 0.207981 0.209883 0.211951 0.214187
0.218183 0.218839 0.218090 0.217298 0.216751 0.216438 0.216293 0.216256 0.216281 0.216338 0.216404 0.216462 0.216499 0.216502 0.216486 0.216463 0.216430 0.216384 0.216325 0.216252 0.216171 0.216085 0.216004 0.215938 0.215896 0.215891 0.215936 0.216045 0.216232 0.216510 0.216893 0.217391 0.218016 0.218778 0.219684 0.220743 0.221961 0.223345 0.224900 0.226629 0.228536 0.230623 0.232893 0.235348 0.237989 0.240819 0.243839 0.247049 0.250453 0.254048
0.210535 0.219257 0.221722 0.222461 0.222722 0.222877 0.223042 0.223249 0.223502 0.223793 0.224113 0.224452 0.224799 0.225147 0.225511 0.225907 0.226332 0.226787 0.227271 0.227785 0.228331 0.228914 0.229540 0.230216 0.230952 0.231759 0.232648 0.233634 0.234730 0.235949 0.237306 0.238812 0.240477 0.242311 0.244320 0.246511 0.248889 0.251458 0.254220 0.257180 0.260337 0.263693 0.267250 0.271010 0.274973 0.279141 0.283516 0.288098 0.292887 0.297883
0.240131 0.228990 0.227068 0.227150 0.227617 0.228140 0.228677 0.229235 0.229824 0.230448 0.231107 0.231798 0.232517 0.233260 0.234046 0.234896 0.235811 0.236792 0.237843 0.238967 0.240168 0.241452 0.242824 0.244293 0.245868 0.247560 0.249380 0.251342 0.253456 0.255735 0.258188 0.260824 0.263650 0.266670 0.269888 0.273307 0.276930 0.280759 0.284793 0.289034 0.293481 0.298136 0.303001 0.308076 0.313363 0.318864 0.324579 0.330509 0.336651 0.343004
0.214154 0.226311 0.229545 0.230849 0.231763 0.232622 0.233501 0.234417 0.235373 0.236372 0.237415 0.238500 0.239629 0.240799 0.242034 0.243360 0.244782 0.246305 0.247935 0.249678 0.251542 0.253534 0.255664 0.257940 0.260373 0.262976 0.265757 0.268729 0.271899 0.275273 0.278855 0.282648 0.286650 0.290863 0.295286 0.299921 0.304769 0.309826 0.315092 0.320568 0.326254 0.332153 0.338266 0.344594 0.351138 0.357900 0.364880 0.372076 0.379485 0.387108
0.241735 0.234993 0.234097 0.234597 0.235515 0.236610 0.237806 0.239072 0.240398 0.241778 0.243211 0.244700 0.246246 0.247850 0.249540 0.251347 0.253278 0.255343 0.257550 0.259909 0.262431 0.265126 0.268005 0.271081 0.274365 0.277869 0.281600 0.285564 0.289760 0.294188 0.298845 0.303725 0.308824 0.314140 0.319675 0.325429 0.331398 0.337579 0.343974 0.350585 0.357413 0.364459 0.371724 0.379208 0.386913 0.394839 0.402986 0.411355 0.419945 0.428753
0.233369 0.235083 0.236169 0.237412 0.238812 0.240312 0.241880 0.243506 0.245186 0.246925 0.248727 0.250598 0.252543 0.254567 0.256698 0.258973 0.261403 0.263997 0.266770 0.269732 0.272897 0.276278 0.279889 0.283743 0.287852 0.292220 0.296849 0.301735 0.306866 0.312239 0.317848 0.323682 0.329743 0.336031 0.342548 0.349294 0.356269 0.363470 0.370898 0.378550 0.386428 0.394530 0.402858 0.411411 0.420189 0.429192 0.438420 0.447873 0.457549 0.467448
0.229685 0.235022 0.238030 0.240294 0.242295 0.244206 0.246103 0.248026 0.250000 0.252042 0.254166 0.256379 0.258690 0.261106 0.263656 0.266379 0.269288 0.272396 0.275716 0.279263 0.283051 0.287097 0.291414 0.296013 0.300897 0.306061 0.311492 0.317180 0.323112 0.329293 0.335723 0.342398 0.349317 0.356477 0.363877 0.371517 0.379397 0.387514 0.395868 0.404458 0.413282 0.422340 0.431630 0.441151 0.450903 0.460885 0.471095 0.481534 0.492200 0.503092
0.242186 0.241048 0.242711 0.244725 0.246719 0.248697 0.250707 0.252786 0.254957 0.257237 0.259633 0.262153 0.264803 0.267587 0.270538 0.273693 0.277065 0.280669 0.284520 0.288633 0.293024 0.297709 0.302697 0.307987 0.313567 0.319414 0.325526 0.331906 0.338548 0.345452 0.352615 0.360037 0.367715 0.375647 0.383831 0.392266 0.400950 0.409881 0.419060 0.428483 0.438149 0.448056 0.458204 0.468589 0.479211 0.490069 0.501160 0.512483 0.524036 0.535818
0.239378 0.246158 0.248458 0.250055 0.251685 0.253484 0.255467 0.257629 0.259964 0.262466 0.265130 0.267955 0.270942 0.274093 0.277441 0.281023 0.284851 0.288941 0.293309 0.297971 0.302944 0.308236 0.313840 0.319731 0.325900 0.332349 0.339074 0.346074 0.353348 0.360894 0.368709 0.376792 0.385141 0.393754 0.402629 0.411765 0.421158 0.430808 0.440713 0.450870 0.461278 0.471935 0.482838 0.493986 0.505376 0.517007 0.528876 0.540981 0.553320 0.565891
0.263468 0.255373 0.254059 0.254626 0.255961 0.257750 0.259867 0.262246 0.264847 0.267649 0.270639 0.273811 0.277164 0.280699 0.284456 0.288469 0.292753 0.297323 0.302198 0.307394 0.312919 0.318760 0.324889 0.331308 0.338013 0.345004 0.352278 0.359835 0.367672 0.375788 0.384181 0.392849 0.401790 0.411003 0.420486 0.430237 0.440253 0.450532 0.461073 0.471873 0.482930 0.494241 0.505806 0.517620 0.529681 0.541988 0.554538 0.567328 0.580355 0.593617
0.244071 0.252046 0.254604 0.256531 0.258664 0.261076 0.263730 0.266589 0.269634 0.272854 0.276249 0.279819 0.283570 0.287510 0.291688 0.296136 0.300872 0.305914 0.311281 0.316984 0.323004 0.329316 0.335921 0.342819 0.350008 0.357486 0.365252 0.373305 0.381643 0.390265 0.399170 0.408355 0.417819 0.427560 0.437576 0.447865 0.458425 0.469254 0.480350 0.491710 0.503331 0.515213 0.527351 0.539744 0.552389 0.565283 0.578423 0.591806 0.605430 0.619292
0.257082 0.252701 0.254459 0.257553 0.260890 0.264262 0.267665 0.271132 0.274692 0.278372 0.282193 0.286170 0.290319 0.294658 0.299248 0.304119 0.309292 0.314787 0.320619 0.326769 0.333214 0.339954 0.346989 0.354318 0.361940 0.369854 0.378059 0.386554 0.395337 0.404408 0.413765 0.423405 0.433329 0.443533 0.454016 0.464777 0.475812 0.487120 0.498698 0.510544 0.522656 0.535031 0.547667 0.560560 0.573708 0.587108 0.600757 0.614653 0.628791 0.643169
0.236021 0.247855 0.255067 0.260325 0.264732 0.268772 0.272677 0.276566 0.280509 0.284551 0.288722 0.293047 0.297545 0.302245 0.307212 0.312472 0.318049 0.323961 0.330195 0.336725 0.343552 0.350674 0.358092 0.365805 0.373813 0.382115 0.390710 0.399596 0.408774 0.418241 0.427996 0.438038 0.448365 0.458976 0.469868 0.481040 0.492489 0.504214 0.516211 0.528480 0.541016 0.553817 0.566882 0.580206 0.593787 0.607622 0.621709 0.636043 0.650621 0.665442
0.248126 0.258653 0.263820 0.267808 0.271574 0.275351 0.279208 0.283174 0.287268 0.291509 0.295912 0.300492 0.305263 0.310266 0.315557 0.321160 0.327096 0.333365 0.339931 0.346796 0.353957 0.361417 0.369173 0.377226 0.385575 0.394219 0.403159 0.412391 0.421917 0.431733 0.441840 0.452235 0.462917 0.473884 0.485134 0.496665 0.508475 0.520562 0.532924 0.545557 0.558460 0.571630 0.585064 0.598759 0.612711 0.626919 0.641379 0.656088 0.671042 0.686238
0.295337 0.278835 0.275943 0.277099 0.279705 0.282967 0.286607 0.290519 0.294657 0.299007 0.303563 0.308331 0.313318 0.318574 0.324142 0.330043 0.336288 0.342842 0.349697 0.356852 0.364307 0.372062 0.380116 0.388469 0.397120 0.406068 0.415311 0.424850 0.434683 0.444808 0.455225 0.465931 0.476924 0.488204 0.499767 0.511612 0.523738 0.536140 0.548818 0.561768 0.574988 0.588475 0.602226 0.616239 0.630510 0.645036 0.659814 0.674841 0.690114 0.705629
0.258646 0.274295 0.279732 0.283214 0.286536 0.290059 0.293834 0.297855 0.302110 0.306592 0.311302 0.316243 0.321427 0.326910 0.332726 0.338894 0.345393 0.352196 0.359304 0.366716 0.374431 0.382448 0.390767 0.399387 0.408306 0.417524 0.427039 0.436850 0.446955 0.457354 0.468045 0.479025 0.490293 0.501847 0.513686 0.525806 0.538206 0.550882 0.563834 0.577058 0.590551 0.604311 0.618335 0.632619 0.647162 0.661959 0.677007 0.692304 0.707845 0.723628
0.282757 0.281050 0.284400 0.288356 0.292321 0.296323 0.300438 0.304715 0.309183 0.313859 0.318757 0.323889 0.329277 0.334984 0.341038 0.347447 0.354169 0.361201 0.368540 0.376186 0.384138 0.392393 0.400952 0.409813 0.418974 0.428434 0.438193 0.448248 0.458597 0.469240 0.480173 0.491397 0.502907 0.514703 0.526783 0.539143 0.551782 0.564697 0.577886 0.591345 0.605073 0.619067 0.633323 0.647838 0.662610 0.677636 0.692911 0.708434 0.724200 0.740206
0.276618 0.284430 0.289267 0.293565 0.297793 0.302072 0.306454 0.310979 0.315674 0.320564 0.325669 0.331007 0.336610 0.342543 0.348834 0.355463 0.362402 0.369652 0.377210 0.385075 0.393247 0.401724 0.410504 0.419586 0.428969 0.438650 0.448628 0.458903 0.469470 0.480330 0.491480 0.502918 0.514642 0.526649 0.538939 0.551507 0.564353 0.577473 0.590865 0.604526 0.618453 0.632644 0.647096 0.661805 0.676769 0.691985 0.707449 0.723158 0.739108 0.755297
0.290203 0.291930 0.295100 0.298903 0.303041 0.307394 0.311922 0.316622 0.321506 0.326591 0.331896 0.337440 0.343259 0.349420 0.355940 0.362781 0.369933 0.377394 0.385162 0.393237 0.401617 0.410301 0.419286 0.428572 0.438157 0.448038 0.458215 0.468685 0.479447 0.490498 0.501838 0.513463 0.525371 0.537561 0.550031 0.562777 0.575798 0.589091 0.602653 0.616482 0.630575 0.644930 0.659543 0.674411 0.689531 0.704901 0.720517 0.736376 0.752475 0.768810
0.294573 0.295785 0.299242 0.303313 0.307622 0.312099 0.316748 0.321583 0.326622 0.331881 0.337375 0.343119 0.349151 0.355535 0.362271 0.369320 0.376677 0.384340 0.392308 0.400580 0.409154 0.418028 0.427200 0.436669 0.446434 0.456493 0.466843 0.477484 0.488413 0.499628 0.511129 0.522912 0.534975 0.547318 0.559936 0.572828 0.585993 0.599426 0.613126 0.627090 0.641315 0.655799 0.670539 0.685532 0.700775 0.716264 0.731997 0.747971 0.764183 0.780628
0.285718 0.296190 0.302207 0.306998 0.311522 0.316099 0.320845 0.325803 0.330993 0.336424 0.342106 0.348050 0.354291 0.360890 0.367827 0.375071 0.382618 0.390467 0.398616 0.407063 0.415807 0.424846 0.434180 0.443805 0.453722 0.463928 0.474422 0.485202 0.496267 0.507615 0.519244 0.531152 0.543337 0.555797 0.568531 0.581536 0.594809 0.608348 0.622151 0.636216 0.650539 0.665118 0.679951 0.695034 0.710364 0.725939 0.741756 0.757810 0.774101 0.790623
0.304566 0.304207 0.306937 0.310610 0.314781 0.319319 0.324162 0.329280 0.334656 0.340286 0.346171 0.352317 0.358757 0.365551 0.372665 0.380076 0.387785 0.395787 0.404084 0.412672 0.421551 0.430719 0.440176 0.449921 0.459952 0.470267 0.480867 0.491748 0.502911 0.514352 0.526071 0.538066 0.550335 0.562877 0.575688 0.588767 0.602112 0.615721 0.629591 0.643720 0.658105 0.672744 0.687634 0.702772 0.718155 0.733781 0.749647 0.765749 0.782084 0.798650
0.303004 0.306005 0.308706 0.312389 0.316783 0.321622 0.326769 0.332166 0.337791 0.343643 0.349729 0.356059 0.362667 0.369612 0.376857 0.384390 0.392209 0.400316 0.408709 0.417388 0.426351 0.435600 0.445132 0.454947 0.465044 0.475422 0.486081 0.497018 0.508233 0.519724 0.531490 0.543529 0.555840 0.568420 0.581269 0.594383 0.607760 0.621399 0.635298 0.649453 0.663863 0.678525 0.693436 0.708593 0.723994 0.739637 0.755517 0.771633 0.787980 0.804557
0.303523 0.302419 0.307008 0.312474 0.318011 0.323557 0.329160 0.334868 0.340719 0.346744 0.352967 0.359412 0.366114 0.373134 0.380436 0.388018 0.395879 0.404021 0.412444 0.421149 0.430135 0.439403 0.448951 0.458779 0.468887 0.479275 0.489940 0.500882 0.512100 0.523592 0.535358 0.547395 0.559703 0.572278 0.585120 0.598227 0.611596 0.625225 0.639112 0.653256 0.667652 0.682300 0.697195 0.712337 0.727721 0.743346 0.759207 0.775303 0.791631 0.808187
0.272135 0.295853 0.306892 0.314275 0.320488 0.326317 0.332053 0.337826 0.343707 0.349741 0.355962 0.362396 0.369078 0.376065 0.383329 0.390869 0.398688 0.406786 0.415164 0.423823 0.432763 0.441984 0.451485 0.461266 0.471327 0.481667 0.492284 0.503178 0.514348 0.525792 0.537509 0.549498 0.561756 0.574283 0.587075 0.600132 0.613451 0.627031 0.640868 0.654961 0.669307 0.683904 0.698749 0.713839 0.729172 0.744746 0.760556 0.776601 0.792877 0.809382
0.322258 0.314559 0.316180 0.320262 0.325088 0.330211 0.335519 0.340991 0.346638 0.352477 0.358527 0.364808 0.371346 0.378190 0.385317 0.392726 0.400418 0.408394 0.416653 0.425197 0.434025 0.443136 0.452530 0.462206 0.472164 0.482402 0.492919 0.503715 0.514788 0.526136 0.537758 0.549653 0.561819 0.574254 0.586956 0.599923 0.613153 0.626644 0.640394 0.654400 0.668660 0.683172 0.697932 0.712939 0.728189 0.743679 0.759408 0.775371 0.791567 0.807991
0.316783 0.319455 0.321986 0.325365 0.329386 0.333837 0.338604 0.343634 0.348910 0.354429 0.360196 0.366221 0.372520 0.379138 0.386051 0.393258 0.400757 0.408547 0.416628 0.424999 0.433659 0.442607 0.451842 0.461363 0.471169 0.481259 0.491631 0.502284 0.513216 0.524426 0.535913 0.547674 0.559708 0.572012 0.584586 0.597427 0.610532 0.623900 0.637528 0.651414 0.665555 0.679950 0.694594 0.709486 0.724623 0.740002 0.755620 0.771474 0.787562 0.803879
0.310618 0.318247 0.323301 0.327483 0.331533 0.335719 0.340131 0.344795 0.349719 0.354907 0.360364 0.366098 0.372120 0.378468 0.385128 0.392091 0.399355 0.406920 0.414781 0.422939 0.431392 0.440137 0.449175 0.458502 0.468118 0.478022 0.488211 0.498684 0.509440 0.520477 0.531792 0.543385 0.555253 0.567395 0.579808 0.592490 0.605439 0.618652 0.632128 0.645864 0.659857 0.674105 0.688605 0.703355 0.718351 0.733592 0.749073 0.764792 0.780746 0.796933
0.317776 0.320471 0.323902 0.327521 0.331281 0.335221 0.339379 0.343776 0.348425 0.353335 0.358515 0.363974 0.369721 0.375793 0.382189 0.388896 0.395909 0.403226 0.410846 0.418767 0.426987 0.435504 0.444316 0.453422 0.462821 0.472510 0.482488 0.492753 0.503303 0.514138 0.525254 0.536650 0.548324 0.560274 0.572498 0.584993 0.597758 0.610790 0.624087 0.637646 0.651465 0.665541 0.679871 0.694453 0.709284 0.724362 0.739682 0.755242 0.771040 0.787072
0.318805 0.319789 0.321996 0.324970 0.328392 0.332117 0.336089 0.340297 0.344741 0.349431 0.354376 0.359588 0.365080 0.370880 0.377018 0.383467 0.390223 0.397286 0.404653 0.412323 0.420294 0.428565 0.437133 0.445998 0.455158 0.464611 0.474355 0.484389 0.494711 0.505319 0.516212 0.527387 0.538843 0.550577 0.562588 0.574872 0.587429 0.600255 0.613349 0.626707 0.640327 0.654207 0.668344 0.682735 0.697378 0.712269 0.727405 0.742785 0.758403 0.774259
0.310730 0.312955 0.315999 0.319318 0.322826 0.326515 0.330387 0.334454 0.338727 0.343221 0.347951 0.352931 0.358175 0.363704 0.369576 0.375764 0.382258 0.389058 0.396162 0.403569 0.411277 0.419287 0.427595 0.436201 0.445104 0.454302 0.463793 0.473575 0.483648 0.494009 0.504657 0.515589 0.526805 0.538301 0.550075 0.562126 0.574452 0.587049 0.599917 0.613051 0.626450 0.640111 0.654032 0.668209 0.682640 0.697322 0.712253 0.727428 0.742846 0.758503
0.296649 0.303611 0.308038 0.311776 0.315360 0.318981 0.322717 0.326610 0.330686 0.334965 0.339462 0.344195 0.349178 0.354428 0.359997 0.365907 0.372123 0.378643 0.385467 0.392594 0.400022 0.407752 0.415782 0.424111 0.432737 0.441659 0.450876 0.460387 0.470189 0.480282 0.490663 0.501330 0.512282 0.523518 0.535034 0.546828 0.558900 0.571245 0.583863 0.596750 0.609904 0.623323 0.637003 0.650943 0.665139 0.679589 0.694290 0.709239 0.724432 0.739867
0.298402 0.298404 0.300754 0.303677 0.306814 0.310109 0.313564 0.317191 0.321003 0.325014 0.329237 0.333687 0.338378 0.343325 0.348558 0.354137 0.360047 0.366260 0.372778 0.379599 0.386723 0.394149 0.401877 0.409904 0.418230 0.426853 0.435773 0.444988 0.454496 0.464296 0.474386 0.484764 0.495429 0.506379 0.517612 0.529125 0.540917 0.552985 0.565328 0.577942 0.590826 0.603976 0.617391 0.631068 0.645003 0.659195 0.673640 0.688336 0.703279 0.718466
0.285875 0.289676 0.292092 0.294542 0.297221 0.300122 0.303227 0.306525 0.310018 0.313712 0.317618 0.321745 0.326107 0.330718 0.335593 0.340786 0.346331 0.352204 0.358382 0.364866 0.371655 0.378747 0.386143 0.393840 0.401838 0.410135 0.418730 0.427621 0.436807 0.446287 0.456058 0.466120 0.476470 0.487106 0.498027 0.509231 0.520715 0.532478 0.544516 0.556829 0.569413 0.582267 0.595387 0.608771 0.622416 0.636320 0.650480 0.664893 0.679556 0.694466
0.281188 0.280584 0.282047 0.284145 0.286532 0.289124 0.291899 0.294858 0.298006 0.301352 0.304906 0.308679 0.312682 0.316928 0.321429 0.326211 0.331332 0.336805 0.342609 0.348720 0.355140 0.361867 0.368899 0.376234 0.383873 0.391812 0.400051 0.408588 0.417422 0.426550 0.435972 0.445685 0.455689 0.465980 0.476558 0.487419 0.498563 0.509987 0.521690 0.533668 0.545919 0.558442 0.571233 0.584291 0.597612 0.611194 0.625034 0.639130 0.653478 0.668076
0.264223 0.267894 0.270516 0.272804 0.275041 0.277351 0.279792 0.282394 0.285177 0.288155 0.291340 0.294741 0.298371 0.302238 0.306355 0.310734 0.315408 0.320426 0.325798 0.331507 0.337526 0.343855 0.350492 0.357435 0.364682 0.372231 0.380082 0.388232 0.396679 0.405423 0.414461 0.423792 0.433413 0.443324 0.453522 0.464006 0.474773 0.485822 0.497150 0.508756 0.520636 0.532790 0.545214 0.557906 0.570864 0.584084 0.597565 0.611304 0.625297 0.639542
0.254466 0.257808 0.259732 0.261415 0.263145 0.265007 0.267035 0.269246 0.271652 0.274260 0.277080 0.280118 0.283381 0.286879 0.290618 0.294610 0.298868 0.303424 0.308322 0.313571 0.319163 0.325068 0.331281 0.337802 0.344627 0.351756 0.359186 0.366915 0.374943 0.383266 0.391885 0.400796 0.409998 0.419490 0.429270 0.439336 0.449686 0.460318 0.471230 0.482420 0.493887 0.505628 0.517640 0.529922 0.542471 0.555285 0.568361 0.581695 0.595287 0.609132
0.253608 0.249391 0.248855 0.249447 0.250522 0.251900 0.253524 0.255374 0.257442 0.259726 0.262225 0.264941 0.267879 0.271042 0.274438 0.278072 0.281955 0.286100 0.290534 0.295296 0.300405 0.305854 0.311625 0.317698 0.324076 0.330754 0.337733 0.345010 0.352583 0.360451 0.368612 0.377066 0.385809 0.394841 0.404160 0.413765 0.423653 0.433823 0.444273 0.455002 0.466007 0.477286 0.488838 0.500659 0.512748 0.525103 0.537721 0.550599 0.563736 0.577127
0.229471 0.233613 0.234785 0.235568 0.236494 0.237657 0.239059 0.240690 0.242540 0.244601 0.246870 0.249345 0.252027 0.254918 0.258024 0.261349 0.264901 0.268689 0.272726 0.277035 0.281648 0.286596 0.291876 0.297481 0.303387 0.309589 0.316087 0.322880 0.329965 0.337342 0.345008 0.352964 0.361207 0.369736 0.378550 0.387647 0.397026 0.406686 0.416624 0.426839 0.437330 0.448094 0.459129 0.470434 0.482007 0.493845 0.505946 0.518308 0.530928 0.543804
0.222354 0.219474 0.219418 0.220079 0.221053 0.222259 0.223671 0.225278 0.227071 0.229046 0.231200 0.233532 0.236043 0.238737 0.241617 0.244690 0.247961 0.251439 0.255134 0.259058 0.263232 0.267681 0.272436 0.277514 0.282909 0.288611 0.294601 0.300877 0.307441 0.314290 0.321423 0.328840 0.336540 0.344521 0.352783 0.361324 0.370144 0.379240 0.388612 0.398258 0.408177 0.418367 0.428827 0.439554 0.450547 0.461804 0.473322 0.485101 0.497136 0.509427
0.197311 0.200583 0.202023 0.203293 0.204659 0.206153 0.207775 0.209524 0.211402 0.213408 0.215547 0.217822 0.220237 0.222798 0.225511 0.228381 0.231417 0.234626 0.238018 0.241603 0.245394 0.249408 0.253668 0.258199 0.263029 0.268166 0.273604 0.279335 0.285342 0.291625 0.298185 0.305021 0.312132 0.319518 0.327179 0.335112 0.343318 0.351796 0.360544 0.369561 0.378847 0.388399 0.398217 0.408299 0.418643 0.429248 0.440111 0.451232 0.462608 0.474236
0.183991 0.183285 0.184710 0.186497 0.188348 0.190225 0.192137 0.194096 0.196115 0.198205 0.200376 0.202637 0.204995 0.207459 0.210037 0.212737 0.215566 0.218535 0.221651 0.224924 0.228365 0.231988 0.235806 0.239839 0.244110 0.248643 0.253463 0.258574 0.263971 0.269648 0.275596 0.281805 0.288280 0.295021 0.302028 0.309299 0.316835 0.324634 0.332696 0.341021 0.349606 0.358452 0.367557 0.376920 0.386540 0.396415 0.406544 0.416926 0.427558 0.438441
0.159144 0.165430 0.168646 0.171121 0.173368 0.175522 0.177637 0.179743 0.181859 0.184002 0.186186 0.188421 0.190718 0.193085 0.195532 0.198067 0.200699 0.203437 0.206289 0.209264 0.212372 0.215623 0.219030 0.222605 0.226366 0.230331 0.234523 0.238964 0.243679 0.248667 0.253929 0.259458 0.265249 0.271296 0.277592 0.284141 0.290945 0.298004 0.305314 0.312876 0.320690 0.328754 0.337070 0.345635 0.354449 0.363511 0.372819 0.382373 0.392173 0.402218
0.156450 0.154854 0.156385 0.158490 0.160658 0.162804 0.164924 0.167030 0.169134 0.171247 0.173380 0.175542 0.177740 0.179983 0.182279 0.184636 0.187062 0.189563 0.192149 0.194828 0.197607 0.200496 0.203505 0.206643 0.209924 0.213360 0.216968 0.220767 0.224779 0.229026 0.233529 0.238288 0.243304 0.248576 0.254098 0.259866 0.265879 0.272127 0.278612 0.285336 0.292302 0.299508 0.306952 0.314634 0.322554 0.330712 0.339108 0.347743 0.356617 0.365729
0.137571 0.143376 0.146125 0.148238 0.150230 0.152206 0.154187 0.156172 0.158165 0.160167 0.162182 0.164214 0.166268 0.168351 0.170467 0.172622 0.174823 0.177076 0.179388 0.181764 0.184214 0.186742 0.189359 0.192071 0.194888 0.197819 0.200877 0.204075 0.207428 0.210954 0.214675 0.218614 0.222787 0.227196 0.231843 0.236727 0.241849 0.247203 0.252786 0.258597 0.264637 0.270900 0.277384 0.284092 0.291026 0.298188 0.305579 0.313202 0.321055 0.329139
0.138824 0.137563 0.138486 0.139990 0.141684 0.143456 0.145265 0.147093 0.148931 0.150778 0.152633 0.154498 0.156374 0.158265 0.160174 0.162107 0.164067 0.166058 0.168086 0.170155 0.172272 0.174441 0.176669 0.178962 0.181326 0.183769 0.186300 0.188926 0.191660 0.194512 0.197498 0.200635 0.203944 0.207449 0.211159 0.215080 0.219214 0.223564 0.228131 0.232913 0.237913 0.243129 0.248560 0.254204 0.260064 0.266143 0.272443 0.278965 0.285706 0.292667
0.127971 0.129615 0.131195 0.132846 0.134531 0.136227 0.137921 0.139612 0.141298 0.142981 0.144660 0.146339 0.148018 0.149701 0.151389 0.153086 0.154793 0.156515 0.158254 0.160014 0.161798 0.163611 0.165456 0.167338 0.169262 0.171232 0.173254 0.175334 0.177479 0.179696 0.181994 0.184384 0.186881 0.189500 0.192264 0.195194 0.198297 0.201581 0.205053 0.208716 0.212576 0.216637 0.220901 0.225371 0.230048 0.234937 0.240040 0.245362 0.250901 0.256657
0.119117 0.122632 0.125058 0.127023 0.128781 0.130435 0.132031 0.133590 0.135123 0.136638 0.138137 0.139623 0.141100 0.142568 0.144029 0.145485 0.146938 0.148389 0.149841 0.151295 0.152753 0.154217 0.155690 0.157175 0.158673 0.160188 0.161723 0.163280 0.164865 0.166480 0.168131 0.169824 0.171566 0.173369 0.175245 0.177215 0.179300 0.181523 0.183891 0.186414 0.189103 0.191966 0.195011 0.198246 0.201676 0.205305 0.209140 0.213183 0.217438 0.221907
0.117972 0.119708 0.121437 0.123067 0.124609 0.126084 0.127511 0.128902 0.130262 0.131597 0.132909 0.134201 0.135473 0.136728 0.137964 0.139184 0.140387 0.141575 0.142748 0.143905 0.145049 0.146179 0.147296 0.148401 0.149494 0.150577 0.151649 0.152713 0.153768 0.154816 0.155860 0.156901 0.157944 0.158996 0.160068 0.161173 0.162329 0.163560 0.164892 0.166340 0.167917 0.169636 0.171508 0.173545 0.175755 0.178145 0.180721 0.183487 0.186449 0.189610
0.118335 0.118593 0.119453 0.120552 0.121739 0.122948 0.124155 0.125347 0.126518 0.127667 0.128792 0.129891 0.130965 0.132013 0.133034 0.134028 0.134993 0.135931 0.136839 0.137717 0.138564 0.139380 0.140163 0.140912 0.141626 0.142305 0.142945 0.143547 0.144109 0.144629 0.145108 0.145547 0.145952 0.146329 0.146690 0.147049 0.147419 0.147818 0.148265 0.148782 0.149397 0.150122 0.150970 0.151952 0.153077 0.154350 0.155779 0.157370 0.159125 0.161050
0.115841 0.116750 0.117644 0.118591 0.119584 0.120601 0.121625 0.122640 0.123639 0.124616 0.125566 0.126487 0.127377 0.128233 0.129054 0.129839 0.130586 0.131293 0.131958 0.132579 0.133154 0.133681 0.134157 0.134580 0.134946 0.135254 0.135498 0.135676 0.135785 0.135822 0.135788 0.135691 0.135538 0.135343 0.135122 0.134887 0.134649 0.134416 0.134199 0.134016 0.133890 0.133847 0.133895 0.134041 0.134291 0.134652 0.135129 0.135726 0.136449 0.137301
0.113254 0.114671 0.115771 0.116775 0.117741 0.118683 0.119602 0.120498 0.121365 0.122202 0.123006 0.123773 0.124503 0.125191 0.125836 0.126436 0.126989 0.127491 0.127939 0.128331 0.128663 0.128932 0.129134 0.129264 0.129319 0.129292 0.129180 0.128977 0.128679 0.128289 0.127816 0.127279 0.126691 0.126076 0.125448 0.124810 0.124165 0.123515 0.122864 0.122233 0.121627 0.121055 0.120539 0.120083 0.119694 0.119374 0.119129 0.118963 0.118879 0.118881
0.112285 0.113021 0.114081 0.115126 0.116107 0.117027 0.117894 0.118715 0.119491 0.120223 0.120913 0.121557 0.122155 0.122704 0.123203 0.123647 0.124035 0.124362 0.124625 0.124820 0.124942 0.124988 0.124951 0.124826 0.124607 0.124288 0.123863 0.123325 0.122679 0.121943 0.121149 0.120318 0.119466 0.118619 0.117766 0.116901 0.116023 0.115130 0.114223 0.113306 0.112384 0.111462 0.110559 0.109691 0.108863 0.108076 0.107334 0.106639 0.105995 0.105404
0.109346 0.111386 0.112684 0.113753 0.114712 0.115594 0.116412 0.117173 0.117879 0.118534 0.119137 0.119687 0.120184 0.120625 0.121008 0.121328 0.121583 0.121768 0.121880 0.121912 0.121860 0.121718 0.121479 0.121138 0.120687 0.120117 0.119423 0.118607 0.117705 0.116757 0.115808 0.114845 0.113859 0.112857 0.111838 0.110803 0.109749 0.108675 0.107579 0.106461 0.105322 0.104164 0.102998 0.101849 0.100720 0.099612 0.098527 0.097467 0.096435 0.095432
0.111032 0.111093 0.111820 0.112679 0.113531 0.114340 0.115096 0.115799 0.116448 0.117043 0.117583 0.118067 0.118491 0.118854 0.119151 0.119379 0.119533 0.119609 0.119601 0.119504 0.119312 0.119018 0.118615 0.118095 0.117450 0.116672 0.115760 0.114759 0.113744 0.112710 0.111657 0.110585 0.109493 0.108378 0.107240 0.106078 0.104893 0.103681 0.102443 0.101176 0.099880 0.098554 0.097209 0.095866 0.094530 0.093200 0.091878 0.090566 0.089264 0.087974
0.108250 0.109715 0.110740 0.111621 0.112427 0.113179 0.113884 0.114542 0.115150 0.115707 0.116209 0.116651 0.117031 0.117342 0.117582 0.117746 0.117828 0.117823 0.117726 0.117530 0.117228 0.116814 0.116280 0.115616 0.114814 0.113867 0.112819 0.111753 0.110667 0.109560 0.108430 0.107278 0.106101 0.104899 0.103670 0.102413 0.101127 0.099812 0.098464 0.097084 0.095669 0.094219 0.092747 0.091270 0.089789 0.088304 0.086817 0.085328 0.083838 0.082347
0.107864 0.108880 0.109799 0.110605 0.111352 0.112064 0.112744 0.113387 0.113986 0.114533 0.115022 0.115448 0.115805 0.116088 0.116293 0.116414 0.116446 0.116384 0.116221 0.115950 0.115565 0.115058 0.114421 0.113643 0.112715 0.111652 0.110555 0.109437 0.108296 0.107132 0.105942 0.104727 0.103484 0.102213 0.100913 0.099581 0.098217 0.096820 0.095387 0.093918 0.092411 0.090866 0.089303 0.087730 0.086146 0.084552 0.082947 0.081333 0.079709 0.078077
0.107684 0.108387 0.108928 0.109565 0.110273 0.111001 0.111714 0.112389 0.113014 0.113578 0.114076 0.114502 0.114852 0.115121 0.115304 0.115397 0.115393 0.115288 0.115075 0.114748 0.114298 0.113718 0.112999 0.112130 0.111103 0.109989 0.108852 0.107692 0.106506 0.105295 0.104056 0.102789 0.101493 0.100166 0.098807 0.097415 0.095987 0.094524 0.093023 0.091482 0.089900 0.088286 0.086656 0.085011 0.083352 0.081677 0.079988 0.078283 0.076563 0.074827
0.107932 0.107065 0.107513 0.108339 0.109241 0.110117 0.110934 0.111679 0.112348 0.112939 0.113451 0.113879 0.114223 0.114479 0.114643 0.114711 0.114678 0.114537 0.114283 0.113909 0.113406 0.112767 0.111982 0.111040 0.109943 0.108795 0.107623 0.106425 0.105200 0.103948 0.102667 0.101355 0.100013 0.098638 0.097229 0.095785 0.094305 0.092786 0.091227 0.089626 0.087985 0.086320 0.084639 0.082939 0.081222 0.079487 0.077733 0.075961 0.074169 0.072358
0.100641 0.103756 0.105883 0.107448 0.108694 0.109738 0.110638 0.111424 0.112109 0.112701 0.113205 0.113620 0.113945 0.114179 0.114318 0.114357 0.114292 0.114117 0.113825 0.113409 0.112860 0.112171 0.111330 0.110328 0.109182 0.108001 0.106793 0.105559 0.104297 0.103007 0.101686 0.100334 0.098950 0.097532 0.096079 0.094590 0.093062 0.091495 0.089886 0.088234 0.086548 0.084844 0.083120 0.081378 0.079616 0.077833 0.076029 0.074205 0.072358 0.070490
0.100268 0.104511 0.106631 0.108060 0.109187 0.110139 0.110965 0.111689 0.112322 0.112868 0.113329 0.113705 0.113994 0.114193 0.114297 0.114302 0.114202 0.113991 0.113661 0.113206 0.112616 0.111882 0.110993 0.109939 0.108752 0.107535 0.106292 0.105022 0.103723 0.102395 0.101037 0.099647 0.098224 0.096766 0.095272 0.093741 0.092170 0.090559 0.088905 0.087210 0.085492 0.083754 0.081996 0.080218 0.078418 0.076597 0.074754 0.072888 0.070998 0.069084
0.113519 0.109843 0.109399 0.109806 0.110432 0.111095 0.111733 0.112325 0.112859 0.113328 0.113726 0.114048 0.114290 0.114446 0.114511 0.114479 0.114342 0.114095 0.113730 0.113238 0.112610 0.111837 0.110907 0.109809 0.108583 0.107329 0.106049 0.104742 0.103407 0.102042 0.100647 0.099220 0.097759 0.096263 0.094731 0.093161 0.091551 0.089900 0.088205 0.086477 0.084730 0.082964 0.081176 0.079368 0.077537 0.075684 0.073808 0.071908 0.069983 0.068033
0.106493 0.109533 0.110453 0.110996 0.111508 0.112030 0.112548 0.113043 0.113498 0.113903 0.114247 0.114522 0.114722 0.114839 0.114868 0.114801 0.114632 0.114353 0.113956 0.113431 0.112770 0.111963 0.110998 0.109863 0.108599 0.107308 0.105991 0.104648 0.103277 0.101877 0.100446 0.098983 0.097487 0.095955 0.094387 0.092780 0.091133 0.089444 0.087714 0.085962 0.084190 0.082397 0.080584 0.078750 0.076893 0.075012 0.073108 0.071180 0.069226 0.067246
0.111042 0.110543 0.110958 0.111512 0.112076 0.112624 0.113145 0.113627 0.114062 0.114442 0.114760 0.115009 0.115182 0.115273 0.115276 0.115184 0.114989 0.114684 0.114261 0.113709 0.113021 0.112185 0.111191 0.110024 0.108725 0.107399 0.106048 0.104671 0.103266 0.101832 0.100367 0.098870 0.097340 0.095775 0.094173 0.092532 0.090851 0.089128 0.087372 0.085597 0.083802 0.081988 0.080152 0.078294 0.076414 0.074511 0.072583 0.070630 0.068652 0.066647
0.109182 0.109983 0.110763 0.111540 0.112267 0.112926 0.113515 0.114037 0.114492 0.114879 0.115195 0.115437 0.115600 0.115678 0.115665 0.115556 0.115343 0.115019 0.114576 0.114003 0.113293 0.112434 0.111414 0.110222 0.108892 0.107534 0.106152 0.104743 0.103307 0.101842 0.100347 0.098820 0.097259 0.095663 0.094030 0.092358 0.090646 0.088893 0.087117 0.085322 0.083508 0.081674 0.079819 0.077941 0.076042 0.074118 0.072170 0.070197 0.068198 0.066172
0.107485 0.109212 0.110525 0.111561 0.112421 0.113155 0.113791 0.114344 0.114818 0.115216 0.115538 0.115780 0.115939 0.116011 0.115989 0.115869 0.115644 0.115305 0.114846 0.114257 0.113528 0.112649 0.111608 0.110394 0.109038 0.107653 0.106243 0.104807 0.103344 0.101852 0.100330 0.098775 0.097187 0.095564 0.093904 0.092204 0.090464 0.088690 0.086897 0.085086 0.083255 0.081404 0.079532 0.077638 0.075722 0.073782 0.071817 0.069827 0.067811 0.065767
0.108250 0.109948 0.111083 0.111982 0.112756 0.113444 0.114058 0.114602 0.115074 0.115472 0.115792 0.116032 0.116187 0.116253 0.116223 0.116093 0.115856 0.115505 0.115031 0.114426 0.113681 0.112784 0.111724 0.110488 0.109110 0.107703 0.106271 0.104813 0.103327 0.101812 0.100267 0.098690 0.097078 0.095432 0.093748 0.092025 0.090261 0.088472 0.086666 0.084841 0.082997 0.081132 0.079247 0.077339 0.075409 0.073455 0.071477 0.069473 0.067443 0.065385
0.112067 0.111714 0.111986 0.112502 0.113100 0.113706 0.114280 0.114802 0.115261 0.115649 0.115961 0.116192 0.116337 0.116391 0.116351 0.116208 0.115957 0.115592 0.115103 0.114481 0.113718 0.112803 0.111723 0.110466 0.109070 0.107645 0.106196 0.104720 0.103216 0.101683 0.100119 0.098523 0.096893 0.095227 0.093524 0.091781 0.090001 0.088202 0.086385 0.084550 0.082695 0.080821 0.078925 0.077007 0.075066 0.073102 0.071113 0.069098 0.067057 0.064988
0.111268 0.111411 0.111899 0.112530 0.113189 0.113821 0.114402 0.114920 0.115367 0.115740 0.116035 0.116249 0.116376 0.116414 0.116355 0.116196 0.115928 0.115544 0.115037 0.114397 0.113615 0.112679 0.111578 0.110299 0.108888 0.107450 0.105988 0.104499 0.102982 0.101435 0.099858 0.098247 0.096602 0.094922 0.093203 0.091444 0.089655 0.087849 0.086025 0.084183 0.082321 0.080440 0.078536 0.076611 0.074663 0.072691 0.070694 0.068671 0.066622 0.064545
0.108034 0.109917 0.111294 0.112337 0.113171 0.113866 0.114457 0.114960 0.115383 0.115729 0.115996 0.116182 0.116284 0.116298 0.116217 0.116036 0.115747 0.115343 0.114816 0.114156 0.113352 0.112394 0.111270 0.109965 0.108544 0.107099 0.105628 0.104131 0.102605 0.101049 0.099461 0.097841 0.096186 0.094494 0.092763 0.090994 0.089201 0.087392 0.085564 0.083718 0.081852 0.079966 0.078059 0.076129 0.074176 0.072199 0.070197 0.068169 0.066114 0.064031
0.108126 0.110365 0.111686 0.112614 0.113341 0.113945 0.114460 0.114900 0.115270 0.115570 0.115799 0.115953 0.116027 0.116015 0.115910 0.115707 0.115397 0.114973 0.114425 0.113743 0.112917 0.111935 0.110786 0.109455 0.108030 0.106581 0.105107 0.103605 0.102074 0.100513 0.098920 0.097293 0.095631 0.093931 0.092192 0.090418 0.088626 0.086816 0.084988 0.083140 0.081273 0.079386 0.077476 0.075545 0.073589 0.071610 0.069605 0.067574 0.065515 0.063429
0.113417 0.112751 0.112780 0.113076 0.113463 0.113869 0.114260 0.114617 0.114930 0.115189 0.115386 0.115514 0.115566 0.115535 0.115413 0.115193 0.114866 0.114423 0.113856 0.113153 0.112305 0.111299 0.110122 0.108767 0.107344 0.105896 0.104422 0.102920 0.101388 0.099825 0.098229 0.096599 0.094933 0.093229 0.091485 0.089712 0.087922 0.086114 0.084288 0.082442 0.080576 0.078689 0.076780 0.074849 0.072893 0.070913 0.068907 0.066875 0.064815 0.062727
0.113344 0.112533 0.112437 0.112616 0.112917 0.113266 0.113624 0.113963 0.114266 0.114519 0.114713 0.114839 0.114887 0.114851 0.114723 0.114494 0.114155 0.113699 0.113116 0.112394 0.111523 0.110491 0.109285 0.107913 0.106496 0.105052 0.103581 0.102082 0.100552 0.098990 0.097394 0.095764 0.094096 0.092389 0.090643 0.088875 0.087089 0.085285 0.083463 0.081620 0.079757 0.077873 0.075966 0.074036 0.072082 0.070103 0.068098 0.066067 0.064007 0.061919
0.107525 0.109494 0.110373 0.110995 0.111542 0.112046 0.112509 0.112924 0.113283 0.113579 0.113805 0.113953 0.114017 0.113991 0.113866 0.113636 0.113291 0.112824 0.112225 0.111484 0.110589 0.109529 0.108289 0.106910 0.105501 0.104064 0.102599 0.101104 0.099578 0.098018 0.096424 0.094794 0.093125 0.091417 0.089674 0.087912 0.086132 0.084334 0.082516 0.080678 0.078819 0.076938 0.075035 0.073108 0.071156 0.069180 0.067177 0.065146 0.063088 0.061001
0.107461 0.107248 0.108090 0.109002 0.109822 0.110538 0.111158 0.111689 0.112134 0.112494 0.112766 0.112947 0.113034 0.113021 0.112901 0.112670 0.112318 0.111837 0.111219 0.110454 0.109529 0.108434 0.107156 0.105782 0.104382 0.102953 0.101493 0.100003 0.098480 0.096923 0.095331 0.093701 0.092032 0.090323 0.088585 0.086830 0.085057 0.083264 0.081452 0.079619 0.077765 0.075889 0.073989 0.072066 0.070118 0.068144 0.066144 0.064116 0.062060 0.059974
0.100923 0.104470 0.106188 0.107397 0.108383 0.109221 0.109935 0.110539 0.111039 0.111439 0.111740 0.111939 0.112035 0.112023 0.111899 0.111655 0.111286 0.110782 0.110136 0.109336 0.108372 0.107232 0.105921 0.104556 0.103162 0.101738 0.100284 0.098797 0.097276 0.095720 0.094128 0.092497 0.090827 0.089118 0.087388 0.085639 0.083872 0.082086 0.080279 0.078451 0.076602 0.074730 0.072835 0.070916 0.068971 0.067001 0.065004 0.062979 0.060925 0.058842
0.106264 0.105195 0.105825 0.106731 0.107610 0.108399 0.109087 0.109676 0.110164 0.110552 0.110840 0.111024 0.111101 0.111066 0.110915 0.110641 0.110237 0.109695 0.109005 0.108158 0.107142 0.105945 0.104615 0.103253 0.101862 0.100440 0.098986 0.097499 0.095978 0.094421 0.092826 0.091193 0.089520 0.087814 0.086090 0.084347 0.082586 0.080805 0.079003 0.077181 0.075336 0.073469 0.071578 0.069663 0.067722 0.065755 0.063762 0.061740 0.059689 0.057609
0.101766 0.104534 0.105781 0.106644 0.107379 0.108036 0.108618 0.109120 0.109538 0.109866 0.110098 0.110231 0.110258 0.110174 0.109973 0.109647 0.109189 0.108590 0.107841 0.106931 0.105848 0.104587 0.103251 0.101887 0.100493 0.099068 0.097610 0.096120 0.094595 0.093033 0.091434 0.089797 0.088119 0.086418 0.084699 0.082961 0.081205 0.079429 0.077632 0.075814 0.073974 0.072111 0.070224 0.068313 0.066376 0.064413 0.062423 0.060405 0.058358 0.056280
0.106230 0.106017 0.106352 0.106850 0.107379 0.107888 0.108348 0.108746 0.109069 0.109311 0.109464 0.109521 0.109476 0.109322 0.109051 0.108656 0.108128 0.107457 0.106634 0.105647 0.104484 0.103176 0.101831 0.100459 0.099057 0.097624 0.096159 0.094662 0.093129 0.091561 0.089955 0.088310 0.086631 0.084934 0.083219 0.081486 0.079734 0.077962 0.076169 0.074356 0.072520 0.070661 0.068779 0.066872 0.064939 0.062981 0.060995 0.058981 0.056937 0.054864
0.106695 0.105998 0.106280 0.106764 0.107252 0.107693 0.108071 0.108381 0.108616 0.108770 0.108838 0.108812 0.108685 0.108450 0.108100 0.107624 0.107015 0.106263 0.105355 0.104281 0.103033 0.101701 0.100344 0.098959 0.097545 0.096101 0.094626 0.093119 0.091577 0.090000 0.088385 0.086733 0.085056 0.083362 0.081651 0.079922 0.078174 0.076407 0.074619 0.072810 0.070979 0.069125 0.067248 0.065346 0.063418 0.061465 0.059484 0.057474 0.055436 0.053367
0.100737 0.104201 0.105626 0.106402 0.106933 0.107339 0.107656 0.107893 0.108052 0.108127 0.108115 0.108009 0.107801 0.107485 0.107052 0.106493 0.105799 0.104960 0.103963 0.102798 0.101486 0.100138 0.098766 0.097367 0.095940 0.094485 0.092999 0.091481 0.089930 0.088344 0.086720 0.085064 0.083391 0.081702 0.079996 0.078271 0.076529 0.074767 0.072984 0.071181 0.069356 0.067508 0.065637 0.063741 0.061820 0.059873 0.057898 0.055895 0.053863 0.051801
0.106701 0.105756 0.105835 0.106147 0.106485 0.106785 0.107026 0.107195 0.107285 0.107292 0.107208 0.107028 0.106746 0.106353 0.105841 0.105201 0.104424 0.103498 0.102413 0.101158 0.099818 0.098456 0.097070 0.095659 0.094222 0.092756 0.091261 0.089735 0.088176 0.086583 0.084954 0.083302 0.081635 0.079951 0.078251 0.076534 0.074799 0.073044 0.071270 0.069475 0.067658 0.065818 0.063955 0.062068 0.060155 0.058216 0.056249 0.054255 0.052231 0.050176
0.105586 0.105128 0.105147 0.105382 0.105661 0.105911 0.106100 0.106215 0.106249 0.106196 0.106050 0.105805 0.105455 0.104993 0.104408 0.103694 0.102839 0.101832 0.100662 0.099346 0.097996 0.096624 0.095231 0.093813 0.092369 0.090899 0.089400 0.087871 0.086309 0.084714 0.083087 0.081443 0.079785 0.078112 0.076422 0.074716 0.072991 0.071247 0.069484 0.067700 0.065894 0.064066 0.062214 0.060337 0.058436 0.056508 0.054552 0.052568 0.050555 0.048511
0.100704 0.102398 0.103408 0.104018 0.104413 0.104676 0.104838 0.104910 0.104895 0.104789 0.104589 0.104288 0.103880 0.103356 0.102709 0.101928 0.101004 0.099923 0.098678 0.097345 0.095994 0.094623 0.093230 0.091814 0.090373 0.088906 0.087410 0.085885 0.084328 0.082737 0.081122 0.079493 0.077850 0.076192 0.074518 0.072826 0.071117 0.069389 0.067641 0.065872 0.064081 0.062267 0.060430 0.058569 0.056681 0.054767 0.052825 0.050855 0.048855 0.046824
0.099406 0.101410 0.102215 0.102656 0.102940 0.103124 0.103224 0.103244 0.103180 0.103029 0.102784 0.102437 0.101983 0.101411 0.100712 0.099878 0.098895 0.097753 0.096466 0.095145 0.093806 0.092447 0.091067 0.089664 0.088236 0.086783 0.085301 0.083789 0.082245 0.080669 0.079076 0.077469 0.075848 0.074211 0.072558 0.070888 0.069199 0.067491 0.065763 0.064014 0.062242 0.060448 0.058630 0.056786 0.054917 0.053020 0.051095 0.049141 0.047157 0.045142
0.104729 0.101850 0.101120 0.101010 0.101066 0.101139 0.101176 0.101154 0.101059 0.100880 0.100608 0.100235 0.099751 0.099148 0.098415 0.097542 0.096517 0.095330 0.094053 0.092759 0.091448 0.090116 0.088763 0.087387 0.085985 0.084557 0.083100 0.081612 0.080092 0.078543 0.076979 0.075402 0.073809 0.072201 0.070575 0.068932 0.067269 0.065587 0.063884 0.062159 0.060411 0.058640 0.056844 0.055022 0.053174 0.051298 0.049393 0.047459 0.045494 0.043497
0.095762 0.097413 0.097987 0.098261 0.098436 0.098554 0.098613 0.098605 0.098519 0.098346 0.098077 0.097702 0.097213 0.096600 0.095853 0.094960 0.093911 0.092716 0.091486 0.090238 0.088970 0.087682 0.086370 0.085034 0.083671 0.082279 0.080858 0.079404 0.077917 0.076406 0.074880 0.073340 0.071782 0.070208 0.068616 0.067005 0.065373 0.063721 0.062047 0.060351 0.058630 0.056885 0.055115 0.053318 0.051494 0.049641 0.047758 0.045846 0.043901 0.041924
0.091996 0.093666 0.094431 0.094903 0.095236 0.095471 0.095618 0.095677 0.095644 0.095513 0.095277 0.094928 0.094458 0.093857 0.093116 0.092223 0.091169 0.090022 0.088856 0.087670 0.086461 0.085228 0.083970 0.082685 0.081371 0.080026 0.078649 0.077239 0.075793 0.074327 0.072845 0.071346 0.069830 0.068294 0.066739 0.065164 0.063567 0.061948 0.060306 0.058640 0.056950 0.055233 0.053490 0.051720 0.049921 0.048092 0.046234 0.044343 0.042421 0.040465
0.093013 0.090984 0.090999 0.091416 0.091842 0.092189 0.092438 0.092584 0.092626 0.092559 0.092377 0.092074 0.091641 0.091071 0.090353 0.089476 0.088451 0.087384 0.086294 0.085179 0.084038 0.082870 0.081673 0.080446 0.079187 0.077896 0.076569 0.075206 0.073808 0.072390 0.070955 0.069500 0.068025 0.066530 0.065014 0.063476 0.061915 0.060330 0.058721 0.057086 0.055425 0.053738 0.052023 0.050279 0.048505 0.046701 0.044866 0.042998 0.041097 0.039162
0.081599 0.085637 0.087166 0.088004 0.088593 0.089044 0.089381 0.089610 0.089727 0.089729 0.089608 0.089359 0.088974 0.088444 0.087759 0.086909 0.085953 0.084969 0.083957 0.082916 0.081845 0.080743 0.079609 0.078441 0.077238 0.075999 0.074722 0.073407 0.072057 0.070687 0.069296 0.067884 0.066450 0.064994 0.063515 0.062012 0.060485 0.058932 0.057354 0.055749 0.054116 0.052455 0.050766 0.049046 0.047296 0.045515 0.043701 0.041854 0.039973 0.038057
0.085406 0.084432 0.084745 0.085298 0.085851 0.086341 0.086741 0.087039 0.087224 0.087289 0.087228 0.087031 0.086693 0.086203 0.085553 0.084740 0.083863 0.082955 0.082014 0.081040 0.080032 0.078989 0.077911 0.076796 0.075643 0.074451 0.073219 0.071945 0.070638 0.069309 0.067958 0.066583 0.065184 0.063762 0.062314 0.060842 0.059343 0.057818 0.056266 0.054685 0.053077 0.051439 0.049771 0.048072 0.046342 0.044579 0.042784 0.040954 0.039089 0.037189
0.081317 0.081830 0.082412 0.083072 0.083715 0.084288 0.084763 0.085128 0.085372 0.085491 0.085477 0.085323 0.085022 0.084565 0.083944 0.083174 0.082357 0.081506 0.080619 0.079695 0.078735 0.077737 0.076701 0.075625 0.074510 0.073353 0.072154 0.070912 0.069638 0.068339 0.067016 0.065669 0.064296 0.062898 0.061474 0.060024 0.058546 0.057041 0.055508 0.053946 0.052355 0.050733 0.049081 0.047397 0.045681 0.043932 0.042150 0.040332 0.038480 0.036591
0.077221 0.079146 0.080537 0.081599 0.082448 0.083136 0.083684 0.084099 0.084383 0.084534 0.084548 0.084418 0.084138 0.083700 0.083094 0.082352 0.081568 0.080747 0.079889 0.078993 0.078058 0.077084 0.076071 0.075017 0.073921 0.072784 0.071603 0.070377 0.069120 0.067838 0.066530 0.065197 0.063839 0.062454 0.061042 0.059603 0.058137 0.056642 0.055119 0.053567 0.051985 0.050372 0.048728 0.047052 0.045344 0.043602 0.041826 0.040015 0.038168 0.036285
