0.077378 0.077816 0.078290 0.078652 0.078907 0.079080 0.079192 0.079260 0.079294 0.079303 0.079292 0.079264 0.079224 0.079172 0.079111 0.079042 0.078966 0.078884 0.078797 0.078705 0.078608 0.078507 0.078402 0.078294 0.078182 0.078068 0.077951 0.077831 0.077709 0.077585 0.077458 0.077330 0.077200 0.077068 0.076934 0.076799 0.076662 0.076524 0.076385 0.076244 0.076102 0.075959 0.075815 0.075671 0.075525 0.075378 0.075231 0.075082 0.074933 0.074783
0.078499 0.079579 0.079834 0.079904 0.079924 0.079924 0.079909 0.079881 0.079843 0.079796 0.079740 0.079676 0.079605 0.079528 0.079446 0.079358 0.079265 0.079168 0.079068 0.078963 0.078855 0.078743 0.078629 0.078512 0.078392 0.078270 0.078146 0.078019 0.077891 0.077760 0.077628 0.077494 0.077359 0.077222 0.077083 0.076944 0.076803 0.076660 0.076517 0.076373 0.076227 0.076081 0.075934 0.075786 0.075637 0.075487 0.075337 0.075186 0.075034 0.074881
0.085214 0.083005 0.082178 0.081747 0.081463 0.081248 0.081073 0.080922 0.080786 0.080659 0.080538 0.080420 0.080302 0.080185 0.080066 0.079947 0.079826 0.079703 0.079578 0.079452 0.079324 0.079194 0.079062 0.078929 0.078794 0.078657 0.078519 0.078380 0.078240 0.078098 0.077955 0.077810 0.077665 0.077519 0.077372 0.077223 0.077074 0.076924 0.076773 0.076622 0.076470 0.076317 0.076163 0.076009 0.075854 0.075698 0.075543 0.075386 0.075229 0.075072
0.083214 0.083911 0.083651 0.083263 0.082907 0.082603 0.082343 0.082115 0.081910 0.081721 0.081543 0.081373 0.081210 0.081050 0.080892 0.080737 0.080582 0.080429 0.080275 0.080122 0.079968 0.079815 0.079661 0.079506 0.079352 0.079197 0.079041 0.078885 0.078728 0.078571 0.078413 0.078255 0.078097 0.077938 0.077778 0.077618 0.077458 0.077297 0.077136 0.076975 0.076813 0.076651 0.076489 0.076326 0.076163 0.075999 0.075836 0.075672 0.075508 0.075344
0.086485 0.085229 0.084703 0.084349 0.084049 0.083777 0.083523 0.083284 0.083056 0.082837 0.082626 0.082421 0.082222 0.082027 0.081835 0.081646 0.081460 0.081275 0.081093 0.080912 0.080732 0.080553 0.080375 0.080198 0.080021 0.079845 0.079670 0.079495 0.079320 0.079145 0.078971 0.078797 0.078623 0.078450 0.078276 0.078103 0.077929 0.077756 0.077583 0.077410 0.077237 0.077064 0.076891 0.076718 0.076545 0.076372 0.076199 0.076027 0.075854 0.075681
0.084987 0.085300 0.085275 0.085163 0.085006 0.084818 0.084610 0.084390 0.084164 0.083935 0.083707 0.083480 0.083255 0.083033 0.082814 0.082598 0.082384 0.082173 0.081964 0.081758 0.081553 0.081351 0.081150 0.080951 0.080753 0.080556 0.080361 0.080167 0.079974 0.079782 0.079591 0.079400 0.079211 0.079022 0.078833 0.078646 0.078458 0.078272 0.078086 0.077900 0.077715 0.077530 0.077346 0.077162 0.076979 0.076795 0.076612 0.076430 0.076248 0.076066
0.085911 0.086039 0.086172 0.086163 0.086055 0.085888 0.085685 0.085462 0.085227 0.084985 0.084741 0.084495 0.084251 0.084008 0.083767 0.083529 0.083293 0.083060 0.082830 0.082602 0.082377 0.082154 0.081933 0.081715 0.081498 0.081283 0.081070 0.080859 0.080649 0.080440 0.080233 0.080027 0.079823 0.079619 0.079417 0.079215 0.079014 0.078815 0.078616 0.078418 0.078221 0.078025 0.077829 0.077634 0.077440 0.077246 0.077053 0.076860 0.076668 0.076477
0.087041 0.087808 0.087744 0.087528 0.087279 0.087020 0.086756 0.086490 0.086222 0.085955 0.085688 0.085424 0.085161 0.084901 0.084643 0.084389 0.084137 0.083887 0.083641 0.083397 0.083156 0.082917 0.082681 0.082447 0.082215 0.081985 0.081757 0.081531 0.081307 0.081084 0.080863 0.080644 0.080426 0.080209 0.079994 0.079780 0.079567 0.079356 0.079145 0.078936 0.078728 0.078520 0.078314 0.078109 0.077904 0.077700 0.077497 0.077295 0.077094 0.076893
0.093285 0.090438 0.089409 0.088836 0.088406 0.088037 0.087702 0.087386 0.087084 0.086791 0.086505 0.086224 0.085948 0.085676 0.085407 0.085141 0.084878 0.084619 0.084361 0.084107 0.083855 0.083605 0.083357 0.083112 0.082869 0.082628 0.082389 0.082151 0.081916 0.081682 0.081450 0.081220 0.080991 0.080764 0.080538 0.080313 0.080090 0.079868 0.079648 0.079429 0.079210 0.078993 0.078778 0.078563 0.078349 0.078136 0.077924 0.077714 0.077504 0.077295
0.087786 0.089854 0.089861 0.089498 0.089101 0.088727 0.088380 0.088053 0.087742 0.087442 0.087150 0.086864 0.086583 0.086306 0.086033 0.085763 0.085495 0.085230 0.084968 0.084707 0.084449 0.084193 0.083938 0.083686 0.083435 0.083187 0.082940 0.082695 0.082451 0.082209 0.081969 0.081731 0.081494 0.081258 0.081024 0.080791 0.080560 0.080330 0.080101 0.079873 0.079647 0.079422 0.079198 0.078976 0.078754 0.078534 0.078314 0.078096 0.077878 0.077662
0.094300 0.091068 0.090148 0.089711 0.089376 0.089066 0.088765 0.088470 0.088180 0.087895 0.087613 0.087335 0.087059 0.086786 0.086515 0.086246 0.085978 0.085713 0.085449 0.085187 0.084926 0.084667 0.084409 0.084153 0.083899 0.083646 0.083394 0.083144 0.082895 0.082648 0.082403 0.082158 0.081916 0.081674 0.081434 0.081195 0.080958 0.080722 0.080487 0.080253 0.080020 0.079789 0.079559 0.079330 0.079102 0.078875 0.078650 0.078425 0.078201 0.077979
0.086442 0.089102 0.089597 0.089575 0.089409 0.089192 0.088953 0.088702 0.088444 0.088182 0.087919 0.087654 0.087388 0.087123 0.086857 0.086593 0.086329 0.086066 0.085803 0.085542 0.085281 0.085022 0.084764 0.084506 0.084250 0.083995 0.083742 0.083489 0.083238 0.082988 0.082739 0.082491 0.082245 0.082000 0.081756 0.081513 0.081271 0.081031 0.080791 0.080553 0.080316 0.080080 0.079846 0.079612 0.079379 0.079148 0.078917 0.078688 0.078459 0.078232
0.091995 0.090331 0.089899 0.089685 0.089494 0.089291 0.089073 0.088843 0.088604 0.088357 0.088106 0.087851 0.087594 0.087335 0.087076 0.086816 0.086555 0.086295 0.086035 0.085776 0.085517 0.085258 0.085001 0.084744 0.084488 0.084233 0.083979 0.083725 0.083473 0.083222 0.082971 0.082722 0.082474 0.082227 0.081980 0.081735 0.081491 0.081248 0.081006 0.080765 0.080525 0.080286 0.080048 0.079811 0.079575 0.079340 0.079106 0.078873 0.078641 0.078410
0.090107 0.090316 0.090104 0.089868 0.089640 0.089413 0.089181 0.088943 0.088701 0.088454 0.088204 0.087951 0.087696 0.087440 0.087183 0.086925 0.086668 0.086410 0.086152 0.085894 0.085637 0.085380 0.085123 0.084868 0.084612 0.084358 0.084104 0.083851 0.083599 0.083348 0.083097 0.082847 0.082599 0.082350 0.082103 0.081857 0.081612 0.081367 0.081124 0.080881 0.080639 0.080398 0.080159 0.079920 0.079681 0.079444 0.079208 0.078973 0.078738 0.078505
0.090947 0.090491 0.090265 0.090027 0.089772 0.089511 0.089250 0.088991 0.088732 0.088474 0.088217 0.087959 0.087701 0.087444 0.087186 0.086929 0.086671 0.086414 0.086158 0.085901 0.085645 0.085390 0.085135 0.084880 0.084626 0.084373 0.084120 0.083868 0.083617 0.083366 0.083116 0.082866 0.082618 0.082370 0.082123 0.081876 0.081631 0.081386 0.081142 0.080898 0.080656 0.080414 0.080173 0.079933 0.079694 0.079456 0.079218 0.078981 0.078745 0.078510
0.090169 0.090599 0.090416 0.090116 0.089806 0.089507 0.089218 0.088938 0.088665 0.088395 0.088129 0.087866 0.087604 0.087344 0.087084 0.086826 0.086568 0.086312 0.086056 0.085800 0.085545 0.085291 0.085037 0.084784 0.084532 0.084280 0.084028 0.083777 0.083527 0.083277 0.083028 0.082780 0.082532 0.082285 0.082038 0.081792 0.081547 0.081302 0.081058 0.080815 0.080572 0.080331 0.080090 0.079849 0.079610 0.079371 0.079132 0.078895 0.078658 0.078422
0.092833 0.091184 0.090432 0.089978 0.089628 0.089318 0.089026 0.088742 0.088465 0.088193 0.087924 0.087658 0.087395 0.087133 0.086873 0.086615 0.086358 0.086102 0.085847 0.085593 0.085339 0.085087 0.084834 0.084583 0.084332 0.084081 0.083831 0.083582 0.083333 0.083084 0.082836 0.082589 0.082342 0.082096 0.081850 0.081605 0.081360 0.081116 0.080873 0.080630 0.080388 0.080147 0.079906 0.079666 0.079426 0.079187 0.078949 0.078712 0.078475 0.078239
0.089791 0.089754 0.089632 0.089433 0.089191 0.088931 0.088663 0.088393 0.088124 0.087857 0.087592 0.087329 0.087068 0.086809 0.086552 0.086296 0.086041 0.085787 0.085534 0.085281 0.085030 0.084779 0.084528 0.084278 0.084028 0.083779 0.083531 0.083283 0.083035 0.082788 0.082541 0.082295 0.082049 0.081804 0.081559 0.081315 0.081072 0.080828 0.080586 0.080344 0.080103 0.079862 0.079622 0.079382 0.079143 0.078905 0.078667 0.078430 0.078193 0.077958
0.087204 0.088691 0.088961 0.088871 0.088667 0.088426 0.088171 0.087913 0.087655 0.087397 0.087140 0.086885 0.086630 0.086376 0.086124 0.085871 0.085620 0.085369 0.085118 0.084868 0.084619 0.084369 0.084121 0.083872 0.083624 0.083376 0.083129 0.082882 0.082636 0.082390 0.082144 0.081899 0.081655 0.081411 0.081167 0.080924 0.080681 0.080439 0.080197 0.079956 0.079716 0.079476 0.079236 0.078998 0.078760 0.078522 0.078285 0.078049 0.077813 0.077578
0.091995 0.089732 0.088881 0.088433 0.088113 0.087838 0.087579 0.087328 0.087080 0.086832 0.086585 0.086338 0.086091 0.085844 0.085596 0.085348 0.085100 0.084852 0.084604 0.084356 0.084109 0.083861 0.083614 0.083367 0.083120 0.082873 0.082627 0.082381 0.082136 0.081891 0.081646 0.081402 0.081159 0.080915 0.080673 0.080431 0.080189 0.079948 0.079707 0.079467 0.079228 0.078989 0.078750 0.078513 0.078275 0.078039 0.077803 0.077567 0.077333 0.077098
0.088015 0.088181 0.087925 0.087639 0.087375 0.087129 0.086891 0.086657 0.086422 0.086185 0.085947 0.085707 0.085465 0.085222 0.084978 0.084733 0.084487 0.084241 0.083994 0.083748 0.083501 0.083254 0.083008 0.082761 0.082515 0.082269 0.082024 0.081779 0.081534 0.081290 0.081046 0.080803 0.080560 0.080318 0.080076 0.079835 0.079595 0.079355 0.079115 0.078876 0.078638 0.078400 0.078163 0.077926 0.077690 0.077455 0.077220 0.076986 0.076752 0.076519
0.086443 0.086734 0.086780 0.086694 0.086541 0.086355 0.086150 0.085933 0.085707 0.085476 0.085241 0.085002 0.084761 0.084518 0.084274 0.084028 0.083782 0.083535 0.083289 0.083042 0.082795 0.082548 0.082301 0.082055 0.081809 0.081564 0.081319 0.081074 0.080830 0.080586 0.080343 0.080101 0.079859 0.079618 0.079377 0.079137 0.078897 0.078658 0.078420 0.078182 0.077945 0.077709 0.077473 0.077238 0.077003 0.076769 0.076536 0.076303 0.076071 0.075839
0.086509 0.086182 0.086076 0.085961 0.085807 0.085619 0.085408 0.085184 0.084951 0.084711 0.084468 0.084223 0.083976 0.083727 0.083478 0.083229 0.082980 0.082731 0.082482 0.082233 0.081985 0.081737 0.081490 0.081244 0.080998 0.080752 0.080507 0.080263 0.080020 0.079777 0.079535 0.079293 0.079052 0.078812 0.078573 0.078334 0.078096 0.077858 0.077621 0.077385 0.077149 0.076915 0.076680 0.076447 0.076214 0.075982 0.075750 0.075519 0.075289 0.075059
0.085519 0.085801 0.085656 0.085421 0.085166 0.084907 0.084647 0.084387 0.084126 0.083866 0.083606 0.083348 0.083090 0.082833 0.082577 0.082323 0.082069 0.081817 0.081565 0.081315 0.081065 0.080817 0.080569 0.080322 0.080076 0.079831 0.079587 0.079344 0.079101 0.078859 0.078618 0.078378 0.078139 0.077900 0.077662 0.077425 0.077188 0.076953 0.076717 0.076483 0.076250 0.076017 0.075784 0.075553 0.075322 0.075092 0.074862 0.074634 0.074405 0.074178
0.086982 0.085857 0.085231 0.084781 0.084407 0.084071 0.083758 0.083459 0.083170 0.082889 0.082613 0.082342 0.082075 0.081812 0.081551 0.081292 0.081035 0.080781 0.080528 0.080277 0.080027 0.079778 0.079531 0.079285 0.079040 0.078796 0.078553 0.078311 0.078071 0.077831 0.077591 0.077353 0.077116 0.076879 0.076644 0.076409 0.076174 0.075941 0.075708 0.075476 0.075245 0.075015 0.074785 0.074556 0.074328 0.074100 0.073873 0.073647 0.073421 0.073196
0.084981 0.084486 0.084057 0.083660 0.083291 0.082947 0.082623 0.082314 0.082017 0.081729 0.081450 0.081176 0.080907 0.080642 0.080380 0.080122 0.079866 0.079613 0.079361 0.079111 0.078863 0.078617 0.078372 0.078128 0.077886 0.077645 0.077404 0.077165 0.076927 0.076690 0.076453 0.076218 0.075984 0.075750 0.075517 0.075285 0.075054 0.074823 0.074593 0.074364 0.074136 0.073909 0.073682 0.073456 0.073231 0.073006 0.072782 0.072559 0.072337 0.072115
0.082064 0.082516 0.082373 0.082100 0.081801 0.081502 0.081209 0.080923 0.080643 0.080368 0.080099 0.079834 0.079573 0.079315 0.079060 0.078807 0.078557 0.078309 0.078062 0.077817 0.077574 0.077332 0.077091 0.076852 0.076613 0.076376 0.076140 0.075905 0.075670 0.075437 0.075204 0.074973 0.074742 0.074512 0.074283 0.074054 0.073827 0.073600 0.073374 0.073149 0.072924 0.072700 0.072477 0.072254 0.072033 0.071812 0.071591 0.071372 0.071153 0.070934
0.082538 0.081073 0.080595 0.080314 0.080066 0.079821 0.079574 0.079325 0.079076 0.078826 0.078578 0.078331 0.078085 0.077840 0.077597 0.077354 0.077114 0.076874 0.076635 0.076398 0.076161 0.075926 0.075691 0.075458 0.075225 0.074993 0.074762 0.074532 0.074303 0.074074 0.073847 0.073620 0.073393 0.073168 0.072943 0.072719 0.072496 0.072273 0.072051 0.071830 0.071610 0.071390 0.071171 0.070953 0.070735 0.070518 0.070302 0.070086 0.069871 0.069657
0.076884 0.078334 0.078497 0.078389 0.078216 0.078019 0.077812 0.077596 0.077376 0.077152 0.076926 0.076698 0.076469 0.076239 0.076010 0.075780 0.075550 0.075321 0.075092 0.074863 0.074635 0.074407 0.074180 0.073953 0.073727 0.073502 0.073277 0.073053 0.072829 0.072606 0.072384 0.072162 0.071941 0.071720 0.071501 0.071282 0.071063 0.070846 0.070628 0.070412 0.070196 0.069981 0.069767 0.069553 0.069340 0.069128 0.068916 0.068705 0.068495 0.068285
0.079209 0.077279 0.076789 0.076565 0.076380 0.076194 0.076002 0.075804 0.075601 0.075394 0.075184 0.074971 0.074756 0.074540 0.074322 0.074104 0.073885 0.073665 0.073445 0.073225 0.073005 0.072785 0.072565 0.072346 0.072126 0.071908 0.071689 0.071471 0.071254 0.071037 0.070820 0.070604 0.070389 0.070174 0.069960 0.069746 0.069533 0.069321 0.069109 0.068898 0.068687 0.068477 0.068268 0.068059 0.067851 0.067644 0.067437 0.067231 0.067026 0.066821
0.072771 0.074622 0.074849 0.074739 0.074561 0.074370 0.074176 0.073981 0.073783 0.073583 0.073381 0.073177 0.072971 0.072763 0.072554 0.072343 0.072132 0.071920 0.071708 0.071495 0.071282 0.071069 0.070856 0.070643 0.070431 0.070218 0.070006 0.069794 0.069583 0.069372 0.069161 0.068951 0.068742 0.068533 0.068324 0.068116 0.067909 0.067702 0.067496 0.067290 0.067085 0.066881 0.066677 0.066474 0.066272 0.066070 0.065869 0.065668 0.065468 0.065269
0.076243 0.074004 0.073306 0.072973 0.072735 0.072526 0.072325 0.072127 0.071929 0.071729 0.071528 0.071326 0.071123 0.070919 0.070714 0.070508 0.070302 0.070095 0.069888 0.069681 0.069474 0.069266 0.069059 0.068852 0.068645 0.068439 0.068233 0.068027 0.067821 0.067616 0.067412 0.067208 0.067004 0.066801 0.066599 0.066397 0.066196 0.065995 0.065795 0.065595 0.065396 0.065198 0.065000 0.064803 0.064606 0.064410 0.064215 0.064020 0.063826 0.063633
0.070171 0.071094 0.071137 0.070999 0.070819 0.070626 0.070428 0.070228 0.070026 0.069822 0.069619 0.069415 0.069211 0.069007 0.068803 0.068599 0.068396 0.068192 0.067989 0.067786 0.067583 0.067380 0.067178 0.066976 0.066775 0.066574 0.066374 0.066174 0.065974 0.065775 0.065577 0.065379 0.065181 0.064984 0.064788 0.064592 0.064397 0.064203 0.064009 0.063816 0.063623 0.063431 0.063240 0.063049 0.062859 0.062669 0.062481 0.062292 0.062105 0.061918
0.069525 0.069269 0.069180 0.069047 0.068873 0.068677 0.068472 0.068263 0.068054 0.067844 0.067636 0.067428 0.067222 0.067018 0.066814 0.066611 0.066409 0.066208 0.066008 0.065809 0.065610 0.065412 0.065215 0.065018 0.064822 0.064627 0.064432 0.064238 0.064044 0.063852 0.063659 0.063468 0.063277 0.063086 0.062897 0.062708 0.062519 0.062331 0.062144 0.061958 0.061772 0.061587 0.061402 0.061219 0.061035 0.060853 0.060671 0.060490 0.060309 0.060129
0.067807 0.067647 0.067387 0.067132 0.066889 0.066654 0.066425 0.066202 0.065983 0.065768 0.065557 0.065348 0.065142 0.064938 0.064736 0.064535 0.064337 0.064139 0.063943 0.063748 0.063554 0.063361 0.063170 0.062978 0.062788 0.062599 0.062410 0.062223 0.062036 0.061849 0.061664 0.061479 0.061295 0.061112 0.060929 0.060747 0.060566 0.060386 0.060206 0.060027 0.059848 0.059671 0.059494 0.059317 0.059141 0.058966 0.058792 0.058618 0.058445 0.058273
0.066538 0.065827 0.065364 0.065016 0.064727 0.064470 0.064231 0.064004 0.063785 0.063572 0.063364 0.063159 0.062958 0.062759 0.062562 0.062367 0.062174 0.061982 0.061792 0.061603 0.061415 0.061229 0.061044 0.060859 0.060676 0.060494 0.060312 0.060132 0.059952 0.059773 0.059595 0.059418 0.059242 0.059066 0.058892 0.058718 0.058544 0.058372 0.058200 0.058029 0.057859 0.057689 0.057520 0.057352 0.057184 0.057017 0.056851 0.056685 0.056520 0.056356
0.063405 0.063040 0.062774 0.062530 0.062297 0.062074 0.061860 0.061652 0.061449 0.061250 0.061054 0.060860 0.060669 0.060480 0.060292 0.060106 0.059921 0.059738 0.059556 0.059376 0.059196 0.059018 0.058841 0.058665 0.058490 0.058316 0.058143 0.057970 0.057799 0.057629 0.057460 0.057291 0.057124 0.056957 0.056791 0.056625 0.056461 0.056297 0.056134 0.055972 0.055810 0.055649 0.055489 0.055330 0.055171 0.055013 0.054856 0.054699 0.054543 0.054387
0.059434 0.059928 0.059951 0.059841 0.059690 0.059523 0.059350 0.059174 0.058996 0.058819 0.058641 0.058463 0.058286 0.058110 0.057934 0.057760 0.057587 0.057414 0.057243 0.057072 0.056903 0.056735 0.056568 0.056401 0.056236 0.056072 0.055909 0.055746 0.055585 0.055425 0.055265 0.055106 0.054948 0.054791 0.054635 0.054479 0.054325 0.054171 0.054017 0.053865 0.053713 0.053562 0.053411 0.053261 0.053112 0.052964 0.052816 0.052668 0.052522 0.052375
0.058322 0.057581 0.057327 0.057182 0.057053 0.056918 0.056775 0.056626 0.056471 0.056313 0.056152 0.055991 0.055829 0.055667 0.055505 0.055343 0.055182 0.055022 0.054863 0.054704 0.054547 0.054390 0.054235 0.054080 0.053926 0.053773 0.053621 0.053470 0.053320 0.053171 0.053022 0.052874 0.052727 0.052581 0.052435 0.052291 0.052147 0.052003 0.051861 0.051719 0.051577 0.051436 0.051296 0.051157 0.051018 0.050880 0.050742 0.050605 0.050468 0.050332
0.054370 0.054636 0.054636 0.054557 0.054448 0.054324 0.054191 0.054052 0.053908 0.053762 0.053615 0.053466 0.053317 0.053169 0.053020 0.052872 0.052725 0.052578 0.052432 0.052287 0.052142 0.051999 0.051856 0.051714 0.051573 0.051433 0.051294 0.051155 0.051017 0.050880 0.050744 0.050608 0.050473 0.050338 0.050205 0.050072 0.049939 0.049808 0.049676 0.049546 0.049416 0.049286 0.049157 0.049029 0.048901 0.048773 0.048646 0.048520 0.048394 0.048268
0.052126 0.052224 0.052151 0.052028 0.051889 0.051747 0.051605 0.051463 0.051322 0.051182 0.051044 0.050906 0.050769 0.050633 0.050498 0.050364 0.050231 0.050099 0.049967 0.049837 0.049707 0.049578 0.049449 0.049321 0.049194 0.049068 0.048942 0.048817 0.048693 0.048569 0.048446 0.048323 0.048201 0.048079 0.047958 0.047838 0.047718 0.047598 0.047479 0.047361 0.047242 0.047125 0.047007 0.046891 0.046774 0.046658 0.046543 0.046427 0.046312 0.046198
0.050893 0.050082 0.049722 0.049490 0.049304 0.049139 0.048987 0.048844 0.048708 0.048576 0.048448 0.048323 0.048200 0.048078 0.047958 0.047840 0.047722 0.047606 0.047490 0.047375 0.047260 0.047147 0.047033 0.046921 0.046809 0.046697 0.046586 0.046476 0.046365 0.046256 0.046146 0.046037 0.045929 0.045821 0.045713 0.045605 0.045498 0.045392 0.045285 0.045179 0.045073 0.044968 0.044863 0.044758 0.044653 0.044549 0.044445 0.044341 0.044238 0.044135
0.046737 0.047037 0.046928 0.046758 0.046594 0.046445 0.046310 0.046184 0.046064 0.045950 0.045840 0.045732 0.045627 0.045524 0.045421 0.045320 0.045220 0.045121 0.045022 0.044924 0.044826 0.044728 0.044631 0.044535 0.044438 0.044342 0.044246 0.044151 0.044055 0.043960 0.043865 0.043770 0.043675 0.043581 0.043487 0.043393 0.043299 0.043205 0.043112 0.043018 0.042925 0.042832 0.042739 0.042646 0.042554 0.042461 0.042369 0.042277 0.042185 0.042093
0.044889 0.044250 0.044022 0.043891 0.043786 0.043689 0.043596 0.043506 0.043418 0.043332 0.043247 0.043163 0.043079 0.042997 0.042915 0.042833 0.042752 0.042671 0.042590 0.042509 0.042429 0.042348 0.042267 0.042187 0.042106 0.042025 0.041945 0.041864 0.041783 0.041703 0.041622 0.041541 0.041460 0.041380 0.041299 0.041218 0.041137 0.041057 0.040976 0.040895 0.040814 0.040733 0.040653 0.040572 0.040491 0.040411 0.040330 0.040249 0.040169 0.040088
0.040544 0.040901 0.040998 0.041016 0.041001 0.040969 0.040926 0.040877 0.040825 0.040769 0.040712 0.040653 0.040594 0.040533 0.040472 0.040410 0.040348 0.040286 0.040222 0.040159 0.040095 0.040031 0.039966 0.039901 0.039836 0.039770 0.039704 0.039638 0.039572 0.039505 0.039438 0.039371 0.039304 0.039236 0.039168 0.039100 0.039032 0.038964 0.038895 0.038827 0.038758 0.038689 0.038620 0.038551 0.038482 0.038412 0.038343 0.038273 0.038204 0.038134
0.038051 0.038231 0.038338 0.038389 0.038407 0.038406 0.038394 0.038374 0.038349 0.038318 0.038285 0.038248 0.038210 0.038169 0.038127 0.038084 0.038039 0.037993 0.037947 0.037899 0.037851 0.037802 0.037752 0.037701 0.037650 0.037599 0.037547 0.037494 0.037441 0.037387 0.037333 0.037279 0.037224 0.037169 0.037113 0.037057 0.037001 0.036944 0.036887 0.036830 0.036773 0.036715 0.036657 0.036599 0.036540 0.036482 0.036423 0.036364 0.036304 0.036245
0.036269 0.036157 0.036097 0.036074 0.036066 0.036062 0.036057 0.036049 0.036038 0.036023 0.036006 0.035985 0.035962 0.035937 0.035911 0.035882 0.035852 0.035820 0.035788 0.035754 0.035719 0.035683 0.035646 0.035608 0.035570 0.035531 0.035491 0.035450 0.035409 0.035367 0.035325 0.035282 0.035238 0.035194 0.035149 0.035104 0.035059 0.035013 0.034967 0.034920 0.034873 0.034825 0.034777 0.034729 0.034681 0.034632 0.034583 0.034533 0.034484 0.034434
0.034411 0.034086 0.033983 0.033947 0.033934 0.033928 0.033924 0.033920 0.033915 0.033908 0.033899 0.033888 0.033876 0.033861 0.033845 0.033827 0.033808 0.033787 0.033765 0.033742 0.033718 0.033693 0.033667 0.033640 0.033612 0.033583 0.033553 0.033523 0.033492 0.033460 0.033427 0.033394 0.033360 0.033326 0.033291 0.033256 0.033220 0.033183 0.033146 0.033109 0.033071 0.033033 0.032994 0.032955 0.032915 0.032875 0.032835 0.032794 0.032753 0.032712
0.031368 0.031801 0.031932 0.031972 0.031984 0.031987 0.031987 0.031985 0.031982 0.031978 0.031973 0.031967 0.031960 0.031952 0.031942 0.031931 0.031920 0.031907 0.031893 0.031878 0.031862 0.031844 0.031826 0.031808 0.031788 0.031767 0.031746 0.031724 0.031701 0.031677 0.031653 0.031628 0.031603 0.031576 0.031550 0.031522 0.031494 0.031466 0.031437 0.031408 0.031378 0.031347 0.031316 0.031285 0.031253 0.031221 0.031188 0.031155 0.031122 0.031088
0.030351 0.030255 0.030239 0.030239 0.030240 0.030239 0.030237 0.030235 0.030232 0.030229 0.030225 0.030221 0.030217 0.030212 0.030206 0.030200 0.030193 0.030185 0.030176 0.030166 0.030156 0.030145 0.030132 0.030120 0.030106 0.030092 0.030077 0.030061 0.030045 0.030028 0.030010 0.029991 0.029972 0.029953 0.029933 0.029912 0.029891 0.029869 0.029847 0.029824 0.029801 0.029777 0.029753 0.029728 0.029703 0.029677 0.029651 0.029625 0.029598 0.029571
0.029049 0.028796 0.028715 0.028686 0.028673 0.028666 0.028661 0.028656 0.028653 0.028650 0.028647 0.028644 0.028641 0.028638 0.028634 0.028630 0.028626 0.028621 0.028616 0.028610 0.028603 0.028595 0.028588 0.028579 0.028570 0.028560 0.028549 0.028538 0.028527 0.028515 0.028502 0.028489 0.028475 0.028460 0.028445 0.028430 0.028414 0.028398 0.028381 0.028363 0.028345 0.028327 0.028308 0.028289 0.028269 0.028249 0.028229 0.028208 0.028187 0.028165
0.026860 0.027173 0.027245 0.027255 0.027250 0.027244 0.027238 0.027235 0.027232 0.027230 0.027228 0.027226 0.027224 0.027223 0.027221 0.027218 0.027215 0.027212 0.027209 0.027205 0.027200 0.027196 0.027190 0.027184 0.027178 0.027171 0.027164 0.027156 0.027148 0.027140 0.027130 0.027121 0.027111 0.027100 0.027089 0.027078 0.027066 0.027054 0.027041 0.027028 0.027015 0.027001 0.026986 0.026971 0.026956 0.026941 0.026925 0.026908 0.026892 0.026875
0.026243 0.026052 0.025995 0.025974 0.025965 0.025961 0.025959 0.025959 0.025959 0.025960 0.025960 0.025960 0.025959 0.025958 0.025957 0.025956 0.025954 0.025952 0.025949 0.025947 0.025943 0.025940 0.025936 0.025932 0.025928 0.025923 0.025918 0.025913 0.025907 0.025901 0.025894 0.025887 0.025880 0.025873 0.025865 0.025856 0.025847 0.025838 0.025829 0.025819 0.025809 0.025798 0.025787 0.025776 0.025765 0.025753 0.025740 0.025727 0.025714 0.025701
0.024918 0.024839 0.024809 0.024803 0.024808 0.024815 0.024822 0.024828 0.024832 0.024835 0.024836 0.024837 0.024837 0.024837 0.024836 0.024835 0.024833 0.024831 0.024829 0.024827 0.024825 0.024822 0.024820 0.024817 0.024814 0.024810 0.024807 0.024803 0.024799 0.024794 0.024790 0.024785 0.024780 0.024774 0.024768 0.024762 0.024756 0.024749 0.024742 0.024735 0.024727 0.024719 0.024711 0.024703 0.024694 0.024684 0.024675 0.024665 0.024655 0.024644
0.023455 0.023634 0.023718 0.023768 0.023800 0.023820 0.023833 0.023841 0.023846 0.023849 0.023850 0.023850 0.023849 0.023848 0.023847 0.023846 0.023844 0.023842 0.023841 0.023839 0.023837 0.023835 0.023833 0.023831 0.023829 0.023827 0.023824 0.023822 0.023819 0.023816 0.023813 0.023809 0.023805 0.023801 0.023797 0.023793 0.023788 0.023783 0.023778 0.023773 0.023767 0.023761 0.023755 0.023748 0.023742 0.023735 0.023727 0.023720 0.023712 0.023703
0.022797 0.022829 0.022902 0.022950 0.022976 0.022988 0.022993 0.022993 0.022992 0.022990 0.022988 0.022986 0.022984 0.022982 0.022980 0.022979 0.022977 0.022976 0.022975 0.022974 0.022972 0.022971 0.022970 0.022969 0.022967 0.022966 0.022965 0.022963 0.022961 0.022959 0.022957 0.022955 0.022952 0.022950 0.022947 0.022944 0.022940 0.022937 0.022933 0.022929 0.022925 0.022920 0.022916 0.022911 0.022905 0.022900 0.022894 0.022888 0.022882 0.022876
0.022087 0.022324 0.022350 0.022331 0.022308 0.022287 0.022271 0.022258 0.022249 0.022242 0.022236 0.022232 0.022230 0.022228 0.022226 0.022225 0.022224 0.022224 0.022224 0.022223 0.022223 0.022223 0.022223 0.022222 0.022222 0.022222 0.022221 0.022220 0.022220 0.022219 0.022218 0.022216 0.022215 0.022213 0.022211 0.022209 0.022207 0.022204 0.022202 0.022199 0.022196 0.022192 0.022189 0.022185 0.022181 0.022177 0.022172 0.022168 0.022163 0.022158
0.022689 0.022118 0.021879 0.021756 0.021686 0.021643 0.021617 0.021600 0.021589 0.021583 0.021579 0.021577 0.021576 0.021576 0.021576 0.021577 0.021578 0.021579 0.021581 0.021582 0.021583 0.021584 0.021585 0.021586 0.021587 0.021588 0.021588 0.021589 0.021589 0.021589 0.021588 0.021588 0.021587 0.021587 0.021586 0.021584 0.021583 0.021581 0.021579 0.021577 0.021575 0.021573 0.021570 0.021567 0.021564 0.021561 0.021557 0.021554 0.021550 0.021545
0.021134 0.021155 0.021096 0.021051 0.021026 0.021012 0.021006 0.021005 0.021005 0.021008 0.021011 0.021015 0.021019 0.021023 0.021027 0.021031 0.021035 0.021038 0.021042 0.021045 0.021048 0.021050 0.021053 0.021055 0.021057 0.021059 0.021060 0.021062 0.021063 0.021064 0.021064 0.021065 0.021065 0.021065 0.021064 0.021064 0.021063 0.021062 0.021061 0.021060 0.021058 0.021056 0.021054 0.021052 0.021050 0.021047 0.021044 0.021041 0.021038 0.021035
0.020087 0.020146 0.020261 0.020347 0.020405 0.020445 0.020474 0.020495 0.020513 0.020527 0.020540 0.020551 0.020561 0.020570 0.020577 0.020585 0.020591 0.020597 0.020603 0.020608 0.020612 0.020617 0.020620 0.020624 0.020627 0.020630 0.020632 0.020634 0.020636 0.020638 0.020639 0.020640 0.020641 0.020641 0.020642 0.020642 0.020642 0.020641 0.020641 0.020640 0.020639 0.020638 0.020636 0.020635 0.020633 0.020631 0.020629 0.020626 0.020624 0.020621
0.018938 0.019504 0.019756 0.019893 0.019978 0.020036 0.020079 0.020112 0.020138 0.020159 0.020177 0.020192 0.020206 0.020218 0.020228 0.020238 0.020246 0.020254 0.020261 0.020267 0.020273 0.020278 0.020283 0.020287 0.020291 0.020295 0.020298 0.020301 0.020303 0.020305 0.020307 0.020309 0.020310 0.020311 0.020312 0.020313 0.020313 0.020313 0.020313 0.020313 0.020313 0.020312 0.020311 0.020310 0.020308 0.020307 0.020305 0.020303 0.020301 0.020299
0.020015 0.019800 0.019756 0.019764 0.019788 0.019816 0.019843 0.019867 0.019889 0.019908 0.019925 0.019940 0.019954 0.019966 0.019977 0.019987 0.019996 0.020004 0.020011 0.020018 0.020024 0.020030 0.020035 0.020040 0.020044 0.020048 0.020052 0.020055 0.020058 0.020061 0.020063 0.020065 0.020067 0.020069 0.020070 0.020071 0.020072 0.020073 0.020073 0.020073 0.020073 0.020073 0.020072 0.020072 0.020071 0.020070 0.020068 0.020067 0.020065 0.020063
0.020185 0.019906 0.019787 0.019737 0.019720 0.019719 0.019726 0.019737 0.019749 0.019761 0.019773 0.019784 0.019795 0.019805 0.019814 0.019823 0.019831 0.019839 0.019846 0.019852 0.019858 0.019864 0.019869 0.019874 0.019879 0.019883 0.019887 0.019891 0.019894 0.019897 0.019900 0.019903 0.019905 0.019907 0.019909 0.019911 0.019912 0.019913 0.019914 0.019915 0.019915 0.019915 0.019915 0.019915 0.019915 0.019914 0.019913 0.019912 0.019911 0.019909
0.019370 0.019616 0.019672 0.019679 0.019677 0.019676 0.019678 0.019681 0.019687 0.019693 0.019700 0.019707 0.019714 0.019721 0.019728 0.019735 0.019742 0.019749 0.019755 0.019761 0.019767 0.019772 0.019778 0.019783 0.019788 0.019792 0.019797 0.019801 0.019805 0.019808 0.019812 0.019815 0.019818 0.019821 0.019823 0.019825 0.019827 0.019829 0.019831 0.019832 0.019833 0.019834 0.019834 0.019835 0.019835 0.019835 0.019834 0.019834 0.019833 0.019832
0.019669 0.019622 0.019633 0.019649 0.019660 0.019666 0.019670 0.019673 0.019676 0.019680 0.019684 0.019688 0.019693 0.019699 0.019704 0.019710 0.019716 0.019722 0.019728 0.019734 0.019740 0.019746 0.019752 0.019758 0.019763 0.019768 0.019773 0.019778 0.019783 0.019787 0.019792 0.019796 0.019799 0.019803 0.019806 0.019809 0.019812 0.019815 0.019817 0.019819 0.019821 0.019823 0.019824 0.019825 0.019826 0.019826 0.019827 0.019827 0.019826 0.019826
0.019689 0.019636 0.019651 0.019669 0.019681 0.019688 0.019693 0.019696 0.019699 0.019703 0.019707 0.019712 0.019717 0.019723 0.019729 0.019735 0.019742 0.019749 0.019756 0.019763 0.019770 0.019777 0.019784 0.019791 0.019797 0.019804 0.019810 0.019816 0.019822 0.019828 0.019834 0.019839 0.019844 0.019849 0.019853 0.019857 0.019861 0.019865 0.019868 0.019871 0.019874 0.019877 0.019879 0.019881 0.019882 0.019884 0.019885 0.019886 0.019886 0.019886
0.019334 0.019655 0.019721 0.019732 0.019732 0.019733 0.019736 0.019740 0.019745 0.019752 0.019759 0.019767 0.019775 0.019784 0.019793 0.019802 0.019811 0.019821 0.019830 0.019839 0.019849 0.019858 0.019867 0.019876 0.019884 0.019893 0.019901 0.019909 0.019917 0.019925 0.019932 0.019939 0.019945 0.019952 0.019958 0.019963 0.019969 0.019974 0.019979 0.019983 0.019987 0.019991 0.019994 0.019997 0.019999 0.020002 0.020003 0.020005 0.020006 0.020007
0.020505 0.019993 0.019844 0.019795 0.019780 0.019780 0.019787 0.019797 0.019810 0.019823 0.019836 0.019850 0.019864 0.019878 0.019892 0.019905 0.019919 0.019932 0.019945 0.019958 0.019971 0.019983 0.019995 0.020007 0.020019 0.020030 0.020041 0.020052 0.020062 0.020072 0.020081 0.020090 0.020099 0.020107 0.020115 0.020123 0.020130 0.020137 0.020143 0.020149 0.020154 0.020159 0.020164 0.020168 0.020171 0.020175 0.020177 0.020180 0.020182 0.020183
0.019376 0.019687 0.019751 0.019777 0.019800 0.019824 0.019848 0.019873 0.019896 0.019919 0.019942 0.019963 0.019984 0.020005 0.020024 0.020044 0.020063 0.020081 0.020099 0.020116 0.020133 0.020150 0.020166 0.020181 0.020197 0.020211 0.020225 0.020239 0.020252 0.020265 0.020277 0.020289 0.020300 0.020311 0.020321 0.020330 0.020339 0.020348 0.020356 0.020363 0.020370 0.020377 0.020383 0.020388 0.020393 0.020397 0.020401 0.020404 0.020406 0.020408
0.019793 0.019651 0.019710 0.019785 0.019849 0.019901 0.019944 0.019983 0.020018 0.020050 0.020081 0.020110 0.020138 0.020165 0.020192 0.020217 0.020242 0.020266 0.020289 0.020311 0.020333 0.020354 0.020375 0.020395 0.020414 0.020433 0.020450 0.020468 0.020484 0.020500 0.020515 0.020530 0.020543 0.020557 0.020569 0.020581 0.020592 0.020603 0.020612 0.020622 0.020630 0.020638 0.020645 0.020652 0.020657 0.020663 0.020667 0.020671 0.020674 0.020677
0.019122 0.019615 0.019814 0.019922 0.019994 0.020050 0.020098 0.020141 0.020182 0.020220 0.020257 0.020293 0.020327 0.020361 0.020393 0.020425 0.020456 0.020485 0.020514 0.020542 0.020569 0.020595 0.020620 0.020644 0.020668 0.020690 0.020712 0.020733 0.020753 0.020772 0.020790 0.020808 0.020824 0.020840 0.020855 0.020869 0.020882 0.020895 0.020906 0.020917 0.020927 0.020936 0.020944 0.020952 0.020959 0.020965 0.020970 0.020975 0.020978 0.020981
0.020373 0.020216 0.020189 0.020200 0.020226 0.020261 0.020299 0.020341 0.020383 0.020425 0.020467 0.020509 0.020549 0.020589 0.020628 0.020665 0.020702 0.020737 0.020772 0.020805 0.020837 0.020868 0.020898 0.020926 0.020954 0.020981 0.021006 0.021031 0.021054 0.021076 0.021098 0.021118 0.021137 0.021155 0.021172 0.021188 0.021203 0.021217 0.021231 0.021243 0.021254 0.021264 0.021273 0.021282 0.021289 0.021296 0.021301 0.021306 0.021310 0.021313
0.020750 0.020558 0.020458 0.020429 0.020439 0.020470 0.020511 0.020557 0.020606 0.020655 0.020704 0.020752 0.020799 0.020846 0.020891 0.020935 0.020977 0.021018 0.021058 0.021096 0.021133 0.021169 0.021203 0.021236 0.021268 0.021298 0.021327 0.021355 0.021381 0.021407 0.021430 0.021453 0.021474 0.021495 0.021514 0.021531 0.021548 0.021563 0.021578 0.021591 0.021603 0.021614 0.021624 0.021633 0.021640 0.021647 0.021653 0.021657 0.021661 0.021664
0.020438 0.020392 0.020446 0.020515 0.020583 0.020650 0.020716 0.020780 0.020842 0.020902 0.020961 0.021018 0.021073 0.021126 0.021178 0.021228 0.021276 0.021323 0.021368 0.021411 0.021453 0.021492 0.021531 0.021568 0.021603 0.021636 0.021668 0.021699 0.021728 0.021755 0.021781 0.021806 0.021829 0.021851 0.021871 0.021890 0.021907 0.021924 0.021939 0.021952 0.021965 0.021976 0.021986 0.021994 0.022002 0.022008 0.022013 0.022018 0.022020 0.022022
0.019459 0.020128 0.020428 0.020609 0.020740 0.020847 0.020939 0.021022 0.021098 0.021170 0.021239 0.021304 0.021367 0.021427 0.021485 0.021541 0.021594 0.021646 0.021695 0.021743 0.021788 0.021832 0.021873 0.021913 0.021951 0.021987 0.022021 0.022054 0.022084 0.022113 0.022141 0.022167 0.022191 0.022213 0.022234 0.022253 0.022271 0.022288 0.022303 0.022316 0.022328 0.022339 0.022348 0.022356 0.022363 0.022369 0.022373 0.022376 0.022377 0.022378
0.020893 0.020681 0.020767 0.020892 0.021010 0.021116 0.021212 0.021301 0.021384 0.021463 0.021538 0.021610 0.021678 0.021744 0.021807 0.021867 0.021925 0.021980 0.022033 0.022083 0.022132 0.022178 0.022221 0.022263 0.022303 0.022340 0.022376 0.022409 0.022441 0.022471 0.022498 0.022524 0.022549 0.022571 0.022592 0.022611 0.022628 0.022644 0.022658 0.022671 0.022682 0.022691 0.022700 0.022706 0.022712 0.022716 0.022718 0.022720 0.022720 0.022718
0.020650 0.021084 0.021205 0.021283 0.021363 0.021446 0.021531 0.021616 0.021699 0.021779 0.021856 0.021931 0.022002 0.022071 0.022137 0.022200 0.022260 0.022317 0.022371 0.022424 0.022473 0.022520 0.022565 0.022607 0.022647 0.022685 0.022720 0.022754 0.022785 0.022814 0.022841 0.022866 0.022890 0.022911 0.022931 0.022949 0.022965 0.022979 0.022992 0.023003 0.023012 0.023020 0.023026 0.023031 0.023035 0.023037 0.023037 0.023036 0.023034 0.023031
0.022258 0.021728 0.021632 0.021653 0.021711 0.021784 0.021864 0.021945 0.022026 0.022106 0.022183 0.022258 0.022330 0.022398 0.022464 0.022527 0.022587 0.022645 0.022699 0.022751 0.022800 0.022846 0.022890 0.022931 0.022970 0.023006 0.023041 0.023073 0.023103 0.023130 0.023156 0.023179 0.023201 0.023220 0.023238 0.023254 0.023268 0.023280 0.023290 0.023299 0.023306 0.023312 0.023316 0.023318 0.023319 0.023318 0.023316 0.023313 0.023308 0.023302
0.021095 0.021601 0.021794 0.021911 0.022007 0.022097 0.022183 0.022267 0.022348 0.022427 0.022502 0.022575 0.022645 0.022711 0.022775 0.022836 0.022893 0.022948 0.023000 0.023050 0.023096 0.023140 0.023182 0.023220 0.023257 0.023291 0.023323 0.023352 0.023379 0.023404 0.023427 0.023448 0.023467 0.023484 0.023499 0.023512 0.023523 0.023532 0.023540 0.023546 0.023550 0.023553 0.023554 0.023553 0.023551 0.023548 0.023543 0.023536 0.023529 0.023520
0.021866 0.021932 0.022063 0.022186 0.022295 0.022394 0.022484 0.022568 0.022648 0.022723 0.022795 0.022863 0.022928 0.022990 0.023050 0.023106 0.023159 0.023210 0.023258 0.023303 0.023346 0.023386 0.023424 0.023459 0.023492 0.023523 0.023551 0.023577 0.023600 0.023622 0.023642 0.023659 0.023675 0.023688 0.023700 0.023709 0.023717 0.023723 0.023728 0.023730 0.023732 0.023731 0.023729 0.023725 0.023720 0.023713 0.023705 0.023696 0.023685 0.023673
0.022248 0.022303 0.022390 0.022487 0.022582 0.022671 0.022754 0.022831 0.022903 0.022972 0.023037 0.023099 0.023157 0.023213 0.023267 0.023317 0.023365 0.023411 0.023453 0.023494 0.023532 0.023567 0.023601 0.023632 0.023660 0.023686 0.023710 0.023732 0.023752 0.023770 0.023786 0.023799 0.023811 0.023821 0.023829 0.023835 0.023839 0.023842 0.023842 0.023842 0.023839 0.023835 0.023830 0.023823 0.023815 0.023805 0.023794 0.023781 0.023767 0.023752
0.022388 0.022547 0.022656 0.022742 0.022819 0.022890 0.022958 0.023023 0.023086 0.023145 0.023202 0.023257 0.023309 0.023358 0.023405 0.023450 0.023493 0.023533 0.023571 0.023606 0.023639 0.023670 0.023698 0.023724 0.023748 0.023770 0.023790 0.023808 0.023823 0.023837 0.023848 0.023858 0.023866 0.023872 0.023876 0.023878 0.023879 0.023878 0.023875 0.023871 0.023865 0.023858 0.023849 0.023839 0.023828 0.023815 0.023801 0.023786 0.023769 0.023751
0.022686 0.022786 0.022840 0.022891 0.022945 0.023000 0.023056 0.023111 0.023165 0.023218 0.023269 0.023318 0.023364 0.023409 0.023451 0.023491 0.023529 0.023564 0.023598 0.023628 0.023657 0.023683 0.023707 0.023729 0.023748 0.023766 0.023781 0.023794 0.023806 0.023815 0.023823 0.023829 0.023833 0.023835 0.023835 0.023834 0.023831 0.023827 0.023821 0.023813 0.023804 0.023794 0.023782 0.023769 0.023755 0.023740 0.023723 0.023705 0.023686 0.023666
0.023026 0.022840 0.022830 0.022866 0.022915 0.022969 0.023023 0.023076 0.023129 0.023179 0.023228 0.023275 0.023319 0.023360 0.023399 0.023436 0.023470 0.023501 0.023530 0.023557 0.023581 0.023603 0.023623 0.023641 0.023656 0.023669 0.023681 0.023690 0.023697 0.023703 0.023707 0.023709 0.023709 0.023707 0.023704 0.023700 0.023694 0.023686 0.023677 0.023667 0.023655 0.023642 0.023628 0.023612 0.023596 0.023578 0.023559 0.023539 0.023518 0.023496
0.022094 0.022435 0.022580 0.022670 0.022744 0.022810 0.022873 0.022932 0.022988 0.023041 0.023090 0.023136 0.023179 0.023218 0.023255 0.023289 0.023319 0.023347 0.023373 0.023395 0.023416 0.023433 0.023449 0.023462 0.023474 0.023483 0.023490 0.023496 0.023499 0.023501 0.023501 0.023500 0.023496 0.023492 0.023485 0.023478 0.023469 0.023458 0.023447 0.023434 0.023420 0.023404 0.023388 0.023370 0.023352 0.023332 0.023311 0.023290 0.023267 0.023244
0.022288 0.022271 0.022342 0.022426 0.022507 0.022583 0.022653 0.022718 0.022776 0.022830 0.022879 0.022923 0.022964 0.023000 0.023033 0.023063 0.023089 0.023113 0.023134 0.023152 0.023167 0.023181 0.023192 0.023201 0.023208 0.023213 0.023216 0.023218 0.023217 0.023215 0.023212 0.023207 0.023201 0.023193 0.023184 0.023173 0.023162 0.023149 0.023135 0.023120 0.023104 0.023087 0.023069 0.023050 0.023030 0.023009 0.022987 0.022964 0.022941 0.022916
0.021946 0.022015 0.022099 0.022186 0.022270 0.022346 0.022415 0.022476 0.022531 0.022579 0.022622 0.022661 0.022694 0.022724 0.022750 0.022774 0.022794 0.022811 0.022826 0.022838 0.022848 0.022856 0.022862 0.022866 0.022868 0.022868 0.022867 0.022865 0.022860 0.022855 0.022848 0.022840 0.022831 0.022820 0.022808 0.022796 0.022782 0.022767 0.022751 0.022734 0.022717 0.022698 0.022679 0.022659 0.022638 0.022616 0.022594 0.022571 0.022547 0.022523
0.021559 0.021783 0.021908 0.022000 0.022075 0.022138 0.022191 0.022236 0.022275 0.022309 0.022338 0.022363 0.022385 0.022404 0.022420 0.022433 0.022444 0.022453 0.022459 0.022464 0.022467 0.022469 0.022469 0.022467 0.022464 0.022460 0.022454 0.022447 0.022439 0.022430 0.022420 0.022409 0.022397 0.022384 0.022370 0.022355 0.022340 0.022323 0.022306 0.022288 0.022270 0.022250 0.022230 0.022210 0.022189 0.022167 0.022144 0.022121 0.022098 0.022074
0.021888 0.021810 0.021854 0.021900 0.021934 0.021959 0.021978 0.021994 0.022007 0.022017 0.022026 0.022033 0.022039 0.022043 0.022045 0.022047 0.022047 0.022046 0.022043 0.022040 0.022035 0.022030 0.022023 0.022016 0.022008 0.021998 0.021988 0.021978 0.021966 0.021954 0.021940 0.021927 0.021912 0.021897 0.021882 0.021865 0.021848 0.021831 0.021813 0.021794 0.021775 0.021756 0.021736 0.021715 0.021694 0.021673 0.021651 0.021629 0.021606 0.021583
0.021495 0.021805 0.021837 0.021812 0.021782 0.021754 0.021732 0.021713 0.021697 0.021683 0.021670 0.021659 0.021647 0.021637 0.021626 0.021615 0.021605 0.021594 0.021582 0.021571 0.021559 0.021547 0.021534 0.021522 0.021508 0.021495 0.021481 0.021467 0.021452 0.021437 0.021421 0.021406 0.021389 0.021373 0.021356 0.021339 0.021321 0.021304 0.021285 0.021267 0.021248 0.021229 0.021209 0.021190 0.021170 0.021149 0.021128 0.021107 0.021086 0.021064
0.022602 0.021987 0.021729 0.021593 0.021505 0.021440 0.021389 0.021347 0.021311 0.021280 0.021251 0.021225 0.021201 0.021179 0.021158 0.021137 0.021118 0.021099 0.021081 0.021063 0.021045 0.021028 0.021010 0.020993 0.020976 0.020960 0.020943 0.020926 0.020909 0.020893 0.020876 0.020859 0.020842 0.020825 0.020808 0.020791 0.020773 0.020756 0.020738 0.020720 0.020702 0.020684 0.020666 0.020647 0.020629 0.020610 0.020591 0.020571 0.020552 0.020532
0.021268 0.021222 0.021153 0.021085 0.021023 0.020967 0.020917 0.020872 0.020831 0.020794 0.020759 0.020726 0.020696 0.020667 0.020640 0.020614 0.020590 0.020566 0.020544 0.020522 0.020501 0.020480 0.020461 0.020442 0.020423 0.020405 0.020387 0.020369 0.020352 0.020335 0.020318 0.020301 0.020284 0.020268 0.020251 0.020235 0.020219 0.020202 0.020186 0.020170 0.020153 0.020137 0.020120 0.020104 0.020087 0.020070 0.020053 0.020036 0.020019 0.020001
0.019884 0.020298 0.020405 0.020419 0.020401 0.020372 0.020338 0.020303 0.020269 0.020234 0.020201 0.020169 0.020138 0.020109 0.020081 0.020054 0.020029 0.020004 0.019981 0.019959 0.019938 0.019917 0.019898 0.019879 0.019860 0.019843 0.019826 0.019809 0.019793 0.019777 0.019761 0.019746 0.019731 0.019716 0.019701 0.019687 0.019672 0.019658 0.019644 0.019629 0.019615 0.019601 0.019587 0.019573 0.019559 0.019544 0.019530 0.019515 0.019501 0.019486
0.020322 0.019895 0.019791 0.019763 0.019747 0.019729 0.019707 0.019682 0.019656 0.019628 0.019600 0.019573 0.019547 0.019521 0.019496 0.019473 0.019451 0.019429 0.019409 0.019389 0.019371 0.019353 0.019336 0.019320 0.019304 0.019289 0.019275 0.019261 0.019247 0.019234 0.019221 0.019209 0.019196 0.019184 0.019172 0.019161 0.019149 0.019138 0.019126 0.019115 0.019103 0.019092 0.019081 0.019070 0.019058 0.019047 0.019035 0.019024 0.019012 0.019001
0.018863 0.019066 0.019110 0.019113 0.019104 0.019088 0.019070 0.019049 0.019028 0.019007 0.018986 0.018966 0.018946 0.018928 0.018910 0.018893 0.018876 0.018861 0.018846 0.018833 0.018819 0.018807 0.018795 0.018783 0.018773 0.018762 0.018752 0.018742 0.018733 0.018723 0.018715 0.018706 0.018697 0.018689 0.018680 0.018672 0.018664 0.018656 0.018648 0.018640 0.018632 0.018624 0.018616 0.018608 0.018599 0.018591 0.018583 0.018574 0.018566 0.018557
0.018421 0.018516 0.018530 0.018516 0.018493 0.018470 0.018450 0.018431 0.018415 0.018401 0.018388 0.018377 0.018366 0.018357 0.018348 0.018340 0.018332 0.018325 0.018318 0.018312 0.018306 0.018300 0.018295 0.018290 0.018285 0.018280 0.018275 0.018271 0.018267 0.018262 0.018258 0.018254 0.018249 0.018245 0.018241 0.018237 0.018232 0.018228 0.018223 0.018219 0.018214 0.018210 0.018205 0.018200 0.018195 0.018190 0.018184 0.018179 0.018173 0.018168
0.018447 0.018145 0.018012 0.017942 0.017900 0.017874 0.017858 0.017847 0.017841 0.017838 0.017837 0.017837 0.017838 0.017840 0.017842 0.017844 0.017846 0.017849 0.017851 0.017853 0.017855 0.017857 0.017859 0.017861 0.017862 0.017863 0.017865 0.017866 0.017867 0.017867 0.017868 0.017868 0.017868 0.017868 0.017868 0.017868 0.017867 0.017866 0.017866 0.017864 0.017863 0.017862 0.017860 0.017858 0.017856 0.017854 0.017851 0.017848 0.017846 0.017842
0.017419 0.017389 0.017347 0.017321 0.017311 0.017310 0.017316 0.017326 0.017339 0.017353 0.017367 0.017382 0.017396 0.017410 0.017423 0.017436 0.017448 0.017460 0.017471 0.017481 0.017491 0.017500 0.017508 0.017517 0.017524 0.017531 0.017538 0.017544 0.017549 0.017555 0.017560 0.017564 0.017568 0.017572 0.017575 0.017578 0.017581 0.017584 0.017586 0.017588 0.017589 0.017590 0.017591 0.017592 0.017592 0.017593 0.017592 0.017592 0.017591 0.017591
0.016499 0.016608 0.016686 0.016746 0.016797 0.016842 0.016883 0.016921 0.016956 0.016989 0.017020 0.017048 0.017075 0.017099 0.017123 0.017144 0.017165 0.017184 0.017202 0.017218 0.017234 0.017249 0.017263 0.017276 0.017288 0.017299 0.017310 0.017320 0.017329 0.017338 0.017346 0.017354 0.017361 0.017368 0.017374 0.017379 0.017385 0.017389 0.017394 0.017398 0.017401 0.017405 0.017408 0.017410 0.017412 0.017414 0.017416 0.017417 0.017418 0.017419
0.015983 0.016144 0.016282 0.016396 0.016491 0.016571 0.016638 0.016696 0.016747 0.016793 0.016834 0.016871 0.016905 0.016936 0.016965 0.016992 0.017017 0.017040 0.017062 0.017082 0.017102 0.017119 0.017136 0.017152 0.017166 0.017180 0.017193 0.017205 0.017217 0.017227 0.017237 0.017246 0.017255 0.017263 0.017271 0.017278 0.017284 0.017290 0.017296 0.017301 0.017306 0.017310 0.017314 0.017318 0.017321 0.017324 0.017326 0.017328 0.017330 0.017331
