0.078934 0.084343 0.089174 0.093795 0.098376 0.103002 0.107726 0.112581 0.117593 0.122783 0.128170 0.133770 0.139602 0.145681 0.152024 0.158647 0.165568 0.172805 0.180374 0.188296 0.196588 0.205272 0.214369 0.223889 0.233703 0.243764 0.254078 0.264651 0.275489 0.286589 0.297951 0.309578 0.321473 0.333636 0.346069 0.358772 0.371748 0.384996 0.398517 0.412310 0.426377 0.440715 0.455326 0.470208 0.485360 0.500781 0.516470 0.532426 0.548646 0.565129
0.087506 0.090249 0.093786 0.097713 0.101883 0.106245 0.110789 0.115515 0.120433 0.125553 0.130888 0.136451 0.142256 0.148317 0.154651 0.161271 0.168196 0.175440 0.183023 0.190961 0.199276 0.207985 0.217109 0.226635 0.236428 0.246473 0.256773 0.267336 0.278163 0.289252 0.300605 0.312224 0.324110 0.336265 0.348691 0.361388 0.374357 0.387599 0.401114 0.414902 0.428962 0.443295 0.457900 0.472776 0.487922 0.503337 0.519020 0.534969 0.551183 0.567660
0.094352 0.097053 0.100274 0.103860 0.107736 0.111865 0.116226 0.120812 0.125622 0.130660 0.135936 0.141457 0.147236 0.153284 0.159616 0.166245 0.173187 0.180459 0.188076 0.196057 0.204420 0.213186 0.222365 0.231881 0.241648 0.251671 0.261954 0.272503 0.283314 0.294389 0.305728 0.317335 0.329211 0.341356 0.353772 0.366460 0.379421 0.392654 0.406160 0.419939 0.433991 0.448316 0.462912 0.477779 0.492916 0.508321 0.523994 0.539933 0.556136 0.572602
0.099465 0.103490 0.107130 0.110831 0.114709 0.118797 0.123106 0.127642 0.132412 0.137423 0.142682 0.148200 0.153986 0.160054 0.166416 0.173086 0.180079 0.187410 0.195096 0.203156 0.211606 0.220463 0.229697 0.239195 0.248948 0.258961 0.269238 0.279779 0.290581 0.301649 0.312982 0.324583 0.336454 0.348594 0.361006 0.373690 0.386646 0.399874 0.413376 0.427150 0.441196 0.455515 0.470104 0.484964 0.500094 0.515491 0.531155 0.547084 0.563276 0.579731
0.107858 0.110691 0.114274 0.118101 0.122101 0.126282 0.130661 0.135255 0.140076 0.145136 0.150448 0.156022 0.161873 0.168012 0.174453 0.181211 0.188300 0.195736 0.203536 0.211718 0.220299 0.229274 0.238532 0.248043 0.257811 0.267840 0.278130 0.288681 0.299495 0.310574 0.321918 0.333530 0.345411 0.357561 0.369983 0.382675 0.395639 0.408875 0.422383 0.436162 0.450213 0.464535 0.479127 0.493988 0.509117 0.524513 0.540174 0.556099 0.572287 0.588735
0.112471 0.117337 0.121412 0.125441 0.129588 0.133902 0.138405 0.143116 0.148050 0.153222 0.158646 0.164336 0.170306 0.176571 0.183143 0.190039 0.197274 0.204864 0.212826 0.221179 0.229929 0.238993 0.248303 0.257865 0.267685 0.277761 0.288094 0.298687 0.309541 0.320658 0.332039 0.343687 0.355602 0.367785 0.380238 0.392959 0.405951 0.419214 0.432746 0.446548 0.460620 0.474960 0.489569 0.504445 0.519588 0.534995 0.550666 0.566599 0.582792 0.599244
0.123028 0.125244 0.128801 0.132780 0.136994 0.141410 0.146032 0.150872 0.155943 0.161258 0.166832 0.172678 0.178810 0.185242 0.191989 0.199067 0.206492 0.214279 0.222448 0.231012 0.239926 0.249083 0.258488 0.268143 0.278049 0.288207 0.298619 0.309288 0.320215 0.331403 0.342853 0.354567 0.366545 0.378789 0.391299 0.404076 0.417121 0.430433 0.444013 0.457860 0.471974 0.486354 0.501000 0.515910 0.531085 0.546521 0.562218 0.578175 0.594390 0.610861
0.126131 0.131432 0.135640 0.139778 0.144070 0.148570 0.153298 0.158263 0.163476 0.168948 0.174690 0.180714 0.187033 0.193662 0.200614 0.207905 0.215552 0.223570 0.231978 0.240770 0.249822 0.259115 0.268652 0.278433 0.288460 0.298735 0.309261 0.320040 0.331074 0.342365 0.353915 0.365726 0.377797 0.390131 0.402728 0.415588 0.428712 0.442101 0.455754 0.469670 0.483851 0.498294 0.512999 0.527966 0.543193 0.558679 0.574423 0.590424 0.606678 0.623186
0.136847 0.138781 0.142252 0.146252 0.150564 0.155144 0.159983 0.165082 0.170447 0.176086 0.182007 0.188223 0.194744 0.201585 0.208760 0.216283 0.224171 0.232440 0.241107 0.250093 0.259312 0.268769 0.278465 0.288399 0.298576 0.308998 0.319667 0.330586 0.341756 0.353180 0.364859 0.376794 0.388986 0.401437 0.414147 0.427117 0.440347 0.453838 0.467588 0.481599 0.495870 0.510399 0.525187 0.540233 0.555535 0.571093 0.586904 0.602968 0.619283 0.635848
0.138110 0.143241 0.147466 0.151726 0.156207 0.160942 0.165939 0.171202 0.176738 0.182557 0.188667 0.195082 0.201813 0.208873 0.216277 0.224039 0.232176 0.240705 0.249621 0.258793 0.268196 0.277834 0.287706 0.297815 0.308163 0.318753 0.329587 0.340668 0.351996 0.363574 0.375404 0.387487 0.399823 0.412413 0.425259 0.438361 0.451719 0.465334 0.479204 0.493331 0.507713 0.522351 0.537242 0.552388 0.567785 0.583434 0.599334 0.615481 0.631876 0.648516
0.145390 0.147982 0.151931 0.156351 0.161047 0.165985 0.171170 0.176615 0.182333 0.188338 0.194641 0.201256 0.208195 0.215473 0.223105 0.231104 0.239489 0.248275 0.257409 0.266774 0.276371 0.286197 0.296256 0.306549 0.317080 0.327850 0.338862 0.350118 0.361619 0.373366 0.385362 0.397607 0.410103 0.422849 0.435847 0.449098 0.462601 0.476356 0.490363 0.504623 0.519134 0.533897 0.548910 0.564172 0.579682 0.595440 0.611444 0.627693 0.644184 0.660917
0.144963 0.150684 0.155613 0.160428 0.165347 0.170458 0.175805 0.181412 0.187299 0.193479 0.199966 0.206773 0.213914 0.221402 0.229252 0.237479 0.246101 0.255133 0.264462 0.274020 0.283806 0.293822 0.304068 0.314549 0.325265 0.336220 0.347414 0.358850 0.370529 0.382452 0.394621 0.407036 0.419699 0.432611 0.445770 0.459179 0.472837 0.486744 0.500899 0.515304 0.529956 0.544856 0.560002 0.575394 0.591030 0.606910 0.623032 0.639394 0.655996 0.672834
0.151204 0.155443 0.159856 0.164477 0.169356 0.174513 0.179955 0.185690 0.191723 0.198063 0.204720 0.211707 0.219035 0.226718 0.234772 0.243212 0.252055 0.261303 0.270817 0.280559 0.290527 0.300725 0.311154 0.321816 0.332713 0.343848 0.355221 0.366835 0.378690 0.390789 0.403131 0.415717 0.428549 0.441627 0.454951 0.468522 0.482339 0.496402 0.510711 0.525265 0.540064 0.555108 0.570394 0.585923 0.601693 0.617703 0.633952 0.650437 0.667158 0.684112
0.157395 0.159990 0.163649 0.168012 0.172860 0.178085 0.183640 0.189508 0.195686 0.202178 0.208994 0.216144 0.223642 0.231503 0.239740 0.248372 0.257415 0.266853 0.276537 0.286448 0.296586 0.306954 0.317553 0.328386 0.339454 0.350760 0.362303 0.374087 0.386111 0.398378 0.410887 0.423640 0.436636 0.449877 0.463363 0.477093 0.491067 0.505285 0.519747 0.534451 0.549398 0.564587 0.580016 0.595684 0.611590 0.627734 0.644112 0.660724 0.677569 0.694643
0.157331 0.161006 0.165552 0.170484 0.175699 0.181178 0.186928 0.192960 0.199287 0.205922 0.212880 0.220175 0.227822 0.235837 0.244236 0.253036 0.262255 0.271855 0.281691 0.291754 0.302046 0.312568 0.323323 0.334312 0.345537 0.356999 0.368700 0.380642 0.392824 0.405248 0.417914 0.430823 0.443976 0.457371 0.471010 0.484893 0.499018 0.513385 0.527995 0.542845 0.557936 0.573266 0.588834 0.604640 0.620681 0.636956 0.653463 0.670202 0.687170 0.704366
0.153062 0.161031 0.167195 0.172845 0.178431 0.184134 0.190042 0.196200 0.202642 0.209389 0.216459 0.223871 0.231641 0.239785 0.248320 0.257263 0.266634 0.276370 0.286340 0.296537 0.306965 0.317624 0.328517 0.339646 0.351012 0.362617 0.374461 0.386546 0.398872 0.411440 0.424251 0.437304 0.450600 0.464140 0.477922 0.491946 0.506213 0.520720 0.535469 0.550457 0.565683 0.581148 0.596849 0.612785 0.628954 0.645356 0.661988 0.678848 0.695936 0.713248
0.162798 0.166393 0.171113 0.176229 0.181605 0.187234 0.193131 0.199316 0.205807 0.212619 0.219766 0.227266 0.235132 0.243380 0.252028 0.261092 0.270592 0.280443 0.290528 0.300842 0.311388 0.322168 0.333184 0.344437 0.355929 0.367660 0.379632 0.391845 0.404301 0.416999 0.429940 0.443124 0.456551 0.470221 0.484133 0.498287 0.512683 0.527319 0.542195 0.557310 0.572662 0.588251 0.604074 0.620131 0.636420 0.652940 0.669688 0.686662 0.703861 0.721284
0.167354 0.170999 0.175055 0.179664 0.184740 0.190210 0.196037 0.202207 0.208717 0.215570 0.222775 0.230344 0.238289 0.246626 0.255369 0.264537 0.274148 0.284098 0.294282 0.304699 0.315349 0.326236 0.337360 0.348723 0.360325 0.372169 0.384254 0.396582 0.409153 0.421967 0.435024 0.448325 0.461868 0.475655 0.489684 0.503954 0.518465 0.533217 0.548207 0.563436 0.578901 0.594601 0.610535 0.626701 0.643098 0.659724 0.676576 0.693654 0.710954 0.728476
0.169814 0.173049 0.177248 0.181969 0.187106 0.192617 0.198484 0.204697 0.211256 0.218165 0.225433 0.233070 0.241090 0.249508 0.258338 0.267599 0.277308 0.287346 0.297620 0.308127 0.318871 0.329852 0.341072 0.352532 0.364233 0.376177 0.388362 0.400791 0.413463 0.426379 0.439539 0.452942 0.466588 0.480477 0.494608 0.508980 0.523593 0.538445 0.553535 0.568863 0.584426 0.600224 0.616255 0.632516 0.649007 0.665725 0.682669 0.699837 0.717226 0.734834
0.166631 0.172631 0.177919 0.183203 0.188673 0.194398 0.200410 0.206732 0.213379 0.220368 0.227711 0.235423 0.243520 0.252017 0.260930 0.270278 0.280077 0.290196 0.300551 0.311142 0.321970 0.333036 0.344342 0.355889 0.367677 0.379708 0.391982 0.404499 0.417260 0.430264 0.443512 0.457003 0.470737 0.484714 0.498932 0.513391 0.528090 0.543027 0.558203 0.573614 0.589261 0.605140 0.621251 0.637593 0.654162 0.670958 0.687977 0.705219 0.722681 0.740361
0.169338 0.173677 0.178879 0.184335 0.189984 0.195855 0.201985 0.208405 0.215138 0.222206 0.229624 0.237412 0.245584 0.254158 0.263152 0.272582 0.282465 0.292660 0.303092 0.313759 0.324663 0.335805 0.347188 0.358811 0.370676 0.382783 0.395132 0.407725 0.420561 0.433640 0.446962 0.460527 0.474334 0.488383 0.502672 0.517202 0.531971 0.546977 0.562220 0.577699 0.593411 0.609356 0.625531 0.641935 0.658565 0.675421 0.692499 0.709799 0.727317 0.745051
0.168993 0.175051 0.180373 0.185744 0.191335 0.197196 0.203348 0.209809 0.216596 0.223723 0.231207 0.239063 0.247307 0.255954 0.265024 0.274532 0.284493 0.294758 0.305259 0.315994 0.326966 0.338175 0.349624 0.361312 0.373241 0.385412 0.397824 0.410478 0.423375 0.436513 0.449894 0.463516 0.477380 0.491484 0.505829 0.520412 0.535233 0.550290 0.565583 0.581111 0.596871 0.612862 0.629082 0.645530 0.662203 0.679100 0.696219 0.713557 0.731113 0.748883
0.174812 0.177675 0.182056 0.187076 0.192516 0.198316 0.204459 0.210941 0.217768 0.224947 0.232489 0.240408 0.248718 0.257434 0.266573 0.276153 0.286183 0.296510 0.307070 0.317863 0.328891 0.340155 0.351657 0.363397 0.375376 0.387594 0.400053 0.412753 0.425694 0.438875 0.452297 0.465959 0.479861 0.494003 0.508382 0.523000 0.537854 0.552943 0.568267 0.583823 0.599611 0.615628 0.631874 0.648345 0.665041 0.681960 0.699099 0.716456 0.734029 0.751816
0.171712 0.177379 0.182437 0.187650 0.193174 0.199033 0.205231 0.211770 0.218655 0.225895 0.233499 0.241479 0.249851 0.258629 0.267829 0.277468 0.287555 0.297930 0.308535 0.319371 0.330439 0.341741 0.353279 0.365053 0.377064 0.389313 0.401800 0.414526 0.427491 0.440695 0.454138 0.467820 0.481740 0.495898 0.510293 0.524924 0.539790 0.554889 0.570222 0.585786 0.601580 0.617603 0.633852 0.650326 0.667023 0.683941 0.701079 0.718434 0.736003 0.753786
0.173693 0.177431 0.182329 0.187702 0.193401 0.199402 0.205711 0.212340 0.219302 0.226607 0.234271 0.242307 0.250731 0.259556 0.268802 0.278485 0.288609 0.299012 0.309641 0.320499 0.331587 0.342906 0.354458 0.366244 0.378265 0.390522 0.403016 0.415746 0.428713 0.441918 0.455360 0.469039 0.482954 0.497105 0.511492 0.526114 0.540969 0.556056 0.571375 0.586924 0.602702 0.618706 0.634936 0.651390 0.668066 0.684962 0.702076 0.719406 0.736950 0.754706
0.170058 0.176251 0.181944 0.187650 0.193531 0.199655 0.206055 0.212756 0.219775 0.227129 0.234834 0.242904 0.251356 0.260207 0.269474 0.279175 0.289310 0.299714 0.310342 0.321196 0.332277 0.343588 0.355129 0.366902 0.378908 0.391148 0.403622 0.416332 0.429277 0.442457 0.455873 0.469524 0.483410 0.497530 0.511885 0.526472 0.541292 0.556343 0.571624 0.587134 0.602872 0.618835 0.635022 0.651433 0.668064 0.684914 0.701982 0.719264 0.736760 0.754466
0.171844 0.177018 0.182386 0.187976 0.193820 0.199939 0.206347 0.213059 0.220088 0.227449 0.235157 0.243227 0.251675 0.260518 0.269773 0.279459 0.289572 0.299947 0.310543 0.321364 0.332410 0.343683 0.355186 0.366918 0.378882 0.391077 0.403506 0.416168 0.429064 0.442193 0.455557 0.469154 0.482985 0.497049 0.511346 0.525875 0.540634 0.555624 0.570843 0.586289 0.601962 0.617859 0.633980 0.650323 0.666886 0.683668 0.700665 0.717877 0.735302 0.752936
0.174064 0.178119 0.182980 0.188339 0.194066 0.200114 0.206472 0.213141 0.220132 0.227455 0.235124 0.243154 0.251559 0.260357 0.269563 0.279198 0.289254 0.299568 0.310102 0.320859 0.331841 0.343048 0.354483 0.366146 0.378040 0.390164 0.402519 0.415106 0.427926 0.440979 0.454264 0.467781 0.481531 0.495513 0.509727 0.524171 0.538845 0.553749 0.568880 0.584238 0.599822 0.615630 0.631661 0.647913 0.664384 0.681073 0.697978 0.715097 0.732427 0.749968
0.172300 0.177432 0.182683 0.188152 0.193876 0.199876 0.206170 0.212770 0.219688 0.226938 0.234533 0.242486 0.250813 0.259530 0.268652 0.278198 0.288164 0.298389 0.308833 0.319499 0.330388 0.341502 0.352842 0.364409 0.376205 0.388231 0.400487 0.412973 0.425691 0.438641 0.451821 0.465234 0.478878 0.492753 0.506858 0.521193 0.535758 0.550551 0.565571 0.580817 0.596288 0.611983 0.627900 0.644038 0.660395 0.676969 0.693759 0.710762 0.727976 0.745401
0.171247 0.176520 0.181882 0.187354 0.193025 0.198949 0.205156 0.211665 0.218489 0.225642 0.233136 0.240985 0.249204 0.257807 0.266812 0.276236 0.286081 0.296193 0.306523 0.317073 0.327846 0.338842 0.350062 0.361510 0.373184 0.385087 0.397218 0.409580 0.422172 0.434994 0.448047 0.461330 0.474844 0.488588 0.502562 0.516764 0.531196 0.545855 0.560741 0.575853 0.591189 0.606748 0.622529 0.638530 0.654751 0.671188 0.687840 0.704707 0.721784 0.739072
0.169903 0.175499 0.180542 0.185761 0.191266 0.197067 0.203166 0.209568 0.216282 0.223319 0.230691 0.238412 0.246496 0.254959 0.263816 0.273086 0.282781 0.292759 0.302956 0.313370 0.324005 0.334862 0.345942 0.357247 0.368779 0.380537 0.392523 0.404737 0.417180 0.429853 0.442756 0.455888 0.469250 0.482841 0.496661 0.510710 0.524986 0.539490 0.554220 0.569175 0.584354 0.599756 0.615380 0.631224 0.647286 0.663566 0.680061 0.696769 0.713689 0.730819
0.172383 0.173793 0.177918 0.182897 0.188291 0.193997 0.199993 0.206280 0.212868 0.219769 0.226996 0.234564 0.242487 0.250782 0.259464 0.268550 0.278058 0.287888 0.297933 0.308195 0.318674 0.329374 0.340296 0.351440 0.362809 0.374403 0.386223 0.398271 0.410546 0.423050 0.435782 0.448743 0.461932 0.475349 0.488995 0.502869 0.516970 0.531297 0.545850 0.560628 0.575630 0.590855 0.606300 0.621966 0.637851 0.653952 0.670269 0.686799 0.703542 0.720494
0.158313 0.167200 0.173169 0.178587 0.184033 0.189666 0.195541 0.201684 0.208115 0.214850 0.221903 0.229290 0.237025 0.245124 0.253601 0.262475 0.271761 0.281418 0.291298 0.301391 0.311700 0.322227 0.332973 0.343939 0.355129 0.366541 0.378178 0.390041 0.402129 0.414445 0.426987 0.439757 0.452754 0.465979 0.479430 0.493109 0.507014 0.521146 0.535502 0.550082 0.564887 0.579913 0.595161 0.610628 0.626314 0.642218 0.658336 0.674669 0.691214 0.707969
0.163034 0.164560 0.168691 0.173524 0.178675 0.184083 0.189751 0.195694 0.201926 0.208460 0.215311 0.222490 0.230012 0.237889 0.246137 0.254771 0.263806 0.273247 0.282947 0.292858 0.302981 0.313319 0.323874 0.334647 0.345640 0.356854 0.368290 0.379950 0.391833 0.403942 0.416276 0.428835 0.441621 0.454633 0.467871 0.481335 0.495024 0.508939 0.523078 0.537441 0.552026 0.566834 0.581863 0.597112 0.612579 0.628263 0.644163 0.660277 0.676604 0.693141
0.152047 0.157823 0.162436 0.167061 0.171921 0.177058 0.182482 0.188198 0.194212 0.200532 0.207165 0.214123 0.221414 0.229052 0.237050 0.245421 0.254180 0.263344 0.272846 0.282559 0.292482 0.302616 0.312963 0.323526 0.334305 0.345302 0.356519 0.367957 0.379616 0.391498 0.403603 0.415933 0.428487 0.441265 0.454268 0.467496 0.480948 0.494624 0.508524 0.522648 0.536993 0.551561 0.566349 0.581357 0.596583 0.612026 0.627685 0.643559 0.659645 0.675943
0.147660 0.150640 0.154526 0.158820 0.163443 0.168374 0.173606 0.179133 0.184954 0.191073 0.197496 0.204230 0.211285 0.218671 0.226402 0.234490 0.242950 0.251797 0.261034 0.270533 0.280238 0.290150 0.300271 0.310603 0.321148 0.331908 0.342885 0.354079 0.365493 0.377126 0.388981 0.401058 0.413357 0.425878 0.438623 0.451591 0.464783 0.478197 0.491835 0.505695 0.519776 0.534079 0.548602 0.563345 0.578306 0.593484 0.608878 0.624487 0.640309 0.656342
0.136667 0.140391 0.144324 0.148604 0.153195 0.158068 0.163208 0.168613 0.174285 0.180229 0.186453 0.192965 0.199778 0.206901 0.214348 0.222131 0.230266 0.238766 0.247648 0.256887 0.266351 0.276019 0.285890 0.295969 0.306257 0.316756 0.327468 0.338395 0.349538 0.360897 0.372476 0.384274 0.396292 0.408530 0.420991 0.433673 0.446577 0.459702 0.473050 0.486619 0.500409 0.514420 0.528651 0.543101 0.557769 0.572655 0.587757 0.603073 0.618603 0.634345
0.124538 0.128145 0.132420 0.136956 0.141677 0.146582 0.151682 0.156993 0.162527 0.168297 0.174316 0.180595 0.187147 0.193985 0.201123 0.208574 0.216352 0.224474 0.232955 0.241805 0.250986 0.260380 0.269976 0.279773 0.289776 0.299986 0.310404 0.321034 0.331876 0.342933 0.354205 0.365695 0.377402 0.389327 0.401473 0.413838 0.426424 0.439230 0.452257 0.465504 0.478972 0.492660 0.506567 0.520693 0.535038 0.549599 0.564377 0.579369 0.594576 0.609995
0.109256 0.115211 0.120225 0.124992 0.129755 0.134609 0.139603 0.144764 0.150115 0.155670 0.161445 0.167454 0.173711 0.180230 0.187023 0.194106 0.201492 0.209197 0.217236 0.225625 0.234370 0.243434 0.252723 0.262207 0.271892 0.281779 0.291871 0.302171 0.312680 0.323399 0.334332 0.345478 0.356840 0.368418 0.380214 0.392228 0.404460 0.416912 0.429582 0.442473 0.455583 0.468912 0.482460 0.496227 0.510211 0.524412 0.538830 0.553463 0.568310 0.583370
0.101391 0.105207 0.109341 0.113653 0.118109 0.122708 0.127457 0.132369 0.137456 0.142730 0.148205 0.153894 0.159809 0.165963 0.172370 0.179044 0.185997 0.193245 0.200803 0.208685 0.216907 0.225472 0.234354 0.243494 0.252821 0.262350 0.272080 0.282012 0.292150 0.302495 0.313050 0.323816 0.334794 0.345986 0.357393 0.369016 0.380856 0.392913 0.405189 0.417682 0.430394 0.443324 0.456472 0.469838 0.483422 0.497222 0.511239 0.525470 0.539916 0.554575
0.093043 0.095503 0.098907 0.102741 0.106821 0.111082 0.115508 0.120097 0.124855 0.129790 0.134911 0.140230 0.145757 0.151505 0.157484 0.163708 0.170190 0.176943 0.183980 0.191317 0.198967 0.206946 0.215257 0.223887 0.232795 0.241936 0.251259 0.260784 0.270512 0.280442 0.290577 0.300921 0.311474 0.322237 0.333213 0.344402 0.355806 0.367426 0.379261 0.391313 0.403581 0.416067 0.428770 0.441690 0.454827 0.468179 0.481748 0.495531 0.509529 0.523740
0.079833 0.084300 0.088200 0.091993 0.095841 0.099801 0.103895 0.108136 0.112532 0.117092 0.121824 0.126737 0.131842 0.137149 0.142667 0.148409 0.154385 0.160609 0.167093 0.173851 0.180896 0.188242 0.195903 0.203885 0.212184 0.220781 0.229638 0.238726 0.247997 0.257466 0.267141 0.277020 0.287101 0.297391 0.307890 0.318599 0.329520 0.340653 0.352000 0.363561 0.375338 0.387329 0.399536 0.411959 0.424597 0.437451 0.450519 0.463801 0.477297 0.491005
0.071318 0.074943 0.078399 0.081861 0.085393 0.089026 0.092778 0.096660 0.100681 0.104850 0.109175 0.113663 0.118324 0.123166 0.128199 0.133434 0.138880 0.144550 0.150455 0.156607 0.163020 0.169705 0.176677 0.183949 0.191530 0.199421 0.207614 0.216093 0.224829 0.233798 0.242975 0.252335 0.261897 0.271668 0.281643 0.291822 0.302208 0.312804 0.323612 0.334631 0.345861 0.357303 0.368959 0.380829 0.392912 0.405208 0.417717 0.430439 0.443373 0.456518
0.065009 0.066842 0.069521 0.072507 0.075660 0.078941 0.082340 0.085859 0.089502 0.093274 0.097182 0.101235 0.105439 0.109803 0.114336 0.119048 0.123948 0.129047 0.134355 0.139884 0.145645 0.151650 0.157913 0.164446 0.171261 0.178369 0.185777 0.193483 0.201482 0.209759 0.218300 0.227076 0.236077 0.245289 0.254682 0.264274 0.274075 0.284085 0.294298 0.304716 0.315341 0.326176 0.337222 0.348479 0.359945 0.371620 0.383505 0.395601 0.407907 0.420422
0.055167 0.058340 0.061102 0.063877 0.066742 0.069705 0.072765 0.075926 0.079189 0.082562 0.086049 0.089660 0.093400 0.097278 0.101303 0.105483 0.109827 0.114346 0.119047 0.123943 0.129043 0.134358 0.139900 0.145682 0.151714 0.158010 0.164580 0.171433 0.178574 0.186003 0.193716 0.201705 0.209956 0.218460 0.227193 0.236146 0.245319 0.254687 0.264241 0.273994 0.283954 0.294124 0.304499 0.315075 0.325855 0.336839 0.348030 0.359428 0.371034 0.382845
0.049038 0.051195 0.053668 0.056226 0.058837 0.061502 0.064232 0.067033 0.069913 0.072880 0.075941 0.079104 0.082376 0.085765 0.089278 0.092924 0.096710 0.100646 0.104740 0.109001 0.113439 0.118063 0.122885 0.127914 0.133162 0.138641 0.144360 0.150333 0.156567 0.163071 0.169850 0.176906 0.184237 0.191839 0.199704 0.207821 0.216183 0.224781 0.233595 0.242621 0.251859 0.261308 0.270937 0.280756 0.290773 0.300991 0.311414 0.322042 0.332869 0.343892
0.042607 0.045137 0.047524 0.049851 0.052167 0.054501 0.056874 0.059296 0.061780 0.064333 0.066962 0.069674 0.072477 0.075377 0.078382 0.081497 0.084731 0.088091 0.091584 0.095219 0.099004 0.102947 0.107058 0.111345 0.115819 0.120489 0.125366 0.130460 0.135782 0.141342 0.147148 0.153209 0.159528 0.166110 0.172955 0.180060 0.187423 0.195040 0.202901 0.210999 0.219327 0.227883 0.236654 0.245627 0.254801 0.264179 0.273761 0.283540 0.293494 0.303632
0.038941 0.041094 0.043004 0.044889 0.046793 0.048729 0.050705 0.052727 0.054802 0.056936 0.059134 0.061400 0.063742 0.066163 0.068671 0.071269 0.073966 0.076766 0.079675 0.082702 0.085852 0.089133 0.092552 0.096118 0.099838 0.103722 0.107777 0.112014 0.116441 0.121069 0.125907 0.130963 0.136246 0.141763 0.147520 0.153519 0.159764 0.166256 0.172993 0.179972 0.187190 0.194644 0.202328 0.210235 0.218358 0.226694 0.235242 0.243999 0.252953 0.262097
0.037770 0.038410 0.039628 0.041019 0.042490 0.044018 0.045596 0.047223 0.048899 0.050627 0.052408 0.054247 0.056146 0.058110 0.060142 0.062248 0.064431 0.066696 0.069049 0.071495 0.074039 0.076687 0.079445 0.082320 0.085319 0.088448 0.091715 0.095127 0.098693 0.102420 0.106318 0.110394 0.114657 0.119114 0.123774 0.128643 0.133726 0.139028 0.144552 0.150301 0.156274 0.162472 0.168894 0.175539 0.182402 0.189482 0.196776 0.204283 0.212000 0.219921
0.033997 0.035564 0.036702 0.037805 0.038944 0.040130 0.041359 0.042629 0.043942 0.045295 0.046692 0.048133 0.049622 0.051159 0.052749 0.054394 0.056097 0.057862 0.059694 0.061595 0.063570 0.065624 0.067760 0.069985 0.072303 0.074720 0.077241 0.079872 0.082620 0.085492 0.088494 0.091633 0.094916 0.098351 0.101945 0.105704 0.109635 0.113745 0.118038 0.122518 0.127192 0.132061 0.137128 0.142397 0.147868 0.153543 0.159421 0.165505 0.171795 0.178291
0.033246 0.033526 0.034263 0.035109 0.035995 0.036910 0.037850 0.038816 0.039810 0.040832 0.041884 0.042966 0.044081 0.045231 0.046416 0.047639 0.048903 0.050210 0.051562 0.052961 0.054412 0.055916 0.057477 0.059099 0.060785 0.062540 0.064366 0.066269 0.068254 0.070324 0.072486 0.074744 0.077104 0.079571 0.082151 0.084851 0.087675 0.090630 0.093722 0.096957 0.100341 0.103880 0.107579 0.111446 0.115484 0.119700 0.124097 0.128680 0.133453 0.138419
0.030324 0.031438 0.032233 0.032945 0.033632 0.034315 0.035004 0.035702 0.036414 0.037142 0.037886 0.038649 0.039430 0.040232 0.041054 0.041899 0.042767 0.043660 0.044578 0.045523 0.046498 0.047503 0.048541 0.049613 0.050722 0.051871 0.053060 0.054295 0.055576 0.056908 0.058293 0.059735 0.061238 0.062804 0.064439 0.066145 0.067929 0.069796 0.071752 0.073804 0.075960 0.078228 0.080617 0.083135 0.085790 0.088591 0.091546 0.094662 0.097946 0.101402
0.029987 0.030508 0.030992 0.031445 0.031886 0.032325 0.032768 0.033216 0.033672 0.034135 0.034606 0.035084 0.035571 0.036065 0.036567 0.037076 0.037593 0.038118 0.038651 0.039192 0.039742 0.040301 0.040870 0.041450 0.042040 0.042642 0.043258 0.043887 0.044532 0.045192 0.045871 0.046568 0.047287 0.048028 0.048794 0.049588 0.050414 0.051281 0.052195 0.053166 0.054205 0.055322 0.056526 0.057828 0.059241 0.060775 0.062439 0.064239 0.066183 0.068275
0.030588 0.030347 0.030351 0.030466 0.030632 0.030824 0.031033 0.031252 0.031478 0.031708 0.031939 0.032170 0.032400 0.032626 0.032849 0.033067 0.033278 0.033482 0.033679 0.033866 0.034044 0.034211 0.034367 0.034512 0.034643 0.034762 0.034867 0.034958 0.035034 0.035095 0.035140 0.035169 0.035181 0.035178 0.035160 0.035134 0.035107 0.035091 0.035100 0.035148 0.035245 0.035401 0.035629 0.035946 0.036363 0.036887 0.037524 0.038278 0.039149 0.040143
0.029861 0.029735 0.029661 0.029620 0.029608 0.029618 0.029643 0.029677 0.029713 0.029748 0.029778 0.029801 0.029813 0.029813 0.029799 0.029768 0.029718 0.029648 0.029556 0.029439 0.029296 0.029125 0.028924 0.028691 0.028424 0.028121 0.027781 0.027400 0.026977 0.026510 0.025996 0.025433 0.024821 0.024160 0.023460 0.022733 0.021998 0.021281 0.020602 0.019972 0.019397 0.018882 0.018459 0.018145 0.017937 0.017827 0.017813 0.017889 0.018056 0.018311
0.028578 0.028869 0.028850 0.028765 0.028670 0.028576 0.028480 0.028380 0.028273 0.028156 0.028026 0.027880 0.027715 0.027529 0.027318 0.027080 0.026813 0.026514 0.026179 0.025806 0.025392 0.024934 0.024430 0.023875 0.023268 0.022604 0.021880 0.021093 0.020239 0.019315 0.018316 0.017240 0.016089 0.014878 0.013640 0.012401 0.011211 0.010115 0.009110 0.008183 0.007323 0.006562 0.005996 0.005558 0.005208 0.004927 0.004705 0.004535 0.004415 0.004344
0.029217 0.028436 0.028157 0.027995 0.027845 0.027683 0.027505 0.027310 0.027097 0.026864 0.026609 0.026331 0.026025 0.025689 0.025321 0.024916 0.024472 0.023984 0.023450 0.022866 0.022228 0.021533 0.020775 0.019952 0.019059 0.018091 0.017044 0.015913 0.014694 0.013380 0.011967 0.010459 0.008885 0.007315 0.005822 0.004431 0.003323 0.002413 0.001619 0.000900 0.000235 0.000001 0.000001 0.000001 0.000001 0.000001 0.000001 0.000001 0.000001 0.000001
0.027041 0.027467 0.027501 0.027381 0.027194 0.026970 0.026720 0.026446 0.026148 0.025825 0.025475 0.025094 0.024680 0.024229 0.023736 0.023200 0.022615 0.021977 0.021284 0.020529 0.019710 0.018820 0.017856 0.016813 0.015684 0.014465 0.013151 0.011734 0.010209 0.008570 0.006817 0.005004 0.003254 0.001835 0.000671 0.000001 0.000001 0.000001 0.000001 0.000001 0.000001 0.000001 0.000001 0.000001 0.000001 0.000001 0.000001 0.000001 0.000001 0.000001
0.027479 0.027548 0.027321 0.027035 0.026735 0.026425 0.026103 0.025762 0.025398 0.025007 0.024586 0.024129 0.023632 0.023093 0.022506 0.021868 0.021174 0.020420 0.019601 0.018712 0.017748 0.016705 0.015575 0.014354 0.013035 0.011613 0.010080 0.008430 0.006655 0.004750 0.002773 0.001062 0.000001 0.000001 0.000001 0.000001 0.000001 0.000001 0.000001 0.000001 0.000001 0.000001 0.000001 0.000001 0.000001 0.000001 0.000001 0.000001 0.000001 0.000001
0.029501 0.027878 0.027163 0.026707 0.026329 0.025970 0.025606 0.025224 0.024818 0.024382 0.023910 0.023399 0.022844 0.022240 0.021583 0.020869 0.020092 0.019249 0.018333 0.017340 0.016264 0.015099 0.013840 0.012478 0.011009 0.009425 0.007718 0.005881 0.003905 0.001813 0.000030 0.000001 0.000001 0.000001 0.000001 0.000001 0.000001 0.000001 0.000001 0.000001 0.000001 0.000001 0.000001 0.000001 0.000001 0.000001 0.000001 0.000001 0.000001 0.000001
0.025746 0.026490 0.026449 0.026212 0.025911 0.025577 0.025214 0.024821 0.024395 0.023931 0.023428 0.022879 0.022282 0.021632 0.020923 0.020153 0.019314 0.018404 0.017415 0.016343 0.015181 0.013923 0.012563 0.011093 0.009507 0.007796 0.005953 0.003969 0.001837 0.000001 0.000001 0.000001 0.000001 0.000001 0.000001 0.000001 0.000001 0.000001 0.000001 0.000001 0.000001 0.000001 0.000001 0.000001 0.000001 0.000001 0.000001 0.000001 0.000001 0.000001
0.026890 0.026368 0.026150 0.025924 0.025649 0.025329 0.024968 0.024567 0.024127 0.023645 0.023118 0.022543 0.021915 0.021230 0.020484 0.019671 0.018787 0.017826 0.016783 0.015651 0.014424 0.013097 0.011661 0.010109 0.008434 0.006627 0.004680 0.002583 0.000366 0.000001 0.000001 0.000001 0.000001 0.000001 0.000001 0.000001 0.000001 0.000001 0.000001 0.000001 0.000001 0.000001 0.000001 0.000001 0.000001 0.000001 0.000001 0.000001 0.000001 0.000001
0.026505 0.026480 0.026235 0.025941 0.025618 0.025266 0.024881 0.024461 0.024002 0.023500 0.022953 0.022355 0.021703 0.020991 0.020216 0.019372 0.018454 0.017456 0.016372 0.015197 0.013923 0.012544 0.011052 0.009440 0.007700 0.005822 0.003798 0.001618 0.000001 0.000001 0.000001 0.000001 0.000001 0.000001 0.000001 0.000001 0.000001 0.000001 0.000001 0.000001 0.000001 0.000001 0.000001 0.000001 0.000001 0.000001 0.000001 0.000001 0.000001 0.000001
0.027579 0.026924 0.026476 0.026083 0.025701 0.025308 0.024894 0.024450 0.023971 0.023450 0.022884 0.022267 0.021595 0.020863 0.020066 0.019199 0.018257 0.017232 0.016121 0.014915 0.013608 0.012193 0.010663 0.009009 0.007223 0.005296 0.003218 0.000980 0.000001 0.000001 0.000001 0.000001 0.000001 0.000001 0.000001 0.000001 0.000001 0.000001 0.000001 0.000001 0.000001 0.000001 0.000001 0.000001 0.000001 0.000001 0.000001 0.000001 0.000001 0.000001
0.027033 0.026792 0.026470 0.026117 0.025742 0.025343 0.024918 0.024461 0.023968 0.023434 0.022853 0.022223 0.021537 0.020791 0.019980 0.019098 0.018140 0.017099 0.015970 0.014745 0.013418 0.011981 0.010427 0.008747 0.006932 0.004974 0.002862 0.000585 0.000001 0.000001 0.000001 0.000001 0.000001 0.000001 0.000001 0.000001 0.000001 0.000001 0.000001 0.000001 0.000001 0.000001 0.000001 0.000001 0.000001 0.000001 0.000001 0.000001 0.000001 0.000001
0.026681 0.026614 0.026375 0.026065 0.025711 0.025321 0.024897 0.024436 0.023937 0.023396 0.022809 0.022172 0.021480 0.020727 0.019910 0.019022 0.018057 0.017009 0.015873 0.014640 0.013304 0.011858 0.010292 0.008600 0.006771 0.004797 0.002666 0.000370 0.000001 0.000001 0.000001 0.000001 0.000001 0.000001 0.000001 0.000001 0.000001 0.000001 0.000001 0.000001 0.000001 0.000001 0.000001 0.000001 0.000001 0.000001 0.000001 0.000001 0.000001 0.000001
0.027469 0.026766 0.026357 0.025998 0.025628 0.025232 0.024805 0.024343 0.023844 0.023303 0.022718 0.022082 0.021392 0.020642 0.019828 0.018942 0.017980 0.016935 0.015801 0.014570 0.013235 0.011789 0.010224 0.008530 0.006700 0.004722 0.002587 0.000284 0.000001 0.000001 0.000001 0.000001 0.000001 0.000001 0.000001 0.000001 0.000001 0.000001 0.000001 0.000001 0.000001 0.000001 0.000001 0.000001 0.000001 0.000001 0.000001 0.000001 0.000001 0.000001
0.026273 0.026409 0.026168 0.025830 0.025456 0.025056 0.024629 0.024172 0.023680 0.023148 0.022573 0.021948 0.021270 0.020532 0.019728 0.018854 0.017903 0.016869 0.015745 0.014524 0.013199 0.011762 0.010205 0.008520 0.006696 0.004725 0.002595 0.000297 0.000001 0.000001 0.000001 0.000001 0.000001 0.000001 0.000001 0.000001 0.000001 0.000001 0.000001 0.000001 0.000001 0.000001 0.000001 0.000001 0.000001 0.000001 0.000001 0.000001 0.000001 0.000001
0.027047 0.026347 0.025930 0.025557 0.025181 0.024791 0.024379 0.023939 0.023467 0.022956 0.022400 0.021796 0.021136 0.020417 0.019632 0.018775 0.017841 0.016823 0.015715 0.014510 0.013200 0.011777 0.010234 0.008562 0.006752 0.004793 0.002676 0.000389 0.000001 0.000001 0.000001 0.000001 0.000001 0.000001 0.000001 0.000001 0.000001 0.000001 0.000001 0.000001 0.000001 0.000001 0.000001 0.000001 0.000001 0.000001 0.000001 0.000001 0.000001 0.000001
0.025801 0.025785 0.025504 0.025179 0.024842 0.024488 0.024112 0.023705 0.023263 0.022780 0.022251 0.021671 0.021034 0.020336 0.019572 0.018735 0.017820 0.016820 0.015730 0.014541 0.013248 0.011842 0.010316 0.008660 0.006865 0.004922 0.002820 0.000548 0.000001 0.000001 0.000001 0.000001 0.000001 0.000001 0.000001 0.000001 0.000001 0.000001 0.000001 0.000001 0.000001 0.000001 0.000001 0.000001 0.000001 0.000001 0.000001 0.000001 0.000001 0.000001
0.026248 0.025484 0.025121 0.024840 0.024560 0.024258 0.023926 0.023556 0.023145 0.022689 0.022184 0.021626 0.021009 0.020330 0.019583 0.018763 0.017864 0.016880 0.015805 0.014633 0.013355 0.011964 0.010453 0.008812 0.007032 0.005104 0.003017 0.000761 0.000001 0.000001 0.000001 0.000001 0.000001 0.000001 0.000001 0.000001 0.000001 0.000001 0.000001 0.000001 0.000001 0.000001 0.000001 0.000001 0.000001 0.000001 0.000001 0.000001 0.000001 0.000001
0.024341 0.024814 0.024822 0.024684 0.024475 0.024216 0.023913 0.023565 0.023172 0.022731 0.022239 0.021692 0.021086 0.020418 0.019681 0.018871 0.017983 0.017010 0.015946 0.014784 0.013517 0.012138 0.010638 0.009009 0.007241 0.005325 0.003250 0.001006 0.000001 0.000001 0.000001 0.000001 0.000001 0.000001 0.000001 0.000001 0.000001 0.000001 0.000001 0.000001 0.000001 0.000001 0.000001 0.000001 0.000001 0.000001 0.000001 0.000001 0.000001 0.000001
0.025590 0.025257 0.025088 0.024904 0.024679 0.024410 0.024099 0.023745 0.023347 0.022903 0.022409 0.021861 0.021255 0.020588 0.019853 0.019046 0.018161 0.017192 0.016133 0.014976 0.013715 0.012341 0.010848 0.009225 0.007464 0.005556 0.003489 0.001252 0.000001 0.000001 0.000001 0.000001 0.000001 0.000001 0.000001 0.000001 0.000001 0.000001 0.000001 0.000001 0.000001 0.000001 0.000001 0.000001 0.000001 0.000001 0.000001 0.000001 0.000001 0.000001
0.026107 0.025899 0.025638 0.025363 0.025071 0.024754 0.024407 0.024026 0.023608 0.023148 0.022641 0.022083 0.021470 0.020797 0.020057 0.019247 0.018359 0.017388 0.016327 0.015170 0.013909 0.012536 0.011043 0.009422 0.007663 0.005757 0.003692 0.001458 0.000001 0.000001 0.000001 0.000001 0.000001 0.000001 0.000001 0.000001 0.000001 0.000001 0.000001 0.000001 0.000001 0.000001 0.000001 0.000001 0.000001 0.000001 0.000001 0.000001 0.000001 0.000001
0.026626 0.026403 0.026101 0.025773 0.025432 0.025075 0.024697 0.024291 0.023852 0.023375 0.022854 0.022285 0.021661 0.020979 0.020231 0.019414 0.018520 0.017543 0.016477 0.015315 0.014049 0.012672 0.011176 0.009552 0.007790 0.005880 0.003813 0.001577 0.000001 0.000001 0.000001 0.000001 0.000001 0.000001 0.000001 0.000001 0.000001 0.000001 0.000001 0.000001 0.000001 0.000001 0.000001 0.000001 0.000001 0.000001 0.000001 0.000001 0.000001 0.000001
0.027268 0.026707 0.026309 0.025955 0.025603 0.025238 0.024851 0.024436 0.023988 0.023501 0.022971 0.022393 0.021760 0.021069 0.020314 0.019488 0.018586 0.017601 0.016528 0.015358 0.014085 0.012701 0.011197 0.009566 0.007797 0.005881 0.003807 0.001564 0.000001 0.000001 0.000001 0.000001 0.000001 0.000001 0.000001 0.000001 0.000001 0.000001 0.000001 0.000001 0.000001 0.000001 0.000001 0.000001 0.000001 0.000001 0.000001 0.000001 0.000001 0.000001
0.026546 0.026397 0.026157 0.025872 0.025554 0.025206 0.024826 0.024414 0.023965 0.023475 0.022940 0.022356 0.021718 0.021019 0.020256 0.019422 0.018512 0.017518 0.016436 0.015257 0.013974 0.012581 0.011068 0.009426 0.007647 0.005721 0.003636 0.001383 0.000001 0.000001 0.000001 0.000001 0.000001 0.000001 0.000001 0.000001 0.000001 0.000001 0.000001 0.000001 0.000001 0.000001 0.000001 0.000001 0.000001 0.000001 0.000001 0.000001 0.000001 0.000001
0.026183 0.026125 0.025937 0.025672 0.025361 0.025015 0.024637 0.024225 0.023775 0.023283 0.022745 0.022156 0.021511 0.020806 0.020035 0.019193 0.018274 0.017271 0.016178 0.014989 0.013696 0.012291 0.010766 0.009113 0.007322 0.005383 0.003286 0.001019 0.000001 0.000001 0.000001 0.000001 0.000001 0.000001 0.000001 0.000001 0.000001 0.000001 0.000001 0.000001 0.000001 0.000001 0.000001 0.000001 0.000001 0.000001 0.000001 0.000001 0.000001 0.000001
0.026554 0.026163 0.025775 0.025414 0.025059 0.024695 0.024307 0.023890 0.023435 0.022938 0.022394 0.021799 0.021147 0.020434 0.019655 0.018803 0.017874 0.016861 0.015757 0.014557 0.013252 0.011835 0.010297 0.008630 0.006825 0.004872 0.002759 0.000482 0.000001 0.000001 0.000001 0.000001 0.000001 0.000001 0.000001 0.000001 0.000001 0.000001 0.000001 0.000001 0.000001 0.000001 0.000001 0.000001 0.000001 0.000001 0.000001 0.000001 0.000001 0.000001
0.026679 0.025810 0.025323 0.024951 0.024601 0.024240 0.023853 0.023433 0.022973 0.022470 0.021919 0.021315 0.020655 0.019932 0.019143 0.018281 0.017340 0.016316 0.015200 0.013987 0.012669 0.011239 0.009687 0.008005 0.006185 0.004216 0.002087 0.000001 0.000001 0.000001 0.000001 0.000001 0.000001 0.000001 0.000001 0.000001 0.000001 0.000001 0.000001 0.000001 0.000001 0.000001 0.000001 0.000001 0.000001 0.000001 0.000001 0.000001 0.000001 0.000001
0.024167 0.024499 0.024483 0.024303 0.024032 0.023703 0.023326 0.022904 0.022439 0.021928 0.021367 0.020753 0.020082 0.019348 0.018547 0.017673 0.016720 0.015683 0.014554 0.013328 0.011995 0.010550 0.008983 0.007286 0.005449 0.003462 0.001315 0.000001 0.000001 0.000001 0.000001 0.000001 0.000001 0.000001 0.000001 0.000001 0.000001 0.000001 0.000001 0.000001 0.000001 0.000001 0.000001 0.000001 0.000001 0.000001 0.000001 0.000001 0.000001 0.000001
0.023642 0.024055 0.024034 0.023835 0.023547 0.023202 0.022811 0.022377 0.021898 0.021374 0.020800 0.020173 0.019489 0.018742 0.017927 0.017039 0.016073 0.015021 0.013878 0.012636 0.011289 0.009827 0.008244 0.006529 0.004674 0.002669 0.000510 0.000001 0.000001 0.000001 0.000001 0.000001 0.000001 0.000001 0.000001 0.000001 0.000001 0.000001 0.000001 0.000001 0.000001 0.000001 0.000001 0.000001 0.000001 0.000001 0.000001 0.000001 0.000001 0.000001
0.026049 0.024743 0.024077 0.023619 0.023214 0.022806 0.022377 0.021914 0.021414 0.020870 0.020279 0.019635 0.018935 0.018172 0.017342 0.016439 0.015457 0.014389 0.013230 0.011972 0.010607 0.009129 0.007527 0.005794 0.003920 0.001894 0.000001 0.000001 0.000001 0.000001 0.000001 0.000001 0.000001 0.000001 0.000001 0.000001 0.000001 0.000001 0.000001 0.000001 0.000001 0.000001 0.000001 0.000001 0.000001 0.000001 0.000001 0.000001 0.000001 0.000001
0.024254 0.024103 0.023765 0.023365 0.022943 0.022503 0.022040 0.021550 0.021024 0.020458 0.019846 0.019184 0.018465 0.017685 0.016837 0.015917 0.014918 0.013833 0.012656 0.011380 0.009998 0.008500 0.006880 0.005127 0.003232 0.001186 0.000001 0.000001 0.000001 0.000001 0.000001 0.000001 0.000001 0.000001 0.000001 0.000001 0.000001 0.000001 0.000001 0.000001 0.000001 0.000001 0.000001 0.000001 0.000001 0.000001 0.000001 0.000001 0.000001 0.000001
0.023893 0.023906 0.023587 0.023181 0.022743 0.022282 0.021797 0.021283 0.020735 0.020148 0.019516 0.018834 0.018097 0.017298 0.016432 0.015494 0.014477 0.013375 0.012180 0.010886 0.009485 0.007968 0.006328 0.004555 0.002640 0.000572 0.000001 0.000001 0.000001 0.000001 0.000001 0.000001 0.000001 0.000001 0.000001 0.000001 0.000001 0.000001 0.000001 0.000001 0.000001 0.000001 0.000001 0.000001 0.000001 0.000001 0.000001 0.000001 0.000001 0.000001
0.025325 0.024132 0.023523 0.023044 0.022583 0.022109 0.021610 0.021082 0.020519 0.019916 0.019268 0.018569 0.017815 0.017000 0.016119 0.015164 0.014130 0.013011 0.011799 0.010488 0.009069 0.007534 0.005875 0.004083 0.002147 0.000069 0.000001 0.000001 0.000001 0.000001 0.000001 0.000001 0.000001 0.000001 0.000001 0.000001 0.000001 0.000001 0.000001 0.000001 0.000001 0.000001 0.000001 0.000001 0.000001 0.000001 0.000001 0.000001 0.000001 0.000001
0.023061 0.023410 0.023192 0.022820 0.022390 0.021925 0.021427 0.020895 0.020325 0.019714 0.019056 0.018348 0.017583 0.016756 0.015862 0.014895 0.013848 0.012715 0.011489 0.010162 0.008727 0.007176 0.005500 0.003690 0.001736 0.000001 0.000001 0.000001 0.000001 0.000001 0.000001 0.000001 0.000001 0.000001 0.000001 0.000001 0.000001 0.000001 0.000001 0.000001 0.000001 0.000001 0.000001 0.000001 0.000001 0.000001 0.000001 0.000001 0.000001 0.000001
0.024134 0.023443 0.022996 0.022579 0.022146 0.021686 0.021194 0.020667 0.020100 0.019489 0.018831 0.018120 0.017351 0.016519 0.015618 0.014643 0.013587 0.012444 0.011207 0.009869 0.008421 0.006857 0.005166 0.003340 0.001370 0.000001 0.000001 0.000001 0.000001 0.000001 0.000001 0.000001 0.000001 0.000001 0.000001 0.000001 0.000001 0.000001 0.000001 0.000001 0.000001 0.000001 0.000001 0.000001 0.000001 0.000001 0.000001 0.000001 0.000001 0.000001
0.023491 0.023030 0.022620 0.022215 0.021796 0.021351 0.020874 0.020360 0.019804 0.019202 0.018550 0.017843 0.017076 0.016244 0.015341 0.014363 0.013302 0.012153 0.010909 0.009562 0.008105 0.006530 0.004828 0.002989 0.001004 0.000001 0.000001 0.000001 0.000001 0.000001 0.000001 0.000001 0.000001 0.000001 0.000001 0.000001 0.000001 0.000001 0.000001 0.000001 0.000001 0.000001 0.000001 0.000001 0.000001 0.000001 0.000001 0.000001 0.000001 0.000001
0.022164 0.022274 0.022042 0.021712 0.021335 0.020920 0.020466 0.019970 0.019429 0.018839 0.018195 0.017494 0.016731 0.015901 0.014999 0.014020 0.012957 0.011804 0.010555 0.009201 0.007737 0.006153 0.004441 0.002592 0.000596 0.000001 0.000001 0.000001 0.000001 0.000001 0.000001 0.000001 0.000001 0.000001 0.000001 0.000001 0.000001 0.000001 0.000001 0.000001 0.000001 0.000001 0.000001 0.000001 0.000001 0.000001 0.000001 0.000001 0.000001 0.000001
0.022755 0.021934 0.021537 0.021200 0.020842 0.020446 0.020007 0.019522 0.018989 0.018404 0.017765 0.017067 0.016305 0.015475 0.014573 0.013591 0.012525 0.011368 0.010114 0.008756 0.007285 0.005693 0.003973 0.002114 0.000128 0.000001 0.000001 0.000001 0.000001 0.000001 0.000001 0.000001 0.000001 0.000001 0.000001 0.000001 0.000001 0.000001 0.000001 0.000001 0.000001 0.000001 0.000001 0.000001 0.000001 0.000001 0.000001 0.000001 0.000001 0.000001
0.020817 0.021176 0.021033 0.020741 0.020384 0.019981 0.019533 0.019041 0.018501 0.017911 0.017266 0.016563 0.015796 0.014962 0.014054 0.013067 0.011996 0.010834 0.009574 0.008208 0.006730 0.005131 0.003402 0.001535 0.000001 0.000001 0.000001 0.000001 0.000001 0.000001 0.000001 0.000001 0.000001 0.000001 0.000001 0.000001 0.000001 0.000001 0.000001 0.000001 0.000001 0.000001 0.000001 0.000001 0.000001 0.000001 0.000001 0.000001 0.000001 0.000001
0.021867 0.021242 0.020802 0.020394 0.019973 0.019527 0.019047 0.018529 0.017969 0.017361 0.016701 0.015985 0.015207 0.014362 0.013445 0.012450 0.011371 0.010200 0.008932 0.007559 0.006073 0.004466 0.002729 0.000854 0.000001 0.000001 0.000001 0.000001 0.000001 0.000001 0.000001 0.000001 0.000001 0.000001 0.000001 0.000001 0.000001 0.000001 0.000001 0.000001 0.000001 0.000001 0.000001 0.000001 0.000001 0.000001 0.000001 0.000001 0.000001 0.000001
0.021753 0.020979 0.020454 0.019982 0.019510 0.019021 0.018507 0.017960 0.017375 0.016746 0.016068 0.015335 0.014543 0.013686 0.012757 0.011752 0.010662 0.009483 0.008206 0.006824 0.005330 0.003714 0.001968 0.000134 0.000001 0.000001 0.000001 0.000001 0.000001 0.000001 0.000001 0.000001 0.000001 0.000001 0.000001 0.000001 0.000001 0.000001 0.000001 0.000001 0.000001 0.000001 0.000001 0.000001 0.000001 0.000001 0.000001 0.000001 0.000001 0.000001
0.019749 0.020087 0.019818 0.019392 0.018916 0.018410 0.017877 0.017311 0.016708 0.016063 0.015371 0.014625 0.013821 0.012952 0.012013 0.010997 0.009899 0.008711 0.007425 0.006035 0.004532 0.002908 0.001155 0.000001 0.000001 0.000001 0.000001 0.000001 0.000001 0.000001 0.000001 0.000001 0.000001 0.000001 0.000001 0.000001 0.000001 0.000001 0.000001 0.000001 0.000001 0.000001 0.000001 0.000001 0.000001 0.000001 0.000001 0.000001 0.000001 0.000001
0.021126 0.019861 0.019213 0.018704 0.018213 0.017704 0.017167 0.016597 0.015988 0.015336 0.014637 0.013884 0.013072 0.012196 0.011250 0.010228 0.009123 0.007928 0.006636 0.005239 0.003729 0.002098 0.000355 0.000001 0.000001 0.000001 0.000001 0.000001 0.000001 0.000001 0.000001 0.000001 0.000001 0.000001 0.000001 0.000001 0.000001 0.000001 0.000001 0.000001 0.000001 0.000001 0.000001 0.000001 0.000001 0.000001 0.000001 0.000001 0.000001 0.000001
0.018585 0.018619 0.018323 0.017918 0.017461 0.016968 0.016439 0.015873 0.015267 0.014616 0.013917 0.013163 0.012350 0.011472 0.010524 0.009498 0.008389 0.007191 0.005894 0.004493 0.002979 0.001342 0.000001 0.000001 0.000001 0.000001 0.000001 0.000001 0.000001 0.000001 0.000001 0.000001 0.000001 0.000001 0.000001 0.000001 0.000001 0.000001 0.000001 0.000001 0.000001 0.000001 0.000001 0.000001 0.000001 0.000001 0.000001 0.000001 0.000001 0.000001
0.018211 0.018027 0.017668 0.017245 0.016786 0.016298 0.015777 0.015219 0.014620 0.013976 0.013282 0.012532 0.011721 0.010845 0.009897 0.008872 0.007762 0.006562 0.005264 0.003860 0.002343 0.000704 0.000001 0.000001 0.000001 0.000001 0.000001 0.000001 0.000001 0.000001 0.000001 0.000001 0.000001 0.000001 0.000001 0.000001 0.000001 0.000001 0.000001 0.000001 0.000001 0.000001 0.000001 0.000001 0.000001 0.000001 0.000001 0.000001 0.000001 0.000001
0.018705 0.017759 0.017189 0.016716 0.016254 0.015775 0.015265 0.014718 0.014129 0.013493 0.012805 0.012060 0.011254 0.010381 0.009435 0.008411 0.007302 0.006102 0.004804 0.003399 0.001881 0.000240 0.000001 0.000001 0.000001 0.000001 0.000001 0.000001 0.000001 0.000001 0.000001 0.000001 0.000001 0.000001 0.000001 0.000001 0.000001 0.000001 0.000001 0.000001 0.000001 0.000001 0.000001 0.000001 0.000001 0.000001 0.000001 0.000001 0.000001 0.000001
0.017008 0.016968 0.016701 0.016341 0.015929 0.015475 0.014980 0.014444 0.013862 0.013232 0.012548 0.011807 0.011004 0.010133 0.009190 0.008167 0.007059 0.005859 0.004561 0.003156 0.001637 0.000001 0.000001 0.000001 0.000001 0.000001 0.000001 0.000001 0.000001 0.000001 0.000001 0.000001 0.000001 0.000001 0.000001 0.000001 0.000001 0.000001 0.000001 0.000001 0.000001 0.000001 0.000001 0.000001 0.000001 0.000001 0.000001 0.000001 0.000001 0.000001
