0.058317 0.059336 0.060432 0.061602 0.062825 0.064087 0.065384 0.066717 0.068086 0.069492 0.070937 0.072422 0.073948 0.075518 0.077132 0.078793 0.080501 0.082259 0.084068 0.085929 0.087845 0.089817 0.091846 0.093935 0.096086 0.098299 0.100578 0.102924 0.105339 0.107825 0.110384 0.113019 0.115732 0.118525 0.121399 0.124358 0.127404 0.130540 0.133767 0.137088 0.140506 0.144024 0.147644 0.151368 0.155200 0.159142 0.163197 0.167368 0.171657 0.176068
0.058262 0.059283 0.060508 0.061743 0.062987 0.064253 0.065548 0.066877 0.068242 0.069645 0.071088 0.072572 0.074098 0.075668 0.077282 0.078944 0.080653 0.082412 0.084221 0.086084 0.088001 0.089974 0.092004 0.094095 0.096246 0.098461 0.100741 0.103088 0.105504 0.107992 0.110553 0.113189 0.115903 0.118697 0.121573 0.124533 0.127581 0.130717 0.133946 0.137268 0.140688 0.144207 0.147828 0.151553 0.155386 0.159330 0.163386 0.167558 0.171849 0.176261
0.057304 0.059496 0.060870 0.062097 0.063319 0.064569 0.065854 0.067177 0.068538 0.069939 0.071380 0.072864 0.074390 0.075961 0.077577 0.079240 0.080951 0.082712 0.084524 0.086389 0.088308 0.090283 0.092316 0.094409 0.096563 0.098780 0.101062 0.103412 0.105831 0.108321 0.110884 0.113523 0.116239 0.119036 0.121914 0.124877 0.127927 0.131067 0.134298 0.137623 0.141045 0.144567 0.148190 0.151918 0.155754 0.159699 0.163758 0.167932 0.172225 0.176639
0.061557 0.060858 0.061533 0.062579 0.063751 0.064986 0.066267 0.067589 0.068952 0.070355 0.071799 0.073285 0.074815 0.076389 0.078008 0.079674 0.081388 0.083152 0.084968 0.086835 0.088758 0.090736 0.092772 0.094868 0.097026 0.099246 0.101532 0.103885 0.106307 0.108801 0.111368 0.114010 0.116730 0.119530 0.122413 0.125380 0.128433 0.131576 0.134811 0.138140 0.141566 0.145091 0.148718 0.152450 0.156289 0.160238 0.164300 0.168477 0.172773 0.177191
0.057594 0.060182 0.061686 0.062961 0.064205 0.065470 0.066767 0.068101 0.069472 0.070883 0.072334 0.073827 0.075362 0.076940 0.078564 0.080235 0.081953 0.083721 0.085540 0.087411 0.089337 0.091320 0.093360 0.095459 0.097621 0.099845 0.102135 0.104492 0.106919 0.109417 0.111988 0.114635 0.117360 0.120165 0.123052 0.126023 0.129082 0.132229 0.135469 0.138803 0.142233 0.145763 0.149395 0.153131 0.156975 0.160928 0.164994 0.169176 0.173476 0.177897
0.060596 0.061212 0.062323 0.063533 0.064781 0.066061 0.067374 0.068721 0.070104 0.071524 0.072983 0.074482 0.076022 0.077606 0.079234 0.080908 0.082630 0.084402 0.086224 0.088100 0.090030 0.092016 0.094060 0.096164 0.098329 0.100558 0.102853 0.105214 0.107646 0.110149 0.112725 0.115377 0.118107 0.120917 0.123810 0.126787 0.129851 0.133005 0.136250 0.139589 0.143025 0.146561 0.150198 0.153939 0.157788 0.161747 0.165818 0.170004 0.174308 0.178734
0.060815 0.061966 0.063070 0.064257 0.065502 0.066789 0.068110 0.069464 0.070853 0.072277 0.073739 0.075240 0.076783 0.078369 0.079999 0.081676 0.083401 0.085175 0.087000 0.088879 0.090812 0.092802 0.094850 0.096958 0.099128 0.101361 0.103661 0.106028 0.108464 0.110973 0.113555 0.116213 0.118949 0.121765 0.124663 0.127647 0.130717 0.133877 0.137128 0.140474 0.143916 0.147457 0.151101 0.154848 0.158703 0.162667 0.166743 0.170935 0.175244 0.179674
0.061815 0.062625 0.063831 0.065089 0.066361 0.067653 0.068971 0.070320 0.071703 0.073123 0.074582 0.076080 0.077621 0.079206 0.080836 0.082512 0.084238 0.086013 0.087841 0.089722 0.091658 0.093651 0.095703 0.097815 0.099990 0.102228 0.104533 0.106905 0.109347 0.111862 0.114450 0.117114 0.119857 0.122679 0.125584 0.128574 0.131651 0.134818 0.138076 0.141428 0.144877 0.148425 0.152075 0.155829 0.159690 0.163660 0.167742 0.171939 0.176253 0.180688
0.060760 0.063309 0.064822 0.066106 0.067354 0.068618 0.069913 0.071244 0.072612 0.074021 0.075471 0.076963 0.078499 0.080080 0.081708 0.083383 0.085109 0.086886 0.088715 0.090598 0.092538 0.094534 0.096590 0.098707 0.100887 0.103131 0.105441 0.107819 0.110268 0.112788 0.115383 0.118054 0.120803 0.123633 0.126545 0.129542 0.132626 0.135800 0.139065 0.142424 0.145880 0.149435 0.153091 0.156852 0.160718 0.164694 0.168782 0.172985 0.177304 0.181744
0.066249 0.065579 0.066218 0.067225 0.068368 0.069582 0.070848 0.072159 0.073514 0.074911 0.076353 0.077839 0.079371 0.080950 0.082577 0.084253 0.085980 0.087759 0.089591 0.091478 0.093422 0.095423 0.097484 0.099606 0.101791 0.104041 0.106358 0.108743 0.111198 0.113726 0.116327 0.119005 0.121762 0.124599 0.127518 0.130522 0.133614 0.136794 0.140067 0.143433 0.146895 0.150457 0.154120 0.157886 0.161759 0.165741 0.169834 0.174041 0.178365 0.182809
0.063652 0.065616 0.066856 0.068014 0.069197 0.070420 0.071685 0.072992 0.074343 0.075739 0.077179 0.078666 0.080199 0.081780 0.083410 0.085090 0.086821 0.088605 0.090442 0.092335 0.094284 0.096291 0.098359 0.100487 0.102679 0.104936 0.107260 0.109652 0.112114 0.114649 0.117258 0.119943 0.122707 0.125551 0.128477 0.131489 0.134587 0.137775 0.141054 0.144426 0.147896 0.151463 0.155132 0.158904 0.162782 0.166769 0.170867 0.175078 0.179406 0.183853
0.065493 0.066193 0.067401 0.068635 0.069866 0.071113 0.072392 0.073710 0.075070 0.076474 0.077923 0.079418 0.080959 0.082548 0.084186 0.085874 0.087613 0.089405 0.091250 0.093150 0.095107 0.097122 0.099196 0.101333 0.103532 0.105796 0.108127 0.110526 0.112996 0.115538 0.118154 0.120846 0.123616 0.126467 0.129401 0.132419 0.135523 0.138717 0.142002 0.145381 0.148856 0.152429 0.156102 0.159879 0.163762 0.167752 0.171853 0.176068 0.180398 0.184847
0.064393 0.066709 0.068052 0.069246 0.070451 0.071697 0.072987 0.074321 0.075699 0.077121 0.078586 0.080096 0.081651 0.083253 0.084903 0.086602 0.088351 0.090152 0.092006 0.093915 0.095881 0.097904 0.099986 0.102130 0.104337 0.106608 0.108946 0.111352 0.113828 0.116376 0.118999 0.121697 0.124474 0.127331 0.130270 0.133293 0.136403 0.139602 0.142892 0.146275 0.149754 0.153331 0.157008 0.160788 0.164674 0.168667 0.172770 0.176985 0.181316 0.185765
0.069293 0.068212 0.068741 0.069745 0.070923 0.072185 0.073502 0.074864 0.076268 0.077711 0.079197 0.080724 0.082295 0.083910 0.085572 0.087282 0.089041 0.090851 0.092714 0.094631 0.096604 0.098634 0.100723 0.102873 0.105086 0.107363 0.109707 0.112118 0.114600 0.117153 0.119781 0.122484 0.125265 0.128126 0.131070 0.134097 0.137211 0.140413 0.143706 0.147092 0.150574 0.154152 0.157831 0.161613 0.165499 0.169492 0.173594 0.177809 0.182139 0.186586
0.064323 0.066948 0.068567 0.069954 0.071296 0.072643 0.074010 0.075405 0.076833 0.078295 0.079795 0.081335 0.082916 0.084541 0.086211 0.087928 0.089694 0.091510 0.093378 0.095300 0.097278 0.099312 0.101406 0.103560 0.105777 0.108058 0.110405 0.112820 0.115305 0.117861 0.120491 0.123197 0.125981 0.128844 0.131790 0.134819 0.137934 0.141137 0.144431 0.147818 0.151299 0.154878 0.158556 0.162336 0.166220 0.170211 0.174311 0.178522 0.182847 0.187289
0.065994 0.067525 0.069045 0.070477 0.071862 0.073233 0.074614 0.076016 0.077447 0.078911 0.080412 0.081953 0.083535 0.085160 0.086831 0.088549 0.090316 0.092133 0.094003 0.095926 0.097904 0.099940 0.102034 0.104189 0.106407 0.108689 0.111036 0.113452 0.115937 0.118494 0.121124 0.123830 0.126614 0.129476 0.132421 0.135449 0.138563 0.141765 0.145057 0.148441 0.151920 0.155495 0.159170 0.162945 0.166825 0.170810 0.174904 0.179108 0.183426 0.187860
0.068480 0.069179 0.070249 0.071448 0.072705 0.074002 0.075335 0.076705 0.078113 0.079560 0.081047 0.082577 0.084150 0.085768 0.087433 0.089145 0.090907 0.092720 0.094585 0.096505 0.098480 0.100513 0.102605 0.104757 0.106972 0.109251 0.111597 0.114010 0.116492 0.119047 0.121674 0.124377 0.127157 0.130017 0.132958 0.135982 0.139092 0.142289 0.145576 0.148954 0.152427 0.155996 0.159664 0.163432 0.167303 0.171279 0.175363 0.179558 0.183864 0.188286
0.068957 0.070312 0.071354 0.072426 0.073576 0.074795 0.076073 0.077402 0.078779 0.080202 0.081669 0.083182 0.084741 0.086346 0.087999 0.089702 0.091455 0.093260 0.095118 0.097030 0.098999 0.101026 0.103112 0.105259 0.107468 0.109742 0.112082 0.114490 0.116967 0.119515 0.122137 0.124834 0.127608 0.130461 0.133395 0.136412 0.139515 0.142704 0.145982 0.149352 0.152815 0.156374 0.160031 0.163788 0.167647 0.171611 0.175681 0.179861 0.184152 0.188557
0.071111 0.071220 0.072043 0.073087 0.074231 0.075440 0.076703 0.078016 0.079375 0.080781 0.082232 0.083730 0.085275 0.086868 0.088509 0.090201 0.091944 0.093739 0.095588 0.097492 0.099452 0.101471 0.103549 0.105688 0.107889 0.110156 0.112488 0.114887 0.117356 0.119896 0.122510 0.125198 0.127963 0.130806 0.133730 0.136737 0.139828 0.143006 0.146272 0.149630 0.153080 0.156625 0.160267 0.164008 0.167851 0.171798 0.175851 0.180011 0.184283 0.188667
0.068829 0.070752 0.072145 0.073409 0.074650 0.075904 0.077186 0.078504 0.079860 0.081260 0.082703 0.084191 0.085727 0.087310 0.088942 0.090624 0.092358 0.094144 0.095984 0.097879 0.099831 0.101840 0.103909 0.106039 0.108231 0.110488 0.112810 0.115199 0.117658 0.120187 0.122789 0.125465 0.128218 0.131049 0.133960 0.136953 0.140029 0.143192 0.146443 0.149784 0.153216 0.156743 0.160367 0.164089 0.167911 0.171836 0.175866 0.180004 0.184251 0.188609
0.069969 0.071193 0.072486 0.073751 0.075005 0.076269 0.077556 0.078876 0.080233 0.081630 0.083070 0.084554 0.086084 0.087662 0.089288 0.090964 0.092690 0.094469 0.096301 0.098188 0.100130 0.102131 0.104190 0.106310 0.108491 0.110737 0.113047 0.115424 0.117870 0.120386 0.122974 0.125636 0.128373 0.131188 0.134082 0.137058 0.140116 0.143260 0.146491 0.149812 0.153223 0.156728 0.160328 0.164026 0.167823 0.171722 0.175725 0.179833 0.184051 0.188378
0.070917 0.071981 0.073045 0.074168 0.075346 0.076572 0.077841 0.079152 0.080506 0.081902 0.083341 0.084824 0.086353 0.087928 0.089551 0.091222 0.092944 0.094716 0.096541 0.098420 0.100353 0.102344 0.104393 0.106501 0.108670 0.110903 0.113199 0.115562 0.117992 0.120492 0.123063 0.125708 0.128426 0.131222 0.134096 0.137050 0.140087 0.143208 0.146416 0.149711 0.153097 0.156575 0.160147 0.163816 0.167583 0.171450 0.175421 0.179496 0.183678 0.187969
0.072022 0.072530 0.073397 0.074430 0.075565 0.076771 0.078032 0.079343 0.080698 0.082097 0.083538 0.085024 0.086553 0.088127 0.089747 0.091415 0.093131 0.094897 0.096714 0.098583 0.100507 0.102486 0.104522 0.106617 0.108772 0.110989 0.113269 0.115614 0.118026 0.120507 0.123058 0.125681 0.128377 0.131150 0.134000 0.136929 0.139940 0.143034 0.146213 0.149479 0.152834 0.156281 0.159820 0.163455 0.167187 0.171018 0.174950 0.178986 0.183128 0.187377
0.070822 0.072086 0.073236 0.074403 0.075610 0.076858 0.078147 0.079475 0.080842 0.082249 0.083695 0.085183 0.086711 0.088283 0.089899 0.091561 0.093269 0.095025 0.096832 0.098689 0.100600 0.102564 0.104585 0.106663 0.108800 0.110998 0.113258 0.115582 0.117972 0.120429 0.122956 0.125554 0.128224 0.130969 0.133791 0.136691 0.139671 0.142733 0.145879 0.149111 0.152431 0.155841 0.159343 0.162939 0.166630 0.170419 0.174309 0.178300 0.182395 0.186596
0.070477 0.071704 0.073032 0.074342 0.075641 0.076946 0.078268 0.079616 0.080995 0.082406 0.083853 0.085337 0.086860 0.088423 0.090029 0.091679 0.093374 0.095116 0.096907 0.098748 0.100640 0.102585 0.104585 0.106642 0.108756 0.110930 0.113166 0.115465 0.117828 0.120258 0.122756 0.125324 0.127964 0.130677 0.133466 0.136331 0.139276 0.142302 0.145411 0.148604 0.151884 0.155252 0.158711 0.162262 0.165908 0.169650 0.173490 0.177431 0.181474 0.185621
0.069940 0.071809 0.073244 0.074569 0.075870 0.077175 0.078495 0.079838 0.081208 0.082609 0.084042 0.085511 0.087018 0.088564 0.090151 0.091781 0.093455 0.095175 0.096943 0.098759 0.100627 0.102547 0.104521 0.106551 0.108638 0.110783 0.112990 0.115258 0.117590 0.119987 0.122452 0.124986 0.127590 0.130267 0.133018 0.135845 0.138750 0.141734 0.144800 0.147950 0.151184 0.154506 0.157917 0.161419 0.165013 0.168703 0.172489 0.176374 0.180359 0.184447
0.072663 0.073074 0.074021 0.075145 0.076343 0.077584 0.078858 0.080162 0.081498 0.082867 0.084269 0.085708 0.087185 0.088701 0.090259 0.091859 0.093503 0.095193 0.096931 0.098717 0.100554 0.102443 0.104385 0.106382 0.108436 0.110548 0.112720 0.114953 0.117249 0.119610 0.122037 0.124531 0.127096 0.129732 0.132441 0.135225 0.138085 0.141024 0.144042 0.147143 0.150328 0.153598 0.156956 0.160403 0.163942 0.167573 0.171299 0.175123 0.179045 0.183068
0.072470 0.073606 0.074676 0.075771 0.076906 0.078080 0.079291 0.080539 0.081823 0.083143 0.084501 0.085897 0.087332 0.088809 0.090327 0.091890 0.093497 0.095150 0.096852 0.098602 0.100402 0.102255 0.104161 0.106121 0.108137 0.110212 0.112345 0.114539 0.116795 0.119115 0.121500 0.123952 0.126472 0.129063 0.131726 0.134462 0.137274 0.140163 0.143130 0.146178 0.149308 0.152522 0.155822 0.159210 0.162687 0.166256 0.169918 0.173675 0.177528 0.181480
0.072782 0.074133 0.075264 0.076340 0.077424 0.078537 0.079686 0.080874 0.082100 0.083366 0.084672 0.086019 0.087408 0.088840 0.090315 0.091836 0.093402 0.095015 0.096677 0.098388 0.100149 0.101962 0.103829 0.105749 0.107726 0.109759 0.111851 0.114003 0.116216 0.118491 0.120832 0.123238 0.125711 0.128254 0.130867 0.133552 0.136311 0.139146 0.142058 0.145049 0.148121 0.151275 0.154513 0.157837 0.161249 0.164750 0.168342 0.172027 0.175807 0.179683
0.074426 0.075014 0.075836 0.076778 0.077784 0.078836 0.079928 0.081061 0.082234 0.083449 0.084707 0.086008 0.087352 0.088741 0.090175 0.091655 0.093182 0.094756 0.096378 0.098050 0.099772 0.101545 0.103371 0.105251 0.107186 0.109178 0.111227 0.113335 0.115503 0.117733 0.120026 0.122383 0.124807 0.127299 0.129859 0.132491 0.135194 0.137972 0.140825 0.143756 0.146765 0.149855 0.153028 0.156284 0.159625 0.163055 0.166573 0.170182 0.173883 0.177679
0.074548 0.075082 0.075943 0.076882 0.077859 0.078871 0.079922 0.081013 0.082147 0.083324 0.084545 0.085810 0.087119 0.088474 0.089873 0.091318 0.092810 0.094349 0.095935 0.097571 0.099256 0.100991 0.102779 0.104619 0.106513 0.108462 0.110468 0.112531 0.114653 0.116836 0.119080 0.121388 0.123760 0.126199 0.128705 0.131280 0.133925 0.136643 0.139435 0.142302 0.145246 0.148268 0.151371 0.154556 0.157824 0.161177 0.164617 0.168145 0.171764 0.175475
0.072509 0.074517 0.075676 0.076649 0.077606 0.078591 0.079617 0.080686 0.081801 0.082958 0.084160 0.085405 0.086692 0.088024 0.089399 0.090818 0.092282 0.093791 0.095347 0.096950 0.098601 0.100301 0.102052 0.103853 0.105707 0.107615 0.109578 0.111596 0.113672 0.115807 0.118002 0.120259 0.122578 0.124961 0.127411 0.129927 0.132513 0.135168 0.137895 0.140696 0.143571 0.146523 0.149553 0.152663 0.155853 0.159127 0.162485 0.165929 0.169460 0.173081
0.075414 0.074879 0.075347 0.076119 0.077019 0.077993 0.079023 0.080099 0.081219 0.082379 0.083579 0.084818 0.086097 0.087416 0.088775 0.090175 0.091617 0.093103 0.094632 0.096205 0.097825 0.099492 0.101207 0.102971 0.104786 0.106653 0.108572 0.110546 0.112575 0.114661 0.116806 0.119009 0.121274 0.123601 0.125992 0.128448 0.130971 0.133562 0.136222 0.138954 0.141758 0.144636 0.147590 0.150621 0.153731 0.156921 0.160193 0.163548 0.166988 0.170515
0.071916 0.073224 0.074168 0.075116 0.076113 0.077156 0.078236 0.079349 0.080495 0.081672 0.082880 0.084122 0.085397 0.086707 0.088054 0.089437 0.090860 0.092322 0.093825 0.095371 0.096960 0.098593 0.100273 0.102000 0.103775 0.105599 0.107475 0.109403 0.111384 0.113421 0.115513 0.117663 0.119871 0.122140 0.124471 0.126864 0.129322 0.131846 0.134437 0.137096 0.139826 0.142628 0.145502 0.148452 0.151477 0.154580 0.157763 0.161026 0.164371 0.167800
0.070744 0.071696 0.072867 0.074031 0.075176 0.076313 0.077453 0.078604 0.079772 0.080959 0.082171 0.083408 0.084675 0.085971 0.087301 0.088664 0.090063 0.091499 0.092974 0.094489 0.096045 0.097643 0.099286 0.100973 0.102707 0.104488 0.106318 0.108198 0.110130 0.112115 0.114153 0.116247 0.118397 0.120606 0.122874 0.125202 0.127593 0.130047 0.132565 0.135151 0.137803 0.140525 0.143318 0.146182 0.149120 0.152133 0.155222 0.158389 0.161635 0.164962
0.068871 0.070751 0.072161 0.073411 0.074592 0.075744 0.076885 0.078029 0.079184 0.080355 0.081546 0.082762 0.084004 0.085275 0.086577 0.087911 0.089279 0.090683 0.092124 0.093604 0.095122 0.096682 0.098284 0.099929 0.101618 0.103353 0.105135 0.106966 0.108846 0.110776 0.112758 0.114794 0.116884 0.119029 0.121232 0.123493 0.125814 0.128195 0.130639 0.133147 0.135720 0.138359 0.141066 0.143842 0.146689 0.149608 0.152600 0.155668 0.158811 0.162032
0.070813 0.071507 0.072461 0.073476 0.074509 0.075554 0.076613 0.077690 0.078787 0.079907 0.081053 0.082225 0.083427 0.084658 0.085921 0.087217 0.088546 0.089911 0.091313 0.092751 0.094228 0.095745 0.097303 0.098902 0.100544 0.102230 0.103962 0.105740 0.107565 0.109439 0.111362 0.113337 0.115364 0.117444 0.119580 0.121771 0.124019 0.126325 0.128692 0.131119 0.133609 0.136163 0.138781 0.141466 0.144219 0.147040 0.149932 0.152896 0.155933 0.159045
0.071683 0.072351 0.073065 0.073846 0.074691 0.075591 0.076535 0.077519 0.078538 0.079591 0.080677 0.081795 0.082946 0.084131 0.085348 0.086600 0.087886 0.089208 0.090565 0.091960 0.093392 0.094863 0.096374 0.097925 0.099517 0.101152 0.102830 0.104553 0.106322 0.108137 0.109999 0.111911 0.113872 0.115885 0.117950 0.120069 0.122242 0.124471 0.126757 0.129101 0.131506 0.133971 0.136498 0.139088 0.141744 0.144465 0.147253 0.150111 0.153038 0.156036
0.072222 0.072834 0.073396 0.074053 0.074795 0.075606 0.076473 0.077387 0.078343 0.079339 0.080372 0.081442 0.082546 0.083685 0.084858 0.086067 0.087309 0.088587 0.089901 0.091251 0.092637 0.094061 0.095524 0.097025 0.098566 0.100148 0.101771 0.103437 0.105147 0.106901 0.108701 0.110547 0.112442 0.114384 0.116377 0.118421 0.120517 0.122666 0.124869 0.127128 0.129444 0.131818 0.134251 0.136745 0.139300 0.141918 0.144600 0.147348 0.150162 0.153044
0.072743 0.072595 0.073157 0.073878 0.074655 0.075470 0.076324 0.077215 0.078144 0.079109 0.080110 0.081146 0.082215 0.083319 0.084455 0.085626 0.086829 0.088067 0.089338 0.090644 0.091986 0.093363 0.094777 0.096228 0.097717 0.099245 0.100813 0.102421 0.104070 0.105762 0.107498 0.109277 0.111102 0.112974 0.114893 0.116860 0.118876 0.120943 0.123062 0.125234 0.127459 0.129740 0.132077 0.134471 0.136923 0.139436 0.142009 0.144645 0.147343 0.150107
0.068870 0.071370 0.072610 0.073537 0.074396 0.075252 0.076128 0.077030 0.077960 0.078919 0.079907 0.080926 0.081974 0.083051 0.084159 0.085298 0.086467 0.087667 0.088899 0.090164 0.091461 0.092793 0.094158 0.095559 0.096996 0.098470 0.099981 0.101530 0.103119 0.104748 0.106418 0.108130 0.109884 0.111683 0.113526 0.115415 0.117351 0.119335 0.121367 0.123450 0.125583 0.127769 0.130008 0.132301 0.134649 0.137054 0.139516 0.142038 0.144619 0.147261
0.073021 0.072278 0.072696 0.073424 0.074251 0.075122 0.076019 0.076939 0.077881 0.078844 0.079829 0.080837 0.081868 0.082925 0.084008 0.085117 0.086253 0.087418 0.088612 0.089835 0.091089 0.092375 0.093692 0.095043 0.096427 0.097846 0.099300 0.100791 0.102318 0.103883 0.105486 0.107130 0.108813 0.110538 0.112305 0.114115 0.115970 0.117869 0.119815 0.121807 0.123847 0.125937 0.128076 0.130267 0.132510 0.134806 0.137157 0.139562 0.142025 0.144545
0.070363 0.071651 0.072556 0.073428 0.074318 0.075226 0.076146 0.077079 0.078024 0.078982 0.079956 0.080948 0.081958 0.082989 0.084043 0.085120 0.086221 0.087348 0.088502 0.089683 0.090892 0.092131 0.093400 0.094700 0.096031 0.097395 0.098792 0.100222 0.101688 0.103189 0.104726 0.106301 0.107913 0.109564 0.111255 0.112986 0.114758 0.116573 0.118431 0.120333 0.122281 0.124274 0.126314 0.128402 0.130539 0.132726 0.134964 0.137254 0.139597 0.141994
0.070666 0.071798 0.072865 0.073854 0.074799 0.075724 0.076640 0.077555 0.078476 0.079407 0.080349 0.081308 0.082283 0.083278 0.084294 0.085331 0.086392 0.087478 0.088588 0.089724 0.090888 0.092078 0.093298 0.094546 0.095824 0.097132 0.098472 0.099843 0.101247 0.102685 0.104156 0.105662 0.107204 0.108782 0.110397 0.112050 0.113741 0.115472 0.117243 0.119056 0.120910 0.122808 0.124749 0.126735 0.128767 0.130846 0.132972 0.135146 0.137371 0.139646
0.072171 0.073138 0.074077 0.074978 0.075847 0.076698 0.077544 0.078392 0.079251 0.080123 0.081011 0.081918 0.082845 0.083792 0.084762 0.085754 0.086770 0.087810 0.088875 0.089965 0.091081 0.092223 0.093393 0.094590 0.095816 0.097070 0.098353 0.099667 0.101011 0.102386 0.103793 0.105232 0.106705 0.108211 0.109752 0.111328 0.112940 0.114588 0.116274 0.117999 0.119763 0.121566 0.123410 0.125296 0.127224 0.129196 0.131212 0.133273 0.135381 0.137535
0.074648 0.075317 0.075983 0.076647 0.077323 0.078019 0.078740 0.079486 0.080258 0.081056 0.081879 0.082727 0.083601 0.084498 0.085420 0.086367 0.087338 0.088334 0.089354 0.090399 0.091470 0.092566 0.093688 0.094837 0.096012 0.097214 0.098444 0.099702 0.100989 0.102304 0.103649 0.105024 0.106430 0.107868 0.109337 0.110839 0.112374 0.113944 0.115547 0.117187 0.118862 0.120574 0.122324 0.124113 0.125940 0.127808 0.129717 0.131667 0.133661 0.135698
0.077240 0.077628 0.077944 0.078337 0.078817 0.079370 0.079982 0.080644 0.081347 0.082086 0.082858 0.083660 0.084490 0.085348 0.086231 0.087139 0.088072 0.089030 0.090012 0.091018 0.092049 0.093104 0.094183 0.095287 0.096417 0.097571 0.098752 0.099958 0.101191 0.102451 0.103738 0.105053 0.106397 0.107769 0.109171 0.110603 0.112065 0.113559 0.115084 0.116642 0.118234 0.119859 0.121518 0.123213 0.124945 0.126713 0.128519 0.130363 0.132247 0.134171
0.079715 0.079102 0.079160 0.079476 0.079926 0.080463 0.081062 0.081709 0.082398 0.083121 0.083875 0.084659 0.085469 0.086305 0.087165 0.088049 0.088957 0.089887 0.090840 0.091816 0.092814 0.093835 0.094878 0.095945 0.097034 0.098147 0.099283 0.100444 0.101629 0.102838 0.104073 0.105333 0.106619 0.107931 0.109270 0.110637 0.112032 0.113455 0.114907 0.116389 0.117901 0.119445 0.121020 0.122627 0.124267 0.125941 0.127650 0.129394 0.131174 0.132991
0.077390 0.078595 0.079321 0.079970 0.080620 0.081286 0.081971 0.082678 0.083406 0.084157 0.084928 0.085721 0.086535 0.087369 0.088224 0.089098 0.089993 0.090907 0.091842 0.092796 0.093771 0.094765 0.095781 0.096816 0.097873 0.098951 0.100050 0.101170 0.102313 0.103478 0.104666 0.105877 0.107111 0.108370 0.109653 0.110961 0.112294 0.113653 0.115038 0.116450 0.117890 0.119359 0.120855 0.122382 0.123938 0.125525 0.127144 0.128795 0.130479 0.132197
0.078160 0.078661 0.079579 0.080479 0.081321 0.082126 0.082914 0.083698 0.084485 0.085280 0.086085 0.086902 0.087733 0.088577 0.089437 0.090312 0.091203 0.092110 0.093034 0.093975 0.094933 0.095909 0.096903 0.097915 0.098945 0.099994 0.101062 0.102150 0.103257 0.104385 0.105533 0.106701 0.107891 0.109103 0.110336 0.111592 0.112871 0.114173 0.115499 0.116850 0.118225 0.119626 0.121053 0.122507 0.123988 0.125497 0.127035 0.128602 0.130199 0.131828
0.077130 0.079396 0.080625 0.081581 0.082455 0.083299 0.084131 0.084957 0.085782 0.086609 0.087441 0.088279 0.089125 0.089982 0.090848 0.091727 0.092618 0.093522 0.094440 0.095373 0.096320 0.097282 0.098260 0.099254 0.100264 0.101291 0.102335 0.103396 0.104475 0.105572 0.106687 0.107821 0.108974 0.110146 0.111338 0.112551 0.113784 0.115038 0.116313 0.117611 0.118931 0.120275 0.121641 0.123033 0.124448 0.125890 0.127357 0.128851 0.130373 0.131923
0.083136 0.082400 0.082706 0.083346 0.084104 0.084908 0.085729 0.086557 0.087389 0.088225 0.089065 0.089911 0.090764 0.091624 0.092494 0.093373 0.094264 0.095165 0.096079 0.097006 0.097945 0.098899 0.099866 0.100847 0.101843 0.102854 0.103880 0.104922 0.105979 0.107053 0.108143 0.109250 0.110375 0.111516 0.112676 0.113854 0.115051 0.116266 0.117501 0.118757 0.120032 0.121329 0.122647 0.123987 0.125349 0.126735 0.128145 0.129579 0.131039 0.132524
0.083079 0.083786 0.084511 0.085278 0.086069 0.086871 0.087680 0.088495 0.089314 0.090139 0.090971 0.091811 0.092659 0.093516 0.094383 0.095260 0.096148 0.097047 0.097958 0.098881 0.099817 0.100765 0.101726 0.102700 0.103688 0.104689 0.105705 0.106735 0.107779 0.108838 0.109912 0.111001 0.112106 0.113227 0.114365 0.115519 0.116690 0.117878 0.119084 0.120309 0.121552 0.122814 0.124096 0.125399 0.126722 0.128066 0.129433 0.130822 0.132235 0.133671
0.083310 0.085289 0.086535 0.087488 0.088327 0.089125 0.089911 0.090698 0.091493 0.092298 0.093113 0.093941 0.094780 0.095631 0.096495 0.097370 0.098257 0.099157 0.100069 0.100993 0.101930 0.102879 0.103840 0.104814 0.105801 0.106801 0.107814 0.108841 0.109881 0.110934 0.112002 0.113084 0.114180 0.115291 0.116417 0.117559 0.118717 0.119890 0.121080 0.122288 0.123512 0.124755 0.126015 0.127295 0.128594 0.129914 0.131254 0.132615 0.133998 0.135404
0.088407 0.088863 0.089481 0.090154 0.090851 0.091565 0.092298 0.093049 0.093819 0.094607 0.095412 0.096234 0.097072 0.097924 0.098792 0.099673 0.100567 0.101475 0.102396 0.103329 0.104275 0.105233 0.106203 0.107186 0.108182 0.109189 0.110210 0.111243 0.112289 0.113348 0.114420 0.115506 0.116605 0.117719 0.118847 0.119989 0.121147 0.122319 0.123508 0.124713 0.125934 0.127172 0.128428 0.129702 0.130995 0.132307 0.133639 0.134992 0.136365 0.137761
0.092512 0.092077 0.092272 0.092726 0.093307 0.093962 0.094666 0.095407 0.096178 0.096973 0.097790 0.098627 0.099481 0.100352 0.101238 0.102139 0.103054 0.103982 0.104923 0.105877 0.106843 0.107821 0.108811 0.109813 0.110828 0.111854 0.112893 0.113944 0.115008 0.116084 0.117173 0.118275 0.119391 0.120520 0.121663 0.122820 0.123992 0.125180 0.126382 0.127601 0.128836 0.130087 0.131356 0.132643 0.133949 0.135273 0.136618 0.137982 0.139368 0.140776
0.092240 0.093396 0.094090 0.094735 0.095414 0.096137 0.096898 0.097691 0.098510 0.099352 0.100213 0.101092 0.101988 0.102898 0.103822 0.104759 0.105709 0.106672 0.107647 0.108633 0.109631 0.110641 0.111662 0.112696 0.113741 0.114797 0.115866 0.116947 0.118040 0.119146 0.120265 0.121397 0.122542 0.123702 0.124875 0.126062 0.127265 0.128483 0.129716 0.130966 0.132233 0.133516 0.134818 0.136138 0.137476 0.138835 0.140214 0.141613 0.143035 0.144479
0.094465 0.094785 0.095569 0.096424 0.097290 0.098164 0.099050 0.099948 0.100858 0.101780 0.102714 0.103659 0.104615 0.105582 0.106560 0.107548 0.108547 0.109556 0.110576 0.111606 0.112648 0.113700 0.114764 0.115838 0.116925 0.118023 0.119134 0.120257 0.121392 0.122540 0.123702 0.124877 0.126067 0.127270 0.128489 0.129723 0.130972 0.132238 0.133520 0.134819 0.136136 0.137472 0.138826 0.140200 0.141594 0.143009 0.144446 0.145905 0.147387 0.148893
0.093950 0.095877 0.097127 0.098225 0.099276 0.100307 0.101326 0.102340 0.103352 0.104365 0.105380 0.106400 0.107425 0.108456 0.109494 0.110540 0.111594 0.112657 0.113730 0.114812 0.115905 0.117008 0.118123 0.119249 0.120387 0.121537 0.122700 0.123876 0.125065 0.126268 0.127486 0.128718 0.129966 0.131229 0.132508 0.133804 0.135118 0.136448 0.137798 0.139166 0.140553 0.141960 0.143389 0.144839 0.146311 0.147805 0.149324 0.150867 0.152436 0.154031
0.098271 0.098440 0.099433 0.100568 0.101710 0.102838 0.103949 0.105049 0.106140 0.107226 0.108310 0.109394 0.110481 0.111572 0.112668 0.113771 0.114881 0.116000 0.117128 0.118266 0.119414 0.120574 0.121746 0.122931 0.124128 0.125339 0.126564 0.127804 0.129058 0.130329 0.131615 0.132917 0.134237 0.135575 0.136930 0.138305 0.139699 0.141112 0.142547 0.144003 0.145480 0.146981 0.148504 0.150052 0.151625 0.153224 0.154849 0.156502 0.158184 0.159895
0.098269 0.100821 0.102309 0.103557 0.104740 0.105897 0.107041 0.108176 0.109305 0.110432 0.111559 0.112688 0.113820 0.114958 0.116103 0.117255 0.118417 0.119589 0.120772 0.121967 0.123174 0.124395 0.125630 0.126879 0.128143 0.129423 0.130719 0.132032 0.133363 0.134711 0.136079 0.137465 0.138871 0.140297 0.141744 0.143213 0.144705 0.146219 0.147757 0.149319 0.150907 0.152521 0.154161 0.155830 0.157527 0.159253 0.161010 0.162798 0.164619 0.166473
0.105579 0.105334 0.106169 0.107225 0.108329 0.109445 0.110567 0.111693 0.112824 0.113962 0.115106 0.116259 0.117421 0.118594 0.119778 0.120974 0.122184 0.123407 0.124645 0.125898 0.127167 0.128452 0.129754 0.131074 0.132413 0.133770 0.135146 0.136543 0.137960 0.139398 0.140859 0.142341 0.143847 0.145376 0.146931 0.148510 0.150115 0.151747 0.153407 0.155095 0.156812 0.158559 0.160337 0.162148 0.163991 0.165868 0.167780 0.169729 0.171714 0.173738
0.106614 0.108865 0.110098 0.111160 0.112208 0.113272 0.114354 0.115454 0.116571 0.117705 0.118857 0.120025 0.121210 0.122414 0.123634 0.124873 0.126131 0.127407 0.128703 0.130018 0.131354 0.132710 0.134087 0.135486 0.136906 0.138350 0.139816 0.141306 0.142821 0.144361 0.145927 0.147518 0.149138 0.150784 0.152460 0.154165 0.155900 0.157667 0.159465 0.161296 0.163162 0.165062 0.166998 0.168970 0.170981 0.173031 0.175122 0.177253 0.179428 0.181647
0.113978 0.113520 0.114188 0.115102 0.116089 0.117114 0.118171 0.119256 0.120369 0.121509 0.122675 0.123867 0.125084 0.126325 0.127590 0.128880 0.130193 0.131531 0.132892 0.134278 0.135689 0.137124 0.138585 0.140072 0.141585 0.143125 0.144692 0.146287 0.147910 0.149563 0.151246 0.152960 0.154706 0.156484 0.158295 0.160140 0.162020 0.163937 0.165890 0.167881 0.169912 0.171983 0.174095 0.176249 0.178448 0.180691 0.182980 0.185317 0.187703 0.190139
0.114115 0.116449 0.117670 0.118694 0.119705 0.120741 0.121812 0.122917 0.124058 0.125232 0.126438 0.127675 0.128943 0.130241 0.131567 0.132923 0.134306 0.135718 0.137158 0.138627 0.140124 0.141650 0.143206 0.144791 0.146407 0.148054 0.149732 0.151443 0.153187 0.154964 0.156777 0.158624 0.160508 0.162430 0.164389 0.166388 0.168427 0.170508 0.172631 0.174797 0.177009 0.179266 0.181571 0.183924 0.186327 0.188782 0.191289 0.193850 0.196467 0.199141
0.120759 0.120271 0.120962 0.121913 0.122950 0.124038 0.125170 0.126342 0.127551 0.128796 0.130076 0.131389 0.132734 0.134111 0.135519 0.136958 0.138428 0.139930 0.141462 0.143026 0.144621 0.146250 0.147911 0.149605 0.151334 0.153098 0.154898 0.156735 0.158608 0.160521 0.162472 0.164464 0.166498 0.168573 0.170693 0.172857 0.175066 0.177323 0.179628 0.181983 0.184388 0.186846 0.189358 0.191924 0.194547 0.197228 0.199968 0.202770 0.205634 0.208563
0.119708 0.122171 0.123491 0.124644 0.125811 0.127018 0.128265 0.129549 0.130867 0.132218 0.133601 0.135014 0.136459 0.137934 0.139440 0.140978 0.142548 0.144150 0.145785 0.147454 0.149157 0.150896 0.152671 0.154483 0.156334 0.158223 0.160152 0.162121 0.164133 0.166188 0.168288 0.170432 0.172623 0.174862 0.177150 0.179488 0.181878 0.184321 0.186818 0.189371 0.191981 0.194650 0.197379 0.200170 0.203024 0.205944 0.208930 0.211985 0.215110 0.218307
0.125613 0.125046 0.125928 0.127155 0.128482 0.129852 0.131250 0.132674 0.134122 0.135595 0.137092 0.138617 0.140169 0.141749 0.143360 0.145001 0.146676 0.148383 0.150126 0.151904 0.153720 0.155573 0.157466 0.159400 0.161376 0.163394 0.165457 0.167565 0.169720 0.171923 0.174175 0.176478 0.178832 0.181240 0.183703 0.186221 0.188798 0.191433 0.194129 0.196887 0.199709 0.202597 0.205552 0.208575 0.211669 0.214836 0.218077 0.221394 0.224789 0.228264
0.122871 0.126112 0.128064 0.129709 0.131274 0.132819 0.134363 0.135914 0.137478 0.139059 0.140660 0.142284 0.143933 0.145611 0.147318 0.149058 0.150831 0.152640 0.154487 0.156372 0.158297 0.160265 0.162275 0.164330 0.166432 0.168580 0.170778 0.173026 0.175325 0.177678 0.180085 0.182548 0.185069 0.187648 0.190289 0.192991 0.195757 0.198589 0.201488 0.204455 0.207493 0.210603 0.213788 0.217048 0.220387 0.223805 0.227306 0.230890 0.234560 0.238319
0.128890 0.129776 0.131312 0.132942 0.134572 0.136192 0.137808 0.139429 0.141061 0.142709 0.144378 0.146073 0.147795 0.149548 0.151334 0.153156 0.155016 0.156916 0.158857 0.160841 0.162870 0.164946 0.167069 0.169242 0.171466 0.173742 0.176072 0.178458 0.180901 0.183402 0.185963 0.188587 0.191273 0.194024 0.196842 0.199729 0.202685 0.205713 0.208815 0.211992 0.215247 0.218581 0.221996 0.225494 0.229078 0.232750 0.236510 0.240363 0.244310 0.248353
0.131822 0.133685 0.135284 0.136859 0.138437 0.140022 0.141621 0.143236 0.144875 0.146541 0.148237 0.149967 0.151733 0.153537 0.155382 0.157269 0.159201 0.161178 0.163203 0.165276 0.167400 0.169577 0.171806 0.174091 0.176432 0.178831 0.181290 0.183810 0.186392 0.189039 0.191751 0.194531 0.197381 0.200301 0.203294 0.206362 0.209506 0.212728 0.216030 0.219415 0.222883 0.226438 0.230082 0.233815 0.237642 0.241563 0.245582 0.249700 0.253921 0.258246
0.137200 0.138384 0.139766 0.141181 0.142623 0.144100 0.145616 0.147176 0.148780 0.150429 0.152124 0.153866 0.155656 0.157495 0.159384 0.161324 0.163317 0.165362 0.167462 0.169617 0.171829 0.174100 0.176430 0.178820 0.181273 0.183790 0.186372 0.189021 0.191738 0.194525 0.197384 0.200316 0.203323 0.206408 0.209571 0.212814 0.216141 0.219552 0.223049 0.226636 0.230313 0.234083 0.237949 0.241912 0.245975 0.250140 0.254411 0.258788 0.263276 0.267876
0.141455 0.142962 0.144177 0.145391 0.146671 0.148029 0.149463 0.150967 0.152536 0.154169 0.155863 0.157617 0.159430 0.161303 0.163234 0.165225 0.167275 0.169385 0.171557 0.173790 0.176087 0.178447 0.180873 0.183365 0.185925 0.188554 0.191254 0.194027 0.196873 0.199794 0.202793 0.205871 0.209029 0.212271 0.215597 0.219009 0.222511 0.226103 0.229788 0.233568 0.237445 0.241422 0.245501 0.249685 0.253975 0.258375 0.262887 0.267514 0.272259 0.277125
0.146845 0.147087 0.147840 0.148878 0.150086 0.151411 0.152831 0.154334 0.155912 0.157562 0.159282 0.161069 0.162922 0.164840 0.166823 0.168872 0.170985 0.173164 0.175409 0.177721 0.180101 0.182550 0.185069 0.187659 0.190321 0.193058 0.195870 0.198760 0.201728 0.204777 0.207908 0.211124 0.214425 0.217815 0.221295 0.224867 0.228534 0.232297 0.236159 0.240122 0.244189 0.248361 0.252643 0.257035 0.261541 0.266163 0.270905 0.275768 0.280757 0.285874
0.148276 0.148840 0.149968 0.151255 0.152622 0.154058 0.155563 0.157138 0.158783 0.160496 0.162279 0.164128 0.166045 0.168029 0.170079 0.172196 0.174381 0.176634 0.178956 0.181348 0.183811 0.186346 0.188954 0.191638 0.194398 0.197237 0.200155 0.203154 0.206237 0.209405 0.212659 0.216003 0.219438 0.222966 0.226589 0.230309 0.234129 0.238052 0.242078 0.246212 0.250454 0.254809 0.259279 0.263865 0.268572 0.273402 0.278358 0.283442 0.288659 0.294012
0.145856 0.149231 0.151264 0.152923 0.154501 0.156093 0.157728 0.159419 0.161169 0.162979 0.164852 0.166786 0.168784 0.170846 0.172973 0.175166 0.177426 0.179755 0.182154 0.184624 0.187167 0.189784 0.192478 0.195249 0.198100 0.201032 0.204047 0.207147 0.210334 0.213611 0.216978 0.220438 0.223994 0.227648 0.231401 0.235257 0.239217 0.243284 0.247461 0.251750 0.256154 0.260675 0.265317 0.270081 0.274972 0.279992 0.285144 0.290432 0.295859 0.301428
0.151641 0.151859 0.152993 0.154462 0.156076 0.157773 0.159530 0.161339 0.163200 0.165112 0.167078 0.169099 0.171178 0.173316 0.175517 0.177781 0.180112 0.182510 0.184979 0.187520 0.190134 0.192825 0.195594 0.198442 0.201373 0.204388 0.207489 0.210678 0.213957 0.217329 0.220796 0.224360 0.228023 0.231788 0.235657 0.239633 0.243718 0.247914 0.252225 0.256653 0.261201 0.265871 0.270667 0.275592 0.280648 0.285839 0.291168 0.296639 0.302255 0.308019
0.151966 0.152662 0.154058 0.155717 0.157486 0.159313 0.161180 0.163086 0.165032 0.167020 0.169055 0.171140 0.173278 0.175474 0.177729 0.180048 0.182432 0.184885 0.187408 0.190005 0.192676 0.195426 0.198256 0.201168 0.204165 0.207248 0.210421 0.213684 0.217042 0.220495 0.224046 0.227698 0.231454 0.235314 0.239283 0.243362 0.247555 0.251863 0.256291 0.260839 0.265512 0.270313 0.275244 0.280309 0.285510 0.290852 0.296337 0.301969 0.307752 0.313690
0.148591 0.152402 0.154945 0.157053 0.159015 0.160935 0.162855 0.164795 0.166767 0.168778 0.170834 0.172940 0.175102 0.177321 0.179602 0.181948 0.184361 0.186845 0.189403 0.192035 0.194746 0.197537 0.200411 0.203370 0.206416 0.209552 0.212780 0.216103 0.219522 0.223040 0.226660 0.230384 0.234214 0.238153 0.242205 0.246370 0.250653 0.255055 0.259580 0.264231 0.269010 0.273921 0.278967 0.284151 0.289476 0.294947 0.300566 0.306337 0.312265 0.318353
0.153963 0.155550 0.157315 0.159112 0.160916 0.162733 0.164574 0.166452 0.168372 0.170342 0.172365 0.174447 0.176590 0.178798 0.181073 0.183418 0.185836 0.188328 0.190897 0.193546 0.196277 0.199091 0.201991 0.204980 0.208059 0.211232 0.214499 0.217864 0.221329 0.224896 0.228567 0.232346 0.236235 0.240236 0.244352 0.248586 0.252940 0.257418 0.262022 0.266755 0.271621 0.276622 0.281762 0.287045 0.292473 0.298050 0.303780 0.309668 0.315716 0.321929
0.158885 0.158934 0.159947 0.161301 0.162808 0.164409 0.166086 0.167832 0.169648 0.171532 0.173486 0.175511 0.177609 0.179781 0.182028 0.184352 0.186754 0.189237 0.191802 0.194450 0.197185 0.200007 0.202919 0.205923 0.209020 0.212214 0.215506 0.218898 0.222393 0.225994 0.229701 0.233519 0.237450 0.241496 0.245660 0.249945 0.254353 0.258888 0.263552 0.268349 0.273281 0.278352 0.283566 0.288926 0.294435 0.300097 0.305916 0.311896 0.318041 0.324355
0.157544 0.159928 0.161371 0.162659 0.163996 0.165425 0.166953 0.168574 0.170286 0.172083 0.173965 0.175930 0.177978 0.180107 0.182320 0.184616 0.186996 0.189461 0.192012 0.194652 0.197381 0.200201 0.203114 0.206122 0.209226 0.212429 0.215733 0.219140 0.222652 0.226272 0.230002 0.233844 0.237802 0.241877 0.246073 0.250391 0.254837 0.259411 0.264117 0.268958 0.273938 0.279060 0.284327 0.289743 0.295312 0.301037 0.306922 0.312972 0.319190 0.325580
0.160806 0.160913 0.161698 0.162756 0.163977 0.165324 0.166782 0.168342 0.169998 0.171748 0.173587 0.175514 0.177529 0.179630 0.181817 0.184091 0.186452 0.188901 0.191439 0.194067 0.196787 0.199600 0.202508 0.205512 0.208615 0.211819 0.215125 0.218536 0.222054 0.225681 0.229420 0.233274 0.237244 0.241335 0.245547 0.249885 0.254350 0.258947 0.263678 0.268547 0.273556 0.278709 0.284011 0.289463 0.295071 0.300837 0.306767 0.312864 0.319133 0.325567
0.158597 0.159073 0.160028 0.161200 0.162499 0.163899 0.165391 0.166971 0.168639 0.170393 0.172233 0.174157 0.176166 0.178260 0.180439 0.182704 0.185055 0.187494 0.190023 0.192641 0.195352 0.198156 0.201056 0.204053 0.207148 0.210346 0.213646 0.217052 0.220566 0.224191 0.227928 0.231781 0.235752 0.239844 0.244059 0.248401 0.252872 0.257476 0.262216 0.267095 0.272116 0.277283 0.282600 0.288070 0.293697 0.299485 0.305439 0.311562 0.317859 0.324310
0.152494 0.154991 0.156725 0.158249 0.159745 0.161277 0.162866 0.164521 0.166246 0.168044 0.169916 0.171865 0.173890 0.175995 0.178180 0.180446 0.182796 0.185232 0.187754 0.190364 0.193066 0.195859 0.198747 0.201732 0.204816 0.208000 0.211288 0.214681 0.218182 0.221794 0.225520 0.229361 0.233320 0.237401 0.241606 0.245939 0.250402 0.254998 0.259732 0.264605 0.269622 0.274786 0.280101 0.285571 0.291199 0.296990 0.302948 0.309078 0.315383 0.321831
0.150542 0.151675 0.153081 0.154593 0.156169 0.157797 0.159478 0.161211 0.163002 0.164851 0.166764 0.168743 0.170790 0.172910 0.175103 0.177373 0.179722 0.182153 0.184667 0.187267 0.189956 0.192734 0.195606 0.198573 0.201638 0.204802 0.208069 0.211441 0.214921 0.218511 0.222214 0.226032 0.229970 0.234028 0.238211 0.242522 0.246964 0.251539 0.256252 0.261105 0.266103 0.271249 0.276546 0.281999 0.287612 0.293389 0.299333 0.305450 0.311743 0.318177
0.146864 0.147615 0.148924 0.150462 0.152100 0.153794 0.155532 0.157314 0.159141 0.161019 0.162953 0.164945 0.167000 0.169122 0.171313 0.173577 0.175916 0.178333 0.180832 0.183413 0.186081 0.188837 0.191685 0.194626 0.197663 0.200799 0.204037 0.207379 0.210827 0.214385 0.218056 0.221842 0.225746 0.229772 0.233921 0.238199 0.242607 0.247149 0.251828 0.256649 0.261614 0.266727 0.271993 0.277414 0.282996 0.288743 0.294658 0.300747 0.307012 0.313420
0.140072 0.142408 0.144339 0.146107 0.147824 0.149540 0.151277 0.153048 0.154862 0.156725 0.158641 0.160615 0.162651 0.164752 0.166920 0.169160 0.171473 0.173863 0.176333 0.178884 0.181520 0.184243 0.187056 0.189961 0.192962 0.196060 0.199259 0.202561 0.205969 0.209486 0.213115 0.216859 0.220720 0.224702 0.228809 0.233042 0.237406 0.241904 0.246539 0.251315 0.256236 0.261305 0.266526 0.271904 0.277442 0.283145 0.289017 0.295063 0.301288 0.307661
0.136344 0.138612 0.140366 0.141978 0.143567 0.145175 0.146821 0.148514 0.150259 0.152061 0.153923 0.155847 0.157835 0.159890 0.162015 0.164212 0.166483 0.168830 0.171257 0.173765 0.176358 0.179037 0.181805 0.184665 0.187619 0.190671 0.193822 0.197076 0.200436 0.203904 0.207483 0.211176 0.214986 0.218917 0.222971 0.227152 0.231463 0.235908 0.240489 0.245212 0.250079 0.255094 0.260261 0.265584 0.271068 0.276717 0.282535 0.288527 0.294697 0.301029
0.136071 0.135890 0.136687 0.137840 0.139158 0.140581 0.142087 0.143666 0.145316 0.147034 0.148821 0.150675 0.152600 0.154595 0.156661 0.158802 0.161019 0.163313 0.165686 0.168142 0.170682 0.173309 0.176025 0.178832 0.181734 0.184732 0.187830 0.191030 0.194334 0.197747 0.201270 0.204907 0.208660 0.212533 0.216530 0.220652 0.224904 0.229290 0.233812 0.238474 0.243280 0.248234 0.253340 0.258601 0.264023 0.269610 0.275365 0.281294 0.287402 0.293683
0.129492 0.130773 0.131841 0.132960 0.134179 0.135497 0.136905 0.138397 0.139966 0.141608 0.143324 0.145111 0.146971 0.148903 0.150909 0.152991 0.155149 0.157386 0.159704 0.162104 0.164588 0.167160 0.169820 0.172572 0.175418 0.178360 0.181402 0.184545 0.187792 0.191147 0.194612 0.198190 0.201884 0.205697 0.209632 0.213693 0.217883 0.222206 0.226664 0.231263 0.236004 0.240893 0.245934 0.251129 0.256484 0.262004 0.267691 0.273552 0.279592 0.285813
0.123551 0.124893 0.126069 0.127255 0.128499 0.129814 0.131201 0.132657 0.134184 0.135779 0.137444 0.139180 0.140987 0.142866 0.144820 0.146849 0.148954 0.151139 0.153404 0.155752 0.158184 0.160704 0.163312 0.166011 0.168803 0.171692 0.174679 0.177767 0.180959 0.184258 0.187666 0.191186 0.194821 0.198575 0.202450 0.206450 0.210578 0.214838 0.219233 0.223767 0.228444 0.233267 0.238241 0.243369 0.248656 0.254107 0.259725 0.265516 0.271485 0.277636
0.118275 0.118686 0.119748 0.120993 0.122307 0.123666 0.125072 0.126529 0.128043 0.129616 0.131253 0.132957 0.134729 0.136572 0.138487 0.140477 0.142543 0.144687 0.146911 0.149216 0.151606 0.154082 0.156646 0.159300 0.162047 0.164889 0.167829 0.170868 0.174010 0.177258 0.180614 0.184081 0.187663 0.191362 0.195181 0.199124 0.203194 0.207394 0.211729 0.216201 0.220816 0.225575 0.230485 0.235547 0.240768 0.246152 0.251702 0.257424 0.263323 0.269403
0.109231 0.111500 0.113114 0.114543 0.115926 0.117314 0.118730 0.120189 0.121697 0.123262 0.124887 0.126577 0.128333 0.130157 0.132053 0.134022 0.136065 0.138185 0.140384 0.142663 0.145025 0.147471 0.150003 0.152625 0.155337 0.158144 0.161046 0.164046 0.167148 0.170354 0.173667 0.177089 0.180624 0.184275 0.188045 0.191937 0.195955 0.200102 0.204382 0.208799 0.213356 0.218057 0.222907 0.227909 0.233068 0.238389 0.243875 0.249532 0.255365 0.261378
0.104718 0.105839 0.107081 0.108349 0.109648 0.110991 0.112384 0.113832 0.115338 0.116905 0.118534 0.120228 0.121988 0.123816 0.125714 0.127682 0.129723 0.131839 0.134030 0.136300 0.138650 0.141082 0.143599 0.146202 0.148894 0.151677 0.154554 0.157527 0.160600 0.163774 0.167054 0.170441 0.173939 0.177551 0.181280 0.185130 0.189104 0.193206 0.197439 0.201808 0.206315 0.210965 0.215762 0.220711 0.225815 0.231079 0.236508 0.242106 0.247879 0.253831
0.099830 0.100387 0.101242 0.102305 0.103505 0.104807 0.106191 0.107649 0.109176 0.110770 0.112428 0.114152 0.115940 0.117795 0.119716 0.121705 0.123764 0.125894 0.128097 0.130375 0.132730 0.135164 0.137678 0.140277 0.142961 0.145734 0.148598 0.151556 0.154611 0.157765 0.161021 0.164384 0.167855 0.171438 0.175136 0.178953 0.182893 0.186958 0.191153 0.195482 0.199948 0.204555 0.209308 0.214211 0.219269 0.224485 0.229864 0.235412 0.241133 0.247033
0.093318 0.094023 0.095049 0.096228 0.097516 0.098896 0.100354 0.101884 0.103481 0.105140 0.106861 0.108643 0.110485 0.112388 0.114353 0.116381 0.118474 0.120634 0.122863 0.125162 0.127534 0.129981 0.132506 0.135111 0.137799 0.140572 0.143433 0.146385 0.149431 0.152574 0.155818 0.159164 0.162617 0.166180 0.169857 0.173650 0.177564 0.181602 0.185768 0.190066 0.194500 0.199074 0.203792 0.208658 0.213678 0.218855 0.224195 0.229702 0.235381 0.241237
0.085346 0.087425 0.089028 0.090542 0.092068 0.093633 0.095246 0.096907 0.098617 0.100377 0.102186 0.104045 0.105957 0.107922 0.109941 0.112018 0.114154 0.116351 0.118612 0.120939 0.123335 0.125802 0.128343 0.130960 0.133657 0.136437 0.139301 0.142254 0.145299 0.148438 0.151675 0.155013 0.158456 0.162006 0.165669 0.169446 0.173342 0.177361 0.181507 0.185782 0.190193 0.194742 0.199435 0.204274 0.209266 0.214414 0.219724 0.225199 0.230846 0.236670
0.081717 0.082814 0.084400 0.086107 0.087849 0.089610 0.091389 0.093192 0.095022 0.096884 0.098782 0.100718 0.102696 0.104718 0.106789 0.108910 0.111085 0.113316 0.115607 0.117960 0.120377 0.122863 0.125419 0.128050 0.130757 0.133545 0.136415 0.139371 0.142417 0.145556 0.148791 0.152126 0.155563 0.159107 0.162761 0.166529 0.170414 0.174421 0.178554 0.182816 0.187211 0.191745 0.196420 0.201242 0.206215 0.211344 0.216634 0.222088 0.227714 0.233515
0.077353 0.079638 0.081668 0.083612 0.085519 0.087411 0.089300 0.091194 0.093101 0.095029 0.096982 0.098965 0.100984 0.103042 0.105143 0.107291 0.109489 0.111741 0.114049 0.116417 0.118848 0.121345 0.123911 0.126549 0.129263 0.132056 0.134930 0.137889 0.140937 0.144076 0.147311 0.150644 0.154080 0.157621 0.161271 0.165035 0.168915 0.172917 0.177043 0.181298 0.185686 0.190212 0.194879 0.199692 0.204656 0.209775 0.215055 0.220499 0.226114 0.231904
