0.028007 0.028683 0.028974 0.029111 0.029164 0.029155 0.029089 0.028965 0.028781 0.028534 0.028220 0.027839 0.027443 0.027045 0.026644 0.026241 0.025836 0.025429 0.025020 0.024608 0.024195 0.023780 0.023363 0.022943 0.022522 0.022098 0.021671 0.021242 0.020810 0.020375 0.019937 0.019495 0.019049 0.018600 0.018145 0.017685 0.017221 0.016750 0.016273 0.015790 0.015299 0.014801 0.014295 0.013781 0.013258 0.012728 0.012189 0.011642 0.011086 0.010524
0.030176 0.029359 0.029169 0.029130 0.029107 0.029056 0.028962 0.028815 0.028610 0.028341 0.028005 0.027605 0.027192 0.026777 0.026361 0.025942 0.025521 0.025099 0.024675 0.024249 0.023821 0.023391 0.022959 0.022525 0.022088 0.021649 0.021208 0.020763 0.020316 0.019865 0.019411 0.018952 0.018490 0.018022 0.017550 0.017073 0.016589 0.016100 0.015604 0.015101 0.014590 0.014072 0.013547 0.013013 0.012473 0.011924 0.011369 0.010808 0.010241 0.009668
0.028180 0.028762 0.028903 0.028925 0.028895 0.028818 0.028691 0.028508 0.028265 0.027957 0.027579 0.027142 0.026698 0.026252 0.025805 0.025357 0.024907 0.024456 0.024003 0.023549 0.023092 0.022634 0.022174 0.021711 0.021245 0.020777 0.020306 0.019832 0.019354 0.018872 0.018386 0.017895 0.017400 0.016899 0.016392 0.015879 0.015360 0.014834 0.014300 0.013759 0.013211 0.012656 0.012094 0.011526 0.010953 0.010376 0.009795 0.009212 0.008628 0.008045
0.028428 0.028498 0.028569 0.028590 0.028548 0.028443 0.028275 0.028044 0.027749 0.027386 0.026952 0.026467 0.025979 0.025491 0.025003 0.024513 0.024023 0.023532 0.023039 0.022544 0.022048 0.021550 0.021049 0.020545 0.020039 0.019529 0.019016 0.018498 0.017977 0.017450 0.016918 0.016381 0.015838 0.015288 0.014731 0.014167 0.013596 0.013017 0.012430 0.011837 0.011238 0.010634 0.010027 0.009419 0.008811 0.008204 0.007602 0.007007 0.006420 0.005841
0.028445 0.028214 0.028230 0.028208 0.028114 0.027950 0.027722 0.027429 0.027070 0.026642 0.026141 0.025602 0.025064 0.024526 0.023989 0.023451 0.022912 0.022372 0.021831 0.021288 0.020742 0.020195 0.019644 0.019090 0.018532 0.017971 0.017404 0.016833 0.016256 0.015673 0.015083 0.014487 0.013883 0.013271 0.012651 0.012023 0.011386 0.010743 0.010095 0.009443 0.008790 0.008140 0.007495 0.006858 0.006232 0.005621 0.005029 0.004457 0.003904 0.003375
0.026674 0.027768 0.027885 0.027770 0.027577 0.027329 0.027027 0.026666 0.026240 0.025744 0.025174 0.024582 0.023992 0.023401 0.022811 0.022220 0.021629 0.021035 0.020440 0.019843 0.019243 0.018639 0.018032 0.017420 0.016803 0.016181 0.015553 0.014919 0.014277 0.013628 0.012971 0.012305 0.011629 0.010945 0.010251 0.009550 0.008844 0.008136 0.007430 0.006731 0.006043 0.005375 0.004729 0.004107 0.003516 0.002968 0.002458 0.001980 0.001532 0.001156
0.030159 0.028149 0.027488 0.027146 0.026859 0.026550 0.026193 0.025775 0.025289 0.024729 0.024098 0.023455 0.022813 0.022170 0.021527 0.020883 0.020237 0.019588 0.018937 0.018282 0.017623 0.016960 0.016291 0.015616 0.014935 0.014247 0.013551 0.012847 0.012133 0.011410 0.010677 0.009933 0.009179 0.008415 0.007646 0.006876 0.006111 0.005361 0.004633 0.003932 0.003274 0.002668 0.002106 0.001585 0.001158 0.000802 0.000490 0.000207 0.000001 0.000001
0.024801 0.026077 0.026292 0.026194 0.025967 0.025654 0.025268 0.024807 0.024269 0.023651 0.022967 0.022277 0.021587 0.020895 0.020201 0.019504 0.018804 0.018101 0.017393 0.016679 0.015960 0.015234 0.014501 0.013760 0.013011 0.012252 0.011484 0.010705 0.009914 0.009112 0.008297 0.007471 0.006636 0.005800 0.004973 0.004167 0.003395 0.002681 0.002024 0.001435 0.000966 0.000574 0.000229 0.000001 0.000001 0.000001 0.000001 0.000001 0.000001 0.000001
0.025890 0.025684 0.025569 0.025385 0.025117 0.024768 0.024341 0.023836 0.023248 0.022574 0.021844 0.021112 0.020377 0.019639 0.018897 0.018150 0.017399 0.016641 0.015876 0.015104 0.014323 0.013534 0.012736 0.011927 0.011107 0.010275 0.009431 0.008573 0.007702 0.006816 0.005919 0.005015 0.004120 0.003250 0.002440 0.001695 0.001078 0.000588 0.000169 0.000001 0.000001 0.000001 0.000001 0.000001 0.000001 0.000001 0.000001 0.000001 0.000001 0.000001
0.026198 0.025437 0.025031 0.024701 0.024350 0.023944 0.023469 0.022916 0.022280 0.021555 0.020788 0.020018 0.019243 0.018462 0.017675 0.016880 0.016078 0.015266 0.014446 0.013615 0.012773 0.011920 0.011055 0.010176 0.009284 0.008377 0.007455 0.006518 0.005563 0.004596 0.003629 0.002687 0.001811 0.001058 0.000474 0.000001 0.000001 0.000001 0.000001 0.000001 0.000001 0.000001 0.000001 0.000001 0.000001 0.000001 0.000001 0.000001 0.000001 0.000001
0.023833 0.024284 0.024210 0.023953 0.023602 0.023176 0.022673 0.022087 0.021412 0.020645 0.019849 0.019045 0.018233 0.017411 0.016580 0.015739 0.014886 0.014021 0.013145 0.012255 0.011351 0.010434 0.009501 0.008552 0.007587 0.006604 0.005603 0.004584 0.003551 0.002525 0.001555 0.000748 0.000122 0.000001 0.000001 0.000001 0.000001 0.000001 0.000001 0.000001 0.000001 0.000001 0.000001 0.000001 0.000001 0.000001 0.000001 0.000001 0.000001 0.000001
0.024191 0.023831 0.023580 0.023299 0.022951 0.022522 0.022007 0.021398 0.020690 0.019890 0.019066 0.018229 0.017379 0.016517 0.015641 0.014751 0.013847 0.012929 0.011995 0.011045 0.010079 0.009096 0.008095 0.007076 0.006037 0.004978 0.003899 0.002803 0.001724 0.000765 0.000036 0.000001 0.000001 0.000001 0.000001 0.000001 0.000001 0.000001 0.000001 0.000001 0.000001 0.000001 0.000001 0.000001 0.000001 0.000001 0.000001 0.000001 0.000001 0.000001
0.023752 0.023376 0.023129 0.022860 0.022517 0.022081 0.021545 0.020904 0.020156 0.019319 0.018460 0.017584 0.016692 0.015784 0.014860 0.013919 0.012962 0.011988 0.010996 0.009985 0.008956 0.007908 0.006839 0.005749 0.004637 0.003503 0.002349 0.001213 0.000273 0.000001 0.000001 0.000001 0.000001 0.000001 0.000001 0.000001 0.000001 0.000001 0.000001 0.000001 0.000001 0.000001 0.000001 0.000001 0.000001 0.000001 0.000001 0.000001 0.000001 0.000001
0.022633 0.023003 0.022978 0.022753 0.022389 0.021908 0.021318 0.020620 0.019812 0.018924 0.018016 0.017092 0.016150 0.015190 0.014214 0.013220 0.012207 0.011176 0.010125 0.009054 0.007963 0.006850 0.005714 0.004556 0.003373 0.002167 0.000970 0.000000 0.000001 0.000001 0.000001 0.000001 0.000001 0.000001 0.000001 0.000001 0.000001 0.000001 0.000001 0.000001 0.000001 0.000001 0.000001 0.000001 0.000001 0.000001 0.000001 0.000001 0.000001 0.000001
0.023790 0.023646 0.023392 0.023012 0.022523 0.021937 0.021255 0.020475 0.019592 0.018642 0.017677 0.016698 0.015702 0.014689 0.013659 0.012611 0.011544 0.010456 0.009348 0.008219 0.007067 0.005892 0.004693 0.003469 0.002219 0.000962 0.000001 0.000001 0.000001 0.000001 0.000001 0.000001 0.000001 0.000001 0.000001 0.000001 0.000001 0.000001 0.000001 0.000001 0.000001 0.000001 0.000001 0.000001 0.000001 0.000001 0.000001 0.000001 0.000001 0.000001
0.025173 0.024543 0.023924 0.023305 0.022659 0.021960 0.021192 0.020339 0.019388 0.018382 0.017364 0.016333 0.015287 0.014224 0.013144 0.012045 0.010927 0.009788 0.008627 0.007443 0.006235 0.005003 0.003745 0.002460 0.001154 0.000001 0.000001 0.000001 0.000001 0.000001 0.000001 0.000001 0.000001 0.000001 0.000001 0.000001 0.000001 0.000001 0.000001 0.000001 0.000001 0.000001 0.000001 0.000001 0.000001 0.000001 0.000001 0.000001 0.000001 0.000001
0.025498 0.024586 0.023843 0.023173 0.022499 0.021777 0.020982 0.020097 0.019109 0.018065 0.017009 0.015939 0.014852 0.013748 0.012626 0.011484 0.010321 0.009136 0.007928 0.006696 0.005439 0.004156 0.002845 0.001506 0.000222 0.000001 0.000001 0.000001 0.000001 0.000001 0.000001 0.000001 0.000001 0.000001 0.000001 0.000001 0.000001 0.000001 0.000001 0.000001 0.000001 0.000001 0.000001 0.000001 0.000001 0.000001 0.000001 0.000001 0.000001 0.000001
0.023832 0.023347 0.023003 0.022579 0.022040 0.021385 0.020616 0.019733 0.018733 0.017671 0.016591 0.015493 0.014377 0.013241 0.012085 0.010908 0.009708 0.008486 0.007238 0.005965 0.004666 0.003338 0.001982 0.000609 0.000001 0.000001 0.000001 0.000001 0.000001 0.000001 0.000001 0.000001 0.000001 0.000001 0.000001 0.000001 0.000001 0.000001 0.000001 0.000001 0.000001 0.000001 0.000001 0.000001 0.000001 0.000001 0.000001 0.000001 0.000001 0.000001
0.020851 0.022097 0.022291 0.022058 0.021594 0.020968 0.020206 0.019318 0.018304 0.017228 0.016130 0.015012 0.013873 0.012712 0.011530 0.010325 0.009095 0.007841 0.006561 0.005254 0.003918 0.002553 0.001157 0.000001 0.000001 0.000001 0.000001 0.000001 0.000001 0.000001 0.000001 0.000001 0.000001 0.000001 0.000001 0.000001 0.000001 0.000001 0.000001 0.000001 0.000001 0.000001 0.000001 0.000001 0.000001 0.000001 0.000001 0.000001 0.000001 0.000001
0.024437 0.023197 0.022546 0.021978 0.021361 0.020656 0.019847 0.018924 0.017883 0.016787 0.015670 0.014533 0.013374 0.012193 0.010989 0.009760 0.008506 0.007225 0.005917 0.004581 0.003214 0.001817 0.000400 0.000001 0.000001 0.000001 0.000001 0.000001 0.000001 0.000001 0.000001 0.000001 0.000001 0.000001 0.000001 0.000001 0.000001 0.000001 0.000001 0.000001 0.000001 0.000001 0.000001 0.000001 0.000001 0.000001 0.000001 0.000001 0.000001 0.000001
0.023623 0.023200 0.022546 0.021871 0.021163 0.020394 0.019538 0.018580 0.017510 0.016393 0.015258 0.014102 0.012925 0.011725 0.010500 0.009250 0.007974 0.006670 0.005337 0.003975 0.002581 0.001156 0.000001 0.000001 0.000001 0.000001 0.000001 0.000001 0.000001 0.000001 0.000001 0.000001 0.000001 0.000001 0.000001 0.000001 0.000001 0.000001 0.000001 0.000001 0.000001 0.000001 0.000001 0.000001 0.000001 0.000001 0.000001 0.000001 0.000001 0.000001
0.023653 0.022749 0.022167 0.021574 0.020903 0.020140 0.019276 0.018302 0.017214 0.016083 0.014932 0.013759 0.012564 0.011344 0.010100 0.008830 0.007532 0.006206 0.004850 0.003464 0.002047 0.000596 0.000001 0.000001 0.000001 0.000001 0.000001 0.000001 0.000001 0.000001 0.000001 0.000001 0.000001 0.000001 0.000001 0.000001 0.000001 0.000001 0.000001 0.000001 0.000001 0.000001 0.000001 0.000001 0.000001 0.000001 0.000001 0.000001 0.000001 0.000001
0.021189 0.021882 0.021759 0.021320 0.020710 0.019971 0.019112 0.018132 0.017033 0.015888 0.014722 0.013532 0.012318 0.011079 0.009815 0.008523 0.007205 0.005857 0.004480 0.003072 0.001632 0.000161 0.000001 0.000001 0.000001 0.000001 0.000001 0.000001 0.000001 0.000001 0.000001 0.000001 0.000001 0.000001 0.000001 0.000001 0.000001 0.000001 0.000001 0.000001 0.000001 0.000001 0.000001 0.000001 0.000001 0.000001 0.000001 0.000001 0.000001 0.000001
0.023524 0.022602 0.021976 0.021384 0.020729 0.019972 0.019100 0.018105 0.016988 0.015826 0.014640 0.013430 0.012196 0.010937 0.009652 0.008340 0.007002 0.005635 0.004238 0.002810 0.001351 0.000001 0.000001 0.000001 0.000001 0.000001 0.000001 0.000001 0.000001 0.000001 0.000001 0.000001 0.000001 0.000001 0.000001 0.000001 0.000001 0.000001 0.000001 0.000001 0.000001 0.000001 0.000001 0.000001 0.000001 0.000001 0.000001 0.000001 0.000001 0.000001
0.023616 0.022714 0.022152 0.021580 0.020914 0.020135 0.019236 0.018213 0.017070 0.015883 0.014673 0.013441 0.012186 0.010907 0.009604 0.008274 0.006919 0.005535 0.004123 0.002680 0.001207 0.000001 0.000001 0.000001 0.000001 0.000001 0.000001 0.000001 0.000001 0.000001 0.000001 0.000001 0.000001 0.000001 0.000001 0.000001 0.000001 0.000001 0.000001 0.000001 0.000001 0.000001 0.000001 0.000001 0.000001 0.000001 0.000001 0.000001 0.000001 0.000001
0.021385 0.022471 0.022394 0.021905 0.021219 0.020398 0.019459 0.018401 0.017228 0.016015 0.014784 0.013533 0.012261 0.010968 0.009651 0.008310 0.006943 0.005549 0.004128 0.002678 0.001197 0.000001 0.000001 0.000001 0.000001 0.000001 0.000001 0.000001 0.000001 0.000001 0.000001 0.000001 0.000001 0.000001 0.000001 0.000001 0.000001 0.000001 0.000001 0.000001 0.000001 0.000001 0.000001 0.000001 0.000001 0.000001 0.000001 0.000001 0.000001 0.000001
0.025573 0.024092 0.023169 0.022360 0.021534 0.020644 0.019666 0.018586 0.017397 0.016171 0.014929 0.013670 0.012392 0.011094 0.009774 0.008430 0.007062 0.005668 0.004248 0.002799 0.001321 0.000001 0.000001 0.000001 0.000001 0.000001 0.000001 0.000001 0.000001 0.000001 0.000001 0.000001 0.000001 0.000001 0.000001 0.000001 0.000001 0.000001 0.000001 0.000001 0.000001 0.000001 0.000001 0.000001 0.000001 0.000001 0.000001 0.000001 0.000001 0.000001
0.025592 0.024194 0.023240 0.022421 0.021603 0.020728 0.019768 0.018707 0.017535 0.016318 0.015085 0.013835 0.012566 0.011277 0.009966 0.008632 0.007274 0.005891 0.004482 0.003047 0.001582 0.000092 0.000001 0.000001 0.000001 0.000001 0.000001 0.000001 0.000001 0.000001 0.000001 0.000001 0.000001 0.000001 0.000001 0.000001 0.000001 0.000001 0.000001 0.000001 0.000001 0.000001 0.000001 0.000001 0.000001 0.000001 0.000001 0.000001 0.000001 0.000001
0.021733 0.022584 0.022510 0.022069 0.021438 0.020672 0.019788 0.018786 0.017663 0.016475 0.015268 0.014042 0.012795 0.011527 0.010237 0.008925 0.007589 0.006230 0.004845 0.003433 0.001995 0.000529 0.000001 0.000001 0.000001 0.000001 0.000001 0.000001 0.000001 0.000001 0.000001 0.000001 0.000001 0.000001 0.000001 0.000001 0.000001 0.000001 0.000001 0.000001 0.000001 0.000001 0.000001 0.000001 0.000001 0.000001 0.000001 0.000001 0.000001 0.000001
0.023192 0.022727 0.022378 0.021931 0.021360 0.020665 0.019850 0.018912 0.017849 0.016698 0.015523 0.014328 0.013112 0.011875 0.010616 0.009335 0.008032 0.006706 0.005357 0.003982 0.002583 0.001157 0.000001 0.000001 0.000001 0.000001 0.000001 0.000001 0.000001 0.000001 0.000001 0.000001 0.000001 0.000001 0.000001 0.000001 0.000001 0.000001 0.000001 0.000001 0.000001 0.000001 0.000001 0.000001 0.000001 0.000001 0.000001 0.000001 0.000001 0.000001
0.023779 0.023161 0.022602 0.022067 0.021487 0.020821 0.020051 0.019166 0.018159 0.017045 0.015902 0.014739 0.013557 0.012356 0.011135 0.009894 0.008633 0.007351 0.006047 0.004721 0.003372 0.002000 0.000616 0.000001 0.000001 0.000001 0.000001 0.000001 0.000001 0.000001 0.000001 0.000001 0.000001 0.000001 0.000001 0.000001 0.000001 0.000001 0.000001 0.000001 0.000001 0.000001 0.000001 0.000001 0.000001 0.000001 0.000001 0.000001 0.000001 0.000001
0.023614 0.023065 0.022689 0.022268 0.021755 0.021139 0.020413 0.019575 0.018619 0.017547 0.016433 0.015304 0.014159 0.012998 0.011822 0.010629 0.009418 0.008190 0.006944 0.005679 0.004394 0.003088 0.001762 0.000498 0.000001 0.000001 0.000001 0.000001 0.000001 0.000001 0.000001 0.000001 0.000001 0.000001 0.000001 0.000001 0.000001 0.000001 0.000001 0.000001 0.000001 0.000001 0.000001 0.000001 0.000001 0.000001 0.000001 0.000001 0.000001 0.000001
0.021906 0.022802 0.022886 0.022626 0.022180 0.021603 0.020914 0.020118 0.019215 0.018200 0.017118 0.016027 0.014926 0.013814 0.012692 0.011557 0.010409 0.009247 0.008072 0.006881 0.005674 0.004451 0.003211 0.001959 0.000801 0.000001 0.000001 0.000001 0.000001 0.000001 0.000001 0.000001 0.000001 0.000001 0.000001 0.000001 0.000001 0.000001 0.000001 0.000001 0.000001 0.000001 0.000001 0.000001 0.000001 0.000001 0.000001 0.000001 0.000001 0.000001
0.024929 0.024230 0.023744 0.023269 0.022746 0.022157 0.021491 0.020740 0.019898 0.018958 0.017932 0.016893 0.015851 0.014803 0.013748 0.012686 0.011616 0.010537 0.009448 0.008349 0.007238 0.006114 0.004978 0.003829 0.002678 0.001589 0.000725 0.000065 0.000001 0.000001 0.000001 0.000001 0.000001 0.000001 0.000001 0.000001 0.000001 0.000001 0.000001 0.000001 0.000001 0.000001 0.000001 0.000001 0.000001 0.000001 0.000001 0.000001 0.000001 0.000001
0.026022 0.024998 0.024306 0.023742 0.023204 0.022644 0.022034 0.021359 0.020608 0.019772 0.018847 0.017884 0.016921 0.015958 0.014993 0.014025 0.013052 0.012075 0.011093 0.010104 0.009108 0.008105 0.007093 0.006072 0.005044 0.004018 0.003033 0.002137 0.001400 0.000848 0.000402 0.000027 0.000001 0.000001 0.000001 0.000001 0.000001 0.000001 0.000001 0.000001 0.000001 0.000001 0.000001 0.000001 0.000001 0.000001 0.000001 0.000001 0.000001 0.000001
0.024226 0.024276 0.024059 0.023743 0.023370 0.022947 0.022466 0.021922 0.021307 0.020616 0.019842 0.018996 0.018142 0.017289 0.016438 0.015587 0.014736 0.013884 0.013030 0.012175 0.011316 0.010455 0.009590 0.008721 0.007848 0.006972 0.006100 0.005251 0.004447 0.003724 0.003085 0.002521 0.002064 0.001725 0.001460 0.001246 0.001072 0.000931 0.000818 0.000730 0.000666 0.000624 0.000603 0.000602 0.000622 0.000663 0.000724 0.000807 0.000911 0.001037
0.023505 0.023556 0.023564 0.023491 0.023338 0.023110 0.022813 0.022446 0.022010 0.021502 0.020919 0.020259 0.019544 0.018830 0.018118 0.017410 0.016704 0.016001 0.015300 0.014601 0.013904 0.013208 0.012514 0.011820 0.011127 0.010435 0.009746 0.009063 0.008396 0.007758 0.007162 0.006615 0.006122 0.005700 0.005349 0.005060 0.004828 0.004647 0.004512 0.004420 0.004370 0.004361 0.004390 0.004459 0.004567 0.004715 0.004904 0.005134 0.005408 0.005726
0.022446 0.022834 0.023103 0.023251 0.023303 0.023275 0.023176 0.023010 0.022779 0.022483 0.022121 0.021690 0.021192 0.020650 0.020097 0.019556 0.019020 0.018488 0.017963 0.017445 0.016933 0.016427 0.015926 0.015431 0.014943 0.014462 0.013989 0.013525 0.013073 0.012638 0.012226 0.011845 0.011500 0.011199 0.010948 0.010752 0.010611 0.010525 0.010494 0.010516 0.010591 0.010721 0.010905 0.011144 0.011440 0.011795 0.012209 0.012687 0.013230 0.013842
0.022060 0.022652 0.022984 0.023238 0.023434 0.023577 0.023668 0.023706 0.023693 0.023626 0.023506 0.023329 0.023094 0.022804 0.022473 0.022125 0.021771 0.021432 0.021107 0.020793 0.020489 0.020195 0.019910 0.019639 0.019381 0.019139 0.018912 0.018701 0.018508 0.018334 0.018184 0.018061 0.017970 0.017916 0.017905 0.017941 0.018030 0.018174 0.018377 0.018641 0.018968 0.019361 0.019822 0.020354 0.020960 0.021644 0.022411 0.023265 0.024209 0.025248
0.023121 0.022882 0.023129 0.023452 0.023774 0.024076 0.024351 0.024597 0.024808 0.024983 0.025118 0.025212 0.025261 0.025265 0.025227 0.025154 0.025060 0.024956 0.024857 0.024768 0.024691 0.024627 0.024581 0.024561 0.024564 0.024591 0.024642 0.024719 0.024822 0.024955 0.025119 0.025317 0.025553 0.025832 0.026156 0.026533 0.026966 0.027461 0.028022 0.028654 0.029361 0.030149 0.031020 0.031981 0.033039 0.034202 0.035474 0.036861 0.038368 0.039999
0.021393 0.022680 0.023284 0.023773 0.024253 0.024737 0.025217 0.025686 0.026137 0.026566 0.026971 0.027348 0.027696 0.028013 0.028298 0.028554 0.028785 0.028999 0.029205 0.029413 0.029629 0.029857 0.030103 0.030373 0.030674 0.031006 0.031373 0.031777 0.032220 0.032704 0.033233 0.033810 0.034439 0.035122 0.035867 0.036676 0.037556 0.038511 0.039549 0.040675 0.041895 0.043216 0.044642 0.046182 0.047841 0.049628 0.051549 0.053613 0.055823 0.058186
0.023576 0.023062 0.023435 0.024062 0.024766 0.025492 0.026221 0.026944 0.027657 0.028357 0.029044 0.029716 0.030371 0.031010 0.031633 0.032238 0.032829 0.033408 0.033981 0.034554 0.035134 0.035726 0.036338 0.036974 0.037641 0.038346 0.039092 0.039885 0.040728 0.041626 0.042582 0.043601 0.044688 0.045848 0.047085 0.048406 0.049816 0.051322 0.052931 0.054651 0.056487 0.058449 0.060542 0.062774 0.065151 0.067680 0.070367 0.073218 0.076237 0.079430
0.020044 0.021775 0.023078 0.024224 0.025299 0.026336 0.027351 0.028350 0.029339 0.030321 0.031296 0.032268 0.033235 0.034200 0.035163 0.036125 0.037086 0.038049 0.039017 0.039994 0.040984 0.041993 0.043027 0.044091 0.045191 0.046335 0.047527 0.048775 0.050084 0.051459 0.052907 0.054433 0.056043 0.057743 0.059540 0.061441 0.063453 0.065583 0.067839 0.070230 0.072763 0.075446 0.078287 0.081291 0.084462 0.087806 0.091325 0.095022 0.098902 0.102967
0.019417 0.021614 0.023275 0.024721 0.026068 0.027368 0.028643 0.029905 0.031163 0.032421 0.033682 0.034951 0.036228 0.037516 0.038816 0.040131 0.041461 0.042810 0.044178 0.045570 0.046988 0.048438 0.049923 0.051450 0.053024 0.054650 0.056337 0.058089 0.059914 0.061819 0.063811 0.065896 0.068082 0.070376 0.072787 0.075321 0.077989 0.080797 0.083756 0.086874 0.090158 0.093615 0.097249 0.101062 0.105057 0.109234 0.113592 0.118133 0.122862 0.127779
0.022485 0.023067 0.024290 0.025694 0.027151 0.028625 0.030109 0.031602 0.033107 0.034625 0.036161 0.037716 0.039293 0.040895 0.042523 0.044181 0.045871 0.047595 0.049355 0.051155 0.052998 0.054888 0.056830 0.058827 0.060886 0.063013 0.065213 0.067493 0.069861 0.072324 0.074889 0.077565 0.080358 0.083279 0.086336 0.089537 0.092894 0.096414 0.100108 0.103981 0.108039 0.112282 0.116708 0.121318 0.126110 0.131080 0.136227 0.141559 0.147082 0.152785
0.021810 0.023633 0.025203 0.026776 0.028385 0.030030 0.031706 0.033411 0.035144 0.036906 0.038700 0.040527 0.042389 0.044290 0.046231 0.048216 0.050248 0.052330 0.054464 0.056655 0.058905 0.061220 0.063602 0.066059 0.068593 0.071212 0.073922 0.076728 0.079640 0.082663 0.085806 0.089078 0.092487 0.096042 0.099754 0.103633 0.107688 0.111928 0.116359 0.120981 0.125790 0.130781 0.135946 0.141291 0.146807 0.152494 0.158363 0.164425 0.170687 0.177153
0.022924 0.024409 0.026133 0.027900 0.029697 0.031528 0.033397 0.035306 0.037256 0.039247 0.041282 0.043363 0.045492 0.047672 0.049906 0.052197 0.054549 0.056965 0.059448 0.062004 0.064636 0.067349 0.070147 0.073036 0.076021 0.079109 0.082305 0.085617 0.089051 0.092616 0.096321 0.100173 0.104183 0.108360 0.112715 0.117257 0.121997 0.126936 0.132069 0.137384 0.142875 0.148527 0.154351 0.160358 0.166555 0.172943 0.179530 0.186321 0.193323 0.200543
0.022760 0.025207 0.027199 0.029145 0.031117 0.033128 0.035184 0.037287 0.039440 0.041644 0.043902 0.046216 0.048590 0.051027 0.053529 0.056101 0.058747 0.061470 0.064275 0.067167 0.070150 0.073229 0.076410 0.079699 0.083102 0.086624 0.090273 0.094057 0.097982 0.102057 0.106291 0.110693 0.115273 0.120042 0.125010 0.130186 0.135571 0.141150 0.146901 0.152817 0.158911 0.165189 0.171655 0.178315 0.185177 0.192247 0.199529 0.207030 0.214757 0.222714
0.025832 0.026739 0.028541 0.030566 0.032679 0.034852 0.037078 0.039360 0.041698 0.044097 0.046558 0.049085 0.051681 0.054349 0.057095 0.059921 0.062833 0.065835 0.068931 0.072128 0.075430 0.078843 0.082373 0.086027 0.089810 0.093730 0.097794 0.102011 0.106387 0.110933 0.115658 0.120571 0.125684 0.131007 0.136548 0.142309 0.148263 0.154385 0.160687 0.167174 0.173851 0.180726 0.187804 0.195092 0.202595 0.210320 0.218271 0.226456 0.234880 0.243549
0.024156 0.027402 0.029804 0.032072 0.034354 0.036685 0.039071 0.041517 0.044025 0.046600 0.049245 0.051963 0.054759 0.057637 0.060602 0.063658 0.066809 0.070063 0.073423 0.076895 0.080485 0.084200 0.088046 0.092029 0.096158 0.100439 0.104881 0.109492 0.114281 0.119258 0.124434 0.129819 0.135424 0.141259 0.147324 0.153587 0.160029 0.166658 0.173480 0.180502 0.187731 0.195171 0.202830 0.210712 0.218824 0.227169 0.235757 0.244592 0.253680 0.263026
0.027571 0.029150 0.031357 0.033711 0.036132 0.038609 0.041144 0.043741 0.046405 0.049142 0.051954 0.054847 0.057825 0.060894 0.064058 0.067322 0.070692 0.074174 0.077772 0.081494 0.085345 0.089333 0.093465 0.097747 0.102188 0.106797 0.111581 0.116552 0.121718 0.127092 0.132683 0.138504 0.144564 0.150866 0.157379 0.164079 0.170976 0.178073 0.185379 0.192900 0.200643 0.208612 0.216813 0.225250 0.233929 0.242855 0.252037 0.261479 0.271185 0.281160
0.027690 0.030461 0.032951 0.035452 0.038005 0.040614 0.043285 0.046023 0.048833 0.051721 0.054690 0.057747 0.060896 0.064142 0.067490 0.070947 0.074517 0.078207 0.082023 0.085972 0.090061 0.094297 0.098687 0.103241 0.107967 0.112874 0.117972 0.123274 0.128789 0.134530 0.140509 0.146735 0.153210 0.159910 0.166808 0.173910 0.181221 0.188747 0.196496 0.204475 0.212687 0.221136 0.229828 0.238768 0.247960 0.257408 0.267120 0.277100 0.287353 0.297883
0.030326 0.032252 0.034710 0.037308 0.039977 0.042710 0.045511 0.048386 0.051339 0.054374 0.057496 0.060710 0.064021 0.067434 0.070954 0.074589 0.078344 0.082225 0.086240 0.090397 0.094702 0.099163 0.103790 0.108591 0.113577 0.118760 0.124150 0.129760 0.135603 0.141690 0.148030 0.154623 0.161448 0.168479 0.175721 0.183178 0.190856 0.198758 0.206891 0.215261 0.223874 0.232734 0.241845 0.251214 0.260845 0.270743 0.280912 0.291358 0.302084 0.313097
0.029794 0.033516 0.036477 0.039279 0.042091 0.044960 0.047902 0.050919 0.054018 0.057200 0.060470 0.063833 0.067296 0.070863 0.074542 0.078339 0.082261 0.086315 0.090510 0.094853 0.099353 0.104018 0.108859 0.113887 0.119114 0.124554 0.130220 0.136121 0.142272 0.148677 0.155333 0.162217 0.169307 0.176609 0.184131 0.191877 0.199852 0.208062 0.216511 0.225206 0.234151 0.243352 0.252813 0.262540 0.272538 0.282811 0.293363 0.304200 0.315326 0.326745
0.034397 0.036301 0.038836 0.041629 0.044553 0.047567 0.050655 0.053815 0.057052 0.060368 0.063770 0.067264 0.070857 0.074557 0.078370 0.082306 0.086372 0.090575 0.094926 0.099432 0.104103 0.108949 0.113982 0.119218 0.124670 0.130352 0.136271 0.142435 0.148845 0.155496 0.162365 0.169443 0.176735 0.184249 0.191989 0.199961 0.208170 0.216621 0.225321 0.234273 0.243483 0.252957 0.262699 0.272714 0.283008 0.293584 0.304447 0.315603 0.327054 0.338806
0.036119 0.038612 0.041530 0.044583 0.047697 0.050858 0.054070 0.057339 0.060673 0.064083 0.067576 0.071162 0.074848 0.078643 0.082557 0.086598 0.090775 0.095097 0.099573 0.104213 0.109027 0.114027 0.119232 0.124655 0.130303 0.136185 0.142304 0.148661 0.155245 0.162033 0.169032 0.176248 0.183686 0.191352 0.199251 0.207389 0.215770 0.224401 0.233287 0.242433 0.251844 0.261525 0.271481 0.281718 0.292239 0.303049 0.314154 0.325557 0.337262 0.349275
0.037345 0.041923 0.045508 0.048790 0.051993 0.055196 0.058433 0.061721 0.065076 0.068509 0.072029 0.075648 0.079374 0.083216 0.087184 0.091288 0.095536 0.099938 0.104504 0.109243 0.114167 0.119292 0.124632 0.130194 0.135985 0.142004 0.148244 0.154694 0.161344 0.168206 0.175284 0.182585 0.190114 0.197877 0.205878 0.214124 0.222620 0.231372 0.240384 0.249663 0.259212 0.269038 0.279144 0.289537 0.300220 0.311199 0.322477 0.334060 0.345951 0.358154
0.046839 0.049026 0.051742 0.054652 0.057649 0.060709 0.063835 0.067033 0.070315 0.073689 0.077165 0.080752 0.084459 0.088294 0.092267 0.096386 0.100662 0.105103 0.109719 0.114520 0.119515 0.124718 0.130140 0.135781 0.141636 0.147697 0.153952 0.160411 0.167081 0.173967 0.181074 0.188409 0.195977 0.203783 0.211833 0.220133 0.228689 0.237505 0.246586 0.255939 0.265568 0.275479 0.285675 0.296163 0.306946 0.318029 0.329417 0.341115 0.353125 0.365453
0.054458 0.056442 0.058941 0.061595 0.064341 0.067177 0.070106 0.073136 0.076272 0.079523 0.082895 0.086395 0.090030 0.093809 0.097740 0.101831 0.106091 0.110530 0.115157 0.119980 0.125005 0.130231 0.135660 0.141290 0.147106 0.153121 0.159339 0.165766 0.172407 0.179269 0.186357 0.193676 0.201233 0.209033 0.217082 0.225384 0.233946 0.242773 0.251870 0.261242 0.270895 0.280833 0.291061 0.301585 0.312408 0.323536 0.334973 0.346723 0.358789 0.371177
0.060232 0.064086 0.066734 0.069173 0.071652 0.074232 0.076932 0.079758 0.082713 0.085802 0.089031 0.092404 0.095930 0.099613 0.103463 0.107488 0.111695 0.116094 0.120693 0.125495 0.130492 0.135673 0.141022 0.146555 0.152282 0.158212 0.164350 0.170701 0.177269 0.184062 0.191085 0.198344 0.205844 0.213590 0.221588 0.229843 0.238362 0.247149 0.256210 0.265549 0.275172 0.285084 0.295289 0.305793 0.316600 0.327715 0.339141 0.350883 0.362946 0.375333
0.074007 0.073783 0.075146 0.077040 0.079187 0.081507 0.083979 0.086595 0.089357 0.092268 0.095332 0.098555 0.101943 0.105502 0.109241 0.113167 0.117288 0.121613 0.126144 0.130868 0.135758 0.140819 0.146058 0.151479 0.157091 0.162902 0.168921 0.175154 0.181609 0.188292 0.195209 0.202364 0.209762 0.217410 0.225313 0.233476 0.241904 0.250604 0.259579 0.268836 0.278379 0.288213 0.298342 0.308773 0.319509 0.330555 0.341914 0.353592 0.365593 0.377919
0.078567 0.080841 0.082693 0.084566 0.086555 0.088679 0.090946 0.093360 0.095926 0.098649 0.101536 0.104591 0.107821 0.111234 0.114837 0.118638 0.122645 0.126864 0.131274 0.135849 0.140596 0.145519 0.150622 0.155911 0.161391 0.167069 0.172953 0.179048 0.185361 0.191901 0.198673 0.205683 0.212940 0.220449 0.228215 0.236243 0.244537 0.253103 0.261947 0.271075 0.280489 0.290196 0.300200 0.310506 0.321119 0.332043 0.343281 0.354840 0.366721 0.378930
0.086436 0.088341 0.090072 0.091801 0.093605 0.095525 0.097581 0.099785 0.102147 0.104672 0.107369 0.110243 0.113301 0.116550 0.119997 0.123651 0.127520 0.131594 0.135835 0.140248 0.144836 0.149603 0.154554 0.159693 0.165026 0.170557 0.176291 0.182236 0.188396 0.194778 0.201390 0.208236 0.215323 0.222659 0.230250 0.238100 0.246218 0.254610 0.263281 0.272234 0.281474 0.291007 0.300837 0.310970 0.321409 0.332159 0.343225 0.354609 0.366318 0.378353
0.095485 0.096089 0.097241 0.098603 0.100118 0.101782 0.103602 0.105583 0.107732 0.110054 0.112553 0.115238 0.118113 0.121185 0.124463 0.127953 0.131664 0.135564 0.139634 0.143877 0.148297 0.152899 0.157687 0.162664 0.167836 0.173206 0.178779 0.184561 0.190557 0.196772 0.203212 0.209883 0.216790 0.223940 0.231339 0.238993 0.246907 0.255089 0.263545 0.272280 0.281301 0.290615 0.300227 0.310139 0.320356 0.330882 0.341722 0.352881 0.364362 0.376169
0.101145 0.102449 0.103392 0.104444 0.105677 0.107092 0.108684 0.110450 0.112393 0.114516 0.116822 0.119317 0.122007 0.124899 0.127999 0.131315 0.134854 0.138583 0.142483 0.146557 0.150809 0.155242 0.159860 0.164669 0.169670 0.174870 0.180272 0.185880 0.191700 0.197736 0.203994 0.210478 0.217194 0.224147 0.231342 0.238787 0.246485 0.254443 0.262667 0.271163 0.279936 0.288993 0.298342 0.307985 0.317929 0.328183 0.338749 0.349631 0.360831 0.372354
0.108299 0.107622 0.108032 0.108845 0.109891 0.111126 0.112538 0.114124 0.115887 0.117830 0.119957 0.122274 0.124785 0.127498 0.130420 0.133556 0.136915 0.140484 0.144223 0.148133 0.152220 0.156486 0.160935 0.165571 0.170398 0.175420 0.180641 0.186066 0.191698 0.197543 0.203606 0.209890 0.216401 0.223143 0.230123 0.237344 0.244812 0.252532 0.260511 0.268752 0.277262 0.286046 0.295110 0.304460 0.314101 0.324040 0.334283 0.344834 0.355697 0.366882
0.108103 0.109707 0.110691 0.111605 0.112602 0.113731 0.115013 0.116458 0.118072 0.119861 0.121831 0.123985 0.126330 0.128872 0.131617 0.134572 0.137746 0.141142 0.144733 0.148489 0.152417 0.156519 0.160800 0.165263 0.169912 0.174751 0.179785 0.185017 0.190451 0.196093 0.201946 0.208015 0.214305 0.220820 0.227565 0.234545 0.241765 0.249229 0.256943 0.264911 0.273139 0.281631 0.290394 0.299431 0.308748 0.318352 0.328246 0.338438 0.348931 0.359731
0.111186 0.111639 0.112283 0.113039 0.113919 0.114941 0.116114 0.117444 0.118938 0.120598 0.122430 0.124438 0.126628 0.129006 0.131577 0.134350 0.137331 0.140529 0.143944 0.147556 0.151331 0.155272 0.159386 0.163675 0.168142 0.172793 0.177630 0.182659 0.187884 0.193308 0.198936 0.204773 0.210824 0.217091 0.223581 0.230298 0.237246 0.244430 0.251855 0.259525 0.267446 0.275621 0.284056 0.292755 0.301724 0.310967 0.320490 0.330296 0.340392 0.350783
0.112402 0.112311 0.112608 0.113176 0.113942 0.114875 0.115964 0.117205 0.118600 0.120149 0.121857 0.123729 0.125769 0.127983 0.130378 0.132962 0.135741 0.138724 0.141918 0.145325 0.148931 0.152718 0.156661 0.160769 0.165049 0.169502 0.174133 0.178947 0.183947 0.189138 0.194524 0.200109 0.205898 0.211895 0.218105 0.224533 0.231181 0.238057 0.245163 0.252504 0.260085 0.267911 0.275986 0.284315 0.292902 0.301751 0.310869 0.320259 0.329925 0.339874
0.110802 0.110968 0.111448 0.112081 0.112853 0.113759 0.114799 0.115971 0.117277 0.118719 0.120304 0.122034 0.123918 0.125960 0.128168 0.130548 0.133109 0.135858 0.138804 0.141953 0.145310 0.148869 0.152616 0.156542 0.160624 0.164865 0.169275 0.173859 0.178616 0.183554 0.188675 0.193986 0.199489 0.205189 0.211091 0.217199 0.223518 0.230051 0.236803 0.243780 0.250985 0.258423 0.266099 0.274016 0.282181 0.290596 0.299267 0.308199 0.317395 0.326861
0.107201 0.108757 0.109548 0.110280 0.111077 0.111965 0.112950 0.114039 0.115239 0.116556 0.117997 0.119568 0.121275 0.123125 0.125125 0.127281 0.129601 0.132092 0.134763 0.137622 0.140676 0.143930 0.147384 0.151034 0.154870 0.158880 0.163060 0.167390 0.171880 0.176541 0.181376 0.186385 0.191573 0.196945 0.202508 0.208263 0.214216 0.220370 0.226731 0.233303 0.240090 0.247098 0.254330 0.261791 0.269487 0.277421 0.285598 0.294023 0.302701 0.311636
0.109129 0.107526 0.107730 0.108339 0.109064 0.109858 0.110726 0.111679 0.112728 0.113880 0.115143 0.116523 0.118025 0.119656 0.121422 0.123328 0.125382 0.127591 0.129961 0.132500 0.135216 0.138118 0.141209 0.144495 0.147975 0.151646 0.155503 0.159535 0.163735 0.168102 0.172618 0.177291 0.182132 0.187146 0.192335 0.197700 0.203248 0.208983 0.214911 0.221037 0.227362 0.233894 0.240636 0.247593 0.254771 0.262173 0.269806 0.277673 0.285780 0.294130
0.100819 0.104483 0.105765 0.106448 0.107017 0.107612 0.108277 0.109029 0.109877 0.110824 0.111874 0.113032 0.114302 0.115688 0.117195 0.118828 0.120593 0.122495 0.124540 0.126736 0.129088 0.131606 0.134295 0.137162 0.140213 0.143450 0.146874 0.150485 0.154277 0.158247 0.162388 0.166691 0.171158 0.175785 0.180559 0.185492 0.190594 0.195872 0.201327 0.206961 0.212780 0.218788 0.224992 0.231398 0.238010 0.244832 0.251869 0.259126 0.266608 0.274320
0.107499 0.105443 0.104827 0.104718 0.104852 0.105144 0.105559 0.106081 0.106703 0.107424 0.108243 0.109161 0.110181 0.111304 0.112535 0.113878 0.115336 0.116914 0.118617 0.120451 0.122421 0.124534 0.126796 0.129214 0.131795 0.134544 0.137465 0.140564 0.143840 0.147294 0.150926 0.154731 0.158707 0.162852 0.167158 0.171622 0.176247 0.181037 0.185975 0.191072 0.196338 0.201780 0.207406 0.213219 0.219219 0.225413 0.231805 0.238403 0.245211 0.252237
0.105018 0.103211 0.102435 0.102142 0.102098 0.102209 0.102433 0.102755 0.103167 0.103667 0.104253 0.104928 0.105691 0.106546 0.107494 0.108538 0.109681 0.110926 0.112278 0.113740 0.115317 0.117014 0.118837 0.120791 0.122882 0.125115 0.127498 0.130035 0.132731 0.135590 0.138616 0.141810 0.145172 0.148704 0.152405 0.156271 0.160302 0.164500 0.168861 0.173380 0.178060 0.182908 0.187929 0.193109 0.198455 0.203978 0.209685 0.215583 0.221678 0.227977
0.096025 0.097955 0.098512 0.098664 0.098716 0.098770 0.098867 0.099022 0.099243 0.099534 0.099897 0.100334 0.100846 0.101435 0.102102 0.102849 0.103678 0.104591 0.105591 0.106680 0.107863 0.109142 0.110522 0.112007 0.113602 0.115312 0.117142 0.119099 0.121188 0.123415 0.125785 0.128305 0.130978 0.133808 0.136799 0.139953 0.143271 0.146755 0.150406 0.154223 0.158205 0.162355 0.166676 0.171166 0.175821 0.180643 0.185639 0.190814 0.196175 0.201722
0.095803 0.095352 0.095284 0.095204 0.095097 0.094996 0.094927 0.094905 0.094937 0.095028 0.095178 0.095389 0.095661 0.095994 0.096390 0.096850 0.097373 0.097962 0.098617 0.099341 0.100136 0.101003 0.101946 0.102968 0.104072 0.105262 0.106543 0.107921 0.109402 0.110993 0.112700 0.114531 0.116491 0.118588 0.120827 0.123213 0.125751 0.128446 0.131300 0.134316 0.137496 0.140842 0.144354 0.148037 0.151888 0.155907 0.160097 0.164460 0.169001 0.173724
0.093394 0.092874 0.092211 0.091663 0.091231 0.090889 0.090620 0.090413 0.090263 0.090165 0.090117 0.090118 0.090167 0.090262 0.090403 0.090590 0.090823 0.091101 0.091426 0.091798 0.092218 0.092686 0.093205 0.093776 0.094403 0.095089 0.095838 0.096657 0.097553 0.098532 0.099601 0.100767 0.102038 0.103420 0.104921 0.106548 0.108306 0.110202 0.112239 0.114423 0.116757 0.119243 0.121886 0.124687 0.127650 0.130774 0.134063 0.137519 0.141146 0.144947
0.091501 0.089409 0.088212 0.087401 0.086790 0.086301 0.085892 0.085544 0.085245 0.084988 0.084768 0.084582 0.084428 0.084304 0.084209 0.084142 0.084102 0.084089 0.084101 0.084138 0.084201 0.084288 0.084402 0.084544 0.084718 0.084927 0.085179 0.085479 0.085834 0.086252 0.086737 0.087297 0.087938 0.088668 0.089492 0.090417 0.091449 0.092594 0.093855 0.095239 0.096748 0.098388 0.100162 0.102074 0.104128 0.106329 0.108679 0.111183 0.113845 0.116670
0.083456 0.083182 0.082734 0.082236 0.081740 0.081264 0.080812 0.080384 0.079978 0.079593 0.079226 0.078875 0.078539 0.078216 0.077904 0.077602 0.077309 0.077022 0.076741 0.076464 0.076190 0.075919 0.075654 0.075398 0.075157 0.074936 0.074745 0.074589 0.074475 0.074406 0.074389 0.074426 0.074524 0.074690 0.074927 0.075241 0.075634 0.076111 0.076677 0.077336 0.078092 0.078950 0.079914 0.080990 0.082183 0.083500 0.084946 0.086527 0.088247 0.090112
0.076452 0.077271 0.077266 0.076976 0.076568 0.076107 0.075621 0.075125 0.074626 0.074126 0.073625 0.073124 0.072620 0.072114 0.071602 0.071082 0.070553 0.070013 0.069458 0.068888 0.068302 0.067702 0.067095 0.066489 0.065891 0.065310 0.064755 0.064228 0.063731 0.063267 0.062837 0.062444 0.062097 0.061796 0.061543 0.061340 0.061190 0.061097 0.061064 0.061096 0.061196 0.061371 0.061625 0.061965 0.062401 0.062937 0.063580 0.064337 0.065212 0.066210
0.075263 0.073589 0.072847 0.072275 0.071718 0.071149 0.070566 0.069969 0.069360 0.068739 0.068106 0.067460 0.066798 0.066119 0.065420 0.064699 0.063951 0.063175 0.062367 0.061527 0.060660 0.059774 0.058884 0.057999 0.057124 0.056270 0.055436 0.054618 0.053818 0.053036 0.052273 0.051530 0.050809 0.050113 0.049444 0.048803 0.048195 0.047622 0.047088 0.046598 0.046158 0.045774 0.045451 0.045197 0.045020 0.044926 0.044922 0.045012 0.045201 0.045497
0.068922 0.069291 0.068666 0.067918 0.067180 0.066459 0.065742 0.065021 0.064290 0.063543 0.062778 0.061991 0.061180 0.060339 0.059466 0.058557 0.057607 0.056614 0.055575 0.054497 0.053398 0.052295 0.051203 0.050114 0.049027 0.047944 0.046867 0.045795 0.044728 0.043666 0.042610 0.041560 0.040516 0.039480 0.038455 0.037443 0.036447 0.035474 0.034529 0.033620 0.032752 0.031935 0.031178 0.030488 0.029872 0.029335 0.028879 0.028509 0.028230 0.028051
0.068600 0.065862 0.064583 0.063643 0.062791 0.061962 0.061137 0.060305 0.059460 0.058596 0.057708 0.056792 0.055841 0.054853 0.053820 0.052740 0.051607 0.050416 0.049178 0.047920 0.046662 0.045399 0.044131 0.042859 0.041581 0.040297 0.039008 0.037712 0.036410 0.035102 0.033787 0.032467 0.031140 0.029811 0.028481 0.027158 0.025849 0.024563 0.023311 0.022102 0.020946 0.019856 0.018845 0.017915 0.017069 0.016303 0.015617 0.015014 0.014514 0.014117
0.059401 0.060420 0.060065 0.059340 0.058505 0.057630 0.056734 0.055820 0.054886 0.053925 0.052933 0.051904 0.050833 0.049714 0.048541 0.047309 0.046011 0.044654 0.043276 0.041889 0.040492 0.039083 0.037662 0.036228 0.034780 0.033318 0.031841 0.030347 0.028838 0.027312 0.025769 0.024211 0.022640 0.021064 0.019492 0.017937 0.016413 0.014943 0.013540 0.012206 0.010965 0.009843 0.008835 0.007925 0.007103 0.006358 0.005683 0.005125 0.004707 0.004381
0.058828 0.057377 0.056331 0.055377 0.054441 0.053503 0.052551 0.051578 0.050579 0.049546 0.048474 0.047356 0.046186 0.044958 0.043665 0.042300 0.040863 0.039393 0.037907 0.036406 0.034888 0.033351 0.031794 0.030217 0.028619 0.026998 0.025353 0.023685 0.021991 0.020272 0.018530 0.016772 0.015008 0.013259 0.011551 0.009901 0.008354 0.006937 0.005637 0.004445 0.003484 0.002705 0.002040 0.001456 0.000935 0.000464 0.000036 0.000001 0.000001 0.000001
0.055770 0.053841 0.052560 0.051507 0.050530 0.049568 0.048594 0.047594 0.046559 0.045481 0.044352 0.043168 0.041921 0.040604 0.039212 0.037737 0.036201 0.034645 0.033068 0.031468 0.029844 0.028195 0.026519 0.024816 0.023084 0.021323 0.019530 0.017705 0.015849 0.013964 0.012063 0.010171 0.008318 0.006565 0.004948 0.003490 0.002338 0.001387 0.000560 0.000001 0.000001 0.000001 0.000001 0.000001 0.000001 0.000001 0.000001 0.000001 0.000001 0.000001
0.048903 0.048965 0.048379 0.047601 0.046747 0.045845 0.044899 0.043906 0.042863 0.041762 0.040599 0.039367 0.038061 0.036673 0.035198 0.033635 0.032034 0.030406 0.028750 0.027065 0.025349 0.023602 0.021822 0.020008 0.018158 0.016272 0.014348 0.012386 0.010393 0.008391 0.006423 0.004572 0.002901 0.001589 0.000507 0.000001 0.000001 0.000001 0.000001 0.000001 0.000001 0.000001 0.000001 0.000001 0.000001 0.000001 0.000001 0.000001 0.000001 0.000001
0.045856 0.045291 0.044744 0.044081 0.043319 0.042480 0.041572 0.040598 0.039556 0.038443 0.037254 0.035985 0.034629 0.033180 0.031634 0.030010 0.028354 0.026664 0.024940 0.023180 0.021385 0.019551 0.017679 0.015766 0.013812 0.011816 0.009776 0.007704 0.005634 0.003659 0.001941 0.000604 0.000001 0.000001 0.000001 0.000001 0.000001 0.000001 0.000001 0.000001 0.000001 0.000001 0.000001 0.000001 0.000001 0.000001 0.000001 0.000001 0.000001 0.000001
0.043095 0.042639 0.041965 0.041244 0.040475 0.039644 0.038744 0.037769 0.036716 0.035582 0.034362 0.033051 0.031645 0.030137 0.028524 0.026855 0.025148 0.023402 0.021617 0.019791 0.017924 0.016013 0.014059 0.012059 0.010013 0.007919 0.005788 0.003682 0.001775 0.000298 0.000001 0.000001 0.000001 0.000001 0.000001 0.000001 0.000001 0.000001 0.000001 0.000001 0.000001 0.000001 0.000001 0.000001 0.000001 0.000001 0.000001 0.000001 0.000001 0.000001
0.042461 0.040813 0.039882 0.039089 0.038284 0.037424 0.036492 0.035483 0.034391 0.033213 0.031943 0.030578 0.029111 0.027537 0.025867 0.024152 0.022395 0.020595 0.018752 0.016865 0.014932 0.012952 0.010924 0.008846 0.006718 0.004546 0.002408 0.000629 0.000001 0.000001 0.000001 0.000001 0.000001 0.000001 0.000001 0.000001 0.000001 0.000001 0.000001 0.000001 0.000001 0.000001 0.000001 0.000001 0.000001 0.000001 0.000001 0.000001 0.000001 0.000001
0.037772 0.038549 0.038228 0.037556 0.036732 0.035811 0.034809 0.033727 0.032564 0.031315 0.029976 0.028540 0.027001 0.025353 0.023630 0.021866 0.020058 0.018205 0.016307 0.014362 0.012369 0.010326 0.008232 0.006085 0.003888 0.001717 0.000001 0.000001 0.000001 0.000001 0.000001 0.000001 0.000001 0.000001 0.000001 0.000001 0.000001 0.000001 0.000001 0.000001 0.000001 0.000001 0.000001 0.000001 0.000001 0.000001 0.000001 0.000001 0.000001 0.000001
0.040267 0.038734 0.037718 0.036756 0.035757 0.034702 0.033587 0.032404 0.031148 0.029812 0.028389 0.026873 0.025254 0.023533 0.021760 0.019945 0.018087 0.016183 0.014234 0.012236 0.010188 0.008089 0.005937 0.003730 0.001511 0.000001 0.000001 0.000001 0.000001 0.000001 0.000001 0.000001 0.000001 0.000001 0.000001 0.000001 0.000001 0.000001 0.000001 0.000001 0.000001 0.000001 0.000001 0.000001 0.000001 0.000001 0.000001 0.000001 0.000001 0.000001
0.039668 0.038589 0.037392 0.036218 0.035051 0.033863 0.032635 0.031353 0.030006 0.028585 0.027082 0.025487 0.023792 0.022012 0.020191 0.018330 0.016427 0.014478 0.012483 0.010440 0.008346 0.006199 0.003997 0.001746 0.000001 0.000001 0.000001 0.000001 0.000001 0.000001 0.000001 0.000001 0.000001 0.000001 0.000001 0.000001 0.000001 0.000001 0.000001 0.000001 0.000001 0.000001 0.000001 0.000001 0.000001 0.000001 0.000001 0.000001 0.000001 0.000001
0.039337 0.037962 0.036730 0.035525 0.034308 0.033060 0.031768 0.030419 0.029007 0.027521 0.025953 0.024296 0.022539 0.020719 0.018862 0.016965 0.015027 0.013043 0.011013 0.008933 0.006801 0.004615 0.002373 0.000197 0.000001 0.000001 0.000001 0.000001 0.000001 0.000001 0.000001 0.000001 0.000001 0.000001 0.000001 0.000001 0.000001 0.000001 0.000001 0.000001 0.000001 0.000001 0.000001 0.000001 0.000001 0.000001 0.000001 0.000001 0.000001 0.000001
0.037678 0.036751 0.035749 0.034646 0.033462 0.032210 0.030896 0.029517 0.028070 0.026546 0.024939 0.023240 0.021447 0.019608 0.017730 0.015812 0.013851 0.011845 0.009790 0.007684 0.005525 0.003311 0.001041 0.000001 0.000001 0.000001 0.000001 0.000001 0.000001 0.000001 0.000001 0.000001 0.000001 0.000001 0.000001 0.000001 0.000001 0.000001 0.000001 0.000001 0.000001 0.000001 0.000001 0.000001 0.000001 0.000001 0.000001 0.000001 0.000001 0.000001
0.036172 0.035826 0.034907 0.033800 0.032604 0.031343 0.030022 0.028636 0.027179 0.025643 0.024022 0.022305 0.020504 0.018662 0.016781 0.014856 0.012885 0.010867 0.008799 0.006678 0.004502 0.002269 0.000027 0.000001 0.000001 0.000001 0.000001 0.000001 0.000001 0.000001 0.000001 0.000001 0.000001 0.000001 0.000001 0.000001 0.000001 0.000001 0.000001 0.000001 0.000001 0.000001 0.000001 0.000001 0.000001 0.000001 0.000001 0.000001 0.000001 0.000001
0.038112 0.035790 0.034283 0.032997 0.031753 0.030492 0.029184 0.027814 0.026372 0.024848 0.023232 0.021517 0.019729 0.017899 0.016025 0.014104 0.012134 0.010113 0.008040 0.005912 0.003727 0.001482 0.000001 0.000001 0.000001 0.000001 0.000001 0.000001 0.000001 0.000001 0.000001 0.000001 0.000001 0.000001 0.000001 0.000001 0.000001 0.000001 0.000001 0.000001 0.000001 0.000001 0.000001 0.000001 0.000001 0.000001 0.000001 0.000001 0.000001 0.000001
0.034438 0.034013 0.033085 0.032025 0.030902 0.029718 0.028468 0.027143 0.025733 0.024234 0.022636 0.020935 0.019169 0.017355 0.015492 0.013579 0.011614 0.009596 0.007523 0.005392 0.003203 0.000954 0.000001 0.000001 0.000001 0.000001 0.000001 0.000001 0.000001 0.000001 0.000001 0.000001 0.000001 0.000001 0.000001 0.000001 0.000001 0.000001 0.000001 0.000001 0.000001 0.000001 0.000001 0.000001 0.000001 0.000001 0.000001 0.000001 0.000001 0.000001
0.033724 0.032970 0.032199 0.031317 0.030323 0.029228 0.028037 0.026753 0.025373 0.023894 0.022312 0.020624 0.018873 0.017070 0.015216 0.013309 0.011348 0.009332 0.007260 0.005129 0.002939 0.000687 0.000001 0.000001 0.000001 0.000001 0.000001 0.000001 0.000001 0.000001 0.000001 0.000001 0.000001 0.000001 0.000001 0.000001 0.000001 0.000001 0.000001 0.000001 0.000001 0.000001 0.000001 0.000001 0.000001 0.000001 0.000001 0.000001 0.000001 0.000001
