0.032877 0.157045 0.029786 0.110653
0.032724 0.157749 0.029827 0.111548
0.032425 0.159146 0.029908 0.113315
0.031995 0.161217 0.030022 0.115907
0.031452 0.163935 0.030165 0.119259
0.030820 0.167269 0.030328 0.123296
0.030124 0.171185 0.030503 0.127934
0.029390 0.175653 0.030678 0.133089
0.028640 0.180642 0.030844 0.138682
0.027895 0.186128 0.030992 0.144647
0.027173 0.192092 0.031111 0.150929
0.026483 0.198524 0.031193 0.157489
0.025835 0.205415 0.031227 0.164306
0.025231 0.212767 0.031207 0.171372
0.024670 0.220581 0.031123 0.178692
0.024148 0.228861 0.030969 0.186280
0.023659 0.237606 0.030739 0.194150
0.023196 0.246798 0.030429 0.202308
0.022752 0.256394 0.030038 0.210740
0.022321 0.266307 0.029569 0.219394
0.021899 0.276378 0.029031 0.228158
0.021487 0.286360 0.028444 0.236838
0.021090 0.295887 0.027836 0.245132
0.020718 0.304478 0.027249 0.252625
0.020387 0.311552 0.026734 0.258801
0.020114 0.316491 0.026347 0.263095
0.019915 0.318738 0.026140 0.264985
0.019804 0.317909 0.026148 0.264102
0.019782 0.313886 0.026385 0.260321
0.019844 0.306865 0.026834 0.253794
0.019975 0.297322 0.027456 0.244912
0.020152 0.285921 0.028201 0.234204
0.020356 0.273390 0.029013 0.222229
0.020566 0.260406 0.029849 0.209487
0.020767 0.247526 0.030673 0.196376
0.020949 0.235149 0.031466 0.183187
0.021107 0.223523 0.032216 0.170121
0.021239 0.212761 0.032922 0.157318
0.021345 0.202874 0.033586 0.144875
0.021428 0.193798 0.034212 0.132870
0.021490 0.185427 0.034806 0.121367
0.021535 0.177632 0.035371 0.110429
0.021565 0.170283 0.035910 0.100113
0.021584 0.163263 0.036424 0.090470
0.021593 0.156479 0.036912 0.081545
0.021595 0.149864 0.037373 0.073374
0.021589 0.143379 0.037804 0.065977
0.021579 0.137015 0.038202 0.059359
0.021562 0.130784 0.038564 0.053509
0.021541 0.124715 0.038886 0.048403
0.021514 0.118850 0.039167 0.044001
0.021482 0.113235 0.039404 0.040250
0.021446 0.107914 0.039595 0.037092
0.021406 0.102929 0.039740 0.034462
0.021362 0.098312 0.039837 0.032295
0.021316 0.094083 0.039888 0.030525
0.021268 0.090254 0.039892 0.029091
0.021219 0.086821 0.039851 0.027937
0.021169 0.083774 0.039769 0.027012
0.021120 0.081094 0.039647 0.026274
0.021071 0.078754 0.039490 0.025684
0.021024 0.076724 0.039302 0.025213
0.020978 0.074971 0.039089 0.024834
0.020933 0.073461 0.038855 0.024526
0.020890 0.072161 0.038605 0.024275
0.020849 0.071037 0.038344 0.024067
0.020809 0.070061 0.038076 0.023893
0.020770 0.069202 0.037804 0.023744
0.020733 0.068437 0.037532 0.023614
0.020698 0.067742 0.037262 0.023499
0.020665 0.067099 0.036996 0.023394
0.020633 0.066489 0.036737 0.023294
0.020604 0.065901 0.036486 0.023198
0.020578 0.065322 0.036244 0.023099
0.020553 0.064743 0.036011 0.022997
0.020531 0.064159 0.035788 0.022886
0.020509 0.063563 0.035573 0.022765
0.020485 0.062952 0.035363 0.022631
0.020459 0.062321 0.035156 0.022482
0.020426 0.061666 0.034947 0.022317
0.020384 0.060983 0.034731 0.022135
0.020329 0.060269 0.034503 0.021935
0.020258 0.059518 0.034259 0.021718
0.020169 0.058728 0.033994 0.021484
0.020061 0.057897 0.033706 0.021234
0.019931 0.057022 0.033395 0.020969
0.019782 0.056105 0.033060 0.020689
0.019615 0.055149 0.032705 0.020398
0.019433 0.054162 0.032335 0.020097
0.019241 0.053154 0.031956 0.019789
0.019043 0.052137 0.031575 0.019480
0.018844 0.051131 0.031201 0.019174
0.018651 0.050153 0.030843 0.018876
0.018469 0.049226 0.030508 0.018593
0.018302 0.048374 0.030205 0.018332
0.018156 0.047620 0.029941 0.018101
0.018035 0.046986 0.029722 0.017906
0.017941 0.046491 0.029553 0.017754
0.017877 0.046152 0.029438 0.017649
0.017844 0.045979 0.029380 0.017596
