0.092710 0.093575 0.093991 0.093985 0.093702 0.093260 0.092737 0.092181 0.091617 0.091062 0.090521 0.089999 0.089497 0.089014 0.088550 0.088104 0.087674 0.087258 0.086857 0.086468 0.086090 0.085723 0.085366 0.085018 0.084678 0.084346 0.084021 0.083703 0.083391 0.083085 0.082785 0.082490 0.082200 0.081915 0.081635 0.081359 0.081087 0.080819 0.080554 0.080294 0.080037 0.079783 0.079532 0.079285 0.079041 0.078799 0.078560 0.078325 0.078091 0.077861
0.095660 0.095738 0.094952 0.094073 0.093262 0.092534 0.091875 0.091270 0.090707 0.090178 0.089678 0.089201 0.088745 0.088307 0.087885 0.087478 0.087084 0.086702 0.086330 0.085969 0.085617 0.085273 0.084938 0.084609 0.084288 0.083972 0.083663 0.083360 0.083062 0.082769 0.082481 0.082198 0.081919 0.081645 0.081374 0.081107 0.080844 0.080585 0.080328 0.080076 0.079826 0.079579 0.079336 0.079095 0.078857 0.078622 0.078389 0.078159 0.077932 0.077706
0.101981 0.096945 0.094216 0.092540 0.091408 0.090581 0.089933 0.089393 0.088920 0.088491 0.088091 0.087711 0.087347 0.086994 0.086650 0.086314 0.085985 0.085662 0.085345 0.085034 0.084727 0.084426 0.084129 0.083836 0.083548 0.083264 0.082984 0.082708 0.082435 0.082166 0.081901 0.081640 0.081381 0.081126 0.080874 0.080625 0.080378 0.080135 0.079894 0.079656 0.079421 0.079188 0.078958 0.078730 0.078504 0.078281 0.078060 0.077841 0.077624 0.077410
0.091445 0.089829 0.088802 0.088132 0.087662 0.087302 0.087001 0.086733 0.086481 0.086237 0.085995 0.085754 0.085512 0.085267 0.085021 0.084773 0.084523 0.084273 0.084023 0.083773 0.083523 0.083273 0.083025 0.082778 0.082532 0.082288 0.082046 0.081805 0.081567 0.081330 0.081095 0.080862 0.080631 0.080402 0.080175 0.079950 0.079727 0.079506 0.079287 0.079069 0.078854 0.078640 0.078428 0.078218 0.078010 0.077803 0.077598 0.077395 0.077194 0.076994
0.076275 0.079951 0.081796 0.082797 0.083353 0.083657 0.083812 0.083872 0.083869 0.083822 0.083741 0.083635 0.083510 0.083368 0.083214 0.083049 0.082876 0.082696 0.082511 0.082321 0.082128 0.081933 0.081735 0.081536 0.081335 0.081134 0.080933 0.080732 0.080531 0.080330 0.080129 0.079929 0.079730 0.079531 0.079334 0.079137 0.078941 0.078746 0.078552 0.078359 0.078167 0.077976 0.077787 0.077598 0.077411 0.077225 0.077040 0.076856 0.076673 0.076491
0.074589 0.076669 0.078489 0.079694 0.080469 0.080969 0.081291 0.081493 0.081610 0.081665 0.081675 0.081649 0.081596 0.081522 0.081431 0.081327 0.081211 0.081086 0.080953 0.080814 0.080670 0.080522 0.080370 0.080215 0.080057 0.079898 0.079737 0.079574 0.079410 0.079245 0.079080 0.078914 0.078747 0.078580 0.078413 0.078246 0.078079 0.077913 0.077746 0.077580 0.077414 0.077248 0.077083 0.076918 0.076754 0.076590 0.076427 0.076265 0.076103 0.075942
0.077118 0.079103 0.079276 0.079366 0.079514 0.079672 0.079805 0.079901 0.079961 0.079989 0.079990 0.079969 0.079931 0.079877 0.079812 0.079737 0.079653 0.079562 0.079465 0.079363 0.079256 0.079145 0.079030 0.078913 0.078792 0.078669 0.078543 0.078416 0.078286 0.078155 0.078023 0.077889 0.077754 0.077619 0.077482 0.077344 0.077206 0.077068 0.076928 0.076789 0.076649 0.076509 0.076370 0.076230 0.076090 0.075950 0.075810 0.075671 0.075532 0.075393
0.091867 0.083081 0.080602 0.079735 0.079347 0.079132 0.078992 0.078891 0.078809 0.078737 0.078670 0.078606 0.078542 0.078477 0.078411 0.078343 0.078273 0.078200 0.078125 0.078047 0.077967 0.077884 0.077798 0.077710 0.077619 0.077527 0.077431 0.077334 0.077235 0.077134 0.077031 0.076927 0.076821 0.076713 0.076605 0.076495 0.076384 0.076272 0.076159 0.076046 0.075932 0.075817 0.075702 0.075586 0.075471 0.075355 0.075239 0.075123 0.075006 0.074890
0.067425 0.076978 0.078980 0.079135 0.078870 0.078551 0.078268 0.078035 0.077846 0.077694 0.077568 0.077464 0.077374 0.077296 0.077225 0.077159 0.077097 0.077037 0.076977 0.076918 0.076858 0.076797 0.076734 0.076670 0.076604 0.076536 0.076466 0.076394 0.076321 0.076245 0.076168 0.076089 0.076008 0.075926 0.075842 0.075757 0.075671 0.075583 0.075495 0.075406 0.075316 0.075225 0.075134 0.075042 0.074950 0.074857 0.074764 0.074671 0.074578 0.074485
0.088074 0.081355 0.079355 0.078495 0.077966 0.077575 0.077269 0.077025 0.076831 0.076676 0.076552 0.076451 0.076369 0.076299 0.076240 0.076188 0.076141 0.076097 0.076055 0.076013 0.075972 0.075930 0.075887 0.075843 0.075797 0.075749 0.075700 0.075649 0.075596 0.075542 0.075486 0.075428 0.075369 0.075309 0.075247 0.075184 0.075119 0.075054 0.074988 0.074921 0.074853 0.074785 0.074716 0.074647 0.074577 0.074507 0.074437 0.074367 0.074296 0.074226
0.078803 0.077995 0.077148 0.076628 0.076312 0.076102 0.075950 0.075835 0.075744 0.075673 0.075616 0.075571 0.075534 0.075504 0.075477 0.075454 0.075432 0.075411 0.075390 0.075368 0.075345 0.075321 0.075295 0.075267 0.075238 0.075207 0.075175 0.075141 0.075105 0.075068 0.075030 0.074990 0.074949 0.074907 0.074864 0.074820 0.074775 0.074730 0.074684 0.074638 0.074591 0.074543 0.074496 0.074448 0.074401 0.074353 0.074305 0.074258 0.074210 0.074163
0.069532 0.072488 0.073631 0.074125 0.074381 0.074539 0.074650 0.074735 0.074803 0.074857 0.074901 0.074936 0.074964 0.074986 0.075002 0.075014 0.075020 0.075023 0.075023 0.075019 0.075012 0.075002 0.074990 0.074976 0.074960 0.074942 0.074923 0.074902 0.074880 0.074857 0.074833 0.074809 0.074784 0.074758 0.074732 0.074705 0.074679 0.074652 0.074625 0.074598 0.074572 0.074545 0.074519 0.074493 0.074467 0.074442 0.074417 0.074393 0.074370 0.074347
0.072061 0.071643 0.072206 0.072790 0.073259 0.073628 0.073920 0.074155 0.074344 0.074496 0.074618 0.074716 0.074793 0.074853 0.074899 0.074934 0.074960 0.074978 0.074990 0.074997 0.075000 0.074999 0.074996 0.074990 0.074983 0.074975 0.074966 0.074956 0.074945 0.074935 0.074924 0.074913 0.074903 0.074893 0.074883 0.074874 0.074865 0.074857 0.074849 0.074843 0.074837 0.074832 0.074828 0.074825 0.074823 0.074822 0.074822 0.074823 0.074825 0.074828
0.070375 0.072049 0.072640 0.073076 0.073479 0.073842 0.074155 0.074415 0.074627 0.074796 0.074930 0.075035 0.075116 0.075177 0.075223 0.075258 0.075282 0.075299 0.075310 0.075317 0.075321 0.075323 0.075323 0.075322 0.075321 0.075319 0.075318 0.075318 0.075319 0.075320 0.075323 0.075327 0.075332 0.075339 0.075347 0.075357 0.075368 0.075381 0.075395 0.075411 0.075429 0.075448 0.075469 0.075491 0.075516 0.075541 0.075569 0.075598 0.075629 0.075662
0.076696 0.074779 0.074517 0.074693 0.074955 0.075201 0.075406 0.075566 0.075689 0.075781 0.075847 0.075895 0.075927 0.075949 0.075962 0.075969 0.075971 0.075972 0.075970 0.075969 0.075967 0.075967 0.075967 0.075970 0.075974 0.075981 0.075990 0.076002 0.076016 0.076033 0.076052 0.076074 0.076099 0.076127 0.076157 0.076190 0.076225 0.076263 0.076304 0.076347 0.076392 0.076440 0.076491 0.076543 0.076599 0.076656 0.076716 0.076778 0.076843 0.076910
0.074168 0.075945 0.076820 0.077217 0.077375 0.077418 0.077404 0.077364 0.077312 0.077258 0.077204 0.077152 0.077105 0.077062 0.077025 0.076992 0.076965 0.076944 0.076928 0.076918 0.076912 0.076913 0.076918 0.076929 0.076945 0.076965 0.076991 0.077021 0.077055 0.077094 0.077138 0.077185 0.077237 0.077292 0.077351 0.077414 0.077481 0.077551 0.077624 0.077701 0.077781 0.077864 0.077951 0.078040 0.078133 0.078229 0.078327 0.078429 0.078534 0.078642
0.077960 0.080485 0.080858 0.080649 0.080297 0.079938 0.079611 0.079327 0.079086 0.078882 0.078712 0.078570 0.078453 0.078358 0.078283 0.078224 0.078181 0.078151 0.078134 0.078128 0.078133 0.078147 0.078170 0.078202 0.078241 0.078288 0.078341 0.078401 0.078468 0.078540 0.078618 0.078701 0.078789 0.078882 0.078980 0.079083 0.079189 0.079301 0.079416 0.079535 0.079659 0.079786 0.079917 0.080052 0.080190 0.080332 0.080478 0.080628 0.080781 0.080938
0.093974 0.087757 0.085070 0.083569 0.082579 0.081866 0.081325 0.080904 0.080570 0.080305 0.080093 0.079926 0.079797 0.079700 0.079630 0.079584 0.079559 0.079553 0.079564 0.079589 0.079628 0.079678 0.079740 0.079812 0.079894 0.079984 0.080082 0.080188 0.080301 0.080421 0.080547 0.080679 0.080817 0.080960 0.081109 0.081263 0.081421 0.081585 0.081753 0.081925 0.082102 0.082284 0.082469 0.082659 0.082853 0.083052 0.083255 0.083462 0.083674 0.083890
0.085967 0.085957 0.084796 0.083786 0.083044 0.082500 0.082093 0.081782 0.081544 0.081363 0.081230 0.081137 0.081079 0.081051 0.081049 0.081070 0.081111 0.081171 0.081246 0.081337 0.081440 0.081556 0.081682 0.081818 0.081964 0.082118 0.082281 0.082451 0.082628 0.082811 0.083001 0.083197 0.083399 0.083607 0.083820 0.084038 0.084261 0.084488 0.084721 0.084959 0.085201 0.085448 0.085700 0.085956 0.086217 0.086484 0.086755 0.087032 0.087315 0.087603
0.082596 0.081712 0.081836 0.082022 0.082121 0.082154 0.082158 0.082159 0.082171 0.082201 0.082251 0.082322 0.082412 0.082519 0.082644 0.082783 0.082936 0.083102 0.083280 0.083468 0.083666 0.083874 0.084090 0.084314 0.084546 0.084784 0.085030 0.085282 0.085540 0.085805 0.086074 0.086349 0.086630 0.086915 0.087206 0.087501 0.087802 0.088107 0.088417 0.088732 0.089052 0.089377 0.089708 0.090043 0.090385 0.090732 0.091086 0.091447 0.091815 0.092192
0.073746 0.077351 0.079506 0.080720 0.081447 0.081936 0.082312 0.082634 0.082930 0.083214 0.083494 0.083772 0.084052 0.084335 0.084622 0.084912 0.085208 0.085508 0.085814 0.086124 0.086440 0.086761 0.087087 0.087418 0.087754 0.088095 0.088440 0.088790 0.089145 0.089504 0.089868 0.090236 0.090609 0.090986 0.091367 0.091753 0.092144 0.092539 0.092940 0.093345 0.093756 0.094173 0.094596 0.095026 0.095462 0.095906 0.096359 0.096822 0.097295 0.097780
0.075853 0.080106 0.081168 0.081695 0.082197 0.082729 0.083275 0.083816 0.084344 0.084856 0.085353 0.085835 0.086307 0.086770 0.087226 0.087677 0.088125 0.088571 0.089016 0.089461 0.089906 0.090353 0.090802 0.091252 0.091705 0.092160 0.092618 0.093078 0.093541 0.094008 0.094478 0.094951 0.095428 0.095909 0.096393 0.096882 0.097376 0.097875 0.098379 0.098888 0.099405 0.099928 0.100459 0.100999 0.101549 0.102110 0.102683 0.103270 0.103874 0.104496
0.098188 0.087257 0.084208 0.083680 0.084004 0.084620 0.085327 0.086050 0.086763 0.087455 0.088127 0.088779 0.089414 0.090036 0.090646 0.091247 0.091841 0.092429 0.093014 0.093595 0.094174 0.094752 0.095329 0.095906 0.096483 0.097060 0.097639 0.098219 0.098801 0.099384 0.099970 0.100559 0.101151 0.101747 0.102346 0.102951 0.103560 0.104175 0.104797 0.105427 0.106064 0.106712 0.107371 0.108042 0.108728 0.109431 0.110153 0.110898 0.111670 0.112474
0.072903 0.080106 0.083308 0.085159 0.086481 0.087568 0.088535 0.089432 0.090285 0.091106 0.091903 0.092681 0.093445 0.094198 0.094941 0.095676 0.096404 0.097128 0.097847 0.098563 0.099276 0.099986 0.100695 0.101403 0.102109 0.102816 0.103522 0.104229 0.104937 0.105647 0.106359 0.107073 0.107791 0.108512 0.109239 0.109971 0.110710 0.111457 0.112214 0.112981 0.113760 0.114554 0.115365 0.116196 0.117050 0.117931 0.118843 0.119795 0.120792 0.121846
0.074168 0.082745 0.086856 0.089126 0.090635 0.091815 0.092845 0.093801 0.094720 0.095618 0.096505 0.097384 0.098258 0.099129 0.099996 0.100859 0.101720 0.102578 0.103433 0.104286 0.105136 0.105983 0.106829 0.107673 0.108516 0.109358 0.110200 0.111042 0.111885 0.112730 0.113577 0.114428 0.115282 0.116143 0.117010 0.117885 0.118770 0.119667 0.120578 0.121505 0.122452 0.123421 0.124417 0.125445 0.126511 0.127622 0.128787 0.130019 0.131333 0.132753
0.104509 0.097395 0.095432 0.095353 0.095934 0.096748 0.097650 0.098591 0.099555 0.100533 0.101523 0.102520 0.103523 0.104529 0.105537 0.106545 0.107552 0.108557 0.109561 0.110561 0.111559 0.112554 0.113547 0.114537 0.115526 0.116514 0.117500 0.118488 0.119476 0.120466 0.121460 0.122459 0.123464 0.124477 0.125501 0.126536 0.127587 0.128656 0.129746 0.130862 0.132009 0.133191 0.134417 0.135695 0.137035 0.138452 0.139962 0.141590 0.143370 0.145352
0.099031 0.098540 0.098745 0.099278 0.100030 0.100933 0.101937 0.103010 0.104128 0.105277 0.106445 0.107625 0.108812 0.110001 0.111190 0.112376 0.113560 0.114738 0.115912 0.117080 0.118244 0.119402 0.120556 0.121706 0.122853 0.123997 0.125141 0.126284 0.127429 0.128577 0.129730 0.130890 0.132060 0.133242 0.134439 0.135654 0.136893 0.138159 0.139458 0.140797 0.142184 0.143627 0.145140 0.146737 0.148437 0.150266 0.152258 0.154462 0.156951 0.159843
0.086810 0.095624 0.099035 0.100897 0.102346 0.103718 0.105104 0.106518 0.107951 0.109396 0.110843 0.112286 0.113722 0.115149 0.116564 0.117968 0.119359 0.120738 0.122106 0.123463 0.124810 0.126147 0.127476 0.128798 0.130114 0.131426 0.132736 0.134046 0.135357 0.136673 0.137996 0.139328 0.140675 0.142039 0.143425 0.144839 0.146287 0.147776 0.149314 0.150912 0.152583 0.154342 0.156209 0.158210 0.160379 0.162763 0.165429 0.168479 0.172073 0.176498
0.107459 0.101228 0.100680 0.101796 0.103448 0.105276 0.107150 0.109021 0.110869 0.112688 0.114475 0.116230 0.117955 0.119650 0.121318 0.122960 0.124578 0.126174 0.127749 0.129305 0.130843 0.132367 0.133877 0.135376 0.136866 0.138350 0.139829 0.141307 0.142788 0.144274 0.145769 0.147279 0.148807 0.150360 0.151944 0.153567 0.155237 0.156966 0.158766 0.160652 0.162644 0.164768 0.167054 0.169547 0.172304 0.175411 0.178996 0.183263 0.188568 0.195599
0.091445 0.095504 0.098121 0.100740 0.103367 0.105921 0.108372 0.110721 0.112980 0.115160 0.117272 0.119325 0.121325 0.123279 0.125190 0.127061 0.128898 0.130701 0.132475 0.134222 0.135944 0.137645 0.139328 0.140994 0.142647 0.144292 0.145930 0.147566 0.149205 0.150850 0.152508 0.154184 0.155884 0.157616 0.159390 0.161214 0.163102 0.165067 0.167129 0.169308 0.171634 0.174143 0.176883 0.179922 0.183356 0.187328 0.192066 0.197959 0.205731 0.216904
0.082596 0.089057 0.095000 0.099571 0.103243 0.106401 0.109260 0.111927 0.114461 0.116894 0.119243 0.121521 0.123736 0.125894 0.128001 0.130061 0.132077 0.134053 0.135992 0.137897 0.139771 0.141619 0.143443 0.145247 0.147034 0.148810 0.150578 0.152343 0.154110 0.155885 0.157674 0.159485 0.161325 0.163204 0.165133 0.167125 0.169194 0.171359 0.173644 0.176077 0.178696 0.181549 0.184704 0.188255 0.192342 0.197180 0.203127 0.210819 0.221508 0.237883
0.079225 0.091995 0.097559 0.101263 0.104405 0.107320 0.110105 0.112794 0.115401 0.117934 0.120399 0.122799 0.125140 0.127424 0.129654 0.131833 0.133965 0.136052 0.138098 0.140105 0.142078 0.144020 0.145935 0.147826 0.149698 0.151556 0.153404 0.155248 0.157094 0.158948 0.160817 0.162709 0.164634 0.166601 0.168624 0.170716 0.172895 0.175183 0.177604 0.180194 0.182995 0.186066 0.189487 0.193372 0.197895 0.203327 0.210126 0.219135 0.232028 0.252323
0.122630 0.106781 0.103307 0.103824 0.105704 0.108070 0.110603 0.113176 0.115737 0.118262 0.120739 0.123165 0.125537 0.127856 0.130122 0.132338 0.134505 0.136625 0.138703 0.140740 0.142740 0.144707 0.146645 0.148558 0.150449 0.152325 0.154190 0.156049 0.157909 0.159776 0.161657 0.163561 0.165496 0.167475 0.169508 0.171611 0.173801 0.176101 0.178535 0.181140 0.183957 0.187048 0.190493 0.194408 0.198969 0.204452 0.211325 0.220446 0.233523 0.254133
0.081753 0.094321 0.099382 0.102547 0.105247 0.107838 0.110395 0.112926 0.115425 0.117883 0.120297 0.122661 0.124974 0.127237 0.129448 0.131610 0.133725 0.135794 0.137820 0.139807 0.141757 0.143674 0.145562 0.147424 0.149265 0.151089 0.152902 0.154708 0.156512 0.158322 0.160144 0.161985 0.163855 0.165763 0.167720 0.169740 0.171839 0.174035 0.176354 0.178825 0.181486 0.184390 0.187605 0.191230 0.195412 0.200376 0.206499 0.214454 0.225568 0.242690
0.088496 0.093587 0.098012 0.101539 0.104518 0.107206 0.109741 0.112185 0.114562 0.116883 0.119151 0.121369 0.123536 0.125653 0.127723 0.129746 0.131725 0.133662 0.135560 0.137421 0.139248 0.141045 0.142815 0.144561 0.146287 0.147998 0.149696 0.151387 0.153076 0.154768 0.156468 0.158184 0.159923 0.161692 0.163502 0.165362 0.167288 0.169293 0.171397 0.173623 0.176002 0.178572 0.181385 0.184513 0.188058 0.192173 0.197104 0.203273 0.211472 0.223376
0.100716 0.099183 0.100288 0.102239 0.104444 0.106698 0.108932 0.111121 0.113260 0.115347 0.117384 0.119373 0.121314 0.123212 0.125066 0.126881 0.128658 0.130399 0.132107 0.133784 0.135432 0.137056 0.138656 0.140237 0.141800 0.143350 0.144889 0.146422 0.147951 0.149482 0.151019 0.152567 0.154131 0.155719 0.157336 0.158993 0.160697 0.162462 0.164300 0.166229 0.168270 0.170448 0.172799 0.175369 0.178222 0.181449 0.185189 0.189668 0.195278 0.202790
0.096924 0.099458 0.100761 0.102289 0.104055 0.105926 0.107816 0.109684 0.111512 0.113298 0.115040 0.116741 0.118404 0.120031 0.121625 0.123187 0.124721 0.126228 0.127710 0.129169 0.130606 0.132025 0.133427 0.134814 0.136188 0.137552 0.138908 0.140258 0.141606 0.142954 0.144307 0.145667 0.147038 0.148426 0.149836 0.151273 0.152744 0.154257 0.155822 0.157450 0.159155 0.160953 0.162867 0.164923 0.167160 0.169627 0.172399 0.175585 0.179366 0.184061
0.098188 0.096997 0.098875 0.100954 0.102852 0.104591 0.106221 0.107777 0.109279 0.110738 0.112161 0.113554 0.114919 0.116261 0.117580 0.118878 0.120159 0.121422 0.122669 0.123901 0.125120 0.126327 0.127523 0.128710 0.129889 0.131061 0.132228 0.133391 0.134553 0.135716 0.136882 0.138054 0.139234 0.140425 0.141631 0.142856 0.144104 0.145381 0.146693 0.148047 0.149451 0.150917 0.152457 0.154087 0.155827 0.157706 0.159762 0.162046 0.164641 0.167677
0.080067 0.092705 0.097414 0.099865 0.101563 0.102969 0.104241 0.105444 0.106606 0.107740 0.108853 0.109950 0.111034 0.112105 0.113166 0.114216 0.115258 0.116291 0.117317 0.118335 0.119347 0.120353 0.121354 0.122349 0.123341 0.124330 0.125317 0.126303 0.127289 0.128276 0.129266 0.130260 0.131261 0.132270 0.133289 0.134322 0.135370 0.136438 0.137529 0.138648 0.139799 0.140990 0.142228 0.143521 0.144882 0.146326 0.147871 0.149544 0.151382 0.153439
0.111673 0.102213 0.100048 0.099917 0.100424 0.101148 0.101950 0.102781 0.103621 0.104463 0.105306 0.106147 0.106987 0.107826 0.108663 0.109498 0.110331 0.111163 0.111993 0.112821 0.113648 0.114473 0.115297 0.116121 0.116943 0.117766 0.118589 0.119413 0.120238 0.121065 0.121896 0.122731 0.123571 0.124418 0.125272 0.126136 0.127011 0.127900 0.128804 0.129727 0.130671 0.131641 0.132640 0.133674 0.134750 0.135876 0.137060 0.138318 0.139665 0.141127
0.096924 0.098052 0.097913 0.097997 0.098324 0.098791 0.099333 0.099916 0.100522 0.101143 0.101775 0.102414 0.103059 0.103708 0.104361 0.105018 0.105676 0.106338 0.107001 0.107666 0.108332 0.109000 0.109670 0.110342 0.111015 0.111690 0.112368 0.113048 0.113731 0.114417 0.115106 0.115801 0.116500 0.117204 0.117916 0.118634 0.119362 0.120099 0.120847 0.121609 0.122385 0.123178 0.123990 0.124825 0.125686 0.126578 0.127506 0.128476 0.129497 0.130581
0.086810 0.091337 0.093744 0.094963 0.095678 0.096204 0.096672 0.097127 0.097586 0.098053 0.098530 0.099015 0.099507 0.100006 0.100510 0.101020 0.101533 0.102051 0.102573 0.103098 0.103627 0.104160 0.104696 0.105235 0.105778 0.106325 0.106875 0.107429 0.107987 0.108549 0.109116 0.109687 0.110264 0.110846 0.111434 0.112029 0.112631 0.113241 0.113860 0.114489 0.115128 0.115780 0.116445 0.117126 0.117824 0.118542 0.119282 0.120049 0.120847 0.121680
0.090603 0.092413 0.093017 0.093403 0.093743 0.094074 0.094406 0.094742 0.095084 0.095434 0.095790 0.096153 0.096521 0.096896 0.097276 0.097662 0.098052 0.098448 0.098849 0.099254 0.099664 0.100079 0.100499 0.100924 0.101354 0.101789 0.102228 0.102673 0.103123 0.103578 0.104038 0.104504 0.104976 0.105453 0.105937 0.106427 0.106924 0.107428 0.107940 0.108460 0.108988 0.109527 0.110075 0.110635 0.111208 0.111794 0.112396 0.113016 0.113655 0.114316
0.102823 0.095576 0.093197 0.092495 0.092391 0.092506 0.092701 0.092928 0.093168 0.093415 0.093667 0.093924 0.094186 0.094452 0.094725 0.095002 0.095286 0.095575 0.095871 0.096172 0.096480 0.096794 0.097115 0.097441 0.097774 0.098113 0.098459 0.098810 0.099169 0.099533 0.099903 0.100280 0.100664 0.101054 0.101450 0.101853 0.102263 0.102680 0.103104 0.103536 0.103975 0.104423 0.104880 0.105346 0.105822 0.106308 0.106807 0.107318 0.107842 0.108383
0.085124 0.088896 0.090289 0.090871 0.091174 0.091377 0.091546 0.091702 0.091853 0.092006 0.092160 0.092319 0.092482 0.092651 0.092827 0.093010 0.093200 0.093398 0.093603 0.093817 0.094038 0.094268 0.094505 0.094750 0.095003 0.095264 0.095532 0.095808 0.096092 0.096382 0.096680 0.096985 0.097297 0.097616 0.097943 0.098276 0.098616 0.098964 0.099319 0.099681 0.100051 0.100428 0.100814 0.101208 0.101610 0.102022 0.102443 0.102875 0.103317 0.103771
0.082596 0.087786 0.089684 0.090421 0.090729 0.090871 0.090952 0.091009 0.091061 0.091114 0.091172 0.091238 0.091311 0.091394 0.091486 0.091589 0.091702 0.091825 0.091959 0.092102 0.092256 0.092420 0.092593 0.092776 0.092968 0.093169 0.093379 0.093597 0.093824 0.094059 0.094302 0.094552 0.094811 0.095077 0.095350 0.095632 0.095920 0.096216 0.096519 0.096829 0.097148 0.097473 0.097806 0.098148 0.098497 0.098854 0.099221 0.099596 0.099981 0.100376
0.101138 0.094365 0.092164 0.091368 0.091033 0.090861 0.090751 0.090672 0.090612 0.090568 0.090539 0.090525 0.090526 0.090541 0.090571 0.090615 0.090673 0.090745 0.090829 0.090926 0.091035 0.091155 0.091286 0.091428 0.091580 0.091742 0.091914 0.092095 0.092285 0.092483 0.092690 0.092905 0.093128 0.093359 0.093597 0.093843 0.094097 0.094358 0.094627 0.094903 0.095187 0.095478 0.095777 0.096083 0.096398 0.096720 0.097051 0.097391 0.097740 0.098098
0.091445 0.092315 0.091855 0.091385 0.091037 0.090776 0.090571 0.090405 0.090270 0.090161 0.090077 0.090016 0.089976 0.089957 0.089956 0.089973 0.090006 0.090055 0.090119 0.090196 0.090286 0.090388 0.090502 0.090627 0.090762 0.090908 0.091062 0.091226 0.091399 0.091581 0.091770 0.091968 0.092174 0.092387 0.092608 0.092837 0.093073 0.093317 0.093568 0.093826 0.094092 0.094366 0.094647 0.094936 0.095233 0.095539 0.095853 0.096176 0.096508 0.096849
0.089338 0.089894 0.090483 0.090626 0.090530 0.090350 0.090159 0.089987 0.089844 0.089731 0.089647 0.089590 0.089558 0.089548 0.089558 0.089587 0.089632 0.089693 0.089767 0.089855 0.089955 0.090065 0.090187 0.090319 0.090460 0.090610 0.090768 0.090935 0.091111 0.091294 0.091484 0.091682 0.091888 0.092101 0.092321 0.092548 0.092783 0.093025 0.093274 0.093531 0.093795 0.094067 0.094347 0.094636 0.094932 0.095238 0.095553 0.095878 0.096212 0.096558
0.086389 0.089658 0.090108 0.090006 0.089810 0.089624 0.089471 0.089356 0.089278 0.089234 0.089218 0.089227 0.089257 0.089306 0.089372 0.089452 0.089545 0.089650 0.089766 0.089891 0.090026 0.090169 0.090321 0.090480 0.090646 0.090820 0.091001 0.091188 0.091382 0.091583 0.091791 0.092004 0.092225 0.092452 0.092686 0.092927 0.093174 0.093429 0.093692 0.093962 0.094239 0.094526 0.094820 0.095124 0.095437 0.095761 0.096095 0.096440 0.096797 0.097167
0.100295 0.092317 0.089907 0.089052 0.088717 0.088594 0.088574 0.088611 0.088684 0.088782 0.088898 0.089027 0.089166 0.089314 0.089470 0.089632 0.089801 0.089974 0.090153 0.090336 0.090524 0.090717 0.090914 0.091116 0.091323 0.091534 0.091750 0.091970 0.092196 0.092427 0.092663 0.092905 0.093153 0.093407 0.093667 0.093933 0.094207 0.094488 0.094777 0.095074 0.095380 0.095695 0.096020 0.096356 0.096702 0.097062 0.097434 0.097820 0.098222 0.098640
0.079225 0.085126 0.086454 0.086892 0.087185 0.087471 0.087765 0.088061 0.088354 0.088642 0.088923 0.089197 0.089466 0.089729 0.089988 0.090244 0.090497 0.090748 0.090998 0.091248 0.091497 0.091746 0.091996 0.092248 0.092501 0.092757 0.093016 0.093277 0.093542 0.093811 0.094085 0.094364 0.094647 0.094937 0.095233 0.095537 0.095847 0.096166 0.096494 0.096831 0.097179 0.097538 0.097909 0.098294 0.098692 0.099107 0.099539 0.099991 0.100463 0.100958
0.086810 0.084070 0.084620 0.085526 0.086344 0.087046 0.087658 0.088204 0.088699 0.089155 0.089580 0.089980 0.090359 0.090722 0.091071 0.091409 0.091737 0.092058 0.092372 0.092682 0.092988 0.093291 0.093592 0.093892 0.094193 0.094494 0.094796 0.095101 0.095408 0.095720 0.096035 0.096356 0.096682 0.097015 0.097355 0.097703 0.098061 0.098428 0.098807 0.099197 0.099601 0.100020 0.100455 0.100907 0.101380 0.101874 0.102392 0.102937 0.103512 0.104122
0.076275 0.082671 0.084907 0.086237 0.087256 0.088103 0.088831 0.089475 0.090055 0.090588 0.091083 0.091548 0.091989 0.092409 0.092813 0.093203 0.093582 0.093950 0.094311 0.094665 0.095015 0.095361 0.095704 0.096046 0.096387 0.096729 0.097073 0.097419 0.097769 0.098123 0.098482 0.098848 0.099221 0.099602 0.099993 0.100395 0.100808 0.101235 0.101677 0.102135 0.102611 0.103107 0.103626 0.104170 0.104741 0.105344 0.105982 0.106659 0.107381 0.108156
0.094395 0.089081 0.088880 0.089486 0.090160 0.090798 0.091392 0.091950 0.092478 0.092980 0.093460 0.093921 0.094365 0.094795 0.095213 0.095620 0.096018 0.096409 0.096794 0.097174 0.097550 0.097925 0.098298 0.098671 0.099046 0.099422 0.099802 0.100186 0.100576 0.100972 0.101376 0.101790 0.102213 0.102648 0.103097 0.103560 0.104040 0.104538 0.105057 0.105599 0.106166 0.106762 0.107390 0.108053 0.108757 0.109506 0.110308 0.111169 0.112101 0.113114
0.082174 0.091602 0.093430 0.093896 0.094196 0.094526 0.094897 0.095295 0.095707 0.096123 0.096539 0.096953 0.097362 0.097768 0.098169 0.098566 0.098960 0.099351 0.099741 0.100130 0.100519 0.100910 0.101302 0.101698 0.102097 0.102502 0.102914 0.103333 0.103761 0.104200 0.104650 0.105114 0.105592 0.106087 0.106601 0.107136 0.107694 0.108278 0.108891 0.109536 0.110217 0.110939 0.111707 0.112527 0.113406 0.114354 0.115380 0.116499 0.117728 0.119090
0.115887 0.102211 0.099046 0.098345 0.098299 0.098467 0.098724 0.099025 0.099352 0.099695 0.100048 0.100409 0.100774 0.101143 0.101516 0.101891 0.102269 0.102649 0.103034 0.103422 0.103815 0.104213 0.104618 0.105030 0.105450 0.105879 0.106320 0.106773 0.107239 0.107721 0.108219 0.108737 0.109276 0.109839 0.110427 0.111045 0.111696 0.112382 0.113109 0.113882 0.114706 0.115587 0.116535 0.117559 0.118671 0.119884 0.121219 0.122699 0.124357 0.126237
0.083860 0.097143 0.100383 0.101393 0.101873 0.102216 0.102522 0.102821 0.103122 0.103430 0.103746 0.104070 0.104402 0.104741 0.105088 0.105441 0.105802 0.106170 0.106546 0.106930 0.107323 0.107726 0.108139 0.108565 0.109003 0.109455 0.109924 0.110410 0.110916 0.111443 0.111993 0.112570 0.113177 0.113815 0.114489 0.115203 0.115962 0.116770 0.117635 0.118563 0.119563 0.120645 0.121822 0.123109 0.124526 0.126098 0.127857 0.129846 0.132129 0.134795
0.114201 0.106019 0.105040 0.105290 0.105671 0.106018 0.106331 0.106627 0.106917 0.107208 0.107505 0.107808 0.108120 0.108439 0.108767 0.109105 0.109452 0.109808 0.110176 0.110555 0.110947 0.111353 0.111773 0.112210 0.112665 0.113139 0.113635 0.114154 0.114700 0.115274 0.115880 0.116521 0.117201 0.117924 0.118694 0.119518 0.120401 0.121352 0.122379 0.123493 0.124707 0.126036 0.127500 0.129123 0.130938 0.132987 0.135326 0.138038 0.141244 0.145137
0.100716 0.107666 0.109080 0.109486 0.109734 0.109972 0.110221 0.110480 0.110748 0.111023 0.111305 0.111594 0.111890 0.112193 0.112506 0.112827 0.113160 0.113504 0.113861 0.114232 0.114619 0.115023 0.115447 0.115891 0.116359 0.116852 0.117372 0.117923 0.118508 0.119130 0.119792 0.120499 0.121257 0.122070 0.122945 0.123889 0.124912 0.126024 0.127238 0.128569 0.130035 0.131661 0.133476 0.135519 0.137843 0.140517 0.143645 0.147378 0.151960 0.157821
0.121365 0.115531 0.114146 0.113834 0.113850 0.113995 0.114200 0.114434 0.114682 0.114939 0.115202 0.115469 0.115741 0.116020 0.116307 0.116603 0.116911 0.117232 0.117568 0.117922 0.118295 0.118689 0.119107 0.119551 0.120023 0.120528 0.121067 0.121643 0.122262 0.122927 0.123643 0.124415 0.125250 0.126155 0.127138 0.128210 0.129382 0.130668 0.132087 0.133660 0.135413 0.137382 0.139611 0.142160 0.145113 0.148589 0.152764 0.157924 0.164562 0.173661
0.113780 0.116627 0.117295 0.117611 0.117872 0.118123 0.118366 0.118602 0.118830 0.119054 0.119275 0.119495 0.119719 0.119948 0.120186 0.120434 0.120697 0.120976 0.121274 0.121593 0.121935 0.122304 0.122703 0.123133 0.123599 0.124103 0.124649 0.125241 0.125884 0.126583 0.127344 0.128173 0.129079 0.130070 0.131157 0.132353 0.133674 0.135139 0.136770 0.138597 0.140658 0.143001 0.145691 0.148820 0.152514 0.156965 0.162476 0.169565 0.179222 0.193727
0.120523 0.120570 0.121376 0.122000 0.122431 0.122737 0.122965 0.123145 0.123297 0.123432 0.123561 0.123689 0.123822 0.123963 0.124118 0.124289 0.124479 0.124690 0.124926 0.125189 0.125482 0.125808 0.126169 0.126569 0.127012 0.127499 0.128037 0.128630 0.129283 0.130001 0.130792 0.131664 0.132625 0.133688 0.134865 0.136171 0.137627 0.139256 0.141087 0.143159 0.145521 0.148238 0.151402 0.155139 0.159636 0.165186 0.172274 0.181796 0.195651 0.218990
0.123894 0.126759 0.127532 0.127851 0.128007 0.128074 0.128086 0.128067 0.128035 0.127999 0.127969 0.127949 0.127946 0.127962 0.128000 0.128064 0.128155 0.128275 0.128428 0.128616 0.128840 0.129104 0.129411 0.129763 0.130164 0.130619 0.131131 0.131706 0.132349 0.133067 0.133868 0.134760 0.135754 0.136863 0.138101 0.139489 0.141047 0.142804 0.144797 0.147072 0.149690 0.152733 0.156318 0.160611 0.165866 0.172491 0.181201 0.193399 0.212381 0.248691
0.141593 0.136583 0.135213 0.134582 0.134123 0.133724 0.133362 0.133033 0.132735 0.132470 0.132237 0.132037 0.131871 0.131739 0.131642 0.131582 0.131559 0.131575 0.131631 0.131729 0.131872 0.132060 0.132298 0.132588 0.132933 0.133337 0.133806 0.134343 0.134955 0.135649 0.136433 0.137316 0.138311 0.139430 0.140691 0.142113 0.143723 0.145550 0.147637 0.150035 0.152815 0.156072 0.159942 0.164625 0.170428 0.177861 0.187846 0.202283 0.225985 0.276450
0.136115 0.141270 0.141328 0.140480 0.139575 0.138765 0.138057 0.137437 0.136892 0.136412 0.135989 0.135620 0.135299 0.135027 0.134801 0.134621 0.134486 0.134397 0.134355 0.134361 0.134417 0.134524 0.134684 0.134901 0.135177 0.135517 0.135924 0.136404 0.136963 0.137607 0.138345 0.139187 0.140144 0.141230 0.142462 0.143862 0.145455 0.147273 0.149359 0.151768 0.154573 0.157875 0.161816 0.166608 0.172581 0.180285 0.190729 0.206029 0.231700 0.288777
0.159713 0.149759 0.146350 0.144591 0.143352 0.142343 0.141472 0.140704 0.140020 0.139409 0.138864 0.138378 0.137947 0.137569 0.137241 0.136964 0.136735 0.136556 0.136426 0.136346 0.136318 0.136344 0.136425 0.136564 0.136763 0.137027 0.137359 0.137765 0.138249 0.138819 0.139482 0.140247 0.141127 0.142133 0.143283 0.144596 0.146097 0.147817 0.149797 0.152088 0.154760 0.157908 0.161666 0.166233 0.171913 0.179215 0.189054 0.203321 0.226801 0.276881
0.140750 0.146118 0.146459 0.145794 0.144949 0.144104 0.143303 0.142556 0.141865 0.141228 0.140644 0.140110 0.139625 0.139187 0.138797 0.138453 0.138157 0.137908 0.137706 0.137554 0.137452 0.137402 0.137406 0.137466 0.137586 0.137767 0.138015 0.138332 0.138725 0.139199 0.139762 0.140421 0.141187 0.142072 0.143090 0.144258 0.145599 0.147140 0.148916 0.150972 0.153367 0.156182 0.159530 0.163573 0.168560 0.174888 0.183256 0.195031 0.213419 0.248634
0.151285 0.147179 0.146248 0.145660 0.145041 0.144387 0.143729 0.143084 0.142461 0.141866 0.141302 0.140772 0.140277 0.139819 0.139399 0.139018 0.138677 0.138379 0.138124 0.137913 0.137749 0.137632 0.137566 0.137551 0.137591 0.137689 0.137847 0.138069 0.138360 0.138726 0.139171 0.139703 0.140331 0.141064 0.141914 0.142896 0.144027 0.145330 0.146834 0.148572 0.150592 0.152957 0.155749 0.159091 0.163158 0.168224 0.174747 0.183564 0.196443 0.218134
0.141172 0.145132 0.145260 0.144775 0.144221 0.143667 0.143115 0.142564 0.142016 0.141477 0.140950 0.140442 0.139956 0.139496 0.139064 0.138663 0.138296 0.137964 0.137670 0.137414 0.137199 0.137027 0.136898 0.136816 0.136783 0.136800 0.136871 0.136999 0.137188 0.137440 0.137762 0.138159 0.138638 0.139206 0.139872 0.140648 0.141548 0.142588 0.143789 0.145176 0.146784 0.148657 0.150852 0.153450 0.156566 0.160370 0.165131 0.171304 0.179756 0.192456
0.154235 0.146398 0.144174 0.143297 0.142743 0.142254 0.141764 0.141262 0.140752 0.140240 0.139732 0.139236 0.138755 0.138294 0.137857 0.137445 0.137061 0.136708 0.136386 0.136098 0.135845 0.135629 0.135452 0.135314 0.135218 0.135166 0.135159 0.135201 0.135294 0.135442 0.135647 0.135914 0.136249 0.136656 0.137143 0.137718 0.138391 0.139173 0.140079 0.141128 0.142340 0.143747 0.145384 0.147303 0.149573 0.152293 0.155608 0.159753 0.165129 0.172521
0.132743 0.139229 0.140800 0.141003 0.140754 0.140332 0.139839 0.139316 0.138786 0.138258 0.137741 0.137239 0.136755 0.136291 0.135851 0.135435 0.135045 0.134682 0.134347 0.134042 0.133767 0.133523 0.133312 0.133135 0.132993 0.132887 0.132819 0.132791 0.132806 0.132864 0.132969 0.133125 0.133333 0.133600 0.133928 0.134325 0.134797 0.135351 0.135998 0.136749 0.137619 0.138626 0.139793 0.141151 0.142739 0.144612 0.146848 0.149562 0.152937 0.157291
0.141593 0.140218 0.139747 0.139210 0.138587 0.137938 0.137297 0.136679 0.136088 0.135525 0.134990 0.134483 0.134002 0.133547 0.133117 0.132712 0.132332 0.131977 0.131648 0.131344 0.131066 0.130814 0.130590 0.130393 0.130226 0.130087 0.129980 0.129904 0.129862 0.129854 0.129884 0.129952 0.130062 0.130216 0.130417 0.130670 0.130978 0.131348 0.131784 0.132296 0.132891 0.133582 0.134381 0.135307 0.136382 0.137636 0.139109 0.140859 0.142968 0.145570
0.143700 0.140554 0.138229 0.136651 0.135501 0.134589 0.133820 0.133143 0.132535 0.131979 0.131465 0.130988 0.130542 0.130125 0.129733 0.129366 0.129022 0.128700 0.128399 0.128120 0.127863 0.127626 0.127411 0.127218 0.127047 0.126900 0.126776 0.126676 0.126602 0.126555 0.126535 0.126545 0.126586 0.126660 0.126769 0.126916 0.127103 0.127334 0.127613 0.127945 0.128335 0.128790 0.129319 0.129930 0.130638 0.131458 0.132411 0.133526 0.134841 0.136416
0.138643 0.134590 0.132677 0.131454 0.130535 0.129786 0.129148 0.128588 0.128087 0.127632 0.127215 0.126829 0.126470 0.126134 0.125819 0.125522 0.125244 0.124982 0.124736 0.124506 0.124292 0.124093 0.123909 0.123742 0.123590 0.123456 0.123338 0.123238 0.123156 0.123094 0.123052 0.123031 0.123033 0.123058 0.123108 0.123185 0.123290 0.123427 0.123597 0.123803 0.124049 0.124340 0.124678 0.125072 0.125527 0.126053 0.126661 0.127365 0.128184 0.129145
0.118416 0.122904 0.124083 0.124248 0.124083 0.123813 0.123518 0.123227 0.122948 0.122683 0.122432 0.122194 0.121967 0.121751 0.121545 0.121349 0.121161 0.120982 0.120812 0.120651 0.120499 0.120355 0.120222 0.120098 0.119984 0.119881 0.119788 0.119708 0.119639 0.119583 0.119541 0.119513 0.119500 0.119503 0.119523 0.119561 0.119619 0.119698 0.119799 0.119925 0.120078 0.120259 0.120473 0.120722 0.121011 0.121344 0.121728 0.122169 0.122679 0.123269
0.118416 0.117148 0.117173 0.117350 0.117482 0.117553 0.117579 0.117572 0.117541 0.117493 0.117433 0.117364 0.117289 0.117209 0.117127 0.117043 0.116958 0.116874 0.116790 0.116709 0.116630 0.116553 0.116481 0.116412 0.116348 0.116289 0.116235 0.116188 0.116148 0.116114 0.116089 0.116072 0.116064 0.116066 0.116078 0.116102 0.116139 0.116188 0.116253 0.116333 0.116430 0.116545 0.116682 0.116840 0.117024 0.117236 0.117478 0.117756 0.118075 0.118440
0.111252 0.111023 0.110967 0.111148 0.111424 0.111705 0.111954 0.112160 0.112327 0.112459 0.112561 0.112641 0.112701 0.112745 0.112778 0.112800 0.112814 0.112822 0.112824 0.112823 0.112818 0.112812 0.112804 0.112795 0.112786 0.112778 0.112771 0.112765 0.112761 0.112761 0.112763 0.112769 0.112780 0.112796 0.112817 0.112844 0.112878 0.112919 0.112969 0.113028 0.113098 0.113178 0.113271 0.113377 0.113499 0.113637 0.113795 0.113973 0.114175 0.114405
0.103666 0.104345 0.105037 0.105665 0.106202 0.106653 0.107034 0.107356 0.107631 0.107867 0.108072 0.108250 0.108406 0.108544 0.108666 0.108774 0.108871 0.108958 0.109037 0.109107 0.109172 0.109231 0.109285 0.109334 0.109380 0.109424 0.109465 0.109504 0.109541 0.109578 0.109614 0.109650 0.109687 0.109725 0.109765 0.109806 0.109850 0.109897 0.109948 0.110004 0.110064 0.110130 0.110202 0.110282 0.110371 0.110468 0.110577 0.110697 0.110831 0.110981
0.097767 0.099374 0.100707 0.101564 0.102143 0.102581 0.102944 0.103262 0.103551 0.103816 0.104061 0.104288 0.104500 0.104697 0.104881 0.105053 0.105214 0.105364 0.105505 0.105637 0.105761 0.105877 0.105987 0.106090 0.106187 0.106279 0.106366 0.106449 0.106527 0.106602 0.106674 0.106743 0.106809 0.106874 0.106937 0.106999 0.107060 0.107120 0.107181 0.107243 0.107306 0.107371 0.107437 0.107507 0.107581 0.107659 0.107742 0.107831 0.107926 0.108031
0.094817 0.098222 0.098775 0.098910 0.099051 0.099240 0.099464 0.099710 0.099965 0.100223 0.100480 0.100731 0.100976 0.101213 0.101442 0.101661 0.101871 0.102072 0.102264 0.102447 0.102622 0.102788 0.102946 0.103096 0.103239 0.103375 0.103504 0.103627 0.103744 0.103855 0.103960 0.104061 0.104156 0.104248 0.104336 0.104420 0.104500 0.104578 0.104654 0.104727 0.104799 0.104869 0.104939 0.105008 0.105078 0.105149 0.105220 0.105294 0.105370 0.105450
0.108723 0.099369 0.096765 0.096029 0.095888 0.095972 0.096157 0.096393 0.096656 0.096933 0.097215 0.097499 0.097780 0.098056 0.098325 0.098588 0.098842 0.099087 0.099323 0.099550 0.099769 0.099977 0.100177 0.100368 0.100551 0.100725 0.100890 0.101048 0.101198 0.101341 0.101477 0.101606 0.101728 0.101844 0.101955 0.102060 0.102160 0.102255 0.102346 0.102432 0.102515 0.102595 0.102671 0.102745 0.102817 0.102886 0.102955 0.103023 0.103090 0.103157
0.079646 0.088254 0.090692 0.091581 0.092069 0.092453 0.092811 0.093164 0.093515 0.093863 0.094206 0.094545 0.094877 0.095201 0.095516 0.095823 0.096120 0.096406 0.096683 0.096949 0.097205 0.097450 0.097685 0.097910 0.098125 0.098331 0.098526 0.098713 0.098890 0.099059 0.099219 0.099371 0.099515 0.099652 0.099782 0.099905 0.100021 0.100131 0.100235 0.100333 0.100427 0.100515 0.100599 0.100678 0.100754 0.100826 0.100895 0.100961 0.101025 0.101087
0.088496 0.086619 0.087093 0.087839 0.088527 0.089132 0.089673 0.090170 0.090635 0.091075 0.091497 0.091902 0.092292 0.092668 0.093030 0.093380 0.093716 0.094040 0.094351 0.094649 0.094935 0.095209 0.095471 0.095721 0.095961 0.096189 0.096406 0.096613 0.096810 0.096997 0.097175 0.097343 0.097503 0.097654 0.097797 0.097933 0.098060 0.098181 0.098295 0.098402 0.098503 0.098598 0.098688 0.098772 0.098851 0.098926 0.098996 0.099062 0.099124 0.099184
0.083860 0.084133 0.084499 0.085130 0.085824 0.086490 0.087108 0.087682 0.088219 0.088725 0.089205 0.089662 0.090098 0.090514 0.090913 0.091294 0.091658 0.092007 0.092341 0.092660 0.092964 0.093255 0.093533 0.093797 0.094050 0.094290 0.094519 0.094736 0.094943 0.095139 0.095326 0.095502 0.095670 0.095828 0.095978 0.096119 0.096253 0.096379 0.096497 0.096609 0.096714 0.096812 0.096904 0.096991 0.097071 0.097147 0.097218 0.097283 0.097345 0.097402
0.080489 0.081262 0.082472 0.083369 0.084082 0.084715 0.085309 0.085878 0.086423 0.086944 0.087442 0.087916 0.088368 0.088798 0.089208 0.089599 0.089971 0.090325 0.090663 0.090984 0.091291 0.091582 0.091860 0.092125 0.092377 0.092616 0.092844 0.093061 0.093267 0.093462 0.093647 0.093823 0.093989 0.094147 0.094296 0.094436 0.094569 0.094694 0.094812 0.094923 0.095027 0.095125 0.095216 0.095301 0.095381 0.095456 0.095525 0.095589 0.095649 0.095704
0.075011 0.080987 0.082295 0.082809 0.083259 0.083744 0.084256 0.084773 0.085282 0.085775 0.086248 0.086700 0.087130 0.087539 0.087928 0.088297 0.088649 0.088983 0.089301 0.089604 0.089892 0.090166 0.090427 0.090675 0.090912 0.091136 0.091350 0.091554 0.091747 0.091931 0.092106 0.092271 0.092428 0.092577 0.092718 0.092851 0.092977 0.093096 0.093208 0.093313 0.093412 0.093505 0.093592 0.093674 0.093750 0.093821 0.093887 0.093948 0.094004 0.094057
0.097767 0.085848 0.083031 0.082631 0.082894 0.083334 0.083811 0.084281 0.084733 0.085165 0.085574 0.085963 0.086333 0.086684 0.087018 0.087336 0.087639 0.087927 0.088202 0.088464 0.088714 0.088953 0.089181 0.089398 0.089605 0.089802 0.089991 0.090171 0.090342 0.090505 0.090660 0.090808 0.090948 0.091082 0.091209 0.091329 0.091443 0.091551 0.091652 0.091749 0.091839 0.091925 0.092005 0.092080 0.092151 0.092216 0.092278 0.092335 0.092387 0.092436
0.065740 0.076680 0.080377 0.081956 0.082827 0.083422 0.083888 0.084286 0.084643 0.084970 0.085277 0.085568 0.085844 0.086107 0.086360 0.086601 0.086834 0.087057 0.087271 0.087476 0.087674 0.087864 0.088046 0.088221 0.088389 0.088551 0.088706 0.088854 0.088996 0.089133 0.089263 0.089388 0.089508 0.089622 0.089731 0.089835 0.089934 0.090028 0.090117 0.090202 0.090283 0.090359 0.090431 0.090498 0.090562 0.090622 0.090678 0.090731 0.090779 0.090825
0.079646 0.081389 0.082625 0.083357 0.083811 0.084127 0.084373 0.084583 0.084773 0.084953 0.085125 0.085293 0.085458 0.085619 0.085777 0.085933 0.086085 0.086234 0.086381 0.086524 0.086663 0.086799 0.086932 0.087061 0.087187 0.087309 0.087428 0.087543 0.087654 0.087762 0.087867 0.087968 0.088065 0.088159 0.088249 0.088337 0.088420 0.088500 0.088577 0.088651 0.088721 0.088788 0.088852 0.088913 0.088971 0.089025 0.089077 0.089126 0.089171 0.089214
0.096081 0.089021 0.086428 0.085434 0.085027 0.084851 0.084776 0.084753 0.084759 0.084786 0.084827 0.084879 0.084939 0.085005 0.085077 0.085154 0.085233 0.085315 0.085400 0.085485 0.085572 0.085660 0.085747 0.085835 0.085923 0.086009 0.086096 0.086181 0.086265 0.086348 0.086429 0.086509 0.086587 0.086663 0.086738 0.086811 0.086882 0.086950 0.087017 0.087082 0.087144 0.087204 0.087262 0.087318 0.087372 0.087423 0.087472 0.087519 0.087563 0.087605
0.084282 0.085856 0.085736 0.085321 0.084947 0.084666 0.084465 0.084324 0.084226 0.084159 0.084116 0.084091 0.084081 0.084083 0.084095 0.084116 0.084144 0.084178 0.084218 0.084263 0.084312 0.084365 0.084420 0.084478 0.084538 0.084600 0.084663 0.084727 0.084792 0.084857 0.084923 0.084989 0.085054 0.085119 0.085183 0.085247 0.085310 0.085372 0.085433 0.085493 0.085551 0.085609 0.085664 0.085718 0.085771 0.085822 0.085871 0.085918 0.085964 0.086008
0.080489 0.082824 0.083486 0.083565 0.083465 0.083326 0.083193 0.083078 0.082982 0.082905 0.082845 0.082800 0.082767 0.082746 0.082736 0.082735 0.082742 0.082756 0.082777 0.082804 0.082837 0.082874 0.082915 0.082960 0.083009 0.083060 0.083113 0.083169 0.083226 0.083285 0.083345 0.083406 0.083467 0.083529 0.083591 0.083653 0.083715 0.083776 0.083837 0.083898 0.083957 0.084016 0.084074 0.084131 0.084186 0.084240 0.084293 0.084345 0.084395 0.084443
0.085546 0.082243 0.081355 0.081175 0.081158 0.081155 0.081140 0.081114 0.081084 0.081055 0.081031 0.081013 0.081002 0.080998 0.081002 0.081013 0.081030 0.081053 0.081082 0.081116 0.081155 0.081198 0.081245 0.081296 0.081350 0.081406 0.081465 0.081526 0.081589 0.081653 0.081718 0.081784 0.081851 0.081919 0.081987 0.082055 0.082123 0.082190 0.082258 0.082325 0.082391 0.082456 0.082521 0.082585 0.082647 0.082709 0.082769 0.082828 0.082885 0.082941
0.076275 0.077208 0.077876 0.078241 0.078444 0.078564 0.078643 0.078699 0.078743 0.078782 0.078819 0.078857 0.078896 0.078939 0.078985 0.079035 0.079088 0.079144 0.079204 0.079267 0.079333 0.079401 0.079472 0.079544 0.079619 0.079695 0.079773 0.079851 0.079931 0.080011 0.080092 0.080173 0.080255 0.080336 0.080418 0.080499 0.080579 0.080659 0.080738 0.080817 0.080894 0.080971 0.081046 0.081121 0.081194 0.081266 0.081336 0.081405 0.081473 0.081539
0.068689 0.074004 0.075277 0.075626 0.075773 0.075884 0.075991 0.076100 0.076208 0.076316 0.076424 0.076530 0.076636 0.076742 0.076847 0.076952 0.077058 0.077164 0.077270 0.077376 0.077483 0.077589 0.077696 0.077803 0.077909 0.078015 0.078121 0.078227 0.078332 0.078437 0.078540 0.078643 0.078745 0.078846 0.078946 0.079045 0.079143 0.079239 0.079334 0.079428 0.079520 0.079611 0.079700 0.079788 0.079874 0.079958 0.080041 0.080122 0.080200 0.080278
0.085546 0.076268 0.073820 0.073207 0.073126 0.073215 0.073364 0.073537 0.073718 0.073901 0.074084 0.074264 0.074441 0.074615 0.074786 0.074954 0.075119 0.075280 0.075439 0.075595 0.075748 0.075899 0.076047 0.076193 0.076336 0.076477 0.076616 0.076752 0.076887 0.077019 0.077148 0.077276 0.077402 0.077525 0.077646 0.077765 0.077882 0.077996 0.078109 0.078219 0.078327 0.078433 0.078537 0.078638 0.078738 0.078835 0.078930 0.079023 0.079113 0.079202
0.059840 0.067258 0.069256 0.069973 0.070371 0.070685 0.070972 0.071249 0.071519 0.071783 0.072042 0.072294 0.072539 0.072778 0.073011 0.073237 0.073457 0.073671 0.073879 0.074082 0.074280 0.074472 0.074660 0.074843 0.075021 0.075195 0.075365 0.075531 0.075693 0.075852 0.076006 0.076157 0.076305 0.076449 0.076590 0.076728 0.076863 0.076994 0.077123 0.077248 0.077371 0.077491 0.077608 0.077722 0.077834 0.077943 0.078049 0.078153 0.078254 0.078353
0.068268 0.066837 0.067272 0.067850 0.068348 0.068777 0.069165 0.069528 0.069874 0.070206 0.070527 0.070836 0.071136 0.071426 0.071706 0.071978 0.072241 0.072496 0.072743 0.072982 0.073214 0.073439 0.073657 0.073869 0.074075 0.074274 0.074469 0.074658 0.074841 0.075020 0.075194 0.075363 0.075528 0.075688 0.075845 0.075997 0.076146 0.076290 0.076431 0.076569 0.076703 0.076833 0.076960 0.077084 0.077205 0.077323 0.077438 0.077550 0.077659 0.077765
0.066161 0.066513 0.066701 0.067010 0.067395 0.067804 0.068213 0.068611 0.068995 0.069364 0.069719 0.070062 0.070391 0.070709 0.071016 0.071312 0.071599 0.071876 0.072143 0.072402 0.072653 0.072896 0.073131 0.073358 0.073579 0.073793 0.074000 0.074202 0.074397 0.074587 0.074771 0.074951 0.075125 0.075294 0.075459 0.075619 0.075775 0.075927 0.076075 0.076218 0.076358 0.076495 0.076628 0.076757 0.076883 0.077005 0.077125 0.077241 0.077354 0.077464
