0.078934 0.085220 0.090737 0.095884 0.100846 0.105719 0.110556 0.115392 0.120251 0.125151 0.130106 0.135128 0.140227 0.145412 0.150692 0.156074 0.161564 0.167170 0.172895 0.178747 0.184728 0.190845 0.197102 0.203534 0.210202 0.217111 0.224265 0.231668 0.239323 0.247235 0.255407 0.263841 0.272542 0.281512 0.290754 0.300271 0.310066 0.320140 0.330496 0.341136 0.352062 0.363277 0.374780 0.386574 0.398661 0.411041 0.423715 0.436684 0.449949 0.463510
0.087506 0.090954 0.095073 0.099453 0.103948 0.108509 0.113121 0.117786 0.122509 0.127298 0.132160 0.137103 0.142135 0.147262 0.152491 0.157827 0.163278 0.168849 0.174544 0.180369 0.186328 0.192425 0.198664 0.205067 0.211703 0.218583 0.225710 0.233089 0.240722 0.248613 0.256765 0.265182 0.273867 0.282823 0.292052 0.301557 0.311341 0.321405 0.331753 0.342385 0.353305 0.364513 0.376011 0.387801 0.399883 0.412259 0.424931 0.437897 0.451160 0.464720
0.094352 0.097526 0.101152 0.105050 0.109133 0.113352 0.117684 0.122114 0.126640 0.131260 0.135976 0.140792 0.145713 0.150742 0.155885 0.161146 0.166530 0.172041 0.177685 0.183465 0.189385 0.195449 0.201660 0.208024 0.214601 0.221427 0.228505 0.235837 0.243428 0.251281 0.259399 0.267784 0.276440 0.285369 0.294575 0.304058 0.313822 0.323869 0.334201 0.344820 0.355727 0.366924 0.378413 0.390195 0.402270 0.414641 0.427307 0.440270 0.453531 0.467088
0.099465 0.103750 0.107601 0.111426 0.115333 0.119346 0.123470 0.127704 0.132049 0.136504 0.141071 0.145753 0.150553 0.155474 0.160521 0.165696 0.171005 0.176450 0.182036 0.187766 0.193643 0.199671 0.205853 0.212190 0.218702 0.225458 0.232470 0.239743 0.247279 0.255082 0.263154 0.271498 0.280116 0.289011 0.298185 0.307640 0.317380 0.327405 0.337717 0.348318 0.359211 0.370395 0.381873 0.393646 0.405714 0.418079 0.430741 0.443701 0.456959 0.470516
0.107858 0.110805 0.114376 0.118108 0.121926 0.125830 0.129829 0.133932 0.138144 0.142471 0.146918 0.151488 0.156185 0.161013 0.165976 0.171077 0.176320 0.181709 0.187246 0.192934 0.198778 0.204778 0.210939 0.217263 0.223753 0.230437 0.237377 0.244583 0.252059 0.259806 0.267827 0.276125 0.284702 0.293560 0.302701 0.312127 0.321840 0.331842 0.342135 0.352719 0.363597 0.374770 0.386239 0.398004 0.410067 0.422429 0.435089 0.448049 0.461309 0.474868
0.112471 0.117212 0.121094 0.124833 0.128591 0.132416 0.136326 0.140336 0.144456 0.148693 0.153054 0.157544 0.162169 0.166932 0.171837 0.176888 0.182089 0.187442 0.192951 0.198618 0.204447 0.210439 0.216598 0.222925 0.229422 0.236097 0.242975 0.250114 0.257529 0.265222 0.273194 0.281447 0.289984 0.298807 0.307916 0.317316 0.327006 0.336988 0.347265 0.357836 0.368704 0.379870 0.391334 0.403097 0.415160 0.427524 0.440188 0.453154 0.466421 0.479990
0.123028 0.124927 0.128073 0.131544 0.135150 0.138860 0.142674 0.146600 0.150647 0.154819 0.159124 0.163567 0.168150 0.172880 0.177758 0.182789 0.187976 0.193322 0.198829 0.204500 0.210338 0.216346 0.222525 0.228878 0.235407 0.242113 0.249005 0.256105 0.263461 0.271104 0.279032 0.287246 0.295749 0.304541 0.313626 0.323004 0.332678 0.342647 0.352914 0.363480 0.374345 0.385510 0.396977 0.408746 0.420817 0.433191 0.445868 0.458847 0.472130 0.485716
0.126131 0.130905 0.134478 0.137882 0.141348 0.144932 0.148646 0.152496 0.156485 0.160616 0.164891 0.169313 0.173885 0.178610 0.183491 0.188530 0.193731 0.199096 0.204629 0.210330 0.216203 0.222250 0.228473 0.234875 0.241457 0.248220 0.255168 0.262307 0.269656 0.277253 0.285145 0.293327 0.301803 0.310574 0.319641 0.329007 0.338672 0.348637 0.358903 0.369471 0.380343 0.391518 0.402997 0.414781 0.426870 0.439264 0.451963 0.464967 0.478277 0.491891
0.136847 0.138009 0.140607 0.143659 0.146950 0.150426 0.154069 0.157872 0.161832 0.165947 0.170218 0.174645 0.179231 0.183976 0.188884 0.193956 0.199195 0.204603 0.210182 0.215935 0.221865 0.227972 0.234260 0.240730 0.247384 0.254224 0.261252 0.268470 0.275884 0.283507 0.291372 0.299530 0.307988 0.316745 0.325804 0.335166 0.344832 0.354802 0.365077 0.375658 0.386546 0.397741 0.409243 0.421053 0.433170 0.445595 0.458328 0.471368 0.484715 0.498368
0.138110 0.142176 0.145330 0.148473 0.151769 0.155238 0.158876 0.162680 0.166646 0.170775 0.175065 0.179519 0.184138 0.188922 0.193874 0.198996 0.204289 0.209756 0.215399 0.221220 0.227221 0.233404 0.239771 0.246324 0.253065 0.259996 0.267118 0.274434 0.281946 0.289658 0.297581 0.305739 0.314182 0.322934 0.331993 0.341359 0.351034 0.361019 0.371312 0.381916 0.392829 0.404054 0.415590 0.427436 0.439593 0.452060 0.464837 0.477923 0.491318 0.505021
0.145390 0.146727 0.149457 0.152607 0.155962 0.159478 0.163151 0.166984 0.170978 0.175138 0.179464 0.183958 0.188621 0.193455 0.198462 0.203643 0.209000 0.214535 0.220250 0.226147 0.232228 0.238494 0.244949 0.251594 0.258430 0.265461 0.272687 0.280112 0.287737 0.295562 0.303590 0.311830 0.320300 0.329049 0.338114 0.347492 0.357184 0.367190 0.377510 0.388144 0.399093 0.410356 0.421934 0.433825 0.446029 0.458546 0.471375 0.484516 0.497967 0.511727
0.144963 0.149443 0.152998 0.156380 0.159805 0.163349 0.167042 0.170898 0.174920 0.179113 0.183479 0.188017 0.192729 0.197617 0.202682 0.207926 0.213349 0.218955 0.224745 0.230720 0.236883 0.243236 0.249781 0.256520 0.263455 0.270590 0.277927 0.285467 0.293210 0.301157 0.309308 0.317664 0.326229 0.335019 0.344093 0.353487 0.363202 0.373235 0.383587 0.394257 0.405245 0.416551 0.428174 0.440113 0.452369 0.464939 0.477824 0.491022 0.504533 0.518355
0.151204 0.154079 0.157059 0.160170 0.163463 0.166950 0.170628 0.174493 0.178541 0.182768 0.187173 0.191756 0.196518 0.201460 0.206582 0.211887 0.217375 0.223050 0.228912 0.234964 0.241207 0.247645 0.254278 0.261110 0.268146 0.275388 0.282838 0.290493 0.298355 0.306421 0.314692 0.323167 0.331848 0.340735 0.349848 0.359263 0.369002 0.379066 0.389452 0.400161 0.411191 0.422543 0.434215 0.446206 0.458515 0.471142 0.484086 0.497345 0.510918 0.524804
0.157395 0.158527 0.160690 0.163495 0.166698 0.170179 0.173883 0.177786 0.181874 0.186145 0.190595 0.195224 0.200035 0.205028 0.210204 0.215566 0.221116 0.226855 0.232785 0.238909 0.245228 0.251744 0.258463 0.265389 0.272525 0.279870 0.287424 0.295187 0.303157 0.311335 0.319719 0.328309 0.337104 0.346103 0.355309 0.364756 0.374526 0.384623 0.395048 0.405798 0.416874 0.428274 0.439997 0.452043 0.464409 0.477095 0.490099 0.503421 0.517059 0.531012
0.157331 0.159504 0.162532 0.165854 0.169355 0.173015 0.176833 0.180815 0.184964 0.189285 0.193781 0.198457 0.203313 0.208353 0.213579 0.218994 0.224599 0.230397 0.236390 0.242580 0.248968 0.255560 0.262364 0.269379 0.276606 0.284044 0.291694 0.299555 0.307626 0.315906 0.324395 0.333091 0.341994 0.351101 0.360412 0.369933 0.379737 0.389873 0.400340 0.411136 0.422261 0.433713 0.445490 0.457592 0.470017 0.482765 0.495832 0.509219 0.522923 0.536944
0.153062 0.159630 0.164194 0.168141 0.171930 0.175737 0.179641 0.183679 0.187871 0.192230 0.196763 0.201475 0.206371 0.211453 0.216723 0.222186 0.227842 0.233694 0.239744 0.245995 0.252449 0.259115 0.265996 0.273092 0.280402 0.287926 0.295663 0.303613 0.311776 0.320150 0.328734 0.337528 0.346530 0.355738 0.365151 0.374767 0.384620 0.394801 0.405315 0.416161 0.427338 0.438845 0.450679 0.462840 0.475327 0.488137 0.501269 0.514722 0.528494 0.542584
0.162798 0.164865 0.167952 0.171332 0.174873 0.178564 0.182413 0.186430 0.190621 0.194991 0.199544 0.204283 0.209210 0.214329 0.219640 0.225146 0.230849 0.236752 0.242856 0.249164 0.255683 0.262418 0.269371 0.276540 0.283926 0.291528 0.299346 0.307379 0.315625 0.324085 0.332758 0.341641 0.350734 0.360034 0.369540 0.379250 0.389172 0.399403 0.409969 0.420870 0.432103 0.443668 0.455563 0.467786 0.480335 0.493210 0.506409 0.519929 0.533769 0.547928
0.167354 0.169322 0.171683 0.174529 0.177750 0.181261 0.185014 0.188984 0.193159 0.197531 0.202099 0.206861 0.211819 0.216972 0.222322 0.227871 0.233621 0.239573 0.245730 0.252094 0.258676 0.265476 0.272496 0.279734 0.287191 0.294866 0.302758 0.310867 0.319192 0.327731 0.336484 0.345450 0.354626 0.364010 0.373602 0.383399 0.393399 0.403685 0.414309 0.425268 0.436562 0.448188 0.460145 0.472432 0.485047 0.497988 0.511254 0.524842 0.538752 0.552980
0.169814 0.171329 0.173780 0.176696 0.179944 0.183465 0.187226 0.191208 0.195400 0.199795 0.204391 0.209185 0.214178 0.219371 0.224763 0.230358 0.236156 0.242159 0.248368 0.254790 0.261432 0.268295 0.275379 0.282684 0.290208 0.297951 0.305913 0.314094 0.322491 0.331104 0.339931 0.348972 0.358224 0.367686 0.377356 0.387231 0.397308 0.407656 0.418341 0.429364 0.440721 0.452412 0.464435 0.476788 0.489469 0.502478 0.515811 0.529468 0.543445 0.557743
0.166631 0.170936 0.174472 0.177916 0.181454 0.185145 0.189014 0.193072 0.197321 0.201766 0.206407 0.211246 0.216285 0.221523 0.226964 0.232608 0.238457 0.244512 0.250777 0.257256 0.263959 0.270883 0.278030 0.285397 0.292986 0.300795 0.308823 0.317070 0.325535 0.334216 0.343113 0.352223 0.361545 0.371077 0.380817 0.390762 0.400911 0.411324 0.422075 0.433164 0.444588 0.456346 0.468436 0.480857 0.493606 0.506682 0.520084 0.533808 0.547854 0.562218
0.169338 0.172060 0.175484 0.179066 0.182751 0.186561 0.190523 0.194655 0.198969 0.203471 0.208167 0.213058 0.218149 0.223440 0.228933 0.234631 0.240534 0.246645 0.252965 0.259504 0.266266 0.273250 0.280458 0.287887 0.295537 0.303408 0.311498 0.319808 0.328336 0.337080 0.346039 0.355212 0.364597 0.374192 0.383995 0.394003 0.404213 0.414696 0.425516 0.436674 0.448167 0.459994 0.472152 0.484641 0.497458 0.510601 0.524070 0.537861 0.551972 0.566403
0.168993 0.173357 0.176916 0.180431 0.184072 0.187878 0.191863 0.196035 0.200396 0.204950 0.209699 0.214646 0.219792 0.225139 0.230689 0.236442 0.242402 0.248569 0.254946 0.261543 0.268364 0.275407 0.282672 0.290159 0.297868 0.305797 0.313945 0.322312 0.330897 0.339698 0.348714 0.357943 0.367383 0.377033 0.386890 0.396952 0.407217 0.417772 0.428664 0.439892 0.451455 0.463350 0.475577 0.488133 0.501016 0.514226 0.527759 0.541615 0.555791 0.570284
0.174812 0.175937 0.178553 0.181738 0.185252 0.189020 0.193012 0.197214 0.201619 0.206225 0.211030 0.216034 0.221238 0.226642 0.232249 0.238060 0.244076 0.250299 0.256732 0.263385 0.270261 0.277359 0.284678 0.292219 0.299981 0.307962 0.316163 0.324581 0.333216 0.342066 0.351131 0.360408 0.369896 0.379592 0.389495 0.399601 0.409918 0.420545 0.431508 0.442806 0.454438 0.466401 0.478695 0.491316 0.504264 0.517537 0.531133 0.545050 0.559285 0.573838
0.171712 0.175686 0.178997 0.182391 0.186004 0.189845 0.193903 0.198170 0.202640 0.207309 0.212175 0.217240 0.222503 0.227966 0.233629 0.239495 0.245565 0.251841 0.258326 0.265030 0.271957 0.279104 0.286472 0.294060 0.301868 0.309895 0.318139 0.326601 0.335278 0.344169 0.353274 0.362590 0.372115 0.381848 0.391785 0.401925 0.412296 0.422994 0.434028 0.445394 0.457093 0.469121 0.481478 0.494162 0.507171 0.520504 0.534158 0.548131 0.562423 0.577030
0.173693 0.175820 0.179023 0.182603 0.186403 0.190393 0.194568 0.198930 0.203480 0.208220 0.213152 0.218278 0.223598 0.229115 0.234830 0.240746 0.246865 0.253188 0.259718 0.266467 0.273436 0.280625 0.288034 0.295661 0.303506 0.311569 0.319849 0.328344 0.337053 0.345975 0.355110 0.364454 0.374006 0.383764 0.393725 0.403889 0.414322 0.425089 0.436189 0.447620 0.459381 0.471471 0.483888 0.496630 0.509695 0.523082 0.536789 0.550814 0.565156 0.579811
0.170058 0.174729 0.178769 0.182706 0.186705 0.190829 0.195107 0.199552 0.204174 0.208977 0.213966 0.219144 0.224513 0.230076 0.235835 0.241792 0.247950 0.254311 0.260878 0.267662 0.274664 0.281885 0.289324 0.296980 0.304853 0.312941 0.321245 0.329763 0.338493 0.347435 0.356588 0.365949 0.375516 0.385287 0.395261 0.405449 0.415948 0.426779 0.437941 0.449433 0.461252 0.473398 0.485869 0.498663 0.511779 0.525214 0.538968 0.553039 0.567424 0.582122
0.171844 0.175518 0.179259 0.183109 0.187101 0.191250 0.195565 0.200052 0.204716 0.209560 0.214588 0.219803 0.225207 0.230803 0.236594 0.242582 0.248769 0.255156 0.261749 0.268557 0.275582 0.282824 0.290281 0.297955 0.305843 0.313946 0.322263 0.330792 0.339532 0.348482 0.357641 0.367006 0.376576 0.386349 0.396324 0.406554 0.417114 0.428004 0.439222 0.450768 0.462639 0.474835 0.487354 0.500194 0.513354 0.526832 0.540627 0.554736 0.569158 0.583892
0.174064 0.176578 0.179835 0.183492 0.187410 0.191535 0.195849 0.200347 0.205027 0.209891 0.214940 0.220176 0.225602 0.231219 0.237029 0.243035 0.249239 0.255642 0.262249 0.269070 0.276106 0.283357 0.290822 0.298502 0.306395 0.314500 0.322818 0.331346 0.340084 0.349031 0.358184 0.367543 0.377104 0.386867 0.396845 0.407131 0.417746 0.428688 0.439957 0.451550 0.463468 0.475707 0.488267 0.501147 0.514344 0.527858 0.541686 0.555827 0.570279 0.585040
0.172300 0.175903 0.179565 0.183361 0.187321 0.191458 0.195777 0.200280 0.204967 0.209840 0.214899 0.220146 0.225582 0.231209 0.237028 0.243042 0.249252 0.255660 0.262271 0.269094 0.276131 0.283380 0.290843 0.298518 0.306405 0.314503 0.322811 0.331328 0.340053 0.348985 0.358122 0.367462 0.377004 0.386750 0.396760 0.407097 0.417761 0.428749 0.440062 0.451697 0.463654 0.475930 0.488525 0.501438 0.514666 0.528208 0.542062 0.556227 0.570701 0.585482
0.171247 0.175063 0.178861 0.182711 0.186692 0.190839 0.195165 0.199675 0.204370 0.209249 0.214315 0.219567 0.225008 0.230637 0.236458 0.242472 0.248681 0.255087 0.261694 0.268510 0.275538 0.282778 0.290229 0.297891 0.305763 0.313844 0.322133 0.330630 0.339333 0.348241 0.357352 0.366665 0.376180 0.385923 0.395982 0.406365 0.417072 0.428101 0.439452 0.451123 0.463113 0.475420 0.488043 0.500981 0.514233 0.527796 0.541669 0.555851 0.570340 0.585134
0.169903 0.174052 0.177666 0.181405 0.185350 0.189497 0.193836 0.198361 0.203068 0.207958 0.213031 0.218287 0.223730 0.229359 0.235179 0.241189 0.247392 0.253791 0.260388 0.267193 0.274207 0.281431 0.288864 0.296506 0.304356 0.312414 0.320678 0.329148 0.337821 0.346698 0.355776 0.365055 0.374545 0.384324 0.394427 0.404852 0.415598 0.426663 0.438046 0.449747 0.461763 0.474095 0.486740 0.499697 0.512965 0.526542 0.540426 0.554617 0.569113 0.583911
0.172383 0.172547 0.175420 0.179075 0.183056 0.187249 0.191626 0.196179 0.200906 0.205810 0.210893 0.216156 0.221602 0.227233 0.233051 0.239058 0.245256 0.251648 0.258234 0.265025 0.272023 0.279229 0.286642 0.294261 0.302086 0.310116 0.318350 0.326787 0.335427 0.344266 0.353306 0.362551 0.372056 0.381880 0.392024 0.402486 0.413266 0.424361 0.435772 0.447496 0.459534 0.471883 0.484543 0.497511 0.510788 0.524371 0.538259 0.552451 0.566944 0.581739
0.158313 0.166322 0.171228 0.175485 0.179682 0.183972 0.188401 0.192988 0.197740 0.202663 0.207762 0.213038 0.218494 0.224133 0.229956 0.235966 0.242165 0.248554 0.255135 0.261914 0.268898 0.276086 0.283478 0.291074 0.298872 0.306873 0.315075 0.323478 0.332079 0.340879 0.349881 0.359120 0.368670 0.378537 0.388718 0.399213 0.410021 0.421141 0.432573 0.444315 0.456366 0.468726 0.481392 0.494365 0.507642 0.521222 0.535105 0.549288 0.563771 0.578552
0.163034 0.163881 0.167220 0.171146 0.175289 0.179588 0.184042 0.188658 0.193441 0.198395 0.203523 0.208827 0.214309 0.219970 0.225813 0.231838 0.238048 0.244445 0.251029 0.257803 0.264777 0.271951 0.279325 0.286899 0.294672 0.302643 0.310812 0.319178 0.327740 0.336500 0.345484 0.354766 0.364359 0.374262 0.384475 0.394998 0.405829 0.416967 0.428413 0.440164 0.452221 0.464582 0.477246 0.490213 0.503481 0.517049 0.530916 0.545080 0.559542 0.574298
0.152047 0.157355 0.161425 0.165431 0.169580 0.173901 0.178398 0.183068 0.187911 0.192927 0.198114 0.203474 0.209007 0.214713 0.220595 0.226654 0.232890 0.239307 0.245905 0.252686 0.259655 0.266820 0.274179 0.281733 0.289480 0.297422 0.305557 0.313884 0.322407 0.331143 0.340162 0.349487 0.359117 0.369052 0.379290 0.389832 0.400677 0.411824 0.423274 0.435025 0.447076 0.459428 0.472079 0.485029 0.498276 0.511820 0.525659 0.539794 0.554222 0.568942
0.147660 0.150414 0.154087 0.158092 0.162326 0.166761 0.171381 0.176177 0.181140 0.186268 0.191559 0.197012 0.202627 0.208406 0.214350 0.220460 0.226739 0.233188 0.239810 0.246606 0.253580 0.260737 0.268083 0.275616 0.283338 0.291248 0.299346 0.307634 0.316129 0.324892 0.333954 0.343313 0.352971 0.362926 0.373178 0.383728 0.394575 0.405719 0.417160 0.428898 0.440931 0.453261 0.465885 0.478804 0.492017 0.505523 0.519321 0.533411 0.547791 0.562461
0.136667 0.140641 0.144693 0.149004 0.153531 0.158237 0.163101 0.168111 0.173265 0.178560 0.183997 0.189578 0.195303 0.201176 0.207199 0.213375 0.219706 0.226196 0.232847 0.239663 0.246645 0.253797 0.261125 0.268635 0.276326 0.284198 0.292255 0.300511 0.309022 0.317824 0.326914 0.336295 0.345965 0.355926 0.366177 0.376719 0.387553 0.398678 0.410095 0.421803 0.433802 0.446093 0.458674 0.471547 0.484709 0.498161 0.511902 0.525931 0.540248 0.554852
0.124538 0.128817 0.133638 0.138593 0.143622 0.148726 0.153915 0.159198 0.164583 0.170074 0.175679 0.181402 0.187249 0.193223 0.199330 0.205573 0.211957 0.218486 0.225163 0.231993 0.238978 0.246123 0.253431 0.260907 0.268557 0.276383 0.284400 0.292660 0.301200 0.310019 0.319119 0.328500 0.338163 0.348110 0.358340 0.368856 0.379657 0.390743 0.402116 0.413775 0.425721 0.437954 0.450474 0.463280 0.476374 0.489753 0.503418 0.517369 0.531605 0.546125
0.109256 0.116323 0.122294 0.127902 0.133391 0.138856 0.144343 0.149878 0.155476 0.161150 0.166909 0.172763 0.178718 0.184781 0.190959 0.197257 0.203681 0.210236 0.216927 0.223759 0.230735 0.237860 0.245137 0.252571 0.260167 0.267940 0.275943 0.284215 0.292756 0.301567 0.310650 0.320007 0.329639 0.339547 0.349733 0.360198 0.370943 0.381968 0.393274 0.404862 0.416733 0.428887 0.441323 0.454043 0.467046 0.480333 0.493902 0.507755 0.521890 0.536307
0.101391 0.106702 0.112258 0.117875 0.123510 0.129161 0.134834 0.140540 0.146292 0.152099 0.157973 0.163921 0.169953 0.176076 0.182299 0.188627 0.195068 0.201628 0.208311 0.215124 0.222071 0.229157 0.236386 0.243763 0.251296 0.259036 0.267029 0.275278 0.283787 0.292559 0.301596 0.310900 0.320472 0.330314 0.340428 0.350816 0.361478 0.372416 0.383630 0.395123 0.406894 0.418944 0.431274 0.443884 0.456775 0.469946 0.483398 0.497131 0.511145 0.525439
0.093043 0.097497 0.102786 0.108377 0.114080 0.119830 0.125609 0.131416 0.137258 0.143143 0.149080 0.155079 0.161148 0.167295 0.173528 0.179856 0.186284 0.192820 0.199469 0.206238 0.213133 0.220157 0.227316 0.234616 0.242089 0.249798 0.257748 0.265943 0.274388 0.283086 0.292044 0.301262 0.310743 0.320489 0.330502 0.340783 0.351334 0.362158 0.373254 0.384624 0.396269 0.408191 0.420390 0.432866 0.445621 0.458654 0.471966 0.485557 0.499427 0.513576
0.079833 0.086850 0.093106 0.099098 0.104997 0.110863 0.116723 0.122592 0.128481 0.134400 0.140359 0.146368 0.152435 0.158570 0.164780 0.171074 0.177459 0.183942 0.190530 0.197229 0.204045 0.210984 0.218051 0.225255 0.232666 0.240306 0.248179 0.256289 0.264640 0.273235 0.282080 0.291179 0.300536 0.310154 0.320035 0.330180 0.340591 0.351271 0.362221 0.373442 0.384936 0.396703 0.408745 0.421063 0.433657 0.446528 0.459677 0.473104 0.486809 0.500792
0.071318 0.077971 0.084253 0.090353 0.096351 0.102293 0.108205 0.114107 0.120013 0.125934 0.131883 0.137870 0.143904 0.149995 0.156152 0.162383 0.168696 0.175099 0.181599 0.188202 0.194916 0.201745 0.208696 0.215794 0.223105 0.230639 0.238400 0.246391 0.254616 0.263079 0.271784 0.280735 0.289937 0.299395 0.309113 0.319092 0.329335 0.339843 0.350618 0.361663 0.372978 0.384566 0.396426 0.408561 0.420971 0.433657 0.446619 0.459859 0.473377 0.487172
0.065009 0.070291 0.076193 0.082208 0.088210 0.094174 0.100104 0.106011 0.111907 0.117805 0.123717 0.129654 0.135627 0.141646 0.147722 0.153863 0.160078 0.166375 0.172762 0.179247 0.185835 0.192533 0.199348 0.206311 0.213486 0.220878 0.228491 0.236329 0.244397 0.252698 0.261235 0.270012 0.279034 0.288305 0.297830 0.307614 0.317659 0.327969 0.338543 0.349386 0.360497 0.371879 0.383534 0.395461 0.407664 0.420142 0.432896 0.445927 0.459236 0.472823
0.055167 0.062101 0.068422 0.074559 0.080604 0.086582 0.092506 0.098389 0.104245 0.110089 0.115933 0.121791 0.127674 0.133594 0.139562 0.145587 0.151680 0.157847 0.164099 0.170443 0.176885 0.183433 0.190093 0.196890 0.203892 0.211107 0.218539 0.226193 0.234072 0.242180 0.250522 0.259099 0.267917 0.276979 0.286289 0.295852 0.305673 0.315757 0.326105 0.336720 0.347603 0.358757 0.370182 0.381880 0.393853 0.406101 0.418626 0.431428 0.444508 0.457867
0.049038 0.055210 0.061485 0.067660 0.073716 0.079671 0.085545 0.091360 0.097132 0.102880 0.108619 0.114362 0.120123 0.125914 0.131746 0.137629 0.143574 0.149590 0.155685 0.161868 0.168146 0.174525 0.181013 0.187621 0.194418 0.201424 0.208644 0.216083 0.223744 0.231632 0.239750 0.248101 0.256691 0.265521 0.274596 0.283919 0.293495 0.303329 0.313427 0.323792 0.334424 0.345327 0.356501 0.367949 0.379671 0.391670 0.403945 0.416499 0.429331 0.442443
0.042607 0.049309 0.055678 0.061810 0.067773 0.073610 0.079355 0.085033 0.090663 0.096265 0.101853 0.107441 0.113045 0.118674 0.124342 0.130058 0.135833 0.141675 0.147595 0.153598 0.159695 0.165890 0.172192 0.178607 0.185168 0.191937 0.198917 0.206113 0.213529 0.221170 0.229039 0.237140 0.245477 0.254053 0.262872 0.271937 0.281251 0.290819 0.300646 0.310739 0.321101 0.331732 0.342636 0.353814 0.365267 0.376997 0.389005 0.401292 0.413859 0.426707
0.038941 0.045354 0.051355 0.057169 0.062861 0.068460 0.073984 0.079453 0.084882 0.090287 0.095682 0.101079 0.106492 0.111933 0.117411 0.122937 0.128521 0.134172 0.139899 0.145709 0.151609 0.157608 0.163712 0.169927 0.176264 0.182765 0.189479 0.196407 0.203555 0.210925 0.218522 0.226350 0.234413 0.242714 0.251256 0.260044 0.269079 0.278367 0.287909 0.297712 0.307784 0.318127 0.328743 0.339634 0.350801 0.362246 0.373970 0.385975 0.398261 0.410829
0.037770 0.042720 0.048061 0.053450 0.058804 0.064107 0.069362 0.074579 0.079770 0.084945 0.090117 0.095298 0.100498 0.105729 0.110999 0.116319 0.121698 0.127144 0.132665 0.138270 0.143965 0.149758 0.155655 0.161662 0.167786 0.174041 0.180463 0.187102 0.193958 0.201037 0.208342 0.215876 0.223645 0.231652 0.239899 0.248391 0.257131 0.266122 0.275366 0.284869 0.294636 0.304674 0.314987 0.325576 0.336442 0.347587 0.359013 0.370721 0.382711 0.394986
0.033997 0.039791 0.045112 0.050272 0.055354 0.060382 0.065370 0.070330 0.075273 0.080208 0.085148 0.090101 0.095079 0.100089 0.105143 0.110248 0.115413 0.120646 0.125955 0.131348 0.136831 0.142411 0.148095 0.153889 0.159799 0.165832 0.172001 0.178336 0.184879 0.191648 0.198642 0.205866 0.213323 0.221018 0.228954 0.237135 0.245563 0.254242 0.263175 0.272365 0.281816 0.291538 0.301535 0.311809 0.322362 0.333195 0.344310 0.355709 0.367392 0.379360
0.033246 0.037843 0.042706 0.047577 0.052403 0.057182 0.061924 0.066643 0.071348 0.076050 0.080761 0.085489 0.090244 0.095035 0.099870 0.104759 0.109708 0.114726 0.119820 0.124998 0.130266 0.135631 0.141100 0.146678 0.152371 0.158186 0.164129 0.170212 0.176458 0.182895 0.189563 0.196461 0.203592 0.210961 0.218571 0.226426 0.234529 0.242883 0.251492 0.260358 0.269485 0.278879 0.288551 0.298500 0.308729 0.319240 0.330034 0.341113 0.352478 0.364130
0.030324 0.035668 0.040584 0.045308 0.049929 0.054487 0.059004 0.063498 0.067980 0.072462 0.076954 0.081465 0.086004 0.090580 0.095201 0.099876 0.104612 0.109417 0.114298 0.119262 0.124316 0.129467 0.134720 0.140083 0.145560 0.151158 0.156881 0.162738 0.168737 0.174896 0.181237 0.187790 0.194584 0.201615 0.208887 0.216405 0.224171 0.232189 0.240463 0.248995 0.257788 0.266849 0.276188 0.285805 0.295703 0.305884 0.316349 0.327100 0.338139 0.349466
0.029987 0.034667 0.039195 0.043629 0.048000 0.052327 0.056623 0.060901 0.065171 0.069442 0.073725 0.078028 0.082359 0.086728 0.091142 0.095609 0.100138 0.104734 0.109407 0.114161 0.119005 0.123945 0.128986 0.134136 0.139400 0.144783 0.150292 0.155931 0.161707 0.167629 0.173707 0.179960 0.186413 0.193091 0.200018 0.207190 0.214611 0.222285 0.230216 0.238405 0.246858 0.255581 0.264582 0.273862 0.283424 0.293269 0.303399 0.313817 0.324523 0.335519
0.030588 0.034367 0.038388 0.042483 0.046588 0.050681 0.054760 0.058830 0.062896 0.066966 0.071050 0.075154 0.079287 0.083458 0.087674 0.091943 0.096271 0.100668 0.105139 0.109691 0.114332 0.119068 0.123904 0.128847 0.133904 0.139079 0.144378 0.149806 0.155369 0.161073 0.166924 0.172932 0.179111 0.185477 0.192054 0.198871 0.205943 0.213268 0.220850 0.228693 0.236802 0.245186 0.253846 0.262786 0.272008 0.281514 0.291306 0.301387 0.311757 0.322419
0.029861 0.033749 0.037687 0.041618 0.045534 0.049434 0.053322 0.057203 0.061082 0.064967 0.068865 0.072784 0.076733 0.080718 0.084748 0.088830 0.092972 0.097180 0.101461 0.105822 0.110271 0.114812 0.119453 0.124199 0.129057 0.134033 0.139130 0.144356 0.149716 0.155214 0.160856 0.166647 0.172597 0.178714 0.185012 0.191509 0.198229 0.205201 0.212435 0.219931 0.227699 0.235741 0.244061 0.252660 0.261542 0.270708 0.280162 0.289905 0.299939 0.310266
0.028578 0.033014 0.037012 0.040871 0.044669 0.048431 0.052170 0.055895 0.059615 0.063338 0.067073 0.070828 0.074611 0.078430 0.082291 0.086203 0.090174 0.094208 0.098315 0.102500 0.106770 0.111132 0.115591 0.120153 0.124825 0.129613 0.134521 0.139556 0.144723 0.150026 0.155472 0.161064 0.166809 0.172713 0.178784 0.185032 0.191471 0.198120 0.205004 0.212161 0.219589 0.227291 0.235272 0.243533 0.252078 0.260908 0.270026 0.279434 0.289134 0.299129
0.029217 0.032623 0.036381 0.040153 0.043874 0.047544 0.051176 0.054782 0.058376 0.061968 0.065568 0.069184 0.072826 0.076500 0.080216 0.083979 0.087798 0.091680 0.095630 0.099657 0.103766 0.107965 0.112258 0.116653 0.121155 0.125770 0.130503 0.135361 0.140349 0.145471 0.150733 0.156141 0.161698 0.167410 0.173283 0.179323 0.185539 0.191941 0.198549 0.205383 0.212473 0.219843 0.227490 0.235419 0.243633 0.252132 0.260921 0.270001 0.279374 0.289042
0.027041 0.031597 0.035638 0.039445 0.043124 0.046723 0.050270 0.053785 0.057281 0.060769 0.064262 0.067766 0.071292 0.074848 0.078441 0.082078 0.085768 0.089518 0.093333 0.097222 0.101190 0.105244 0.109390 0.113635 0.117984 0.122443 0.127018 0.131715 0.136539 0.141496 0.146590 0.151827 0.157211 0.162748 0.168443 0.174300 0.180326 0.186532 0.192925 0.199516 0.206320 0.213364 0.220690 0.228297 0.236190 0.244369 0.252839 0.261601 0.270657 0.280008
0.027479 0.031539 0.035288 0.038913 0.042468 0.045972 0.049436 0.052872 0.056289 0.059696 0.063103 0.066520 0.069953 0.073412 0.076904 0.080438 0.084020 0.087658 0.091359 0.095129 0.098975 0.102904 0.106922 0.111035 0.115249 0.119570 0.124005 0.128558 0.133235 0.138042 0.142985 0.148067 0.153294 0.158672 0.164204 0.169897 0.175757 0.181791 0.188005 0.194404 0.200995 0.207790 0.214814 0.222114 0.229701 0.237575 0.245740 0.254198 0.262951 0.272000
0.029501 0.031856 0.035032 0.038425 0.041857 0.045277 0.048673 0.052044 0.055397 0.058738 0.062077 0.065421 0.068778 0.072158 0.075568 0.079014 0.082506 0.086051 0.089654 0.093323 0.097065 0.100887 0.104794 0.108793 0.112890 0.117091 0.121402 0.125828 0.130376 0.135051 0.139857 0.144801 0.149887 0.155121 0.160507 0.166051 0.171761 0.177643 0.183700 0.189936 0.196354 0.202961 0.209768 0.216795 0.224093 0.231681 0.239559 0.247732 0.256199 0.264963
0.025746 0.030402 0.034224 0.037789 0.041249 0.044647 0.048002 0.051324 0.054623 0.057907 0.061185 0.064465 0.067757 0.071069 0.074407 0.077780 0.081195 0.084659 0.088179 0.091763 0.095416 0.099146 0.102958 0.106859 0.110854 0.114951 0.119154 0.123470 0.127904 0.132462 0.137149 0.141970 0.146931 0.152037 0.157292 0.162703 0.168278 0.174022 0.179938 0.186030 0.192300 0.198752 0.205391 0.212225 0.219275 0.226598 0.234213 0.242121 0.250324 0.258824
0.026890 0.030265 0.033849 0.037370 0.040803 0.044164 0.047473 0.050742 0.053985 0.057212 0.060431 0.063652 0.066883 0.070131 0.073406 0.076713 0.080061 0.083455 0.086904 0.090414 0.093991 0.097641 0.101371 0.105188 0.109096 0.113103 0.117213 0.121433 0.125768 0.130224 0.134806 0.139519 0.144370 0.149362 0.154501 0.159793 0.165247 0.170867 0.176657 0.182619 0.188757 0.195074 0.201572 0.208256 0.215133 0.222228 0.229604 0.237272 0.245235 0.253494
0.026505 0.030305 0.033825 0.037235 0.040573 0.043855 0.047093 0.050297 0.053478 0.056644 0.059804 0.062966 0.066139 0.069330 0.072546 0.075795 0.079082 0.082416 0.085802 0.089247 0.092758 0.096340 0.100000 0.103743 0.107576 0.111505 0.115534 0.119671 0.123920 0.128287 0.132778 0.137397 0.142150 0.147042 0.152079 0.157265 0.162610 0.168119 0.173795 0.179642 0.185662 0.191858 0.198233 0.204790 0.211531 0.218465 0.225631 0.233086 0.240834 0.248878
0.027579 0.030706 0.033958 0.037215 0.040445 0.043641 0.046805 0.049943 0.053062 0.056170 0.059275 0.062384 0.065504 0.068643 0.071807 0.075003 0.078237 0.081517 0.084849 0.088238 0.091691 0.095213 0.098812 0.102492 0.106260 0.110121 0.114081 0.118145 0.122319 0.126609 0.131020 0.135556 0.140224 0.145029 0.149975 0.155067 0.160315 0.165724 0.171299 0.177042 0.182956 0.189044 0.195309 0.201752 0.208378 0.215188 0.222194 0.229463 0.237023 0.244876
0.027033 0.030496 0.033832 0.037082 0.040273 0.043420 0.046533 0.049620 0.052691 0.055752 0.058810 0.061874 0.064949 0.068043 0.071163 0.074314 0.077503 0.080737 0.084021 0.087361 0.090764 0.094236 0.097781 0.101407 0.105118 0.108920 0.112819 0.116820 0.120929 0.125151 0.129491 0.133955 0.138548 0.143275 0.148141 0.153151 0.158311 0.163631 0.169114 0.174764 0.180583 0.186573 0.192739 0.199082 0.205604 0.212308 0.219197 0.226308 0.233706 0.241394
0.026681 0.030287 0.033638 0.036877 0.040045 0.043163 0.046244 0.049298 0.052335 0.055361 0.058385 0.061414 0.064454 0.067512 0.070595 0.073709 0.076860 0.080054 0.083298 0.086597 0.089956 0.093383 0.096882 0.100460 0.104121 0.107872 0.111717 0.115663 0.119714 0.123876 0.128155 0.132555 0.137081 0.141739 0.146534 0.151470 0.156553 0.161792 0.167193 0.172758 0.178491 0.184394 0.190470 0.196721 0.203150 0.209759 0.216550 0.223538 0.230797 0.238344
0.027469 0.030363 0.033513 0.036674 0.039800 0.042889 0.045946 0.048977 0.051990 0.054992 0.057991 0.060994 0.064007 0.067037 0.070090 0.073173 0.076292 0.079453 0.082662 0.085924 0.089247 0.092634 0.096092 0.099627 0.103245 0.106949 0.110747 0.114643 0.118643 0.122752 0.126976 0.131318 0.135785 0.140382 0.145113 0.149983 0.154998 0.160164 0.165489 0.170977 0.176632 0.182455 0.188449 0.194617 0.200962 0.207485 0.214188 0.221077 0.228219 0.235644
0.026273 0.029982 0.033264 0.036430 0.039541 0.042613 0.045652 0.048667 0.051663 0.054648 0.057629 0.060612 0.063603 0.066610 0.069639 0.072696 0.075787 0.078919 0.082097 0.085327 0.088615 0.091967 0.095389 0.098886 0.102463 0.106127 0.109881 0.113733 0.117687 0.121747 0.125921 0.130211 0.134625 0.139166 0.143839 0.148650 0.153603 0.158703 0.163960 0.169378 0.174960 0.180710 0.186630 0.192722 0.198989 0.205433 0.212057 0.218861 0.225903 0.233225
0.027047 0.029889 0.033028 0.036171 0.039275 0.042340 0.045372 0.048378 0.051363 0.054336 0.057302 0.060268 0.063241 0.066227 0.069233 0.072266 0.075332 0.078436 0.081586 0.084786 0.088043 0.091363 0.094750 0.098212 0.101752 0.105378 0.109093 0.112903 0.116814 0.120831 0.124959 0.129202 0.133567 0.138057 0.142678 0.147434 0.152331 0.157373 0.162565 0.167918 0.173434 0.179117 0.184968 0.190990 0.197186 0.203557 0.210107 0.216836 0.223792 0.231025
0.025801 0.029446 0.032719 0.035889 0.039004 0.042076 0.045110 0.048114 0.051093 0.054056 0.057008 0.059958 0.062912 0.065878 0.068862 0.071871 0.074912 0.077989 0.081111 0.084283 0.087510 0.090798 0.094154 0.097582 0.101088 0.104678 0.108356 0.112128 0.116000 0.119976 0.124061 0.128261 0.132580 0.137023 0.141596 0.146302 0.151147 0.156135 0.161271 0.166563 0.172017 0.177636 0.183423 0.189380 0.195509 0.201814 0.208294 0.214954 0.221834 0.228989
0.026248 0.029180 0.032383 0.035585 0.038736 0.041831 0.044877 0.047882 0.050855 0.053806 0.056742 0.059674 0.062607 0.065550 0.068510 0.071494 0.074509 0.077560 0.080654 0.083797 0.086994 0.090253 0.093577 0.096974 0.100447 0.104003 0.107647 0.111383 0.115218 0.119156 0.123202 0.127361 0.131638 0.136037 0.140565 0.145225 0.150021 0.154959 0.160044 0.165279 0.170675 0.176234 0.181961 0.187856 0.193923 0.200164 0.206581 0.213175 0.219988 0.227071
0.024341 0.028445 0.031999 0.035332 0.038537 0.041651 0.044697 0.047692 0.050649 0.053579 0.056493 0.059400 0.062308 0.065225 0.068159 0.071117 0.074104 0.077128 0.080194 0.083309 0.086478 0.089707 0.093002 0.096368 0.099810 0.103334 0.106945 0.110648 0.114447 0.118349 0.122358 0.126479 0.130716 0.135075 0.139560 0.144176 0.148927 0.153819 0.158855 0.164039 0.169379 0.174882 0.180551 0.186388 0.192396 0.198576 0.204932 0.211464 0.218214 0.225232
0.025590 0.028800 0.032124 0.035369 0.038518 0.041586 0.044590 0.047546 0.050466 0.053362 0.056243 0.059119 0.061997 0.064886 0.067792 0.070721 0.073681 0.076677 0.079716 0.082804 0.085945 0.089146 0.092413 0.095750 0.099162 0.102655 0.106235 0.109905 0.113672 0.117540 0.121513 0.125597 0.129797 0.134117 0.138562 0.143136 0.147845 0.152692 0.157681 0.162818 0.168107 0.173555 0.179169 0.184949 0.190900 0.197023 0.203319 0.209792 0.216482 0.223438
0.026107 0.029391 0.032534 0.035607 0.038622 0.041589 0.044515 0.047409 0.050278 0.053130 0.055973 0.058814 0.061660 0.064518 0.067395 0.070297 0.073229 0.076199 0.079212 0.082272 0.085387 0.088562 0.091801 0.095109 0.098493 0.101958 0.105507 0.109147 0.112881 0.116716 0.120656 0.124705 0.128868 0.133151 0.137557 0.142091 0.146758 0.151562 0.156507 0.161598 0.166839 0.172235 0.177794 0.183520 0.189414 0.195481 0.201720 0.208134 0.214766 0.221661
0.026626 0.029808 0.032813 0.035754 0.038661 0.041540 0.044396 0.047231 0.050051 0.052860 0.055665 0.058472 0.061287 0.064116 0.066966 0.069841 0.072747 0.075691 0.078678 0.081714 0.084803 0.087951 0.091164 0.094445 0.097802 0.101237 0.104757 0.108367 0.112070 0.115873 0.119779 0.123794 0.127921 0.132167 0.136535 0.141030 0.145656 0.150417 0.155319 0.160365 0.165559 0.170906 0.176412 0.182083 0.187922 0.193932 0.200115 0.206472 0.213044 0.219879
0.027268 0.029941 0.032799 0.035678 0.038540 0.041377 0.044192 0.046988 0.049771 0.052547 0.055320 0.058098 0.060884 0.063687 0.066510 0.069359 0.072241 0.075160 0.078123 0.081133 0.084197 0.087319 0.090505 0.093760 0.097088 0.100496 0.103986 0.107565 0.111237 0.115007 0.118880 0.122860 0.126952 0.131161 0.135490 0.139946 0.144531 0.149250 0.154108 0.159109 0.164257 0.169556 0.175010 0.180626 0.186409 0.192363 0.198488 0.204788 0.211300 0.218073
0.026546 0.029605 0.032560 0.035462 0.038319 0.041139 0.043929 0.046699 0.049454 0.052203 0.054949 0.057701 0.060462 0.063240 0.066038 0.068864 0.071721 0.074616 0.077553 0.080539 0.083577 0.086673 0.089832 0.093059 0.096359 0.099736 0.103197 0.106744 0.110384 0.114121 0.117959 0.121904 0.125959 0.130130 0.134420 0.138835 0.143378 0.148055 0.152868 0.157823 0.162924 0.168174 0.173577 0.179139 0.184865 0.190761 0.196829 0.203070 0.209519 0.216228
0.026183 0.029358 0.032364 0.035259 0.038089 0.040880 0.043643 0.046387 0.049118 0.051843 0.054567 0.057295 0.060034 0.062788 0.065563 0.068364 0.071198 0.074067 0.076979 0.079938 0.082950 0.086018 0.089149 0.092347 0.095616 0.098963 0.102391 0.105906 0.109512 0.113214 0.117016 0.120923 0.124940 0.129071 0.133321 0.137693 0.142193 0.146825 0.151593 0.156501 0.161553 0.166753 0.172105 0.177613 0.183282 0.189118 0.195126 0.201306 0.207690 0.214332
0.026554 0.029455 0.032260 0.035049 0.037825 0.040584 0.043325 0.046051 0.048765 0.051473 0.054178 0.056887 0.059605 0.062337 0.065090 0.067867 0.070675 0.073520 0.076405 0.079336 0.082319 0.085358 0.088458 0.091625 0.094862 0.098176 0.101570 0.105050 0.108619 0.112284 0.116048 0.119916 0.123892 0.127981 0.132188 0.136517 0.140971 0.145557 0.150276 0.155135 0.160136 0.165285 0.170584 0.176037 0.181649 0.187424 0.193369 0.199487 0.205802 0.212374
0.026679 0.029078 0.031813 0.034620 0.037423 0.040202 0.042954 0.045683 0.048393 0.051092 0.053785 0.056478 0.059177 0.061889 0.064618 0.067371 0.070154 0.072971 0.075827 0.078729 0.081681 0.084689 0.087757 0.090890 0.094093 0.097371 0.100728 0.104170 0.107701 0.111326 0.115049 0.118875 0.122809 0.126854 0.131016 0.135298 0.139705 0.144241 0.148911 0.153718 0.158667 0.163761 0.169004 0.174401 0.179954 0.185668 0.191549 0.197601 0.203846 0.210343
0.024167 0.027765 0.030996 0.034028 0.036942 0.039778 0.042560 0.045302 0.048015 0.050708 0.053389 0.056067 0.058747 0.061437 0.064142 0.066869 0.069624 0.072412 0.075238 0.078109 0.081028 0.084002 0.087035 0.090132 0.093298 0.096538 0.099857 0.103259 0.106749 0.110332 0.114012 0.117794 0.121682 0.125680 0.129794 0.134027 0.138384 0.142869 0.147486 0.152240 0.157133 0.162171 0.167357 0.172694 0.178188 0.183840 0.189655 0.195639 0.201810 0.208229
0.023642 0.027393 0.030633 0.033669 0.036589 0.039430 0.042212 0.044948 0.047650 0.050329 0.052993 0.055650 0.058307 0.060971 0.063650 0.066349 0.069073 0.071830 0.074624 0.077461 0.080345 0.083283 0.086279 0.089338 0.092465 0.095665 0.098943 0.102303 0.105750 0.109288 0.112923 0.116658 0.120498 0.124448 0.128511 0.132693 0.136998 0.141429 0.145991 0.150688 0.155524 0.160504 0.165629 0.170906 0.176337 0.181925 0.187675 0.193590 0.199684 0.206022
0.026049 0.028079 0.030763 0.033585 0.036404 0.039185 0.041925 0.044628 0.047300 0.049951 0.052586 0.055214 0.057842 0.060477 0.063125 0.065792 0.068484 0.071207 0.073966 0.076767 0.079614 0.082514 0.085472 0.088491 0.091577 0.094735 0.097970 0.101286 0.104687 0.108179 0.111767 0.115453 0.119244 0.123142 0.127154 0.131282 0.135532 0.139908 0.144413 0.149051 0.153828 0.158746 0.163810 0.169023 0.174389 0.179912 0.185595 0.191441 0.197458 0.203712
0.024254 0.027613 0.030593 0.033440 0.036218 0.038949 0.041641 0.044299 0.046932 0.049544 0.052144 0.054738 0.057332 0.059933 0.062546 0.065178 0.067835 0.070522 0.073244 0.076008 0.078817 0.081678 0.084594 0.087572 0.090616 0.093731 0.096921 0.100191 0.103546 0.106990 0.110528 0.114164 0.117903 0.121749 0.125707 0.129780 0.133974 0.138291 0.142738 0.147316 0.152031 0.156887 0.161887 0.167035 0.172335 0.177790 0.183404 0.189180 0.195122 0.201288
0.023893 0.027330 0.030340 0.033183 0.035937 0.038633 0.041286 0.043905 0.046499 0.049073 0.051636 0.054193 0.056751 0.059316 0.061893 0.064488 0.067108 0.069757 0.072442 0.075166 0.077935 0.080755 0.083631 0.086566 0.089566 0.092636 0.095780 0.099003 0.102310 0.105705 0.109193 0.112777 0.116463 0.120255 0.124157 0.128174 0.132310 0.136568 0.140954 0.145471 0.150124 0.154915 0.159850 0.164931 0.170163 0.175550 0.181094 0.186799 0.192668 0.198745
0.025325 0.027434 0.030100 0.032839 0.035548 0.038209 0.040829 0.043414 0.045972 0.048511 0.051038 0.053559 0.056080 0.058608 0.061148 0.063706 0.066287 0.068898 0.071543 0.074227 0.076956 0.079734 0.082566 0.085458 0.088413 0.091437 0.094535 0.097710 0.100968 0.104312 0.107748 0.111280 0.114913 0.118649 0.122495 0.126454 0.130531 0.134730 0.139054 0.143508 0.148097 0.152823 0.157692 0.162706 0.167869 0.173186 0.178659 0.184292 0.190089 0.196078
0.023061 0.026655 0.029613 0.032380 0.035063 0.037691 0.040275 0.042825 0.045348 0.047851 0.050341 0.052825 0.055310 0.057800 0.060302 0.062821 0.065364 0.067935 0.070539 0.073182 0.075869 0.078605 0.081393 0.084240 0.087150 0.090128 0.093177 0.096304 0.099512 0.102805 0.106189 0.109667 0.113245 0.116926 0.120715 0.124615 0.128633 0.132770 0.137033 0.141424 0.145948 0.150609 0.155411 0.160357 0.165452 0.170699 0.176101 0.181663 0.187387 0.193291
0.024134 0.026593 0.029246 0.031902 0.034522 0.037101 0.039642 0.042151 0.044634 0.047098 0.049550 0.051996 0.054441 0.056892 0.059355 0.061834 0.064337 0.066867 0.069429 0.072030 0.074674 0.077366 0.080110 0.082911 0.085775 0.088705 0.091706 0.094783 0.097940 0.101182 0.104513 0.107938 0.111460 0.115085 0.118817 0.122659 0.126616 0.130693 0.134894 0.139222 0.143682 0.148277 0.153013 0.157892 0.162918 0.168096 0.173428 0.178918 0.184570 0.190392
0.023491 0.026074 0.028721 0.031338 0.033911 0.036442 0.038938 0.041403 0.043843 0.046265 0.048675 0.051079 0.053483 0.055893 0.058313 0.060751 0.063211 0.065699 0.068219 0.070776 0.073375 0.076022 0.078721 0.081476 0.084292 0.087174 0.090127 0.093154 0.096260 0.099450 0.102728 0.106099 0.109567 0.113135 0.116810 0.120594 0.124492 0.128508 0.132647 0.136913 0.141309 0.145841 0.150510 0.155323 0.160282 0.165391 0.170654 0.176075 0.181656 0.187402
0.022164 0.025344 0.028083 0.030689 0.033229 0.035720 0.038172 0.040592 0.042987 0.045364 0.047729 0.050089 0.052448 0.054814 0.057191 0.059585 0.062001 0.064444 0.066919 0.069431 0.071986 0.074587 0.077239 0.079947 0.082716 0.085550 0.088453 0.091430 0.094486 0.097624 0.100850 0.104167 0.107580 0.111093 0.114711 0.118438 0.122278 0.126235 0.130314 0.134518 0.138853 0.143321 0.147927 0.152675 0.157568 0.162611 0.167808 0.173161 0.178674 0.184351
0.022755 0.024921 0.027458 0.030008 0.032509 0.034959 0.037365 0.039737 0.042084 0.044413 0.046730 0.049042 0.051354 0.053673 0.056004 0.058352 0.060722 0.063120 0.065549 0.068016 0.070524 0.073079 0.075684 0.078345 0.081066 0.083852 0.086706 0.089634 0.092640 0.095727 0.098901 0.102166 0.105526 0.108985 0.112549 0.116220 0.120003 0.123903 0.127923 0.132069 0.136343 0.140751 0.145296 0.149981 0.154812 0.159792 0.164924 0.170212 0.175661 0.181272
0.020817 0.024079 0.026814 0.029357 0.031807 0.034198 0.036546 0.038862 0.041154 0.043430 0.045696 0.047957 0.050221 0.052492 0.054775 0.057076 0.059399 0.061750 0.064134 0.066554 0.069016 0.071525 0.074084 0.076699 0.079373 0.082111 0.084918 0.087798 0.090754 0.093793 0.096917 0.100131 0.103440 0.106848 0.110358 0.113976 0.117706 0.121551 0.125516 0.129605 0.133823 0.138173 0.142660 0.147287 0.152058 0.156978 0.162050 0.167278 0.172665 0.178215
0.021867 0.024117 0.026463 0.028818 0.031150 0.033454 0.035729 0.037981 0.040214 0.042434 0.044646 0.046856 0.049069 0.051291 0.053526 0.055780 0.058057 0.060362 0.062701 0.065076 0.067493 0.069957 0.072472 0.075042 0.077671 0.080364 0.083126 0.085959 0.088870 0.091862 0.094939 0.098106 0.101367 0.104726 0.108187 0.111755 0.115434 0.119228 0.123141 0.127179 0.131343 0.135640 0.140073 0.144646 0.149362 0.154227 0.159243 0.164415 0.169746 0.175240
0.021753 0.023725 0.025954 0.028218 0.030469 0.032700 0.034908 0.037098 0.039272 0.041437 0.043597 0.045756 0.047921 0.050096 0.052285 0.054494 0.056727 0.058989 0.061284 0.063618 0.065993 0.068415 0.070888 0.073416 0.076004 0.078656 0.081375 0.084167 0.087035 0.089984 0.093018 0.096141 0.099358 0.102672 0.106088 0.109611 0.113244 0.116991 0.120858 0.124847 0.128964 0.133212 0.137596 0.142120 0.146787 0.151601 0.156567 0.161688 0.166969 0.172411
0.019749 0.022801 0.025246 0.027523 0.029738 0.031918 0.034074 0.036212 0.038336 0.040452 0.042565 0.044679 0.046800 0.048932 0.051081 0.053250 0.055444 0.057667 0.059925 0.062221 0.064559 0.066944 0.069380 0.071871 0.074422 0.077037 0.079719 0.082473 0.085304 0.088215 0.091210 0.094295 0.097472 0.100747 0.104123 0.107605 0.111197 0.114904 0.118728 0.122676 0.126750 0.130956 0.135296 0.139776 0.144399 0.149170 0.154092 0.159169 0.164404 0.169802
0.021126 0.022605 0.024655 0.026816 0.028977 0.031116 0.033233 0.035331 0.037416 0.039494 0.041570 0.043649 0.045735 0.047834 0.049949 0.052086 0.054249 0.056441 0.058667 0.060932 0.063240 0.065594 0.068000 0.070460 0.072980 0.075563 0.078214 0.080936 0.083735 0.086614 0.089576 0.092628 0.095772 0.099013 0.102355 0.105803 0.109360 0.113031 0.116820 0.120732 0.124770 0.128939 0.133243 0.137685 0.142271 0.147004 0.151889 0.156928 0.162126 0.167486
0.018585 0.021385 0.023777 0.026016 0.028183 0.030307 0.032402 0.034477 0.036539 0.038594 0.040648 0.042704 0.044768 0.046844 0.048937 0.051051 0.053191 0.055361 0.057564 0.059806 0.062090 0.064421 0.066802 0.069238 0.071734 0.074292 0.076918 0.079615 0.082388 0.085241 0.088177 0.091202 0.094319 0.097532 0.100847 0.104266 0.107795 0.111438 0.115198 0.119080 0.123089 0.127228 0.131502 0.135915 0.140471 0.145173 0.150027 0.155035 0.160202 0.165532
0.018211 0.020757 0.023065 0.025273 0.027426 0.029543 0.031632 0.033703 0.035759 0.037807 0.039853 0.041900 0.043954 0.046018 0.048099 0.050201 0.052326 0.054481 0.056670 0.058896 0.061164 0.063478 0.065843 0.068262 0.070739 0.073280 0.075887 0.078565 0.081319 0.084152 0.087069 0.090074 0.093170 0.096363 0.099657 0.103055 0.106563 0.110184 0.113922 0.117782 0.121768 0.125885 0.130136 0.134526 0.139059 0.143738 0.148569 0.153554 0.158698 0.164004
0.018705 0.020416 0.022491 0.024641 0.026788 0.028913 0.031014 0.033093 0.035157 0.037210 0.039258 0.041305 0.043358 0.045419 0.047496 0.049591 0.051710 0.053858 0.056038 0.058255 0.060513 0.062817 0.065171 0.067579 0.070046 0.072574 0.075170 0.077836 0.080577 0.083397 0.086301 0.089292 0.092375 0.095554 0.098834 0.102218 0.105711 0.109318 0.113041 0.116887 0.120858 0.124959 0.129195 0.133570 0.138087 0.142751 0.147566 0.152536 0.157664 0.162955
0.017008 0.019603 0.021953 0.024201 0.026392 0.028542 0.030660 0.032752 0.034825 0.036885 0.038937 0.040987 0.043041 0.045103 0.047178 0.049272 0.051389 0.053533 0.055710 0.057923 0.060177 0.062476 0.064825 0.067228 0.069689 0.072212 0.074801 0.077461 0.080196 0.083010 0.085907 0.088892 0.091968 0.095141 0.098413 0.101790 0.105276 0.108875 0.112592 0.116429 0.120393 0.124487 0.128715 0.133082 0.137592 0.142248 0.147055 0.152017 0.157137 0.162420
