0.077378 0.081775 0.085894 0.089683 0.093201 0.096500 0.099623 0.102601 0.105458 0.108214 0.110886 0.113490 0.116037 0.118540 0.121008 0.123452 0.125880 0.128300 0.130721 0.133149 0.135591 0.138054 0.140545 0.143068 0.145630 0.148237 0.150894 0.153607 0.156380 0.159219 0.162129 0.165114 0.168179 0.171329 0.174568 0.177900 0.181328 0.184857 0.188488 0.192223 0.196065 0.200011 0.204062 0.208211 0.212454 0.216779 0.221050 0.225049 0.228757 0.232156
0.078499 0.083353 0.087214 0.090738 0.094058 0.097217 0.100238 0.103142 0.105943 0.108657 0.111297 0.113876 0.116403 0.118890 0.121346 0.123780 0.126200 0.128613 0.131029 0.133452 0.135891 0.138352 0.140840 0.143362 0.145923 0.148529 0.151186 0.153899 0.156673 0.159512 0.162423 0.165410 0.168476 0.171628 0.174869 0.178204 0.181635 0.185166 0.188801 0.192540 0.196385 0.200336 0.204392 0.208547 0.212796 0.217128 0.221416 0.225433 0.229159 0.232576
0.085214 0.086597 0.089385 0.092419 0.095446 0.098406 0.101286 0.104084 0.106806 0.109460 0.112052 0.114593 0.117090 0.119553 0.121989 0.124407 0.126814 0.129217 0.131624 0.134040 0.136474 0.138930 0.141415 0.143935 0.146495 0.149101 0.151758 0.154471 0.157246 0.160088 0.163001 0.165990 0.169060 0.172216 0.175461 0.178800 0.182237 0.185774 0.189415 0.193162 0.197015 0.200975 0.205041 0.209207 0.213469 0.217815 0.222134 0.226187 0.229949 0.233401
0.083214 0.087724 0.090958 0.093946 0.096858 0.099711 0.102501 0.105227 0.107890 0.110495 0.113047 0.115555 0.118025 0.120465 0.122882 0.125284 0.127678 0.130070 0.132469 0.134879 0.137307 0.139759 0.142242 0.144760 0.147320 0.149926 0.152584 0.155299 0.158077 0.160922 0.163839 0.166833 0.169908 0.173070 0.176322 0.179668 0.183113 0.186659 0.190310 0.194068 0.197933 0.201906 0.205986 0.210169 0.214448 0.218815 0.223178 0.227284 0.231098 0.234604
0.086485 0.088919 0.091984 0.095048 0.098023 0.100905 0.103700 0.106418 0.109065 0.111652 0.114186 0.116676 0.119130 0.121556 0.123961 0.126353 0.128738 0.131124 0.133517 0.135924 0.138349 0.140800 0.143282 0.145801 0.148362 0.150971 0.153632 0.156351 0.159133 0.161984 0.164907 0.167907 0.170991 0.174160 0.177421 0.180778 0.184233 0.187791 0.191455 0.195226 0.199107 0.203097 0.207196 0.211400 0.215703 0.220096 0.224512 0.228686 0.232569 0.236145
0.084987 0.089057 0.092606 0.095917 0.099043 0.102017 0.104866 0.107613 0.110276 0.112869 0.115404 0.117893 0.120344 0.122767 0.125169 0.127558 0.129942 0.132327 0.134720 0.137127 0.139554 0.142007 0.144492 0.147015 0.149580 0.152194 0.154861 0.157587 0.160376 0.163234 0.166166 0.169176 0.172269 0.175449 0.178722 0.182091 0.185559 0.189132 0.192811 0.196600 0.200499 0.204510 0.208631 0.212859 0.217190 0.221615 0.226089 0.230345 0.234313 0.237974
0.085911 0.089836 0.093565 0.096987 0.100176 0.103191 0.106069 0.108837 0.111516 0.114121 0.116665 0.119161 0.121619 0.124047 0.126454 0.128849 0.131238 0.133628 0.136027 0.138440 0.140873 0.143333 0.145826 0.148356 0.150929 0.153551 0.156227 0.158962 0.161762 0.164630 0.167573 0.170594 0.173700 0.176893 0.180180 0.183564 0.187048 0.190638 0.194335 0.198143 0.202064 0.206098 0.210244 0.214501 0.218864 0.223324 0.227857 0.232209 0.236275 0.240036
0.087041 0.091625 0.095159 0.098407 0.101498 0.104464 0.107321 0.110084 0.112767 0.115380 0.117935 0.120443 0.122912 0.125353 0.127772 0.130179 0.132579 0.134981 0.137391 0.139815 0.142260 0.144731 0.147235 0.149777 0.152362 0.154996 0.157684 0.160432 0.163244 0.166126 0.169082 0.172118 0.175238 0.178447 0.181750 0.185150 0.188653 0.192261 0.195979 0.199809 0.203753 0.207813 0.211987 0.216275 0.220672 0.225171 0.229759 0.234220 0.238397 0.242271
0.093285 0.094154 0.096831 0.099806 0.102780 0.105690 0.108524 0.111283 0.113971 0.116597 0.119168 0.121694 0.124182 0.126641 0.129079 0.131503 0.133922 0.136341 0.138767 0.141208 0.143669 0.146156 0.148675 0.151233 0.153833 0.156483 0.159186 0.161949 0.164777 0.167675 0.170647 0.173699 0.176836 0.180063 0.183383 0.186803 0.190325 0.193954 0.197694 0.201548 0.205517 0.209604 0.213808 0.218129 0.222563 0.227103 0.231738 0.236317 0.240618 0.244619
0.087786 0.093824 0.097501 0.100693 0.103734 0.106683 0.109549 0.112339 0.115058 0.117714 0.120315 0.122869 0.125385 0.127870 0.130334 0.132783 0.135225 0.137667 0.140116 0.142578 0.145059 0.147566 0.150105 0.152681 0.155300 0.157968 0.160690 0.163471 0.166317 0.169232 0.172223 0.175293 0.178449 0.181695 0.185035 0.188474 0.192018 0.195669 0.199432 0.203310 0.207305 0.211421 0.215656 0.220011 0.224482 0.229064 0.233748 0.238441 0.242876 0.247017
0.094300 0.094976 0.097918 0.101151 0.104324 0.107387 0.110344 0.113205 0.115984 0.118691 0.121338 0.123934 0.126487 0.129008 0.131505 0.133985 0.136456 0.138926 0.141401 0.143888 0.146394 0.148925 0.151486 0.154084 0.156725 0.159413 0.162156 0.164957 0.167823 0.170758 0.173768 0.176858 0.180034 0.183300 0.186660 0.190121 0.193686 0.197359 0.201146 0.205049 0.209071 0.213215 0.217481 0.221870 0.226379 0.231004 0.235736 0.240532 0.245114 0.249406
0.086442 0.093284 0.097628 0.101302 0.104689 0.107894 0.110957 0.113906 0.116758 0.119528 0.122230 0.124875 0.127474 0.130036 0.132571 0.135087 0.137592 0.140093 0.142598 0.145114 0.147647 0.150203 0.152789 0.155411 0.158075 0.160786 0.163551 0.166373 0.169260 0.172216 0.175247 0.178357 0.181553 0.184839 0.188221 0.191703 0.195289 0.198985 0.202795 0.206722 0.210770 0.214942 0.219239 0.223661 0.228207 0.232874 0.237654 0.242533 0.247273 0.251729
0.091995 0.094459 0.098040 0.101625 0.105059 0.108337 0.111477 0.114497 0.117415 0.120245 0.123002 0.125698 0.128344 0.130949 0.133524 0.136078 0.138618 0.141152 0.143689 0.146235 0.148796 0.151380 0.153992 0.156639 0.159327 0.162061 0.164848 0.167693 0.170601 0.173578 0.176629 0.179760 0.182976 0.186282 0.189684 0.193186 0.196793 0.200511 0.204343 0.208293 0.212366 0.216564 0.220889 0.225343 0.229924 0.234631 0.239457 0.244394 0.249299 0.253932
0.090107 0.094615 0.098396 0.101991 0.105444 0.108760 0.111946 0.115017 0.117986 0.120867 0.123672 0.126414 0.129103 0.131749 0.134363 0.136953 0.139528 0.142096 0.144664 0.147239 0.149829 0.152440 0.155078 0.157750 0.160462 0.163220 0.166028 0.168895 0.171823 0.174821 0.177892 0.181042 0.184277 0.187602 0.191023 0.194544 0.198171 0.201908 0.205760 0.209731 0.213826 0.218048 0.222400 0.226882 0.231496 0.236239 0.241108 0.246095 0.251141 0.255963
0.090947 0.094708 0.098594 0.102283 0.105788 0.109141 0.112364 0.115473 0.118481 0.121402 0.124248 0.127029 0.129756 0.132440 0.135090 0.137715 0.140322 0.142921 0.145519 0.148123 0.150740 0.153377 0.156040 0.158736 0.161471 0.164250 0.167080 0.169966 0.172914 0.175930 0.179020 0.182188 0.185440 0.188782 0.192219 0.195757 0.199400 0.203154 0.207024 0.211013 0.215127 0.219370 0.223744 0.228251 0.232893 0.237668 0.242575 0.247607 0.252749 0.257773
0.090169 0.094945 0.098895 0.102570 0.106079 0.109452 0.112703 0.115844 0.118887 0.121843 0.124724 0.127541 0.130304 0.133022 0.135704 0.138361 0.140999 0.143627 0.146253 0.148884 0.151526 0.154188 0.156874 0.159592 0.162347 0.165147 0.167995 0.170900 0.173866 0.176898 0.180003 0.183187 0.186454 0.189810 0.193261 0.196812 0.200469 0.204236 0.208119 0.212123 0.216252 0.220510 0.224902 0.229429 0.234093 0.238896 0.243834 0.248905 0.254100 0.259316
0.092833 0.095605 0.099093 0.102686 0.106209 0.109619 0.112911 0.116093 0.119176 0.122171 0.125089 0.127942 0.130739 0.133490 0.136205 0.138892 0.141559 0.144215 0.146867 0.149522 0.152189 0.154872 0.157580 0.160317 0.163092 0.165909 0.168775 0.171695 0.174675 0.177722 0.180840 0.184035 0.187314 0.190681 0.194142 0.197703 0.201369 0.205145 0.209038 0.213051 0.217189 0.221458 0.225862 0.230402 0.235083 0.239905 0.244869 0.249970 0.255204 0.260548
0.089791 0.094311 0.098508 0.102409 0.106088 0.109593 0.112956 0.116196 0.119330 0.122372 0.125333 0.128225 0.131059 0.133844 0.136591 0.139308 0.142004 0.144686 0.147363 0.150042 0.152730 0.155435 0.158161 0.160917 0.163708 0.166540 0.169420 0.172353 0.175346 0.178403 0.181531 0.184735 0.188021 0.191395 0.194862 0.198428 0.202099 0.205879 0.209775 0.213792 0.217934 0.222208 0.226616 0.231163 0.235853 0.240686 0.245665 0.250788 0.256052 0.261447
0.087204 0.093380 0.097990 0.102050 0.105831 0.109420 0.112857 0.116162 0.119355 0.122449 0.125457 0.128392 0.131265 0.134087 0.136867 0.139614 0.142339 0.145047 0.147749 0.150450 0.153159 0.155882 0.158626 0.161397 0.164202 0.167048 0.169939 0.172882 0.175883 0.178947 0.182081 0.185289 0.188579 0.191955 0.195424 0.198990 0.202659 0.206438 0.210332 0.214346 0.218485 0.222756 0.227161 0.231707 0.236396 0.241233 0.246217 0.251351 0.256632 0.262055
0.091995 0.094284 0.097914 0.101752 0.105520 0.109157 0.112655 0.116022 0.119273 0.122420 0.125477 0.128456 0.131370 0.134228 0.137042 0.139821 0.142573 0.145307 0.148032 0.150755 0.153483 0.156223 0.158982 0.161767 0.164584 0.167439 0.170339 0.173288 0.176294 0.179362 0.182497 0.185706 0.188995 0.192368 0.195832 0.199393 0.203056 0.206826 0.210711 0.214715 0.218844 0.223103 0.227498 0.232033 0.236713 0.241541 0.246520 0.251652 0.256937 0.262372
0.088015 0.092906 0.097181 0.101226 0.105100 0.108815 0.112379 0.115807 0.119113 0.122311 0.125415 0.128437 0.131390 0.134285 0.137131 0.139940 0.142720 0.145479 0.148226 0.150968 0.153714 0.156469 0.159242 0.162038 0.164863 0.167725 0.170629 0.173582 0.176589 0.179655 0.182788 0.185992 0.189274 0.192639 0.196093 0.199642 0.203291 0.207047 0.210916 0.214902 0.219012 0.223251 0.227626 0.232140 0.236800 0.241609 0.246571 0.251689 0.256964 0.262395
0.086443 0.091687 0.096335 0.100607 0.104616 0.108420 0.112053 0.115540 0.118897 0.122142 0.125290 0.128353 0.131343 0.134272 0.137150 0.139987 0.142793 0.145575 0.148342 0.151102 0.153863 0.156631 0.159414 0.162218 0.165049 0.167914 0.170819 0.173770 0.176773 0.179834 0.182959 0.186153 0.189422 0.192773 0.196211 0.199741 0.203370 0.207104 0.210948 0.214908 0.218990 0.223201 0.227545 0.232029 0.236657 0.241435 0.246367 0.251456 0.256706 0.262117
0.086509 0.091180 0.095758 0.100075 0.104146 0.108010 0.111698 0.115235 0.118639 0.121928 0.125116 0.128216 0.131242 0.134203 0.137111 0.139974 0.142803 0.145606 0.148391 0.151167 0.153939 0.156717 0.159507 0.162314 0.165147 0.168011 0.170913 0.173858 0.176852 0.179902 0.183013 0.186191 0.189442 0.192772 0.196186 0.199691 0.203292 0.206996 0.210807 0.214733 0.218778 0.222950 0.227254 0.231696 0.236281 0.241015 0.245903 0.250950 0.256159 0.261533
0.085519 0.090759 0.095343 0.099632 0.103706 0.107596 0.111320 0.114896 0.118342 0.121671 0.124897 0.128034 0.131093 0.134084 0.137019 0.139907 0.142757 0.145578 0.148378 0.151165 0.153947 0.156730 0.159522 0.162330 0.165160 0.168018 0.170911 0.173844 0.176825 0.179858 0.182949 0.186105 0.189332 0.192634 0.196018 0.199490 0.203055 0.206720 0.210491 0.214372 0.218372 0.222495 0.226748 0.231137 0.235667 0.240345 0.245175 0.250164 0.255317 0.260635
0.086982 0.090792 0.094992 0.099174 0.103230 0.107136 0.110892 0.114507 0.117993 0.121363 0.124628 0.127800 0.130892 0.133913 0.136873 0.139783 0.142652 0.145487 0.148299 0.151094 0.153880 0.156665 0.159456 0.162259 0.165081 0.167928 0.170808 0.173724 0.176685 0.179696 0.182762 0.185889 0.189084 0.192352 0.195698 0.199130 0.202651 0.206270 0.209991 0.213820 0.217764 0.221828 0.226019 0.230344 0.234807 0.239416 0.244175 0.249092 0.254171 0.259417
0.084981 0.089652 0.094144 0.098447 0.102576 0.106543 0.110355 0.114025 0.117563 0.120980 0.124288 0.127499 0.130624 0.133675 0.136660 0.139590 0.142475 0.145323 0.148142 0.150942 0.153729 0.156512 0.159296 0.162090 0.164899 0.167731 0.170591 0.173486 0.176422 0.179404 0.182438 0.185531 0.188688 0.191914 0.195217 0.198600 0.202071 0.205635 0.209298 0.213065 0.216944 0.220940 0.225059 0.229308 0.233693 0.238219 0.242894 0.247724 0.252713 0.257869
0.082064 0.087946 0.092849 0.097374 0.101658 0.105745 0.109656 0.113408 0.117015 0.120492 0.123852 0.127106 0.130268 0.133348 0.136358 0.139307 0.142206 0.145063 0.147888 0.150689 0.153474 0.156250 0.159025 0.161805 0.164597 0.167409 0.170245 0.173113 0.176018 0.178967 0.181964 0.185017 0.188129 0.191309 0.194560 0.197889 0.201301 0.204803 0.208399 0.212097 0.215902 0.219820 0.223857 0.228019 0.232314 0.236746 0.241323 0.246051 0.250936 0.255984
0.082538 0.086564 0.091346 0.096037 0.100505 0.104747 0.108785 0.112640 0.116332 0.119878 0.123294 0.126595 0.129795 0.132906 0.135940 0.138907 0.141819 0.144684 0.147512 0.150311 0.153091 0.155857 0.158619 0.161382 0.164154 0.166942 0.169751 0.172587 0.175458 0.178368 0.181324 0.184330 0.187394 0.190520 0.193714 0.196982 0.200329 0.203762 0.207285 0.210904 0.214627 0.218457 0.222402 0.226468 0.230662 0.234988 0.239454 0.244067 0.248832 0.253756
0.076884 0.084046 0.089592 0.094579 0.099233 0.103621 0.107779 0.111734 0.115509 0.119124 0.122597 0.125945 0.129182 0.132323 0.135379 0.138363 0.141286 0.144158 0.146987 0.149784 0.152556 0.155311 0.158057 0.160802 0.163551 0.166311 0.169090 0.171892 0.174725 0.177593 0.180502 0.183459 0.186469 0.189537 0.192669 0.195870 0.199146 0.202502 0.205944 0.209479 0.213110 0.216845 0.220690 0.224649 0.228730 0.232939 0.237283 0.241766 0.246397 0.251182
0.079209 0.083173 0.088214 0.093196 0.097935 0.102419 0.106667 0.110703 0.114547 0.118221 0.121745 0.125135 0.128407 0.131575 0.134653 0.137654 0.140587 0.143464 0.146294 0.149087 0.151852 0.154595 0.157324 0.160048 0.162773 0.165505 0.168251 0.171016 0.173808 0.176631 0.179491 0.182395 0.185346 0.188352 0.191416 0.194545 0.197745 0.201019 0.204374 0.207816 0.211350 0.214981 0.218716 0.222560 0.226519 0.230600 0.234808 0.239151 0.243634 0.248265
0.072771 0.080666 0.086520 0.091722 0.096564 0.101125 0.105441 0.109537 0.113436 0.117159 0.120726 0.124153 0.127456 0.130651 0.133750 0.136766 0.139710 0.142593 0.145424 0.148214 0.150970 0.153701 0.156414 0.159117 0.161816 0.164518 0.167230 0.169957 0.172706 0.175481 0.178290 0.181136 0.184026 0.186965 0.189958 0.193010 0.196127 0.199314 0.202576 0.205919 0.209347 0.212867 0.216484 0.220204 0.224031 0.227974 0.232037 0.236226 0.240549 0.245011
0.076243 0.080033 0.085126 0.090225 0.095094 0.099705 0.104072 0.108218 0.112164 0.115930 0.119535 0.122997 0.126331 0.129552 0.132672 0.135704 0.138660 0.141550 0.144383 0.147170 0.149919 0.152638 0.155334 0.158015 0.160688 0.163360 0.166036 0.168723 0.171426 0.174152 0.176905 0.179692 0.182517 0.185385 0.188302 0.191273 0.194303 0.197397 0.200560 0.203797 0.207113 0.210514 0.214005 0.217592 0.221279 0.225073 0.228980 0.233005 0.237155 0.241435
0.070171 0.077385 0.083202 0.088498 0.093453 0.098125 0.102546 0.106741 0.110733 0.114543 0.118189 0.121687 0.125052 0.128300 0.131443 0.134492 0.137461 0.140358 0.143194 0.145979 0.148720 0.151426 0.154105 0.156764 0.159409 0.162048 0.164687 0.167331 0.169987 0.172660 0.175355 0.178078 0.180834 0.183628 0.186465 0.189350 0.192288 0.195283 0.198341 0.201466 0.204663 0.207938 0.211296 0.214741 0.218280 0.221916 0.225657 0.229507 0.233472 0.237558
0.069525 0.075511 0.081279 0.086650 0.091676 0.096410 0.100888 0.105137 0.109181 0.113038 0.116726 0.120263 0.123662 0.126937 0.130103 0.133170 0.136151 0.139055 0.141893 0.144673 0.147406 0.150098 0.152757 0.155391 0.158007 0.160612 0.163210 0.165809 0.168414 0.171031 0.173665 0.176320 0.179003 0.181718 0.184470 0.187264 0.190104 0.192994 0.195941 0.198948 0.202020 0.205162 0.208379 0.211675 0.215056 0.218526 0.222091 0.225755 0.229526 0.233407
0.067807 0.073844 0.079473 0.084802 0.089849 0.094630 0.099163 0.103469 0.107567 0.111474 0.115206 0.118781 0.122213 0.125516 0.128702 0.131785 0.134776 0.137684 0.140521 0.143295 0.146015 0.148690 0.151327 0.153933 0.156516 0.159082 0.161637 0.164187 0.166737 0.169294 0.171861 0.174445 0.177051 0.179682 0.182344 0.185041 0.187777 0.190558 0.193387 0.196270 0.199210 0.202212 0.205280 0.208420 0.211635 0.214930 0.218310 0.221781 0.225347 0.229013
0.066538 0.072072 0.077582 0.082909 0.087998 0.092837 0.097434 0.101800 0.105953 0.109909 0.113684 0.117295 0.120757 0.124083 0.127286 0.130381 0.133377 0.136285 0.139117 0.141880 0.144584 0.147238 0.149848 0.152423 0.154969 0.157492 0.159999 0.162495 0.164986 0.167478 0.169975 0.172483 0.175005 0.177547 0.180114 0.182709 0.185337 0.188002 0.190708 0.193460 0.196261 0.199116 0.202029 0.205005 0.208047 0.211160 0.214348 0.217616 0.220968 0.224410
0.063405 0.069512 0.075352 0.080878 0.086103 0.091046 0.095725 0.100160 0.104371 0.108375 0.112191 0.115834 0.119321 0.122666 0.125883 0.128984 0.131982 0.134886 0.137708 0.140457 0.143141 0.145769 0.148349 0.150887 0.153391 0.155868 0.158322 0.160761 0.163188 0.165611 0.168032 0.170459 0.172894 0.175342 0.177808 0.180296 0.182809 0.185353 0.187930 0.190545 0.193202 0.195905 0.198656 0.201462 0.204324 0.207248 0.210237 0.213295 0.216427 0.219636
0.059434 0.066675 0.072986 0.078776 0.084177 0.089247 0.094025 0.098538 0.102811 0.106866 0.110721 0.114397 0.117908 0.121271 0.124498 0.127605 0.130601 0.133499 0.136309 0.139040 0.141701 0.144300 0.146846 0.149345 0.151804 0.154230 0.156629 0.159005 0.161365 0.163714 0.166056 0.168397 0.170740 0.173089 0.175450 0.177826 0.180220 0.182637 0.185081 0.187554 0.190061 0.192606 0.195191 0.197820 0.200497 0.203226 0.206010 0.208853 0.211758 0.214730
0.058322 0.064538 0.070777 0.076686 0.082226 0.087420 0.092300 0.096897 0.101238 0.105349 0.109250 0.112961 0.116500 0.119883 0.123124 0.126236 0.129233 0.132124 0.134922 0.137635 0.140271 0.142841 0.145351 0.147808 0.150220 0.152593 0.154932 0.157244 0.159533 0.161805 0.164064 0.166315 0.168562 0.170809 0.173061 0.175320 0.177592 0.179878 0.182183 0.184511 0.186864 0.189246 0.191660 0.194109 0.196597 0.199127 0.201702 0.204326 0.207001 0.209731
0.054370 0.061806 0.068427 0.074534 0.080220 0.085534 0.090517 0.095202 0.099618 0.103793 0.107747 0.111503 0.115077 0.118487 0.121747 0.124870 0.127871 0.130759 0.133546 0.136242 0.138855 0.141395 0.143869 0.146284 0.148647 0.150965 0.153243 0.155487 0.157703 0.159895 0.162069 0.164227 0.166376 0.168518 0.170657 0.172797 0.174942 0.177095 0.179259 0.181438 0.183634 0.185851 0.188091 0.190358 0.192654 0.194983 0.197347 0.199749 0.202192 0.204679
0.052126 0.059433 0.066158 0.072380 0.078172 0.083588 0.088668 0.093443 0.097942 0.102190 0.106208 0.110018 0.113636 0.117081 0.120366 0.123507 0.126516 0.129404 0.132184 0.134864 0.137456 0.139966 0.142403 0.144775 0.147089 0.149351 0.151567 0.153743 0.155884 0.157995 0.160081 0.162145 0.164193 0.166227 0.168253 0.170272 0.172289 0.174307 0.176328 0.178356 0.180394 0.182444 0.184510 0.186593 0.188697 0.190824 0.192977 0.195158 0.197369 0.199615
0.050893 0.057488 0.064012 0.070226 0.076083 0.081591 0.086770 0.091643 0.096234 0.100564 0.104655 0.108527 0.112196 0.115681 0.118997 0.122158 0.125177 0.128068 0.130842 0.133508 0.136077 0.138558 0.140959 0.143288 0.145552 0.147757 0.149910 0.152017 0.154082 0.156111 0.158108 0.160077 0.162024 0.163950 0.165861 0.167759 0.169647 0.171529 0.173408 0.175286 0.177166 0.179050 0.180942 0.182843 0.184756 0.186683 0.188627 0.190589 0.192572 0.194579
0.046737 0.054565 0.061484 0.067897 0.073908 0.079555 0.084862 0.089852 0.094546 0.098966 0.103134 0.107070 0.110791 0.114316 0.117661 0.120842 0.123871 0.126763 0.129529 0.132180 0.134727 0.137177 0.139541 0.141826 0.144039 0.146187 0.148277 0.150314 0.152303 0.154249 0.156158 0.158033 0.159878 0.161697 0.163494 0.165271 0.167033 0.168781 0.170518 0.172248 0.173972 0.175694 0.177415 0.179137 0.180862 0.182594 0.184333 0.186082 0.187842 0.189617
0.044889 0.051906 0.058890 0.065517 0.071739 0.077567 0.083026 0.088143 0.092943 0.097451 0.101691 0.105685 0.109452 0.113011 0.116380 0.119575 0.122610 0.125499 0.128254 0.130887 0.133408 0.135827 0.138152 0.140392 0.142554 0.144645 0.146671 0.148639 0.150553 0.152418 0.154239 0.156021 0.157767 0.159481 0.161166 0.162826 0.164463 0.166080 0.167681 0.169266 0.170839 0.172402 0.173957 0.175506 0.177051 0.178593 0.180135 0.181678 0.183224 0.184775
0.040544 0.048826 0.056340 0.063286 0.069739 0.075746 0.081346 0.086576 0.091467 0.096049 0.100347 0.104386 0.108188 0.111772 0.115157 0.118359 0.121394 0.124276 0.127017 0.129629 0.132123 0.134509 0.136795 0.138990 0.141101 0.143136 0.145100 0.147000 0.148840 0.150627 0.152364 0.154056 0.155706 0.157318 0.158896 0.160442 0.161960 0.163452 0.164920 0.166368 0.167796 0.169207 0.170604 0.171987 0.173359 0.174722 0.176076 0.177424 0.178767 0.180106
0.038051 0.046498 0.054248 0.061389 0.067998 0.074130 0.079832 0.085145 0.090104 0.094740 0.099082 0.103155 0.106981 0.110582 0.113977 0.117182 0.120214 0.123086 0.125812 0.128402 0.130869 0.133222 0.135471 0.137622 0.139685 0.141666 0.143571 0.145407 0.147178 0.148890 0.150547 0.152154 0.153713 0.155230 0.156706 0.158145 0.159550 0.160924 0.162268 0.163585 0.164877 0.166146 0.167394 0.168623 0.169833 0.171027 0.172206 0.173372 0.174525 0.175667
0.036269 0.044696 0.052493 0.059716 0.066411 0.072623 0.078397 0.083772 0.088784 0.093465 0.097844 0.101947 0.105796 0.109413 0.112818 0.116027 0.119056 0.121921 0.124633 0.127206 0.129649 0.131973 0.134187 0.136300 0.138318 0.140250 0.142101 0.143878 0.145586 0.147229 0.148812 0.150340 0.151816 0.153243 0.154626 0.155966 0.157267 0.158532 0.159761 0.160958 0.162125 0.163263 0.164374 0.165460 0.166522 0.167562 0.168580 0.169579 0.170559 0.171522
0.034411 0.042794 0.050683 0.058006 0.064791 0.071084 0.076931 0.082371 0.087441 0.092172 0.096593 0.100731 0.104609 0.108249 0.111669 0.114888 0.117922 0.120784 0.123489 0.126049 0.128474 0.130775 0.132961 0.135041 0.137022 0.138911 0.140715 0.142439 0.144090 0.145671 0.147189 0.148646 0.150047 0.151395 0.152693 0.153944 0.155152 0.156317 0.157444 0.158533 0.159587 0.160607 0.161596 0.162554 0.163483 0.164384 0.165259 0.166109 0.166935 0.167738
0.031368 0.040546 0.048721 0.056192 0.063089 0.069479 0.075412 0.080930 0.086069 0.090861 0.095336 0.099519 0.103436 0.107107 0.110552 0.113789 0.116834 0.119702 0.122407 0.124961 0.127375 0.129660 0.131825 0.133878 0.135828 0.137681 0.139445 0.141125 0.142727 0.144256 0.145717 0.147113 0.148448 0.149726 0.150951 0.152125 0.153251 0.154331 0.155367 0.156362 0.157318 0.158236 0.159118 0.159965 0.160779 0.161561 0.162312 0.163034 0.163727 0.164392
0.030351 0.038933 0.046976 0.054475 0.061446 0.067921 0.073939 0.079536 0.084748 0.089606 0.094140 0.098376 0.102337 0.106045 0.109520 0.112781 0.115843 0.118723 0.121433 0.123987 0.126396 0.128670 0.130820 0.132854 0.134780 0.136605 0.138337 0.139981 0.141543 0.143028 0.144441 0.145786 0.147067 0.148288 0.149451 0.150560 0.151617 0.152626 0.153587 0.154504 0.155378 0.156211 0.157004 0.157760 0.158478 0.159162 0.159811 0.160427 0.161011 0.161565
0.029049 0.037404 0.045464 0.053011 0.060038 0.066576 0.072659 0.078324 0.083600 0.088520 0.093109 0.097393 0.101397 0.105142 0.108647 0.111932 0.115013 0.117906 0.120624 0.123181 0.125588 0.127857 0.129997 0.132017 0.133925 0.135730 0.137437 0.139053 0.140585 0.142036 0.143412 0.144718 0.145956 0.147132 0.148247 0.149306 0.150310 0.151263 0.152166 0.153022 0.153832 0.154600 0.155325 0.156009 0.156655 0.157263 0.157834 0.158370 0.158872 0.159340
0.026860 0.036049 0.044275 0.051874 0.058946 0.065534 0.071674 0.077394 0.082725 0.087695 0.092330 0.096655 0.100694 0.104469 0.108000 0.111305 0.114402 0.117306 0.120032 0.122593 0.125001 0.127268 0.129402 0.131414 0.133311 0.135102 0.136793 0.138391 0.139902 0.141330 0.142681 0.143960 0.145169 0.146314 0.147396 0.148420 0.149388 0.150303 0.151167 0.151981 0.152749 0.153472 0.154151 0.154789 0.155385 0.155943 0.156463 0.156946 0.157394 0.157807
0.026243 0.035024 0.043266 0.050956 0.058120 0.064791 0.071000 0.076780 0.082161 0.087173 0.091845 0.096201 0.100266 0.104064 0.107613 0.110935 0.114045 0.116959 0.119694 0.122260 0.124672 0.126940 0.129075 0.131085 0.132979 0.134764 0.136449 0.138039 0.139541 0.140959 0.142299 0.143564 0.144760 0.145890 0.146957 0.147964 0.148915 0.149811 0.150656 0.151451 0.152198 0.152900 0.153558 0.154174 0.154749 0.155284 0.155782 0.156242 0.156667 0.157057
0.024918 0.033880 0.042344 0.050226 0.057539 0.064320 0.070611 0.076452 0.081881 0.086931 0.091633 0.096015 0.100103 0.103920 0.107487 0.110824 0.113948 0.116876 0.119622 0.122200 0.124622 0.126899 0.129041 0.131059 0.132960 0.134752 0.136443 0.138039 0.139545 0.140968 0.142312 0.143582 0.144781 0.145915 0.146985 0.147996 0.148951 0.149851 0.150700 0.151499 0.152251 0.152959 0.153622 0.154244 0.154826 0.155370 0.155876 0.156346 0.156781 0.157183
0.023455 0.032986 0.041725 0.049777 0.057209 0.064079 0.070438 0.076334 0.081807 0.086894 0.091629 0.096041 0.100156 0.103998 0.107590 0.110950 0.114098 0.117048 0.119816 0.122416 0.124859 0.127158 0.129322 0.131361 0.133284 0.135098 0.136810 0.138428 0.139957 0.141402 0.142769 0.144062 0.145286 0.146444 0.147540 0.148578 0.149559 0.150488 0.151366 0.152196 0.152981 0.153721 0.154420 0.155078 0.155699 0.156282 0.156830 0.157345 0.157827 0.158278
0.022797 0.032501 0.041371 0.049513 0.057015 0.063945 0.070361 0.076309 0.081833 0.086970 0.091752 0.096209 0.100368 0.104253 0.107886 0.111288 0.114476 0.117466 0.120274 0.122913 0.125396 0.127734 0.129938 0.132017 0.133979 0.135834 0.137588 0.139247 0.140818 0.142307 0.143719 0.145058 0.146328 0.147535 0.148681 0.149769 0.150804 0.151788 0.152723 0.153612 0.154458 0.155262 0.156027 0.156754 0.157446 0.158104 0.158730 0.159326 0.159892 0.160432
0.022087 0.032042 0.041003 0.049206 0.056770 0.063768 0.070257 0.076282 0.081882 0.087095 0.091951 0.096481 0.100711 0.104665 0.108366 0.111833 0.115085 0.118139 0.121009 0.123710 0.126255 0.128654 0.130919 0.133059 0.135084 0.137001 0.138818 0.140542 0.142178 0.143734 0.145214 0.146622 0.147965 0.149245 0.150466 0.151633 0.152749 0.153816 0.154837 0.155815 0.156753 0.157653 0.158517 0.159348 0.160146 0.160916 0.161657 0.162372 0.163063 0.163731
0.022689 0.031818 0.040563 0.048764 0.056403 0.063504 0.070106 0.076245 0.081959 0.087283 0.092248 0.096882 0.101213 0.105266 0.109062 0.112621 0.115964 0.119106 0.122063 0.124850 0.127479 0.129963 0.132312 0.134537 0.136646 0.138649 0.140552 0.142364 0.144089 0.145736 0.147309 0.148813 0.150253 0.151633 0.152958 0.154231 0.155455 0.156635 0.157773 0.158872 0.159934 0.160963 0.161961 0.162930 0.163872 0.164789 0.165685 0.166559 0.167416 0.168256
0.021134 0.030833 0.039830 0.048206 0.056006 0.063265 0.070022 0.076312 0.082172 0.087637 0.092737 0.097503 0.101961 0.106136 0.110050 0.113726 0.117181 0.120434 0.123500 0.126394 0.129130 0.131720 0.134175 0.136506 0.138723 0.140833 0.142846 0.144769 0.146608 0.148370 0.150060 0.151685 0.153248 0.154756 0.156211 0.157619 0.158982 0.160305 0.161590 0.162842 0.164062 0.165254 0.166420 0.167563 0.168686 0.169791 0.170879 0.171955 0.173019 0.174075
0.020087 0.029982 0.039221 0.047825 0.055828 0.063274 0.070206 0.076664 0.082686 0.088306 0.093557 0.098469 0.103068 0.107381 0.111430 0.115237 0.118822 0.122202 0.125394 0.128414 0.131275 0.133989 0.136570 0.139027 0.141371 0.143611 0.145754 0.147810 0.149785 0.151685 0.153518 0.155288 0.157001 0.158662 0.160276 0.161846 0.163378 0.164873 0.166338 0.167774 0.169185 0.170574 0.171944 0.173299 0.174640 0.175971 0.177294 0.178612 0.179927 0.181242
0.018938 0.029462 0.039061 0.047905 0.056104 0.063730 0.070833 0.077458 0.083642 0.089421 0.094826 0.099889 0.104637 0.109095 0.113288 0.117236 0.120961 0.124481 0.127812 0.130970 0.133970 0.136825 0.139548 0.142148 0.144638 0.147025 0.149320 0.151529 0.153661 0.155723 0.157721 0.159661 0.161549 0.163390 0.165188 0.166949 0.168677 0.170376 0.172050 0.173703 0.175338 0.176959 0.178568 0.180171 0.181768 0.183364 0.184962 0.186564 0.188174 0.189795
0.020015 0.030120 0.039633 0.048558 0.056900 0.064688 0.071959 0.078750 0.085097 0.091036 0.096598 0.101816 0.106715 0.111324 0.115666 0.119763 0.123636 0.127304 0.130785 0.134094 0.137247 0.140256 0.143135 0.145896 0.148547 0.151101 0.153565 0.155949 0.158259 0.160504 0.162690 0.164823 0.166910 0.168955 0.170965 0.172944 0.174897 0.176829 0.178743 0.180644 0.182536 0.184422 0.186306 0.188192 0.190084 0.191985 0.193898 0.195827 0.197774 0.199745
0.020185 0.030518 0.040315 0.049483 0.058045 0.066039 0.073504 0.080480 0.087004 0.093114 0.098842 0.104222 0.109281 0.114049 0.118549 0.122804 0.126836 0.130665 0.134307 0.137781 0.141100 0.144279 0.147330 0.150266 0.153098 0.155836 0.158489 0.161066 0.163575 0.166024 0.168420 0.170770 0.173079 0.175355 0.177602 0.179826 0.182032 0.184225 0.186409 0.188589 0.190769 0.192954 0.195148 0.197354 0.199577 0.201821 0.204089 0.206386 0.208715 0.211081
0.019370 0.030687 0.040974 0.050506 0.059372 0.067630 0.075330 0.082521 0.089247 0.095547 0.101460 0.107019 0.112255 0.117198 0.121872 0.126301 0.130509 0.134514 0.138335 0.141989 0.145491 0.148857 0.152099 0.155229 0.158260 0.161201 0.164062 0.166853 0.169582 0.172256 0.174885 0.177474 0.180030 0.182560 0.185070 0.187565 0.190051 0.192533 0.195016 0.197505 0.200006 0.202522 0.205059 0.207620 0.210211 0.212835 0.215498 0.218204 0.220957 0.223761
0.019669 0.031021 0.041694 0.051600 0.060793 0.069339 0.077300 0.084733 0.091686 0.098204 0.104327 0.110092 0.115530 0.120671 0.125543 0.130170 0.134575 0.138778 0.142798 0.146654 0.150360 0.153933 0.157385 0.160730 0.163979 0.167144 0.170234 0.173259 0.176229 0.179151 0.182034 0.184884 0.187711 0.190519 0.193315 0.196107 0.198899 0.201697 0.204507 0.207335 0.210186 0.213064 0.215976 0.218926 0.221919 0.224961 0.228056 0.231210 0.234428 0.237715
0.019689 0.031548 0.042544 0.052753 0.062238 0.071065 0.079299 0.086994 0.094203 0.100970 0.107335 0.113337 0.119007 0.124378 0.129476 0.134327 0.138955 0.143381 0.147625 0.151704 0.155637 0.159438 0.163122 0.166701 0.170190 0.173598 0.176937 0.180217 0.183448 0.186638 0.189797 0.192931 0.196049 0.199157 0.202264 0.205375 0.208498 0.211638 0.214802 0.217995 0.221224 0.224494 0.227811 0.231181 0.234610 0.238104 0.241668 0.245308 0.249030 0.252840
0.019334 0.031895 0.043296 0.053817 0.063597 0.072720 0.081250 0.089239 0.096737 0.103786 0.110427 0.116697 0.122631 0.128259 0.133611 0.138712 0.143588 0.148260 0.152749 0.157074 0.161253 0.165302 0.169237 0.173070 0.176816 0.180487 0.184094 0.187648 0.191158 0.194636 0.198088 0.201525 0.204955 0.208385 0.211822 0.215275 0.218751 0.222255 0.225796 0.229379 0.233012 0.236700 0.240451 0.244271 0.248166 0.252142 0.256208 0.260368 0.264631 0.269003
0.020505 0.032517 0.043967 0.054744 0.064846 0.074306 0.083172 0.091490 0.099307 0.106666 0.113609 0.120172 0.126390 0.132297 0.137922 0.143292 0.148433 0.153368 0.158119 0.162706 0.167147 0.171460 0.175660 0.179763 0.183782 0.187730 0.191620 0.195462 0.199268 0.203048 0.206811 0.210567 0.214325 0.218093 0.221880 0.225693 0.229540 0.233429 0.237367 0.241362 0.245421 0.249551 0.253759 0.258054 0.262441 0.266929 0.271525 0.276237 0.281073 0.286040
0.019376 0.032339 0.044372 0.055606 0.066116 0.075958 0.085186 0.093850 0.102000 0.109679 0.116931 0.123794 0.130305 0.136498 0.142403 0.148049 0.153463 0.158670 0.163691 0.168548 0.173260 0.177845 0.182321 0.186702 0.191004 0.195239 0.199422 0.203564 0.207677 0.211771 0.215856 0.219944 0.224043 0.228163 0.232313 0.236500 0.240734 0.245023 0.249376 0.253799 0.258302 0.262893 0.267579 0.272369 0.277271 0.282293 0.287445 0.292734 0.298170 0.303762
0.019793 0.032775 0.045141 0.056764 0.067654 0.077859 0.087433 0.096429 0.104897 0.112885 0.120435 0.127590 0.134386 0.140859 0.147040 0.152959 0.158644 0.164121 0.169412 0.174540 0.179525 0.184385 0.189139 0.193803 0.198392 0.202921 0.207402 0.211850 0.216275 0.220690 0.225106 0.229534 0.233983 0.238463 0.242985 0.247557 0.252188 0.256889 0.261667 0.266532 0.271492 0.276557 0.281735 0.287037 0.292470 0.298044 0.303770 0.309656 0.315713 0.321952
0.019122 0.033291 0.046244 0.058276 0.069519 0.080052 0.089940 0.099238 0.108000 0.116274 0.124104 0.131533 0.138599 0.145338 0.151784 0.157967 0.163915 0.169655 0.175211 0.180606 0.185860 0.190994 0.196025 0.200971 0.205847 0.210669 0.215450 0.220205 0.224946 0.229685 0.234434 0.239205 0.244007 0.248852 0.253751 0.258712 0.263747 0.268865 0.274075 0.279388 0.284813 0.290360 0.296040 0.301862 0.307836 0.313973 0.320283 0.326779 0.333470 0.340369
0.020373 0.034436 0.047628 0.059978 0.071545 0.082391 0.092579 0.102165 0.111205 0.119748 0.127842 0.135531 0.142853 0.149846 0.156546 0.162982 0.169184 0.175180 0.180993 0.186649 0.192167 0.197569 0.202873 0.208097 0.213258 0.218370 0.223449 0.228509 0.233563 0.238625 0.243706 0.248818 0.253974 0.259183 0.264458 0.269809 0.275247 0.280782 0.286426 0.292188 0.298079 0.304110 0.310292 0.316637 0.323154 0.329857 0.336756 0.343864 0.351193 0.358755
0.020750 0.035211 0.048811 0.061551 0.073477 0.084656 0.095151 0.105028 0.114344 0.123153 0.131506 0.139447 0.147019 0.154260 0.161206 0.167889 0.174339 0.180583 0.186649 0.192559 0.198336 0.204000 0.209572 0.215068 0.220507 0.225904 0.231275 0.236635 0.241998 0.247376 0.252784 0.258233 0.263735 0.269304 0.274950 0.280685 0.286521 0.292468 0.298539 0.304744 0.311096 0.317606 0.324286 0.331147 0.338202 0.345464 0.352945 0.360658 0.368617 0.376833
0.020438 0.035539 0.049674 0.062854 0.075163 0.086684 0.097496 0.107667 0.117263 0.126340 0.134953 0.143147 0.150968 0.158455 0.165645 0.172572 0.179265 0.185755 0.192067 0.198226 0.204255 0.210175 0.216007 0.221769 0.227478 0.233152 0.238807 0.244458 0.250119 0.255805 0.261530 0.267305 0.273145 0.279062 0.285069 0.291177 0.297399 0.303747 0.310234 0.316870 0.323670 0.330645 0.337809 0.345173 0.352751 0.360556 0.368603 0.376903 0.385469 0.394310
0.019459 0.035669 0.050342 0.063925 0.076586 0.088431 0.099546 0.110005 0.119877 0.129221 0.138092 0.146540 0.154609 0.162341 0.169772 0.176939 0.183872 0.190601 0.197153 0.203554 0.209827 0.215994 0.222076 0.228092 0.234061 0.240001 0.245927 0.251856 0.257803 0.263783 0.269809 0.275897 0.282059 0.288309 0.294659 0.301124 0.307715 0.314446 0.321329 0.328379 0.335606 0.343026 0.350651 0.358496 0.366572 0.374895 0.383479 0.392333 0.401464 0.410865
0.020893 0.036323 0.051084 0.064907 0.077832 0.089945 0.101326 0.112049 0.122180 0.131779 0.140900 0.149593 0.157903 0.165872 0.173537 0.180935 0.188098 0.195056 0.201837 0.208467 0.214971 0.221371 0.227689 0.233945 0.240158 0.246346 0.252527 0.258716 0.264931 0.271185 0.277495 0.283875 0.290338 0.296899 0.303572 0.310370 0.317307 0.324396 0.331651 0.339086 0.346715 0.354551 0.362608 0.370900 0.379442 0.388246 0.397324 0.406678 0.416290 0.426109
0.020650 0.036967 0.051913 0.065875 0.078979 0.091299 0.102906 0.113861 0.124226 0.134058 0.143408 0.152327 0.160859 0.169046 0.176927 0.184538 0.191912 0.199079 0.206070 0.212910 0.219625 0.226238 0.232771 0.239245 0.245680 0.252095 0.258507 0.264934 0.271392 0.277898 0.284466 0.291111 0.297850 0.304695 0.311662 0.318765 0.326018 0.333435 0.341031 0.348819 0.356814 0.365030 0.373481 0.382181 0.391144 0.400381 0.409890 0.419638 0.429546 0.439479
0.022258 0.037767 0.052663 0.066752 0.080033 0.092550 0.104358 0.115518 0.126087 0.136119 0.145667 0.154780 0.163502 0.171877 0.179943 0.187737 0.195292 0.202641 0.209813 0.216835 0.223733 0.230531 0.237252 0.243917 0.250546 0.257159 0.263775 0.270411 0.277083 0.283810 0.290606 0.297487 0.304469 0.311567 0.318795 0.326169 0.333703 0.341411 0.349309 0.357411 0.365731 0.374284 0.383084 0.392144 0.401476 0.411076 0.420897 0.430808 0.440631 0.450223
0.021095 0.037726 0.053127 0.067524 0.081039 0.093755 0.105747 0.117079 0.127812 0.138003 0.147705 0.156968 0.165839 0.174359 0.182570 0.190508 0.198207 0.205701 0.213018 0.220187 0.227234 0.234184 0.241059 0.247881 0.254672 0.261452 0.268238 0.275049 0.281903 0.288817 0.295806 0.302888 0.310078 0.317391 0.324843 0.332449 0.340224 0.348183 0.356341 0.364712 0.373311 0.382153 0.391250 0.400615 0.410246 0.420080 0.429943 0.439601 0.449059 0.458293
0.021866 0.038349 0.053858 0.068419 0.082096 0.094961 0.107086 0.118540 0.129386 0.139684 0.149490 0.158854 0.167824 0.176444 0.184755 0.192794 0.200596 0.208194 0.215618 0.222896 0.230055 0.237119 0.244112 0.251057 0.257973 0.264883 0.271803 0.278754 0.285753 0.292817 0.299963 0.307207 0.314566 0.322055 0.329690 0.337486 0.345459 0.353623 0.361994 0.370587 0.379414 0.388491 0.397830 0.407435 0.417242 0.427013 0.436570 0.445920 0.455035 0.463896
0.022248 0.038992 0.054660 0.069347 0.083129 0.096081 0.108280 0.119798 0.130702 0.141056 0.150915 0.160333 0.169358 0.178034 0.186403 0.194502 0.202367 0.210030 0.217522 0.224872 0.232106 0.239248 0.246323 0.253353 0.260360 0.267363 0.274382 0.281435 0.288541 0.295717 0.302980 0.310347 0.317834 0.325457 0.333232 0.341175 0.349300 0.357623 0.366158 0.374921 0.383924 0.393181 0.402703 0.412447 0.422144 0.431633 0.440906 0.449943 0.458721 0.467212
0.022388 0.039411 0.055283 0.070081 0.083922 0.096908 0.109129 0.120663 0.131582 0.141950 0.151824 0.161258 0.170302 0.178999 0.187391 0.195516 0.203410 0.211105 0.218633 0.226020 0.233295 0.240482 0.247605 0.254687 0.261748 0.268809 0.275890 0.283010 0.290186 0.297436 0.304777 0.312227 0.319801 0.327516 0.335387 0.343431 0.351662 0.360095 0.368745 0.377627 0.386752 0.396133 0.405766 0.415417 0.424864 0.434094 0.443088 0.451822 0.460271 0.468405
0.022686 0.039811 0.055655 0.070422 0.084241 0.097210 0.109416 0.120937 0.131843 0.142199 0.152063 0.161488 0.170525 0.179217 0.187606 0.195731 0.203627 0.211327 0.218861 0.226258 0.233544 0.240746 0.247885 0.254986 0.262070 0.269156 0.276265 0.283415 0.290624 0.297911 0.305293 0.312786 0.320407 0.328171 0.336096 0.344196 0.352486 0.360982 0.369698 0.378647 0.387841 0.397290 0.406894 0.416322 0.425537 0.434519 0.443247 0.451695 0.459833 0.467629
0.023026 0.039769 0.055454 0.070145 0.083915 0.096845 0.109017 0.120505 0.131380 0.141706 0.151541 0.160940 0.169950 0.178617 0.186982 0.195084 0.202959 0.210638 0.218154 0.225533 0.232804 0.239991 0.247119 0.254209 0.261284 0.268363 0.275467 0.282614 0.289822 0.297110 0.304495 0.311992 0.319620 0.327394 0.335330 0.343443 0.351748 0.360260 0.368993 0.377959 0.387171 0.396631 0.406063 0.415286 0.424284 0.433034 0.441514 0.449696 0.457548 0.465035
0.022094 0.038957 0.054658 0.069302 0.083005 0.095866 0.107972 0.119399 0.130217 0.140488 0.150271 0.159618 0.168579 0.177197 0.185515 0.193570 0.201398 0.209032 0.216503 0.223839 0.231067 0.238212 0.245299 0.252349 0.259385 0.266426 0.273493 0.280604 0.287777 0.295031 0.302383 0.309849 0.317446 0.325189 0.333096 0.341180 0.349457 0.357941 0.366645 0.375582 0.384762 0.394147 0.403397 0.412430 0.421227 0.429765 0.438020 0.445962 0.453558 0.460769
0.022288 0.038564 0.053874 0.068255 0.081766 0.094474 0.106452 0.117765 0.128480 0.138656 0.148349 0.157610 0.166487 0.175024 0.183262 0.191240 0.198992 0.206551 0.213948 0.221211 0.228367 0.235441 0.242457 0.249438 0.256404 0.263376 0.270374 0.277417 0.284523 0.291709 0.298994 0.306392 0.313922 0.321599 0.329438 0.337454 0.345662 0.354077 0.362710 0.371574 0.380679 0.389940 0.399024 0.407883 0.416499 0.424848 0.432904 0.440636 0.448010 0.454984
0.021946 0.037985 0.053001 0.067101 0.080364 0.092855 0.104640 0.115778 0.126332 0.136358 0.145909 0.155036 0.163785 0.172199 0.180319 0.188182 0.195822 0.203273 0.210562 0.217720 0.224773 0.231744 0.238659 0.245538 0.252405 0.259277 0.266176 0.273120 0.280127 0.287214 0.294399 0.301697 0.309126 0.316701 0.324438 0.332350 0.340453 0.348761 0.357285 0.366037 0.375026 0.384151 0.393085 0.401791 0.410248 0.418433 0.426318 0.433872 0.441060 0.447840
0.021559 0.037341 0.052084 0.065913 0.078906 0.091134 0.102667 0.113568 0.123898 0.133713 0.143067 0.152007 0.160579 0.168824 0.176783 0.184491 0.191981 0.199286 0.206434 0.213454 0.220370 0.227208 0.233991 0.240741 0.247478 0.254222 0.260993 0.267808 0.274687 0.281646 0.288702 0.295871 0.303169 0.310612 0.318215 0.325992 0.333958 0.342125 0.350507 0.359113 0.367954 0.376942 0.385745 0.394318 0.402640 0.410687 0.418431 0.425841 0.432882 0.439510
0.021888 0.036993 0.051342 0.064815 0.077462 0.089357 0.100572 0.111174 0.121223 0.130775 0.139880 0.148586 0.156937 0.164973 0.172731 0.180247 0.187553 0.194679 0.201654 0.208505 0.215257 0.221934 0.228558 0.235150 0.241732 0.248322 0.254940 0.261603 0.268329 0.275134 0.282036 0.289050 0.296193 0.303478 0.310922 0.318537 0.326339 0.334340 0.342553 0.350986 0.359651 0.368498 0.377191 0.385653 0.393864 0.401801 0.409435 0.416736 0.423667 0.430186
0.021495 0.036757 0.050707 0.063723 0.075938 0.087435 0.098283 0.108543 0.118274 0.127527 0.136351 0.144792 0.152891 0.160687 0.168217 0.175513 0.182608 0.189531 0.196309 0.202968 0.209533 0.216026 0.222470 0.228885 0.235292 0.241708 0.248154 0.254645 0.261199 0.267833 0.274563 0.281403 0.288371 0.295480 0.302745 0.310180 0.317799 0.325614 0.333637 0.341878 0.350346 0.359035 0.367638 0.376013 0.384139 0.391993 0.399548 0.406773 0.413632 0.420083
0.022602 0.036506 0.049788 0.062306 0.074086 0.085186 0.095664 0.105578 0.114983 0.123927 0.132459 0.140622 0.148456 0.155998 0.163285 0.170347 0.177216 0.183921 0.190487 0.196941 0.203305 0.209602 0.215854 0.222079 0.228299 0.234530 0.240792 0.247100 0.253471 0.259922 0.266468 0.273125 0.279906 0.286828 0.293903 0.301146 0.308569 0.316186 0.324008 0.332045 0.340306 0.348796 0.357331 0.365644 0.373711 0.381511 0.389017 0.396198 0.403020 0.409442
0.021268 0.035199 0.048191 0.060354 0.071771 0.082516 0.092652 0.102238 0.111328 0.119971 0.128213 0.136099 0.143666 0.150953 0.157993 0.164819 0.171459 0.177942 0.184294 0.190539 0.196699 0.202797 0.208853 0.214886 0.220916 0.226960 0.233034 0.239157 0.245343 0.251608 0.257968 0.264437 0.271030 0.277761 0.284643 0.291691 0.298916 0.306332 0.313949 0.321778 0.329828 0.338105 0.346549 0.354824 0.362859 0.370633 0.378118 0.385287 0.392103 0.398530
0.019884 0.033650 0.046290 0.058081 0.069136 0.079532 0.089332 0.098595 0.107375 0.115720 0.123679 0.131292 0.138599 0.145636 0.152436 0.159031 0.165449 0.171718 0.177861 0.183904 0.189868 0.195773 0.201640 0.207488 0.213335 0.219197 0.225091 0.231034 0.237041 0.243127 0.249306 0.255593 0.262003 0.268548 0.275243 0.282100 0.289132 0.296352 0.303769 0.311396 0.319240 0.327308 0.335598 0.343862 0.351891 0.359664 0.367157 0.374340 0.381181 0.387641
0.020322 0.032618 0.044534 0.055812 0.066431 0.076433 0.085869 0.094792 0.103253 0.111300 0.118977 0.126324 0.133380 0.140178 0.146752 0.153131 0.159342 0.165411 0.171362 0.177218 0.183001 0.188730 0.194424 0.200101 0.205779 0.211475 0.217203 0.222981 0.228822 0.234742 0.240754 0.246873 0.253112 0.259485 0.266005 0.272684 0.279536 0.286571 0.293802 0.301238 0.308888 0.316760 0.324858 0.333096 0.341142 0.348939 0.356462 0.363684 0.370572 0.377091
0.018863 0.031314 0.042834 0.053629 0.063783 0.073356 0.082401 0.090969 0.099107 0.106857 0.114261 0.121357 0.128178 0.134758 0.141126 0.147310 0.153337 0.159230 0.165012 0.170705 0.176330 0.181904 0.187448 0.192976 0.198508 0.204058 0.209641 0.215274 0.220970 0.226743 0.232608 0.238578 0.244666 0.250885 0.257249 0.263769 0.270459 0.277329 0.284391 0.291655 0.299131 0.306826 0.314745 0.322880 0.330967 0.338808 0.346381 0.353660 0.360614 0.367207
0.018421 0.030234 0.041217 0.051506 0.061194 0.070345 0.079013 0.087243 0.095077 0.102556 0.109714 0.116585 0.123202 0.129593 0.135785 0.141806 0.147678 0.153425 0.159068 0.164627 0.170121 0.175569 0.180988 0.186395 0.191805 0.197235 0.202698 0.208210 0.213785 0.219436 0.225177 0.231021 0.236982 0.243071 0.249302 0.255687 0.262237 0.268966 0.275883 0.282999 0.290324 0.297866 0.305630 0.313618 0.321729 0.329629 0.337266 0.344614 0.351644 0.358321
0.018447 0.029270 0.039601 0.049391 0.058660 0.067449 0.075799 0.083748 0.091334 0.098591 0.105551 0.112244 0.118698 0.124941 0.130997 0.136890 0.142644 0.148278 0.153813 0.159269 0.164664 0.170015 0.175339 0.180651 0.185968 0.191305 0.196675 0.202093 0.207572 0.213127 0.218770 0.224514 0.230372 0.236357 0.242481 0.248756 0.255195 0.261808 0.268607 0.275603 0.282804 0.290220 0.297857 0.305718 0.313787 0.321754 0.329461 0.336882 0.343989 0.350750
0.017419 0.027943 0.037895 0.047335 0.056301 0.064828 0.072951 0.080703 0.088114 0.095216 0.102038 0.108606 0.114948 0.121088 0.127049 0.132854 0.138524 0.144080 0.149541 0.154925 0.160249 0.165532 0.170788 0.176034 0.181284 0.186554 0.191856 0.197206 0.202616 0.208100 0.213671 0.219342 0.225124 0.231031 0.237076 0.243269 0.249623 0.256149 0.262859 0.269763 0.276871 0.284192 0.291732 0.299495 0.307481 0.315509 0.323282 0.330771 0.337948 0.344783
0.016499 0.026711 0.036402 0.045623 0.054406 0.062779 0.070769 0.078405 0.085715 0.092728 0.099468 0.105964 0.112239 0.118317 0.124222 0.129974 0.135594 0.141102 0.146517 0.151857 0.157138 0.162378 0.167592 0.172796 0.178004 0.183231 0.188491 0.193797 0.199162 0.204600 0.210124 0.215746 0.221479 0.227335 0.233326 0.239465 0.245763 0.252232 0.258882 0.265725 0.272770 0.280027 0.287501 0.295198 0.303119 0.311171 0.318996 0.326538 0.333769 0.340660
0.015983 0.025954 0.035506 0.044628 0.053332 0.061639 0.069572 0.077159 0.084426 0.091399 0.098105 0.104568 0.110814 0.116865 0.122744 0.128471 0.134069 0.139555 0.144948 0.150267 0.155529 0.160748 0.165943 0.171126 0.176314 0.181521 0.186759 0.192044 0.197388 0.202804 0.208304 0.213903 0.219611 0.225442 0.231407 0.237518 0.243788 0.250228 0.256849 0.263661 0.270675 0.277899 0.285340 0.293004 0.300892 0.308946 0.316801 0.324372 0.331633 0.338553
