0.092710 0.095546 0.098004 0.100083 0.101912 0.103608 0.105251 0.106894 0.108569 0.110297 0.112089 0.113953 0.115896 0.117920 0.120029 0.122226 0.124514 0.126895 0.129372 0.131948 0.134627 0.137413 0.140309 0.143319 0.146449 0.149702 0.153085 0.156603 0.160261 0.164066 0.168026 0.172143 0.176390 0.180755 0.185241 0.189850 0.194585 0.199446 0.204438 0.209561 0.214818 0.220211 0.225743 0.231417 0.237234 0.243197 0.249308 0.255571 0.261987 0.268560
0.095660 0.097739 0.098969 0.100113 0.101347 0.102699 0.104158 0.105716 0.107363 0.109094 0.110907 0.112801 0.114776 0.116833 0.118974 0.121200 0.123513 0.125918 0.128415 0.131010 0.133704 0.136502 0.139409 0.142428 0.145564 0.148823 0.152209 0.155728 0.159387 0.163192 0.167149 0.171265 0.175514 0.179881 0.184368 0.188977 0.193711 0.198572 0.203561 0.208682 0.213936 0.219326 0.224854 0.230523 0.236335 0.242293 0.248399 0.254655 0.261065 0.267630
0.101981 0.098947 0.098112 0.098347 0.099171 0.100350 0.101760 0.103332 0.105027 0.106822 0.108704 0.110668 0.112709 0.114827 0.117024 0.119299 0.121657 0.124099 0.126630 0.129252 0.131970 0.134788 0.137710 0.140741 0.143886 0.147151 0.150540 0.154061 0.157718 0.161518 0.165470 0.169579 0.173830 0.178198 0.182685 0.187293 0.192024 0.196881 0.201866 0.206980 0.212227 0.217609 0.223129 0.228788 0.234589 0.240535 0.246628 0.252871 0.259267 0.265817
0.091445 0.091530 0.092306 0.093490 0.094923 0.096517 0.098225 0.100021 0.101892 0.103829 0.105830 0.107893 0.110019 0.112209 0.114467 0.116795 0.119197 0.121677 0.124239 0.126887 0.129626 0.132459 0.135393 0.138432 0.141581 0.144846 0.148233 0.151748 0.155396 0.159186 0.163123 0.167216 0.171462 0.175827 0.180310 0.184912 0.189636 0.194484 0.199458 0.204561 0.209795 0.215162 0.220666 0.226308 0.232091 0.238017 0.244090 0.250310 0.256682 0.263208
0.076275 0.081458 0.084981 0.087750 0.090141 0.092340 0.094447 0.096518 0.098583 0.100664 0.102772 0.104918 0.107109 0.109351 0.111650 0.114011 0.116438 0.118937 0.121513 0.124170 0.126914 0.129750 0.132681 0.135715 0.138856 0.142110 0.145482 0.148980 0.152609 0.156376 0.160288 0.164352 0.168576 0.172931 0.177402 0.181990 0.186699 0.191530 0.196485 0.201568 0.206780 0.212124 0.217603 0.223218 0.228973 0.234870 0.240911 0.247099 0.253437 0.259927
0.074589 0.078198 0.081591 0.084460 0.086978 0.089292 0.091492 0.093633 0.095749 0.097864 0.099994 0.102153 0.104349 0.106591 0.108886 0.111240 0.113658 0.116145 0.118707 0.121349 0.124075 0.126891 0.129802 0.132812 0.135928 0.139154 0.142497 0.145963 0.149558 0.153288 0.157161 0.161184 0.165364 0.169695 0.174143 0.178707 0.183390 0.188193 0.193119 0.198170 0.203350 0.208660 0.214102 0.219679 0.225394 0.231249 0.237246 0.243389 0.249679 0.256120
0.077118 0.080612 0.082368 0.084085 0.085915 0.087815 0.089749 0.091707 0.093687 0.095696 0.097739 0.099823 0.101954 0.104138 0.106380 0.108684 0.111056 0.113500 0.116020 0.118620 0.121306 0.124081 0.126950 0.129919 0.132992 0.136175 0.139473 0.142892 0.146438 0.150117 0.153937 0.157904 0.162025 0.166308 0.170720 0.175247 0.179891 0.184654 0.189538 0.194546 0.199679 0.204941 0.210334 0.215860 0.221521 0.227320 0.233260 0.239342 0.245570 0.251946
0.091867 0.084646 0.083727 0.084460 0.085715 0.087189 0.088789 0.090478 0.092242 0.094073 0.095968 0.097927 0.099951 0.102041 0.104200 0.106429 0.108732 0.111111 0.113571 0.116113 0.118742 0.121462 0.124276 0.127190 0.130207 0.133333 0.136574 0.139933 0.143418 0.147034 0.150788 0.154686 0.158736 0.162946 0.167307 0.171784 0.176376 0.181085 0.185913 0.190863 0.195938 0.201138 0.206466 0.211926 0.217518 0.223246 0.229112 0.235118 0.241267 0.247562
0.067425 0.078496 0.082081 0.083835 0.085191 0.086524 0.087930 0.089430 0.091023 0.092705 0.094472 0.096318 0.098242 0.100244 0.102322 0.104477 0.106711 0.109024 0.111420 0.113901 0.116469 0.119128 0.121882 0.124734 0.127689 0.130751 0.133926 0.137218 0.140632 0.144176 0.147854 0.151674 0.155642 0.159766 0.164052 0.168466 0.172992 0.177634 0.182393 0.187272 0.192272 0.197395 0.202645 0.208023 0.213531 0.219171 0.224947 0.230860 0.236914 0.243109
0.088074 0.082896 0.082436 0.083132 0.084182 0.085400 0.086738 0.088181 0.089718 0.091346 0.093059 0.094853 0.096726 0.098677 0.100705 0.102810 0.104993 0.107256 0.109599 0.112026 0.114540 0.117142 0.119837 0.122628 0.125519 0.128515 0.131620 0.134839 0.138178 0.141643 0.145239 0.148972 0.152850 0.156880 0.161069 0.165406 0.169855 0.174417 0.179093 0.183886 0.188798 0.193830 0.198986 0.204266 0.209674 0.215211 0.220880 0.226683 0.232623 0.238701
0.078803 0.079491 0.080131 0.081113 0.082329 0.083687 0.085142 0.086677 0.088284 0.089961 0.091705 0.093518 0.095397 0.097345 0.099361 0.101447 0.103605 0.105836 0.108143 0.110528 0.112996 0.115548 0.118188 0.120920 0.123749 0.126678 0.129712 0.132857 0.136117 0.139498 0.143006 0.146647 0.150428 0.154356 0.158438 0.162678 0.167037 0.171507 0.176088 0.180782 0.185591 0.190518 0.195565 0.200733 0.206025 0.211443 0.216988 0.222664 0.228472 0.234415
0.069532 0.073867 0.076426 0.078374 0.080125 0.081821 0.083516 0.085232 0.086978 0.088761 0.090586 0.092457 0.094377 0.096348 0.098375 0.100460 0.102606 0.104818 0.107097 0.109448 0.111874 0.114379 0.116967 0.119641 0.122407 0.125268 0.128229 0.131296 0.134473 0.137766 0.141181 0.144724 0.148401 0.152220 0.156187 0.160310 0.164568 0.168934 0.173407 0.177989 0.182684 0.187492 0.192416 0.197457 0.202618 0.207900 0.213307 0.218839 0.224500 0.230290
0.072061 0.072905 0.074820 0.076819 0.078758 0.080647 0.082509 0.084363 0.086221 0.088091 0.089981 0.091898 0.093847 0.095835 0.097865 0.099942 0.102072 0.104258 0.106505 0.108817 0.111197 0.113650 0.116181 0.118792 0.121490 0.124278 0.127161 0.130145 0.133233 0.136432 0.139748 0.143186 0.146752 0.150454 0.154298 0.158291 0.162433 0.166683 0.171036 0.175496 0.180063 0.184739 0.189527 0.194427 0.199443 0.204577 0.209829 0.215202 0.220699 0.226321
0.070375 0.073288 0.075195 0.077018 0.078871 0.080742 0.082615 0.084484 0.086353 0.088226 0.090112 0.092016 0.093946 0.095908 0.097907 0.099948 0.102036 0.104176 0.106372 0.108628 0.110949 0.113338 0.115800 0.118339 0.120960 0.123666 0.126463 0.129355 0.132347 0.135445 0.138653 0.141978 0.145425 0.149002 0.152714 0.156570 0.160574 0.164698 0.168922 0.173247 0.177675 0.182207 0.186847 0.191595 0.196453 0.201424 0.206509 0.211709 0.217028 0.222467
0.076696 0.076057 0.077130 0.078701 0.080416 0.082165 0.083919 0.085675 0.087435 0.089207 0.090999 0.092815 0.094661 0.096543 0.098465 0.100431 0.102446 0.104512 0.106633 0.108814 0.111058 0.113368 0.115748 0.118202 0.120735 0.123349 0.126049 0.128841 0.131728 0.134715 0.137807 0.141011 0.144331 0.147774 0.151347 0.155055 0.158906 0.162892 0.166975 0.171156 0.175434 0.179813 0.184294 0.188878 0.193567 0.198364 0.203269 0.208285 0.213413 0.218655
0.074168 0.077297 0.079566 0.081400 0.083030 0.084576 0.086099 0.087630 0.089187 0.090777 0.092407 0.094079 0.095796 0.097559 0.099372 0.101235 0.103152 0.105124 0.107153 0.109243 0.111396 0.113614 0.115901 0.118260 0.120694 0.123208 0.125803 0.128486 0.131260 0.134129 0.137098 0.140172 0.143357 0.146659 0.150082 0.153635 0.157323 0.161151 0.165086 0.169114 0.173235 0.177451 0.181763 0.186174 0.190685 0.195297 0.200013 0.204833 0.209760 0.214796
0.077960 0.081909 0.083771 0.085038 0.086163 0.087294 0.088481 0.089736 0.091063 0.092458 0.093919 0.095442 0.097025 0.098666 0.100366 0.102123 0.103938 0.105812 0.107745 0.109739 0.111797 0.113919 0.116108 0.118367 0.120699 0.123106 0.125592 0.128160 0.130815 0.133560 0.136399 0.139338 0.142381 0.145534 0.148802 0.152191 0.155708 0.159359 0.163137 0.167005 0.170961 0.175007 0.179145 0.183375 0.187699 0.192120 0.196637 0.201254 0.205971 0.210790
0.093974 0.089371 0.088122 0.088052 0.088510 0.089261 0.090202 0.091281 0.092468 0.093745 0.095099 0.096525 0.098016 0.099569 0.101183 0.102856 0.104587 0.106376 0.108224 0.110131 0.112099 0.114129 0.116224 0.118384 0.120613 0.122914 0.125288 0.127740 0.130273 0.132890 0.135596 0.138395 0.141291 0.144290 0.147396 0.150615 0.153954 0.157419 0.161014 0.164718 0.168505 0.172376 0.176332 0.180376 0.184509 0.188731 0.193044 0.197450 0.201951 0.206547
0.085967 0.087342 0.087636 0.088076 0.088775 0.089672 0.090706 0.091842 0.093059 0.094345 0.095693 0.097101 0.098564 0.100081 0.101652 0.103274 0.104950 0.106678 0.108459 0.110294 0.112185 0.114133 0.116139 0.118206 0.120337 0.122532 0.124796 0.127132 0.129541 0.132029 0.134598 0.137254 0.139999 0.142839 0.145779 0.148823 0.151979 0.155251 0.158645 0.162164 0.165778 0.169470 0.173242 0.177095 0.181031 0.185051 0.189155 0.193346 0.197625 0.201993
0.082596 0.082974 0.084448 0.086004 0.087471 0.088862 0.090218 0.091567 0.092929 0.094315 0.095730 0.097179 0.098664 0.100187 0.101748 0.103351 0.104994 0.106680 0.108411 0.110187 0.112011 0.113884 0.115809 0.117787 0.119821 0.121914 0.124068 0.126285 0.128571 0.130927 0.133357 0.135866 0.138456 0.141134 0.143902 0.146767 0.149734 0.152808 0.155994 0.159300 0.162722 0.166234 0.169819 0.173478 0.177215 0.181028 0.184921 0.188894 0.192948 0.197085
0.073746 0.078590 0.081945 0.084357 0.086276 0.087954 0.089515 0.091023 0.092508 0.093990 0.095477 0.096977 0.098494 0.100032 0.101595 0.103183 0.104801 0.106451 0.108134 0.109854 0.111612 0.113411 0.115254 0.117142 0.119078 0.121065 0.123106 0.125204 0.127361 0.129582 0.131869 0.134227 0.136659 0.139169 0.141762 0.144442 0.147215 0.150085 0.153059 0.156142 0.159339 0.162647 0.166044 0.169508 0.173043 0.176649 0.180328 0.184080 0.187908 0.191811
0.075853 0.081177 0.083270 0.084781 0.086244 0.087734 0.089243 0.090757 0.092271 0.093782 0.095293 0.096806 0.098325 0.099853 0.101393 0.102950 0.104526 0.106124 0.107747 0.109398 0.111080 0.112795 0.114546 0.116335 0.118165 0.120040 0.121961 0.123932 0.125955 0.128034 0.130173 0.132374 0.134641 0.136979 0.139391 0.141882 0.144456 0.147119 0.149875 0.152730 0.155691 0.158761 0.161937 0.165205 0.168537 0.171934 0.175398 0.178930 0.182530 0.186200
0.098188 0.088052 0.085708 0.085867 0.086878 0.088194 0.089619 0.091080 0.092549 0.094016 0.095480 0.096941 0.098404 0.099870 0.101344 0.102829 0.104328 0.105845 0.107381 0.108940 0.110524 0.112137 0.113780 0.115456 0.117167 0.118917 0.120708 0.122542 0.124423 0.126353 0.128335 0.130374 0.132471 0.134630 0.136857 0.139154 0.141525 0.143976 0.146512 0.149136 0.151856 0.154677 0.157601 0.160630 0.163752 0.166943 0.170192 0.173504 0.176878 0.180316
0.072903 0.080367 0.083900 0.086107 0.087824 0.089342 0.090770 0.092153 0.093511 0.094855 0.096192 0.097528 0.098867 0.100212 0.101566 0.102933 0.104314 0.105713 0.107131 0.108571 0.110034 0.111523 0.113040 0.114587 0.116166 0.117779 0.119428 0.121116 0.122846 0.124619 0.126439 0.128308 0.130230 0.132208 0.134245 0.136345 0.138512 0.140749 0.143062 0.145456 0.147934 0.150503 0.153168 0.155934 0.158800 0.161761 0.164800 0.167893 0.171044 0.174253
0.074168 0.082538 0.086471 0.088724 0.090317 0.091636 0.092838 0.093988 0.095119 0.096246 0.097379 0.098524 0.099682 0.100858 0.102051 0.103263 0.104496 0.105750 0.107026 0.108326 0.109651 0.111001 0.112379 0.113784 0.115220 0.116688 0.118188 0.119724 0.121297 0.122909 0.124563 0.126261 0.128006 0.129801 0.131648 0.133551 0.135513 0.137539 0.139631 0.141795 0.144036 0.146357 0.148764 0.151263 0.153858 0.156551 0.159339 0.162210 0.165146 0.168131
0.104509 0.096390 0.094085 0.093761 0.094119 0.094724 0.095436 0.096207 0.097024 0.097880 0.098772 0.099700 0.100660 0.101651 0.102671 0.103720 0.104796 0.105899 0.107028 0.108183 0.109365 0.110573 0.111808 0.113071 0.114362 0.115683 0.117034 0.118418 0.119835 0.121288 0.122777 0.124306 0.125877 0.127491 0.129152 0.130863 0.132626 0.134445 0.136324 0.138266 0.140275 0.142357 0.144515 0.146755 0.149082 0.151500 0.154013 0.156621 0.159316 0.162087
0.099031 0.097814 0.097229 0.097004 0.097033 0.097250 0.097611 0.098083 0.098646 0.099283 0.099981 0.100732 0.101530 0.102368 0.103243 0.104152 0.105092 0.106061 0.107058 0.108083 0.109133 0.110210 0.111313 0.112442 0.113597 0.114780 0.115990 0.117230 0.118499 0.119800 0.121134 0.122503 0.123908 0.125351 0.126836 0.128364 0.129939 0.131562 0.133238 0.134970 0.136761 0.138616 0.140539 0.142534 0.144606 0.146761 0.149003 0.151336 0.153762 0.156278
0.086810 0.094919 0.097193 0.097822 0.098066 0.098297 0.098610 0.099017 0.099508 0.100070 0.100691 0.101362 0.102076 0.102828 0.103614 0.104431 0.105276 0.106147 0.107044 0.107966 0.108911 0.109879 0.110870 0.111884 0.112922 0.113983 0.115069 0.116180 0.117317 0.118482 0.119675 0.120897 0.122152 0.123440 0.124764 0.126125 0.127527 0.128971 0.130462 0.132000 0.133591 0.135238 0.136944 0.138714 0.140553 0.142464 0.144453 0.146525 0.148684 0.150934
0.107459 0.099703 0.097637 0.097258 0.097446 0.097854 0.098363 0.098929 0.099536 0.100173 0.100839 0.101529 0.102243 0.102978 0.103735 0.104511 0.105307 0.106122 0.106955 0.107806 0.108676 0.109564 0.110470 0.111394 0.112337 0.113300 0.114283 0.115286 0.116312 0.117360 0.118432 0.119530 0.120654 0.121807 0.122990 0.124206 0.125456 0.126742 0.128069 0.129437 0.130851 0.132313 0.133828 0.135397 0.137027 0.138721 0.140483 0.142320 0.144234 0.146232
0.091445 0.093023 0.093773 0.094676 0.095641 0.096577 0.097459 0.098293 0.099092 0.099869 0.100632 0.101390 0.102147 0.102907 0.103672 0.104444 0.105224 0.106014 0.106813 0.107624 0.108445 0.109279 0.110126 0.110985 0.111859 0.112747 0.113651 0.114571 0.115508 0.116463 0.117439 0.118434 0.119452 0.120494 0.121561 0.122656 0.123779 0.124934 0.126123 0.127348 0.128612 0.129918 0.131268 0.132667 0.134118 0.135626 0.137193 0.138825 0.140526 0.142302
0.082596 0.086657 0.090311 0.092751 0.094446 0.095747 0.096839 0.097814 0.098716 0.099573 0.100400 0.101206 0.101999 0.102784 0.103564 0.104342 0.105120 0.105900 0.106684 0.107472 0.108266 0.109067 0.109875 0.110692 0.111519 0.112356 0.113203 0.114064 0.114937 0.115824 0.116727 0.117647 0.118584 0.119541 0.120519 0.121520 0.122545 0.123597 0.124677 0.125788 0.126932 0.128112 0.129331 0.130592 0.131898 0.133252 0.134659 0.136122 0.137645 0.139234
0.079225 0.089766 0.092822 0.094220 0.095236 0.096153 0.097035 0.097895 0.098737 0.099564 0.100378 0.101181 0.101974 0.102760 0.103541 0.104319 0.105094 0.105868 0.106643 0.107420 0.108199 0.108981 0.109768 0.110561 0.111359 0.112165 0.112979 0.113801 0.114634 0.115478 0.116334 0.117203 0.118086 0.118986 0.119902 0.120837 0.121793 0.122771 0.123773 0.124801 0.125858 0.126945 0.128065 0.129221 0.130416 0.131653 0.132935 0.134266 0.135650 0.137091
0.122630 0.103760 0.098326 0.096872 0.096746 0.097120 0.097703 0.098381 0.099105 0.099853 0.100612 0.101377 0.102144 0.102912 0.103680 0.104448 0.105216 0.105985 0.106755 0.107525 0.108298 0.109074 0.109853 0.110636 0.111423 0.112216 0.113016 0.113822 0.114636 0.115459 0.116292 0.117135 0.117990 0.118859 0.119741 0.120639 0.121554 0.122488 0.123442 0.124419 0.125419 0.126445 0.127500 0.128585 0.129703 0.130858 0.132052 0.133287 0.134569 0.135899
0.081753 0.092508 0.095361 0.096400 0.097049 0.097645 0.098263 0.098913 0.099592 0.100294 0.101014 0.101746 0.102489 0.103238 0.103994 0.104753 0.105517 0.106284 0.107054 0.107827 0.108603 0.109383 0.110167 0.110955 0.111747 0.112545 0.113348 0.114157 0.114973 0.115797 0.116629 0.117470 0.118321 0.119184 0.120058 0.120946 0.121847 0.122765 0.123700 0.124653 0.125627 0.126623 0.127643 0.128689 0.129764 0.130869 0.132007 0.133182 0.134396 0.135651
0.088496 0.091808 0.094411 0.096030 0.097105 0.097935 0.098668 0.099370 0.100068 0.100774 0.101491 0.102218 0.102957 0.103704 0.104460 0.105224 0.105994 0.106770 0.107552 0.108339 0.109132 0.109929 0.110732 0.111540 0.112353 0.113172 0.113996 0.114827 0.115665 0.116509 0.117361 0.118222 0.119091 0.119970 0.120859 0.121760 0.122673 0.123599 0.124540 0.125497 0.126471 0.127464 0.128477 0.129512 0.130571 0.131655 0.132768 0.133912 0.135088 0.136300
0.100716 0.097472 0.096844 0.097121 0.097702 0.098380 0.099088 0.099806 0.100532 0.101264 0.102004 0.102753 0.103511 0.104279 0.105055 0.105841 0.106634 0.107436 0.108245 0.109062 0.109886 0.110716 0.111553 0.112397 0.113247 0.114103 0.114966 0.115835 0.116711 0.117594 0.118484 0.119382 0.120288 0.121203 0.122127 0.123061 0.124006 0.124962 0.125930 0.126912 0.127908 0.128920 0.129948 0.130995 0.132061 0.133149 0.134261 0.135397 0.136561 0.137753
0.096924 0.097678 0.097500 0.097672 0.098152 0.098793 0.099506 0.100250 0.101010 0.101780 0.102558 0.103345 0.104141 0.104947 0.105762 0.106588 0.107423 0.108267 0.109121 0.109983 0.110854 0.111732 0.112619 0.113513 0.114414 0.115322 0.116238 0.117160 0.118089 0.119025 0.119969 0.120919 0.121877 0.122843 0.123817 0.124800 0.125792 0.126793 0.127804 0.128827 0.129861 0.130908 0.131968 0.133043 0.134134 0.135242 0.136368 0.137514 0.138682 0.139873
0.098188 0.095611 0.096312 0.097327 0.098252 0.099100 0.099912 0.100716 0.101522 0.102335 0.103159 0.103994 0.104840 0.105697 0.106567 0.107447 0.108339 0.109241 0.110153 0.111076 0.112007 0.112947 0.113896 0.114853 0.115817 0.116790 0.117769 0.118755 0.119749 0.120749 0.121755 0.122769 0.123789 0.124816 0.125849 0.126890 0.127939 0.128995 0.130059 0.131131 0.132213 0.133304 0.134405 0.135518 0.136642 0.137778 0.138929 0.140094 0.141275 0.142473
0.080067 0.091965 0.095866 0.097584 0.098663 0.099550 0.100385 0.101216 0.102057 0.102915 0.103789 0.104679 0.105585 0.106506 0.107441 0.108389 0.109349 0.110320 0.111302 0.112295 0.113297 0.114309 0.115329 0.116357 0.117393 0.118436 0.119486 0.120543 0.121606 0.122675 0.123751 0.124831 0.125918 0.127010 0.128107 0.129210 0.130318 0.131431 0.132551 0.133676 0.134807 0.135944 0.137089 0.138240 0.139398 0.140565 0.141740 0.142925 0.144120 0.145325
0.111673 0.101883 0.099372 0.099021 0.099394 0.100044 0.100817 0.101657 0.102539 0.103452 0.104391 0.105351 0.106329 0.107325 0.108336 0.109360 0.110397 0.111446 0.112505 0.113575 0.114653 0.115740 0.116836 0.117938 0.119048 0.120164 0.121286 0.122414 0.123547 0.124685 0.125828 0.126975 0.128126 0.129280 0.130438 0.131600 0.132764 0.133932 0.135102 0.136275 0.137451 0.138629 0.139810 0.140994 0.142181 0.143371 0.144564 0.145761 0.146962 0.148167
0.096924 0.097869 0.098093 0.098555 0.099237 0.100049 0.100939 0.101880 0.102857 0.103862 0.104891 0.105940 0.107007 0.108089 0.109184 0.110292 0.111411 0.112540 0.113678 0.114825 0.115979 0.117141 0.118309 0.119484 0.120664 0.121849 0.123038 0.124232 0.125429 0.126630 0.127833 0.129038 0.130246 0.131454 0.132664 0.133875 0.135086 0.136296 0.137507 0.138716 0.139925 0.141132 0.142338 0.143541 0.144743 0.145942 0.147139 0.148333 0.149525 0.150714
0.086810 0.092167 0.095212 0.097072 0.098437 0.099618 0.100740 0.101851 0.102968 0.104097 0.105238 0.106391 0.107554 0.108728 0.109911 0.111102 0.112301 0.113507 0.114720 0.115938 0.117162 0.118391 0.119625 0.120862 0.122103 0.123346 0.124593 0.125841 0.127090 0.128341 0.129592 0.130843 0.132093 0.133342 0.134588 0.135833 0.137074 0.138312 0.139546 0.140775 0.141999 0.143217 0.144428 0.145633 0.146830 0.148019 0.149199 0.150370 0.151532 0.152684
0.090603 0.093596 0.095239 0.096597 0.097886 0.099152 0.100409 0.101661 0.102912 0.104162 0.105414 0.106668 0.107924 0.109183 0.110445 0.111711 0.112979 0.114251 0.115526 0.116803 0.118083 0.119365 0.120649 0.121934 0.123221 0.124507 0.125794 0.127081 0.128366 0.129649 0.130930 0.132208 0.133482 0.134751 0.136016 0.137274 0.138526 0.139770 0.141006 0.142233 0.143450 0.144656 0.145850 0.147032 0.148201 0.149355 0.150495 0.151618 0.152725 0.153814
0.102823 0.096826 0.095731 0.096280 0.097389 0.098684 0.100033 0.101391 0.102743 0.104088 0.105425 0.106756 0.108082 0.109404 0.110724 0.112043 0.113361 0.114678 0.115995 0.117312 0.118628 0.119943 0.121258 0.122572 0.123883 0.125193 0.126500 0.127803 0.129103 0.130397 0.131687 0.132970 0.134245 0.135513 0.136772 0.138021 0.139259 0.140485 0.141699 0.142899 0.144084 0.145252 0.146404 0.147538 0.148652 0.149745 0.150817 0.151866 0.152890 0.153889
0.085124 0.090236 0.093028 0.095000 0.096664 0.098198 0.099668 0.101101 0.102508 0.103898 0.105274 0.106640 0.107997 0.109348 0.110695 0.112037 0.113376 0.114712 0.116045 0.117376 0.118704 0.120029 0.121351 0.122669 0.123983 0.125292 0.126596 0.127893 0.129183 0.130465 0.131739 0.133002 0.134255 0.135496 0.136725 0.137939 0.139139 0.140322 0.141487 0.142634 0.143760 0.144866 0.145948 0.147006 0.148039 0.149045 0.150022 0.150969 0.151885 0.152767
0.082596 0.089266 0.092596 0.094749 0.096455 0.097979 0.099423 0.100828 0.102211 0.103580 0.104939 0.106290 0.107636 0.108977 0.110313 0.111646 0.112975 0.114300 0.115622 0.116940 0.118254 0.119563 0.120867 0.122165 0.123456 0.124740 0.126015 0.127282 0.128538 0.129783 0.131016 0.132236 0.133442 0.134631 0.135804 0.136959 0.138094 0.139209 0.140301 0.141369 0.142413 0.143429 0.144417 0.145375 0.146301 0.147194 0.148052 0.148872 0.149654 0.150396
0.101138 0.095843 0.095081 0.095686 0.096736 0.097940 0.099200 0.100481 0.101772 0.103067 0.104364 0.105661 0.106959 0.108256 0.109551 0.110845 0.112136 0.113425 0.114709 0.115989 0.117264 0.118533 0.119795 0.121049 0.122294 0.123529 0.124754 0.125966 0.127166 0.128351 0.129520 0.130673 0.131808 0.132923 0.134018 0.135090 0.136138 0.137161 0.138157 0.139125 0.140062 0.140967 0.141839 0.142674 0.143473 0.144232 0.144949 0.145623 0.146252 0.146833
0.091445 0.093722 0.094605 0.095478 0.096476 0.097563 0.098702 0.099874 0.101065 0.102271 0.103487 0.104712 0.105941 0.107174 0.108409 0.109644 0.110879 0.112110 0.113338 0.114561 0.115777 0.116986 0.118186 0.119376 0.120556 0.121723 0.122876 0.124015 0.125138 0.126243 0.127329 0.128395 0.129440 0.130461 0.131458 0.132428 0.133371 0.134284 0.135165 0.136014 0.136828 0.137605 0.138343 0.139040 0.139695 0.140305 0.140867 0.141381 0.141843 0.142252
0.089338 0.091074 0.092930 0.094372 0.095581 0.096699 0.097796 0.098898 0.100013 0.101142 0.102285 0.103439 0.104600 0.105766 0.106935 0.108105 0.109273 0.110438 0.111598 0.112751 0.113897 0.115033 0.116158 0.117271 0.118370 0.119454 0.120522 0.121573 0.122604 0.123614 0.124603 0.125568 0.126508 0.127422 0.128307 0.129162 0.129986 0.130776 0.131531 0.132249 0.132928 0.133566 0.134161 0.134711 0.135214 0.135667 0.136069 0.136417 0.136708 0.136940
0.086389 0.090733 0.092384 0.093497 0.094508 0.095512 0.096534 0.097577 0.098641 0.099721 0.100814 0.101916 0.103024 0.104134 0.105244 0.106352 0.107456 0.108554 0.109644 0.110724 0.111793 0.112850 0.113894 0.114922 0.115933 0.116927 0.117901 0.118855 0.119786 0.120694 0.121577 0.122433 0.123261 0.124060 0.124827 0.125560 0.126260 0.126922 0.127546 0.128130 0.128671 0.129169 0.129619 0.130022 0.130373 0.130672 0.130915 0.131101 0.131226 0.131289
0.100295 0.093517 0.092183 0.092380 0.093085 0.093990 0.094984 0.096023 0.097085 0.098159 0.099238 0.100317 0.101394 0.102466 0.103531 0.104588 0.105634 0.106670 0.107693 0.108702 0.109696 0.110674 0.111635 0.112578 0.113500 0.114402 0.115281 0.116137 0.116967 0.117771 0.118548 0.119295 0.120011 0.120696 0.121346 0.121960 0.122538 0.123076 0.123574 0.124029 0.124439 0.124803 0.125118 0.125382 0.125593 0.125749 0.125847 0.125885 0.125861 0.125772
0.079225 0.086202 0.088526 0.089890 0.091072 0.092225 0.093371 0.094508 0.095634 0.096745 0.097841 0.098920 0.099983 0.101031 0.102061 0.103075 0.104072 0.105052 0.106014 0.106957 0.107881 0.108785 0.109668 0.110529 0.111367 0.112182 0.112971 0.113734 0.114470 0.115178 0.115855 0.116501 0.117114 0.117694 0.118237 0.118744 0.119212 0.119639 0.120024 0.120366 0.120661 0.120909 0.121107 0.121253 0.121346 0.121382 0.121359 0.121276 0.121130 0.120918
0.086810 0.084941 0.086293 0.087971 0.089535 0.090965 0.092293 0.093545 0.094739 0.095888 0.096998 0.098075 0.099123 0.100145 0.101142 0.102115 0.103065 0.103993 0.104899 0.105782 0.106643 0.107480 0.108294 0.109084 0.109848 0.110586 0.111297 0.111981 0.112636 0.113260 0.113854 0.114415 0.114943 0.115436 0.115893 0.116312 0.116692 0.117032 0.117329 0.117582 0.117789 0.117949 0.118060 0.118119 0.118125 0.118076 0.117968 0.117801 0.117572 0.117277
0.076275 0.083219 0.086080 0.088028 0.089658 0.091113 0.092448 0.093694 0.094872 0.095996 0.097077 0.098120 0.099131 0.100111 0.101065 0.101992 0.102895 0.103774 0.104628 0.105458 0.106265 0.107047 0.107804 0.108536 0.109242 0.109921 0.110573 0.111197 0.111791 0.112356 0.112890 0.113392 0.113860 0.114295 0.114693 0.115056 0.115379 0.115664 0.115907 0.116108 0.116264 0.116375 0.116438 0.116452 0.116414 0.116323 0.116176 0.115973 0.115709 0.115384
0.094395 0.089509 0.089677 0.090725 0.091890 0.093040 0.094157 0.095241 0.096292 0.097315 0.098310 0.099280 0.100226 0.101149 0.102049 0.102927 0.103783 0.104617 0.105428 0.106217 0.106983 0.107726 0.108445 0.109140 0.109810 0.110455 0.111074 0.111665 0.112229 0.112765 0.113271 0.113747 0.114192 0.114604 0.114983 0.115328 0.115636 0.115908 0.116141 0.116334 0.116486 0.116595 0.116659 0.116677 0.116648 0.116568 0.116438 0.116254 0.116015 0.115718
0.082174 0.091721 0.093927 0.094820 0.095565 0.096352 0.097189 0.098058 0.098944 0.099836 0.100727 0.101612 0.102487 0.103352 0.104202 0.105039 0.105859 0.106663 0.107448 0.108216 0.108964 0.109692 0.110400 0.111087 0.111752 0.112395 0.113014 0.113610 0.114181 0.114727 0.115247 0.115739 0.116204 0.116639 0.117045 0.117419 0.117761 0.118070 0.118344 0.118582 0.118783 0.118945 0.119067 0.119148 0.119185 0.119178 0.119125 0.119025 0.118875 0.118673
0.115887 0.102555 0.099725 0.099395 0.099746 0.100331 0.101023 0.101772 0.102559 0.103369 0.104193 0.105025 0.105859 0.106693 0.107521 0.108343 0.109157 0.109959 0.110750 0.111528 0.112292 0.113041 0.113774 0.114492 0.115191 0.115873 0.116536 0.117180 0.117804 0.118407 0.118988 0.119547 0.120082 0.120592 0.121077 0.121535 0.121965 0.122367 0.122739 0.123080 0.123389 0.123664 0.123905 0.124111 0.124280 0.124410 0.124502 0.124552 0.124560 0.124523
0.083860 0.097673 0.101360 0.102790 0.103699 0.104493 0.105270 0.106059 0.106864 0.107685 0.108520 0.109365 0.110217 0.111072 0.111928 0.112782 0.113633 0.114478 0.115318 0.116151 0.116975 0.117791 0.118596 0.119390 0.120172 0.120942 0.121699 0.122441 0.123169 0.123881 0.124577 0.125255 0.125915 0.126555 0.127175 0.127774 0.128351 0.128904 0.129433 0.129937 0.130416 0.130868 0.131292 0.131687 0.132053 0.132388 0.132691 0.132961 0.133196 0.133396
0.114201 0.106628 0.106226 0.107053 0.108019 0.108963 0.109885 0.110798 0.111712 0.112632 0.113558 0.114491 0.115427 0.116367 0.117310 0.118253 0.119197 0.120140 0.121082 0.122021 0.122958 0.123891 0.124819 0.125742 0.126658 0.127568 0.128470 0.129364 0.130248 0.131123 0.131986 0.132838 0.133677 0.134502 0.135313 0.136109 0.136888 0.137651 0.138397 0.139125 0.139834 0.140524 0.141194 0.141843 0.142470 0.143074 0.143655 0.144212 0.144743 0.145248
0.100716 0.108316 0.110507 0.111724 0.112790 0.113848 0.114913 0.115986 0.117062 0.118140 0.119220 0.120301 0.121383 0.122467 0.123553 0.124642 0.125733 0.126828 0.127925 0.129024 0.130123 0.131223 0.132323 0.133423 0.134522 0.135619 0.136715 0.137807 0.138896 0.139980 0.141060 0.142134 0.143201 0.144262 0.145315 0.146360 0.147396 0.148423 0.149440 0.150448 0.151445 0.152431 0.153405 0.154367 0.155317 0.156252 0.157173 0.158080 0.158970 0.159845
0.121365 0.116480 0.116104 0.116835 0.117906 0.119105 0.120357 0.121629 0.122905 0.124181 0.125453 0.126724 0.127994 0.129266 0.130539 0.131816 0.133099 0.134386 0.135678 0.136974 0.138274 0.139579 0.140887 0.142199 0.143516 0.144836 0.146160 0.147487 0.148817 0.150149 0.151484 0.152820 0.154158 0.155497 0.156836 0.158175 0.159514 0.160852 0.162190 0.163526 0.164860 0.166193 0.167523 0.168851 0.170175 0.171496 0.172813 0.174126 0.175434 0.176737
0.113780 0.117971 0.119957 0.121579 0.123142 0.124689 0.126220 0.127735 0.129233 0.130721 0.132200 0.133676 0.135152 0.136628 0.138106 0.139587 0.141073 0.142565 0.144065 0.145573 0.147089 0.148614 0.150149 0.151694 0.153248 0.154813 0.156388 0.157973 0.159568 0.161174 0.162789 0.164415 0.166051 0.167697 0.169352 0.171017 0.172692 0.174375 0.176068 0.177769 0.179480 0.181199 0.182926 0.184663 0.186407 0.188160 0.189921 0.191690 0.193467 0.195251
0.120523 0.122260 0.124702 0.126925 0.128933 0.130802 0.132581 0.134304 0.135996 0.137670 0.139333 0.140990 0.142646 0.144305 0.145970 0.147643 0.149325 0.151018 0.152725 0.154445 0.156180 0.157930 0.159696 0.161479 0.163279 0.165097 0.166933 0.168787 0.170659 0.172550 0.174460 0.176389 0.178337 0.180305 0.182292 0.184299 0.186326 0.188372 0.190439 0.192526 0.194633 0.196760 0.198908 0.201077 0.203266 0.205477 0.207709 0.209963 0.212238 0.214535
0.123894 0.128714 0.131392 0.133599 0.135625 0.137542 0.139390 0.141202 0.142992 0.144774 0.146556 0.148343 0.150139 0.151948 0.153772 0.155614 0.157473 0.159353 0.161253 0.163176 0.165121 0.167089 0.169082 0.171099 0.173142 0.175210 0.177304 0.179426 0.181574 0.183750 0.185955 0.188187 0.190449 0.192740 0.195060 0.197411 0.199792 0.202204 0.204648 0.207123 0.209630 0.212170 0.214743 0.217349 0.219990 0.222665 0.225375 0.228120 0.230902 0.233720
0.141593 0.138699 0.139504 0.141049 0.142741 0.144465 0.146212 0.147981 0.149775 0.151594 0.153439 0.155311 0.157211 0.159140 0.161098 0.163085 0.165102 0.167149 0.169227 0.171336 0.173477 0.175650 0.177855 0.180094 0.182366 0.184672 0.187014 0.189390 0.191803 0.194252 0.196739 0.199263 0.201826 0.204428 0.207070 0.209752 0.212476 0.215241 0.218049 0.220900 0.223796 0.226736 0.229721 0.232753 0.235832 0.238959 0.242134 0.245359 0.248635 0.251963
0.136115 0.143640 0.146116 0.147658 0.149114 0.150640 0.152262 0.153969 0.155747 0.157586 0.159480 0.161424 0.163414 0.165448 0.167525 0.169643 0.171801 0.173999 0.176237 0.178515 0.180833 0.183191 0.185590 0.188030 0.190512 0.193035 0.195602 0.198213 0.200868 0.203568 0.206314 0.209107 0.211947 0.214836 0.217775 0.220764 0.223804 0.226897 0.230043 0.233244 0.236499 0.239812 0.243182 0.246610 0.250098 0.253647 0.257259 0.260933 0.264672 0.268477
0.159713 0.152487 0.151623 0.152380 0.153648 0.155140 0.156776 0.158520 0.160352 0.162259 0.164232 0.166265 0.168353 0.170494 0.172686 0.174925 0.177212 0.179546 0.181927 0.184354 0.186827 0.189347 0.191915 0.194530 0.197194 0.199907 0.202671 0.205485 0.208351 0.211270 0.214244 0.217272 0.220356 0.223498 0.226697 0.229957 0.233277 0.236659 0.240105 0.243615 0.247191 0.250834 0.254546 0.258328 0.262182 0.266109 0.270110 0.274187 0.278342 0.282576
0.140750 0.148823 0.151874 0.153898 0.155724 0.157535 0.159392 0.161308 0.163285 0.165321 0.167415 0.169563 0.171763 0.174015 0.176318 0.178670 0.181072 0.183524 0.186025 0.188576 0.191178 0.193832 0.196538 0.199296 0.202109 0.204977 0.207901 0.210882 0.213921 0.217020 0.220180 0.223402 0.226688 0.230038 0.233455 0.236939 0.240492 0.244116 0.247812 0.251582 0.255427 0.259348 0.263349 0.267430 0.271592 0.275839 0.280171 0.284591 0.289100 0.293701
0.151285 0.149843 0.151703 0.153913 0.156074 0.158183 0.160285 0.162406 0.164556 0.166741 0.168965 0.171230 0.173537 0.175890 0.178287 0.180732 0.183225 0.185768 0.188361 0.191006 0.193704 0.196456 0.199263 0.202128 0.205051 0.208033 0.211075 0.214180 0.217349 0.220583 0.223883 0.227251 0.230689 0.234198 0.237780 0.241436 0.245168 0.248979 0.252868 0.256839 0.260893 0.265033 0.269259 0.273574 0.277980 0.282478 0.287072 0.291763 0.296554 0.301446
0.141172 0.147948 0.150843 0.153134 0.155365 0.157600 0.159842 0.162098 0.164369 0.166660 0.168975 0.171320 0.173699 0.176115 0.178573 0.181074 0.183622 0.186218 0.188866 0.191566 0.194320 0.197131 0.199999 0.202928 0.205917 0.208969 0.212086 0.215268 0.218519 0.221839 0.225229 0.228693 0.232230 0.235844 0.239536 0.243307 0.247160 0.251096 0.255118 0.259227 0.263425 0.267715 0.272098 0.276576 0.281153 0.285829 0.290609 0.295493 0.300484 0.305586
0.154235 0.149188 0.149715 0.151589 0.153796 0.156078 0.158367 0.160655 0.162953 0.165263 0.167593 0.169950 0.172339 0.174764 0.177230 0.179740 0.182297 0.184903 0.187562 0.190274 0.193043 0.195869 0.198756 0.201705 0.204717 0.207794 0.210939 0.214153 0.217437 0.220793 0.224224 0.227730 0.231314 0.234978 0.238723 0.242551 0.246464 0.250465 0.254554 0.258736 0.263010 0.267380 0.271849 0.276417 0.281089 0.285866 0.290750 0.295745 0.300853 0.306077
0.132743 0.141859 0.146121 0.149030 0.151495 0.153793 0.156025 0.158233 0.160444 0.162674 0.164932 0.167226 0.169560 0.171937 0.174359 0.176829 0.179350 0.181924 0.184551 0.187236 0.189978 0.192780 0.195645 0.198573 0.201566 0.204627 0.207757 0.210957 0.214229 0.217575 0.220997 0.224496 0.228075 0.231735 0.235477 0.239305 0.243220 0.247224 0.251318 0.255506 0.259790 0.264172 0.268655 0.273241 0.277932 0.282731 0.287641 0.292664 0.297803 0.303061
0.141593 0.142728 0.144823 0.146876 0.148853 0.150811 0.152783 0.154786 0.156829 0.158915 0.161048 0.163232 0.165467 0.167756 0.170097 0.172493 0.174944 0.177451 0.180015 0.182638 0.185320 0.188066 0.190874 0.193748 0.196687 0.199695 0.202771 0.205918 0.209137 0.212430 0.215799 0.219245 0.222770 0.226376 0.230065 0.233839 0.237699 0.241648 0.245688 0.249822 0.254052 0.258380 0.262810 0.267343 0.271982 0.276729 0.281587 0.286559 0.291647 0.296854
0.143700 0.142963 0.143040 0.143869 0.145134 0.146650 0.148323 0.150108 0.151980 0.153927 0.155940 0.158017 0.160154 0.162351 0.164606 0.166919 0.169289 0.171718 0.174204 0.176749 0.179354 0.182020 0.184749 0.187541 0.190399 0.193323 0.196314 0.199375 0.202506 0.205709 0.208986 0.212338 0.215767 0.219275 0.222864 0.226534 0.230289 0.234131 0.238062 0.242087 0.246207 0.250423 0.254738 0.259155 0.263676 0.268302 0.273038 0.277884 0.282845 0.287922
0.138643 0.136819 0.137094 0.138047 0.139315 0.140775 0.142373 0.144079 0.145874 0.147747 0.149688 0.151693 0.153758 0.155882 0.158063 0.160300 0.162592 0.164941 0.167346 0.169807 0.172326 0.174903 0.177540 0.180237 0.182996 0.185819 0.188706 0.191659 0.194680 0.197770 0.200929 0.204161 0.207466 0.210847 0.214304 0.217839 0.221455 0.225154 0.228936 0.232807 0.236767 0.240821 0.244969 0.249213 0.253557 0.258002 0.262552 0.267207 0.271971 0.276847
0.118416 0.124832 0.127903 0.129979 0.131759 0.133471 0.135196 0.136961 0.138776 0.140642 0.142559 0.144527 0.146544 0.148611 0.150727 0.152893 0.155109 0.157376 0.159695 0.162066 0.164490 0.166968 0.169501 0.172091 0.174739 0.177445 0.180212 0.183041 0.185933 0.188890 0.191912 0.195002 0.198161 0.201391 0.204692 0.208068 0.211518 0.215046 0.218652 0.222340 0.226111 0.229968 0.233913 0.237948 0.242076 0.246299 0.250619 0.255038 0.259559 0.264184
0.118416 0.118617 0.120230 0.122067 0.123909 0.125734 0.127553 0.129380 0.131225 0.133094 0.134992 0.136923 0.138889 0.140894 0.142938 0.145024 0.147153 0.149326 0.151546 0.153812 0.156127 0.158491 0.160905 0.163372 0.165891 0.168465 0.171095 0.173781 0.176526 0.179330 0.182195 0.185122 0.188113 0.191169 0.194292 0.197482 0.200742 0.204073 0.207477 0.210955 0.214510 0.218143 0.221856 0.225651 0.229531 0.233498 0.237554 0.241700 0.245940 0.250274
0.111252 0.112129 0.113377 0.114945 0.116664 0.118438 0.120228 0.122023 0.123825 0.125639 0.127470 0.129324 0.131204 0.133115 0.135059 0.137039 0.139056 0.141113 0.143212 0.145352 0.147537 0.149766 0.152042 0.154365 0.156737 0.159158 0.161629 0.164153 0.166729 0.169360 0.172046 0.174789 0.177589 0.180448 0.183368 0.186349 0.189393 0.192502 0.195676 0.198917 0.202227 0.205607 0.209059 0.212585 0.216186 0.219865 0.223623 0.227463 0.231385 0.235393
0.103666 0.105351 0.107045 0.108737 0.110410 0.112066 0.113713 0.115360 0.117016 0.118686 0.120376 0.122091 0.123833 0.125605 0.127410 0.129250 0.131125 0.133038 0.134989 0.136980 0.139011 0.141084 0.143199 0.145357 0.147560 0.149807 0.152100 0.154440 0.156827 0.159263 0.161749 0.164285 0.166872 0.169512 0.172205 0.174953 0.177756 0.180616 0.183534 0.186511 0.189549 0.192648 0.195810 0.199036 0.202328 0.205688 0.209116 0.212615 0.216186 0.219831
0.097767 0.100166 0.102261 0.103931 0.105388 0.106771 0.108145 0.109537 0.110958 0.112412 0.113902 0.115428 0.116989 0.118587 0.120221 0.121892 0.123600 0.125345 0.127127 0.128947 0.130805 0.132702 0.134638 0.136613 0.138629 0.140684 0.142781 0.144918 0.147098 0.149321 0.151586 0.153896 0.156250 0.158649 0.161095 0.163588 0.166128 0.168716 0.171355 0.174043 0.176783 0.179575 0.182420 0.185319 0.188274 0.191285 0.194354 0.197482 0.200670 0.203919
0.094817 0.098632 0.099764 0.100536 0.101361 0.102288 0.103308 0.104406 0.105570 0.106794 0.108070 0.109394 0.110763 0.112175 0.113627 0.115118 0.116647 0.118213 0.119815 0.121454 0.123128 0.124837 0.126582 0.128363 0.130178 0.132029 0.133916 0.135839 0.137797 0.139792 0.141823 0.143891 0.145996 0.148140 0.150321 0.152541 0.154800 0.157099 0.159438 0.161818 0.164239 0.166703 0.169209 0.171758 0.174352 0.176991 0.179675 0.182406 0.185184 0.188010
0.108723 0.099623 0.097353 0.097037 0.097385 0.098019 0.098810 0.099707 0.100684 0.101727 0.102828 0.103980 0.105178 0.106419 0.107700 0.109019 0.110375 0.111765 0.113189 0.114646 0.116135 0.117655 0.119206 0.120787 0.122399 0.124040 0.125711 0.127411 0.129140 0.130899 0.132687 0.134505 0.136352 0.138228 0.140135 0.142071 0.144037 0.146034 0.148061 0.150118 0.152207 0.154327 0.156479 0.158663 0.160879 0.163128 0.165409 0.167724 0.170073 0.172456
0.079646 0.088356 0.090979 0.092123 0.092932 0.093699 0.094497 0.095344 0.096239 0.097181 0.098166 0.099193 0.100257 0.101358 0.102494 0.103661 0.104860 0.106088 0.107345 0.108629 0.109940 0.111276 0.112637 0.114022 0.115431 0.116863 0.118318 0.119796 0.121295 0.122816 0.124359 0.125923 0.127508 0.129115 0.130742 0.132389 0.134058 0.135746 0.137455 0.139185 0.140934 0.142704 0.144493 0.146303 0.148132 0.149982 0.151851 0.153740 0.155649 0.157577
0.088496 0.086629 0.087178 0.088060 0.088942 0.089797 0.090642 0.091492 0.092358 0.093246 0.094158 0.095096 0.096060 0.097049 0.098063 0.099100 0.100161 0.101243 0.102347 0.103471 0.104614 0.105775 0.106955 0.108151 0.109365 0.110594 0.111838 0.113097 0.114371 0.115659 0.116960 0.118273 0.119600 0.120938 0.122288 0.123649 0.125022 0.126404 0.127796 0.129198 0.130609 0.132029 0.133457 0.134893 0.136336 0.137785 0.139241 0.140703 0.142170 0.143642
0.083860 0.084091 0.084471 0.085157 0.085955 0.086774 0.087594 0.088413 0.089238 0.090073 0.090920 0.091782 0.092659 0.093551 0.094458 0.095379 0.096315 0.097265 0.098227 0.099201 0.100188 0.101185 0.102192 0.103210 0.104236 0.105271 0.106314 0.107363 0.108420 0.109482 0.110549 0.111621 0.112696 0.113775 0.114857 0.115940 0.117024 0.118109 0.119193 0.120276 0.121357 0.122435 0.123510 0.124580 0.125645 0.126703 0.127754 0.128797 0.129830 0.130853
0.080489 0.081231 0.082381 0.083285 0.084054 0.084784 0.085512 0.086251 0.087001 0.087762 0.088533 0.089312 0.090100 0.090896 0.091699 0.092508 0.093324 0.094147 0.094974 0.095807 0.096644 0.097486 0.098330 0.099178 0.100027 0.100878 0.101729 0.102581 0.103431 0.104279 0.105125 0.105968 0.106806 0.107639 0.108465 0.109284 0.110095 0.110896 0.111687 0.112467 0.113233 0.113986 0.114723 0.115444 0.116146 0.116830 0.117493 0.118133 0.118750 0.119341
0.075011 0.080791 0.082134 0.082687 0.083181 0.083731 0.084334 0.084972 0.085631 0.086304 0.086985 0.087670 0.088359 0.089050 0.089743 0.090438 0.091133 0.091828 0.092524 0.093219 0.093913 0.094605 0.095295 0.095982 0.096665 0.097343 0.098015 0.098682 0.099340 0.099990 0.100630 0.101260 0.101877 0.102481 0.103071 0.103645 0.104202 0.104741 0.105259 0.105756 0.106229 0.106678 0.107101 0.107495 0.107859 0.108192 0.108491 0.108754 0.108979 0.109164
0.097767 0.085947 0.083045 0.082591 0.082848 0.083323 0.083867 0.084435 0.085011 0.085589 0.086167 0.086745 0.087322 0.087898 0.088472 0.089045 0.089615 0.090183 0.090748 0.091309 0.091865 0.092416 0.092960 0.093497 0.094025 0.094545 0.095053 0.095550 0.096034 0.096503 0.096957 0.097393 0.097811 0.098209 0.098584 0.098937 0.099264 0.099564 0.099835 0.100075 0.100283 0.100456 0.100592 0.100689 0.100744 0.100756 0.100721 0.100638 0.100503 0.100315
0.065740 0.076623 0.080291 0.081876 0.082783 0.083437 0.083986 0.084485 0.084960 0.085424 0.085881 0.086335 0.086788 0.087239 0.087689 0.088138 0.088584 0.089027 0.089466 0.089899 0.090327 0.090747 0.091158 0.091559 0.091949 0.092326 0.092688 0.093035 0.093365 0.093675 0.093964 0.094231 0.094474 0.094690 0.094878 0.095035 0.095160 0.095251 0.095304 0.095319 0.095291 0.095220 0.095102 0.094935 0.094715 0.094441 0.094108 0.093715 0.093258 0.092733
0.079646 0.081149 0.082448 0.083271 0.083816 0.084226 0.084575 0.084899 0.085214 0.085528 0.085845 0.086165 0.086489 0.086817 0.087147 0.087478 0.087809 0.088138 0.088463 0.088784 0.089098 0.089404 0.089700 0.089985 0.090256 0.090512 0.090751 0.090971 0.091170 0.091346 0.091497 0.091621 0.091716 0.091778 0.091807 0.091800 0.091753 0.091666 0.091534 0.091355 0.091126 0.090845 0.090509 0.090113 0.089656 0.089133 0.088542 0.087878 0.087139 0.086319
0.096081 0.089149 0.086528 0.085550 0.085202 0.085113 0.085144 0.085238 0.085373 0.085535 0.085719 0.085919 0.086132 0.086354 0.086584 0.086818 0.087055 0.087292 0.087526 0.087757 0.087981 0.088197 0.088403 0.088595 0.088773 0.088934 0.089075 0.089195 0.089291 0.089361 0.089402 0.089412 0.089388 0.089328 0.089228 0.089087 0.088902 0.088668 0.088384 0.088047 0.087652 0.087197 0.086679 0.086093 0.085436 0.084704 0.083894 0.083001 0.082021 0.080950
0.084282 0.085931 0.085894 0.085556 0.085268 0.085087 0.084999 0.084981 0.085015 0.085088 0.085190 0.085315 0.085457 0.085613 0.085779 0.085951 0.086127 0.086304 0.086479 0.086650 0.086815 0.086970 0.087114 0.087244 0.087357 0.087451 0.087524 0.087573 0.087595 0.087587 0.087548 0.087474 0.087362 0.087209 0.087013 0.086770 0.086477 0.086131 0.085728 0.085266 0.084740 0.084146 0.083482 0.082743 0.081924 0.081022 0.080033 0.078951 0.077772 0.076492
0.080489 0.082847 0.083636 0.083843 0.083865 0.083848 0.083842 0.083862 0.083909 0.083981 0.084075 0.084188 0.084315 0.084453 0.084600 0.084752 0.084907 0.085061 0.085212 0.085358 0.085496 0.085622 0.085736 0.085833 0.085912 0.085969 0.086003 0.086009 0.085986 0.085930 0.085839 0.085710 0.085539 0.085324 0.085060 0.084745 0.084376 0.083948 0.083459 0.082903 0.082279 0.081580 0.080804 0.079947 0.079002 0.077967 0.076835 0.075603 0.074266 0.072817
0.085546 0.082389 0.081587 0.081502 0.081596 0.081721 0.081846 0.081970 0.082099 0.082236 0.082381 0.082534 0.082695 0.082862 0.083032 0.083204 0.083374 0.083541 0.083702 0.083855 0.083996 0.084125 0.084237 0.084330 0.084402 0.084449 0.084470 0.084461 0.084419 0.084341 0.084225 0.084066 0.083863 0.083611 0.083307 0.082947 0.082528 0.082046 0.081498 0.080879 0.080185 0.079411 0.078555 0.077609 0.076571 0.075436 0.074197 0.072850 0.071389 0.069809
0.076275 0.077317 0.078069 0.078534 0.078862 0.079128 0.079368 0.079596 0.079820 0.080042 0.080266 0.080491 0.080717 0.080943 0.081167 0.081387 0.081601 0.081808 0.082006 0.082191 0.082361 0.082515 0.082649 0.082761 0.082848 0.082908 0.082938 0.082934 0.082895 0.082816 0.082696 0.082530 0.082315 0.082047 0.081725 0.081342 0.080897 0.080384 0.079800 0.079141 0.078402 0.077579 0.076668 0.075662 0.074558 0.073350 0.072033 0.070601 0.069049 0.067370
0.068689 0.073999 0.075363 0.075856 0.076170 0.076458 0.076751 0.077051 0.077355 0.077662 0.077970 0.078276 0.078579 0.078878 0.079171 0.079456 0.079731 0.079994 0.080243 0.080476 0.080691 0.080885 0.081056 0.081202 0.081319 0.081406 0.081460 0.081477 0.081455 0.081390 0.081280 0.081122 0.080911 0.080645 0.080319 0.079931 0.079475 0.078949 0.078348 0.077667 0.076903 0.076050 0.075104 0.074060 0.072912 0.071656 0.070285 0.068793 0.067176 0.065425
0.085546 0.076237 0.073949 0.073507 0.073601 0.073873 0.074212 0.074581 0.074964 0.075353 0.075742 0.076129 0.076510 0.076883 0.077247 0.077600 0.077939 0.078262 0.078568 0.078854 0.079119 0.079359 0.079573 0.079759 0.079913 0.080034 0.080118 0.080163 0.080166 0.080123 0.080033 0.079890 0.079693 0.079437 0.079118 0.078734 0.078280 0.077752 0.077146 0.076457 0.075681 0.074812 0.073847 0.072780 0.071606 0.070318 0.068912 0.067381 0.065719 0.063920
0.059840 0.067509 0.069605 0.070439 0.070984 0.071466 0.071937 0.072408 0.072880 0.073350 0.073816 0.074276 0.074728 0.075168 0.075596 0.076009 0.076406 0.076784 0.077141 0.077476 0.077786 0.078070 0.078325 0.078549 0.078738 0.078892 0.079006 0.079079 0.079107 0.079088 0.079018 0.078894 0.078713 0.078471 0.078164 0.077789 0.077341 0.076817 0.076213 0.075523 0.074743 0.073869 0.072894 0.071815 0.070626 0.069320 0.067892 0.066337 0.064647 0.062815
0.068268 0.066936 0.067575 0.068341 0.069020 0.069635 0.070216 0.070778 0.071328 0.071868 0.072398 0.072916 0.073422 0.073913 0.074389 0.074848 0.075288 0.075707 0.076103 0.076475 0.076820 0.077137 0.077422 0.077675 0.077892 0.078071 0.078210 0.078305 0.078353 0.078353 0.078300 0.078192 0.078024 0.077794 0.077498 0.077132 0.076692 0.076174 0.075573 0.074885 0.074106 0.073230 0.072252 0.071167 0.069970 0.068655 0.067216 0.065646 0.063940 0.062090
0.066161 0.066662 0.067005 0.067497 0.068078 0.068689 0.069302 0.069907 0.070500 0.071079 0.071645 0.072196 0.072731 0.073251 0.073753 0.074236 0.074699 0.075139 0.075557 0.075948 0.076312 0.076646 0.076949 0.077217 0.077449 0.077642 0.077794 0.077901 0.077961 0.077971 0.077928 0.077828 0.077668 0.077446 0.077156 0.076795 0.076359 0.075845 0.075247 0.074561 0.073782 0.072906 0.071928 0.070841 0.069641 0.068322 0.066878 0.065302 0.063588 0.061729
