0.078934 0.088037 0.096222 0.103931 0.111378 0.118676 0.125898 0.133093 0.140302 0.147558 0.154893 0.162333 0.169885 0.177428 0.184950 0.192464 0.199982 0.207515 0.215073 0.222664 0.230298 0.237981 0.245721 0.253524 0.261396 0.269343 0.277369 0.285479 0.293678 0.301968 0.310354 0.318840 0.327427 0.336119 0.344917 0.353825 0.362845 0.371977 0.381224 0.390586 0.400066 0.409663 0.419380 0.429216 0.439172 0.449248 0.459444 0.469761 0.480199 0.490757
0.087506 0.093691 0.100449 0.107378 0.114342 0.121309 0.128285 0.135287 0.142339 0.149464 0.156688 0.164034 0.171495 0.178950 0.186394 0.193837 0.201292 0.208767 0.216272 0.223816 0.231406 0.239049 0.246753 0.254522 0.262364 0.270282 0.278282 0.286368 0.294544 0.302814 0.311181 0.319649 0.328220 0.336896 0.345681 0.354576 0.363584 0.372705 0.381941 0.391294 0.400765 0.410354 0.420062 0.429891 0.439840 0.449910 0.460100 0.470412 0.480844 0.491397
0.094352 0.100188 0.106397 0.112787 0.119283 0.125855 0.132498 0.139218 0.146028 0.152946 0.159989 0.167178 0.174482 0.181786 0.189092 0.196412 0.203754 0.211127 0.218538 0.225997 0.233508 0.241080 0.248717 0.256426 0.264211 0.272078 0.280030 0.288073 0.296208 0.304441 0.312774 0.321210 0.329751 0.338400 0.347160 0.356031 0.365017 0.374118 0.383335 0.392670 0.402125 0.411699 0.421393 0.431208 0.441145 0.451203 0.461382 0.471684 0.482106 0.492650
0.099465 0.106371 0.112703 0.118911 0.125128 0.131402 0.137757 0.144211 0.150779 0.157479 0.164327 0.171341 0.178455 0.185580 0.192722 0.199891 0.207095 0.214341 0.221636 0.228988 0.236401 0.243882 0.251436 0.259068 0.266783 0.274584 0.282476 0.290463 0.298547 0.306732 0.315021 0.323416 0.331920 0.340535 0.349262 0.358103 0.367061 0.376136 0.385329 0.394642 0.404076 0.413630 0.423306 0.433105 0.443025 0.453069 0.463234 0.473523 0.483933 0.494466
0.107858 0.113303 0.119213 0.125193 0.131202 0.137263 0.143402 0.149645 0.156012 0.162524 0.169199 0.176053 0.182979 0.189927 0.196906 0.203924 0.210988 0.218104 0.225280 0.232521 0.239833 0.247220 0.254687 0.262239 0.269880 0.277613 0.285442 0.293370 0.301401 0.309536 0.317779 0.326132 0.334596 0.343174 0.351867 0.360677 0.369606 0.378654 0.387822 0.397112 0.406524 0.416058 0.425716 0.435497 0.445401 0.455429 0.465581 0.475856 0.486254 0.496774
0.112471 0.119447 0.125500 0.131351 0.137183 0.143061 0.149021 0.155092 0.161296 0.167656 0.174192 0.180904 0.187666 0.194460 0.201295 0.208179 0.215119 0.222120 0.229189 0.236332 0.243552 0.250854 0.258243 0.265723 0.273298 0.280969 0.288742 0.296618 0.304600 0.312690 0.320892 0.329206 0.337635 0.346181 0.354844 0.363627 0.372530 0.381554 0.390701 0.399970 0.409363 0.418880 0.428522 0.438288 0.448179 0.458194 0.468334 0.478598 0.488985 0.499496
0.123028 0.126904 0.132005 0.137429 0.142981 0.148635 0.154404 0.160307 0.166364 0.172595 0.179019 0.185605 0.192232 0.198901 0.205620 0.212397 0.219237 0.226147 0.233131 0.240195 0.247343 0.254579 0.261908 0.269331 0.276853 0.284477 0.292206 0.300041 0.307986 0.316043 0.324213 0.332499 0.340902 0.349424 0.358065 0.366827 0.375712 0.384720 0.393851 0.403107 0.412487 0.421993 0.431624 0.441380 0.451262 0.461269 0.471402 0.481659 0.492041 0.502546
0.126131 0.132620 0.137980 0.143180 0.148451 0.153854 0.159414 0.165146 0.171064 0.177183 0.183518 0.189990 0.196509 0.203081 0.209712 0.216410 0.223178 0.230022 0.236947 0.243956 0.251055 0.258246 0.265533 0.272919 0.280407 0.288001 0.295701 0.303512 0.311434 0.319470 0.327622 0.335892 0.344280 0.352789 0.361419 0.370171 0.379047 0.388047 0.397172 0.406422 0.415798 0.425300 0.434927 0.444681 0.454562 0.464568 0.474699 0.484956 0.495337 0.505843
0.136847 0.139628 0.143810 0.148471 0.153404 0.158560 0.163931 0.169515 0.175319 0.181350 0.187615 0.193993 0.200431 0.206932 0.213502 0.220145 0.226865 0.233667 0.240555 0.247532 0.254602 0.261767 0.269032 0.276399 0.283871 0.291450 0.299139 0.306939 0.314853 0.322883 0.331030 0.339296 0.347682 0.356189 0.364819 0.373572 0.382450 0.391452 0.400580 0.409834 0.419214 0.428721 0.438354 0.448114 0.458000 0.468012 0.478150 0.488413 0.498801 0.509313
0.138110 0.143604 0.148206 0.152814 0.157615 0.162643 0.167903 0.173397 0.179130 0.185107 0.191320 0.197631 0.204012 0.210465 0.216994 0.223602 0.230294 0.237072 0.243940 0.250901 0.257958 0.265114 0.272372 0.279734 0.287204 0.294782 0.302472 0.310275 0.318194 0.326229 0.334383 0.342656 0.351051 0.359568 0.368208 0.376972 0.385861 0.394876 0.404016 0.413283 0.422676 0.432196 0.441842 0.451616 0.461515 0.471541 0.481692 0.491969 0.502371 0.512896
0.145390 0.147997 0.151994 0.156475 0.161231 0.166219 0.171436 0.176888 0.182584 0.188532 0.194709 0.200975 0.207317 0.213738 0.220240 0.226827 0.233502 0.240268 0.247127 0.254083 0.261138 0.268294 0.275556 0.282923 0.290400 0.297988 0.305689 0.313504 0.321436 0.329487 0.337656 0.345946 0.354359 0.362894 0.371553 0.380336 0.389245 0.398279 0.407440 0.416727 0.426141 0.435682 0.445349 0.455143 0.465063 0.475109 0.485281 0.495578 0.506000 0.516545
0.144963 0.150462 0.155186 0.159833 0.164598 0.169553 0.174729 0.180142 0.185807 0.191733 0.197880 0.204112 0.210426 0.216823 0.223307 0.229879 0.236544 0.243303 0.250160 0.257116 0.264175 0.271338 0.278608 0.285987 0.293478 0.301081 0.308798 0.316632 0.324584 0.332655 0.340847 0.349160 0.357596 0.366156 0.374840 0.383649 0.392583 0.401644 0.410831 0.420145 0.429586 0.439153 0.448848 0.458668 0.468615 0.478688 0.488886 0.499209 0.509655 0.520226
0.151204 0.155014 0.159106 0.163419 0.167982 0.172807 0.177898 0.183255 0.188881 0.194782 0.200900 0.207106 0.213397 0.219776 0.226245 0.232807 0.239465 0.246222 0.253079 0.260039 0.267104 0.274277 0.281559 0.288953 0.296459 0.304081 0.311819 0.319675 0.327650 0.335746 0.343964 0.352304 0.360768 0.369356 0.378070 0.386909 0.395874 0.404965 0.414184 0.423529 0.433001 0.442600 0.452325 0.462177 0.472155 0.482259 0.492487 0.502840 0.513317 0.523917
0.157395 0.159596 0.162816 0.166729 0.171109 0.175843 0.180881 0.186204 0.191806 0.197692 0.203792 0.209979 0.216255 0.222621 0.229081 0.235637 0.242293 0.249049 0.255909 0.262875 0.269950 0.277134 0.284431 0.291841 0.299366 0.307009 0.314769 0.322650 0.330651 0.338774 0.347020 0.355390 0.363885 0.372505 0.381250 0.390122 0.399121 0.408246 0.417498 0.426878 0.436385 0.446018 0.455778 0.465664 0.475677 0.485814 0.496077 0.506464 0.516974 0.527606
0.157331 0.160589 0.164649 0.169033 0.173655 0.178508 0.183603 0.188950 0.194562 0.200451 0.206547 0.212729 0.218998 0.225360 0.231818 0.238374 0.245031 0.251792 0.258660 0.265636 0.272723 0.279922 0.287236 0.294665 0.302212 0.309877 0.317663 0.325570 0.333599 0.341752 0.350029 0.358431 0.366958 0.375611 0.384391 0.393298 0.402332 0.411493 0.420782 0.430198 0.439741 0.449411 0.459208 0.469131 0.479180 0.489354 0.499652 0.510075 0.520620 0.531287
0.153062 0.160554 0.166131 0.171133 0.176028 0.181007 0.186160 0.191535 0.197161 0.203059 0.209159 0.215343 0.221615 0.227981 0.234444 0.241008 0.247674 0.254447 0.261329 0.268320 0.275425 0.282644 0.289979 0.297431 0.305003 0.312695 0.320509 0.328445 0.336505 0.344690 0.352999 0.361435 0.369997 0.378686 0.387502 0.396445 0.405516 0.414715 0.424041 0.433495 0.443077 0.452785 0.462620 0.472581 0.482667 0.492878 0.503214 0.513673 0.524255 0.534958
0.162798 0.165724 0.169736 0.174121 0.178742 0.183588 0.188673 0.194013 0.199624 0.205520 0.211622 0.217812 0.224095 0.230472 0.236950 0.243529 0.250214 0.257006 0.263909 0.270923 0.278052 0.285297 0.292659 0.300140 0.307741 0.315464 0.323310 0.331279 0.339373 0.347592 0.355938 0.364410 0.373008 0.381735 0.390589 0.399570 0.408680 0.417917 0.427283 0.436775 0.446396 0.456143 0.466016 0.476016 0.486140 0.496390 0.506763 0.517259 0.527878 0.538617
0.167354 0.170106 0.173349 0.177162 0.181434 0.186081 0.191056 0.196340 0.201927 0.207818 0.213926 0.220129 0.226428 0.232827 0.239327 0.245932 0.252643 0.259464 0.266396 0.273441 0.280602 0.287879 0.295275 0.302791 0.310427 0.318186 0.326069 0.334075 0.342207 0.350464 0.358848 0.367359 0.375997 0.384763 0.393656 0.402678 0.411827 0.421104 0.430509 0.440042 0.449701 0.459487 0.469400 0.479438 0.489601 0.499888 0.510299 0.520832 0.531486 0.542261
0.169814 0.172085 0.175394 0.179252 0.183529 0.188167 0.193137 0.198423 0.204020 0.209928 0.216058 0.222286 0.228614 0.235044 0.241578 0.248217 0.254965 0.261823 0.268793 0.275877 0.283077 0.290394 0.297830 0.305386 0.313063 0.320863 0.328787 0.336835 0.345008 0.353307 0.361732 0.370285 0.378964 0.387771 0.396706 0.405768 0.414958 0.424276 0.433721 0.443293 0.452992 0.462818 0.472769 0.482845 0.493045 0.503369 0.513816 0.524385 0.535075 0.545884
0.166631 0.171724 0.176096 0.180468 0.185023 0.189822 0.194892 0.200246 0.205894 0.211847 0.218019 0.224289 0.230659 0.237132 0.243709 0.250393 0.257186 0.264089 0.271105 0.278236 0.285482 0.292845 0.300327 0.307930 0.315653 0.323499 0.331468 0.339561 0.347778 0.356122 0.364591 0.373187 0.381909 0.390759 0.399736 0.408840 0.418071 0.427429 0.436914 0.446526 0.456264 0.466127 0.476116 0.486229 0.496466 0.506825 0.517307 0.527910 0.538633 0.549475
0.169338 0.172821 0.177121 0.181658 0.186372 0.191293 0.196454 0.201880 0.207591 0.213599 0.219827 0.226152 0.232576 0.239103 0.245734 0.252472 0.259319 0.266276 0.273345 0.280528 0.287826 0.295241 0.302774 0.310427 0.318200 0.326095 0.334112 0.342253 0.350517 0.358906 0.367421 0.376061 0.384828 0.393720 0.402739 0.411885 0.421157 0.430555 0.440079 0.449729 0.459504 0.469404 0.479429 0.489577 0.499848 0.510241 0.520755 0.531389 0.542143 0.553015
0.168993 0.174186 0.178646 0.183124 0.187800 0.192722 0.197912 0.203382 0.209146 0.215212 0.221504 0.227894 0.234383 0.240974 0.247668 0.254468 0.261376 0.268393 0.275521 0.282762 0.290117 0.297587 0.305175 0.312880 0.320705 0.328651 0.336717 0.344906 0.353218 0.361654 0.370214 0.378899 0.387708 0.396643 0.405703 0.414889 0.424200 0.433636 0.443197 0.452884 0.462694 0.472629 0.482686 0.492867 0.503169 0.513593 0.524136 0.534800 0.545581 0.556479
0.174812 0.176864 0.180378 0.184531 0.189095 0.193998 0.199213 0.204734 0.210559 0.216694 0.223062 0.229529 0.236094 0.242759 0.249525 0.256394 0.263368 0.270450 0.277641 0.284942 0.292355 0.299883 0.307526 0.315285 0.323162 0.331158 0.339274 0.347511 0.355869 0.364350 0.372953 0.381680 0.390531 0.399506 0.408605 0.417829 0.427176 0.436648 0.446244 0.455963 0.465806 0.475772 0.485859 0.496069 0.506399 0.516850 0.527419 0.538107 0.548912 0.559834
0.171712 0.176518 0.180804 0.185234 0.189950 0.194971 0.200292 0.205913 0.211833 0.218056 0.224518 0.231075 0.237725 0.244470 0.251312 0.258253 0.265297 0.272445 0.279699 0.287061 0.294533 0.302116 0.309813 0.317624 0.325552 0.333596 0.341759 0.350041 0.358443 0.366966 0.375611 0.384378 0.393267 0.402278 0.411413 0.420671 0.430051 0.439555 0.449182 0.458931 0.468802 0.478794 0.488908 0.499143 0.509497 0.519970 0.530561 0.541270 0.552095 0.563035
0.173693 0.176738 0.180910 0.185557 0.190508 0.195727 0.201211 0.206967 0.213004 0.219330 0.225893 0.232544 0.239281 0.246107 0.253025 0.260038 0.267149 0.274360 0.281675 0.289095 0.296622 0.304259 0.312006 0.319867 0.327841 0.335930 0.344136 0.352460 0.360902 0.369464 0.378145 0.386948 0.395871 0.404915 0.414081 0.423369 0.432779 0.442310 0.451963 0.461737 0.471632 0.481648 0.491783 0.502038 0.512411 0.522903 0.533511 0.544236 0.555076 0.566029
0.170058 0.175672 0.180785 0.185862 0.191068 0.196470 0.202100 0.207979 0.214121 0.220540 0.227193 0.233931 0.240747 0.247647 0.254634 0.261713 0.268885 0.276156 0.283526 0.290999 0.298577 0.306262 0.314056 0.321961 0.329977 0.338107 0.346352 0.354713 0.363191 0.371786 0.380500 0.389333 0.398286 0.407359 0.416552 0.425865 0.435299 0.444853 0.454528 0.464323 0.474237 0.484271 0.494423 0.504694 0.515082 0.525587 0.536208 0.546944 0.557794 0.568757
0.171844 0.176641 0.181525 0.186569 0.191818 0.197290 0.202998 0.208953 0.215168 0.221653 0.228376 0.235184 0.242066 0.249029 0.256077 0.263213 0.270441 0.277763 0.285184 0.292704 0.300328 0.308056 0.315891 0.323835 0.331890 0.340056 0.348335 0.356729 0.365237 0.373862 0.382605 0.391464 0.400442 0.409539 0.418754 0.428089 0.437543 0.447115 0.456807 0.466618 0.476547 0.486595 0.496760 0.507041 0.517440 0.527954 0.538582 0.549325 0.560181 0.571148
0.174064 0.177838 0.182328 0.187262 0.192506 0.198010 0.203762 0.209766 0.216028 0.222559 0.229334 0.236198 0.243136 0.250154 0.257254 0.264441 0.271718 0.279088 0.286554 0.294118 0.301782 0.309550 0.317423 0.325403 0.333491 0.341690 0.350000 0.358422 0.366959 0.375610 0.384376 0.393259 0.402259 0.411375 0.420609 0.429961 0.439431 0.449018 0.458723 0.468546 0.478486 0.488542 0.498715 0.509004 0.519408 0.529927 0.540559 0.551304 0.562161 0.573129
0.172300 0.177168 0.182218 0.187406 0.192774 0.198353 0.204161 0.210212 0.216517 0.223087 0.229907 0.236825 0.243817 0.250887 0.258038 0.265275 0.272599 0.280015 0.287524 0.295130 0.302835 0.310640 0.318549 0.326563 0.334684 0.342913 0.351252 0.359701 0.368263 0.376937 0.385726 0.394629 0.403647 0.412781 0.422030 0.431396 0.440878 0.450477 0.460192 0.470023 0.479970 0.490032 0.500210 0.510502 0.520908 0.531427 0.542059 0.552802 0.563657 0.574621
0.171247 0.176561 0.181759 0.187032 0.192470 0.198112 0.203980 0.210085 0.216439 0.223052 0.229921 0.236902 0.243955 0.251083 0.258291 0.265581 0.272956 0.280420 0.287976 0.295625 0.303371 0.311216 0.319162 0.327211 0.335365 0.343624 0.351992 0.360468 0.369054 0.377751 0.386561 0.395483 0.404518 0.413667 0.422930 0.432308 0.441801 0.451408 0.461130 0.470967 0.480918 0.490983 0.501161 0.511453 0.521858 0.532374 0.543002 0.553740 0.564588 0.575544
0.169903 0.175542 0.180664 0.185913 0.191389 0.197099 0.203040 0.209215 0.215631 0.222296 0.229219 0.236278 0.243405 0.250604 0.257877 0.265229 0.272663 0.280183 0.287791 0.295490 0.303283 0.311172 0.319159 0.327246 0.335435 0.343727 0.352125 0.360629 0.369241 0.377962 0.386792 0.395733 0.404785 0.413949 0.423225 0.432613 0.442114 0.451728 0.461455 0.471295 0.481248 0.491313 0.501490 0.511778 0.522178 0.532689 0.543309 0.554038 0.564876 0.575821
0.172383 0.174064 0.178505 0.183750 0.189342 0.195172 0.201219 0.207483 0.213972 0.220697 0.227671 0.234826 0.242043 0.249326 0.256679 0.264106 0.271611 0.279197 0.286867 0.294625 0.302472 0.310412 0.318446 0.326577 0.334807 0.343137 0.351569 0.360104 0.368743 0.377489 0.386342 0.395302 0.404371 0.413549 0.422837 0.432235 0.441743 0.451362 0.461093 0.470934 0.480885 0.490948 0.501120 0.511403 0.521795 0.532297 0.542906 0.553624 0.564448 0.575378
0.158313 0.167951 0.174489 0.180406 0.186287 0.192284 0.198449 0.204807 0.211374 0.218165 0.225193 0.232442 0.239769 0.247155 0.254605 0.262123 0.269714 0.277380 0.285126 0.292953 0.300865 0.308865 0.316954 0.325136 0.333412 0.341784 0.350254 0.358823 0.367494 0.376266 0.385142 0.394123 0.403209 0.412401 0.421700 0.431107 0.440621 0.450244 0.459975 0.469815 0.479764 0.489821 0.499987 0.510260 0.520642 0.531131 0.541726 0.552428 0.563235 0.574147
0.163034 0.165617 0.170725 0.176413 0.182322 0.188402 0.194659 0.201108 0.207760 0.214628 0.221722 0.229053 0.236514 0.244026 0.251594 0.259224 0.266918 0.274681 0.282515 0.290425 0.298413 0.306482 0.314635 0.322874 0.331202 0.339621 0.348133 0.356740 0.365442 0.374243 0.383144 0.392145 0.401248 0.410453 0.419762 0.429176 0.438694 0.448318 0.458048 0.467884 0.477827 0.487875 0.498030 0.508291 0.518658 0.529131 0.539708 0.550391 0.561177 0.572067
0.152047 0.159321 0.165266 0.171135 0.177146 0.183339 0.189720 0.196294 0.203066 0.210042 0.217231 0.224643 0.232250 0.239916 0.247628 0.255390 0.263206 0.271081 0.279019 0.287023 0.295097 0.303243 0.311466 0.319769 0.328153 0.336622 0.345178 0.353823 0.362559 0.371388 0.380312 0.389332 0.398450 0.407666 0.416983 0.426401 0.435920 0.445542 0.455266 0.465095 0.475027 0.485062 0.495203 0.505447 0.515795 0.526247 0.536802 0.547461 0.558222 0.569085
0.147660 0.152505 0.158236 0.164271 0.170517 0.176950 0.183559 0.190342 0.197299 0.204436 0.211759 0.219279 0.227003 0.234852 0.242731 0.250645 0.258600 0.266600 0.274651 0.282758 0.290924 0.299153 0.307450 0.315817 0.324259 0.332778 0.341377 0.350059 0.358827 0.367681 0.376626 0.385662 0.394791 0.404014 0.413334 0.422751 0.432266 0.441881 0.451595 0.461411 0.471327 0.481345 0.491465 0.501687 0.512011 0.522437 0.532965 0.543594 0.554325 0.565157
0.136667 0.142901 0.149233 0.155781 0.162494 0.169338 0.176301 0.183385 0.190594 0.197939 0.205431 0.213082 0.220908 0.228904 0.236968 0.245046 0.253148 0.261281 0.269450 0.277661 0.285921 0.294232 0.302601 0.311032 0.319529 0.328094 0.336733 0.345447 0.354241 0.363116 0.372076 0.381121 0.390255 0.399480 0.408796 0.418206 0.427711 0.437312 0.447010 0.456806 0.466700 0.476694 0.486787 0.496981 0.507274 0.517668 0.528162 0.538757 0.549451 0.560246
0.124538 0.131444 0.138784 0.146165 0.153534 0.160903 0.168290 0.175718 0.183206 0.190774 0.198441 0.206224 0.214143 0.222213 0.230422 0.238668 0.246916 0.255179 0.263462 0.271775 0.280122 0.288511 0.296946 0.305433 0.313977 0.322583 0.331253 0.339992 0.348804 0.357692 0.366658 0.375705 0.384837 0.394054 0.403359 0.412754 0.422240 0.431819 0.441493 0.451261 0.461126 0.471088 0.481147 0.491305 0.501561 0.511916 0.522370 0.532923 0.543575 0.554326
0.109256 0.119358 0.128120 0.136357 0.144340 0.152185 0.159954 0.167690 0.175424 0.183186 0.190999 0.198888 0.206874 0.214979 0.223217 0.231574 0.239963 0.248344 0.256732 0.265135 0.273560 0.282015 0.290506 0.299039 0.307620 0.316254 0.324946 0.333700 0.342520 0.351410 0.360373 0.369412 0.378530 0.387730 0.397015 0.406385 0.415844 0.425392 0.435032 0.444765 0.454592 0.464514 0.474531 0.484645 0.494857 0.505165 0.515572 0.526076 0.536679 0.547380
0.101391 0.110023 0.118670 0.127141 0.135432 0.143574 0.151604 0.159558 0.167467 0.175362 0.183271 0.191220 0.199233 0.207333 0.215542 0.223875 0.232319 0.240811 0.249287 0.257766 0.266255 0.274763 0.283296 0.291863 0.300468 0.309119 0.317820 0.326576 0.335392 0.344273 0.353221 0.362241 0.371336 0.380509 0.389762 0.399098 0.408519 0.418028 0.427625 0.437313 0.447093 0.456966 0.466934 0.476996 0.487155 0.497409 0.507761 0.518211 0.528757 0.539402
0.093043 0.101129 0.109709 0.118318 0.126802 0.135135 0.143332 0.151422 0.159435 0.167402 0.175351 0.183311 0.191306 0.199361 0.207500 0.215745 0.224109 0.232586 0.241136 0.249676 0.258214 0.266761 0.275323 0.283909 0.292526 0.301181 0.309879 0.318625 0.327426 0.336286 0.345208 0.354198 0.363259 0.372393 0.381605 0.390897 0.400271 0.409729 0.419275 0.428909 0.438634 0.448450 0.458359 0.468362 0.478460 0.488654 0.498944 0.509331 0.519815 0.530397
0.079833 0.090669 0.100379 0.109504 0.118272 0.126787 0.135110 0.143285 0.151351 0.159340 0.167284 0.175211 0.183149 0.191123 0.199157 0.207275 0.215497 0.223840 0.232304 0.240859 0.249443 0.258013 0.266592 0.275186 0.283802 0.292448 0.301131 0.309856 0.318630 0.327458 0.336344 0.345293 0.354309 0.363395 0.372556 0.381794 0.391111 0.400512 0.409997 0.419569 0.429229 0.438981 0.448824 0.458760 0.468791 0.478917 0.489139 0.499457 0.509873 0.520385
0.071318 0.081917 0.091704 0.100996 0.109918 0.118548 0.126947 0.135163 0.143238 0.151209 0.159108 0.166966 0.174811 0.182670 0.190569 0.198530 0.206578 0.214732 0.223010 0.231418 0.239940 0.248530 0.257113 0.265703 0.274308 0.282936 0.291593 0.300287 0.309024 0.317810 0.326650 0.335549 0.344511 0.353540 0.362641 0.371816 0.381069 0.390403 0.399820 0.409322 0.418912 0.428592 0.438362 0.448225 0.458182 0.468234 0.478381 0.488625 0.498967 0.509406
0.065009 0.074151 0.083639 0.092901 0.101854 0.110515 0.118926 0.127129 0.135166 0.143074 0.150887 0.158637 0.166355 0.174067 0.181799 0.189577 0.197423 0.205360 0.213410 0.221588 0.229906 0.238357 0.246909 0.255494 0.264076 0.272676 0.281299 0.289953 0.298644 0.307380 0.316165 0.325006 0.333906 0.342871 0.351904 0.361010 0.370191 0.379451 0.388793 0.398219 0.407732 0.417333 0.427025 0.436809 0.446686 0.456659 0.466727 0.476892 0.487154 0.497514
0.055167 0.066061 0.075905 0.085236 0.094187 0.102818 0.111175 0.119303 0.127243 0.135035 0.142714 0.150313 0.157863 0.165392 0.172927 0.180492 0.188112 0.195809 0.203605 0.211519 0.219570 0.227771 0.236121 0.244603 0.253164 0.261725 0.270306 0.278912 0.287551 0.296229 0.304952 0.313727 0.322559 0.331453 0.340413 0.349442 0.358546 0.367727 0.376988 0.386332 0.395762 0.405280 0.414888 0.424588 0.434381 0.444269 0.454253 0.464334 0.474513 0.484791
0.049038 0.059131 0.068892 0.078199 0.087085 0.095612 0.103838 0.111815 0.119589 0.127201 0.134689 0.142087 0.149425 0.156733 0.164037 0.171362 0.178731 0.186166 0.193689 0.201320 0.209080 0.216984 0.225048 0.233278 0.241663 0.250165 0.258701 0.267251 0.275830 0.284444 0.293100 0.301804 0.310562 0.319378 0.328259 0.337207 0.346228 0.355324 0.364500 0.373758 0.383100 0.392530 0.402050 0.411661 0.421366 0.431165 0.441061 0.451055 0.461147 0.471338
0.042607 0.053093 0.062877 0.072049 0.080738 0.089040 0.097029 0.104763 0.112292 0.119657 0.126896 0.134042 0.141126 0.148175 0.155216 0.162273 0.169368 0.176523 0.183758 0.191094 0.198548 0.206141 0.213888 0.221804 0.229899 0.238170 0.246589 0.255088 0.263599 0.272144 0.280726 0.289354 0.298032 0.306767 0.315563 0.324426 0.333359 0.342367 0.351452 0.360619 0.369870 0.379208 0.388635 0.398154 0.407766 0.417473 0.427277 0.437179 0.447180 0.457281
0.038941 0.049067 0.058265 0.066940 0.075207 0.083134 0.090775 0.098180 0.105392 0.112449 0.119388 0.126239 0.133032 0.139793 0.146545 0.153313 0.160117 0.166978 0.173914 0.180946 0.188090 0.195364 0.202786 0.210372 0.218137 0.226092 0.234239 0.242560 0.251002 0.259471 0.267975 0.276521 0.285116 0.293765 0.302473 0.311245 0.320087 0.329001 0.337993 0.347064 0.356220 0.365462 0.374792 0.384215 0.393730 0.403341 0.413049 0.422855 0.432761 0.442768
0.037770 0.046062 0.054439 0.062531 0.070303 0.077783 0.085013 0.092033 0.098881 0.105593 0.112199 0.118728 0.125206 0.131659 0.138107 0.144573 0.151076 0.157635 0.164268 0.170992 0.177824 0.184780 0.191878 0.199132 0.206559 0.214174 0.221987 0.230006 0.238221 0.246589 0.255014 0.263474 0.271981 0.280539 0.289155 0.297833 0.306579 0.315396 0.324289 0.333262 0.342318 0.351459 0.360690 0.370011 0.379426 0.388936 0.398544 0.408251 0.418058 0.427966
0.033997 0.042873 0.050932 0.058550 0.065840 0.072863 0.079665 0.086283 0.092753 0.099104 0.105365 0.111562 0.117718 0.123856 0.129995 0.136155 0.142355 0.148610 0.154939 0.161357 0.167880 0.174522 0.181300 0.188228 0.195322 0.202596 0.210064 0.217740 0.225631 0.233734 0.242017 0.250395 0.258809 0.267273 0.275792 0.284372 0.293018 0.301735 0.310526 0.319395 0.328347 0.337384 0.346510 0.355726 0.365036 0.374441 0.383944 0.393547 0.403250 0.413055
0.033246 0.040595 0.047903 0.054961 0.061762 0.068335 0.074717 0.080942 0.087038 0.093034 0.098955 0.104823 0.110660 0.116486 0.122318 0.128176 0.134074 0.140030 0.146059 0.152175 0.158394 0.164728 0.171194 0.177803 0.184572 0.191513 0.198641 0.205970 0.213513 0.221280 0.229271 0.237465 0.245789 0.254154 0.262574 0.271053 0.279596 0.288207 0.296892 0.305655 0.314498 0.323427 0.332443 0.341549 0.350749 0.360045 0.369438 0.378931 0.388525 0.398222
0.030324 0.038060 0.045092 0.051731 0.058097 0.064253 0.070238 0.076087 0.081826 0.087480 0.093071 0.098619 0.104145 0.109665 0.115197 0.120758 0.126361 0.132023 0.137758 0.143579 0.149500 0.155534 0.161695 0.167995 0.174448 0.181067 0.187866 0.194857 0.202055 0.209472 0.217120 0.225003 0.233106 0.241369 0.249687 0.258061 0.266498 0.275001 0.283577 0.292228 0.300960 0.309775 0.318677 0.327670 0.336755 0.345935 0.355214 0.364592 0.374072 0.383655
0.029987 0.036627 0.042986 0.049100 0.055012 0.060754 0.066355 0.071841 0.077234 0.082556 0.087826 0.093063 0.098285 0.103507 0.108745 0.114015 0.119331 0.124706 0.130153 0.135686 0.141318 0.147060 0.152925 0.158925 0.165074 0.171382 0.177862 0.184528 0.191393 0.198469 0.205770 0.213307 0.221087 0.229102 0.237301 0.245571 0.253899 0.262293 0.270756 0.279293 0.287909 0.296607 0.305392 0.314265 0.323231 0.332292 0.341450 0.350708 0.360068 0.369531
0.030588 0.036029 0.041616 0.047163 0.052607 0.057937 0.063159 0.068289 0.073345 0.078343 0.083300 0.088234 0.093159 0.098091 0.103043 0.108030 0.113066 0.118162 0.123331 0.128585 0.133936 0.139396 0.144976 0.150687 0.156542 0.162552 0.168729 0.175084 0.181630 0.188379 0.195345 0.202541 0.209978 0.217664 0.225597 0.233733 0.241955 0.250237 0.258586 0.267008 0.275505 0.284084 0.292747 0.301498 0.310340 0.319277 0.328310 0.337443 0.346678 0.356016
0.029861 0.035239 0.040539 0.045718 0.050783 0.055747 0.060620 0.065417 0.070153 0.074843 0.079502 0.084145 0.088786 0.093439 0.098118 0.102834 0.107601 0.112429 0.117332 0.122319 0.127402 0.132593 0.137901 0.143337 0.148913 0.154639 0.160527 0.166587 0.172832 0.179272 0.185921 0.192791 0.199895 0.207246 0.214852 0.222713 0.230791 0.238965 0.247200 0.255505 0.263883 0.272340 0.280879 0.289505 0.298221 0.307029 0.315934 0.324937 0.334042 0.343250
0.028578 0.034393 0.039593 0.044540 0.049333 0.054010 0.058595 0.063105 0.067559 0.071973 0.076361 0.080738 0.085118 0.089514 0.093938 0.098402 0.102918 0.107498 0.112151 0.116888 0.121721 0.126658 0.131711 0.136890 0.142204 0.147664 0.153281 0.159066 0.165028 0.171180 0.177533 0.184099 0.190890 0.197920 0.205200 0.212742 0.220546 0.228577 0.236700 0.244888 0.253147 0.261482 0.269896 0.278395 0.286982 0.295660 0.304432 0.313303 0.322274 0.331347
0.029217 0.033845 0.038712 0.043471 0.048077 0.052550 0.056915 0.061198 0.065422 0.069603 0.073761 0.077908 0.082060 0.086230 0.090428 0.094668 0.098959 0.103313 0.107740 0.112250 0.116854 0.121560 0.126379 0.131321 0.136395 0.141611 0.146979 0.152509 0.158211 0.164097 0.170177 0.176463 0.182965 0.189698 0.196674 0.203905 0.211402 0.219169 0.227160 0.235233 0.243373 0.251586 0.259875 0.268246 0.276702 0.285248 0.293887 0.302622 0.311456 0.320393
0.027041 0.032740 0.037787 0.042485 0.046959 0.051271 0.055465 0.059571 0.063613 0.067611 0.071583 0.075544 0.079508 0.083487 0.087495 0.091542 0.095639 0.099797 0.104026 0.108336 0.112737 0.117237 0.121848 0.126577 0.131434 0.136430 0.141573 0.146873 0.152341 0.157985 0.163818 0.169849 0.176090 0.182554 0.189251 0.196196 0.203401 0.210878 0.218629 0.226582 0.234605 0.242696 0.250860 0.259103 0.267429 0.275842 0.284346 0.292944 0.301641 0.310439
0.027479 0.032608 0.037283 0.041721 0.045995 0.050143 0.054189 0.058154 0.062056 0.065913 0.069742 0.073557 0.077371 0.081198 0.085049 0.088937 0.092872 0.096865 0.100926 0.105064 0.109290 0.113612 0.118040 0.122583 0.127251 0.132052 0.136996 0.142093 0.147351 0.152781 0.158393 0.164198 0.170205 0.176428 0.182876 0.189564 0.196504 0.203710 0.211192 0.218950 0.226858 0.234828 0.242868 0.250983 0.259178 0.267458 0.275827 0.284290 0.292848 0.301507
0.029501 0.032836 0.036868 0.041013 0.045114 0.049133 0.053067 0.056926 0.060724 0.064474 0.068192 0.071893 0.075589 0.079294 0.083020 0.086778 0.090580 0.094436 0.098356 0.102351 0.106428 0.110599 0.114872 0.119256 0.123760 0.128393 0.133165 0.138084 0.143160 0.148403 0.153822 0.159428 0.165231 0.171241 0.177471 0.183933 0.190639 0.197602 0.204836 0.212354 0.220119 0.227968 0.235884 0.243872 0.251937 0.260085 0.268320 0.276647 0.285068 0.293587
0.025746 0.031296 0.035911 0.040191 0.044291 0.048262 0.052129 0.055912 0.059627 0.063290 0.066918 0.070525 0.074125 0.077730 0.081352 0.085004 0.088697 0.092440 0.096244 0.100118 0.104073 0.108117 0.112259 0.116508 0.120874 0.125365 0.129990 0.134758 0.139678 0.144760 0.150013 0.155448 0.161073 0.166901 0.172942 0.179207 0.185710 0.192462 0.199478 0.206773 0.214352 0.222080 0.229871 0.237732 0.245668 0.253685 0.261787 0.269979 0.278265 0.286647
0.026890 0.031091 0.035452 0.039673 0.043728 0.047640 0.051437 0.055143 0.058778 0.062360 0.065906 0.069429 0.072944 0.076463 0.079998 0.083561 0.087162 0.090811 0.094519 0.098294 0.102147 0.106086 0.110120 0.114257 0.118508 0.122879 0.127381 0.132022 0.136811 0.141757 0.146870 0.152159 0.157635 0.163307 0.169186 0.175285 0.181614 0.188186 0.195015 0.202115 0.209501 0.217101 0.224767 0.232502 0.240310 0.248198 0.256169 0.264229 0.272381 0.280630
0.026505 0.031177 0.035472 0.039557 0.043486 0.047287 0.050985 0.054600 0.058150 0.061650 0.065117 0.068564 0.072004 0.075448 0.078909 0.082396 0.085920 0.089491 0.093119 0.096813 0.100582 0.104434 0.108379 0.112424 0.116580 0.120853 0.125253 0.129789 0.134469 0.139302 0.144298 0.149466 0.154815 0.160357 0.166101 0.172059 0.178242 0.184663 0.191335 0.198271 0.205487 0.212950 0.220492 0.228102 0.235784 0.243544 0.251388 0.259319 0.267342 0.275461
0.027579 0.031665 0.035676 0.039577 0.043368 0.047058 0.050661 0.054192 0.057665 0.061094 0.064493 0.067875 0.071250 0.074632 0.078030 0.081455 0.084916 0.088423 0.091986 0.095613 0.099313 0.103095 0.106967 0.110938 0.115016 0.119209 0.123526 0.127975 0.132566 0.137306 0.142206 0.147274 0.152520 0.157954 0.163586 0.169428 0.175490 0.181785 0.188326 0.195126 0.202200 0.209531 0.216951 0.224438 0.231997 0.239635 0.247355 0.255162 0.263060 0.271054
0.027033 0.031398 0.035488 0.039387 0.043145 0.046789 0.050342 0.053821 0.057243 0.060622 0.063971 0.067304 0.070631 0.073963 0.077312 0.080688 0.084099 0.087556 0.091067 0.094640 0.098286 0.102011 0.105825 0.109735 0.113750 0.117878 0.122127 0.126507 0.131025 0.135690 0.140511 0.145497 0.150658 0.156004 0.161545 0.167291 0.173255 0.179447 0.185881 0.192570 0.199527 0.206739 0.214041 0.221409 0.228851 0.236370 0.243971 0.251660 0.259440 0.267314
0.026681 0.031070 0.035174 0.039082 0.042837 0.046468 0.050000 0.053454 0.056848 0.060197 0.063514 0.066814 0.070107 0.073405 0.076718 0.080056 0.083430 0.086847 0.090317 0.093849 0.097451 0.101131 0.104897 0.108759 0.112723 0.116799 0.120994 0.125316 0.129775 0.134379 0.139137 0.144057 0.149149 0.154424 0.159890 0.165559 0.171443 0.177552 0.183899 0.190497 0.197361 0.204467 0.211656 0.218912 0.226241 0.233648 0.241138 0.248714 0.256382 0.264144
0.027469 0.031165 0.035047 0.038860 0.042565 0.046166 0.049676 0.053111 0.056486 0.059815 0.063112 0.066390 0.069661 0.072934 0.076221 0.079533 0.082877 0.086264 0.089702 0.093200 0.096767 0.100411 0.104140 0.107962 0.111885 0.115918 0.120069 0.124345 0.128756 0.133310 0.138016 0.142883 0.147919 0.153136 0.158542 0.164149 0.169968 0.176010 0.182287 0.188813 0.195602 0.202612 0.209695 0.216845 0.224069 0.231371 0.238755 0.246226 0.253789 0.261446
0.026273 0.030866 0.034861 0.038656 0.042330 0.045904 0.049393 0.052812 0.056172 0.059488 0.062771 0.066033 0.069286 0.072541 0.075809 0.079098 0.082419 0.085781 0.089194 0.092664 0.096202 0.099816 0.103513 0.107302 0.111191 0.115189 0.119302 0.123541 0.127912 0.132425 0.137089 0.141911 0.146902 0.152072 0.157430 0.162986 0.168753 0.174740 0.180962 0.187430 0.194159 0.201078 0.208062 0.215114 0.222240 0.229443 0.236730 0.244104 0.251568 0.259127
0.027047 0.030718 0.034613 0.038413 0.042091 0.045665 0.049149 0.052561 0.055913 0.059219 0.062491 0.065741 0.068979 0.072218 0.075467 0.078737 0.082037 0.085377 0.088765 0.092211 0.095723 0.099310 0.102980 0.106740 0.110600 0.114567 0.118649 0.122855 0.127193 0.131672 0.136300 0.141086 0.146040 0.151170 0.156488 0.162004 0.167728 0.173672 0.179848 0.186270 0.192950 0.199779 0.206671 0.213632 0.220667 0.227780 0.234976 0.242259 0.249633 0.257102
0.025801 0.030299 0.034322 0.038155 0.041855 0.045445 0.048940 0.052356 0.055707 0.059007 0.062269 0.065505 0.068728 0.071949 0.075179 0.078428 0.081706 0.085024 0.088389 0.091811 0.095299 0.098861 0.102505 0.106240 0.110073 0.114013 0.118068 0.122245 0.126555 0.131004 0.135601 0.140356 0.145278 0.150376 0.155661 0.161142 0.166831 0.172739 0.178878 0.185262 0.191895 0.198639 0.205447 0.212323 0.219274 0.226304 0.233416 0.240616 0.247907 0.255292
0.026248 0.030060 0.034022 0.037893 0.041639 0.045263 0.048778 0.052201 0.055550 0.058840 0.062087 0.065306 0.068509 0.071708 0.074916 0.078142 0.081398 0.084692 0.088034 0.091432 0.094897 0.098435 0.102055 0.105765 0.109574 0.113489 0.117519 0.121671 0.125955 0.130378 0.134949 0.139677 0.144571 0.149641 0.154897 0.160349 0.166008 0.171885 0.177994 0.184346 0.190928 0.197593 0.204322 0.211121 0.217995 0.224947 0.231983 0.239106 0.246320 0.253629
0.024341 0.029330 0.033668 0.037697 0.041513 0.045164 0.048683 0.052096 0.055427 0.058695 0.061918 0.065111 0.068288 0.071462 0.074644 0.077845 0.081076 0.084347 0.087665 0.091040 0.094482 0.097997 0.101594 0.105282 0.109068 0.112961 0.116967 0.121097 0.125357 0.129756 0.134303 0.139007 0.143877 0.148922 0.154152 0.159578 0.165211 0.171062 0.177143 0.183468 0.189993 0.196586 0.203243 0.209970 0.216773 0.223654 0.230619 0.237672 0.244815 0.252053
0.025590 0.029701 0.033857 0.037816 0.041577 0.045174 0.048643 0.052010 0.055298 0.058528 0.061715 0.064876 0.068023 0.071169 0.074324 0.077501 0.080708 0.083955 0.087251 0.090605 0.094025 0.097519 0.101095 0.104762 0.108527 0.112398 0.116384 0.120492 0.124731 0.129108 0.133633 0.138314 0.143161 0.148183 0.153390 0.158792 0.164400 0.170227 0.176283 0.182582 0.189047 0.195573 0.202164 0.208825 0.215562 0.222378 0.229279 0.236266 0.243345 0.250518
0.026107 0.030423 0.034360 0.038106 0.041707 0.045187 0.048566 0.051864 0.055097 0.058281 0.061431 0.064559 0.067677 0.070796 0.073928 0.077082 0.080268 0.083494 0.086770 0.090104 0.093505 0.096979 0.100536 0.104184 0.107930 0.111781 0.115747 0.119835 0.124053 0.128409 0.132913 0.137573 0.142397 0.147397 0.152581 0.157960 0.163544 0.169347 0.175379 0.181652 0.188055 0.194519 0.201049 0.207650 0.214327 0.221083 0.227923 0.234851 0.241870 0.248983
0.026626 0.030737 0.034533 0.038147 0.041636 0.045027 0.048337 0.051581 0.054770 0.057919 0.061038 0.064140 0.067235 0.070333 0.073445 0.076580 0.079747 0.082956 0.086214 0.089530 0.092913 0.096370 0.099909 0.103538 0.107264 0.111097 0.115043 0.119111 0.123308 0.127644 0.132126 0.136764 0.141566 0.146543 0.151704 0.157059 0.162619 0.168396 0.174403 0.180644 0.186990 0.193399 0.199873 0.206419 0.213040 0.219741 0.226525 0.233397 0.240360 0.247417
0.027268 0.030736 0.034329 0.037863 0.041306 0.044663 0.047944 0.051161 0.054327 0.057454 0.060553 0.063636 0.066712 0.069793 0.072888 0.076006 0.079156 0.082348 0.085589 0.088888 0.092253 0.095692 0.099212 0.102822 0.106530 0.110342 0.114268 0.118315 0.122491 0.126805 0.131264 0.135879 0.140657 0.145609 0.150745 0.156074 0.161608 0.167359 0.173338 0.179543 0.185838 0.192195 0.198618 0.205112 0.211681 0.218330 0.225063 0.231883 0.238793 0.245797
0.026546 0.030329 0.033945 0.037465 0.040892 0.044232 0.047494 0.050692 0.053839 0.056947 0.060027 0.063090 0.066148 0.069210 0.072287 0.075386 0.078518 0.081691 0.084913 0.088192 0.091538 0.094956 0.098456 0.102045 0.105731 0.109522 0.113425 0.117449 0.121601 0.125890 0.130325 0.134913 0.139665 0.144590 0.149698 0.154999 0.160504 0.166224 0.172172 0.178339 0.184587 0.190896 0.197271 0.203718 0.210239 0.216839 0.223522 0.230292 0.237152 0.244105
0.026183 0.030019 0.033681 0.037185 0.040574 0.043873 0.047098 0.050262 0.053378 0.056456 0.059509 0.062547 0.065580 0.068618 0.071671 0.074747 0.077855 0.081005 0.084204 0.087460 0.090782 0.094177 0.097653 0.101218 0.104879 0.108644 0.112521 0.116518 0.120643 0.124904 0.129310 0.133870 0.138592 0.143486 0.148562 0.153830 0.159302 0.164988 0.170902 0.177029 0.183233 0.189498 0.195828 0.202228 0.208703 0.215256 0.221891 0.228612 0.235423 0.242327
0.026554 0.030190 0.033653 0.037035 0.040345 0.043584 0.046760 0.049881 0.052958 0.056000 0.059019 0.062024 0.065026 0.068033 0.071056 0.074104 0.077184 0.080305 0.083476 0.086704 0.089998 0.093365 0.096812 0.100348 0.103980 0.107716 0.111563 0.115530 0.119623 0.123853 0.128226 0.132752 0.137440 0.142299 0.147339 0.152571 0.158004 0.163652 0.169526 0.175612 0.181774 0.187996 0.194282 0.200638 0.207067 0.213573 0.220161 0.226834 0.233596 0.240450
0.026679 0.029895 0.033317 0.036708 0.040019 0.043247 0.046402 0.049496 0.052542 0.055552 0.058538 0.061509 0.064478 0.067452 0.070442 0.073457 0.076505 0.079594 0.082733 0.085929 0.089191 0.092525 0.095940 0.099444 0.103042 0.106744 0.110557 0.114489 0.118547 0.122740 0.127077 0.131565 0.136214 0.141034 0.146033 0.151223 0.156614 0.162218 0.168046 0.174089 0.180210 0.186390 0.192632 0.198943 0.205326 0.211785 0.218325 0.224949 0.231661 0.238464
0.024167 0.028624 0.032531 0.036134 0.039540 0.042808 0.045974 0.049062 0.052091 0.055078 0.058037 0.060979 0.063916 0.066858 0.069815 0.072797 0.075811 0.078866 0.081971 0.085132 0.088359 0.091658 0.095037 0.098504 0.102066 0.105731 0.109506 0.113398 0.117417 0.121570 0.125865 0.130311 0.134917 0.139692 0.144646 0.149790 0.155133 0.160688 0.166466 0.172462 0.178541 0.184677 0.190874 0.197138 0.203473 0.209884 0.216374 0.222947 0.229608 0.236358
0.023642 0.028142 0.032053 0.035660 0.039074 0.042345 0.045508 0.048586 0.051600 0.054567 0.057502 0.060417 0.063326 0.066237 0.069163 0.072111 0.075091 0.078112 0.081181 0.084307 0.087496 0.090758 0.094099 0.097527 0.101049 0.104673 0.108406 0.112257 0.116232 0.120341 0.124590 0.128990 0.133549 0.138275 0.143179 0.148271 0.153562 0.159063 0.164786 0.170730 0.176764 0.182853 0.189003 0.195217 0.201502 0.207861 0.214299 0.220819 0.227425 0.234120
0.026049 0.028774 0.032056 0.035418 0.038720 0.041930 0.045052 0.048099 0.051086 0.054026 0.056934 0.059821 0.062701 0.065582 0.068476 0.071391 0.074337 0.077322 0.080355 0.083443 0.086594 0.089817 0.093117 0.096503 0.099983 0.103564 0.107252 0.111057 0.114986 0.119047 0.123248 0.127597 0.132104 0.136778 0.141628 0.146665 0.151898 0.157340 0.163003 0.168890 0.174875 0.180913 0.187011 0.193173 0.199403 0.205707 0.212089 0.218552 0.225101 0.231739
0.024254 0.028202 0.031774 0.035146 0.038392 0.041541 0.044611 0.047613 0.050561 0.053466 0.056340 0.059196 0.062042 0.064891 0.067750 0.070631 0.073541 0.076489 0.079483 0.082532 0.085643 0.088823 0.092081 0.095423 0.098858 0.102392 0.106034 0.109790 0.113669 0.117679 0.121827 0.126123 0.130575 0.135193 0.139985 0.144962 0.150134 0.155514 0.161111 0.166936 0.172866 0.178849 0.184890 0.190994 0.197167 0.203412 0.209734 0.216137 0.222625 0.229202
0.023893 0.027995 0.031526 0.034845 0.038038 0.041136 0.044158 0.047115 0.050021 0.052886 0.055722 0.058540 0.061349 0.064160 0.066981 0.069823 0.072694 0.075601 0.078555 0.081561 0.084628 0.087764 0.090977 0.094273 0.097659 0.101145 0.104736 0.108441 0.112268 0.116224 0.120317 0.124556 0.128950 0.133507 0.138238 0.143152 0.148260 0.153573 0.159102 0.164858 0.170728 0.176650 0.182630 0.188672 0.194782 0.200965 0.207224 0.213564 0.219988 0.226500
0.025325 0.028016 0.031244 0.034480 0.037631 0.040692 0.043674 0.046590 0.049454 0.052276 0.055069 0.057844 0.060610 0.063378 0.066157 0.068955 0.071782 0.074645 0.077553 0.080514 0.083535 0.086623 0.089787 0.093034 0.096370 0.099804 0.103343 0.106994 0.110765 0.114664 0.118700 0.122880 0.127212 0.131707 0.136374 0.141222 0.146263 0.151506 0.156963 0.162647 0.168451 0.174307 0.180221 0.186198 0.192242 0.198358 0.204551 0.210824 0.217182 0.223628
0.023061 0.027284 0.030794 0.034060 0.037188 0.040213 0.043153 0.046024 0.048841 0.051616 0.054361 0.057087 0.059806 0.062525 0.065256 0.068006 0.070785 0.073600 0.076460 0.079371 0.082342 0.085381 0.088494 0.091688 0.094972 0.098352 0.101836 0.105431 0.109145 0.112985 0.116960 0.121079 0.125348 0.129779 0.134379 0.139159 0.144129 0.149301 0.154684 0.160293 0.166026 0.171813 0.177657 0.183565 0.189540 0.195588 0.201713 0.207918 0.214208 0.220587
0.024134 0.027253 0.030491 0.033657 0.036720 0.039687 0.042572 0.045389 0.048152 0.050874 0.053566 0.056240 0.058906 0.061574 0.064253 0.066953 0.069680 0.072444 0.075253 0.078113 0.081032 0.084018 0.087078 0.090219 0.093448 0.096772 0.100199 0.103736 0.107391 0.111172 0.115085 0.119141 0.123346 0.127710 0.132243 0.136953 0.141852 0.146949 0.152257 0.157788 0.163449 0.169164 0.174938 0.180775 0.186680 0.192659 0.198715 0.204852 0.211074 0.217384
0.023491 0.026786 0.030028 0.033147 0.036151 0.039058 0.041883 0.044643 0.047349 0.050014 0.052652 0.055272 0.057884 0.060499 0.063126 0.065772 0.068448 0.071159 0.073915 0.076723 0.079589 0.082521 0.085527 0.088613 0.091786 0.095054 0.098424 0.101903 0.105498 0.109217 0.113069 0.117060 0.121200 0.125498 0.129962 0.134602 0.139428 0.144451 0.149683 0.155135 0.160724 0.166367 0.172070 0.177837 0.183674 0.189584 0.195572 0.201641 0.207796 0.214040
0.022164 0.026060 0.029371 0.032463 0.035422 0.038277 0.041049 0.043754 0.046405 0.049016 0.051600 0.054166 0.056725 0.059287 0.061861 0.064455 0.067078 0.069737 0.072441 0.075195 0.078008 0.080887 0.083838 0.086869 0.089987 0.093198 0.096510 0.099931 0.103466 0.107125 0.110914 0.114842 0.118917 0.123148 0.127543 0.132113 0.136868 0.141817 0.146973 0.152347 0.157865 0.163440 0.169074 0.174774 0.180544 0.186388 0.192311 0.198316 0.204407 0.210587
0.022755 0.025526 0.028620 0.031648 0.034559 0.037365 0.040084 0.042733 0.045330 0.047887 0.050416 0.052928 0.055435 0.057944 0.060466 0.063008 0.065579 0.068186 0.070837 0.073539 0.076299 0.079125 0.082023 0.084999 0.088062 0.091218 0.094473 0.097836 0.101313 0.104911 0.108639 0.112505 0.116516 0.120681 0.125010 0.129511 0.134195 0.139072 0.144153 0.149450 0.154902 0.160412 0.165984 0.171621 0.177329 0.183112 0.188973 0.194918 0.200949 0.207070
0.020817 0.024651 0.027866 0.030840 0.033672 0.036400 0.039047 0.041631 0.044164 0.046661 0.049133 0.051590 0.054041 0.056497 0.058966 0.061456 0.063975 0.066530 0.069130 0.071780 0.074488 0.077262 0.080107 0.083031 0.086040 0.089141 0.092342 0.095649 0.099069 0.102609 0.106278 0.110084 0.114033 0.118135 0.122399 0.126834 0.131449 0.136256 0.141265 0.146488 0.151880 0.157333 0.162847 0.168428 0.174080 0.179808 0.185614 0.191504 0.197480 0.203547
0.021867 0.024597 0.027394 0.030146 0.032829 0.035443 0.037996 0.040497 0.042958 0.045387 0.047796 0.050193 0.052587 0.054987 0.057402 0.059839 0.062306 0.064810 0.067358 0.069958 0.072616 0.075339 0.078134 0.081007 0.083965 0.087015 0.090163 0.093416 0.096783 0.100268 0.103882 0.107630 0.111521 0.115563 0.119766 0.124138 0.128689 0.133429 0.138369 0.143522 0.148859 0.154263 0.159728 0.165261 0.170864 0.176543 0.182302 0.188144 0.194072 0.200092
0.021753 0.024186 0.026809 0.029420 0.031981 0.034489 0.036947 0.039365 0.041748 0.044106 0.046448 0.048782 0.051117 0.053461 0.055821 0.058205 0.060621 0.063075 0.065575 0.068127 0.070737 0.073413 0.076160 0.078985 0.081896 0.084897 0.087997 0.091201 0.094518 0.097953 0.101514 0.105209 0.109046 0.113034 0.117180 0.121493 0.125985 0.130664 0.135541 0.140628 0.145915 0.151279 0.156705 0.162197 0.167760 0.173399 0.179117 0.184918 0.190807 0.196785
0.019749 0.023222 0.026017 0.028603 0.031096 0.033525 0.035906 0.038247 0.040557 0.042847 0.045125 0.047398 0.049676 0.051966 0.054274 0.056609 0.058978 0.061386 0.063841 0.066348 0.068915 0.071548 0.074253 0.077035 0.079903 0.082861 0.085917 0.089078 0.092349 0.095739 0.099254 0.102901 0.106690 0.110628 0.114723 0.118985 0.123423 0.128046 0.132867 0.137895 0.143135 0.148469 0.153864 0.159325 0.164856 0.170463 0.176148 0.181917 0.187772 0.193717
0.021126 0.022948 0.025325 0.027782 0.030201 0.032566 0.034880 0.037157 0.039405 0.041636 0.043858 0.046080 0.048308 0.050552 0.052817 0.055110 0.057438 0.059807 0.062223 0.064694 0.067224 0.069820 0.072488 0.075234 0.078065 0.080986 0.084005 0.087127 0.090360 0.093711 0.097186 0.100793 0.104540 0.108435 0.112486 0.116703 0.121094 0.125670 0.130442 0.135419 0.140614 0.145927 0.151300 0.156738 0.162246 0.167828 0.173488 0.179231 0.185060 0.190980
0.018585 0.021706 0.024417 0.026922 0.029311 0.031625 0.033888 0.036116 0.038319 0.040507 0.042690 0.044874 0.047068 0.049278 0.051511 0.053772 0.056070 0.058409 0.060797 0.063238 0.065739 0.068306 0.070945 0.073662 0.076463 0.079355 0.082343 0.085435 0.088637 0.091955 0.095398 0.098971 0.102684 0.106544 0.110559 0.114739 0.119092 0.123629 0.128360 0.133295 0.138448 0.143748 0.149106 0.154529 0.160020 0.165585 0.171227 0.176951 0.182761 0.188661
0.018211 0.021174 0.023726 0.026131 0.028458 0.030732 0.032965 0.035168 0.037350 0.039519 0.041683 0.043849 0.046024 0.048215 0.050428 0.052671 0.054949 0.057269 0.059636 0.062057 0.064538 0.067084 0.069702 0.072398 0.075178 0.078047 0.081013 0.084082 0.087260 0.090554 0.093972 0.097520 0.101207 0.105040 0.109028 0.113179 0.117503 0.122009 0.126709 0.131612 0.136732 0.142021 0.147371 0.152784 0.158265 0.163818 0.169448 0.175160 0.180957 0.186842
0.018705 0.020682 0.023003 0.025357 0.027678 0.029957 0.032198 0.034408 0.036594 0.038764 0.040926 0.043089 0.045258 0.047442 0.049648 0.051881 0.054149 0.056458 0.058814 0.061223 0.063691 0.066225 0.068829 0.071511 0.074277 0.077132 0.080083 0.083136 0.086299 0.089577 0.092978 0.096510 0.100179 0.103994 0.107963 0.112095 0.116399 0.120885 0.125564 0.130445 0.135542 0.140823 0.146169 0.151577 0.157052 0.162598 0.168221 0.173925 0.179713 0.185590
0.017008 0.019787 0.022340 0.024789 0.027164 0.029480 0.031746 0.033973 0.036170 0.038348 0.040516 0.042680 0.044850 0.047034 0.049237 0.051467 0.053732 0.056036 0.058387 0.060790 0.063253 0.065780 0.068379 0.071054 0.073813 0.076661 0.079604 0.082650 0.085805 0.089075 0.092468 0.095991 0.099651 0.103457 0.107417 0.111539 0.115834 0.120309 0.124977 0.129848 0.134933 0.140209 0.145554 0.150959 0.156431 0.161975 0.167594 0.173294 0.179079 0.184952
