1.012935
1.206856
1.332473
1.402192
0.667424
0.567752
0.659858
0.889937
1.311238
0.883498
1.226877
1.288376
0.309801
0.489792
0.042168
0.753671
5.503447
0.709868
3.170864
0.216443
1.024805
0.116537
0.304282
0.634625
3.531036
1.314377
0.259904
1.894163
0.525253
-1.347544
-1.456940
1.607813
-2.285920
-0.388386
-2.256346
1.901934
-2.996720
-2.424325
2.727845
-2.875067
5.106824
-27.708420
4.009311
-28.076261
5.655976
5.481183
-2.077184
4.332748
15.943844
7.971012
-8.655650
35.480947
-2.369141
8.918294
0.228322
-3.303657
0.584525
