0.323127 0.178834 0.352755 0.000001
0.323550 0.178985 0.353235 0.000001
0.324376 0.179278 0.354171 0.000001
0.325566 0.179697 0.355523 0.000001
0.327070 0.180219 0.357231 0.000001
0.328826 0.180818 0.359226 0.000001
0.330767 0.181463 0.361434 0.000001
0.332828 0.182122 0.363782 0.000001
0.334948 0.182765 0.366201 0.000001
0.337075 0.183362 0.368634 0.000001
0.339165 0.183889 0.371031 0.000001
0.341187 0.184323 0.373358 0.000001
0.343119 0.184645 0.375591 0.000001
0.344947 0.184843 0.377716 0.000001
0.346669 0.184903 0.379730 0.000001
0.348284 0.184819 0.381635 0.000001
0.349801 0.184583 0.383440 0.000001
0.351227 0.184191 0.385156 0.000001
0.352575 0.183640 0.386796 0.000001
0.353857 0.182926 0.388375 0.000001
0.355083 0.182046 0.389908 0.000001
0.356266 0.180997 0.391406 0.000001
0.357415 0.179778 0.392884 0.000001
0.358540 0.178384 0.394352 0.000001
0.359648 0.176814 0.395820 0.000001
0.360749 0.175066 0.397299 0.000001
0.361848 0.173139 0.398796 0.000001
0.362954 0.171034 0.400320 0.000001
0.364070 0.168750 0.401877 0.000001
0.365200 0.166292 0.403472 0.000001
0.366345 0.163663 0.405103 0.000001
0.367501 0.160872 0.406767 0.000001
0.368661 0.157925 0.408454 0.000001
0.369812 0.154835 0.410149 0.000001
0.370936 0.151614 0.411827 0.000001
0.372007 0.148278 0.413459 0.000001
0.372997 0.144846 0.415008 0.000001
0.373872 0.141339 0.416431 0.000001
0.374592 0.137781 0.417680 0.000001
0.375114 0.134198 0.418700 0.000001
0.375394 0.130619 0.419435 0.000001
0.375385 0.127073 0.419827 0.000001
0.375039 0.123593 0.419814 0.000001
0.374309 0.120212 0.419338 0.000001
0.373148 0.116960 0.418339 0.000001
0.371511 0.113871 0.416759 0.000001
0.369354 0.110973 0.414544 0.000001
0.366635 0.108295 0.411640 0.000001
0.363314 0.105860 0.407998 0.000001
0.359353 0.103691 0.403570 0.000001
0.354714 0.101805 0.398311 0.000001
0.349361 0.100215 0.392179 0.000001
0.343260 0.098931 0.385133 0.000001
0.336377 0.097959 0.377136 0.000001
0.328682 0.097298 0.368154 0.000001
0.320144 0.096946 0.358155 0.000001
0.310741 0.096894 0.347118 0.000001
0.300454 0.097130 0.335026 0.000001
0.289278 0.097634 0.321879 0.000001
0.277218 0.098383 0.307694 0.000001
0.264304 0.099346 0.292511 0.000001
0.250588 0.100491 0.276401 0.000001
0.236155 0.101777 0.259471 0.000001
0.221123 0.103164 0.241870 0.000001
0.205652 0.104612 0.223787 0.000001
0.189937 0.106081 0.205454 0.000001
0.174206 0.107542 0.187141 0.000001
0.158714 0.108969 0.169140 0.000001
0.143724 0.110352 0.151752 0.000001
0.129495 0.111689 0.135271 0.000001
0.116262 0.112988 0.119960 0.000001
0.104221 0.114264 0.106034 0.000001
0.093512 0.115530 0.093647 0.000001
0.084212 0.116793 0.082883 0.000001
0.076337 0.118048 0.073756 0.000001
0.069845 0.119269 0.066215 0.000001
0.064647 0.120413 0.060164 0.000001
0.060627 0.121419 0.055472 0.000001
0.057653 0.122218 0.051999 0.000001
0.055602 0.122736 0.049608 0.000001
0.054366 0.122910 0.048185 0.000001
0.053869 0.122694 0.047646 0.000001
0.054064 0.122066 0.047941 0.000001
0.054940 0.121029 0.049057 0.000001
0.056514 0.119613 0.051010 0.000001
0.058820 0.117872 0.053833 0.000001
0.061898 0.115871 0.057566 0.000001
0.065779 0.113685 0.062236 0.000001
0.070466 0.111391 0.067841 0.000001
0.075923 0.109056 0.074331 0.000001
0.082061 0.106743 0.081599 0.000001
0.088732 0.104504 0.089473 0.000001
0.095732 0.102383 0.097714 0.000001
0.102805 0.100418 0.106028 0.000001
0.109662 0.098647 0.114076 0.000001
0.115993 0.097102 0.121502 0.000001
0.121496 0.095817 0.127954 0.000001
0.125896 0.094822 0.133111 0.000001
0.128965 0.094143 0.136708 0.000001
0.130541 0.093798 0.138555 0.000001
