0.067641 0.049400 0.092765 0.071113
0.067780 0.049365 0.092885 0.071171
0.068050 0.049304 0.093113 0.071286
0.068434 0.049229 0.093427 0.071460
0.068910 0.049161 0.093798 0.071693
0.069452 0.049121 0.094189 0.071984
0.070029 0.049133 0.094561 0.072333
0.070614 0.049221 0.094877 0.072738
0.071178 0.049403 0.095103 0.073198
0.071699 0.049696 0.095210 0.073706
0.072157 0.050111 0.095176 0.074260
0.072538 0.050651 0.094987 0.074851
0.072830 0.051316 0.094632 0.075474
0.073029 0.052102 0.094112 0.076120
0.073132 0.052997 0.093426 0.076781
0.073138 0.053989 0.092580 0.077446
0.073049 0.055061 0.091580 0.078108
0.072866 0.056196 0.090433 0.078755
0.072594 0.057375 0.089146 0.079379
0.072234 0.058579 0.087725 0.079970
0.071792 0.059790 0.086177 0.080518
0.071271 0.060988 0.084506 0.081014
0.070677 0.062156 0.082720 0.081450
0.070017 0.063275 0.080824 0.081818
0.069297 0.064329 0.078825 0.082108
0.068526 0.065299 0.076734 0.082315
0.067713 0.066172 0.074557 0.082432
0.066869 0.066934 0.072306 0.082455
0.066004 0.067574 0.069989 0.082382
0.065130 0.068087 0.067613 0.082215
0.064257 0.068472 0.065186 0.081959
0.063397 0.068733 0.062710 0.081623
0.062559 0.068884 0.060187 0.081222
0.061754 0.068940 0.057618 0.080774
0.060994 0.068927 0.055000 0.080303
0.060288 0.068872 0.052331 0.079834
0.059648 0.068809 0.049610 0.079396
0.059084 0.068775 0.046832 0.079019
0.058607 0.068806 0.044000 0.078733
0.058228 0.068943 0.041112 0.078567
0.057955 0.069221 0.038171 0.078549
0.057798 0.069676 0.035179 0.078705
0.057762 0.070341 0.032141 0.079058
0.057852 0.071242 0.029060 0.079624
0.058069 0.072399 0.025941 0.080420
0.058412 0.073826 0.022791 0.081456
0.058875 0.075526 0.019621 0.082736
0.059453 0.077496 0.016451 0.084261
0.060133 0.079718 0.013318 0.086027
0.060902 0.082170 0.010282 0.088023
0.061742 0.084819 0.007435 0.090234
0.062631 0.087628 0.004896 0.092641
0.063543 0.090554 0.002805 0.095221
0.064448 0.093550 0.001284 0.097945
0.065315 0.096566 0.000385 0.100780
0.066109 0.099543 0.000029 0.103690
0.066798 0.102418 0.000001 0.106632
0.067349 0.105123 0.000001 0.109563
0.067732 0.107591 0.000001 0.112435
0.067921 0.109760 0.000001 0.115205
0.067894 0.111575 0.000001 0.117830
0.067633 0.112993 0.000001 0.120276
0.067131 0.113986 0.000001 0.122513
0.066385 0.114541 0.000001 0.124525
0.065402 0.114665 0.000001 0.126302
0.064195 0.114379 0.000001 0.127845
0.062785 0.113720 0.000001 0.129164
0.061198 0.112736 0.000001 0.130276
0.059465 0.111482 0.000001 0.131200
0.057619 0.110015 0.000001 0.131956
0.055696 0.108394 0.000001 0.132566
0.053729 0.106671 0.000001 0.133044
0.051752 0.104891 0.000001 0.133403
0.049796 0.103089 0.000001 0.133646
0.047887 0.101290 0.000001 0.133771
0.046051 0.099508 0.000001 0.133770
0.044306 0.097747 0.000001 0.133628
0.042667 0.096000 0.000001 0.133326
0.041147 0.094255 0.000001 0.132842
0.039752 0.092494 0.000001 0.132152
0.038487 0.090697 0.000001 0.131233
0.037352 0.088841 0.000001 0.130065
0.036343 0.086908 0.000001 0.128631
0.035457 0.084883 0.000001 0.126923
0.034685 0.082757 0.000001 0.124938
0.034019 0.080527 0.000001 0.122683
0.033447 0.078199 0.000001 0.120177
0.032960 0.075787 0.000001 0.117446
0.032545 0.073312 0.000001 0.114530
0.032192 0.070804 0.000001 0.111478
0.031890 0.068301 0.000001 0.108348
0.031632 0.065845 0.000001 0.105209
0.031410 0.063483 0.000001 0.102134
0.031220 0.061266 0.000001 0.099202
0.031057 0.059246 0.000001 0.096496
0.030920 0.057472 0.000001 0.094093
0.030810 0.055990 0.000001 0.092069
0.030726 0.054840 0.000001 0.090487
0.030669 0.054054 0.000001 0.089402
0.030640 0.053656 0.000001 0.088850
