0.059585 0.062421 0.065254 0.068029 0.070753 0.073442 0.076110 0.078765 0.081415 0.084062 0.086712 0.089367 0.092028 0.094698 0.097379 0.100071 0.102776 0.105495 0.108230 0.110981 0.113750 0.116539 0.119347 0.122177 0.125031 0.127911 0.130820 0.133762 0.136738 0.139751 0.142806 0.145905 0.149051 0.152249 0.155501 0.158813 0.162187 0.165628 0.169140 0.172728 0.176398 0.180153 0.183999 0.187942 0.191987 0.196140 0.200409 0.204798 0.209315 0.213968
0.062090 0.065041 0.067608 0.070119 0.072636 0.075168 0.077715 0.080275 0.082848 0.085433 0.088030 0.090638 0.093260 0.095895 0.098544 0.101208 0.103888 0.106585 0.109300 0.112034 0.114787 0.117561 0.120357 0.123177 0.126021 0.128894 0.131797 0.134733 0.137705 0.140717 0.143770 0.146869 0.150017 0.153217 0.156473 0.159788 0.163168 0.166616 0.170136 0.173733 0.177413 0.181179 0.185037 0.188993 0.193053 0.197222 0.201507 0.205914 0.210451 0.215124
0.068711 0.069465 0.071308 0.073468 0.075754 0.078110 0.080516 0.082958 0.085430 0.087927 0.090447 0.092987 0.095548 0.098128 0.100727 0.103347 0.105987 0.108648 0.111330 0.114035 0.116763 0.119515 0.122291 0.125093 0.127923 0.130784 0.133678 0.136607 0.139575 0.142585 0.145638 0.148740 0.151892 0.155098 0.158363 0.161689 0.165082 0.168544 0.172081 0.175698 0.179398 0.183187 0.187070 0.191054 0.195143 0.199344 0.203662 0.208106 0.212681 0.217395
0.068039 0.072147 0.074739 0.077036 0.079310 0.081616 0.083956 0.086329 0.088732 0.091160 0.093615 0.096093 0.098596 0.101123 0.103674 0.106250 0.108849 0.111474 0.114125 0.116801 0.119503 0.122233 0.124990 0.127777 0.130595 0.133446 0.136334 0.139261 0.142228 0.145240 0.148300 0.151409 0.154573 0.157793 0.161074 0.164420 0.167835 0.171322 0.174887 0.178533 0.182267 0.186093 0.190015 0.194041 0.198176 0.202425 0.206796 0.211295 0.215929 0.220705
0.077054 0.076698 0.078408 0.080609 0.082921 0.085259 0.087609 0.089970 0.092348 0.094746 0.097165 0.099608 0.102076 0.104570 0.107090 0.109637 0.112211 0.114813 0.117444 0.120103 0.122792 0.125510 0.128258 0.131039 0.133854 0.136706 0.139598 0.142531 0.145508 0.148533 0.151607 0.154736 0.157921 0.161166 0.164475 0.167852 0.171300 0.174825 0.178431 0.182122 0.185903 0.189780 0.193758 0.197843 0.202040 0.206356 0.210797 0.215371 0.220083 0.224943
0.072816 0.078126 0.081354 0.084001 0.086464 0.088859 0.091233 0.093603 0.095983 0.098378 0.100793 0.103231 0.105694 0.108183 0.110699 0.113244 0.115817 0.118420 0.121052 0.123715 0.126408 0.129132 0.131889 0.134681 0.137510 0.140378 0.143288 0.146242 0.149243 0.152294 0.155399 0.158559 0.161780 0.165064 0.168415 0.171837 0.175334 0.178911 0.182573 0.186324 0.190168 0.194113 0.198163 0.202323 0.206601 0.211002 0.215533 0.220201 0.225014 0.229978
0.082220 0.083271 0.085365 0.087656 0.089983 0.092322 0.094675 0.097046 0.099437 0.101850 0.104287 0.106749 0.109237 0.111751 0.114293 0.116864 0.119463 0.122092 0.124751 0.127441 0.130161 0.132914 0.135700 0.138523 0.141384 0.144287 0.147233 0.150225 0.153267 0.156362 0.159512 0.162721 0.165993 0.169331 0.172740 0.176223 0.179785 0.183430 0.187164 0.190990 0.194915 0.198944 0.203083 0.207338 0.211714 0.216219 0.220859 0.225641 0.230573 0.235663
0.084366 0.086753 0.088801 0.090916 0.093132 0.095425 0.097775 0.100166 0.102592 0.105048 0.107532 0.110044 0.112583 0.115149 0.117742 0.120364 0.123014 0.125693 0.128402 0.131140 0.133910 0.136711 0.139547 0.142420 0.145332 0.148287 0.151287 0.154336 0.157435 0.160589 0.163802 0.167075 0.170415 0.173823 0.177305 0.180865 0.184508 0.188237 0.192059 0.195978 0.199999 0.204130 0.208374 0.212740 0.217232 0.221859 0.226626 0.231541 0.236613 0.241848
0.088021 0.089233 0.091152 0.093338 0.095648 0.098027 0.100455 0.102920 0.105418 0.107945 0.110501 0.113084 0.115693 0.118330 0.120993 0.123684 0.126402 0.129148 0.131923 0.134727 0.137561 0.140428 0.143329 0.146268 0.149247 0.152270 0.155339 0.158458 0.161630 0.164859 0.168148 0.171501 0.174922 0.178415 0.181985 0.185637 0.189374 0.193202 0.197127 0.201153 0.205287 0.209534 0.213900 0.218392 0.223017 0.227782 0.232693 0.237759 0.242986 0.248384
0.086338 0.089664 0.092503 0.095150 0.097722 0.100271 0.102823 0.105391 0.107981 0.110594 0.113233 0.115897 0.118587 0.121303 0.124045 0.126813 0.129608 0.132430 0.135281 0.138159 0.141068 0.144010 0.146987 0.150002 0.153059 0.156160 0.159310 0.162511 0.165766 0.169081 0.172458 0.175902 0.179416 0.183006 0.186676 0.190431 0.194276 0.198216 0.202256 0.206402 0.210661 0.215038 0.219539 0.224172 0.228944 0.233861 0.238931 0.244161 0.249560 0.255136
0.088733 0.091713 0.094513 0.097188 0.099814 0.102432 0.105061 0.107708 0.110378 0.113072 0.115791 0.118534 0.121303 0.124097 0.126918 0.129764 0.132637 0.135537 0.138464 0.141421 0.144408 0.147429 0.150487 0.153584 0.156724 0.159910 0.163147 0.166436 0.169783 0.173191 0.176664 0.180207 0.183824 0.187520 0.191299 0.195167 0.199128 0.203189 0.207355 0.211632 0.216026 0.220544 0.225192 0.229977 0.234906 0.239987 0.245228 0.250635 0.256218 0.261985
0.092753 0.094813 0.097003 0.099405 0.101940 0.104554 0.107220 0.109924 0.112659 0.115422 0.118211 0.121027 0.123868 0.126735 0.129628 0.132548 0.135496 0.138470 0.141474 0.144506 0.147572 0.150672 0.153811 0.156992 0.160218 0.163492 0.166818 0.170200 0.173642 0.177148 0.180723 0.184370 0.188094 0.191902 0.195796 0.199783 0.203869 0.208058 0.212357 0.216772 0.221310 0.225977 0.230779 0.235725 0.240820 0.246074 0.251494 0.257088 0.262863 0.268830
0.094810 0.096288 0.098603 0.101151 0.103794 0.106494 0.109234 0.112006 0.114808 0.117637 0.120492 0.123373 0.126280 0.129215 0.132176 0.135165 0.138183 0.141229 0.144304 0.147411 0.150553 0.153732 0.156951 0.160215 0.163526 0.166888 0.170306 0.173782 0.177320 0.180927 0.184605 0.188359 0.192195 0.196117 0.200131 0.204242 0.208455 0.212777 0.217215 0.221773 0.226459 0.231280 0.236242 0.241354 0.246622 0.252055 0.257660 0.263446 0.269420 0.275592
0.092295 0.096422 0.099603 0.102531 0.105385 0.108220 0.111059 0.113913 0.116786 0.119682 0.122602 0.125548 0.128521 0.131520 0.134548 0.137604 0.140689 0.143804 0.146950 0.150130 0.153346 0.156602 0.159902 0.163248 0.166644 0.170094 0.173602 0.177172 0.180809 0.184516 0.188298 0.192161 0.196110 0.200149 0.204283 0.208520 0.212864 0.217321 0.221899 0.226603 0.231441 0.236419 0.241544 0.246825 0.252268 0.257883 0.263676 0.269656 0.275832 0.282212
0.095604 0.098115 0.101024 0.103957 0.106874 0.109782 0.112695 0.115621 0.118564 0.121529 0.124517 0.127530 0.130570 0.133636 0.136731 0.139855 0.143009 0.146193 0.149410 0.152662 0.155953 0.159286 0.162665 0.166093 0.169573 0.173111 0.176710 0.180374 0.184108 0.187916 0.191804 0.195776 0.199837 0.203992 0.208249 0.212611 0.217086 0.221680 0.226398 0.231249 0.236238 0.241374 0.246663 0.252113 0.257732 0.263528 0.269510 0.275684 0.282061 0.288649
0.096051 0.099475 0.102402 0.105295 0.108215 0.111163 0.114135 0.117128 0.120144 0.123181 0.126241 0.129326 0.132436 0.135572 0.138736 0.141929 0.145153 0.148407 0.151696 0.155021 0.158387 0.161797 0.165255 0.168765 0.172330 0.175955 0.179644 0.183402 0.187233 0.191141 0.195133 0.199212 0.203385 0.207657 0.212034 0.216522 0.221126 0.225854 0.230713 0.235708 0.240848 0.246139 0.251590 0.257207 0.262999 0.268975 0.275141 0.281507 0.288082 0.294872
0.099971 0.100939 0.103469 0.106352 0.109336 0.112364 0.115417 0.118491 0.121584 0.124696 0.127829 0.130984 0.134164 0.137369 0.140601 0.143863 0.147155 0.150479 0.153839 0.157236 0.160676 0.164163 0.167699 0.171290 0.174939 0.178650 0.182428 0.186278 0.190205 0.194212 0.198306 0.202492 0.206775 0.211160 0.215655 0.220265 0.224997 0.229856 0.234851 0.239988 0.245274 0.250717 0.256324 0.262104 0.268065 0.274214 0.280560 0.287111 0.293875 0.300862
0.093079 0.099963 0.103916 0.107235 0.110414 0.113562 0.116705 0.119852 0.123010 0.126184 0.129376 0.132590 0.135828 0.139093 0.142387 0.145711 0.149068 0.152457 0.155884 0.159351 0.162863 0.166423 0.170036 0.173705 0.177435 0.181231 0.185096 0.189035 0.193054 0.197157 0.201350 0.205638 0.210027 0.214523 0.219132 0.223859 0.228713 0.233699 0.238824 0.244096 0.249523 0.255111 0.260868 0.266803 0.272924 0.279239 0.285755 0.292482 0.299427 0.306599
0.105522 0.103647 0.105787 0.108765 0.111897 0.115050 0.118206 0.121370 0.124549 0.127748 0.130971 0.134222 0.137501 0.140812 0.144156 0.147533 0.150945 0.154394 0.157882 0.161414 0.164992 0.168622 0.172307 0.176050 0.179858 0.183732 0.187680 0.191704 0.195811 0.200005 0.204291 0.208676 0.213165 0.217765 0.222481 0.227319 0.232288 0.237392 0.242641 0.248040 0.253598 0.259322 0.265220 0.271300 0.277570 0.284039 0.290714 0.297603 0.304716 0.312059
0.094662 0.103188 0.107447 0.110739 0.113823 0.116883 0.119965 0.123081 0.126233 0.129424 0.132653 0.135920 0.139225 0.142569 0.145951 0.149372 0.152832 0.156332 0.159875 0.163464 0.167104 0.170797 0.174547 0.178359 0.182237 0.186184 0.190207 0.194310 0.198497 0.202774 0.207147 0.211621 0.216202 0.220896 0.225711 0.230651 0.235724 0.240938 0.246299 0.251814 0.257492 0.263340 0.269366 0.275578 0.281984 0.288592 0.295411 0.302448 0.309712 0.317210
0.110465 0.108998 0.110689 0.113168 0.115919 0.118810 0.121795 0.124855 0.127978 0.131158 0.134390 0.137671 0.140999 0.144372 0.147788 0.151247 0.154749 0.158294 0.161886 0.165526 0.169219 0.172968 0.176776 0.180648 0.184588 0.188600 0.192690 0.196861 0.201119 0.205470 0.209919 0.214472 0.219134 0.223913 0.228814 0.233844 0.239010 0.244320 0.249780 0.255398 0.261181 0.267139 0.273277 0.279605 0.286131 0.292862 0.299807 0.306973 0.314369 0.322001
0.105729 0.109445 0.112067 0.114727 0.117526 0.120440 0.123444 0.126522 0.129665 0.132868 0.136126 0.139436 0.142795 0.146202 0.149654 0.153151 0.156692 0.160278 0.163912 0.167596 0.171335 0.175131 0.178988 0.182911 0.186903 0.190969 0.195114 0.199343 0.203661 0.208074 0.212586 0.217205 0.221936 0.226785 0.231759 0.236865 0.242110 0.247501 0.253044 0.258749 0.264622 0.270672 0.276905 0.283331 0.289957 0.296791 0.303841 0.311116 0.318621 0.326365
0.107296 0.109385 0.112449 0.115561 0.118648 0.121743 0.124868 0.128035 0.131249 0.134511 0.137821 0.141178 0.144580 0.148027 0.151518 0.155052 0.158630 0.162251 0.165921 0.169642 0.173417 0.177251 0.181147 0.185109 0.189142 0.193250 0.197438 0.201712 0.206077 0.210538 0.215100 0.219771 0.224555 0.229460 0.234492 0.239658 0.244964 0.250419 0.256029 0.261803 0.267746 0.273869 0.280177 0.286680 0.293385 0.300301 0.307434 0.314792 0.322384 0.330215
0.103360 0.109360 0.113202 0.116541 0.119765 0.122976 0.126206 0.129466 0.132761 0.136093 0.139462 0.142871 0.146318 0.149805 0.153332 0.156898 0.160505 0.164155 0.167852 0.171599 0.175401 0.179261 0.183183 0.187173 0.191234 0.195371 0.199589 0.203894 0.208291 0.212786 0.217383 0.222090 0.226913 0.231857 0.236930 0.242138 0.247489 0.252990 0.258647 0.264470 0.270464 0.276638 0.283000 0.289558 0.296319 0.303292 0.310483 0.317901 0.325552 0.333443
0.113624 0.112925 0.115026 0.117900 0.121028 0.124259 0.127544 0.130867 0.134222 0.137606 0.141022 0.144470 0.147950 0.151465 0.155016 0.158603 0.162229 0.165896 0.169609 0.173371 0.177187 0.181061 0.184998 0.189002 0.193078 0.197231 0.201466 0.205788 0.210203 0.214717 0.219334 0.224062 0.228906 0.233873 0.238970 0.244203 0.249579 0.255106 0.260792 0.266642 0.272666 0.278870 0.285262 0.291851 0.298644 0.305648 0.312872 0.320321 0.328004 0.335927
0.105981 0.111760 0.115498 0.118855 0.122165 0.125487 0.128829 0.132192 0.135577 0.138985 0.142420 0.145883 0.149376 0.152901 0.156459 0.160052 0.163683 0.167353 0.171069 0.174834 0.178653 0.182530 0.186469 0.190476 0.194555 0.198711 0.202949 0.207275 0.211694 0.216212 0.220834 0.225567 0.230417 0.235390 0.240492 0.245732 0.251115 0.256649 0.262341 0.268199 0.274229 0.280440 0.286840 0.293435 0.300233 0.307243 0.314471 0.321925 0.329611 0.337535
0.111629 0.113264 0.116443 0.119839 0.123226 0.126588 0.129944 0.133306 0.136684 0.140084 0.143510 0.146964 0.150448 0.153965 0.157516 0.161101 0.164724 0.168387 0.172095 0.175852 0.179663 0.183532 0.187463 0.191462 0.195532 0.199680 0.203910 0.208227 0.212637 0.217145 0.221758 0.226481 0.231320 0.236283 0.241374 0.246602 0.251973 0.257493 0.263171 0.269014 0.275028 0.281222 0.287603 0.294179 0.300957 0.307945 0.315149 0.322577 0.330236 0.338132
0.108066 0.113512 0.117359 0.120784 0.124097 0.127385 0.130681 0.133997 0.137337 0.140706 0.144106 0.147537 0.151001 0.154499 0.158033 0.161602 0.165209 0.168857 0.172550 0.176291 0.180086 0.183939 0.187854 0.191835 0.195888 0.200016 0.204227 0.208523 0.212912 0.217398 0.221987 0.226685 0.231498 0.236433 0.241496 0.246693 0.252031 0.257518 0.263160 0.268965 0.274940 0.281092 0.287429 0.293959 0.300688 0.307625 0.314775 0.322148 0.329748 0.337583
0.113892 0.115711 0.118350 0.121290 0.124372 0.127538 0.130760 0.134025 0.137328 0.140667 0.144040 0.147447 0.150890 0.154367 0.157881 0.161431 0.165019 0.168647 0.172320 0.176041 0.179814 0.183644 0.187535 0.191490 0.195516 0.199617 0.203797 0.208061 0.212416 0.216866 0.221417 0.226075 0.230846 0.235736 0.240751 0.245898 0.251184 0.256615 0.262199 0.267942 0.273852 0.279937 0.286203 0.292658 0.299309 0.306165 0.313231 0.320516 0.328025 0.335765
0.112528 0.114792 0.117527 0.120505 0.123608 0.126780 0.129999 0.133255 0.136545 0.139867 0.143222 0.146610 0.150033 0.153490 0.156984 0.160513 0.164080 0.167686 0.171334 0.175029 0.178774 0.182574 0.186433 0.190355 0.194344 0.198405 0.202543 0.206764 0.211071 0.215471 0.219968 0.224569 0.229280 0.234106 0.239054 0.244130 0.249341 0.254694 0.260195 0.265851 0.271671 0.277660 0.283826 0.290178 0.296721 0.303463 0.310413 0.317575 0.324958 0.332569
0.108205 0.111879 0.115370 0.118714 0.121987 0.125234 0.128481 0.131740 0.135019 0.138325 0.141659 0.145025 0.148424 0.151858 0.155326 0.158830 0.162369 0.165946 0.169564 0.173225 0.176934 0.180695 0.184511 0.188387 0.192328 0.196337 0.200420 0.204581 0.208825 0.213157 0.217584 0.222109 0.226740 0.231482 0.236341 0.241324 0.246436 0.251685 0.257078 0.262621 0.268321 0.274186 0.280223 0.286438 0.292841 0.299437 0.306235 0.313241 0.320462 0.327904
0.105085 0.109826 0.113474 0.116805 0.120032 0.123228 0.126423 0.129633 0.132866 0.136128 0.139422 0.142749 0.146110 0.149506 0.152937 0.156403 0.159905 0.163442 0.167016 0.170632 0.174291 0.177999 0.181760 0.185576 0.189452 0.193393 0.197403 0.201486 0.205649 0.209895 0.214229 0.218659 0.223188 0.227823 0.232569 0.237433 0.242422 0.247541 0.252797 0.258198 0.263749 0.269459 0.275334 0.281382 0.287610 0.294026 0.300636 0.307447 0.314468 0.321705
0.108760 0.109756 0.112149 0.114939 0.117866 0.120865 0.123917 0.127017 0.130162 0.133349 0.136577 0.139843 0.143147 0.146488 0.149863 0.153274 0.156720 0.160200 0.163715 0.167268 0.170861 0.174499 0.178184 0.181921 0.185714 0.189567 0.193484 0.197470 0.201529 0.205667 0.209888 0.214197 0.218600 0.223103 0.227712 0.232431 0.237269 0.242230 0.247321 0.252549 0.257922 0.263445 0.269126 0.274972 0.280991 0.287189 0.293575 0.300155 0.306937 0.313928
0.103896 0.107066 0.109747 0.112395 0.115122 0.117947 0.120860 0.123847 0.126896 0.129998 0.133147 0.136338 0.139568 0.142835 0.146136 0.149472 0.152841 0.156244 0.159679 0.163148 0.166655 0.170201 0.173791 0.177428 0.181116 0.184859 0.188661 0.192526 0.196459 0.200464 0.204547 0.208712 0.212965 0.217310 0.221754 0.226302 0.230961 0.235735 0.240632 0.245658 0.250820 0.256125 0.261579 0.267190 0.272965 0.278910 0.285035 0.291346 0.297850 0.304554
0.100976 0.103899 0.106341 0.108845 0.111487 0.114251 0.117108 0.120036 0.123020 0.126051 0.129123 0.132231 0.135374 0.138550 0.141758 0.144998 0.148269 0.151571 0.154905 0.158270 0.161667 0.165101 0.168573 0.172088 0.175649 0.179259 0.182923 0.186645 0.190428 0.194278 0.198198 0.202195 0.206272 0.210434 0.214688 0.219038 0.223490 0.228051 0.232725 0.237520 0.242442 0.247498 0.252694 0.258037 0.263534 0.269193 0.275022 0.281026 0.287215 0.293595
0.100213 0.099681 0.101548 0.104109 0.106890 0.109751 0.112650 0.115573 0.118519 0.121487 0.124478 0.127495 0.130537 0.133605 0.136701 0.139824 0.142976 0.146156 0.149365 0.152604 0.155872 0.159173 0.162507 0.165878 0.169291 0.172748 0.176252 0.179809 0.183421 0.187092 0.190829 0.194633 0.198511 0.202467 0.206507 0.210634 0.214856 0.219177 0.223603 0.228141 0.232795 0.237574 0.242483 0.247529 0.252720 0.258061 0.263561 0.269227 0.275065 0.281085
0.084120 0.090879 0.095104 0.098555 0.101703 0.104707 0.107638 0.110533 0.113414 0.116295 0.119184 0.122087 0.125007 0.127948 0.130912 0.133899 0.136911 0.139948 0.143013 0.146104 0.149224 0.152373 0.155551 0.158762 0.162008 0.165293 0.168620 0.171992 0.175413 0.178888 0.182420 0.186014 0.189673 0.193402 0.197207 0.201091 0.205061 0.209120 0.213276 0.217534 0.221898 0.226377 0.230975 0.235699 0.240557 0.245554 0.250699 0.255997 0.261457 0.267086
0.084549 0.087103 0.090434 0.093597 0.096566 0.099416 0.102201 0.104955 0.107697 0.110439 0.113188 0.115948 0.118724 0.121516 0.124328 0.127161 0.130015 0.132893 0.135794 0.138721 0.141673 0.144652 0.147658 0.150693 0.153758 0.156857 0.159991 0.163164 0.166379 0.169642 0.172954 0.176320 0.179744 0.183231 0.186784 0.190409 0.194110 0.197892 0.201760 0.205720 0.209777 0.213938 0.218207 0.222591 0.227097 0.231730 0.236499 0.241409 0.246468 0.251683
0.080442 0.084096 0.086509 0.088839 0.091238 0.093698 0.096199 0.098727 0.101276 0.103841 0.106422 0.109018 0.111630 0.114257 0.116902 0.119565 0.122247 0.124949 0.127671 0.130416 0.133183 0.135974 0.138791 0.141633 0.144503 0.147401 0.150330 0.153292 0.156291 0.159328 0.162409 0.165536 0.168714 0.171946 0.175236 0.178590 0.182010 0.185503 0.189073 0.192725 0.196463 0.200294 0.204223 0.208255 0.212397 0.216655 0.221036 0.225545 0.230189 0.234976
0.081668 0.080282 0.081183 0.082868 0.084886 0.087071 0.089348 0.091679 0.094045 0.096436 0.098845 0.101270 0.103708 0.106160 0.108625 0.111104 0.113599 0.116109 0.118637 0.121182 0.123747 0.126332 0.128940 0.131570 0.134225 0.136906 0.139615 0.142352 0.145121 0.147924 0.150764 0.153644 0.156567 0.159537 0.162558 0.165634 0.168768 0.171966 0.175232 0.178570 0.181986 0.185483 0.189068 0.192745 0.196520 0.200400 0.204388 0.208493 0.212719 0.217075
0.068100 0.070724 0.072932 0.075075 0.077227 0.079400 0.081595 0.083807 0.086032 0.088267 0.090509 0.092759 0.095016 0.097280 0.099551 0.101831 0.104120 0.106420 0.108732 0.111057 0.113398 0.115756 0.118131 0.120527 0.122945 0.125386 0.127852 0.130345 0.132867 0.135419 0.138005 0.140627 0.143287 0.145989 0.148736 0.151531 0.154379 0.157282 0.160244 0.163271 0.166366 0.169533 0.172777 0.176104 0.179518 0.183023 0.186627 0.190333 0.194148 0.198079
0.056659 0.061104 0.064144 0.066654 0.068943 0.071128 0.073261 0.075364 0.077448 0.079521 0.081585 0.083644 0.085699 0.087752 0.089805 0.091859 0.093917 0.095979 0.098049 0.100127 0.102215 0.104316 0.106433 0.108566 0.110718 0.112891 0.115088 0.117311 0.119561 0.121841 0.124154 0.126500 0.128883 0.131306 0.133770 0.136279 0.138836 0.141443 0.144105 0.146825 0.149605 0.152450 0.155365 0.158352 0.161417 0.164564 0.167797 0.171121 0.174541 0.178063
0.053832 0.054759 0.056684 0.058777 0.060844 0.062855 0.064815 0.066736 0.068625 0.070488 0.072332 0.074158 0.075972 0.077775 0.079571 0.081361 0.083148 0.084935 0.086723 0.088516 0.090316 0.092126 0.093948 0.095785 0.097639 0.099514 0.101412 0.103335 0.105287 0.107268 0.109283 0.111332 0.113418 0.115544 0.117711 0.119923 0.122180 0.124487 0.126845 0.129257 0.131726 0.134255 0.136848 0.139506 0.142235 0.145038 0.147918 0.150879 0.153926 0.157064
0.045647 0.047927 0.049781 0.051541 0.053272 0.054977 0.056650 0.058292 0.059901 0.061482 0.063036 0.064567 0.066080 0.067576 0.069058 0.070531 0.071997 0.073459 0.074919 0.076382 0.077851 0.079328 0.080817 0.082321 0.083844 0.085389 0.086958 0.088554 0.090180 0.091838 0.093532 0.095262 0.097032 0.098843 0.100698 0.102597 0.104543 0.106538 0.108584 0.110684 0.112838 0.115050 0.117321 0.119655 0.122053 0.124520 0.127058 0.129670 0.132360 0.135131
0.041168 0.042477 0.043749 0.045071 0.046410 0.047740 0.049044 0.050318 0.051559 0.052770 0.053954 0.055112 0.056249 0.057368 0.058473 0.059566 0.060651 0.061732 0.062813 0.063898 0.064990 0.066095 0.067216 0.068355 0.069518 0.070706 0.071922 0.073171 0.074453 0.075772 0.077130 0.078528 0.079968 0.081452 0.082981 0.084557 0.086181 0.087855 0.089580 0.091358 0.093190 0.095078 0.097023 0.099028 0.101095 0.103225 0.105422 0.107688 0.110025 0.112438
0.037244 0.037549 0.038486 0.039483 0.040437 0.041338 0.042192 0.043007 0.043788 0.044539 0.045265 0.045969 0.046655 0.047325 0.047983 0.048634 0.049281 0.049930 0.050586 0.051254 0.051938 0.052643 0.053373 0.054131 0.054919 0.055742 0.056600 0.057497 0.058433 0.059412 0.060433 0.061498 0.062608 0.063764 0.064967 0.066217 0.067517 0.068865 0.070265 0.071715 0.073219 0.074776 0.076388 0.078057 0.079785 0.081573 0.083423 0.085338 0.087320 0.089371
0.031399 0.033570 0.034552 0.035133 0.035550 0.035885 0.036172 0.036426 0.036654 0.036862 0.037054 0.037232 0.037399 0.037560 0.037717 0.037878 0.038048 0.038235 0.038446 0.038686 0.038958 0.039268 0.039615 0.040003 0.040434 0.040910 0.041431 0.041999 0.042612 0.043272 0.043978 0.044729 0.045527 0.046370 0.047260 0.048196 0.049178 0.050208 0.051285 0.052411 0.053585 0.054809 0.056084 0.057412 0.058795 0.060234 0.061731 0.063288 0.064906 0.066589
0.033655 0.032953 0.032444 0.032019 0.031628 0.031248 0.030867 0.030484 0.030096 0.029707 0.029315 0.028924 0.028535 0.028153 0.027787 0.027447 0.027145 0.026891 0.026690 0.026544 0.026453 0.026418 0.026437 0.026513 0.026646 0.026835 0.027078 0.027371 0.027714 0.028103 0.028537 0.029016 0.029537 0.030100 0.030704 0.031350 0.032037 0.032765 0.033535 0.034345 0.035198 0.036095 0.037037 0.038027 0.039066 0.040157 0.041300 0.042497 0.043750 0.045060
0.035234 0.032231 0.030545 0.029271 0.028139 0.027065 0.026022 0.024998 0.023992 0.022999 0.022021 0.021058 0.020115 0.019209 0.018358 0.017586 0.016906 0.016320 0.015822 0.015408 0.015070 0.014802 0.014605 0.014482 0.014427 0.014431 0.014489 0.014594 0.014743 0.014931 0.015157 0.015418 0.015713 0.016041 0.016402 0.016793 0.017216 0.017670 0.018154 0.018670 0.019219 0.019804 0.020431 0.021099 0.021812 0.022568 0.023370 0.024217 0.025112 0.026053
0.028457 0.028979 0.027899 0.026374 0.024737 0.023088 0.021457 0.019852 0.018274 0.016723 0.015199 0.013709 0.012286 0.010967 0.009803 0.008819 0.007994 0.007303 0.006722 0.006235 0.005827 0.005490 0.005256 0.005105 0.005011 0.004960 0.004944 0.004958 0.004997 0.005061 0.005146 0.005251 0.005376 0.005518 0.005679 0.005856 0.006051 0.006263 0.006491 0.006738 0.007012 0.007324 0.007673 0.008058 0.008478 0.008933 0.009422 0.009945 0.010503 0.011095
0.031788 0.028592 0.026086 0.023774 0.021536 0.019346 0.017199 0.015092 0.013023 0.010992 0.009001 0.007112 0.005440 0.004029 0.003017 0.002264 0.001673 0.001194 0.000798 0.000467 0.000188 0.000001 0.000001 0.000001 0.000001 0.000001 0.000001 0.000001 0.000001 0.000001 0.000001 0.000001 0.000001 0.000001 0.000001 0.000001 0.000001 0.000001 0.000001 0.000012 0.000081 0.000189 0.000325 0.000485 0.000666 0.000867 0.001086 0.001325 0.001582 0.001857
0.030932 0.027195 0.024119 0.021296 0.018599 0.015983 0.013427 0.010922 0.008465 0.006050 0.003738 0.001898 0.000580 0.000001 0.000001 0.000001 0.000001 0.000001 0.000001 0.000001 0.000001 0.000001 0.000001 0.000001 0.000001 0.000001 0.000001 0.000001 0.000001 0.000001 0.000001 0.000001 0.000001 0.000001 0.000001 0.000001 0.000001 0.000001 0.000001 0.000001 0.000001 0.000001 0.000001 0.000001 0.000001 0.000001 0.000001 0.000001 0.000001 0.000001
0.025974 0.024617 0.021979 0.019073 0.016147 0.013259 0.010421 0.007635 0.004897 0.002212 0.000074 0.000001 0.000001 0.000001 0.000001 0.000001 0.000001 0.000001 0.000001 0.000001 0.000001 0.000001 0.000001 0.000001 0.000001 0.000001 0.000001 0.000001 0.000001 0.000001 0.000001 0.000001 0.000001 0.000001 0.000001 0.000001 0.000001 0.000001 0.000001 0.000001 0.000001 0.000001 0.000001 0.000001 0.000001 0.000001 0.000001 0.000001 0.000001 0.000001
0.030012 0.024735 0.021018 0.017712 0.014547 0.011463 0.008443 0.005483 0.002580 0.000001 0.000001 0.000001 0.000001 0.000001 0.000001 0.000001 0.000001 0.000001 0.000001 0.000001 0.000001 0.000001 0.000001 0.000001 0.000001 0.000001 0.000001 0.000001 0.000001 0.000001 0.000001 0.000001 0.000001 0.000001 0.000001 0.000001 0.000001 0.000001 0.000001 0.000001 0.000001 0.000001 0.000001 0.000001 0.000001 0.000001 0.000001 0.000001 0.000001 0.000001
0.025912 0.023533 0.020330 0.017030 0.013790 0.010636 0.007564 0.004564 0.001629 0.000001 0.000001 0.000001 0.000001 0.000001 0.000001 0.000001 0.000001 0.000001 0.000001 0.000001 0.000001 0.000001 0.000001 0.000001 0.000001 0.000001 0.000001 0.000001 0.000001 0.000001 0.000001 0.000001 0.000001 0.000001 0.000001 0.000001 0.000001 0.000001 0.000001 0.000001 0.000001 0.000001 0.000001 0.000001 0.000001 0.000001 0.000001 0.000001 0.000001 0.000001
0.027117 0.023420 0.019992 0.016738 0.013619 0.010606 0.007677 0.004818 0.002017 0.000001 0.000001 0.000001 0.000001 0.000001 0.000001 0.000001 0.000001 0.000001 0.000001 0.000001 0.000001 0.000001 0.000001 0.000001 0.000001 0.000001 0.000001 0.000001 0.000001 0.000001 0.000001 0.000001 0.000001 0.000001 0.000001 0.000001 0.000001 0.000001 0.000001 0.000001 0.000001 0.000001 0.000001 0.000001 0.000001 0.000001 0.000001 0.000001 0.000001 0.000001
0.025989 0.022244 0.019257 0.016515 0.013865 0.011263 0.008697 0.006164 0.003661 0.001223 0.000001 0.000001 0.000001 0.000001 0.000001 0.000001 0.000001 0.000001 0.000001 0.000001 0.000001 0.000001 0.000001 0.000001 0.000001 0.000001 0.000001 0.000001 0.000001 0.000001 0.000001 0.000001 0.000001 0.000001 0.000001 0.000001 0.000001 0.000001 0.000001 0.000001 0.000001 0.000001 0.000001 0.000001 0.000001 0.000001 0.000001 0.000001 0.000001 0.000001
0.020741 0.020192 0.018693 0.016841 0.014843 0.012779 0.010686 0.008583 0.006482 0.004391 0.002440 0.001039 0.000013 0.000001 0.000001 0.000001 0.000001 0.000001 0.000001 0.000001 0.000001 0.000001 0.000001 0.000001 0.000001 0.000001 0.000001 0.000001 0.000001 0.000001 0.000001 0.000001 0.000001 0.000001 0.000001 0.000001 0.000001 0.000001 0.000001 0.000001 0.000001 0.000001 0.000001 0.000001 0.000001 0.000001 0.000001 0.000001 0.000001 0.000001
0.023177 0.021609 0.020113 0.018573 0.016978 0.015344 0.013686 0.012017 0.010345 0.008677 0.007028 0.005499 0.004170 0.003153 0.002437 0.001897 0.001472 0.001131 0.000853 0.000626 0.000441 0.000292 0.000172 0.000080 0.000013 0.000001 0.000001 0.000001 0.000000 0.000011 0.000048 0.000106 0.000183 0.000278 0.000391 0.000520 0.000668 0.000833 0.001017 0.001220 0.001443 0.001686 0.001952 0.002241 0.002554 0.002892 0.003258 0.003654 0.004080 0.004539
0.025938 0.024217 0.022750 0.021370 0.020039 0.018741 0.017469 0.016216 0.014978 0.013754 0.012542 0.011359 0.010242 0.009230 0.008372 0.007663 0.007082 0.006606 0.006219 0.005907 0.005661 0.005473 0.005335 0.005244 0.005196 0.005191 0.005230 0.005304 0.005406 0.005533 0.005691 0.005882 0.006105 0.006360 0.006649 0.006971 0.007327 0.007717 0.008144 0.008609 0.009112 0.009656 0.010243 0.010874 0.011554 0.012283 0.013065 0.013904 0.014802 0.015765
0.027717 0.026660 0.025425 0.024309 0.023315 0.022410 0.021566 0.020763 0.019989 0.019238 0.018503 0.017783 0.017087 0.016427 0.015827 0.015304 0.014863 0.014503 0.014220 0.014008 0.013863 0.013779 0.013752 0.013780 0.013858 0.013985 0.014162 0.014387 0.014656 0.014968 0.015321 0.015718 0.016158 0.016644 0.017175 0.017754 0.018381 0.019059 0.019788 0.020572 0.021413 0.022313 0.023276 0.024304 0.025402 0.026573 0.027822 0.029153 0.030571 0.032083
0.029722 0.027892 0.027081 0.026569 0.026172 0.025834 0.025534 0.025262 0.025008 0.024769 0.024541 0.024322 0.024112 0.023916 0.023740 0.023597 0.023494 0.023439 0.023435 0.023483 0.023585 0.023739 0.023946 0.024204 0.024514 0.024874 0.025285 0.025747 0.026261 0.026826 0.027442 0.028111 0.028832 0.029609 0.030443 0.031336 0.032289 0.033307 0.034391 0.035545 0.036771 0.038075 0.039459 0.040928 0.042487 0.044142 0.045897 0.047760 0.049736 0.051834
0.024695 0.026735 0.027621 0.028146 0.028543 0.028888 0.029209 0.029516 0.029816 0.030110 0.030400 0.030689 0.030976 0.031266 0.031560 0.031866 0.032188 0.032534 0.032909 0.033318 0.033765 0.034251 0.034780 0.035354 0.035975 0.036643 0.037361 0.038130 0.038952 0.039829 0.040763 0.041755 0.042807 0.043923 0.045104 0.046354 0.047675 0.049072 0.050547 0.052106 0.053753 0.055491 0.057327 0.059267 0.061315 0.063479 0.065766 0.068183 0.070739 0.073443
0.026896 0.027730 0.028804 0.029862 0.030860 0.031800 0.032692 0.033546 0.034371 0.035172 0.035956 0.036725 0.037486 0.038240 0.038991 0.039743 0.040502 0.041272 0.042057 0.042865 0.043697 0.044560 0.045458 0.046392 0.047368 0.048387 0.049454 0.050571 0.051740 0.052966 0.054251 0.055599 0.057012 0.058493 0.060048 0.061679 0.063390 0.065187 0.067074 0.069055 0.071137 0.073326 0.075627 0.078047 0.080594 0.083276 0.086100 0.089077 0.092215 0.095526
0.028021 0.029115 0.030519 0.031979 0.033417 0.034811 0.036158 0.037462 0.038729 0.039965 0.041176 0.042368 0.043545 0.044712 0.045873 0.047032 0.048194 0.049362 0.050541 0.051736 0.052951 0.054191 0.055459 0.056761 0.058100 0.059480 0.060906 0.062381 0.063909 0.065494 0.067140 0.068851 0.070631 0.072486 0.074419 0.076435 0.078539 0.080737 0.083034 0.085436 0.087951 0.090584 0.093343 0.096236 0.099272 0.102460 0.105809 0.109329 0.113033 0.116933
0.028059 0.030656 0.032691 0.034552 0.036331 0.038051 0.039723 0.041355 0.042953 0.044523 0.046070 0.047600 0.049117 0.050625 0.052129 0.053633 0.055140 0.056654 0.058180 0.059721 0.061281 0.062865 0.064477 0.066121 0.067802 0.069524 0.071291 0.073107 0.074978 0.076907 0.078900 0.080960 0.083094 0.085305 0.087601 0.089985 0.092464 0.095044 0.097732 0.100534 0.103458 0.106513 0.109705 0.113044 0.116540 0.120203 0.124043 0.128074 0.132306 0.136755
0.031886 0.033668 0.035708 0.037713 0.039657 0.041555 0.043416 0.045251 0.047064 0.048861 0.050645 0.052421 0.054191 0.055960 0.057730 0.059505 0.061288 0.063082 0.064892 0.066720 0.068570 0.070447 0.072353 0.074294 0.076273 0.078294 0.080363 0.082483 0.084660 0.086898 0.089202 0.091577 0.094029 0.096564 0.099186 0.101904 0.104722 0.107648 0.110688 0.113852 0.117146 0.120579 0.124161 0.127902 0.131811 0.135900 0.140182 0.144669 0.149375 0.154315
0.034887 0.037380 0.039426 0.041383 0.043319 0.045250 0.047179 0.049107 0.051034 0.052963 0.054895 0.056830 0.058770 0.060719 0.062678 0.064649 0.066635 0.068638 0.070663 0.072711 0.074787 0.076893 0.079033 0.081211 0.083430 0.085696 0.088012 0.090384 0.092814 0.095309 0.097874 0.100514 0.103235 0.106042 0.108942 0.111942 0.115047 0.118267 0.121607 0.125077 0.128685 0.132441 0.136354 0.140435 0.144695 0.149147 0.153803 0.158676 0.163783 0.169139
0.040996 0.041931 0.043478 0.045226 0.047066 0.048958 0.050885 0.052837 0.054809 0.056800 0.058806 0.060829 0.062868 0.064925 0.067000 0.069096 0.071214 0.073357 0.075527 0.077727 0.079960 0.082228 0.084535 0.086885 0.089281 0.091727 0.094228 0.096787 0.099410 0.102101 0.104865 0.107709 0.110637 0.113655 0.116771 0.119990 0.123320 0.126769 0.130344 0.134054 0.137908 0.141917 0.146089 0.150437 0.154973 0.159708 0.164657 0.169833 0.175254 0.180935
0.043329 0.045284 0.047026 0.048800 0.050630 0.052508 0.054424 0.056374 0.058352 0.060356 0.062384 0.064437 0.066515 0.068617 0.070745 0.072901 0.075086 0.077302 0.079551 0.081836 0.084158 0.086522 0.088929 0.091384 0.093889 0.096449 0.099067 0.101748 0.104496 0.107316 0.110213 0.113192 0.116259 0.119420 0.122682 0.126051 0.129534 0.133140 0.136876 0.140752 0.144776 0.148958 0.153310 0.157842 0.162567 0.167497 0.172647 0.178033 0.183669 0.189573
0.046922 0.048450 0.050275 0.052133 0.054002 0.055886 0.057790 0.059719 0.061672 0.063652 0.065658 0.067693 0.069757 0.071851 0.073976 0.076134 0.078326 0.080554 0.082820 0.085127 0.087476 0.089871 0.092314 0.094809 0.097358 0.099965 0.102634 0.105369 0.108175 0.111055 0.114016 0.117061 0.120197 0.123430 0.126766 0.130211 0.133774 0.137460 0.141280 0.145241 0.149354 0.153627 0.158071 0.162699 0.167522 0.172554 0.177808 0.183301 0.189048 0.195067
0.048937 0.051598 0.053633 0.055521 0.057370 0.059212 0.061062 0.062928 0.064816 0.066729 0.068670 0.070642 0.072646 0.074683 0.076754 0.078863 0.081009 0.083196 0.085424 0.087697 0.090016 0.092384 0.094803 0.097277 0.099809 0.102401 0.105059 0.107784 0.110583 0.113458 0.116415 0.119460 0.122596 0.125830 0.129169 0.132618 0.136185 0.139877 0.143703 0.147671 0.151789 0.156069 0.160520 0.165155 0.169984 0.175021 0.180281 0.185779 0.191532 0.197558
0.055090 0.056000 0.057529 0.059183 0.060867 0.062569 0.064291 0.066038 0.067811 0.069614 0.071449 0.073316 0.075218 0.077157 0.079133 0.081148 0.083204 0.085302 0.087446 0.089635 0.091874 0.094164 0.096508 0.098908 0.101368 0.103891 0.106479 0.109138 0.111871 0.114681 0.117574 0.120555 0.123628 0.126799 0.130074 0.133459 0.136961 0.140587 0.144345 0.148244 0.152292 0.156498 0.160873 0.165429 0.170176 0.175128 0.180299 0.185704 0.191362 0.197290
0.058320 0.060070 0.061491 0.062906 0.064366 0.065873 0.067422 0.069010 0.070635 0.072294 0.073990 0.075722 0.077490 0.079297 0.081143 0.083030 0.084959 0.086933 0.088952 0.091019 0.093137 0.095307 0.097532 0.099814 0.102156 0.104562 0.107035 0.109577 0.112193 0.114887 0.117663 0.120526 0.123479 0.126530 0.129682 0.132943 0.136318 0.139815 0.143440 0.147202 0.151108 0.155169 0.159394 0.163794 0.168379 0.173162 0.178159 0.183383 0.188853 0.194584
0.063155 0.064029 0.065124 0.066328 0.067608 0.068947 0.070333 0.071760 0.073226 0.074728 0.076267 0.077843 0.079457 0.081109 0.082801 0.084534 0.086310 0.088130 0.089997 0.091912 0.093877 0.095894 0.097966 0.100096 0.102285 0.104537 0.106854 0.109241 0.111700 0.114235 0.116851 0.119550 0.122339 0.125222 0.128203 0.131289 0.134485 0.137798 0.141235 0.144803 0.148510 0.152364 0.156375 0.160553 0.164908 0.169453 0.174201 0.179166 0.184365 0.189814
0.066048 0.067003 0.068114 0.069283 0.070482 0.071704 0.072953 0.074231 0.075540 0.076880 0.078255 0.079664 0.081109 0.082592 0.084115 0.085677 0.087282 0.088930 0.090624 0.092365 0.094155 0.095997 0.097892 0.099843 0.101853 0.103923 0.106058 0.108259 0.110531 0.112876 0.115298 0.117801 0.120389 0.123067 0.125840 0.128712 0.131690 0.134778 0.137983 0.141312 0.144773 0.148372 0.152119 0.156022 0.160093 0.164343 0.168783 0.173427 0.178289 0.183385
0.068273 0.069652 0.070880 0.072014 0.073110 0.074200 0.075300 0.076420 0.077565 0.078738 0.079941 0.081177 0.082447 0.083752 0.085095 0.086477 0.087900 0.089365 0.090873 0.092427 0.094029 0.095680 0.097382 0.099139 0.100951 0.102823 0.104755 0.106751 0.108814 0.110948 0.113154 0.115437 0.117801 0.120250 0.122788 0.125419 0.128149 0.130983 0.133926 0.136985 0.140166 0.143476 0.146923 0.150516 0.154263 0.158175 0.162264 0.166541 0.171019 0.175712
0.071565 0.072924 0.073853 0.074717 0.075590 0.076483 0.077400 0.078342 0.079311 0.080307 0.081333 0.082390 0.083480 0.084603 0.085762 0.086958 0.088193 0.089468 0.090785 0.092145 0.093550 0.095003 0.096505 0.098058 0.099664 0.101326 0.103046 0.104826 0.106670 0.108579 0.110557 0.112607 0.114733 0.116938 0.119225 0.121600 0.124066 0.126628 0.129291 0.132061 0.134942 0.137943 0.141068 0.144327 0.147727 0.151278 0.154989 0.158870 0.162935 0.167194
0.077270 0.076444 0.076655 0.077180 0.077818 0.078511 0.079239 0.079999 0.080786 0.081603 0.082448 0.083323 0.084230 0.085169 0.086142 0.087150 0.088195 0.089278 0.090401 0.091566 0.092773 0.094025 0.095324 0.096671 0.098069 0.099519 0.101023 0.102584 0.104204 0.105886 0.107632 0.109444 0.111327 0.113283 0.115315 0.117427 0.119623 0.121906 0.124282 0.126755 0.129330 0.132013 0.134809 0.137725 0.140768 0.143947 0.147270 0.150745 0.154384 0.158196
0.076380 0.077842 0.078607 0.079182 0.079717 0.080257 0.080816 0.081400 0.082009 0.082645 0.083309 0.084002 0.084725 0.085479 0.086265 0.087086 0.087942 0.088834 0.089765 0.090736 0.091747 0.092802 0.093900 0.095044 0.096236 0.097477 0.098769 0.100114 0.101515 0.102972 0.104488 0.106067 0.107709 0.109419 0.111198 0.113051 0.114979 0.116988 0.119080 0.121259 0.123531 0.125898 0.128368 0.130944 0.133634 0.136444 0.139382 0.142454 0.145671 0.149041
0.079620 0.080293 0.080716 0.081073 0.081423 0.081787 0.082170 0.082575 0.083004 0.083458 0.083938 0.084447 0.084986 0.085555 0.086157 0.086792 0.087463 0.088169 0.088913 0.089695 0.090518 0.091381 0.092286 0.093236 0.094230 0.095270 0.096358 0.097496 0.098685 0.099927 0.101223 0.102577 0.103989 0.105462 0.106999 0.108602 0.110274 0.112018 0.113836 0.115733 0.117712 0.119777 0.121932 0.124182 0.126532 0.128987 0.131554 0.134240 0.137051 0.139995
0.084449 0.083170 0.082853 0.082853 0.082966 0.083128 0.083320 0.083535 0.083775 0.084042 0.084336 0.084661 0.085016 0.085405 0.085827 0.086284 0.086777 0.087306 0.087872 0.088477 0.089121 0.089804 0.090529 0.091295 0.092104 0.092956 0.093854 0.094798 0.095789 0.096829 0.097920 0.099063 0.100259 0.101511 0.102820 0.104189 0.105620 0.107115 0.108678 0.110310 0.112014 0.113795 0.115655 0.117598 0.119629 0.121752 0.123972 0.126294 0.128725 0.131271
0.083439 0.084121 0.084269 0.084276 0.084251 0.084229 0.084222 0.084239 0.084284 0.084361 0.084472 0.084618 0.084799 0.085017 0.085272 0.085563 0.085892 0.086259 0.086663 0.087105 0.087586 0.088106 0.088666 0.089265 0.089905 0.090587 0.091311 0.092078 0.092889 0.093745 0.094647 0.095597 0.096596 0.097645 0.098746 0.099901 0.101110 0.102378 0.103704 0.105093 0.106545 0.108065 0.109654 0.111316 0.113054 0.114871 0.116773 0.118762 0.120845 0.123027
0.085669 0.085795 0.085701 0.085490 0.085237 0.084989 0.084767 0.084583 0.084441 0.084342 0.084286 0.084272 0.084300 0.084369 0.084478 0.084626 0.084812 0.085037 0.085300 0.085601 0.085940 0.086317 0.086732 0.087185 0.087676 0.088207 0.088777 0.089387 0.090038 0.090730 0.091464 0.092242 0.093063 0.093931 0.094844 0.095806 0.096817 0.097879 0.098993 0.100162 0.101388 0.102672 0.104016 0.105424 0.106898 0.108441 0.110056 0.111746 0.113516 0.115369
0.088679 0.087709 0.086942 0.086275 0.085697 0.085201 0.084780 0.084428 0.084137 0.083902 0.083719 0.083584 0.083494 0.083447 0.083441 0.083476 0.083549 0.083660 0.083808 0.083993 0.084214 0.084471 0.084764 0.085093 0.085458 0.085859 0.086296 0.086770 0.087282 0.087831 0.088418 0.089045 0.089711 0.090419 0.091167 0.091959 0.092794 0.093674 0.094601 0.095575 0.096599 0.097674 0.098802 0.099984 0.101224 0.102523 0.103884 0.105309 0.106802 0.108366
0.089642 0.088236 0.086983 0.086001 0.085232 0.084612 0.084101 0.083673 0.083312 0.083010 0.082758 0.082553 0.082392 0.082271 0.082189 0.082144 0.082136 0.082162 0.082223 0.082318 0.082447 0.082609 0.082803 0.083031 0.083291 0.083584 0.083910 0.084270 0.084663 0.085090 0.085552 0.086049 0.086581 0.087150 0.087755 0.088398 0.089080 0.089802 0.090565 0.091369 0.092216 0.093108 0.094046 0.095032 0.096066 0.097152 0.098290 0.099484 0.100735 0.102046
0.088423 0.086221 0.085069 0.084301 0.083703 0.083201 0.082764 0.082380 0.082040 0.081742 0.081481 0.081257 0.081067 0.080911 0.080787 0.080695 0.080635 0.080604 0.080604 0.080634 0.080693 0.080781 0.080898 0.081045 0.081221 0.081426 0.081661 0.081925 0.082220 0.082544 0.082899 0.083286 0.083704 0.084154 0.084636 0.085152 0.085703 0.086287 0.086908 0.087565 0.088260 0.088994 0.089767 0.090582 0.091439 0.092339 0.093286 0.094279 0.095321 0.096414
0.080275 0.081498 0.081847 0.081821 0.081633 0.081376 0.081096 0.080813 0.080541 0.080286 0.080051 0.079838 0.079649 0.079483 0.079342 0.079225 0.079133 0.079066 0.079023 0.079006 0.079013 0.079045 0.079102 0.079185 0.079293 0.079427 0.079587 0.079772 0.079984 0.080223 0.080489 0.080782 0.081103 0.081452 0.081830 0.082237 0.082675 0.083143 0.083642 0.084173 0.084737 0.085334 0.085966 0.086634 0.087338 0.088080 0.088862 0.089683 0.090546 0.091453
0.078118 0.079477 0.079917 0.079996 0.079911 0.079746 0.079543 0.079323 0.079100 0.078881 0.078671 0.078473 0.078290 0.078123 0.077973 0.077840 0.077727 0.077633 0.077558 0.077504 0.077471 0.077458 0.077467 0.077497 0.077549 0.077624 0.077721 0.077840 0.077983 0.078149 0.078339 0.078554 0.078792 0.079056 0.079345 0.079660 0.080001 0.080369 0.080764 0.081188 0.081640 0.082121 0.082632 0.083175 0.083749 0.084356 0.084996 0.085671 0.086382 0.087130
0.082561 0.080445 0.079617 0.079184 0.078881 0.078624 0.078386 0.078158 0.077936 0.077721 0.077513 0.077315 0.077127 0.076950 0.076786 0.076636 0.076500 0.076380 0.076276 0.076188 0.076118 0.076066 0.076032 0.076017 0.076021 0.076044 0.076087 0.076150 0.076233 0.076337 0.076462 0.076609 0.076777 0.076968 0.077181 0.077417 0.077676 0.077958 0.078265 0.078597 0.078954 0.079336 0.079745 0.080181 0.080644 0.081136 0.081657 0.082208 0.082790 0.083404
0.079879 0.079672 0.079147 0.078672 0.078282 0.077953 0.077662 0.077395 0.077143 0.076903 0.076673 0.076451 0.076240 0.076038 0.075848 0.075670 0.075505 0.075353 0.075216 0.075094 0.074987 0.074896 0.074821 0.074763 0.074723 0.074700 0.074694 0.074707 0.074738 0.074788 0.074857 0.074945 0.075053 0.075180 0.075328 0.075496 0.075685 0.075895 0.076127 0.076380 0.076656 0.076954 0.077276 0.077622 0.077992 0.078387 0.078807 0.079253 0.079726 0.080227
0.079336 0.079018 0.078666 0.078310 0.077965 0.077635 0.077319 0.077015 0.076721 0.076437 0.076162 0.075898 0.075645 0.075403 0.075174 0.074957 0.074753 0.074563 0.074387 0.074227 0.074081 0.073950 0.073836 0.073737 0.073654 0.073588 0.073539 0.073506 0.073491 0.073493 0.073512 0.073549 0.073604 0.073677 0.073769 0.073879 0.074008 0.074156 0.074323 0.074510 0.074717 0.074945 0.075193 0.075463 0.075754 0.076067 0.076402 0.076761 0.077143 0.077549
0.079507 0.078860 0.078583 0.078315 0.078007 0.077669 0.077316 0.076960 0.076607 0.076262 0.075928 0.075607 0.075299 0.075005 0.074727 0.074463 0.074215 0.073983 0.073766 0.073565 0.073379 0.073210 0.073056 0.072918 0.072797 0.072691 0.072602 0.072529 0.072472 0.072431 0.072407 0.072400 0.072409 0.072435 0.072479 0.072539 0.072617 0.072712 0.072825 0.072956 0.073105 0.073273 0.073459 0.073665 0.073890 0.074135 0.074400 0.074685 0.074991 0.075319
0.078077 0.079156 0.079153 0.078856 0.078458 0.078021 0.077572 0.077126 0.076690 0.076269 0.075865 0.075479 0.075113 0.074765 0.074437 0.074127 0.073835 0.073562 0.073305 0.073066 0.072844 0.072639 0.072450 0.072277 0.072120 0.071980 0.071855 0.071746 0.071654 0.071577 0.071515 0.071470 0.071440 0.071427 0.071429 0.071448 0.071482 0.071533 0.071601 0.071685 0.071786 0.071904 0.072039 0.072191 0.072361 0.072549 0.072756 0.072981 0.073224 0.073487
0.083626 0.081510 0.080521 0.079777 0.079108 0.078480 0.077889 0.077330 0.076804 0.076308 0.075840 0.075399 0.074983 0.074591 0.074222 0.073874 0.073548 0.073240 0.072952 0.072682 0.072430 0.072195 0.071977 0.071776 0.071591 0.071421 0.071267 0.071129 0.071007 0.070899 0.070807 0.070730 0.070669 0.070622 0.070591 0.070575 0.070574 0.070588 0.070618 0.070664 0.070725 0.070802 0.070895 0.071004 0.071129 0.071271 0.071430 0.071605 0.071798 0.072008
0.082087 0.082166 0.081269 0.080314 0.079450 0.078680 0.077987 0.077356 0.076774 0.076235 0.075732 0.075262 0.074820 0.074404 0.074013 0.073645 0.073297 0.072970 0.072662 0.072372 0.072099 0.071844 0.071606 0.071383 0.071176 0.070985 0.070810 0.070649 0.070503 0.070372 0.070255 0.070154 0.070066 0.069994 0.069935 0.069892 0.069862 0.069848 0.069848 0.069862 0.069892 0.069936 0.069995 0.070069 0.070159 0.070264 0.070384 0.070521 0.070673 0.070841
0.085642 0.082584 0.081038 0.079969 0.079103 0.078353 0.077681 0.077068 0.076502 0.075976 0.075483 0.075019 0.074582 0.074169 0.073778 0.073407 0.073056 0.072723 0.072408 0.072110 0.071828 0.071561 0.071311 0.071076 0.070855 0.070650 0.070459 0.070282 0.070120 0.069971 0.069837 0.069717 0.069610 0.069518 0.069439 0.069374 0.069323 0.069286 0.069263 0.069254 0.069259 0.069278 0.069311 0.069358 0.069420 0.069497 0.069588 0.069694 0.069815 0.069951
0.079292 0.079597 0.079213 0.078675 0.078111 0.077558 0.077026 0.076517 0.076031 0.075567 0.075123 0.074698 0.074291 0.073902 0.073528 0.073171 0.072829 0.072502 0.072190 0.071892 0.071608 0.071339 0.071084 0.070843 0.070615 0.070401 0.070201 0.070015 0.069841 0.069681 0.069535 0.069402 0.069282 0.069176 0.069082 0.069002 0.068936 0.068883 0.068843 0.068816 0.068803 0.068804 0.068818 0.068846 0.068888 0.068944 0.069014 0.069098 0.069196 0.069309
0.077175 0.077544 0.077549 0.077345 0.077039 0.076685 0.076309 0.075923 0.075534 0.075147 0.074764 0.074388 0.074020 0.073661 0.073311 0.072972 0.072644 0.072328 0.072023 0.071731 0.071450 0.071182 0.070926 0.070683 0.070453 0.070235 0.070030 0.069838 0.069659 0.069492 0.069338 0.069197 0.069069 0.068954 0.068852 0.068762 0.068685 0.068622 0.068571 0.068534 0.068509 0.068498 0.068500 0.068515 0.068544 0.068586 0.068642 0.068712 0.068795 0.068893
0.077853 0.077253 0.076917 0.076663 0.076414 0.076147 0.075856 0.075544 0.075218 0.074882 0.074540 0.074197 0.073855 0.073516 0.073184 0.072858 0.072540 0.072231 0.071932 0.071644 0.071366 0.071100 0.070845 0.070602 0.070371 0.070152 0.069945 0.069750 0.069568 0.069399 0.069241 0.069097 0.068965 0.068845 0.068738 0.068644 0.068563 0.068494 0.068438 0.068395 0.068365 0.068348 0.068344 0.068353 0.068375 0.068411 0.068460 0.068522 0.068598 0.068688
