0.056206 0.061572 0.065560 0.068247 0.069795 0.070576 0.071216 0.071757 0.072214 0.072599 0.072925 0.073202 0.073441 0.073647 0.073830 0.073993 0.074142 0.074281 0.074413 0.074542 0.074669 0.074798 0.074929 0.075066 0.075208 0.075357 0.075515 0.075683 0.075860 0.076050 0.076252 0.076466 0.076695 0.076939 0.077197 0.077472 0.077764 0.078073 0.078401 0.078748 0.079114 0.079501 0.079909 0.080340 0.080792 0.081269 0.081769 0.082294 0.082845 0.083422
0.053653 0.060211 0.064806 0.067785 0.069490 0.070393 0.071127 0.071741 0.072255 0.072687 0.073049 0.073356 0.073617 0.073842 0.074038 0.074212 0.074370 0.074517 0.074655 0.074789 0.074922 0.075055 0.075191 0.075331 0.075478 0.075632 0.075795 0.075967 0.076151 0.076346 0.076554 0.076775 0.077011 0.077261 0.077528 0.077811 0.078111 0.078429 0.078766 0.079123 0.079499 0.079897 0.080316 0.080757 0.081221 0.081710 0.082222 0.082760 0.083324 0.083915
0.049924 0.058157 0.063454 0.066859 0.068875 0.070036 0.070972 0.071743 0.072377 0.072900 0.073333 0.073693 0.073995 0.074252 0.074473 0.074667 0.074840 0.074999 0.075149 0.075292 0.075434 0.075575 0.075719 0.075868 0.076023 0.076186 0.076359 0.076542 0.076736 0.076943 0.077163 0.077397 0.077646 0.077912 0.078193 0.078493 0.078810 0.079146 0.079501 0.079877 0.080274 0.080692 0.081133 0.081596 0.082084 0.082596 0.083133 0.083697 0.084287 0.084904
0.047769 0.055723 0.061552 0.065567 0.068087 0.069643 0.070879 0.071871 0.072669 0.073313 0.073835 0.074263 0.074615 0.074910 0.075160 0.075377 0.075569 0.075744 0.075907 0.076062 0.076215 0.076368 0.076524 0.076685 0.076852 0.077029 0.077215 0.077413 0.077624 0.077848 0.078087 0.078341 0.078611 0.078898 0.079203 0.079526 0.079869 0.080232 0.080615 0.081020 0.081446 0.081896 0.082369 0.082866 0.083388 0.083936 0.084510 0.085111 0.085740 0.086397
0.043154 0.052648 0.059637 0.064482 0.067573 0.069540 0.071077 0.072288 0.073247 0.074008 0.074618 0.075109 0.075510 0.075841 0.076120 0.076359 0.076569 0.076760 0.076937 0.077107 0.077273 0.077440 0.077610 0.077787 0.077971 0.078166 0.078371 0.078590 0.078823 0.079070 0.079334 0.079614 0.079912 0.080229 0.080565 0.080921 0.081298 0.081697 0.082117 0.082561 0.083027 0.083519 0.084035 0.084576 0.085144 0.085739 0.086361 0.087012 0.087691 0.088400
0.041133 0.051466 0.059109 0.064380 0.067769 0.069988 0.071726 0.073091 0.074168 0.075019 0.075696 0.076240 0.076680 0.077042 0.077346 0.077606 0.077834 0.078042 0.078235 0.078421 0.078604 0.078788 0.078977 0.079174 0.079380 0.079598 0.079829 0.080074 0.080335 0.080613 0.080909 0.081224 0.081558 0.081913 0.082289 0.082686 0.083106 0.083550 0.084017 0.084509 0.085026 0.085569 0.086138 0.086735 0.087359 0.088012 0.088694 0.089405 0.090147 0.090919
0.040571 0.051893 0.059637 0.064992 0.068494 0.070863 0.072732 0.074206 0.075369 0.076289 0.077021 0.077608 0.078084 0.078476 0.078804 0.079087 0.079337 0.079565 0.079779 0.079986 0.080191 0.080399 0.080613 0.080836 0.081071 0.081319 0.081583 0.081863 0.082160 0.082477 0.082813 0.083171 0.083550 0.083951 0.084376 0.084824 0.085297 0.085795 0.086319 0.086870 0.087447 0.088052 0.088685 0.089347 0.090039 0.090760 0.091512 0.092295 0.093110 0.093956
0.039130 0.050984 0.059495 0.065372 0.069209 0.071814 0.073850 0.075448 0.076706 0.077702 0.078494 0.079131 0.079649 0.080077 0.080439 0.080753 0.081032 0.081289 0.081533 0.081770 0.082006 0.082247 0.082495 0.082755 0.083027 0.083315 0.083621 0.083945 0.084288 0.084653 0.085040 0.085450 0.085884 0.086342 0.086825 0.087334 0.087870 0.088433 0.089024 0.089642 0.090290 0.090967 0.091674 0.092412 0.093180 0.093980 0.094812 0.095677 0.096574 0.097505
0.037445 0.049907 0.059134 0.065573 0.069819 0.072691 0.074925 0.076675 0.078052 0.079144 0.080016 0.080720 0.081297 0.081778 0.082188 0.082547 0.082870 0.083170 0.083456 0.083737 0.084017 0.084303 0.084597 0.084905 0.085227 0.085566 0.085925 0.086304 0.086705 0.087129 0.087578 0.088051 0.088550 0.089075 0.089628 0.090209 0.090817 0.091455 0.092123 0.092820 0.093548 0.094307 0.095097 0.095920 0.096774 0.097662 0.098583 0.099537 0.100526 0.101549
0.037113 0.049968 0.059276 0.065941 0.070459 0.073526 0.075935 0.077838 0.079347 0.080553 0.081524 0.082316 0.082971 0.083525 0.084002 0.084425 0.084809 0.085169 0.085514 0.085853 0.086192 0.086537 0.086892 0.087261 0.087647 0.088051 0.088476 0.088923 0.089393 0.089889 0.090410 0.090958 0.091534 0.092138 0.092771 0.093433 0.094125 0.094848 0.095602 0.096388 0.097205 0.098055 0.098938 0.099853 0.100803 0.101786 0.102803 0.103855 0.104942 0.106064
0.035430 0.049054 0.059106 0.066228 0.071068 0.074328 0.076895 0.078945 0.080590 0.081920 0.083004 0.083900 0.084652 0.085295 0.085857 0.086361 0.086824 0.087260 0.087681 0.088094 0.088508 0.088929 0.089359 0.089804 0.090267 0.090749 0.091254 0.091782 0.092335 0.092914 0.093520 0.094155 0.094819 0.095512 0.096235 0.096990 0.097775 0.098593 0.099442 0.100325 0.101240 0.102189 0.103171 0.104187 0.105238 0.106323 0.107443 0.108598 0.109788 0.111014
0.034365 0.048624 0.059037 0.066504 0.071649 0.075116 0.077839 0.080036 0.081819 0.083277 0.084482 0.085492 0.086351 0.087096 0.087757 0.088356 0.088912 0.089439 0.089950 0.090453 0.090956 0.091465 0.091986 0.092521 0.093074 0.093648 0.094245 0.094866 0.095513 0.096188 0.096890 0.097622 0.098384 0.099176 0.100000 0.100855 0.101743 0.102663 0.103616 0.104602 0.105623 0.106676 0.107765 0.108887 0.110044 0.111236 0.112462 0.113724 0.115021 0.116353
0.033875 0.048342 0.059066 0.066841 0.072277 0.075958 0.078837 0.081178 0.083095 0.084680 0.086006 0.087131 0.088101 0.088955 0.089722 0.090425 0.091084 0.091714 0.092326 0.092930 0.093535 0.094146 0.094768 0.095405 0.096061 0.096737 0.097438 0.098163 0.098915 0.099694 0.100503 0.101341 0.102210 0.103110 0.104041 0.105005 0.106001 0.107030 0.108092 0.109188 0.110318 0.111481 0.112679 0.113911 0.115177 0.116478 0.117813 0.119183 0.120587 0.122025
0.033295 0.048142 0.059242 0.067349 0.073076 0.076966 0.079982 0.082450 0.084487 0.086187 0.087624 0.088860 0.089940 0.090904 0.091780 0.092593 0.093362 0.094101 0.094824 0.095539 0.096254 0.096975 0.097708 0.098457 0.099224 0.100013 0.100825 0.101662 0.102527 0.103419 0.104341 0.105292 0.106274 0.107287 0.108331 0.109408 0.110517 0.111659 0.112834 0.114042 0.115284 0.116559 0.117867 0.119209 0.120585 0.121995 0.123438 0.124915 0.126425 0.127969
0.033361 0.048466 0.059820 0.068186 0.074148 0.078217 0.081330 0.083892 0.086025 0.087823 0.089363 0.090703 0.091892 0.092966 0.093954 0.094881 0.095765 0.096620 0.097458 0.098290 0.099122 0.099961 0.100812 0.101678 0.102563 0.103469 0.104399 0.105354 0.106336 0.107346 0.108384 0.109452 0.110550 0.111679 0.112839 0.114031 0.115255 0.116511 0.117799 0.119119 0.120473 0.121858 0.123277 0.124728 0.126211 0.127727 0.129275 0.130856 0.132468 0.134113
0.033757 0.048989 0.060649 0.069259 0.075422 0.079649 0.082827 0.085464 0.087682 0.089575 0.091217 0.092665 0.093965 0.095153 0.096259 0.097304 0.098307 0.099283 0.100242 0.101195 0.102149 0.103109 0.104081 0.105068 0.106073 0.107100 0.108150 0.109224 0.110325 0.111453 0.112609 0.113795 0.115009 0.116254 0.117529 0.118835 0.120172 0.121540 0.122939 0.124369 0.125831 0.127324 0.128849 0.130404 0.131991 0.133609 0.135257 0.136936 0.138645 0.140383
0.032245 0.049148 0.061359 0.070273 0.076671 0.081102 0.084356 0.087084 0.089406 0.091411 0.093170 0.094738 0.096161 0.097473 0.098703 0.099872 0.100999 0.102099 0.103182 0.104258 0.105334 0.106416 0.107510 0.108618 0.109743 0.110890 0.112058 0.113251 0.114469 0.115714 0.116985 0.118285 0.119613 0.120970 0.122357 0.123773 0.125219 0.126694 0.128199 0.129735 0.131300 0.132895 0.134519 0.136173 0.137857 0.139569 0.141310 0.143080 0.144878 0.146703
0.033187 0.049423 0.061825 0.071033 0.077730 0.082447 0.085848 0.088716 0.091181 0.093328 0.095227 0.096933 0.098490 0.099934 0.101293 0.102591 0.103844 0.105068 0.106275 0.107473 0.108670 0.109872 0.111084 0.112309 0.113552 0.114814 0.116097 0.117403 0.118734 0.120089 0.121471 0.122880 0.124316 0.125780 0.127271 0.128791 0.130339 0.131915 0.133520 0.135153 0.136814 0.138503 0.140220 0.141964 0.143736 0.145535 0.147360 0.149212 0.151090 0.152993
0.032590 0.049338 0.062009 0.071583 0.078666 0.083743 0.087376 0.090427 0.093063 0.095372 0.097423 0.099273 0.100969 0.102547 0.104036 0.105459 0.106836 0.108181 0.109506 0.110821 0.112133 0.113449 0.114774 0.116111 0.117463 0.118834 0.120225 0.121637 0.123073 0.124532 0.126017 0.127527 0.129063 0.130625 0.132213 0.133829 0.135471 0.137139 0.138834 0.140556 0.142304 0.144078 0.145878 0.147704 0.149555 0.151430 0.153331 0.155255 0.157203 0.159175
0.031823 0.048902 0.062189 0.072286 0.079792 0.085222 0.089106 0.092340 0.095142 0.097603 0.099797 0.101783 0.103608 0.105311 0.106920 0.108461 0.109952 0.111409 0.112845 0.114268 0.115687 0.117108 0.118536 0.119975 0.121428 0.122899 0.124388 0.125898 0.127430 0.128984 0.130562 0.132164 0.133790 0.135441 0.137118 0.138819 0.140545 0.142296 0.144072 0.145873 0.147698 0.149548 0.151421 0.153318 0.155238 0.157181 0.159146 0.161134 0.163142 0.165172
0.032242 0.049657 0.063298 0.073663 0.081409 0.087068 0.091142 0.094517 0.097449 0.100034 0.102347 0.104448 0.106384 0.108195 0.109911 0.111555 0.113148 0.114705 0.116239 0.117759 0.119274 0.120789 0.122310 0.123842 0.125386 0.126946 0.128524 0.130121 0.131738 0.133377 0.135039 0.136722 0.138429 0.140160 0.141914 0.143691 0.145491 0.147315 0.149162 0.151032 0.152924 0.154839 0.156776 0.158734 0.160714 0.162714 0.164734 0.166774 0.168834 0.170912
0.032681 0.051246 0.064992 0.075453 0.083343 0.089169 0.093391 0.096873 0.099908 0.102592 0.105002 0.107198 0.109229 0.111132 0.112939 0.114673 0.116355 0.117999 0.119619 0.121225 0.122824 0.124423 0.126027 0.127639 0.129264 0.130903 0.132559 0.134233 0.135927 0.137641 0.139375 0.141131 0.142909 0.144708 0.146530 0.148373 0.150238 0.152125 0.154032 0.155962 0.157911 0.159882 0.161872 0.163882 0.165911 0.167959 0.170025 0.172109 0.174210 0.176327
0.033065 0.051585 0.066000 0.076941 0.085164 0.091244 0.095646 0.099237 0.102370 0.105147 0.107646 0.109928 0.112041 0.114026 0.115913 0.117726 0.119486 0.121207 0.122904 0.124585 0.126258 0.127931 0.129607 0.131292 0.132987 0.134696 0.136421 0.138163 0.139923 0.141702 0.143500 0.145319 0.147157 0.149017 0.150896 0.152796 0.154716 0.156656 0.158615 0.160594 0.162592 0.164609 0.166644 0.168696 0.170766 0.172852 0.174955 0.177074 0.179208 0.181356
0.033304 0.052196 0.066893 0.078215 0.086787 0.093151 0.097762 0.101465 0.104701 0.107572 0.110159 0.112523 0.114715 0.116776 0.118737 0.120622 0.122452 0.124244 0.126008 0.127757 0.129497 0.131235 0.132976 0.134724 0.136483 0.138253 0.140038 0.141839 0.143657 0.145492 0.147346 0.149218 0.151109 0.153019 0.154948 0.156895 0.158861 0.160846 0.162848 0.164868 0.166905 0.168959 0.171030 0.173117 0.175219 0.177336 0.179467 0.181613 0.183772 0.185943
0.032641 0.052407 0.067711 0.079408 0.088263 0.094867 0.099675 0.103480 0.106815 0.109778 0.112449 0.114894 0.117163 0.119297 0.121327 0.123281 0.125177 0.127033 0.128861 0.130671 0.132471 0.134269 0.136068 0.137873 0.139686 0.141511 0.143349 0.145201 0.147068 0.148952 0.150853 0.152771 0.154706 0.156658 0.158627 0.160614 0.162618 0.164638 0.166675 0.168728 0.170796 0.172880 0.174978 0.177091 0.179217 0.181357 0.183510 0.185675 0.187852 0.190040
0.033063 0.053269 0.068689 0.080538 0.089574 0.096362 0.101344 0.105244 0.108668 0.111715 0.114467 0.116987 0.119328 0.121531 0.123628 0.125645 0.127604 0.129520 0.131406 0.133273 0.135128 0.136979 0.138830 0.140685 0.142547 0.144418 0.146301 0.148197 0.150107 0.152031 0.153971 0.155926 0.157896 0.159883 0.161885 0.163903 0.165936 0.167984 0.170047 0.172124 0.174216 0.176322 0.178440 0.180572 0.182716 0.184871 0.187038 0.189216 0.191405 0.193603
0.033496 0.053565 0.069239 0.081358 0.090623 0.097604 0.102752 0.106746 0.110249 0.113370 0.116192 0.118780 0.121186 0.123452 0.125611 0.127687 0.129703 0.131674 0.133613 0.135530 0.137434 0.139331 0.141227 0.143124 0.145027 0.146937 0.148857 0.150788 0.152732 0.154688 0.156658 0.158642 0.160640 0.162652 0.164678 0.166719 0.168773 0.170841 0.172922 0.175017 0.177124 0.179244 0.181376 0.183519 0.185673 0.187838 0.190013 0.192198 0.194392 0.196595
0.033020 0.053585 0.069662 0.082055 0.091519 0.098657 0.103940 0.108008 0.111572 0.114751 0.117631 0.120277 0.122741 0.125062 0.127274 0.129403 0.131467 0.133485 0.135468 0.137428 0.139372 0.141306 0.143237 0.145167 0.147101 0.149041 0.150989 0.152945 0.154913 0.156892 0.158883 0.160886 0.162902 0.164930 0.166972 0.169026 0.171093 0.173173 0.175265 0.177368 0.179484 0.181611 0.183748 0.185896 0.188055 0.190222 0.192400 0.194586 0.196780 0.198982
0.034112 0.054550 0.070482 0.082847 0.092356 0.099574 0.104950 0.109059 0.112660 0.115884 0.118811 0.121504 0.124014 0.126381 0.128635 0.130803 0.132906 0.134958 0.136973 0.138962 0.140933 0.142893 0.144847 0.146798 0.148751 0.150709 0.152672 0.154644 0.156624 0.158614 0.160615 0.162628 0.164651 0.166687 0.168734 0.170793 0.172864 0.174947 0.177041 0.179146 0.181261 0.183388 0.185524 0.187671 0.189827 0.191992 0.194165 0.196347 0.198536 0.200733
0.033717 0.054703 0.070854 0.083341 0.092962 0.100291 0.105772 0.109922 0.113550 0.116808 0.119770 0.122497 0.125039 0.127434 0.129714 0.131906 0.134028 0.136098 0.138129 0.140131 0.142113 0.144082 0.146044 0.148001 0.149959 0.151920 0.153886 0.155859 0.157839 0.159829 0.161829 0.163839 0.165860 0.167892 0.169935 0.171989 0.174054 0.176131 0.178219 0.180317 0.182425 0.184544 0.186673 0.188811 0.190959 0.193115 0.195280 0.197452 0.199633 0.201820
0.033296 0.054220 0.070623 0.083423 0.093299 0.100816 0.106432 0.110637 0.114289 0.117568 0.120547 0.123287 0.125838 0.128239 0.130522 0.132713 0.134834 0.136900 0.138926 0.140921 0.142896 0.144856 0.146807 0.148755 0.150702 0.152651 0.154604 0.156564 0.158531 0.160507 0.162493 0.164489 0.166496 0.168513 0.170542 0.172582 0.174633 0.176695 0.178767 0.180851 0.182945 0.185050 0.187164 0.189288 0.191422 0.193564 0.195715 0.197874 0.200041 0.202215
0.031757 0.053303 0.070341 0.083525 0.093638 0.101306 0.107016 0.111258 0.114913 0.118186 0.121152 0.123875 0.126405 0.128783 0.131041 0.133207 0.135300 0.137339 0.139337 0.141305 0.143251 0.145183 0.147106 0.149025 0.150944 0.152866 0.154792 0.156724 0.158665 0.160615 0.162574 0.164545 0.166526 0.168519 0.170523 0.172539 0.174566 0.176605 0.178656 0.180718 0.182791 0.184875 0.186969 0.189073 0.191188 0.193312 0.195445 0.197586 0.199737 0.201895
0.032693 0.054200 0.070983 0.084084 0.094188 0.101859 0.107559 0.111777 0.115397 0.118624 0.121541 0.124212 0.126689 0.129014 0.131220 0.133334 0.135376 0.137365 0.139313 0.141232 0.143131 0.145016 0.146894 0.148769 0.150644 0.152523 0.154408 0.156300 0.158201 0.160113 0.162035 0.163969 0.165915 0.167873 0.169844 0.171827 0.173823 0.175832 0.177853 0.179887 0.181932 0.183990 0.186059 0.188139 0.190230 0.192332 0.194443 0.196565 0.198695 0.200835
0.031911 0.054223 0.071395 0.084611 0.094712 0.102326 0.107942 0.112081 0.115625 0.118772 0.121608 0.124199 0.126597 0.128845 0.130975 0.133015 0.134987 0.136906 0.138787 0.140640 0.142475 0.144299 0.146117 0.147933 0.149752 0.151575 0.153407 0.155247 0.157098 0.158961 0.160836 0.162724 0.164626 0.166542 0.168472 0.170416 0.172374 0.174346 0.176332 0.178331 0.180345 0.182371 0.184411 0.186463 0.188527 0.190603 0.192691 0.194789 0.196898 0.199018
0.031844 0.054231 0.071612 0.084906 0.094970 0.102482 0.107967 0.111987 0.115429 0.118477 0.121214 0.123709 0.126012 0.128168 0.130209 0.132162 0.134048 0.135884 0.137685 0.139461 0.141221 0.142971 0.144718 0.146465 0.148217 0.149976 0.151745 0.153524 0.155317 0.157123 0.158943 0.160779 0.162630 0.164496 0.166379 0.168278 0.170192 0.172123 0.174069 0.176031 0.178008 0.180000 0.182006 0.184027 0.186062 0.188111 0.190172 0.192247 0.194333 0.196432
0.032472 0.054832 0.071923 0.084966 0.094820 0.102143 0.107447 0.111328 0.114661 0.117602 0.120236 0.122628 0.124831 0.126888 0.128833 0.130691 0.132485 0.134232 0.135945 0.137636 0.139313 0.140982 0.142651 0.144322 0.146000 0.147688 0.149387 0.151100 0.152828 0.154571 0.156332 0.158109 0.159904 0.161717 0.163549 0.165398 0.167265 0.169151 0.171054 0.172974 0.174912 0.176868 0.178839 0.180827 0.182831 0.184851 0.186885 0.188934 0.190997 0.193074
0.033909 0.055299 0.071829 0.084497 0.094072 0.101165 0.106264 0.110009 0.113234 0.116070 0.118600 0.120889 0.122991 0.124948 0.126793 0.128554 0.130253 0.131906 0.133528 0.135129 0.136718 0.138303 0.139889 0.141480 0.143080 0.144692 0.146319 0.147961 0.149620 0.151297 0.152994 0.154710 0.156446 0.158202 0.159979 0.161776 0.163594 0.165431 0.167289 0.169167 0.171064 0.172981 0.174916 0.176870 0.178842 0.180832 0.182838 0.184862 0.186901 0.188957
0.033561 0.054612 0.070900 0.083332 0.092672 0.099535 0.104417 0.108036 0.111153 0.113881 0.116304 0.118487 0.120484 0.122337 0.124081 0.125742 0.127343 0.128900 0.130427 0.131937 0.133436 0.134934 0.136434 0.137943 0.139463 0.140997 0.142547 0.144116 0.145705 0.147314 0.148944 0.150597 0.152272 0.153970 0.155690 0.157433 0.159200 0.160988 0.162799 0.164633 0.166488 0.168365 0.170263 0.172182 0.174121 0.176080 0.178059 0.180056 0.182072 0.184106
0.032758 0.053661 0.069688 0.081806 0.090831 0.097402 0.102018 0.105500 0.108491 0.111097 0.113401 0.115469 0.117354 0.119098 0.120735 0.122291 0.123790 0.125248 0.126678 0.128093 0.129501 0.130909 0.132323 0.133747 0.135185 0.136639 0.138113 0.139607 0.141123 0.142663 0.144226 0.145814 0.147427 0.149065 0.150728 0.152416 0.154129 0.155868 0.157631 0.159420 0.161232 0.163068 0.164928 0.166811 0.168717 0.170645 0.172595 0.174566 0.176558 0.178570
0.033150 0.053433 0.068694 0.080192 0.088728 0.094904 0.099201 0.102516 0.105355 0.107818 0.109987 0.111925 0.113686 0.115310 0.116832 0.118278 0.119669 0.121022 0.122352 0.123670 0.124983 0.126299 0.127624 0.128962 0.130317 0.131691 0.133086 0.134505 0.135948 0.137417 0.138913 0.140435 0.141984 0.143561 0.145166 0.146798 0.148458 0.150145 0.151860 0.153601 0.155370 0.157164 0.158985 0.160831 0.162702 0.164598 0.166519 0.168462 0.170429 0.172419
0.034905 0.053142 0.067443 0.078286 0.086316 0.092085 0.096068 0.099196 0.101861 0.104161 0.106176 0.107968 0.109591 0.111084 0.112480 0.113806 0.115083 0.116328 0.117553 0.118769 0.119985 0.121208 0.122442 0.123693 0.124963 0.126255 0.127571 0.128914 0.130283 0.131680 0.133107 0.134562 0.136047 0.137562 0.139107 0.140682 0.142287 0.143921 0.145586 0.147279 0.149002 0.150753 0.152533 0.154340 0.156175 0.158037 0.159926 0.161840 0.163780 0.165745
0.032467 0.051456 0.065501 0.075954 0.083604 0.089030 0.092739 0.095667 0.098139 0.100255 0.102096 0.103725 0.105194 0.106544 0.107805 0.109004 0.110160 0.111290 0.112406 0.113518 0.114634 0.115761 0.116904 0.118066 0.119251 0.120460 0.121697 0.122962 0.124257 0.125582 0.126938 0.128326 0.129745 0.131197 0.132681 0.134196 0.135744 0.137324 0.138936 0.140579 0.142254 0.143959 0.145695 0.147461 0.149257 0.151082 0.152936 0.154819 0.156729 0.158667
0.032461 0.050079 0.063573 0.073602 0.080875 0.085971 0.089402 0.092088 0.094330 0.096232 0.097876 0.099324 0.100625 0.101820 0.102937 0.104002 0.105033 0.106046 0.107051 0.108058 0.109074 0.110105 0.111156 0.112229 0.113328 0.114456 0.115612 0.116800 0.118019 0.119271 0.120556 0.121875 0.123228 0.124615 0.126035 0.127490 0.128979 0.130502 0.132058 0.133649 0.135272 0.136928 0.138617 0.140338 0.142091 0.143876 0.145691 0.147538 0.149414 0.151320
0.032534 0.049481 0.062190 0.071604 0.078405 0.083127 0.086234 0.088601 0.090562 0.092214 0.093634 0.094882 0.096004 0.097035 0.098005 0.098934 0.099839 0.100734 0.101629 0.102532 0.103450 0.104387 0.105348 0.106335 0.107350 0.108396 0.109474 0.110584 0.111729 0.112908 0.114122 0.115371 0.116656 0.117976 0.119332 0.120724 0.122152 0.123614 0.125113 0.126646 0.128215 0.129818 0.131456 0.133128 0.134834 0.136573 0.138345 0.140150 0.141987 0.143856
0.033059 0.048998 0.060980 0.069827 0.076174 0.080534 0.083320 0.085293 0.086920 0.088288 0.089463 0.090499 0.091434 0.092301 0.093123 0.093918 0.094702 0.095484 0.096275 0.097079 0.097904 0.098752 0.099627 0.100531 0.101466 0.102434 0.103435 0.104471 0.105543 0.106650 0.107793 0.108973 0.110189 0.111443 0.112733 0.114060 0.115424 0.116824 0.118262 0.119736 0.121246 0.122792 0.124375 0.125993 0.127647 0.129336 0.131059 0.132817 0.134610 0.136435
0.032263 0.047920 0.059562 0.068032 0.074030 0.078095 0.080645 0.082199 0.083456 0.084517 0.085436 0.086255 0.087005 0.087711 0.088392 0.089062 0.089732 0.090411 0.091105 0.091820 0.092559 0.093326 0.094122 0.094950 0.095811 0.096706 0.097636 0.098602 0.099603 0.100641 0.101716 0.102828 0.103977 0.105163 0.106387 0.107649 0.108948 0.110285 0.111659 0.113070 0.114519 0.116006 0.117529 0.119090 0.120687 0.122320 0.123990 0.125696 0.127437 0.129214
0.032188 0.047071 0.058131 0.066179 0.071861 0.075694 0.078080 0.079359 0.080219 0.080961 0.081620 0.082224 0.082794 0.083348 0.083897 0.084452 0.085021 0.085608 0.086218 0.086854 0.087519 0.088214 0.088942 0.089703 0.090497 0.091327 0.092192 0.093092 0.094029 0.095002 0.096012 0.097059 0.098144 0.099265 0.100424 0.101621 0.102856 0.104128 0.105438 0.106786 0.108172 0.109596 0.111058 0.112557 0.114094 0.115668 0.117280 0.118929 0.120614 0.122336
0.031150 0.045797 0.056464 0.064152 0.069578 0.073251 0.075551 0.076774 0.077287 0.077700 0.078094 0.078483 0.078877 0.079285 0.079712 0.080164 0.080642 0.081149 0.081687 0.082256 0.082859 0.083494 0.084164 0.084867 0.085605 0.086378 0.087186 0.088029 0.088908 0.089823 0.090774 0.091761 0.092785 0.093845 0.094943 0.096077 0.097249 0.098459 0.099706 0.100991 0.102314 0.103674 0.105073 0.106509 0.107984 0.109497 0.111047 0.112635 0.114261 0.115925
0.031495 0.044870 0.054746 0.062023 0.067238 0.070814 0.073089 0.074333 0.074779 0.074841 0.074951 0.075114 0.075327 0.075590 0.075899 0.076253 0.076649 0.077086 0.077562 0.078077 0.078627 0.079214 0.079836 0.080493 0.081185 0.081911 0.082671 0.083466 0.084295 0.085159 0.086058 0.086991 0.087961 0.088965 0.090006 0.091083 0.092196 0.093346 0.094533 0.095757 0.097019 0.098318 0.099654 0.101028 0.102441 0.103891 0.105379 0.106906 0.108470 0.110073
0.032098 0.043763 0.053070 0.060040 0.065076 0.068563 0.070816 0.072089 0.072584 0.072505 0.072282 0.072190 0.072205 0.072312 0.072500 0.072757 0.073076 0.073450 0.073873 0.074340 0.074849 0.075397 0.075982 0.076603 0.077257 0.077946 0.078668 0.079423 0.080211 0.081033 0.081887 0.082775 0.083697 0.084653 0.085644 0.086669 0.087729 0.088825 0.089956 0.091124 0.092328 0.093568 0.094846 0.096160 0.097512 0.098902 0.100330 0.101795 0.103298 0.104840
0.031186 0.043169 0.052010 0.058570 0.063331 0.066655 0.068832 0.070095 0.070627 0.070579 0.070142 0.069751 0.069542 0.069479 0.069537 0.069695 0.069937 0.070251 0.070625 0.071053 0.071527 0.072044 0.072600 0.073192 0.073819 0.074479 0.075171 0.075896 0.076652 0.077439 0.078258 0.079108 0.079991 0.080906 0.081853 0.082834 0.083848 0.084896 0.085978 0.087095 0.088247 0.089434 0.090658 0.091917 0.093213 0.094546 0.095916 0.097324 0.098768 0.100251
0.031692 0.042958 0.051304 0.057458 0.061917 0.065040 0.067103 0.068320 0.068859 0.068856 0.068427 0.067778 0.067323 0.067078 0.067000 0.067057 0.067223 0.067479 0.067809 0.068201 0.068646 0.069138 0.069671 0.070242 0.070848 0.071487 0.072157 0.072858 0.073589 0.074350 0.075141 0.075962 0.076813 0.077695 0.078607 0.079551 0.080526 0.081534 0.082574 0.083647 0.084754 0.085896 0.087071 0.088282 0.089528 0.090809 0.092127 0.093481 0.094872 0.096300
0.032620 0.042725 0.050551 0.056369 0.060584 0.063538 0.065497 0.066667 0.067207 0.067240 0.066867 0.066184 0.065488 0.065063 0.064854 0.064814 0.064908 0.065110 0.065399 0.065759 0.066179 0.066650 0.067166 0.067720 0.068310 0.068933 0.069587 0.070271 0.070984 0.071726 0.072496 0.073294 0.074121 0.074976 0.075861 0.076775 0.077720 0.078695 0.079700 0.080738 0.081807 0.082909 0.084045 0.085213 0.086416 0.087653 0.088926 0.090233 0.091576 0.092955
0.031407 0.042022 0.049618 0.055180 0.059206 0.062036 0.063924 0.065067 0.065615 0.065687 0.065375 0.064753 0.063948 0.063370 0.063047 0.062923 0.062954 0.063108 0.063361 0.063694 0.064092 0.064545 0.065046 0.065587 0.066165 0.066776 0.067418 0.068090 0.068789 0.069517 0.070271 0.071053 0.071861 0.072697 0.073561 0.074453 0.075373 0.076322 0.077301 0.078310 0.079349 0.080420 0.081522 0.082656 0.083823 0.085023 0.086257 0.087525 0.088828 0.090165
0.032788 0.041656 0.048669 0.053949 0.057815 0.060554 0.062399 0.063532 0.064098 0.064210 0.063955 0.063403 0.062615 0.061929 0.061524 0.061336 0.061318 0.061434 0.061657 0.061966 0.062346 0.062784 0.063271 0.063801 0.064369 0.064971 0.065603 0.066265 0.066955 0.067672 0.068415 0.069184 0.069980 0.070801 0.071649 0.072524 0.073427 0.074357 0.075315 0.076302 0.077318 0.078364 0.079440 0.080547 0.081686 0.082856 0.084059 0.085295 0.086564 0.087866
0.031655 0.040815 0.047672 0.052796 0.056551 0.059222 0.061031 0.062155 0.062732 0.062872 0.062660 0.062162 0.061431 0.060695 0.060241 0.060011 0.059958 0.060046 0.060245 0.060535 0.060898 0.061323 0.061799 0.062319 0.062878 0.063471 0.064096 0.064750 0.065432 0.066141 0.066876 0.067636 0.068422 0.069233 0.070070 0.070933 0.071822 0.072738 0.073681 0.074652 0.075651 0.076678 0.077735 0.078821 0.079938 0.081086 0.082264 0.083475 0.084717 0.085993
0.031454 0.040324 0.047006 0.051980 0.055616 0.058199 0.059949 0.061038 0.061601 0.061744 0.061548 0.061078 0.060386 0.059642 0.059163 0.058910 0.058835 0.058902 0.059084 0.059359 0.059709 0.060121 0.060587 0.061098 0.061649 0.062235 0.062853 0.063500 0.064176 0.064878 0.065606 0.066359 0.067138 0.067942 0.068771 0.069625 0.070505 0.071411 0.072343 0.073302 0.074289 0.075303 0.076346 0.077417 0.078518 0.079648 0.080809 0.082001 0.083223 0.084478
0.032099 0.040468 0.046845 0.051606 0.055081 0.057540 0.059197 0.060218 0.060735 0.060849 0.060641 0.060173 0.059493 0.058750 0.058261 0.057996 0.057908 0.057963 0.058132 0.058395 0.058735 0.059138 0.059595 0.060098 0.060641 0.061220 0.061832 0.062474 0.063144 0.063840 0.064563 0.065311 0.066084 0.066882 0.067705 0.068554 0.069427 0.070326 0.071251 0.072202 0.073180 0.074186 0.075218 0.076279 0.077369 0.078487 0.079635 0.080813 0.082021 0.083260
0.032079 0.040569 0.046849 0.051463 0.054795 0.057129 0.058683 0.059621 0.060075 0.060143 0.059904 0.059418 0.058733 0.057990 0.057500 0.057231 0.057138 0.057187 0.057349 0.057605 0.057937 0.058333 0.058783 0.059279 0.059817 0.060390 0.060996 0.061633 0.062298 0.062991 0.063709 0.064453 0.065222 0.066016 0.066835 0.067679 0.068548 0.069442 0.070362 0.071308 0.072281 0.073280 0.074306 0.075360 0.076442 0.077552 0.078691 0.079860 0.081058 0.082286
0.032463 0.040709 0.046835 0.051325 0.054544 0.056778 0.058244 0.059111 0.059506 0.059530 0.059259 0.058752 0.058056 0.057320 0.056840 0.056577 0.056487 0.056536 0.056697 0.056950 0.057279 0.057671 0.058117 0.058609 0.059142 0.059712 0.060314 0.060947 0.061608 0.062297 0.063013 0.063753 0.064520 0.065311 0.066127 0.066968 0.067834 0.068725 0.069642 0.070584 0.071553 0.072548 0.073570 0.074619 0.075696 0.076801 0.077935 0.079097 0.080288 0.081509
0.032694 0.040717 0.046687 0.051050 0.054173 0.056331 0.057739 0.058560 0.058921 0.058919 0.058630 0.058113 0.057412 0.056700 0.056244 0.055999 0.055921 0.055979 0.056145 0.056401 0.056731 0.057123 0.057568 0.058059 0.058590 0.059158 0.059758 0.060388 0.061048 0.061734 0.062447 0.063186 0.063950 0.064739 0.065553 0.066392 0.067256 0.068145 0.069060 0.070000 0.070967 0.071960 0.072979 0.074025 0.075099 0.076201 0.077331 0.078489 0.079676 0.080892
0.033105 0.040614 0.046314 0.050545 0.053599 0.055720 0.057107 0.057915 0.058270 0.058266 0.057980 0.057467 0.056774 0.056109 0.055693 0.055478 0.055422 0.055496 0.055674 0.055938 0.056273 0.056669 0.057117 0.057609 0.058140 0.058707 0.059307 0.059937 0.060595 0.061281 0.061992 0.062730 0.063493 0.064280 0.065093 0.065931 0.066793 0.067681 0.068595 0.069534 0.070499 0.071490 0.072507 0.073552 0.074624 0.075724 0.076851 0.078007 0.079191 0.080405
0.031512 0.039580 0.045476 0.049778 0.052858 0.054993 0.056391 0.057212 0.057581 0.057593 0.057323 0.056828 0.056153 0.055554 0.055189 0.055011 0.054984 0.055079 0.055273 0.055550 0.055894 0.056297 0.056749 0.057244 0.057778 0.058347 0.058947 0.059578 0.060236 0.060921 0.061632 0.062369 0.063131 0.063918 0.064730 0.065566 0.066428 0.067315 0.068227 0.069165 0.070129 0.071119 0.072135 0.073179 0.074249 0.075347 0.076473 0.077627 0.078810 0.080021
0.031106 0.038924 0.044799 0.049097 0.052175 0.054312 0.055718 0.056552 0.056938 0.056969 0.056718 0.056243 0.055593 0.055062 0.054749 0.054610 0.054614 0.054732 0.054944 0.055234 0.055589 0.056000 0.056458 0.056958 0.057495 0.058066 0.058668 0.059299 0.059958 0.060643 0.061354 0.062091 0.062852 0.063638 0.064449 0.065285 0.066146 0.067031 0.067943 0.068879 0.069842 0.070831 0.071846 0.072889 0.073958 0.075055 0.076179 0.077332 0.078513 0.079723
0.031698 0.039076 0.044621 0.048734 0.051720 0.053814 0.055203 0.056036 0.056426 0.056466 0.056226 0.055761 0.055137 0.054662 0.054394 0.054291 0.054322 0.054462 0.054691 0.054994 0.055359 0.055778 0.056242 0.056746 0.057286 0.057859 0.058462 0.059094 0.059753 0.060438 0.061149 0.061884 0.062645 0.063430 0.064240 0.065074 0.065934 0.066818 0.067728 0.068664 0.069625 0.070613 0.071627 0.072667 0.073735 0.074831 0.075954 0.077105 0.078285 0.079493
0.031665 0.039024 0.044470 0.048510 0.051450 0.053516 0.054887 0.055707 0.056089 0.056124 0.055880 0.055414 0.054807 0.054375 0.054140 0.054065 0.054118 0.054275 0.054517 0.054831 0.055204 0.055628 0.056096 0.056603 0.057145 0.057719 0.058323 0.058955 0.059613 0.060297 0.061007 0.061741 0.062500 0.063284 0.064092 0.064924 0.065782 0.066665 0.067573 0.068507 0.069466 0.070452 0.071464 0.072503 0.073569 0.074663 0.075784 0.076933 0.078111 0.079318
0.031491 0.038683 0.044238 0.048360 0.051330 0.053397 0.054755 0.055556 0.055920 0.055937 0.055678 0.055199 0.054602 0.054199 0.053989 0.053933 0.054001 0.054170 0.054421 0.054741 0.055118 0.055545 0.056015 0.056523 0.057065 0.057639 0.058242 0.058872 0.059529 0.060211 0.060918 0.061651 0.062407 0.063189 0.063994 0.064825 0.065680 0.066560 0.067466 0.068397 0.069354 0.070337 0.071347 0.072384 0.073448 0.074539 0.075658 0.076805 0.077981 0.079186
0.030689 0.038579 0.044300 0.048441 0.051395 0.053434 0.054762 0.055535 0.055872 0.055864 0.055583 0.055085 0.054497 0.054118 0.053925 0.053883 0.053960 0.054136 0.054391 0.054714 0.055093 0.055520 0.055990 0.056496 0.057037 0.057608 0.058209 0.058836 0.059490 0.060170 0.060874 0.061603 0.062357 0.063135 0.063937 0.064765 0.065617 0.066494 0.067396 0.068324 0.069279 0.070259 0.071266 0.072300 0.073361 0.074449 0.075566 0.076710 0.077883 0.079085
0.032773 0.039475 0.044729 0.048684 0.051550 0.053538 0.054830 0.055574 0.055885 0.055854 0.055552 0.055033 0.054460 0.054102 0.053925 0.053892 0.053976 0.054155 0.054412 0.054735 0.055113 0.055539 0.056006 0.056510 0.057047 0.057615 0.058212 0.058836 0.059486 0.060162 0.060862 0.061587 0.062337 0.063111 0.063910 0.064733 0.065582 0.066455 0.067354 0.068279 0.069229 0.070206 0.071210 0.072240 0.073298 0.074383 0.075497 0.076638 0.077808 0.079007
0.030619 0.038809 0.044584 0.048699 0.051606 0.053599 0.054883 0.055615 0.055912 0.055866 0.055548 0.055012 0.054461 0.054124 0.053960 0.053935 0.054024 0.054206 0.054463 0.054785 0.055162 0.055585 0.056048 0.056549 0.057082 0.057646 0.058238 0.058858 0.059504 0.060175 0.060871 0.061592 0.062337 0.063107 0.063902 0.064721 0.065565 0.066434 0.067329 0.068250 0.069197 0.070170 0.071169 0.072196 0.073250 0.074332 0.075442 0.076580 0.077746 0.078942
0.031260 0.038867 0.044537 0.048668 0.051606 0.053620 0.054915 0.055648 0.055939 0.055884 0.055553 0.055003 0.054476 0.054158 0.054006 0.053990 0.054084 0.054268 0.054526 0.054847 0.055221 0.055642 0.056102 0.056598 0.057128 0.057687 0.058275 0.058890 0.059531 0.060198 0.060889 0.061605 0.062346 0.063112 0.063902 0.064716 0.065556 0.066421 0.067312 0.068228 0.069171 0.070140 0.071135 0.072158 0.073208 0.074286 0.075392 0.076526 0.077689 0.078880
0.031962 0.039172 0.044639 0.048707 0.051638 0.053657 0.054955 0.055685 0.055969 0.055902 0.055558 0.054995 0.054489 0.054187 0.054047 0.054039 0.054138 0.054325 0.054585 0.054905 0.055278 0.055696 0.056153 0.056646 0.057172 0.057727 0.058311 0.058921 0.059558 0.060220 0.060906 0.061618 0.062354 0.063115 0.063900 0.064711 0.065546 0.066406 0.067293 0.068205 0.069143 0.070108 0.071099 0.072118 0.073164 0.074237 0.075339 0.076469 0.077628 0.078816
0.031754 0.039032 0.044630 0.048760 0.051708 0.053724 0.055011 0.055726 0.055995 0.055911 0.055550 0.054975 0.054487 0.054199 0.054071 0.054072 0.054176 0.054367 0.054628 0.054949 0.055321 0.055737 0.056192 0.056682 0.057203 0.057755 0.058335 0.058941 0.059573 0.060231 0.060913 0.061620 0.062352 0.063108 0.063889 0.064695 0.065526 0.066382 0.067264 0.068172 0.069106 0.070066 0.071053 0.072067 0.073109 0.074179 0.075276 0.076402 0.077557 0.078741
0.030566 0.038785 0.044658 0.048847 0.051788 0.053781 0.055044 0.055738 0.055987 0.055887 0.055510 0.054927 0.054459 0.054186 0.054071 0.054080 0.054191 0.054386 0.054649 0.054971 0.055342 0.055756 0.056209 0.056697 0.057215 0.057763 0.058339 0.058942 0.059570 0.060224 0.060902 0.061605 0.062332 0.063085 0.063861 0.064663 0.065490 0.066342 0.067219 0.068123 0.069052 0.070008 0.070991 0.072001 0.073039 0.074104 0.075197 0.076319 0.077469 0.078649
0.031384 0.039210 0.044845 0.048914 0.051794 0.053755 0.054999 0.055679 0.055917 0.055807 0.055420 0.054839 0.054396 0.054143 0.054041 0.054060 0.054178 0.054377 0.054642 0.054965 0.055336 0.055749 0.056200 0.056685 0.057201 0.057746 0.058319 0.058918 0.059543 0.060193 0.060867 0.061566 0.062290 0.063038 0.063811 0.064608 0.065431 0.066279 0.067152 0.068051 0.068977 0.069929 0.070907 0.071913 0.072946 0.074007 0.075096 0.076214 0.077360 0.078535
0.032269 0.039307 0.044734 0.048758 0.051639 0.053609 0.054859 0.055543 0.055781 0.055668 0.055277 0.054709 0.054298 0.054066 0.053979 0.054008 0.054133 0.054335 0.054603 0.054927 0.055298 0.055710 0.056159 0.056642 0.057156 0.057698 0.058268 0.058864 0.059486 0.060132 0.060803 0.061499 0.062219 0.062963 0.063732 0.064526 0.065345 0.066189 0.067058 0.067953 0.068875 0.069822 0.070797 0.071798 0.072827 0.073884 0.074968 0.076081 0.077223 0.078393
0.031029 0.038661 0.044334 0.048474 0.051414 0.053413 0.054677 0.055366 0.055604 0.055488 0.055094 0.054545 0.054164 0.053953 0.053880 0.053919 0.054050 0.054257 0.054527 0.054852 0.055223 0.055634 0.056083 0.056564 0.057076 0.057616 0.058184 0.058777 0.059396 0.060039 0.060707 0.061400 0.062116 0.062857 0.063623 0.064413 0.065228 0.066068 0.066934 0.067825 0.068742 0.069686 0.070656 0.071653 0.072678 0.073730 0.074810 0.075918 0.077055 0.078221
0.031084 0.038612 0.044251 0.048368 0.051286 0.053264 0.054510 0.055183 0.055409 0.055284 0.054882 0.054350 0.053994 0.053801 0.053740 0.053788 0.053925 0.054136 0.054409 0.054735 0.055107 0.055519 0.055967 0.056447 0.056958 0.057497 0.058062 0.058654 0.059270 0.059911 0.060577 0.061266 0.061980 0.062717 0.063480 0.064266 0.065078 0.065914 0.066776 0.067663 0.068576 0.069516 0.070482 0.071474 0.072494 0.073542 0.074618 0.075721 0.076854 0.078015
0.031161 0.038768 0.044353 0.048384 0.051224 0.053143 0.054345 0.054987 0.055192 0.055052 0.054640 0.054120 0.053781 0.053602 0.053552 0.053609 0.053752 0.053968 0.054245 0.054574 0.054948 0.055361 0.055810 0.056290 0.056801 0.057339 0.057903 0.058493 0.059107 0.059746 0.060409 0.061096 0.061807 0.062542 0.063300 0.064084 0.064891 0.065724 0.066582 0.067465 0.068374 0.069309 0.070271 0.071259 0.072275 0.073318 0.074388 0.075487 0.076615 0.077771
0.030848 0.038764 0.044329 0.048292 0.051070 0.052941 0.054109 0.054730 0.054920 0.054772 0.054355 0.053845 0.053519 0.053352 0.053314 0.053380 0.053531 0.053754 0.054037 0.054370 0.054747 0.055162 0.055613 0.056094 0.056604 0.057142 0.057706 0.058294 0.058907 0.059544 0.060205 0.060889 0.061597 0.062329 0.063084 0.063864 0.064668 0.065497 0.066351 0.067230 0.068134 0.069065 0.070022 0.071006 0.072016 0.073055 0.074120 0.075214 0.076337 0.077488
0.032178 0.038869 0.044104 0.047971 0.050720 0.052584 0.053753 0.054376 0.054571 0.054427 0.054015 0.053516 0.053205 0.053053 0.053028 0.053105 0.053267 0.053498 0.053787 0.054126 0.054507 0.054926 0.055378 0.055861 0.056372 0.056909 0.057472 0.058059 0.058671 0.059305 0.059964 0.060645 0.061350 0.062078 0.062830 0.063606 0.064407 0.065231 0.066081 0.066955 0.067855 0.068782 0.069734 0.070713 0.071718 0.072752 0.073812 0.074901 0.076018 0.077164
0.030856 0.038114 0.043478 0.047409 0.050204 0.052102 0.053298 0.053942 0.054154 0.054024 0.053624 0.053143 0.052851 0.052716 0.052707 0.052797 0.052970 0.053210 0.053507 0.053851 0.054236 0.054658 0.055112 0.055595 0.056106 0.056643 0.057205 0.057790 0.058399 0.059032 0.059687 0.060365 0.061067 0.061791 0.062539 0.063311 0.064107 0.064927 0.065772 0.066642 0.067537 0.068458 0.069406 0.070380 0.071380 0.072408 0.073464 0.074547 0.075659 0.076800
0.029585 0.037263 0.042858 0.046873 0.049701 0.051618 0.052829 0.053487 0.053710 0.053590 0.053199 0.052743 0.052476 0.052361 0.052368 0.052472 0.052655 0.052903 0.053205 0.053554 0.053942 0.054365 0.054820 0.055303 0.055813 0.056348 0.056907 0.057490 0.058096 0.058725 0.059376 0.060051 0.060748 0.061468 0.062212 0.062979 0.063770 0.064585 0.065425 0.066290 0.067180 0.068096 0.069038 0.070007 0.071002 0.072025 0.073075 0.074154 0.075260 0.076396
0.030652 0.037589 0.042781 0.046615 0.049358 0.051232 0.052420 0.053064 0.053281 0.053157 0.052765 0.052340 0.052099 0.052005 0.052027 0.052142 0.052333 0.052587 0.052893 0.053243 0.053631 0.054054 0.054507 0.054988 0.055495 0.056026 0.056582 0.057161 0.057762 0.058386 0.059033 0.059703 0.060395 0.061110 0.061848 0.062610 0.063396 0.064206 0.065040 0.065900 0.066785 0.067696 0.068633 0.069596 0.070586 0.071604 0.072649 0.073722 0.074824 0.075954
0.030723 0.037549 0.042683 0.046441 0.049114 0.050933 0.052077 0.052690 0.052881 0.052739 0.052333 0.051946 0.051733 0.051657 0.051692 0.051815 0.052011 0.052266 0.052572 0.052921 0.053307 0.053726 0.054175 0.054651 0.055153 0.055680 0.056230 0.056803 0.057399 0.058017 0.058658 0.059322 0.060008 0.060718 0.061450 0.062207 0.062987 0.063791 0.064620 0.065474 0.066354 0.067259 0.068191 0.069149 0.070134 0.071147 0.072187 0.073255 0.074352 0.075478
0.030470 0.037355 0.042512 0.046257 0.048895 0.050672 0.051773 0.052345 0.052501 0.052329 0.051909 0.051561 0.051374 0.051315 0.051359 0.051487 0.051684 0.051939 0.052241 0.052586 0.052967 0.053380 0.053822 0.054292 0.054787 0.055307 0.055850 0.056416 0.057005 0.057617 0.058252 0.058909 0.059589 0.060293 0.061019 0.061770 0.062544 0.063343 0.064167 0.065016 0.065890 0.066791 0.067717 0.068671 0.069651 0.070659 0.071695 0.072759 0.073851 0.074972
0.029639 0.037128 0.042364 0.046095 0.048695 0.050423 0.051475 0.052001 0.052116 0.051907 0.051482 0.051171 0.051007 0.050963 0.051015 0.051146 0.051342 0.051593 0.051891 0.052229 0.052602 0.053008 0.053443 0.053905 0.054392 0.054904 0.055440 0.055999 0.056581 0.057186 0.057814 0.058465 0.059139 0.059837 0.060558 0.061303 0.062072 0.062866 0.063684 0.064529 0.065398 0.066294 0.067217 0.068166 0.069142 0.070146 0.071178 0.072238 0.073327 0.074445
0.030914 0.037398 0.042396 0.046003 0.048509 0.050159 0.051148 0.051621 0.051692 0.051446 0.051031 0.050753 0.050612 0.050581 0.050640 0.050773 0.050968 0.051215 0.051507 0.051838 0.052205 0.052603 0.053030 0.053484 0.053964 0.054469 0.054997 0.055550 0.056125 0.056724 0.057346 0.057991 0.058660 0.059352 0.060068 0.060808 0.061573 0.062363 0.063177 0.064018 0.064884 0.065776 0.066695 0.067641 0.068614 0.069615 0.070643 0.071701 0.072787 0.073902
0.031206 0.037744 0.042471 0.045877 0.048251 0.049813 0.050739 0.051165 0.051198 0.050923 0.050532 0.050287 0.050167 0.050149 0.050215 0.050350 0.050545 0.050789 0.051077 0.051403 0.051764 0.052156 0.052576 0.053024 0.053498 0.053997 0.054520 0.055067 0.055637 0.056231 0.056848 0.057489 0.058154 0.058842 0.059555 0.060292 0.061053 0.061840 0.062652 0.063490 0.064353 0.065243 0.066160 0.067103 0.068074 0.069073 0.070100 0.071156 0.072240 0.073353
0.030940 0.037398 0.042093 0.045454 0.047786 0.049312 0.050207 0.050606 0.050618 0.050326 0.049970 0.049756 0.049656 0.049651 0.049725 0.049865 0.050060 0.050304 0.050591 0.050914 0.051272 0.051660 0.052078 0.052522 0.052992 0.053488 0.054008 0.054552 0.055119 0.055711 0.056326 0.056964 0.057627 0.058314 0.059025 0.059760 0.060520 0.061305 0.062116 0.062953 0.063815 0.064704 0.065620 0.066563 0.067533 0.068531 0.069557 0.070612 0.071695 0.072808
0.029984 0.036570 0.041378 0.044804 0.047158 0.048684 0.049569 0.049958 0.049960 0.049662 0.049342 0.049152 0.049071 0.049079 0.049162 0.049308 0.049509 0.049756 0.050044 0.050369 0.050727 0.051116 0.051534 0.051978 0.052449 0.052945 0.053465 0.054009 0.054577 0.055168 0.055784 0.056423 0.057086 0.057773 0.058485 0.059221 0.059982 0.060768 0.061579 0.062416 0.063279 0.064169 0.065085 0.066029 0.067000 0.067998 0.069025 0.070080 0.071164 0.072277
0.030116 0.036254 0.040901 0.044236 0.046532 0.048019 0.048878 0.049249 0.049242 0.048944 0.048647 0.048477 0.048411 0.048432 0.048526 0.048682 0.048890 0.049145 0.049440 0.049771 0.050135 0.050529 0.050951 0.051400 0.051875 0.052375 0.052899 0.053446 0.054018 0.054613 0.055232 0.055875 0.056541 0.057231 0.057946 0.058684 0.059448 0.060237 0.061051 0.061890 0.062756 0.063648 0.064566 0.065512 0.066484 0.067485 0.068513 0.069570 0.070656 0.071770
0.029809 0.036114 0.040556 0.043720 0.045904 0.047320 0.048137 0.048486 0.048471 0.048176 0.047891 0.047734 0.047683 0.047718 0.047826 0.047995 0.048217 0.048484 0.048790 0.049132 0.049506 0.049910 0.050342 0.050800 0.051283 0.051790 0.052322 0.052877 0.053456 0.054058 0.054683 0.055331 0.056003 0.056699 0.057419 0.058163 0.058931 0.059724 0.060543 0.061386 0.062256 0.063151 0.064073 0.065022 0.065998 0.067001 0.068033 0.069092 0.070180 0.071297
0.029380 0.035429 0.039862 0.042996 0.045135 0.046515 0.047309 0.047650 0.047638 0.047355 0.047079 0.046937 0.046902 0.046955 0.047081 0.047269 0.047508 0.047791 0.048114 0.048472 0.048861 0.049279 0.049724 0.050194 0.050690 0.051209 0.051751 0.052317 0.052905 0.053516 0.054150 0.054807 0.055487 0.056191 0.056918 0.057668 0.058443 0.059242 0.060066 0.060915 0.061790 0.062690 0.063617 0.064570 0.065550 0.066557 0.067592 0.068655 0.069746 0.070865
0.028571 0.034646 0.039027 0.042116 0.044227 0.045593 0.046387 0.046739 0.046748 0.046492 0.046232 0.046108 0.046095 0.046171 0.046320 0.046530 0.046791 0.047096 0.047439 0.047816 0.048223 0.048659 0.049121 0.049607 0.050117 0.050650 0.051206 0.051784 0.052384 0.053007 0.053651 0.054318 0.055008 0.055720 0.056455 0.057214 0.057996 0.058802 0.059633 0.060488 0.061369 0.062275 0.063207 0.064165 0.065149 0.066161 0.067199 0.068266 0.069360 0.070483
0.028734 0.034266 0.038318 0.041247 0.043286 0.044627 0.045424 0.045796 0.045838 0.045621 0.045386 0.045289 0.045303 0.045407 0.045583 0.045818 0.046104 0.046433 0.046798 0.047197 0.047624 0.048079 0.048559 0.049062 0.049589 0.050137 0.050707 0.051299 0.051912 0.052546 0.053202 0.053880 0.054579 0.055301 0.056045 0.056812 0.057603 0.058416 0.059254 0.060116 0.061002 0.061914 0.062851 0.063814 0.064804 0.065819 0.066862 0.067933 0.069031 0.070157
0.028448 0.033728 0.037634 0.040442 0.042404 0.043709 0.044503 0.044895 0.044972 0.044799 0.044596 0.044531 0.044576 0.044709 0.044913 0.045175 0.045486 0.045839 0.046227 0.046647 0.047095 0.047569 0.048066 0.048587 0.049129 0.049692 0.050276 0.050881 0.051507 0.052153 0.052820 0.053508 0.054217 0.054948 0.055700 0.056475 0.057273 0.058094 0.058938 0.059806 0.060699 0.061616 0.062558 0.063526 0.064520 0.065540 0.066586 0.067660 0.068762 0.069891
0.028825 0.033583 0.037164 0.039789 0.041654 0.042919 0.043707 0.044116 0.044225 0.044093 0.043926 0.043893 0.043968 0.044128 0.044358 0.044644 0.044979 0.045353 0.045761 0.046200 0.046666 0.047156 0.047669 0.048205 0.048761 0.049337 0.049933 0.050550 0.051186 0.051842 0.052518 0.053215 0.053933 0.054671 0.055431 0.056213 0.057017 0.057844 0.058694 0.059567 0.060465 0.061387 0.062333 0.063305 0.064302 0.065326 0.066376 0.067453 0.068557 0.069689
0.028575 0.033286 0.036726 0.039254 0.041069 0.042316 0.043108 0.043536 0.043672 0.043573 0.043436 0.043430 0.043528 0.043710 0.043960 0.044266 0.044617 0.045007 0.045431 0.045884 0.046363 0.046866 0.047391 0.047937 0.048503 0.049089 0.049695 0.050319 0.050963 0.051627 0.052310 0.053014 0.053737 0.054481 0.055247 0.056034 0.056843 0.057674 0.058528 0.059405 0.060306 0.061231 0.062181 0.063155 0.064156 0.065182 0.066234 0.067313 0.068420 0.069553
0.028383 0.032896 0.036344 0.038892 0.040720 0.041977 0.042781 0.043224 0.043377 0.043297 0.043177 0.043186 0.043298 0.043492 0.043753 0.044068 0.044429 0.044828 0.045260 0.045721 0.046207 0.046716 0.047247 0.047799 0.048371 0.048962 0.049572 0.050201 0.050850 0.051517 0.052204 0.052911 0.053638 0.054385 0.055153 0.055943 0.056754 0.057587 0.058444 0.059323 0.060226 0.061152 0.062104 0.063080 0.064082 0.065109 0.066163 0.067243 0.068350 0.069485
