0.017410 0.017787 0.017988 0.018106 0.018177 0.018217 0.018233 0.018230 0.018208 0.018171 0.018119 0.018054 0.017975 0.017885 0.017784 0.017671 0.017548 0.017414 0.017269 0.017114 0.016949 0.016774 0.016589 0.016393 0.016187 0.015971 0.015744 0.015506 0.015258 0.014998 0.014728 0.014446 0.014152 0.013847 0.013529 0.013199 0.012856 0.012501 0.012131 0.011748 0.011351 0.010939 0.010511 0.010069 0.009610 0.009134 0.008641 0.008130 0.007601 0.007052
0.018908 0.018649 0.018578 0.018561 0.018553 0.018539 0.018515 0.018478 0.018428 0.018367 0.018295 0.018212 0.018118 0.018014 0.017900 0.017776 0.017642 0.017499 0.017345 0.017183 0.017010 0.016828 0.016636 0.016434 0.016222 0.015999 0.015767 0.015524 0.015270 0.015006 0.014730 0.014443 0.014145 0.013835 0.013513 0.013178 0.012831 0.012470 0.012096 0.011709 0.011307 0.010890 0.010458 0.010011 0.009547 0.009067 0.008569 0.008053 0.007519 0.006965
0.019493 0.019410 0.019315 0.019233 0.019156 0.019077 0.018995 0.018907 0.018813 0.018714 0.018607 0.018494 0.018373 0.018246 0.018110 0.017966 0.017814 0.017654 0.017486 0.017308 0.017122 0.016927 0.016722 0.016508 0.016285 0.016051 0.015808 0.015555 0.015291 0.015017 0.014732 0.014436 0.014128 0.013809 0.013477 0.013134 0.012778 0.012408 0.012026 0.011629 0.011218 0.010793 0.010352 0.009895 0.009422 0.008933 0.008425 0.007900 0.007355 0.006791
0.020226 0.020151 0.020076 0.019965 0.019833 0.019695 0.019554 0.019415 0.019275 0.019135 0.018992 0.018846 0.018695 0.018540 0.018379 0.018211 0.018037 0.017856 0.017667 0.017471 0.017267 0.017054 0.016833 0.016603 0.016364 0.016116 0.015858 0.015591 0.015313 0.015025 0.014727 0.014417 0.014097 0.013764 0.013420 0.013064 0.012695 0.012313 0.011918 0.011509 0.011085 0.010646 0.010193 0.009723 0.009236 0.008733 0.008212 0.007672 0.007113 0.006534
0.020848 0.020995 0.020860 0.020660 0.020456 0.020261 0.020077 0.019900 0.019727 0.019556 0.019384 0.019210 0.019033 0.018852 0.018666 0.018475 0.018278 0.018075 0.017865 0.017648 0.017423 0.017191 0.016951 0.016703 0.016446 0.016180 0.015905 0.015621 0.015326 0.015022 0.014708 0.014382 0.014046 0.013698 0.013338 0.012966 0.012581 0.012183 0.011772 0.011346 0.010906 0.010451 0.009981 0.009494 0.008991 0.008470 0.007931 0.007373 0.006795 0.006197
0.022851 0.021972 0.021464 0.021133 0.020886 0.020677 0.020485 0.020299 0.020114 0.019927 0.019738 0.019545 0.019348 0.019146 0.018939 0.018726 0.018508 0.018283 0.018052 0.017815 0.017570 0.017318 0.017059 0.016791 0.016515 0.016231 0.015937 0.015634 0.015322 0.015000 0.014667 0.014324 0.013969 0.013603 0.013225 0.012835 0.012432 0.012016 0.011586 0.011142 0.010683 0.010209 0.009718 0.009212 0.008688 0.008146 0.007585 0.007005 0.006405 0.005784
0.022191 0.021614 0.021380 0.021232 0.021094 0.020947 0.020786 0.020613 0.020429 0.020236 0.020036 0.019829 0.019616 0.019396 0.019171 0.018940 0.018703 0.018460 0.018210 0.017953 0.017690 0.017419 0.017140 0.016854 0.016559 0.016256 0.015944 0.015622 0.015291 0.014950 0.014599 0.014236 0.013863 0.013478 0.013080 0.012671 0.012248 0.011812 0.011361 0.010896 0.010416 0.009920 0.009408 0.008878 0.008331 0.007766 0.007181 0.006576 0.005949 0.005301
0.019531 0.020749 0.021208 0.021336 0.021310 0.021206 0.021057 0.020883 0.020691 0.020487 0.020274 0.020052 0.019824 0.019590 0.019349 0.019102 0.018848 0.018589 0.018322 0.018049 0.017768 0.017480 0.017185 0.016881 0.016569 0.016248 0.015918 0.015578 0.015229 0.014869 0.014499 0.014118 0.013725 0.013320 0.012902 0.012472 0.012029 0.011571 0.011099 0.010612 0.010109 0.009589 0.009053 0.008499 0.007927 0.007335 0.006723 0.006090 0.005435 0.004757
0.021868 0.022049 0.022019 0.021895 0.021727 0.021537 0.021334 0.021121 0.020901 0.020676 0.020444 0.020207 0.019965 0.019716 0.019462 0.019202 0.018935 0.018662 0.018382 0.018095 0.017800 0.017497 0.017187 0.016868 0.016540 0.016203 0.015856 0.015499 0.015133 0.014755 0.014367 0.013967 0.013554 0.013130 0.012692 0.012241 0.011776 0.011297 0.010802 0.010292 0.009765 0.009221 0.008660 0.008080 0.007480 0.006860 0.006220 0.005557 0.004871 0.004161
0.025436 0.023834 0.022986 0.022468 0.022097 0.021795 0.021525 0.021271 0.021024 0.020778 0.020532 0.020283 0.020030 0.019772 0.019508 0.019239 0.018962 0.018679 0.018389 0.018090 0.017784 0.017470 0.017146 0.016814 0.016472 0.016121 0.015759 0.015387 0.015004 0.014610 0.014204 0.013786 0.013355 0.012911 0.012454 0.011982 0.011496 0.010994 0.010477 0.009943 0.009392 0.008822 0.008234 0.007627 0.006999 0.006350 0.005679 0.004984 0.004265 0.003521
0.023808 0.023191 0.022750 0.022386 0.022071 0.021787 0.021524 0.021271 0.021023 0.020777 0.020529 0.020278 0.020022 0.019761 0.019493 0.019218 0.018936 0.018647 0.018349 0.018043 0.017728 0.017403 0.017070 0.016726 0.016372 0.016008 0.015633 0.015247 0.014849 0.014439 0.014017 0.013581 0.013133 0.012670 0.012193 0.011701 0.011193 0.010669 0.010129 0.009571 0.008995 0.008400 0.007785 0.007149 0.006492 0.005813 0.005110 0.004382 0.003629 0.002849
0.020556 0.021687 0.021930 0.021887 0.021744 0.021560 0.021357 0.021143 0.020921 0.020691 0.020455 0.020211 0.019959 0.019700 0.019432 0.019157 0.018872 0.018579 0.018276 0.017964 0.017642 0.017309 0.016967 0.016614 0.016249 0.015873 0.015486 0.015087 0.014675 0.014250 0.013811 0.013360 0.012893 0.012412 0.011916 0.011404 0.010875 0.010329 0.009766 0.009184 0.008583 0.007961 0.007319 0.006655 0.005968 0.005257 0.004522 0.003760 0.002971 0.002154
0.022748 0.021881 0.021661 0.021561 0.021456 0.021324 0.021165 0.020985 0.020789 0.020578 0.020354 0.020120 0.019874 0.019619 0.019353 0.019077 0.018791 0.018495 0.018188 0.017870 0.017542 0.017202 0.016851 0.016489 0.016114 0.015727 0.015328 0.014916 0.014490 0.014051 0.013597 0.013129 0.012646 0.012147 0.011631 0.011099 0.010550 0.009982 0.009395 0.008789 0.008163 0.007515 0.006845 0.006152 0.005435 0.004692 0.003924 0.003127 0.002302 0.001447
0.021350 0.021552 0.021538 0.021462 0.021353 0.021220 0.021065 0.020892 0.020702 0.020497 0.020278 0.020047 0.019804 0.019549 0.019282 0.019004 0.018715 0.018414 0.018102 0.017778 0.017443 0.017095 0.016736 0.016364 0.015979 0.015581 0.015169 0.014744 0.014305 0.013851 0.013382 0.012898 0.012398 0.011881 0.011346 0.010794 0.010224 0.009634 0.009025 0.008394 0.007743 0.007068 0.006371 0.005648 0.004901 0.004126 0.003324 0.002493 0.001631 0.000743
0.021487 0.021767 0.021734 0.021603 0.021442 0.021269 0.021088 0.020897 0.020695 0.020483 0.020258 0.020022 0.019773 0.019513 0.019241 0.018957 0.018661 0.018354 0.018034 0.017702 0.017358 0.017001 0.016631 0.016249 0.015853 0.015443 0.015019 0.014580 0.014127 0.013659 0.013174 0.012673 0.012156 0.011621 0.011068 0.010496 0.009904 0.009293 0.008660 0.008006 0.007329 0.006628 0.005903 0.005151 0.004373 0.003567 0.002731 0.001864 0.000966 0.000110
0.023483 0.022592 0.022145 0.021853 0.021619 0.021405 0.021195 0.020983 0.020764 0.020536 0.020299 0.020050 0.019791 0.019520 0.019238 0.018944 0.018638 0.018321 0.017991 0.017648 0.017294 0.016926 0.016545 0.016150 0.015742 0.015319 0.014882 0.014430 0.013962 0.013478 0.012978 0.012461 0.011926 0.011373 0.010801 0.010209 0.009597 0.008963 0.008308 0.007630 0.006928 0.006201 0.005447 0.004667 0.003859 0.003021 0.002151 0.001249 0.000335 0.000001
0.022657 0.022402 0.022178 0.021970 0.021765 0.021557 0.021341 0.021116 0.020883 0.020640 0.020386 0.020123 0.019849 0.019565 0.019269 0.018963 0.018645 0.018315 0.017973 0.017618 0.017251 0.016871 0.016478 0.016071 0.015649 0.015213 0.014762 0.014296 0.013813 0.013314 0.012798 0.012264 0.011712 0.011140 0.010549 0.009938 0.009305 0.008650 0.007972 0.007270 0.006544 0.005791 0.005010 0.004202 0.003363 0.002494 0.001592 0.000657 0.000001 0.000001
0.021620 0.022091 0.022167 0.022085 0.021928 0.021732 0.021513 0.021277 0.021028 0.020769 0.020500 0.020221 0.019932 0.019633 0.019324 0.019004 0.018672 0.018330 0.017975 0.017608 0.017228 0.016836 0.016429 0.016009 0.015574 0.015125 0.014660 0.014179 0.013682 0.013167 0.012635 0.012085 0.011515 0.010926 0.010317 0.009686 0.009033 0.008357 0.007657 0.006932 0.006182 0.005403 0.004597 0.003761 0.002893 0.001993 0.001059 0.000124 0.000001 0.000001
0.023062 0.022766 0.022587 0.022397 0.022182 0.021949 0.021702 0.021444 0.021177 0.020901 0.020617 0.020324 0.020021 0.019709 0.019387 0.019055 0.018711 0.018356 0.017990 0.017611 0.017219 0.016814 0.016396 0.015963 0.015515 0.015053 0.014574 0.014080 0.013568 0.013039 0.012491 0.011925 0.011339 0.010733 0.010106 0.009457 0.008784 0.008088 0.007367 0.006621 0.005847 0.005045 0.004213 0.003350 0.002455 0.001526 0.000562 0.000001 0.000001 0.000001
0.023835 0.023459 0.023073 0.022735 0.022431 0.022144 0.021864 0.021585 0.021302 0.021013 0.020718 0.020414 0.020102 0.019780 0.019448 0.019106 0.018753 0.018388 0.018011 0.017622 0.017220 0.016804 0.016374 0.015930 0.015471 0.014996 0.014506 0.013998 0.013473 0.012930 0.012369 0.011788 0.011187 0.010564 0.009921 0.009254 0.008564 0.007849 0.007108 0.006341 0.005545 0.004721 0.003865 0.002978 0.002057 0.001101 0.000123 0.000001 0.000001 0.000001
0.024298 0.023629 0.023184 0.022832 0.022524 0.022235 0.021953 0.021671 0.021385 0.021094 0.020794 0.020487 0.020169 0.019842 0.019504 0.019155 0.018795 0.018423 0.018038 0.017641 0.017230 0.016805 0.016366 0.015912 0.015443 0.014958 0.014456 0.013938 0.013401 0.012846 0.012271 0.011677 0.011062 0.010425 0.009766 0.009084 0.008377 0.007645 0.006887 0.006101 0.005286 0.004441 0.003564 0.002654 0.001710 0.000729 0.000001 0.000001 0.000001 0.000001
0.023160 0.023047 0.022892 0.022698 0.022477 0.022237 0.021983 0.021717 0.021441 0.021154 0.020857 0.020549 0.020231 0.019901 0.019560 0.019208 0.018843 0.018465 0.018075 0.017672 0.017254 0.016823 0.016376 0.015915 0.015437 0.014943 0.014432 0.013904 0.013357 0.012791 0.012206 0.011600 0.010973 0.010323 0.009651 0.008955 0.008234 0.007487 0.006713 0.005911 0.005079 0.004216 0.003320 0.002391 0.001426 0.000424 0.000001 0.000001 0.000001 0.000001
0.022297 0.022696 0.022738 0.022637 0.022468 0.022259 0.022025 0.021772 0.021503 0.021222 0.020927 0.020621 0.020302 0.019972 0.019630 0.019275 0.018907 0.018526 0.018132 0.017724 0.017302 0.016865 0.016413 0.015945 0.015461 0.014960 0.014442 0.013906 0.013351 0.012776 0.012182 0.011567 0.010930 0.010270 0.009587 0.008879 0.008147 0.007387 0.006600 0.005784 0.004938 0.004060 0.003149 0.002204 0.001222 0.000202 0.000001 0.000001 0.000001 0.000001
0.023810 0.023308 0.023045 0.022826 0.022606 0.022376 0.022132 0.021875 0.021606 0.021323 0.021029 0.020722 0.020403 0.020072 0.019728 0.019372 0.019003 0.018620 0.018223 0.017812 0.017387 0.016946 0.016490 0.016018 0.015529 0.015023 0.014499 0.013956 0.013395 0.012814 0.012213 0.011590 0.010946 0.010278 0.009587 0.008871 0.008129 0.007361 0.006564 0.005737 0.004881 0.003992 0.003069 0.002112 0.001117 0.000084 0.000001 0.000001 0.000001 0.000001
0.023848 0.023674 0.023372 0.023090 0.022825 0.022566 0.022305 0.022037 0.021761 0.021474 0.021178 0.020870 0.020550 0.020218 0.019874 0.019517 0.019146 0.018762 0.018364 0.017951 0.017523 0.017080 0.016621 0.016146 0.015654 0.015144 0.014617 0.014070 0.013505 0.012920 0.012314 0.011687 0.011037 0.010365 0.009668 0.008947 0.008199 0.007425 0.006622 0.005789 0.004926 0.004030 0.003101 0.002136 0.001134 0.000092 0.000001 0.000001 0.000001 0.000001
0.024683 0.023895 0.023566 0.023303 0.023045 0.022784 0.022519 0.022249 0.021970 0.021683 0.021386 0.021078 0.020759 0.020427 0.020082 0.019725 0.019354 0.018969 0.018570 0.018156 0.017727 0.017282 0.016822 0.016345 0.015851 0.015340 0.014811 0.014263 0.013696 0.013109 0.012501 0.011872 0.011221 0.010547 0.009848 0.009125 0.008376 0.007599 0.006794 0.005960 0.005095 0.004197 0.003266 0.002299 0.001295 0.000252 0.000001 0.000001 0.000001 0.000001
0.022532 0.023625 0.023679 0.023505 0.023277 0.023033 0.022779 0.022516 0.022244 0.021961 0.021667 0.021361 0.021043 0.020712 0.020368 0.020010 0.019639 0.019254 0.018855 0.018441 0.018011 0.017567 0.017106 0.016630 0.016136 0.015625 0.015097 0.014549 0.013983 0.013397 0.012791 0.012163 0.011514 0.010841 0.010145 0.009424 0.008677 0.007904 0.007102 0.006271 0.005409 0.004515 0.003588 0.002625 0.001626 0.000587 0.000001 0.000001 0.000001 0.000001
0.026757 0.024742 0.024119 0.023816 0.023580 0.023352 0.023114 0.022865 0.022601 0.022325 0.022034 0.021731 0.021414 0.021084 0.020740 0.020383 0.020012 0.019627 0.019228 0.018815 0.018387 0.017943 0.017485 0.017010 0.016519 0.016011 0.015486 0.014943 0.014381 0.013800 0.013198 0.012576 0.011933 0.011267 0.010577 0.009863 0.009124 0.008359 0.007566 0.006744 0.005892 0.005008 0.004092 0.003140 0.002152 0.001127 0.000099 0.000001 0.000001 0.000001
0.022494 0.023975 0.024212 0.024145 0.023987 0.023790 0.023568 0.023325 0.023066 0.022790 0.022500 0.022195 0.021877 0.021546 0.021202 0.020845 0.020474 0.020091 0.019693 0.019282 0.018857 0.018418 0.017964 0.017494 0.017009 0.016508 0.015990 0.015454 0.014901 0.014329 0.013737 0.013126 0.012493 0.011839 0.011162 0.010461 0.009736 0.008985 0.008207 0.007401 0.006565 0.005699 0.004801 0.003868 0.002900 0.001895 0.000853 0.000001 0.000001 0.000001
0.026074 0.025232 0.024978 0.024801 0.024611 0.024396 0.024160 0.023906 0.023636 0.023352 0.023055 0.022746 0.022424 0.022091 0.021747 0.021390 0.021022 0.020641 0.020249 0.019843 0.019425 0.018993 0.018547 0.018088 0.017613 0.017123 0.016617 0.016094 0.015555 0.014997 0.014421 0.013826 0.013210 0.012574 0.011916 0.011235 0.010530 0.009801 0.009045 0.008263 0.007452 0.006611 0.005739 0.004834 0.003895 0.002920 0.001907 0.000873 0.000009 0.000001
0.026222 0.026128 0.025892 0.025641 0.025384 0.025119 0.024847 0.024566 0.024276 0.023978 0.023672 0.023357 0.023033 0.022700 0.022358 0.022006 0.021644 0.021272 0.020889 0.020494 0.020088 0.019670 0.019238 0.018794 0.018336 0.017863 0.017376 0.016873 0.016353 0.015817 0.015264 0.014692 0.014101 0.013490 0.012858 0.012204 0.011528 0.010828 0.010103 0.009352 0.008574 0.007768 0.006931 0.006063 0.005162 0.004227 0.003255 0.002247 0.001230 0.000364
0.027185 0.027047 0.026763 0.026450 0.026137 0.025829 0.025525 0.025223 0.024920 0.024615 0.024307 0.023994 0.023676 0.023352 0.023020 0.022681 0.022333 0.021977 0.021611 0.021235 0.020849 0.020451 0.020042 0.019621 0.019187 0.018740 0.018279 0.017803 0.017312 0.016805 0.016282 0.015741 0.015182 0.014605 0.014007 0.013389 0.012750 0.012088 0.011403 0.010692 0.009956 0.009193 0.008402 0.007580 0.006728 0.005842 0.004922 0.003966 0.002975 0.001977
0.028656 0.027871 0.027412 0.027046 0.026715 0.026403 0.026101 0.025805 0.025513 0.025222 0.024930 0.024635 0.024337 0.024034 0.023726 0.023411 0.023089 0.022759 0.022421 0.022074 0.021717 0.021350 0.020973 0.020584 0.020183 0.019770 0.019343 0.018904 0.018449 0.017980 0.017496 0.016995 0.016478 0.015942 0.015388 0.014815 0.014221 0.013606 0.012969 0.012309 0.011625 0.010915 0.010178 0.009413 0.008619 0.007794 0.006936 0.006044 0.005116 0.004155
0.027782 0.027827 0.027599 0.027332 0.027066 0.026806 0.026551 0.026299 0.026048 0.025796 0.025543 0.025287 0.025027 0.024762 0.024491 0.024214 0.023931 0.023640 0.023341 0.023033 0.022716 0.022390 0.022053 0.021706 0.021348 0.020978 0.020596 0.020201 0.019793 0.019371 0.018934 0.018482 0.018015 0.017530 0.017029 0.016509 0.015970 0.015412 0.014833 0.014232 0.013608 0.012961 0.012289 0.011590 0.010865 0.010110 0.009325 0.008508 0.007657 0.006772
0.028358 0.027841 0.027632 0.027464 0.027297 0.027125 0.026949 0.026768 0.026583 0.026392 0.026197 0.025996 0.025790 0.025577 0.025358 0.025132 0.024899 0.024657 0.024408 0.024150 0.023884 0.023608 0.023322 0.023026 0.022720 0.022402 0.022073 0.021732 0.021378 0.021012 0.020632 0.020237 0.019828 0.019404 0.018963 0.018506 0.018031 0.017538 0.017026 0.016494 0.015940 0.015365 0.014767 0.014145 0.013497 0.012823 0.012121 0.011389 0.010626 0.009831
0.027043 0.027615 0.027690 0.027658 0.027598 0.027521 0.027433 0.027333 0.027224 0.027106 0.026979 0.026844 0.026702 0.026551 0.026393 0.026227 0.026052 0.025870 0.025679 0.025480 0.025272 0.025054 0.024827 0.024591 0.024344 0.024087 0.023819 0.023540 0.023249 0.022946 0.022630 0.022302 0.021959 0.021603 0.021232 0.020846 0.020443 0.020024 0.019587 0.019132 0.018658 0.018164 0.017648 0.017111 0.016551 0.015966 0.015356 0.014720 0.014055 0.013361
0.029072 0.028280 0.028146 0.028147 0.028163 0.028168 0.028158 0.028135 0.028099 0.028052 0.027995 0.027929 0.027853 0.027769 0.027677 0.027575 0.027466 0.027348 0.027221 0.027086 0.026942 0.026790 0.026628 0.026457 0.026277 0.026087 0.025886 0.025676 0.025454 0.025222 0.024978 0.024722 0.024454 0.024174 0.023879 0.023571 0.023249 0.022911 0.022558 0.022188 0.021801 0.021395 0.020972 0.020528 0.020063 0.019577 0.019068 0.018535 0.017977 0.017393
0.027456 0.028491 0.028859 0.029031 0.029133 0.029204 0.029256 0.029295 0.029322 0.029340 0.029348 0.029347 0.029338 0.029320 0.029293 0.029258 0.029215 0.029164 0.029105 0.029038 0.028962 0.028879 0.028786 0.028686 0.028577 0.028459 0.028332 0.028195 0.028049 0.027893 0.027727 0.027550 0.027363 0.027164 0.026953 0.026730 0.026494 0.026245 0.025982 0.025704 0.025411 0.025102 0.024777 0.024434 0.024074 0.023693 0.023293 0.022872 0.022428 0.021962
0.030441 0.030357 0.030429 0.030523 0.030620 0.030716 0.030809 0.030897 0.030979 0.031054 0.031122 0.031183 0.031236 0.031281 0.031319 0.031350 0.031373 0.031390 0.031399 0.031401 0.031396 0.031384 0.031364 0.031337 0.031303 0.031261 0.031211 0.031153 0.031087 0.031012 0.030929 0.030836 0.030735 0.030623 0.030501 0.030369 0.030225 0.030070 0.029904 0.029724 0.029532 0.029326 0.029106 0.028871 0.028620 0.028352 0.028068 0.027765 0.027443 0.027101
0.032850 0.032524 0.032440 0.032486 0.032590 0.032719 0.032855 0.032992 0.033126 0.033255 0.033379 0.033497 0.033609 0.033716 0.033816 0.033911 0.034000 0.034084 0.034162 0.034234 0.034301 0.034362 0.034417 0.034467 0.034510 0.034547 0.034578 0.034602 0.034619 0.034630 0.034633 0.034629 0.034617 0.034597 0.034569 0.034532 0.034486 0.034430 0.034365 0.034289 0.034202 0.034105 0.033995 0.033873 0.033737 0.033588 0.033425 0.033246 0.033052 0.032841
0.034234 0.034382 0.034592 0.034807 0.035018 0.035223 0.035421 0.035613 0.035799 0.035981 0.036159 0.036332 0.036501 0.036667 0.036829 0.036988 0.037143 0.037294 0.037442 0.037586 0.037726 0.037862 0.037994 0.038122 0.038245 0.038364 0.038478 0.038587 0.038691 0.038790 0.038883 0.038970 0.039052 0.039127 0.039196 0.039258 0.039313 0.039360 0.039400 0.039432 0.039455 0.039469 0.039474 0.039469 0.039454 0.039428 0.039391 0.039341 0.039279 0.039204
0.035790 0.036771 0.037327 0.037712 0.038021 0.038292 0.038544 0.038786 0.039021 0.039253 0.039482 0.039710 0.039937 0.040164 0.040389 0.040612 0.040835 0.041056 0.041275 0.041492 0.041708 0.041921 0.042132 0.042340 0.042545 0.042748 0.042947 0.043143 0.043336 0.043525 0.043710 0.043892 0.044069 0.044242 0.044410 0.044573 0.044732 0.044885 0.045032 0.045174 0.045310 0.045439 0.045562 0.045677 0.045785 0.045885 0.045977 0.046060 0.046134 0.046198
0.040665 0.040829 0.041104 0.041394 0.041678 0.041957 0.042234 0.042511 0.042790 0.043071 0.043355 0.043642 0.043930 0.044221 0.044512 0.044805 0.045098 0.045392 0.045685 0.045979 0.046271 0.046564 0.046855 0.047145 0.047434 0.047721 0.048007 0.048291 0.048573 0.048853 0.049132 0.049408 0.049681 0.049952 0.050221 0.050487 0.050749 0.051009 0.051266 0.051519 0.051768 0.052014 0.052255 0.052492 0.052725 0.052953 0.053176 0.053393 0.053605 0.053810
0.045432 0.045311 0.045411 0.045605 0.045852 0.046133 0.046436 0.046756 0.047087 0.047428 0.047776 0.048129 0.048487 0.048848 0.049211 0.049578 0.049945 0.050314 0.050685 0.051055 0.051427 0.051798 0.052170 0.052542 0.052914 0.053286 0.053657 0.054028 0.054399 0.054770 0.055140 0.055509 0.055878 0.056246 0.056614 0.056981 0.057347 0.057712 0.058077 0.058440 0.058802 0.059164 0.059524 0.059882 0.060239 0.060595 0.060949 0.061300 0.061650 0.061997
0.049021 0.049525 0.049783 0.050053 0.050367 0.050719 0.051097 0.051493 0.051903 0.052321 0.052747 0.053178 0.053612 0.054050 0.054490 0.054932 0.055375 0.055820 0.056267 0.056714 0.057162 0.057611 0.058061 0.058511 0.058963 0.059416 0.059869 0.060324 0.060780 0.061236 0.061694 0.062153 0.062614 0.063076 0.063539 0.064003 0.064469 0.064937 0.065406 0.065877 0.066349 0.066823 0.067299 0.067776 0.068255 0.068735 0.069217 0.069701 0.070187 0.070673
0.054349 0.054005 0.054313 0.054761 0.055245 0.055742 0.056245 0.056752 0.057261 0.057771 0.058282 0.058794 0.059307 0.059820 0.060334 0.060848 0.061363 0.061879 0.062395 0.062912 0.063430 0.063950 0.064471 0.064994 0.065518 0.066044 0.066573 0.067104 0.067638 0.068174 0.068713 0.069255 0.069800 0.070349 0.070901 0.071457 0.072016 0.072580 0.073148 0.073720 0.074296 0.074877 0.075463 0.076054 0.076649 0.077250 0.077855 0.078467 0.079083 0.079705
0.056220 0.058237 0.059247 0.060020 0.060712 0.061364 0.061991 0.062602 0.063202 0.063794 0.064381 0.064963 0.065542 0.066118 0.066692 0.067266 0.067839 0.068412 0.068986 0.069561 0.070137 0.070715 0.071295 0.071878 0.072464 0.073053 0.073645 0.074242 0.074843 0.075448 0.076058 0.076673 0.077294 0.077920 0.078551 0.079189 0.079833 0.080484 0.081142 0.081807 0.082479 0.083158 0.083846 0.084541 0.085245 0.085958 0.086679 0.087409 0.088149 0.088898
0.065419 0.064867 0.065491 0.066261 0.067007 0.067718 0.068400 0.069063 0.069712 0.070350 0.070979 0.071601 0.072219 0.072833 0.073445 0.074055 0.074665 0.075276 0.075888 0.076502 0.077118 0.077738 0.078361 0.078988 0.079620 0.080257 0.080900 0.081548 0.082203 0.082864 0.083532 0.084207 0.084890 0.085581 0.086280 0.086988 0.087705 0.088432 0.089167 0.089913 0.090669 0.091436 0.092214 0.093004 0.093805 0.094618 0.095444 0.096282 0.097134 0.098000
0.068358 0.071424 0.072596 0.073356 0.074034 0.074694 0.075347 0.075994 0.076634 0.077267 0.077895 0.078518 0.079138 0.079757 0.080375 0.080995 0.081616 0.082239 0.082866 0.083498 0.084134 0.084775 0.085423 0.086077 0.086738 0.087406 0.088082 0.088766 0.089459 0.090161 0.090872 0.091593 0.092324 0.093066 0.093819 0.094583 0.095358 0.096146 0.096946 0.097760 0.098586 0.099427 0.100281 0.101150 0.102035 0.102935 0.103851 0.104783 0.105733 0.106700
0.083304 0.080848 0.080532 0.080834 0.081330 0.081889 0.082467 0.083051 0.083635 0.084218 0.084802 0.085387 0.085974 0.086565 0.087161 0.087762 0.088368 0.088982 0.089602 0.090230 0.090866 0.091511 0.092164 0.092827 0.093500 0.094183 0.094876 0.095581 0.096296 0.097023 0.097762 0.098513 0.099278 0.100055 0.100846 0.101650 0.102470 0.103304 0.104153 0.105018 0.105899 0.106797 0.107712 0.108645 0.109596 0.110566 0.111555 0.112564 0.113594 0.114645
0.084677 0.086225 0.087059 0.087685 0.088232 0.088744 0.089241 0.089735 0.090231 0.090733 0.091244 0.091764 0.092294 0.092836 0.093388 0.093951 0.094525 0.095111 0.095709 0.096318 0.096939 0.097572 0.098217 0.098875 0.099545 0.100228 0.100924 0.101634 0.102358 0.103096 0.103848 0.104616 0.105398 0.106196 0.107010 0.107840 0.108687 0.109552 0.110434 0.111334 0.112253 0.113192 0.114150 0.115128 0.116128 0.117149 0.118192 0.119258 0.120348 0.121461
0.089969 0.092196 0.093277 0.093898 0.094339 0.094718 0.095085 0.095459 0.095850 0.096261 0.096691 0.097140 0.097609 0.098095 0.098599 0.099119 0.099655 0.100207 0.100774 0.101357 0.101954 0.102567 0.103194 0.103837 0.104495 0.105168 0.105857 0.106562 0.107282 0.108019 0.108772 0.109543 0.110330 0.111135 0.111958 0.112799 0.113659 0.114539 0.115438 0.116357 0.117297 0.118258 0.119241 0.120247 0.121275 0.122327 0.123404 0.124505 0.125632 0.126786
0.101043 0.099528 0.099047 0.098933 0.098984 0.099132 0.099346 0.099612 0.099919 0.100261 0.100633 0.101032 0.101454 0.101899 0.102364 0.102849 0.103353 0.103874 0.104413 0.104969 0.105543 0.106133 0.106740 0.107363 0.108004 0.108661 0.109335 0.110027 0.110736 0.111463 0.112207 0.112970 0.113752 0.114552 0.115372 0.116211 0.117071 0.117950 0.118851 0.119774 0.120718 0.121685 0.122675 0.123688 0.124726 0.125789 0.126877 0.127992 0.129133 0.130303
0.102953 0.102092 0.101482 0.101206 0.101161 0.101261 0.101452 0.101705 0.102002 0.102333 0.102692 0.103077 0.103483 0.103910 0.104357 0.104822 0.105306 0.105807 0.106325 0.106861 0.107414 0.107984 0.108571 0.109176 0.109797 0.110436 0.111093 0.111767 0.112460 0.113170 0.113899 0.114647 0.115414 0.116200 0.117006 0.117832 0.118679 0.119546 0.120435 0.121346 0.122279 0.123235 0.124214 0.125217 0.126245 0.127298 0.128377 0.129483 0.130615 0.131776
0.099957 0.099764 0.099967 0.100256 0.100568 0.100894 0.101231 0.101581 0.101943 0.102318 0.102707 0.103110 0.103527 0.103958 0.104403 0.104864 0.105340 0.105831 0.106338 0.106860 0.107399 0.107953 0.108524 0.109111 0.109715 0.110336 0.110973 0.111628 0.112301 0.112991 0.113699 0.114426 0.115171 0.115935 0.116719 0.117522 0.118345 0.119188 0.120053 0.120938 0.121846 0.122776 0.123728 0.124704 0.125704 0.126728 0.127777 0.128852 0.129953 0.131082
0.092552 0.094916 0.096330 0.097260 0.097945 0.098503 0.098994 0.099450 0.099886 0.100314 0.100741 0.101171 0.101606 0.102049 0.102502 0.102966 0.103441 0.103929 0.104430 0.104944 0.105472 0.106014 0.106571 0.107143 0.107730 0.108332 0.108950 0.109584 0.110234 0.110901 0.111584 0.112285 0.113003 0.113738 0.114491 0.115263 0.116054 0.116863 0.117692 0.118540 0.119409 0.120299 0.121210 0.122142 0.123097 0.124074 0.125075 0.126099 0.127148 0.128222
0.090429 0.092036 0.092912 0.093590 0.094179 0.094712 0.095205 0.095674 0.096126 0.096570 0.097010 0.097451 0.097896 0.098346 0.098803 0.099269 0.099744 0.100229 0.100725 0.101232 0.101751 0.102282 0.102826 0.103383 0.103952 0.104536 0.105133 0.105744 0.106369 0.107008 0.107663 0.108332 0.109017 0.109718 0.110434 0.111167 0.111916 0.112682 0.113465 0.114265 0.115084 0.115921 0.116777 0.117651 0.118546 0.119460 0.120395 0.121350 0.122327 0.123326
0.092242 0.089525 0.089000 0.089094 0.089383 0.089743 0.090133 0.090536 0.090949 0.091368 0.091794 0.092226 0.092665 0.093111 0.093565 0.094028 0.094498 0.094978 0.095467 0.095966 0.096474 0.096993 0.097522 0.098062 0.098613 0.099175 0.099748 0.100333 0.100929 0.101538 0.102159 0.102792 0.103438 0.104097 0.104770 0.105456 0.106155 0.106869 0.107597 0.108340 0.109097 0.109870 0.110658 0.111462 0.112283 0.113120 0.113973 0.114844 0.115733 0.116640
0.079175 0.082004 0.082750 0.083052 0.083299 0.083575 0.083888 0.084233 0.084603 0.084991 0.085395 0.085812 0.086239 0.086676 0.087123 0.087577 0.088040 0.088511 0.088990 0.089476 0.089971 0.090474 0.090985 0.091504 0.092032 0.092568 0.093113 0.093667 0.094230 0.094802 0.095384 0.095975 0.096576 0.097188 0.097809 0.098440 0.099083 0.099736 0.100400 0.101075 0.101762 0.102460 0.103170 0.103893 0.104627 0.105374 0.106134 0.106907 0.107694 0.108493
0.077494 0.075982 0.075759 0.075866 0.076085 0.076358 0.076669 0.077009 0.077373 0.077755 0.078152 0.078562 0.078983 0.079413 0.079851 0.080297 0.080749 0.081208 0.081673 0.082144 0.082620 0.083102 0.083590 0.084083 0.084582 0.085087 0.085598 0.086115 0.086639 0.087168 0.087704 0.088246 0.088795 0.089351 0.089914 0.090483 0.091060 0.091645 0.092236 0.092836 0.093443 0.094058 0.094680 0.095311 0.095950 0.096597 0.097253 0.097917 0.098589 0.099270
0.066983 0.067150 0.067422 0.067755 0.068114 0.068484 0.068862 0.069248 0.069642 0.070043 0.070453 0.070868 0.071290 0.071717 0.072149 0.072584 0.073023 0.073466 0.073912 0.074361 0.074813 0.075268 0.075725 0.076186 0.076650 0.077116 0.077586 0.078058 0.078534 0.079014 0.079496 0.079982 0.080472 0.080965 0.081461 0.081962 0.082466 0.082974 0.083486 0.084001 0.084521 0.085044 0.085572 0.086103 0.086638 0.087177 0.087720 0.088267 0.088817 0.089371
0.055860 0.057925 0.058900 0.059542 0.060066 0.060541 0.060992 0.061431 0.061862 0.062290 0.062714 0.063137 0.063559 0.063981 0.064401 0.064822 0.065242 0.065661 0.066081 0.066500 0.066919 0.067339 0.067758 0.068177 0.068597 0.069016 0.069436 0.069857 0.070277 0.070698 0.071120 0.071542 0.071964 0.072387 0.072811 0.073235 0.073659 0.074084 0.074509 0.074935 0.075360 0.075786 0.076212 0.076638 0.077063 0.077488 0.077912 0.078336 0.078758 0.079179
0.052180 0.051372 0.051643 0.052118 0.052615 0.053101 0.053571 0.054027 0.054471 0.054904 0.055328 0.055744 0.056153 0.056556 0.056954 0.057347 0.057736 0.058122 0.058504 0.058883 0.059259 0.059633 0.060004 0.060372 0.060738 0.061102 0.061464 0.061823 0.062180 0.062536 0.062888 0.063239 0.063588 0.063934 0.064278 0.064619 0.064958 0.065294 0.065627 0.065957 0.066284 0.066608 0.066928 0.067244 0.067555 0.067863 0.068165 0.068462 0.068754 0.069039
0.042886 0.044517 0.045142 0.045606 0.046056 0.046504 0.046947 0.047378 0.047797 0.048203 0.048597 0.048980 0.049353 0.049718 0.050074 0.050423 0.050766 0.051103 0.051435 0.051761 0.052082 0.052399 0.052711 0.053019 0.053322 0.053622 0.053917 0.054207 0.054494 0.054776 0.055053 0.055327 0.055595 0.055859 0.056118 0.056372 0.056621 0.056864 0.057102 0.057334 0.057559 0.057778 0.057990 0.058194 0.058391 0.058579 0.058759 0.058929 0.059090 0.059240
0.040803 0.039707 0.039779 0.040117 0.040513 0.040911 0.041298 0.041670 0.042027 0.042372 0.042704 0.043025 0.043336 0.043639 0.043933 0.044221 0.044501 0.044775 0.045042 0.045303 0.045559 0.045808 0.046052 0.046291 0.046524 0.046751 0.046972 0.047188 0.047398 0.047601 0.047799 0.047990 0.048175 0.048353 0.048524 0.048688 0.048845 0.048994 0.049134 0.049266 0.049389 0.049503 0.049606 0.049700 0.049782 0.049853 0.049912 0.049958 0.049990 0.050007
0.032672 0.034386 0.035163 0.035660 0.036045 0.036373 0.036669 0.036944 0.037206 0.037457 0.037700 0.037936 0.038165 0.038388 0.038604 0.038815 0.039020 0.039219 0.039412 0.039600 0.039781 0.039956 0.040125 0.040288 0.040445 0.040595 0.040738 0.040875 0.041005 0.041127 0.041242 0.041350 0.041449 0.041540 0.041623 0.041696 0.041761 0.041815 0.041859 0.041893 0.041915 0.041926 0.041924 0.041910 0.041882 0.041839 0.041781 0.041707 0.041616 0.041507
0.031608 0.031880 0.032222 0.032472 0.032660 0.032817 0.032964 0.033106 0.033248 0.033389 0.033530 0.033670 0.033807 0.033943 0.034075 0.034203 0.034327 0.034446 0.034560 0.034669 0.034773 0.034870 0.034962 0.035047 0.035125 0.035197 0.035262 0.035319 0.035368 0.035409 0.035442 0.035466 0.035481 0.035487 0.035483 0.035468 0.035443 0.035406 0.035358 0.035297 0.035223 0.035135 0.035033 0.034916 0.034783 0.034633 0.034466 0.034279 0.034073 0.033846
0.030824 0.030593 0.030303 0.030108 0.029999 0.029949 0.029938 0.029952 0.029983 0.030024 0.030071 0.030122 0.030174 0.030226 0.030276 0.030324 0.030370 0.030411 0.030448 0.030480 0.030507 0.030529 0.030544 0.030553 0.030556 0.030551 0.030539 0.030518 0.030490 0.030453 0.030407 0.030352 0.030287 0.030211 0.030125 0.030027 0.029918 0.029796 0.029660 0.029511 0.029348 0.029169 0.028974 0.028763 0.028533 0.028285 0.028017 0.027728 0.027417 0.027083
0.030311 0.028843 0.028121 0.027739 0.027526 0.027400 0.027322 0.027272 0.027237 0.027211 0.027190 0.027171 0.027154 0.027135 0.027115 0.027093 0.027067 0.027038 0.027005 0.026967 0.026923 0.026874 0.026819 0.026758 0.026689 0.026614 0.026531 0.026439 0.026339 0.026230 0.026112 0.025983 0.025844 0.025695 0.025533 0.025360 0.025174 0.024974 0.024760 0.024532 0.024288 0.024028 0.023750 0.023454 0.023139 0.022804 0.022447 0.022067 0.021664 0.021235
0.024947 0.025012 0.025073 0.025095 0.025087 0.025058 0.025016 0.024966 0.024910 0.024849 0.024785 0.024718 0.024648 0.024574 0.024496 0.024415 0.024330 0.024241 0.024147 0.024047 0.023942 0.023832 0.023715 0.023591 0.023460 0.023322 0.023176 0.023021 0.022858 0.022685 0.022503 0.022310 0.022106 0.021891 0.021664 0.021425 0.021172 0.020905 0.020623 0.020326 0.020012 0.019681 0.019332 0.018964 0.018575 0.018165 0.017733 0.017277 0.016795 0.016287
0.020068 0.021811 0.022580 0.022928 0.023076 0.023118 0.023102 0.023051 0.022978 0.022891 0.022793 0.022688 0.022575 0.022457 0.022334 0.022205 0.022072 0.021933 0.021788 0.021638 0.021482 0.021320 0.021151 0.020975 0.020792 0.020601 0.020402 0.020194 0.019977 0.019751 0.019515 0.019268 0.019010 0.018740 0.018458 0.018163 0.017854 0.017531 0.017193 0.016839 0.016468 0.016079 0.015671 0.015244 0.014796 0.014326 0.013832 0.013314 0.012770 0.012198
0.022103 0.021845 0.021822 0.021816 0.021784 0.021723 0.021639 0.021537 0.021422 0.021296 0.021161 0.021019 0.020870 0.020714 0.020553 0.020386 0.020213 0.020035 0.019850 0.019660 0.019463 0.019260 0.019049 0.018832 0.018607 0.018374 0.018133 0.017883 0.017624 0.017355 0.017076 0.016786 0.016485 0.016172 0.015846 0.015508 0.015155 0.014788 0.014406 0.014007 0.013591 0.013158 0.012705 0.012233 0.011739 0.011223 0.010683 0.010119 0.009528 0.008909
0.023216 0.022184 0.021566 0.021177 0.020906 0.020694 0.020509 0.020337 0.020168 0.019998 0.019825 0.019648 0.019466 0.019280 0.019088 0.018890 0.018687 0.018478 0.018263 0.018042 0.017815 0.017581 0.017339 0.017091 0.016835 0.016570 0.016298 0.016016 0.015725 0.015425 0.015114 0.014793 0.014460 0.014115 0.013758 0.013387 0.013003 0.012604 0.012190 0.011759 0.011312 0.010847 0.010363 0.009858 0.009333 0.008786 0.008215 0.007619 0.006997 0.006347
0.021494 0.021059 0.020633 0.020284 0.019998 0.019751 0.019529 0.019320 0.019117 0.018916 0.018715 0.018512 0.018305 0.018095 0.017880 0.017660 0.017436 0.017205 0.016969 0.016727 0.016478 0.016222 0.015960 0.015690 0.015412 0.015127 0.014833 0.014530 0.014218 0.013896 0.013564 0.013221 0.012867 0.012501 0.012123 0.011732 0.011327 0.010908 0.010474 0.010024 0.009557 0.009073 0.008570 0.008047 0.007504 0.006939 0.006351 0.005738 0.005100 0.004434
0.019444 0.019322 0.019281 0.019170 0.019008 0.018820 0.018619 0.018413 0.018203 0.017991 0.017777 0.017559 0.017338 0.017114 0.016885 0.016652 0.016413 0.016170 0.015920 0.015665 0.015403 0.015135 0.014860 0.014577 0.014287 0.013989 0.013683 0.013368 0.013043 0.012709 0.012366 0.012011 0.011646 0.011269 0.010880 0.010478 0.010063 0.009634 0.009191 0.008732 0.008257 0.007764 0.007254 0.006725 0.006175 0.005605 0.005012 0.004396 0.003755 0.003088
0.017041 0.018096 0.018308 0.018282 0.018165 0.018004 0.017820 0.017622 0.017414 0.017201 0.016984 0.016762 0.016536 0.016306 0.016071 0.015832 0.015588 0.015338 0.015083 0.014822 0.014554 0.014281 0.014000 0.013712 0.013417 0.013114 0.012802 0.012483 0.012154 0.011816 0.011468 0.011110 0.010742 0.010362 0.009970 0.009567 0.009150 0.008721 0.008277 0.007818 0.007344 0.006853 0.006345 0.005820 0.005275 0.004710 0.004124 0.003515 0.002883 0.002226
0.020144 0.018542 0.018032 0.017770 0.017564 0.017366 0.017167 0.016964 0.016757 0.016545 0.016329 0.016108 0.015883 0.015654 0.015420 0.015181 0.014937 0.014687 0.014432 0.014171 0.013903 0.013630 0.013349 0.013062 0.012767 0.012464 0.012154 0.011836 0.011509 0.011173 0.010827 0.010472 0.010107 0.009731 0.009344 0.008945 0.008535 0.008111 0.007674 0.007223 0.006758 0.006277 0.005780 0.005265 0.004733 0.004182 0.003611 0.003020 0.002406 0.001768
0.016656 0.017569 0.017521 0.017303 0.017073 0.016854 0.016645 0.016438 0.016232 0.016024 0.015813 0.015597 0.015377 0.015153 0.014923 0.014688 0.014448 0.014202 0.013950 0.013693 0.013429 0.013159 0.012883 0.012600 0.012310 0.012012 0.011707 0.011394 0.011073 0.010744 0.010405 0.010058 0.009701 0.009333 0.008956 0.008567 0.008167 0.007756 0.007331 0.006894 0.006443 0.005977 0.005497 0.005001 0.004488 0.003957 0.003408 0.002840 0.002251 0.001641
0.018933 0.017635 0.017140 0.016855 0.016632 0.016430 0.016235 0.016041 0.015845 0.015645 0.015441 0.015233 0.015019 0.014800 0.014576 0.014347 0.014112 0.013871 0.013625 0.013373 0.013116 0.012852 0.012582 0.012305 0.012022 0.011732 0.011435 0.011130 0.010818 0.010498 0.010169 0.009832 0.009486 0.009131 0.008766 0.008392 0.008006 0.007610 0.007202 0.006782 0.006349 0.005903 0.005444 0.004969 0.004480 0.003975 0.003453 0.002913 0.002354 0.001776
0.016323 0.016515 0.016491 0.016402 0.016278 0.016130 0.015967 0.015792 0.015608 0.015417 0.015220 0.015017 0.014808 0.014594 0.014375 0.014150 0.013920 0.013685 0.013444 0.013198 0.012946 0.012689 0.012426 0.012157 0.011881 0.011600 0.011312 0.011017 0.010715 0.010405 0.010089 0.009764 0.009431 0.009090 0.008740 0.008381 0.008012 0.007633 0.007243 0.006843 0.006431 0.006007 0.005571 0.005122 0.004659 0.004181 0.003688 0.003179 0.002654 0.002110
0.015413 0.016054 0.016266 0.016271 0.016182 0.016049 0.015891 0.015719 0.015536 0.015346 0.015149 0.014947 0.014739 0.014526 0.014309 0.014087 0.013860 0.013628 0.013391 0.013150 0.012903 0.012652 0.012395 0.012133 0.011866 0.011593 0.011314 0.011029 0.010737 0.010439 0.010135 0.009823 0.009504 0.009177 0.008843 0.008500 0.008148 0.007788 0.007418 0.007038 0.006648 0.006248 0.005836 0.005412 0.004977 0.004528 0.004065 0.003589 0.003097 0.002590
0.017418 0.017103 0.016820 0.016591 0.016389 0.016197 0.016006 0.015813 0.015617 0.015417 0.015213 0.015005 0.014794 0.014579 0.014360 0.014137 0.013911 0.013680 0.013446 0.013208 0.012965 0.012719 0.012468 0.012212 0.011951 0.011686 0.011416 0.011140 0.010859 0.010572 0.010279 0.009980 0.009675 0.009362 0.009043 0.008717 0.008383 0.008041 0.007690 0.007331 0.006963 0.006586 0.006199 0.005801 0.005392 0.004972 0.004540 0.004096 0.003638 0.003166
0.019367 0.017942 0.017326 0.016966 0.016696 0.016460 0.016238 0.016021 0.015807 0.015593 0.015378 0.015161 0.014943 0.014722 0.014500 0.014274 0.014047 0.013816 0.013583 0.013346 0.013106 0.012863 0.012617 0.012366 0.012112 0.011854 0.011591 0.011324 0.011052 0.010776 0.010494 0.010207 0.009915 0.009616 0.009312 0.009001 0.008684 0.008360 0.008028 0.007690 0.007343 0.006988 0.006624 0.006251 0.005869 0.005476 0.005074 0.004660 0.004235 0.003798
0.016279 0.017201 0.017303 0.017166 0.016960 0.016735 0.016506 0.016278 0.016051 0.015825 0.015599 0.015373 0.015148 0.014921 0.014694 0.014465 0.014236 0.014004 0.013771 0.013535 0.013297 0.013057 0.012814 0.012568 0.012320 0.012067 0.011812 0.011553 0.011290 0.011023 0.010752 0.010476 0.010196 0.009911 0.009621 0.009325 0.009023 0.008716 0.008403 0.008083 0.007756 0.007422 0.007080 0.006731 0.006374 0.006008 0.005633 0.005249 0.004854 0.004450
0.018143 0.017888 0.017682 0.017469 0.017242 0.017008 0.016771 0.016534 0.016298 0.016064 0.015831 0.015599 0.015367 0.015136 0.014905 0.014674 0.014443 0.014211 0.013978 0.013743 0.013508 0.013270 0.013031 0.012790 0.012546 0.012300 0.012052 0.011800 0.011546 0.011288 0.011026 0.010761 0.010493 0.010220 0.009942 0.009661 0.009374 0.009083 0.008786 0.008484 0.008176 0.007862 0.007541 0.007214 0.006880 0.006538 0.006189 0.005832 0.005466 0.005092
0.019755 0.018608 0.018105 0.017777 0.017501 0.017243 0.016994 0.016749 0.016507 0.016268 0.016032 0.015796 0.015563 0.015330 0.015098 0.014867 0.014636 0.014405 0.014173 0.013941 0.013709 0.013475 0.013240 0.013004 0.012766 0.012526 0.012284 0.012040 0.011794 0.011545 0.011293 0.011038 0.010780 0.010519 0.010254 0.009986 0.009713 0.009436 0.009155 0.008870 0.008579 0.008283 0.007982 0.007676 0.007363 0.007044 0.006719 0.006387 0.006048 0.005701
0.017333 0.018176 0.018127 0.017894 0.017634 0.017377 0.017127 0.016882 0.016641 0.016404 0.016168 0.015934 0.015703 0.015472 0.015243 0.015014 0.014786 0.014558 0.014331 0.014103 0.013875 0.013646 0.013416 0.013186 0.012954 0.012721 0.012487 0.012251 0.012012 0.011772 0.011530 0.011285 0.011038 0.010788 0.010535 0.010279 0.010020 0.009757 0.009491 0.009221 0.008947 0.008668 0.008385 0.008098 0.007805 0.007507 0.007204 0.006894 0.006579 0.006258
0.020146 0.018712 0.018184 0.017875 0.017621 0.017380 0.017143 0.016909 0.016676 0.016446 0.016217 0.015990 0.015764 0.015540 0.015317 0.015094 0.014872 0.014651 0.014429 0.014208 0.013986 0.013764 0.013542 0.013318 0.013094 0.012868 0.012642 0.012414 0.012185 0.011954 0.011721 0.011487 0.011250 0.011011 0.010770 0.010526 0.010280 0.010030 0.009778 0.009523 0.009264 0.009002 0.008735 0.008465 0.008191 0.007913 0.007629 0.007341 0.007048 0.006750
0.017313 0.017777 0.017789 0.017656 0.017468 0.017260 0.017043 0.016824 0.016605 0.016387 0.016169 0.015954 0.015739 0.015524 0.015311 0.015097 0.014884 0.014671 0.014458 0.014245 0.014032 0.013818 0.013603 0.013388 0.013172 0.012955 0.012737 0.012518 0.012298 0.012077 0.011854 0.011630 0.011404 0.011176 0.010946 0.010715 0.010481 0.010244 0.010006 0.009764 0.009520 0.009273 0.009023 0.008769 0.008512 0.008252 0.007987 0.007718 0.007446 0.007168
0.017202 0.017646 0.017620 0.017458 0.017259 0.017052 0.016845 0.016640 0.016436 0.016233 0.016031 0.015830 0.015628 0.015427 0.015225 0.015023 0.014820 0.014618 0.014414 0.014210 0.014006 0.013801 0.013596 0.013389 0.013182 0.012975 0.012766 0.012557 0.012347 0.012135 0.011923 0.011709 0.011494 0.011277 0.011059 0.010839 0.010617 0.010394 0.010168 0.009940 0.009710 0.009477 0.009242 0.009004 0.008763 0.008520 0.008272 0.008022 0.007768 0.007510
0.019840 0.018232 0.017575 0.017218 0.016966 0.016756 0.016562 0.016375 0.016191 0.016006 0.015822 0.015635 0.015448 0.015259 0.015070 0.014879 0.014687 0.014494 0.014300 0.014106 0.013911 0.013716 0.013519 0.013323 0.013125 0.012927 0.012728 0.012529 0.012328 0.012127 0.011925 0.011722 0.011518 0.011312 0.011106 0.010898 0.010688 0.010477 0.010264 0.010050 0.009833 0.009614 0.009393 0.009170 0.008945 0.008717 0.008486 0.008252 0.008015 0.007775
0.016490 0.016886 0.016823 0.016683 0.016533 0.016381 0.016226 0.016067 0.015905 0.015738 0.015568 0.015394 0.015218 0.015039 0.014859 0.014677 0.014494 0.014310 0.014125 0.013940 0.013754 0.013567 0.013380 0.013192 0.013005 0.012816 0.012627 0.012438 0.012248 0.012057 0.011865 0.011673 0.011480 0.011286 0.011091 0.010895 0.010697 0.010498 0.010298 0.010096 0.009892 0.009687 0.009480 0.009271 0.009060 0.008846 0.008631 0.008412 0.008191 0.007968
0.015981 0.016066 0.016179 0.016194 0.016137 0.016037 0.015912 0.015771 0.015619 0.015460 0.015295 0.015126 0.014954 0.014781 0.014606 0.014429 0.014253 0.014075 0.013898 0.013720 0.013542 0.013364 0.013186 0.013008 0.012829 0.012651 0.012472 0.012292 0.012113 0.011932 0.011752 0.011570 0.011388 0.011206 0.011022 0.010837 0.010651 0.010465 0.010276 0.010087 0.009896 0.009704 0.009510 0.009314 0.009116 0.008917 0.008715 0.008511 0.008305 0.008096
0.015614 0.016050 0.016108 0.016053 0.015950 0.015821 0.015675 0.015517 0.015353 0.015183 0.015011 0.014837 0.014663 0.014490 0.014316 0.014143 0.013970 0.013799 0.013628 0.013457 0.013287 0.013118 0.012949 0.012780 0.012611 0.012442 0.012273 0.012104 0.011935 0.011766 0.011596 0.011426 0.011255 0.011083 0.010910 0.010737 0.010563 0.010388 0.010211 0.010034 0.009855 0.009674 0.009493 0.009309 0.009124 0.008937 0.008749 0.008558 0.008365 0.008170
0.017768 0.016869 0.016415 0.016122 0.015887 0.015674 0.015469 0.015270 0.015076 0.014885 0.014699 0.014517 0.014338 0.014163 0.013991 0.013821 0.013654 0.013489 0.013325 0.013163 0.013002 0.012842 0.012682 0.012523 0.012365 0.012206 0.012048 0.011890 0.011731 0.011572 0.011413 0.011253 0.011093 0.010932 0.010771 0.010608 0.010445 0.010281 0.010115 0.009949 0.009781 0.009612 0.009441 0.009269 0.009096 0.008921 0.008744 0.008565 0.008384 0.008202
0.017147 0.016630 0.016292 0.015985 0.015696 0.015426 0.015176 0.014944 0.014727 0.014523 0.014330 0.014146 0.013970 0.013799 0.013634 0.013472 0.013314 0.013158 0.013005 0.012853 0.012703 0.012553 0.012404 0.012256 0.012108 0.011961 0.011813 0.011665 0.011517 0.011369 0.011220 0.011071 0.010921 0.010770 0.010619 0.010467 0.010313 0.010159 0.010004 0.009847 0.009690 0.009531 0.009370 0.009208 0.009045 0.008880 0.008713 0.008545 0.008375 0.008203
0.015064 0.015897 0.015818 0.015536 0.015232 0.014950 0.014697 0.014469 0.014261 0.014071 0.013893 0.013725 0.013564 0.013410 0.013260 0.013114 0.012970 0.012828 0.012688 0.012550 0.012412 0.012274 0.012137 0.012000 0.011864 0.011727 0.011589 0.011452 0.011314 0.011175 0.011036 0.010896 0.010755 0.010614 0.010472 0.010328 0.010184 0.010038 0.009892 0.009744 0.009595 0.009444 0.009293 0.009139 0.008985 0.008828 0.008670 0.008511 0.008349 0.008186
0.018072 0.016022 0.015195 0.014751 0.014453 0.014223 0.014031 0.013861 0.013707 0.013562 0.013423 0.013290 0.013160 0.013032 0.012905 0.012780 0.012655 0.012530 0.012405 0.012281 0.012156 0.012031 0.011905 0.011779 0.011653 0.011525 0.011398 0.011269 0.011140 0.011009 0.010878 0.010746 0.010613 0.010479 0.010344 0.010208 0.010071 0.009933 0.009793 0.009652 0.009510 0.009367 0.009222 0.009075 0.008927 0.008778 0.008626 0.008473 0.008319 0.008162
0.013232 0.013601 0.013577 0.013511 0.013449 0.013389 0.013326 0.013256 0.013180 0.013098 0.013011 0.012919 0.012823 0.012724 0.012621 0.012517 0.012410 0.012301 0.012190 0.012078 0.011964 0.011849 0.011733 0.011616 0.011497 0.011378 0.011257 0.011135 0.011012 0.010888 0.010763 0.010637 0.010509 0.010381 0.010251 0.010120 0.009988 0.009855 0.009720 0.009584 0.009447 0.009308 0.009168 0.009026 0.008883 0.008738 0.008591 0.008443 0.008293 0.008141
0.011056 0.011727 0.012211 0.012518 0.012703 0.012807 0.012856 0.012868 0.012853 0.012817 0.012766 0.012702 0.012629 0.012549 0.012462 0.012371 0.012275 0.012176 0.012073 0.011968 0.011861 0.011752 0.011641 0.011529 0.011415 0.011299 0.011182 0.011064 0.010945 0.010824 0.010702 0.010579 0.010455 0.010329 0.010202 0.010074 0.009944 0.009814 0.009681 0.009548 0.009413 0.009277 0.009139 0.008999 0.008858 0.008716 0.008572 0.008426 0.008278 0.008129
