0.000001 0.231085 0.136018 0.108351
0.000001 0.232020 0.136545 0.108627
0.000001 0.233877 0.137592 0.109175
0.000001 0.236626 0.139142 0.109987
0.000001 0.240222 0.141171 0.111053
0.000001 0.244611 0.143648 0.112357
0.000001 0.249726 0.146537 0.113881
0.000001 0.255492 0.149797 0.115603
0.000001 0.261828 0.153383 0.117500
0.000001 0.268650 0.157251 0.119545
0.000001 0.275873 0.161354 0.121711
0.000001 0.283414 0.165647 0.123967
0.000001 0.291193 0.170087 0.126285
0.000001 0.299130 0.174630 0.128635
0.000001 0.307144 0.179233 0.130988
0.000001 0.315150 0.183848 0.133317
0.000001 0.323051 0.188421 0.135593
0.000001 0.330733 0.192887 0.137789
0.000001 0.338064 0.197169 0.139880
0.000001 0.344889 0.201178 0.141838
0.000001 0.351037 0.204811 0.143640
0.000001 0.356323 0.207959 0.145262
0.000001 0.360562 0.210514 0.146686
0.000001 0.363583 0.212373 0.147895
0.000001 0.365245 0.213454 0.148880
0.000001 0.365446 0.213698 0.149640
0.000001 0.364136 0.213080 0.150180
0.000001 0.361321 0.211608 0.150516
0.000001 0.357066 0.209328 0.150668
0.000001 0.351483 0.206314 0.150666
0.000001 0.344726 0.202667 0.150542
0.000001 0.336978 0.198507 0.150332
0.000001 0.328434 0.193959 0.150072
0.002268 0.319295 0.189153 0.149795
0.009670 0.309745 0.184210 0.149532
0.017932 0.299954 0.179240 0.149308
0.026344 0.290064 0.174339 0.149147
0.034764 0.280190 0.169584 0.149063
0.043131 0.270418 0.165033 0.149072
0.051412 0.260808 0.160731 0.149181
0.059591 0.251393 0.156705 0.149400
0.067666 0.242186 0.152972 0.149735
0.075645 0.233182 0.149537 0.150196
0.083544 0.224366 0.146401 0.150792
0.091382 0.215712 0.143560 0.151536
0.099180 0.207191 0.141008 0.152445
0.106958 0.198771 0.138740 0.153538
0.114735 0.190422 0.136749 0.154839
0.122526 0.182118 0.135031 0.156377
0.130343 0.173835 0.133581 0.158181
0.138194 0.165556 0.132397 0.160286
0.146083 0.157270 0.131474 0.162727
0.154011 0.148969 0.130807 0.165543
0.161975 0.140649 0.130386 0.168775
0.169971 0.132311 0.130198 0.172465
0.177989 0.123960 0.130222 0.176661
0.186017 0.115600 0.130430 0.181408
0.194039 0.107240 0.130784 0.186757
0.202039 0.098892 0.131239 0.192761
0.209992 0.090568 0.131735 0.199475
0.217875 0.082284 0.132204 0.206954
0.225662 0.074063 0.132566 0.215258
0.233327 0.065928 0.132730 0.224448
0.240848 0.057913 0.132599 0.234586
0.248210 0.050056 0.132067 0.245736
0.255408 0.042407 0.131025 0.257964
0.262452 0.035027 0.129364 0.271336
0.269372 0.027987 0.126977 0.285917
0.276221 0.021374 0.123764 0.301773
0.283072 0.015288 0.119638 0.318961
0.290022 0.009842 0.114522 0.337530
0.297181 0.005160 0.108360 0.357509
0.304661 0.001429 0.101117 0.378899
0.312560 0.000001 0.092780 0.401650
0.320939 0.000001 0.083368 0.425647
0.329793 0.000001 0.072937 0.450676
0.339024 0.000001 0.061586 0.476402
0.348415 0.000054 0.049474 0.502340
0.357605 0.003570 0.036838 0.527838
0.366094 0.008507 0.024045 0.552079
0.373257 0.014584 0.011804 0.574104
0.378396 0.021595 0.001990 0.592866
0.380810 0.029287 0.000001 0.607303
0.379889 0.037370 0.000001 0.616447
0.375197 0.045520 0.000001 0.619520
0.366543 0.053396 0.000001 0.616046
0.354032 0.060656 0.000001 0.605936
0.338078 0.066990 0.000001 0.589546
0.319372 0.072154 0.000001 0.567677
0.298806 0.076003 0.000001 0.541516
0.277366 0.078511 0.000001 0.512515
0.256026 0.079770 0.000001 0.482231
0.235644 0.079972 0.000001 0.452164
0.216915 0.079376 0.000001 0.423632
0.200345 0.078261 0.000001 0.397701
0.186272 0.076901 0.003595 0.375178
0.174895 0.075532 0.007591 0.356637
0.166322 0.074346 0.010856 0.342461
0.160596 0.073481 0.013096 0.332895
0.157731 0.073026 0.014227 0.328080
