0.024840 0.131960 0.003304 0.054376
0.024513 0.132297 0.003229 0.054793
0.023871 0.132960 0.003084 0.055621
0.022940 0.133933 0.002876 0.056852
0.021755 0.135192 0.002614 0.058472
0.020357 0.136710 0.002311 0.060467
0.018792 0.138461 0.001978 0.062821
0.017104 0.140419 0.001629 0.065517
0.015334 0.142568 0.001275 0.068542
0.013518 0.144897 0.000925 0.071885
0.011683 0.147405 0.000589 0.075539
0.009852 0.150099 0.000280 0.079500
0.008039 0.152998 0.000042 0.083766
0.006259 0.156124 0.000001 0.088339
0.004533 0.159507 0.000001 0.093217
0.002906 0.163176 0.000001 0.098397
0.001468 0.167158 0.000001 0.103871
0.000397 0.171471 0.000001 0.109621
0.000001 0.176123 0.000001 0.115616
0.000001 0.181103 0.000001 0.121814
0.000001 0.186379 0.000001 0.128156
0.000001 0.191896 0.000001 0.134565
0.000001 0.197571 0.000001 0.140948
0.000001 0.203294 0.000001 0.147195
0.000001 0.208929 0.000001 0.153180
0.000001 0.214318 0.000001 0.158766
0.000001 0.219287 0.000001 0.163806
0.000001 0.223654 0.000001 0.168149
0.000001 0.227236 0.000001 0.171650
0.000001 0.229865 0.000001 0.174170
0.000001 0.231399 0.000001 0.175592
0.000001 0.231730 0.000001 0.175825
0.000001 0.230800 0.000001 0.174814
0.000001 0.228603 0.000001 0.172543
0.000001 0.225189 0.000001 0.169041
0.000001 0.220662 0.000001 0.164381
0.000001 0.215172 0.000001 0.158674
0.000001 0.208901 0.000001 0.152066
0.000001 0.202047 0.000001 0.144727
0.000001 0.194810 0.000172 0.136843
0.000001 0.187378 0.000795 0.128602
0.000001 0.179910 0.001748 0.120193
0.000326 0.172538 0.002933 0.111788
0.001496 0.165355 0.004277 0.103545
0.003211 0.158428 0.005722 0.095599
0.005230 0.151794 0.007223 0.088060
0.007373 0.145473 0.008736 0.081012
0.009518 0.139473 0.010224 0.074516
0.011582 0.133797 0.011649 0.068608
0.013515 0.128446 0.012981 0.063301
0.015286 0.123425 0.014192 0.058592
0.016881 0.118741 0.015263 0.054460
0.018295 0.114401 0.016182 0.050871
0.019529 0.110415 0.016944 0.047786
0.020591 0.106787 0.017551 0.045158
0.021493 0.103520 0.018010 0.042936
0.022246 0.100611 0.018336 0.041073
0.022865 0.098050 0.018542 0.039520
0.023367 0.095824 0.018647 0.038234
0.023765 0.093912 0.018668 0.037175
0.024075 0.092292 0.018623 0.036308
0.024309 0.090938 0.018528 0.035602
0.024482 0.089825 0.018396 0.035031
0.024603 0.088925 0.018240 0.034572
0.024683 0.088212 0.018071 0.034208
0.024731 0.087661 0.017894 0.033921
0.024752 0.087247 0.017717 0.033697
0.024753 0.086948 0.017543 0.033525
0.024740 0.086741 0.017374 0.033391
0.024716 0.086604 0.017212 0.033287
0.024684 0.086518 0.017057 0.033203
0.024648 0.086464 0.016907 0.033130
0.024608 0.086424 0.016762 0.033060
0.024566 0.086383 0.016621 0.032987
0.024525 0.086329 0.016481 0.032904
0.024483 0.086249 0.016341 0.032807
0.024443 0.086136 0.016199 0.032692
0.024403 0.085983 0.016054 0.032555
0.024366 0.085787 0.015904 0.032395
0.024330 0.085544 0.015749 0.032209
0.024296 0.085253 0.015587 0.031999
0.024264 0.084914 0.015417 0.031762
0.024233 0.084525 0.015239 0.031499
0.024203 0.084084 0.015054 0.031212
0.024174 0.083590 0.014862 0.030902
0.024146 0.083041 0.014663 0.030569
0.024118 0.082433 0.014460 0.030217
0.024090 0.081767 0.014254 0.029848
0.024062 0.081043 0.014047 0.029467
0.024035 0.080266 0.013841 0.029076
0.024008 0.079443 0.013640 0.028684
0.023982 0.078589 0.013447 0.028295
0.023957 0.077724 0.013263 0.027919
0.023934 0.076870 0.013093 0.027563
0.023914 0.076057 0.012940 0.027237
0.023896 0.075315 0.012806 0.026948
0.023881 0.074674 0.012695 0.026705
0.023870 0.074165 0.012610 0.026516
0.023862 0.073810 0.012551 0.026387
0.023858 0.073629 0.012522 0.026321
