0.036175 0.035051 0.033993 0.032882 0.031688 0.030394 0.028989 0.027456 0.025781 0.023946 0.021935 0.019730 0.017313 0.014667 0.011773 0.008613 0.005169 0.001424 0.000001 0.000001 0.000001 0.000001 0.000001 0.000001 0.000001 0.000001 0.000001 0.000001 0.000001 0.000001 0.000001 0.000001 0.000001 0.000001 0.000001 0.000001 0.000001 0.000001 0.000001 0.000001 0.000001 0.000001 0.000001 0.000001 0.000001 0.000001 0.000001 0.000001 0.000001 0.000001
0.034680 0.034402 0.033585 0.032569 0.031428 0.030174 0.028799 0.027292 0.025639 0.023823 0.021830 0.019641 0.017240 0.014608 0.011729 0.008583 0.005154 0.001423 0.000001 0.000001 0.000001 0.000001 0.000001 0.000001 0.000001 0.000001 0.000001 0.000001 0.000001 0.000001 0.000001 0.000001 0.000001 0.000001 0.000001 0.000001 0.000001 0.000001 0.000001 0.000001 0.000001 0.000001 0.000001 0.000001 0.000001 0.000001 0.000001 0.000001 0.000001 0.000001
0.036087 0.034500 0.033364 0.032283 0.031145 0.029912 0.028564 0.027083 0.025456 0.023666 0.021698 0.019534 0.017158 0.014552 0.011698 0.008579 0.005176 0.001471 0.000001 0.000001 0.000001 0.000001 0.000001 0.000001 0.000001 0.000001 0.000001 0.000001 0.000001 0.000001 0.000001 0.000001 0.000001 0.000001 0.000001 0.000001 0.000001 0.000001 0.000001 0.000001 0.000001 0.000001 0.000001 0.000001 0.000001 0.000001 0.000001 0.000001 0.000001 0.000001
0.035079 0.034293 0.033293 0.032212 0.031059 0.029817 0.028470 0.026998 0.025385 0.023615 0.021669 0.019531 0.017183 0.014606 0.011783 0.008696 0.005328 0.001659 0.000001 0.000001 0.000001 0.000001 0.000001 0.000001 0.000001 0.000001 0.000001 0.000001 0.000001 0.000001 0.000001 0.000001 0.000001 0.000001 0.000001 0.000001 0.000001 0.000001 0.000001 0.000001 0.000001 0.000001 0.000001 0.000001 0.000001 0.000001 0.000001 0.000001 0.000001 0.000001
0.035830 0.034733 0.033635 0.032500 0.031306 0.030036 0.028669 0.027190 0.025578 0.023816 0.021886 0.019768 0.017444 0.014897 0.012106 0.009055 0.005725 0.002098 0.000001 0.000001 0.000001 0.000001 0.000001 0.000001 0.000001 0.000001 0.000001 0.000001 0.000001 0.000001 0.000001 0.000001 0.000001 0.000001 0.000001 0.000001 0.000001 0.000001 0.000001 0.000001 0.000001 0.000001 0.000001 0.000001 0.000001 0.000001 0.000001 0.000001 0.000001 0.000001
0.036485 0.035430 0.034362 0.033211 0.031982 0.030675 0.029280 0.027781 0.026161 0.024398 0.022475 0.020371 0.018068 0.015546 0.012787 0.009771 0.006482 0.002900 0.000001 0.000001 0.000001 0.000001 0.000001 0.000001 0.000001 0.000001 0.000001 0.000001 0.000001 0.000001 0.000001 0.000001 0.000001 0.000001 0.000001 0.000001 0.000001 0.000001 0.000001 0.000001 0.000001 0.000001 0.000001 0.000001 0.000001 0.000001 0.000001 0.000001 0.000001 0.000001
0.037502 0.036996 0.035840 0.034549 0.033215 0.031837 0.030395 0.028865 0.027225 0.025453 0.023530 0.021434 0.019146 0.016647 0.013917 0.010938 0.007692 0.004159 0.000366 0.000001 0.000001 0.000001 0.000001 0.000001 0.000001 0.000001 0.000001 0.000001 0.000001 0.000001 0.000001 0.000001 0.000001 0.000001 0.000001 0.000001 0.000001 0.000001 0.000001 0.000001 0.000001 0.000001 0.000001 0.000001 0.000001 0.000001 0.000001 0.000001 0.000001 0.000001
0.044149 0.040302 0.038137 0.036492 0.035004 0.033541 0.032042 0.030473 0.028806 0.027019 0.025090 0.022999 0.020725 0.018249 0.015552 0.012613 0.009414 0.005938 0.002166 0.000001 0.000001 0.000001 0.000001 0.000001 0.000001 0.000001 0.000001 0.000001 0.000001 0.000001 0.000001 0.000001 0.000001 0.000001 0.000001 0.000001 0.000001 0.000001 0.000001 0.000001 0.000001 0.000001 0.000001 0.000001 0.000001 0.000001 0.000001 0.000001 0.000001 0.000001
0.041112 0.041063 0.039978 0.038625 0.037188 0.035703 0.034167 0.032563 0.030870 0.029069 0.027138 0.025056 0.022802 0.020356 0.017699 0.014810 0.011670 0.008262 0.004565 0.000722 0.000001 0.000001 0.000001 0.000001 0.000001 0.000001 0.000001 0.000001 0.000001 0.000001 0.000001 0.000001 0.000001 0.000001 0.000001 0.000001 0.000001 0.000001 0.000001 0.000001 0.000001 0.000001 0.000001 0.000001 0.000001 0.000001 0.000001 0.000001 0.000001 0.000001
0.044899 0.043973 0.042714 0.041284 0.039782 0.038241 0.036661 0.035028 0.033322 0.031522 0.029604 0.027548 0.025332 0.022934 0.020334 0.017514 0.014452 0.011130 0.007531 0.003645 0.000001 0.000001 0.000001 0.000001 0.000001 0.000001 0.000001 0.000001 0.000001 0.000001 0.000001 0.000001 0.000001 0.000001 0.000001 0.000001 0.000001 0.000001 0.000001 0.000001 0.000001 0.000001 0.000001 0.000001 0.000001 0.000001 0.000001 0.000001 0.000001 0.000001
0.051920 0.048463 0.046150 0.044278 0.042587 0.040967 0.039361 0.037731 0.036046 0.034281 0.032410 0.030410 0.028259 0.025937 0.023422 0.020696 0.017737 0.014529 0.011052 0.007289 0.003277 0.000001 0.000001 0.000001 0.000001 0.000001 0.000001 0.000001 0.000001 0.000001 0.000001 0.000001 0.000001 0.000001 0.000001 0.000001 0.000001 0.000001 0.000001 0.000001 0.000001 0.000001 0.000001 0.000001 0.000001 0.000001 0.000001 0.000001 0.000001 0.000001
0.051686 0.050307 0.048542 0.046833 0.045222 0.043670 0.042134 0.040578 0.038972 0.037289 0.035506 0.033600 0.031551 0.029337 0.026938 0.024336 0.021511 0.018445 0.015120 0.011518 0.007627 0.003540 0.000012 0.000001 0.000001 0.000001 0.000001 0.000001 0.000001 0.000001 0.000001 0.000001 0.000001 0.000001 0.000001 0.000001 0.000001 0.000001 0.000001 0.000001 0.000001 0.000001 0.000001 0.000001 0.000001 0.000001 0.000001 0.000001 0.000001 0.000001
0.054312 0.052120 0.050555 0.049144 0.047775 0.046411 0.045029 0.043609 0.042129 0.040569 0.038910 0.037131 0.035213 0.033137 0.030884 0.028436 0.025773 0.022879 0.019736 0.016325 0.012632 0.008652 0.004501 0.000852 0.000001 0.000001 0.000001 0.000001 0.000001 0.000001 0.000001 0.000001 0.000001 0.000001 0.000001 0.000001 0.000001 0.000001 0.000001 0.000001 0.000001 0.000001 0.000001 0.000001 0.000001 0.000001 0.000001 0.000001 0.000001 0.000001
0.054225 0.053839 0.052917 0.051832 0.050680 0.049488 0.048256 0.046975 0.045631 0.044208 0.042689 0.041055 0.039290 0.037374 0.035290 0.033019 0.030545 0.027848 0.024913 0.021722 0.018259 0.014509 0.010474 0.006262 0.002350 0.000001 0.000001 0.000001 0.000001 0.000001 0.000001 0.000001 0.000001 0.000001 0.000001 0.000001 0.000001 0.000001 0.000001 0.000001 0.000001 0.000001 0.000001 0.000001 0.000001 0.000001 0.000001 0.000001 0.000001 0.000001
0.059098 0.057804 0.056602 0.055435 0.054289 0.053149 0.051998 0.050818 0.049591 0.048297 0.046919 0.045438 0.043835 0.042094 0.040195 0.038120 0.035853 0.033375 0.030671 0.027723 0.024514 0.021030 0.017256 0.013197 0.008928 0.004705 0.001193 0.000001 0.000001 0.000001 0.000001 0.000001 0.000001 0.000001 0.000001 0.000001 0.000001 0.000001 0.000001 0.000001 0.000001 0.000001 0.000001 0.000001 0.000001 0.000001 0.000001 0.000001 0.000001 0.000001
0.064941 0.062782 0.061126 0.059752 0.058529 0.057386 0.056280 0.055177 0.054053 0.052884 0.051647 0.050322 0.048890 0.047332 0.045630 0.043765 0.041720 0.039478 0.037021 0.034334 0.031400 0.028204 0.024729 0.020963 0.016909 0.012609 0.008230 0.004123 0.000775 0.000001 0.000001 0.000001 0.000001 0.000001 0.000001 0.000001 0.000001 0.000001 0.000001 0.000001 0.000001 0.000001 0.000001 0.000001 0.000001 0.000001 0.000001 0.000001 0.000001 0.000001
0.068819 0.067063 0.065609 0.064306 0.063125 0.062037 0.061007 0.060003 0.058997 0.057963 0.056878 0.055719 0.054467 0.053103 0.051607 0.049962 0.048150 0.046155 0.043959 0.041546 0.038900 0.036006 0.032848 0.029411 0.025683 0.021663 0.017374 0.012898 0.008432 0.004341 0.000991 0.000001 0.000001 0.000001 0.000001 0.000001 0.000001 0.000001 0.000001 0.000001 0.000001 0.000001 0.000001 0.000001 0.000001 0.000001 0.000001 0.000001 0.000001 0.000001
0.072218 0.071468 0.070212 0.069019 0.067956 0.066996 0.066103 0.065243 0.064388 0.063514 0.062598 0.061618 0.060556 0.059392 0.058110 0.056691 0.055119 0.053376 0.051447 0.049316 0.046967 0.044383 0.041552 0.038456 0.035083 0.031420 0.027461 0.023216 0.018730 0.014095 0.009509 0.005265 0.001785 0.000001 0.000001 0.000001 0.000001 0.000001 0.000001 0.000001 0.000001 0.000001 0.000001 0.000001 0.000001 0.000001 0.000001 0.000001 0.000001 0.000001
0.079832 0.076548 0.074957 0.073892 0.073035 0.072280 0.071578 0.070899 0.070221 0.069522 0.068784 0.067989 0.067120 0.066159 0.065091 0.063898 0.062565 0.061075 0.059414 0.057565 0.055514 0.053244 0.050742 0.047992 0.044981 0.041694 0.038119 0.034247 0.030080 0.025636 0.020966 0.016158 0.011400 0.006869 0.003119 0.000001 0.000001 0.000001 0.000001 0.000001 0.000001 0.000001 0.000001 0.000001 0.000001 0.000001 0.000001 0.000001 0.000001 0.000001
0.078812 0.079768 0.079563 0.079084 0.078556 0.078033 0.077522 0.077017 0.076504 0.075970 0.075401 0.074780 0.074093 0.073326 0.072462 0.071487 0.070385 0.069142 0.067742 0.066171 0.064413 0.062453 0.060278 0.057872 0.055221 0.052312 0.049130 0.045663 0.041901 0.037839 0.033483 0.028853 0.024001 0.019001 0.014017 0.009174 0.004966 0.001432 0.000001 0.000001 0.000001 0.000001 0.000001 0.000001 0.000001 0.000001 0.000001 0.000001 0.000001 0.000001
0.086820 0.086269 0.085792 0.085315 0.084853 0.084415 0.084000 0.083600 0.083203 0.082794 0.082360 0.081887 0.081360 0.080766 0.080089 0.079315 0.078430 0.077420 0.076270 0.074965 0.073490 0.071832 0.069975 0.067906 0.065610 0.063072 0.060281 0.057220 0.053879 0.050245 0.046311 0.042074 0.037540 0.032731 0.027690 0.022486 0.017233 0.012108 0.007303 0.003337 0.000001 0.000001 0.000001 0.000001 0.000001 0.000001 0.000001 0.000001 0.000001 0.000001
0.096337 0.094456 0.093286 0.092450 0.091810 0.091299 0.090872 0.090499 0.090158 0.089828 0.089492 0.089134 0.088740 0.088294 0.087782 0.087191 0.086505 0.085711 0.084795 0.083742 0.082538 0.081168 0.079618 0.077874 0.075921 0.073746 0.071335 0.068673 0.065746 0.062544 0.059052 0.055260 0.051163 0.046757 0.042050 0.037059 0.031819 0.026394 0.020858 0.015392 0.010095 0.005489 0.001615 0.000001 0.000001 0.000001 0.000001 0.000001 0.000001 0.000001
0.103851 0.102101 0.100656 0.099597 0.098817 0.098226 0.097765 0.097393 0.097080 0.096803 0.096540 0.096276 0.095993 0.095676 0.095312 0.094885 0.094382 0.093788 0.093090 0.092274 0.091324 0.090228 0.088970 0.087537 0.085914 0.084086 0.082040 0.079762 0.077237 0.074452 0.071394 0.068051 0.064409 0.060461 0.056199 0.051620 0.046731 0.041545 0.036091 0.030418 0.024600 0.018749 0.013053 0.007711 0.003298 0.000001 0.000001 0.000001 0.000001 0.000001
0.109840 0.107982 0.106849 0.105966 0.105255 0.104690 0.104247 0.103900 0.103627 0.103405 0.103214 0.103037 0.102858 0.102661 0.102433 0.102159 0.101825 0.101418 0.100924 0.100329 0.099619 0.098779 0.097797 0.096656 0.095344 0.093845 0.092145 0.090231 0.088087 0.085699 0.083055 0.080140 0.076940 0.073445 0.069641 0.065521 0.061076 0.056305 0.051209 0.045800 0.040101 0.034149 0.028012 0.021769 0.015611 0.009666 0.004594 0.000293 0.000001 0.000001
0.112138 0.112740 0.112213 0.111517 0.110891 0.110386 0.109999 0.109711 0.109503 0.109355 0.109249 0.109167 0.109096 0.109019 0.108924 0.108796 0.108623 0.108391 0.108087 0.107697 0.107209 0.106608 0.105880 0.105011 0.103987 0.102792 0.101414 0.099836 0.098045 0.096027 0.093766 0.091248 0.088461 0.085389 0.082021 0.078343 0.074345 0.070016 0.065350 0.060342 0.054994 0.049314 0.043318 0.037038 0.030528 0.023867 0.017204 0.010735 0.005007 0.000249
0.122002 0.118914 0.117293 0.116295 0.115623 0.115159 0.114843 0.114639 0.114522 0.114470 0.114465 0.114492 0.114535 0.114581 0.114617 0.114631 0.114609 0.114540 0.114412 0.114211 0.113924 0.113538 0.113040 0.112415 0.111650 0.110729 0.109639 0.108364 0.106890 0.105202 0.103284 0.101123 0.098704 0.096013 0.093035 0.089757 0.086167 0.082251 0.077998 0.073399 0.068446 0.063134 0.057463 0.051437 0.045070 0.038388 0.031434 0.024291 0.017087 0.010067
0.123696 0.121744 0.120577 0.119801 0.119274 0.118928 0.118723 0.118629 0.118621 0.118681 0.118789 0.118930 0.119091 0.119258 0.119420 0.119565 0.119682 0.119760 0.119786 0.119749 0.119638 0.119438 0.119138 0.118723 0.118180 0.117493 0.116650 0.115633 0.114429 0.113023 0.111398 0.109540 0.107435 0.105066 0.102420 0.099482 0.096238 0.092675 0.088781 0.084542 0.079947 0.074988 0.069655 0.063943 0.057850 0.051380 0.044541 0.037357 0.029868 0.022156
0.121502 0.122789 0.122688 0.122326 0.122009 0.121806 0.121723 0.121744 0.121849 0.122018 0.122235 0.122485 0.122754 0.123031 0.123303 0.123561 0.123794 0.123992 0.124144 0.124241 0.124269 0.124218 0.124075 0.123827 0.123459 0.122958 0.122308 0.121496 0.120505 0.119320 0.117925 0.116305 0.114444 0.112328 0.109941 0.107268 0.104295 0.101008 0.097393 0.093437 0.089127 0.084453 0.079401 0.073964 0.068132 0.061899 0.055263 0.048225 0.040793 0.032988
0.128871 0.126236 0.125090 0.124475 0.124141 0.123999 0.124001 0.124114 0.124311 0.124572 0.124877 0.125212 0.125564 0.125922 0.126275 0.126614 0.126929 0.127212 0.127452 0.127640 0.127765 0.127815 0.127779 0.127644 0.127396 0.127021 0.126504 0.125830 0.124984 0.123949 0.122710 0.121251 0.119556 0.117610 0.115396 0.112901 0.110110 0.107007 0.103579 0.099812 0.095693 0.091210 0.086350 0.081103 0.075457 0.069402 0.062932 0.056039 0.048720 0.040976
0.128544 0.127519 0.126568 0.125989 0.125702 0.125623 0.125691 0.125866 0.126121 0.126434 0.126787 0.127166 0.127559 0.127956 0.128347 0.128724 0.129077 0.129398 0.129678 0.129908 0.130077 0.130174 0.130187 0.130105 0.129912 0.129596 0.129141 0.128531 0.127752 0.126787 0.125620 0.124235 0.122617 0.120749 0.118615 0.116201 0.113491 0.110471 0.107127 0.103445 0.099412 0.095015 0.090241 0.085078 0.079516 0.073544 0.067152 0.060331 0.053073 0.045374
0.129473 0.127863 0.127246 0.126936 0.126798 0.126793 0.126895 0.127083 0.127339 0.127646 0.127990 0.128357 0.128738 0.129121 0.129498 0.129860 0.130199 0.130506 0.130772 0.130988 0.131144 0.131227 0.131228 0.131131 0.130925 0.130595 0.130125 0.129500 0.128705 0.127724 0.126540 0.125137 0.123500 0.121612 0.119457 0.117022 0.114289 0.111246 0.107878 0.104171 0.100112 0.095689 0.090888 0.085699 0.080111 0.074112 0.067693 0.060846 0.053564 0.045840
0.126335 0.127773 0.127913 0.127785 0.127659 0.127606 0.127639 0.127750 0.127926 0.128156 0.128423 0.128717 0.129026 0.129340 0.129648 0.129943 0.130215 0.130454 0.130651 0.130797 0.130880 0.130889 0.130812 0.130635 0.130344 0.129925 0.129363 0.128643 0.127748 0.126663 0.125371 0.123857 0.122105 0.120099 0.117823 0.115262 0.112403 0.109230 0.105729 0.101888 0.097694 0.093133 0.088196 0.082870 0.077146 0.071014 0.064468 0.057500 0.050109 0.042293
0.132508 0.130512 0.129419 0.128710 0.128233 0.127926 0.127753 0.127688 0.127707 0.127791 0.127924 0.128091 0.128278 0.128473 0.128666 0.128846 0.129002 0.129124 0.129202 0.129225 0.129181 0.129057 0.128840 0.128518 0.128075 0.127497 0.126768 0.125875 0.124799 0.123527 0.122041 0.120327 0.118368 0.116149 0.113656 0.110873 0.107787 0.104383 0.100649 0.096571 0.092138 0.087338 0.082162 0.076600 0.070646 0.064293 0.057540 0.050388 0.042845 0.034927
0.134788 0.131803 0.129972 0.128743 0.127881 0.127271 0.126847 0.126563 0.126388 0.126294 0.126261 0.126268 0.126302 0.126346 0.126389 0.126418 0.126421 0.126387 0.126303 0.126157 0.125936 0.125628 0.125218 0.124692 0.124036 0.123235 0.122274 0.121137 0.119808 0.118273 0.116516 0.114521 0.112274 0.109759 0.106963 0.103870 0.100468 0.096744 0.092686 0.088281 0.083522 0.078398 0.072903 0.067033 0.060787 0.054169 0.047188 0.039864 0.032234 0.024364
0.130343 0.129544 0.128185 0.126929 0.125904 0.125102 0.124486 0.124019 0.123669 0.123405 0.123205 0.123049 0.122919 0.122798 0.122673 0.122529 0.122353 0.122132 0.121853 0.121503 0.121067 0.120531 0.119883 0.119106 0.118186 0.117108 0.115858 0.114419 0.112777 0.110916 0.108822 0.106480 0.103875 0.100994 0.097822 0.094347 0.090557 0.086440 0.081987 0.077189 0.072042 0.066542 0.060691 0.054494 0.047966 0.041131 0.034027 0.026727 0.019333 0.012083
0.129048 0.126311 0.124524 0.123147 0.122042 0.121150 0.120430 0.119844 0.119364 0.118964 0.118620 0.118312 0.118023 0.117736 0.117435 0.117108 0.116737 0.116311 0.115814 0.115233 0.114552 0.113758 0.112836 0.111771 0.110548 0.109152 0.107569 0.105783 0.103779 0.101544 0.099063 0.096321 0.093306 0.090003 0.086402 0.082491 0.078261 0.073705 0.068819 0.063601 0.058055 0.052192 0.046031 0.039600 0.032950 0.026156 0.019329 0.012684 0.006552 0.001503
0.122005 0.120354 0.118774 0.117458 0.116371 0.115466 0.114703 0.114050 0.113481 0.112973 0.112506 0.112062 0.111623 0.111174 0.110699 0.110183 0.109610 0.108966 0.108237 0.107407 0.106462 0.105387 0.104167 0.102788 0.101234 0.099491 0.097544 0.095379 0.092982 0.090337 0.087433 0.084256 0.080794 0.077036 0.072974 0.068601 0.063915 0.058918 0.053616 0.048025 0.042170 0.036089 0.029848 0.023513 0.017260 0.011205 0.005852 0.001375 0.000001 0.000001
0.115168 0.112985 0.111483 0.110270 0.109238 0.108340 0.107549 0.106841 0.106195 0.105592 0.105013 0.104441 0.103860 0.103252 0.102602 0.101895 0.101116 0.100248 0.099278 0.098190 0.096969 0.095600 0.094068 0.092359 0.090458 0.088350 0.086021 0.083458 0.080646 0.077573 0.074226 0.070595 0.066672 0.062451 0.057932 0.053119 0.048024 0.042670 0.037086 0.031332 0.025468 0.019613 0.013925 0.008546 0.004071 0.000164 0.000001 0.000001 0.000001 0.000001
0.105032 0.104330 0.103239 0.102126 0.101091 0.100154 0.099305 0.098525 0.097795 0.097094 0.096404 0.095706 0.094983 0.094218 0.093395 0.092497 0.091510 0.090416 0.089202 0.087851 0.086349 0.084681 0.082831 0.080786 0.078531 0.076051 0.073334 0.070365 0.067132 0.063624 0.059833 0.055755 0.051391 0.046748 0.041846 0.036711 0.031394 0.025956 0.020482 0.015142 0.009981 0.005572 0.001796 0.000001 0.000001 0.000001 0.000001 0.000001 0.000001 0.000001
0.098297 0.096458 0.094848 0.093470 0.092282 0.091239 0.090302 0.089437 0.088618 0.087819 0.087019 0.086198 0.085336 0.084417 0.083422 0.082336 0.081142 0.079824 0.078367 0.076755 0.074973 0.073006 0.070840 0.068460 0.065853 0.063003 0.059898 0.056527 0.052880 0.048952 0.044748 0.040279 0.035568 0.030657 0.025609 0.020491 0.015471 0.010595 0.006294 0.002665 0.000001 0.000001 0.000001 0.000001 0.000001 0.000001 0.000001 0.000001 0.000001 0.000001
0.091192 0.087874 0.085776 0.084219 0.082948 0.081850 0.080859 0.079933 0.079041 0.078156 0.077255 0.076317 0.075323 0.074255 0.073094 0.071824 0.070429 0.068892 0.067197 0.065330 0.063274 0.061016 0.058540 0.055833 0.052881 0.049670 0.046189 0.042434 0.038406 0.034121 0.029610 0.024932 0.020149 0.015414 0.010806 0.006621 0.003127 0.000001 0.000001 0.000001 0.000001 0.000001 0.000001 0.000001 0.000001 0.000001 0.000001 0.000001 0.000001 0.000001
0.077512 0.076863 0.075703 0.074517 0.073403 0.072366 0.071385 0.070436 0.069495 0.068541 0.067552 0.066507 0.065389 0.064179 0.062859 0.061413 0.059823 0.058075 0.056151 0.054037 0.051718 0.049179 0.046405 0.043383 0.040099 0.036544 0.032717 0.028633 0.024333 0.019880 0.015395 0.011010 0.006901 0.003488 0.000469 0.000001 0.000001 0.000001 0.000001 0.000001 0.000001 0.000001 0.000001 0.000001 0.000001 0.000001 0.000001 0.000001 0.000001 0.000001
0.068929 0.067529 0.066421 0.065372 0.064356 0.063368 0.062400 0.061434 0.060451 0.059434 0.058362 0.057217 0.055981 0.054635 0.053163 0.051548 0.049773 0.047822 0.045680 0.043331 0.040760 0.037954 0.034897 0.031576 0.027982 0.024122 0.020037 0.015803 0.011588 0.007499 0.004040 0.001062 0.000001 0.000001 0.000001 0.000001 0.000001 0.000001 0.000001 0.000001 0.000001 0.000001 0.000001 0.000001 0.000001 0.000001 0.000001 0.000001 0.000001 0.000001
0.060810 0.059782 0.058593 0.057466 0.056407 0.055391 0.054391 0.053384 0.052347 0.051259 0.050102 0.048855 0.047502 0.046024 0.044405 0.042627 0.040675 0.038532 0.036182 0.033612 0.030805 0.027747 0.024424 0.020826 0.016972 0.012939 0.008913 0.005154 0.002057 0.000001 0.000001 0.000001 0.000001 0.000001 0.000001 0.000001 0.000001 0.000001 0.000001 0.000001 0.000001 0.000001 0.000001 0.000001 0.000001 0.000001 0.000001 0.000001 0.000001 0.000001
0.056176 0.053827 0.052243 0.050962 0.049820 0.048742 0.047684 0.046613 0.045504 0.044335 0.043084 0.041732 0.040261 0.038653 0.036891 0.034957 0.032836 0.030512 0.027969 0.025191 0.022164 0.018873 0.015306 0.011484 0.007567 0.003926 0.000946 0.000001 0.000001 0.000001 0.000001 0.000001 0.000001 0.000001 0.000001 0.000001 0.000001 0.000001 0.000001 0.000001 0.000001 0.000001 0.000001 0.000001 0.000001 0.000001 0.000001 0.000001 0.000001 0.000001
0.049291 0.048198 0.046982 0.045798 0.044656 0.043538 0.042420 0.041278 0.040088 0.038828 0.037479 0.036020 0.034432 0.032698 0.030799 0.028719 0.026441 0.023949 0.021228 0.018261 0.015034 0.011532 0.007764 0.003971 0.000833 0.000001 0.000001 0.000001 0.000001 0.000001 0.000001 0.000001 0.000001 0.000001 0.000001 0.000001 0.000001 0.000001 0.000001 0.000001 0.000001 0.000001 0.000001 0.000001 0.000001 0.000001 0.000001 0.000001 0.000001 0.000001
0.045411 0.044419 0.043293 0.042119 0.040942 0.039768 0.038582 0.037364 0.036091 0.034743 0.033298 0.031737 0.030040 0.028189 0.026166 0.023953 0.021535 0.018894 0.016014 0.012880 0.009477 0.005792 0.002084 0.000001 0.000001 0.000001 0.000001 0.000001 0.000001 0.000001 0.000001 0.000001 0.000001 0.000001 0.000001 0.000001 0.000001 0.000001 0.000001 0.000001 0.000001 0.000001 0.000001 0.000001 0.000001 0.000001 0.000001 0.000001 0.000001 0.000001
0.044550 0.042738 0.041170 0.039780 0.038488 0.037236 0.035983 0.034698 0.033356 0.031933 0.030407 0.028760 0.026970 0.025020 0.022892 0.020568 0.018032 0.015265 0.012254 0.008980 0.005430 0.001657 0.000001 0.000001 0.000001 0.000001 0.000001 0.000001 0.000001 0.000001 0.000001 0.000001 0.000001 0.000001 0.000001 0.000001 0.000001 0.000001 0.000001 0.000001 0.000001 0.000001 0.000001 0.000001 0.000001 0.000001 0.000001 0.000001 0.000001 0.000001
0.043564 0.041201 0.039542 0.038145 0.036852 0.035590 0.034316 0.033001 0.031620 0.030149 0.028570 0.026861 0.025005 0.022983 0.020777 0.018369 0.015744 0.012882 0.009770 0.006389 0.002725 0.000001 0.000001 0.000001 0.000001 0.000001 0.000001 0.000001 0.000001 0.000001 0.000001 0.000001 0.000001 0.000001 0.000001 0.000001 0.000001 0.000001 0.000001 0.000001 0.000001 0.000001 0.000001 0.000001 0.000001 0.000001 0.000001 0.000001 0.000001 0.000001
0.039224 0.038831 0.037927 0.036855 0.035714 0.034524 0.033284 0.031980 0.030594 0.029109 0.027506 0.025768 0.023876 0.021812 0.019560 0.017101 0.014419 0.011497 0.008319 0.004867 0.001126 0.000001 0.000001 0.000001 0.000001 0.000001 0.000001 0.000001 0.000001 0.000001 0.000001 0.000001 0.000001 0.000001 0.000001 0.000001 0.000001 0.000001 0.000001 0.000001 0.000001 0.000001 0.000001 0.000001 0.000001 0.000001 0.000001 0.000001 0.000001 0.000001
0.038489 0.037952 0.037089 0.036081 0.035000 0.033861 0.032660 0.031384 0.030017 0.028544 0.026946 0.025207 0.023310 0.021237 0.018970 0.016494 0.013789 0.010841 0.007632 0.004146 0.000366 0.000001 0.000001 0.000001 0.000001 0.000001 0.000001 0.000001 0.000001 0.000001 0.000001 0.000001 0.000001 0.000001 0.000001 0.000001 0.000001 0.000001 0.000001 0.000001 0.000001 0.000001 0.000001 0.000001 0.000001 0.000001 0.000001 0.000001 0.000001 0.000001
0.040514 0.038339 0.036871 0.035671 0.034549 0.033423 0.032251 0.031008 0.029674 0.028230 0.026660 0.024946 0.023070 0.021015 0.018764 0.016299 0.013604 0.010661 0.007455 0.003968 0.000183 0.000001 0.000001 0.000001 0.000001 0.000001 0.000001 0.000001 0.000001 0.000001 0.000001 0.000001 0.000001 0.000001 0.000001 0.000001 0.000001 0.000001 0.000001 0.000001 0.000001 0.000001 0.000001 0.000001 0.000001 0.000001 0.000001 0.000001 0.000001 0.000001
0.038437 0.037201 0.036153 0.035126 0.034085 0.033011 0.031886 0.030689 0.029401 0.028004 0.026479 0.024809 0.022975 0.020961 0.018748 0.016320 0.013659 0.010749 0.007572 0.004112 0.000352 0.000001 0.000001 0.000001 0.000001 0.000001 0.000001 0.000001 0.000001 0.000001 0.000001 0.000001 0.000001 0.000001 0.000001 0.000001 0.000001 0.000001 0.000001 0.000001 0.000001 0.000001 0.000001 0.000001 0.000001 0.000001 0.000001 0.000001 0.000001 0.000001
0.035302 0.035907 0.035354 0.034492 0.033535 0.032526 0.031462 0.030326 0.029100 0.027764 0.026299 0.024687 0.022911 0.020953 0.018795 0.016420 0.013812 0.010952 0.007825 0.004412 0.000698 0.000001 0.000001 0.000001 0.000001 0.000001 0.000001 0.000001 0.000001 0.000001 0.000001 0.000001 0.000001 0.000001 0.000001 0.000001 0.000001 0.000001 0.000001 0.000001 0.000001 0.000001 0.000001 0.000001 0.000001 0.000001 0.000001 0.000001 0.000001 0.000001
0.039428 0.036408 0.034901 0.033832 0.032881 0.031937 0.030951 0.029894 0.028742 0.027478 0.026082 0.024537 0.022826 0.020931 0.018836 0.016523 0.013976 0.011177 0.008110 0.004757 0.001102 0.000001 0.000001 0.000001 0.000001 0.000001 0.000001 0.000001 0.000001 0.000001 0.000001 0.000001 0.000001 0.000001 0.000001 0.000001 0.000001 0.000001 0.000001 0.000001 0.000001 0.000001 0.000001 0.000001 0.000001 0.000001 0.000001 0.000001 0.000001 0.000001
0.033975 0.034040 0.033507 0.032830 0.032089 0.031286 0.030407 0.029440 0.028367 0.027175 0.025846 0.024366 0.022718 0.020885 0.018852 0.016600 0.014115 0.011378 0.008373 0.005084 0.001492 0.000001 0.000001 0.000001 0.000001 0.000001 0.000001 0.000001 0.000001 0.000001 0.000001 0.000001 0.000001 0.000001 0.000001 0.000001 0.000001 0.000001 0.000001 0.000001 0.000001 0.000001 0.000001 0.000001 0.000001 0.000001 0.000001 0.000001 0.000001 0.000001
0.032586 0.032716 0.032508 0.032064 0.031471 0.030769 0.029968 0.029065 0.028051 0.026912 0.025636 0.024207 0.022610 0.020829 0.018848 0.016651 0.014221 0.011541 0.008595 0.005366 0.001837 0.000001 0.000001 0.000001 0.000001 0.000001 0.000001 0.000001 0.000001 0.000001 0.000001 0.000001 0.000001 0.000001 0.000001 0.000001 0.000001 0.000001 0.000001 0.000001 0.000001 0.000001 0.000001 0.000001 0.000001 0.000001 0.000001 0.000001 0.000001 0.000001
0.034012 0.033243 0.032575 0.031930 0.031258 0.030531 0.029730 0.028839 0.027845 0.026731 0.025483 0.024085 0.022523 0.020779 0.018839 0.016685 0.014300 0.011669 0.008774 0.005599 0.002126 0.000001 0.000001 0.000001 0.000001 0.000001 0.000001 0.000001 0.000001 0.000001 0.000001 0.000001 0.000001 0.000001 0.000001 0.000001 0.000001 0.000001 0.000001 0.000001 0.000001 0.000001 0.000001 0.000001 0.000001 0.000001 0.000001 0.000001 0.000001 0.000001
0.035266 0.033883 0.032881 0.032048 0.031269 0.030480 0.029644 0.028736 0.027735 0.026623 0.025384 0.024002 0.022460 0.020741 0.018829 0.016707 0.014359 0.011768 0.008916 0.005786 0.002362 0.000001 0.000001 0.000001 0.000001 0.000001 0.000001 0.000001 0.000001 0.000001 0.000001 0.000001 0.000001 0.000001 0.000001 0.000001 0.000001 0.000001 0.000001 0.000001 0.000001 0.000001 0.000001 0.000001 0.000001 0.000001 0.000001 0.000001 0.000001 0.000001
0.034113 0.033416 0.032723 0.031996 0.031238 0.030439 0.029587 0.028665 0.027656 0.026542 0.025307 0.023933 0.022405 0.020704 0.018814 0.016718 0.014399 0.011840 0.009024 0.005934 0.002552 0.000001 0.000001 0.000001 0.000001 0.000001 0.000001 0.000001 0.000001 0.000001 0.000001 0.000001 0.000001 0.000001 0.000001 0.000001 0.000001 0.000001 0.000001 0.000001 0.000001 0.000001 0.000001 0.000001 0.000001 0.000001 0.000001 0.000001 0.000001 0.000001
0.032869 0.032969 0.032496 0.031841 0.031107 0.030317 0.029468 0.028549 0.027543 0.026436 0.025210 0.023849 0.022336 0.020653 0.018784 0.016712 0.014420 0.011890 0.009106 0.006049 0.002704 0.000001 0.000001 0.000001 0.000001 0.000001 0.000001 0.000001 0.000001 0.000001 0.000001 0.000001 0.000001 0.000001 0.000001 0.000001 0.000001 0.000001 0.000001 0.000001 0.000001 0.000001 0.000001 0.000001 0.000001 0.000001 0.000001 0.000001 0.000001 0.000001
0.035040 0.033424 0.032438 0.031633 0.030865 0.030080 0.029247 0.028348 0.027364 0.026278 0.025074 0.023734 0.022243 0.020583 0.018738 0.016691 0.014424 0.011922 0.009166 0.006140 0.002827 0.000001 0.000001 0.000001 0.000001 0.000001 0.000001 0.000001 0.000001 0.000001 0.000001 0.000001 0.000001 0.000001 0.000001 0.000001 0.000001 0.000001 0.000001 0.000001 0.000001 0.000001 0.000001 0.000001 0.000001 0.000001 0.000001 0.000001 0.000001 0.000001
0.033221 0.032552 0.031852 0.031158 0.030457 0.029724 0.028939 0.028082 0.027136 0.026085 0.024912 0.023601 0.022137 0.020503 0.018684 0.016662 0.014421 0.011944 0.009215 0.006216 0.002932 0.000001 0.000001 0.000001 0.000001 0.000001 0.000001 0.000001 0.000001 0.000001 0.000001 0.000001 0.000001 0.000001 0.000001 0.000001 0.000001 0.000001 0.000001 0.000001 0.000001 0.000001 0.000001 0.000001 0.000001 0.000001 0.000001 0.000001 0.000001 0.000001
0.031524 0.031503 0.031112 0.030591 0.030000 0.029349 0.028626 0.027821 0.026918 0.025904 0.024764 0.023483 0.022045 0.020436 0.018640 0.016641 0.014423 0.011969 0.009262 0.006287 0.003026 0.000001 0.000001 0.000001 0.000001 0.000001 0.000001 0.000001 0.000001 0.000001 0.000001 0.000001 0.000001 0.000001 0.000001 0.000001 0.000001 0.000001 0.000001 0.000001 0.000001 0.000001 0.000001 0.000001 0.000001 0.000001 0.000001 0.000001 0.000001 0.000001
0.032283 0.031329 0.030760 0.030251 0.029711 0.029109 0.028428 0.027658 0.026784 0.025795 0.024676 0.023415 0.021996 0.020405 0.018626 0.016644 0.014442 0.012005 0.009316 0.006359 0.003117 0.000001 0.000001 0.000001 0.000001 0.000001 0.000001 0.000001 0.000001 0.000001 0.000001 0.000001 0.000001 0.000001 0.000001 0.000001 0.000001 0.000001 0.000001 0.000001 0.000001 0.000001 0.000001 0.000001 0.000001 0.000001 0.000001 0.000001 0.000001 0.000001
0.031160 0.031067 0.030696 0.030230 0.029698 0.029096 0.028415 0.027645 0.026772 0.025786 0.024671 0.023415 0.022003 0.020419 0.018648 0.016674 0.014483 0.012056 0.009379 0.006433 0.003204 0.000001 0.000001 0.000001 0.000001 0.000001 0.000001 0.000001 0.000001 0.000001 0.000001 0.000001 0.000001 0.000001 0.000001 0.000001 0.000001 0.000001 0.000001 0.000001 0.000001 0.000001 0.000001 0.000001 0.000001 0.000001 0.000001 0.000001 0.000001 0.000001
0.032258 0.031620 0.031086 0.030531 0.029932 0.029277 0.028557 0.027756 0.026862 0.025859 0.024734 0.023470 0.022054 0.020468 0.018697 0.016726 0.014537 0.012115 0.009443 0.006505 0.003283 0.000001 0.000001 0.000001 0.000001 0.000001 0.000001 0.000001 0.000001 0.000001 0.000001 0.000001 0.000001 0.000001 0.000001 0.000001 0.000001 0.000001 0.000001 0.000001 0.000001 0.000001 0.000001 0.000001 0.000001 0.000001 0.000001 0.000001 0.000001 0.000001
0.032672 0.032202 0.031570 0.030907 0.030223 0.029506 0.028739 0.027903 0.026983 0.025960 0.024820 0.023545 0.022120 0.020528 0.018753 0.016780 0.014590 0.012169 0.009499 0.006563 0.003345 0.000001 0.000001 0.000001 0.000001 0.000001 0.000001 0.000001 0.000001 0.000001 0.000001 0.000001 0.000001 0.000001 0.000001 0.000001 0.000001 0.000001 0.000001 0.000001 0.000001 0.000001 0.000001 0.000001 0.000001 0.000001 0.000001 0.000001 0.000001 0.000001
0.033685 0.032656 0.031844 0.031104 0.030379 0.029636 0.028850 0.028000 0.027067 0.026034 0.024885 0.023602 0.022171 0.020574 0.018795 0.016818 0.014626 0.012203 0.009533 0.006598 0.003381 0.000001 0.000001 0.000001 0.000001 0.000001 0.000001 0.000001 0.000001 0.000001 0.000001 0.000001 0.000001 0.000001 0.000001 0.000001 0.000001 0.000001 0.000001 0.000001 0.000001 0.000001 0.000001 0.000001 0.000001 0.000001 0.000001 0.000001 0.000001 0.000001
0.033313 0.032445 0.031707 0.031024 0.030341 0.029626 0.028857 0.028017 0.027089 0.026057 0.024906 0.023622 0.022188 0.020588 0.018806 0.016827 0.014633 0.012209 0.009537 0.006601 0.003385 0.000001 0.000001 0.000001 0.000001 0.000001 0.000001 0.000001 0.000001 0.000001 0.000001 0.000001 0.000001 0.000001 0.000001 0.000001 0.000001 0.000001 0.000001 0.000001 0.000001 0.000001 0.000001 0.000001 0.000001 0.000001 0.000001 0.000001 0.000001 0.000001
0.032054 0.031786 0.031357 0.030828 0.030226 0.029555 0.028811 0.027985 0.027064 0.026037 0.024888 0.023604 0.022169 0.020567 0.018784 0.016803 0.014608 0.012183 0.009510 0.006573 0.003356 0.000001 0.000001 0.000001 0.000001 0.000001 0.000001 0.000001 0.000001 0.000001 0.000001 0.000001 0.000001 0.000001 0.000001 0.000001 0.000001 0.000001 0.000001 0.000001 0.000001 0.000001 0.000001 0.000001 0.000001 0.000001 0.000001 0.000001 0.000001 0.000001
0.032065 0.031795 0.031350 0.030810 0.030200 0.029524 0.028776 0.027947 0.027024 0.025995 0.024845 0.023559 0.022122 0.020519 0.018735 0.016752 0.014556 0.012129 0.009455 0.006517 0.003300 0.000001 0.000001 0.000001 0.000001 0.000001 0.000001 0.000001 0.000001 0.000001 0.000001 0.000001 0.000001 0.000001 0.000001 0.000001 0.000001 0.000001 0.000001 0.000001 0.000001 0.000001 0.000001 0.000001 0.000001 0.000001 0.000001 0.000001 0.000001 0.000001
0.033386 0.032408 0.031647 0.030950 0.030256 0.029532 0.028757 0.027911 0.026978 0.025942 0.024786 0.023497 0.022058 0.020453 0.018666 0.016682 0.014484 0.012055 0.009380 0.006442 0.003223 0.000001 0.000001 0.000001 0.000001 0.000001 0.000001 0.000001 0.000001 0.000001 0.000001 0.000001 0.000001 0.000001 0.000001 0.000001 0.000001 0.000001 0.000001 0.000001 0.000001 0.000001 0.000001 0.000001 0.000001 0.000001 0.000001 0.000001 0.000001 0.000001
0.033189 0.032449 0.031695 0.030967 0.030245 0.029501 0.028712 0.027857 0.026917 0.025876 0.024717 0.023424 0.021982 0.020375 0.018587 0.016601 0.014401 0.011972 0.009295 0.006356 0.003137 0.000001 0.000001 0.000001 0.000001 0.000001 0.000001 0.000001 0.000001 0.000001 0.000001 0.000001 0.000001 0.000001 0.000001 0.000001 0.000001 0.000001 0.000001 0.000001 0.000001 0.000001 0.000001 0.000001 0.000001 0.000001 0.000001 0.000001 0.000001 0.000001
0.032908 0.032148 0.031467 0.030803 0.030123 0.029403 0.028626 0.027777 0.026839 0.025798 0.024639 0.023345 0.021902 0.020294 0.018504 0.016517 0.014317 0.011886 0.009209 0.006269 0.003050 0.000001 0.000001 0.000001 0.000001 0.000001 0.000001 0.000001 0.000001 0.000001 0.000001 0.000001 0.000001 0.000001 0.000001 0.000001 0.000001 0.000001 0.000001 0.000001 0.000001 0.000001 0.000001 0.000001 0.000001 0.000001 0.000001 0.000001 0.000001 0.000001
0.032348 0.031739 0.031197 0.030619 0.029986 0.029293 0.028531 0.027690 0.026756 0.025718 0.024559 0.023266 0.021823 0.020214 0.018424 0.016437 0.014236 0.011806 0.009129 0.006189 0.002970 0.000001 0.000001 0.000001 0.000001 0.000001 0.000001 0.000001 0.000001 0.000001 0.000001 0.000001 0.000001 0.000001 0.000001 0.000001 0.000001 0.000001 0.000001 0.000001 0.000001 0.000001 0.000001 0.000001 0.000001 0.000001 0.000001 0.000001 0.000001 0.000001
0.031608 0.031586 0.031146 0.030569 0.029926 0.029224 0.028459 0.027616 0.026682 0.025644 0.024485 0.023192 0.021749 0.020141 0.018351 0.016364 0.014164 0.011734 0.009058 0.006119 0.002900 0.000001 0.000001 0.000001 0.000001 0.000001 0.000001 0.000001 0.000001 0.000001 0.000001 0.000001 0.000001 0.000001 0.000001 0.000001 0.000001 0.000001 0.000001 0.000001 0.000001 0.000001 0.000001 0.000001 0.000001 0.000001 0.000001 0.000001 0.000001 0.000001
0.033399 0.032181 0.031334 0.030609 0.029907 0.029181 0.028403 0.027554 0.026618 0.025577 0.024418 0.023125 0.021682 0.020074 0.018285 0.016299 0.014100 0.011671 0.008996 0.006058 0.002841 0.000001 0.000001 0.000001 0.000001 0.000001 0.000001 0.000001 0.000001 0.000001 0.000001 0.000001 0.000001 0.000001 0.000001 0.000001 0.000001 0.000001 0.000001 0.000001 0.000001 0.000001 0.000001 0.000001 0.000001 0.000001 0.000001 0.000001 0.000001 0.000001
0.032793 0.031893 0.031187 0.030521 0.029841 0.029121 0.028343 0.027492 0.026553 0.025511 0.024351 0.023057 0.021615 0.020008 0.018220 0.016236 0.014038 0.011611 0.008938 0.006002 0.002787 0.000001 0.000001 0.000001 0.000001 0.000001 0.000001 0.000001 0.000001 0.000001 0.000001 0.000001 0.000001 0.000001 0.000001 0.000001 0.000001 0.000001 0.000001 0.000001 0.000001 0.000001 0.000001 0.000001 0.000001 0.000001 0.000001 0.000001 0.000001 0.000001
0.031178 0.031352 0.030981 0.030415 0.029762 0.029046 0.028267 0.027414 0.026474 0.025431 0.024272 0.022980 0.021539 0.019934 0.018149 0.016167 0.013972 0.011547 0.008876 0.005943 0.002730 0.000001 0.000001 0.000001 0.000001 0.000001 0.000001 0.000001 0.000001 0.000001 0.000001 0.000001 0.000001 0.000001 0.000001 0.000001 0.000001 0.000001 0.000001 0.000001 0.000001 0.000001 0.000001 0.000001 0.000001 0.000001 0.000001 0.000001 0.000001 0.000001
0.033135 0.031982 0.031144 0.030405 0.029685 0.028943 0.028155 0.027301 0.026362 0.025323 0.024167 0.022879 0.021442 0.019840 0.018058 0.016080 0.013888 0.011466 0.008799 0.005868 0.002658 0.000001 0.000001 0.000001 0.000001 0.000001 0.000001 0.000001 0.000001 0.000001 0.000001 0.000001 0.000001 0.000001 0.000001 0.000001 0.000001 0.000001 0.000001 0.000001 0.000001 0.000001 0.000001 0.000001 0.000001 0.000001 0.000001 0.000001 0.000001 0.000001
0.032874 0.031769 0.030917 0.030178 0.029469 0.028743 0.027971 0.027130 0.026203 0.025173 0.024025 0.022743 0.021312 0.019715 0.017938 0.015963 0.013775 0.011358 0.008693 0.005766 0.002559 0.000001 0.000001 0.000001 0.000001 0.000001 0.000001 0.000001 0.000001 0.000001 0.000001 0.000001 0.000001 0.000001 0.000001 0.000001 0.000001 0.000001 0.000001 0.000001 0.000001 0.000001 0.000001 0.000001 0.000001 0.000001 0.000001 0.000001 0.000001 0.000001
0.030878 0.030631 0.030216 0.029702 0.029112 0.028454 0.027722 0.026906 0.025997 0.024980 0.023841 0.022567 0.021142 0.019551 0.017779 0.015808 0.013625 0.011211 0.008550 0.005627 0.002423 0.000001 0.000001 0.000001 0.000001 0.000001 0.000001 0.000001 0.000001 0.000001 0.000001 0.000001 0.000001 0.000001 0.000001 0.000001 0.000001 0.000001 0.000001 0.000001 0.000001 0.000001 0.000001 0.000001 0.000001 0.000001 0.000001 0.000001 0.000001 0.000001
0.029941 0.030044 0.029792 0.029358 0.028812 0.028180 0.027465 0.026663 0.025763 0.024753 0.023621 0.022352 0.020932 0.019345 0.017576 0.015610 0.013430 0.011019 0.008363 0.005443 0.002244 0.000001 0.000001 0.000001 0.000001 0.000001 0.000001 0.000001 0.000001 0.000001 0.000001 0.000001 0.000001 0.000001 0.000001 0.000001 0.000001 0.000001 0.000001 0.000001 0.000001 0.000001 0.000001 0.000001 0.000001 0.000001 0.000001 0.000001 0.000001 0.000001
0.031639 0.030664 0.029938 0.029289 0.028645 0.027966 0.027229 0.026416 0.025511 0.024500 0.023368 0.022100 0.020682 0.019097 0.017330 0.015367 0.013190 0.010783 0.008130 0.005215 0.002020 0.000001 0.000001 0.000001 0.000001 0.000001 0.000001 0.000001 0.000001 0.000001 0.000001 0.000001 0.000001 0.000001 0.000001 0.000001 0.000001 0.000001 0.000001 0.000001 0.000001 0.000001 0.000001 0.000001 0.000001 0.000001 0.000001 0.000001 0.000001 0.000001
0.031643 0.030664 0.029853 0.029134 0.028441 0.027731 0.026974 0.026148 0.025235 0.024218 0.023083 0.021813 0.020394 0.018810 0.017045 0.015083 0.012909 0.010506 0.007858 0.004948 0.001759 0.000001 0.000001 0.000001 0.000001 0.000001 0.000001 0.000001 0.000001 0.000001 0.000001 0.000001 0.000001 0.000001 0.000001 0.000001 0.000001 0.000001 0.000001 0.000001 0.000001 0.000001 0.000001 0.000001 0.000001 0.000001 0.000001 0.000001 0.000001 0.000001
0.030404 0.029882 0.029338 0.028747 0.028110 0.027419 0.026666 0.025838 0.024922 0.023902 0.022763 0.021492 0.020073 0.018489 0.016726 0.014768 0.012598 0.010200 0.007558 0.004655 0.001475 0.000001 0.000001 0.000001 0.000001 0.000001 0.000001 0.000001 0.000001 0.000001 0.000001 0.000001 0.000001 0.000001 0.000001 0.000001 0.000001 0.000001 0.000001 0.000001 0.000001 0.000001 0.000001 0.000001 0.000001 0.000001 0.000001 0.000001 0.000001 0.000001
0.029428 0.029276 0.028878 0.028352 0.027743 0.027065 0.026317 0.025490 0.024573 0.023552 0.022414 0.021144 0.019727 0.018146 0.016388 0.014435 0.012272 0.009882 0.007249 0.004356 0.001187 0.000001 0.000001 0.000001 0.000001 0.000001 0.000001 0.000001 0.000001 0.000001 0.000001 0.000001 0.000001 0.000001 0.000001 0.000001 0.000001 0.000001 0.000001 0.000001 0.000001 0.000001 0.000001 0.000001 0.000001 0.000001 0.000001 0.000001 0.000001 0.000001
0.029861 0.029327 0.028699 0.028058 0.027397 0.026697 0.025941 0.025113 0.024197 0.023180 0.022046 0.020781 0.019370 0.017797 0.016047 0.014104 0.011951 0.009573 0.006953 0.004075 0.000921 0.000001 0.000001 0.000001 0.000001 0.000001 0.000001 0.000001 0.000001 0.000001 0.000001 0.000001 0.000001 0.000001 0.000001 0.000001 0.000001 0.000001 0.000001 0.000001 0.000001 0.000001 0.000001 0.000001 0.000001 0.000001 0.000001 0.000001 0.000001 0.000001
0.030858 0.029315 0.028403 0.027678 0.026992 0.026288 0.025536 0.024714 0.023807 0.022799 0.021676 0.020422 0.019023 0.017462 0.015726 0.013797 0.011660 0.009299 0.006697 0.003837 0.000704 0.000001 0.000001 0.000001 0.000001 0.000001 0.000001 0.000001 0.000001 0.000001 0.000001 0.000001 0.000001 0.000001 0.000001 0.000001 0.000001 0.000001 0.000001 0.000001 0.000001 0.000001 0.000001 0.000001 0.000001 0.000001 0.000001 0.000001 0.000001 0.000001
0.027829 0.027970 0.027613 0.027092 0.026495 0.025836 0.025112 0.024312 0.023424 0.022433 0.021326 0.020090 0.018708 0.017166 0.015449 0.013540 0.011424 0.009084 0.006505 0.003670 0.000561 0.000001 0.000001 0.000001 0.000001 0.000001 0.000001 0.000001 0.000001 0.000001 0.000001 0.000001 0.000001 0.000001 0.000001 0.000001 0.000001 0.000001 0.000001 0.000001 0.000001 0.000001 0.000001 0.000001 0.000001 0.000001 0.000001 0.000001 0.000001 0.000001
0.027797 0.027492 0.027089 0.026603 0.026044 0.025418 0.024721 0.023944 0.023078 0.022109 0.021024 0.019809 0.018450 0.016932 0.015238 0.013354 0.011264 0.008951 0.006400 0.003593 0.000514 0.000001 0.000001 0.000001 0.000001 0.000001 0.000001 0.000001 0.000001 0.000001 0.000001 0.000001 0.000001 0.000001 0.000001 0.000001 0.000001 0.000001 0.000001 0.000001 0.000001 0.000001 0.000001 0.000001 0.000001 0.000001 0.000001 0.000001 0.000001 0.000001
0.028412 0.027501 0.026872 0.026299 0.025713 0.025085 0.024400 0.023641 0.022796 0.021851 0.020791 0.019602 0.018269 0.016777 0.015112 0.013257 0.011196 0.008914 0.006394 0.003619 0.000572 0.000001 0.000001 0.000001 0.000001 0.000001 0.000001 0.000001 0.000001 0.000001 0.000001 0.000001 0.000001 0.000001 0.000001 0.000001 0.000001 0.000001 0.000001 0.000001 0.000001 0.000001 0.000001 0.000001 0.000001 0.000001 0.000001 0.000001 0.000001 0.000001
0.027529 0.027180 0.026617 0.026033 0.025439 0.024818 0.024148 0.023411 0.022590 0.021671 0.020638 0.019477 0.018174 0.016712 0.015077 0.013253 0.011225 0.008975 0.006488 0.003747 0.000735 0.000001 0.000001 0.000001 0.000001 0.000001 0.000001 0.000001 0.000001 0.000001 0.000001 0.000001 0.000001 0.000001 0.000001 0.000001 0.000001 0.000001 0.000001 0.000001 0.000001 0.000001 0.000001 0.000001 0.000001 0.000001 0.000001 0.000001 0.000001 0.000001
0.027798 0.026853 0.026240 0.025702 0.025160 0.024582 0.023949 0.023245 0.022456 0.021567 0.020565 0.019435 0.018162 0.016732 0.015128 0.013336 0.011340 0.009123 0.006670 0.003962 0.000985 0.000001 0.000001 0.000001 0.000001 0.000001 0.000001 0.000001 0.000001 0.000001 0.000001 0.000001 0.000001 0.000001 0.000001 0.000001 0.000001 0.000001 0.000001 0.000001 0.000001 0.000001 0.000001 0.000001 0.000001 0.000001 0.000001 0.000001 0.000001 0.000001
0.025895 0.025939 0.025707 0.025345 0.024902 0.024389 0.023805 0.023141 0.022388 0.021532 0.020562 0.019462 0.018220 0.016820 0.015247 0.013486 0.011521 0.009335 0.006913 0.004238 0.001293 0.000001 0.000001 0.000001 0.000001 0.000001 0.000001 0.000001 0.000001 0.000001 0.000001 0.000001 0.000001 0.000001 0.000001 0.000001 0.000001 0.000001 0.000001 0.000001 0.000001 0.000001 0.000001 0.000001 0.000001 0.000001 0.000001 0.000001 0.000001 0.000001
0.025941 0.025807 0.025528 0.025174 0.024758 0.024278 0.023728 0.023097 0.022375 0.021550 0.020608 0.019537 0.018323 0.016950 0.015405 0.013672 0.011734 0.009577 0.007182 0.004535 0.001618 0.000001 0.000001 0.000001 0.000001 0.000001 0.000001 0.000001 0.000001 0.000001 0.000001 0.000001 0.000001 0.000001 0.000001 0.000001 0.000001 0.000001 0.000001 0.000001 0.000001 0.000001 0.000001 0.000001 0.000001 0.000001 0.000001 0.000001 0.000001 0.000001
0.026735 0.026003 0.025529 0.025117 0.024695 0.024229 0.023701 0.023094 0.022397 0.021596 0.020679 0.019631 0.018440 0.017090 0.015567 0.013856 0.011941 0.009806 0.007435 0.004810 0.001916 0.000001 0.000001 0.000001 0.000001 0.000001 0.000001 0.000001 0.000001 0.000001 0.000001 0.000001 0.000001 0.000001 0.000001 0.000001 0.000001 0.000001 0.000001 0.000001 0.000001 0.000001 0.000001 0.000001 0.000001 0.000001 0.000001 0.000001 0.000001 0.000001
0.025793 0.025618 0.025335 0.025005 0.024628 0.024194 0.023690 0.023106 0.022428 0.021645 0.020745 0.019714 0.018539 0.017206 0.015699 0.014004 0.012105 0.009986 0.007630 0.005022 0.002143 0.000001 0.000001 0.000001 0.000001 0.000001 0.000001 0.000001 0.000001 0.000001 0.000001 0.000001 0.000001 0.000001 0.000001 0.000001 0.000001 0.000001 0.000001 0.000001 0.000001 0.000001 0.000001 0.000001 0.000001 0.000001 0.000001 0.000001 0.000001 0.000001
0.025400 0.025320 0.025151 0.024899 0.024570 0.024166 0.023683 0.023113 0.022448 0.021675 0.020785 0.019763 0.018597 0.017272 0.015773 0.014086 0.012195 0.010084 0.007737 0.005137 0.002266 0.000001 0.000001 0.000001 0.000001 0.000001 0.000001 0.000001 0.000001 0.000001 0.000001 0.000001 0.000001 0.000001 0.000001 0.000001 0.000001 0.000001 0.000001 0.000001 0.000001 0.000001 0.000001 0.000001 0.000001 0.000001 0.000001 0.000001 0.000001 0.000001
