0.033990 0.034701 0.035195 0.035576 0.035889 0.036153 0.036376 0.036562 0.036709 0.036816 0.036880 0.036899 0.036867 0.036781 0.036637 0.036430 0.036156 0.035807 0.035380 0.034867 0.034263 0.033561 0.032753 0.031832 0.030790 0.029617 0.028306 0.026847 0.025229 0.023441 0.021474 0.019314 0.016950 0.014368 0.011555 0.008496 0.005176 0.001580 0.000001 0.000001 0.000001 0.000001 0.000001 0.000001 0.000001 0.000001 0.000001 0.000001 0.000001 0.000001
0.035646 0.035566 0.035684 0.035875 0.036088 0.036297 0.036487 0.036651 0.036782 0.036876 0.036930 0.036939 0.036898 0.036804 0.036651 0.036436 0.036153 0.035797 0.035361 0.034840 0.034227 0.033516 0.032699 0.031768 0.030716 0.029534 0.028213 0.026743 0.025114 0.023316 0.021337 0.019165 0.016789 0.014194 0.011368 0.008295 0.004961 0.001349 0.000001 0.000001 0.000001 0.000001 0.000001 0.000001 0.000001 0.000001 0.000001 0.000001 0.000001 0.000001
0.035963 0.035871 0.035956 0.036116 0.036300 0.036484 0.036651 0.036794 0.036907 0.036983 0.037020 0.037012 0.036955 0.036845 0.036677 0.036446 0.036147 0.035775 0.035323 0.034785 0.034156 0.033427 0.032593 0.031644 0.030573 0.029372 0.028031 0.026540 0.024890 0.023070 0.021068 0.018873 0.016472 0.013852 0.011000 0.007900 0.004538 0.000898 0.000001 0.000001 0.000001 0.000001 0.000001 0.000001 0.000001 0.000001 0.000001 0.000001 0.000001 0.000001
0.034725 0.035471 0.035914 0.036227 0.036472 0.036673 0.036838 0.036969 0.037065 0.037123 0.037139 0.037110 0.037032 0.036901 0.036711 0.036458 0.036137 0.035742 0.035266 0.034705 0.034051 0.033298 0.032438 0.031463 0.030365 0.029136 0.027766 0.026245 0.024565 0.022712 0.020678 0.018449 0.016012 0.013356 0.010466 0.007327 0.003924 0.000258 0.000001 0.000001 0.000001 0.000001 0.000001 0.000001 0.000001 0.000001 0.000001 0.000001 0.000001 0.000001
0.035530 0.035863 0.036210 0.036497 0.036730 0.036917 0.037065 0.037176 0.037250 0.037284 0.037276 0.037223 0.037120 0.036962 0.036746 0.036466 0.036118 0.035694 0.035190 0.034599 0.033915 0.033131 0.032238 0.031230 0.030099 0.028834 0.027427 0.025869 0.024150 0.022257 0.020180 0.017908 0.015427 0.012724 0.009785 0.006596 0.003141 0.000001 0.000001 0.000001 0.000001 0.000001 0.000001 0.000001 0.000001 0.000001 0.000001 0.000001 0.000001 0.000001
0.036335 0.036619 0.036786 0.036941 0.037088 0.037220 0.037327 0.037405 0.037449 0.037455 0.037419 0.037337 0.037205 0.037019 0.036773 0.036463 0.036083 0.035628 0.035091 0.034467 0.033748 0.032927 0.031998 0.030952 0.029780 0.028474 0.027026 0.025423 0.023658 0.021718 0.019592 0.017269 0.014735 0.011977 0.008982 0.005733 0.002217 0.000001 0.000001 0.000001 0.000001 0.000001 0.000001 0.000001 0.000001 0.000001 0.000001 0.000001 0.000001 0.000001
0.037659 0.037303 0.037264 0.037327 0.037418 0.037506 0.037577 0.037622 0.037635 0.037611 0.037546 0.037435 0.037274 0.037057 0.036780 0.036438 0.036025 0.035536 0.034964 0.034304 0.033547 0.032688 0.031719 0.030631 0.029416 0.028065 0.026570 0.024919 0.023103 0.021111 0.018931 0.016551 0.013959 0.011140 0.008081 0.004766 0.001183 0.000001 0.000001 0.000001 0.000001 0.000001 0.000001 0.000001 0.000001 0.000001 0.000001 0.000001 0.000001 0.000001
0.036795 0.037158 0.037372 0.037520 0.037631 0.037713 0.037766 0.037788 0.037777 0.037727 0.037635 0.037497 0.037307 0.037061 0.036754 0.036380 0.035935 0.035412 0.034805 0.034107 0.033313 0.032414 0.031403 0.030272 0.029012 0.027615 0.026071 0.024369 0.022501 0.020453 0.018216 0.015776 0.013121 0.010237 0.007110 0.003725 0.000123 0.000001 0.000001 0.000001 0.000001 0.000001 0.000001 0.000001 0.000001 0.000001 0.000001 0.000001 0.000001 0.000001
0.036797 0.037241 0.037493 0.037655 0.037766 0.037839 0.037879 0.037885 0.037854 0.037784 0.037670 0.037507 0.037292 0.037020 0.036685 0.036282 0.035806 0.035250 0.034610 0.033877 0.033045 0.032107 0.031055 0.029882 0.028577 0.027133 0.025540 0.023787 0.021865 0.019762 0.017465 0.014964 0.012245 0.009294 0.006097 0.002640 0.000001 0.000001 0.000001 0.000001 0.000001 0.000001 0.000001 0.000001 0.000001 0.000001 0.000001 0.000001 0.000001 0.000001
0.037634 0.037622 0.037684 0.037763 0.037835 0.037888 0.037914 0.037906 0.037862 0.037775 0.037643 0.037461 0.037225 0.036930 0.036570 0.036141 0.035638 0.035053 0.034381 0.033615 0.032749 0.031774 0.030684 0.029469 0.028122 0.026632 0.024991 0.023189 0.021214 0.019055 0.016701 0.014139 0.011356 0.008339 0.005072 0.001541 0.000001 0.000001 0.000001 0.000001 0.000001 0.000001 0.000001 0.000001 0.000001 0.000001 0.000001 0.000001 0.000001 0.000001
0.037875 0.037665 0.037668 0.037736 0.037808 0.037859 0.037880 0.037865 0.037810 0.037711 0.037565 0.037367 0.037114 0.036799 0.036419 0.035967 0.035439 0.034829 0.034129 0.033333 0.032435 0.031427 0.030301 0.029048 0.027660 0.026128 0.024442 0.022592 0.020566 0.018355 0.015945 0.013324 0.010479 0.007396 0.004061 0.000474 0.000001 0.000001 0.000001 0.000001 0.000001 0.000001 0.000001 0.000001 0.000001 0.000001 0.000001 0.000001 0.000001 0.000001
0.036451 0.037098 0.037430 0.037617 0.037729 0.037791 0.037810 0.037789 0.037725 0.037616 0.037457 0.037246 0.036977 0.036646 0.036248 0.035777 0.035228 0.034595 0.033870 0.033048 0.032122 0.031083 0.029924 0.028636 0.027211 0.025639 0.023911 0.022016 0.019943 0.017681 0.015218 0.012541 0.009637 0.006491 0.003090 0.000001 0.000001 0.000001 0.000001 0.000001 0.000001 0.000001 0.000001 0.000001 0.000001 0.000001 0.000001 0.000001 0.000001 0.000001
0.037196 0.037392 0.037534 0.037640 0.037712 0.037750 0.037752 0.037717 0.037641 0.037520 0.037350 0.037126 0.036844 0.036498 0.036084 0.035596 0.035028 0.034374 0.033628 0.032782 0.031829 0.030763 0.029574 0.028254 0.026795 0.025186 0.023419 0.021482 0.019365 0.017056 0.014542 0.011812 0.008852 0.005647 0.002183 0.000001 0.000001 0.000001 0.000001 0.000001 0.000001 0.000001 0.000001 0.000001 0.000001 0.000001 0.000001 0.000001 0.000001 0.000001
0.038078 0.037783 0.037720 0.037725 0.037742 0.037748 0.037730 0.037679 0.037590 0.037457 0.037275 0.037039 0.036744 0.036384 0.035955 0.035451 0.034865 0.034192 0.033425 0.032556 0.031580 0.030487 0.029270 0.027921 0.026429 0.024786 0.022983 0.021007 0.018848 0.016495 0.013935 0.011155 0.008141 0.004881 0.001358 0.000001 0.000001 0.000001 0.000001 0.000001 0.000001 0.000001 0.000001 0.000001 0.000001 0.000001 0.000001 0.000001 0.000001 0.000001
0.037445 0.037633 0.037709 0.037755 0.037782 0.037786 0.037761 0.037702 0.037603 0.037458 0.037264 0.037014 0.036705 0.036331 0.035886 0.035364 0.034760 0.034068 0.033280 0.032390 0.031390 0.030272 0.029028 0.027650 0.026128 0.024453 0.022615 0.020602 0.018404 0.016009 0.013405 0.010578 0.007515 0.004202 0.000623 0.000001 0.000001 0.000001 0.000001 0.000001 0.000001 0.000001 0.000001 0.000001 0.000001 0.000001 0.000001 0.000001 0.000001 0.000001
0.037348 0.037608 0.037763 0.037856 0.037905 0.037915 0.037886 0.037817 0.037705 0.037546 0.037336 0.037070 0.036744 0.036351 0.035888 0.035348 0.034724 0.034012 0.033202 0.032290 0.031266 0.030123 0.028853 0.027447 0.025896 0.024190 0.022319 0.020271 0.018036 0.015602 0.012956 0.010085 0.006976 0.003613 0.000001 0.000001 0.000001 0.000001 0.000001 0.000001 0.000001 0.000001 0.000001 0.000001 0.000001 0.000001 0.000001 0.000001 0.000001 0.000001
0.038234 0.038097 0.038130 0.038176 0.038195 0.038181 0.038129 0.038037 0.037902 0.037721 0.037489 0.037202 0.036855 0.036442 0.035958 0.035397 0.034752 0.034018 0.033186 0.032251 0.031203 0.030036 0.028740 0.027307 0.025727 0.023991 0.022088 0.020007 0.017737 0.015266 0.012581 0.009669 0.006515 0.003106 0.000001 0.000001 0.000001 0.000001 0.000001 0.000001 0.000001 0.000001 0.000001 0.000001 0.000001 0.000001 0.000001 0.000001 0.000001 0.000001
0.038145 0.038551 0.038642 0.038645 0.038611 0.038549 0.038456 0.038329 0.038163 0.037954 0.037697 0.037386 0.037015 0.036580 0.036074 0.035490 0.034824 0.034067 0.033213 0.032255 0.031183 0.029992 0.028671 0.027211 0.025604 0.023840 0.021907 0.019794 0.017491 0.014985 0.012263 0.009312 0.006118 0.002666 0.000001 0.000001 0.000001 0.000001 0.000001 0.000001 0.000001 0.000001 0.000001 0.000001 0.000001 0.000001 0.000001 0.000001 0.000001 0.000001
0.039780 0.039393 0.039235 0.039128 0.039027 0.038915 0.038783 0.038623 0.038429 0.038193 0.037912 0.037577 0.037185 0.036728 0.036200 0.035596 0.034909 0.034131 0.033255 0.032275 0.031181 0.029966 0.028621 0.027137 0.025504 0.023713 0.021752 0.019610 0.017276 0.014738 0.011982 0.008995 0.005763 0.002271 0.000001 0.000001 0.000001 0.000001 0.000001 0.000001 0.000001 0.000001 0.000001 0.000001 0.000001 0.000001 0.000001 0.000001 0.000001 0.000001
0.039921 0.039711 0.039553 0.039428 0.039309 0.039180 0.039030 0.038853 0.038640 0.038387 0.038087 0.037734 0.037323 0.036848 0.036302 0.035680 0.034973 0.034176 0.033281 0.032281 0.031167 0.029931 0.028564 0.027058 0.025401 0.023585 0.021598 0.019430 0.017068 0.014500 0.011713 0.008693 0.005427 0.001899 0.000001 0.000001 0.000001 0.000001 0.000001 0.000001 0.000001 0.000001 0.000001 0.000001 0.000001 0.000001 0.000001 0.000001 0.000001 0.000001
0.039362 0.039534 0.039564 0.039522 0.039439 0.039323 0.039175 0.038992 0.038770 0.038505 0.038193 0.037826 0.037401 0.036911 0.036351 0.035712 0.034990 0.034177 0.033265 0.032247 0.031116 0.029861 0.028475 0.026949 0.025272 0.023434 0.021424 0.019232 0.016844 0.014250 0.011435 0.008386 0.005089 0.001528 0.000001 0.000001 0.000001 0.000001 0.000001 0.000001 0.000001 0.000001 0.000001 0.000001 0.000001 0.000001 0.000001 0.000001 0.000001 0.000001
0.039480 0.039635 0.039653 0.039608 0.039522 0.039400 0.039244 0.039051 0.038820 0.038544 0.038220 0.037842 0.037405 0.036903 0.036330 0.035679 0.034943 0.034117 0.033191 0.032158 0.031011 0.029741 0.028339 0.026795 0.025099 0.023242 0.021213 0.018999 0.016590 0.013972 0.011132 0.008057 0.004733 0.001143 0.000001 0.000001 0.000001 0.000001 0.000001 0.000001 0.000001 0.000001 0.000001 0.000001 0.000001 0.000001 0.000001 0.000001 0.000001 0.000001
0.040730 0.040158 0.039916 0.039754 0.039604 0.039442 0.039259 0.039046 0.038799 0.038510 0.038173 0.037784 0.037337 0.036824 0.036239 0.035577 0.034831 0.033992 0.033054 0.032010 0.030850 0.029566 0.028149 0.026590 0.024879 0.023005 0.020958 0.018726 0.016297 0.013659 0.010798 0.007700 0.004350 0.000735 0.000001 0.000001 0.000001 0.000001 0.000001 0.000001 0.000001 0.000001 0.000001 0.000001 0.000001 0.000001 0.000001 0.000001 0.000001 0.000001
0.039903 0.040104 0.039973 0.039791 0.039605 0.039413 0.039208 0.038978 0.038715 0.038414 0.038066 0.037667 0.037209 0.036686 0.036091 0.035419 0.034662 0.033813 0.032865 0.031809 0.030637 0.029341 0.027911 0.026339 0.024614 0.022726 0.020663 0.018415 0.015969 0.013312 0.010432 0.007313 0.003943 0.000305 0.000001 0.000001 0.000001 0.000001 0.000001 0.000001 0.000001 0.000001 0.000001 0.000001 0.000001 0.000001 0.000001 0.000001 0.000001 0.000001
0.040798 0.040126 0.039845 0.039657 0.039484 0.039300 0.039094 0.038859 0.038590 0.038279 0.037922 0.037512 0.037044 0.036511 0.035907 0.035224 0.034457 0.033598 0.032638 0.031571 0.030389 0.029081 0.027640 0.026055 0.024317 0.022415 0.020339 0.018076 0.015614 0.012941 0.010043 0.006907 0.003517 0.000001 0.000001 0.000001 0.000001 0.000001 0.000001 0.000001 0.000001 0.000001 0.000001 0.000001 0.000001 0.000001 0.000001 0.000001 0.000001 0.000001
0.039051 0.039428 0.039507 0.039459 0.039343 0.039181 0.038979 0.038741 0.038463 0.038142 0.037773 0.037352 0.036871 0.036326 0.035710 0.035016 0.034238 0.033367 0.032396 0.031318 0.030124 0.028805 0.027351 0.025755 0.024004 0.022090 0.020000 0.017723 0.015247 0.012559 0.009645 0.006492 0.003085 0.000001 0.000001 0.000001 0.000001 0.000001 0.000001 0.000001 0.000001 0.000001 0.000001 0.000001 0.000001 0.000001 0.000001 0.000001 0.000001 0.000001
0.039532 0.039694 0.039659 0.039538 0.039371 0.039170 0.038940 0.038676 0.038376 0.038036 0.037649 0.037211 0.036714 0.036154 0.035524 0.034816 0.034024 0.033140 0.032157 0.031067 0.029860 0.028529 0.027064 0.025455 0.023692 0.021765 0.019662 0.017372 0.014883 0.012181 0.009253 0.006084 0.002661 0.000001 0.000001 0.000001 0.000001 0.000001 0.000001 0.000001 0.000001 0.000001 0.000001 0.000001 0.000001 0.000001 0.000001 0.000001 0.000001 0.000001
0.041593 0.040712 0.040204 0.039848 0.039551 0.039270 0.038983 0.038677 0.038343 0.037973 0.037562 0.037101 0.036585 0.036006 0.035359 0.034635 0.033828 0.032930 0.031934 0.030830 0.029611 0.028267 0.026790 0.025169 0.023394 0.021454 0.019339 0.017037 0.014535 0.011820 0.008878 0.005697 0.002260 0.000001 0.000001 0.000001 0.000001 0.000001 0.000001 0.000001 0.000001 0.000001 0.000001 0.000001 0.000001 0.000001 0.000001 0.000001 0.000001 0.000001
0.041280 0.040793 0.040391 0.040035 0.039702 0.039378 0.039049 0.038705 0.038337 0.037938 0.037500 0.037016 0.036478 0.035881 0.035215 0.034475 0.033653 0.032741 0.031730 0.030613 0.029381 0.028026 0.026536 0.024903 0.023117 0.021166 0.019040 0.016726 0.014212 0.011485 0.008533 0.005339 0.001890 0.000001 0.000001 0.000001 0.000001 0.000001 0.000001 0.000001 0.000001 0.000001 0.000001 0.000001 0.000001 0.000001 0.000001 0.000001 0.000001 0.000001
0.040427 0.040542 0.040370 0.040093 0.039775 0.039439 0.039088 0.038719 0.038326 0.037903 0.037442 0.036938 0.036382 0.035766 0.035085 0.034330 0.033493 0.032567 0.031544 0.030415 0.029172 0.027804 0.026304 0.024661 0.022864 0.020903 0.018767 0.016443 0.013920 0.011184 0.008221 0.005018 0.001560 0.000001 0.000001 0.000001 0.000001 0.000001 0.000001 0.000001 0.000001 0.000001 0.000001 0.000001 0.000001 0.000001 0.000001 0.000001 0.000001 0.000001
0.041401 0.040937 0.040548 0.040181 0.039820 0.039457 0.039085 0.038698 0.038287 0.037847 0.037371 0.036851 0.036280 0.035651 0.034957 0.034189 0.033340 0.032403 0.031369 0.030230 0.028977 0.027600 0.026091 0.024439 0.022634 0.020665 0.018521 0.016190 0.013659 0.010916 0.007947 0.004738 0.001274 0.000001 0.000001 0.000001 0.000001 0.000001 0.000001 0.000001 0.000001 0.000001 0.000001 0.000001 0.000001 0.000001 0.000001 0.000001 0.000001 0.000001
0.042033 0.041224 0.040666 0.040218 0.039816 0.039429 0.039041 0.038640 0.038218 0.037767 0.037280 0.036749 0.036167 0.035527 0.034822 0.034045 0.033187 0.032241 0.031199 0.030051 0.028790 0.027407 0.025891 0.024233 0.022422 0.020448 0.018300 0.015964 0.013430 0.010684 0.007712 0.004501 0.001035 0.000001 0.000001 0.000001 0.000001 0.000001 0.000001 0.000001 0.000001 0.000001 0.000001 0.000001 0.000001 0.000001 0.000001 0.000001 0.000001 0.000001
0.041127 0.040869 0.040514 0.040133 0.039749 0.039363 0.038969 0.038561 0.038130 0.037669 0.037172 0.036632 0.036041 0.035393 0.034680 0.033894 0.033029 0.032076 0.031028 0.029875 0.028609 0.027221 0.025701 0.024040 0.022227 0.020252 0.018102 0.015767 0.013233 0.010488 0.007519 0.004311 0.000849 0.000001 0.000001 0.000001 0.000001 0.000001 0.000001 0.000001 0.000001 0.000001 0.000001 0.000001 0.000001 0.000001 0.000001 0.000001 0.000001 0.000001
0.041094 0.040831 0.040467 0.040086 0.039700 0.039307 0.038903 0.038483 0.038040 0.037567 0.037059 0.036508 0.035908 0.035250 0.034529 0.033737 0.032866 0.031908 0.030855 0.029699 0.028431 0.027042 0.025522 0.023861 0.022050 0.020077 0.017931 0.015600 0.013072 0.010334 0.007373 0.004175 0.000724 0.000001 0.000001 0.000001 0.000001 0.000001 0.000001 0.000001 0.000001 0.000001 0.000001 0.000001 0.000001 0.000001 0.000001 0.000001 0.000001 0.000001
0.041929 0.041101 0.040579 0.040138 0.039716 0.039294 0.038866 0.038423 0.037959 0.037469 0.036946 0.036381 0.035769 0.035103 0.034374 0.033576 0.032700 0.031739 0.030684 0.029528 0.028261 0.026873 0.025357 0.023701 0.021896 0.019930 0.017793 0.015473 0.012958 0.010234 0.007288 0.004107 0.000676 0.000001 0.000001 0.000001 0.000001 0.000001 0.000001 0.000001 0.000001 0.000001 0.000001 0.000001 0.000001 0.000001 0.000001 0.000001 0.000001 0.000001
0.041187 0.041087 0.040700 0.040246 0.039780 0.039315 0.038848 0.038373 0.037884 0.037372 0.036831 0.036252 0.035629 0.034954 0.034219 0.033416 0.032538 0.031577 0.030523 0.029370 0.028108 0.026727 0.025219 0.023573 0.021780 0.019828 0.017707 0.015404 0.012909 0.010207 0.007286 0.004131 0.000729 0.000001 0.000001 0.000001 0.000001 0.000001 0.000001 0.000001 0.000001 0.000001 0.000001 0.000001 0.000001 0.000001 0.000001 0.000001 0.000001 0.000001
0.042408 0.041641 0.040985 0.040395 0.039848 0.039327 0.038818 0.038312 0.037798 0.037268 0.036711 0.036122 0.035491 0.034810 0.034072 0.033269 0.032393 0.031435 0.030388 0.029242 0.027990 0.026621 0.025128 0.023498 0.021724 0.019793 0.017695 0.015419 0.012952 0.010282 0.007396 0.004279 0.000919 0.000001 0.000001 0.000001 0.000001 0.000001 0.000001 0.000001 0.000001 0.000001 0.000001 0.000001 0.000001 0.000001 0.000001 0.000001 0.000001 0.000001
0.043059 0.041895 0.041085 0.040421 0.039830 0.039280 0.038750 0.038227 0.037700 0.037159 0.036596 0.036002 0.035368 0.034688 0.033953 0.033154 0.032285 0.031337 0.030301 0.029170 0.027934 0.026584 0.025112 0.023507 0.021759 0.019859 0.017794 0.015554 0.013126 0.010499 0.007660 0.004594 0.001289 0.000001 0.000001 0.000001 0.000001 0.000001 0.000001 0.000001 0.000001 0.000001 0.000001 0.000001 0.000001 0.000001 0.000001 0.000001 0.000001 0.000001
0.041814 0.041420 0.040855 0.040281 0.039725 0.039188 0.038662 0.038140 0.037613 0.037073 0.036511 0.035920 0.035291 0.034617 0.033890 0.033103 0.032247 0.031314 0.030297 0.029187 0.027975 0.026652 0.025209 0.023638 0.021927 0.020066 0.018045 0.015853 0.013477 0.010906 0.008128 0.005128 0.001893 0.000001 0.000001 0.000001 0.000001 0.000001 0.000001 0.000001 0.000001 0.000001 0.000001 0.000001 0.000001 0.000001 0.000001 0.000001 0.000001 0.000001
0.041845 0.041273 0.040743 0.040209 0.039677 0.039154 0.038636 0.038120 0.037597 0.037061 0.036505 0.035921 0.035301 0.034639 0.033926 0.033155 0.032319 0.031408 0.030417 0.029335 0.028155 0.026868 0.025465 0.023936 0.022273 0.020464 0.018499 0.016367 0.014058 0.011558 0.008856 0.005938 0.002792 0.000001 0.000001 0.000001 0.000001 0.000001 0.000001 0.000001 0.000001 0.000001 0.000001 0.000001 0.000001 0.000001 0.000001 0.000001 0.000001 0.000001
0.042279 0.041653 0.041004 0.040400 0.039833 0.039290 0.038762 0.038240 0.037716 0.037182 0.036631 0.036055 0.035447 0.034799 0.034105 0.033355 0.032544 0.031663 0.030705 0.029660 0.028521 0.027280 0.025927 0.024453 0.022848 0.021104 0.019209 0.017153 0.014925 0.012513 0.009905 0.007088 0.004050 0.000794 0.000001 0.000001 0.000001 0.000001 0.000001 0.000001 0.000001 0.000001 0.000001 0.000001 0.000001 0.000001 0.000001 0.000001 0.000001 0.000001
0.043570 0.042360 0.041529 0.040840 0.040221 0.039643 0.039090 0.038552 0.038018 0.037481 0.036933 0.036365 0.035769 0.035140 0.034468 0.033746 0.032967 0.032123 0.031206 0.030207 0.029120 0.027935 0.026643 0.025236 0.023705 0.022039 0.020229 0.018265 0.016135 0.013828 0.011333 0.008638 0.005729 0.002594 0.000001 0.000001 0.000001 0.000001 0.000001 0.000001 0.000001 0.000001 0.000001 0.000001 0.000001 0.000001 0.000001 0.000001 0.000001 0.000001
0.043192 0.042783 0.042137 0.041464 0.040818 0.040206 0.039624 0.039066 0.038520 0.037979 0.037434 0.036877 0.036299 0.035693 0.035050 0.034363 0.033624 0.032826 0.031960 0.031018 0.029993 0.028877 0.027660 0.026334 0.024889 0.023318 0.021609 0.019754 0.017740 0.015559 0.013197 0.010644 0.007887 0.004914 0.001753 0.000001 0.000001 0.000001 0.000001 0.000001 0.000001 0.000001 0.000001 0.000001 0.000001 0.000001 0.000001 0.000001 0.000001 0.000001
0.044944 0.043949 0.043086 0.042308 0.041599 0.040947 0.040339 0.039765 0.039215 0.038677 0.038144 0.037606 0.037053 0.036479 0.035875 0.035232 0.034544 0.033802 0.032999 0.032126 0.031177 0.030142 0.029013 0.027783 0.026441 0.024980 0.023390 0.021662 0.019784 0.017747 0.015540 0.013152 0.010571 0.007785 0.004783 0.001717 0.000001 0.000001 0.000001 0.000001 0.000001 0.000001 0.000001 0.000001 0.000001 0.000001 0.000001 0.000001 0.000001 0.000001
0.046494 0.045140 0.044104 0.043242 0.042491 0.041817 0.041202 0.040631 0.040091 0.039572 0.039065 0.038558 0.038044 0.037514 0.036960 0.036374 0.035749 0.035076 0.034348 0.033557 0.032696 0.031756 0.030731 0.029611 0.028389 0.027055 0.025601 0.024017 0.022295 0.020424 0.018394 0.016193 0.013812 0.011238 0.008460 0.005478 0.002475 0.000022 0.000001 0.000001 0.000001 0.000001 0.000001 0.000001 0.000001 0.000001 0.000001 0.000001 0.000001 0.000001
0.046734 0.045845 0.044977 0.044174 0.043450 0.042797 0.042205 0.041661 0.041154 0.040672 0.040206 0.039746 0.039284 0.038812 0.038321 0.037804 0.037253 0.036661 0.036020 0.035324 0.034565 0.033735 0.032826 0.031832 0.030744 0.029554 0.028254 0.026834 0.025287 0.023602 0.021769 0.019780 0.017623 0.015287 0.012761 0.010034 0.007118 0.004144 0.001558 0.000001 0.000001 0.000001 0.000001 0.000001 0.000001 0.000001 0.000001 0.000001 0.000001 0.000001
0.047647 0.046849 0.046003 0.045232 0.044546 0.043936 0.043388 0.042890 0.042430 0.041999 0.041587 0.041185 0.040786 0.040381 0.039964 0.039525 0.039060 0.038559 0.038018 0.037428 0.036782 0.036074 0.035297 0.034443 0.033504 0.032474 0.031344 0.030106 0.028752 0.027273 0.025660 0.023904 0.021994 0.019921 0.017674 0.015242 0.012616 0.009809 0.006905 0.004079 0.001748 0.000001 0.000001 0.000001 0.000001 0.000001 0.000001 0.000001 0.000001 0.000001
0.049768 0.048232 0.047261 0.046508 0.045869 0.045309 0.044810 0.044362 0.043953 0.043577 0.043223 0.042884 0.042553 0.042222 0.041883 0.041531 0.041158 0.040758 0.040325 0.039851 0.039330 0.038756 0.038121 0.037420 0.036646 0.035790 0.034847 0.033807 0.032665 0.031411 0.030037 0.028535 0.026895 0.025108 0.023165 0.021055 0.018768 0.016296 0.013645 0.010858 0.008042 0.005307 0.002989 0.001051 0.000001 0.000001 0.000001 0.000001 0.000001 0.000001
0.049508 0.049275 0.048698 0.048078 0.047497 0.046974 0.046509 0.046098 0.045732 0.045404 0.045105 0.044828 0.044565 0.044309 0.044054 0.043793 0.043518 0.043225 0.042907 0.042558 0.042171 0.041741 0.041261 0.040725 0.040127 0.039460 0.038718 0.037893 0.036978 0.035967 0.034851 0.033623 0.032274 0.030796 0.029179 0.027416 0.025495 0.023408 0.021146 0.018711 0.016123 0.013425 0.010698 0.008047 0.005528 0.003452 0.001666 0.000036 0.000001 0.000001
0.052678 0.051671 0.050824 0.050088 0.049454 0.048912 0.048450 0.048057 0.047721 0.047433 0.047185 0.046967 0.046772 0.046594 0.046424 0.046258 0.046087 0.045908 0.045712 0.045496 0.045252 0.044976 0.044661 0.044301 0.043892 0.043426 0.042898 0.042302 0.041631 0.040878 0.040037 0.039100 0.038060 0.036910 0.035641 0.034245 0.032714 0.031038 0.029208 0.027218 0.025063 0.022751 0.020300 0.017749 0.015136 0.012545 0.010043 0.007623 0.005492 0.003715
0.055977 0.054305 0.053124 0.052234 0.051532 0.050964 0.050502 0.050125 0.049819 0.049573 0.049376 0.049221 0.049099 0.049002 0.048924 0.048858 0.048799 0.048740 0.048675 0.048600 0.048508 0.048395 0.048255 0.048082 0.047872 0.047619 0.047318 0.046963 0.046548 0.046067 0.045514 0.044884 0.044169 0.043362 0.042458 0.041447 0.040324 0.039079 0.037705 0.036193 0.034536 0.032728 0.030770 0.028667 0.026434 0.024094 0.021683 0.019229 0.016769 0.014387
0.056859 0.055799 0.054889 0.054116 0.053469 0.052938 0.052509 0.052170 0.051909 0.051718 0.051585 0.051502 0.051461 0.051456 0.051479 0.051523 0.051583 0.051654 0.051729 0.051804 0.051873 0.051932 0.051975 0.051999 0.051998 0.051967 0.051902 0.051797 0.051648 0.051449 0.051196 0.050883 0.050504 0.050053 0.049524 0.048912 0.048209 0.047409 0.046505 0.045489 0.044354 0.043092 0.041698 0.040169 0.038503 0.036704 0.034784 0.032755 0.030634 0.028447
0.057563 0.057097 0.056438 0.055790 0.055221 0.054751 0.054379 0.054101 0.053907 0.053788 0.053735 0.053740 0.053795 0.053893 0.054028 0.054193 0.054383 0.054592 0.054815 0.055048 0.055286 0.055524 0.055758 0.055984 0.056198 0.056395 0.056572 0.056724 0.056847 0.056936 0.056988 0.056998 0.056960 0.056871 0.056725 0.056517 0.056242 0.055893 0.055465 0.054953 0.054348 0.053646 0.052839 0.051922 0.050890 0.049739 0.048469 0.047082 0.045583 0.043979
0.060331 0.059045 0.058105 0.057384 0.056825 0.056402 0.056096 0.055894 0.055783 0.055754 0.055797 0.055904 0.056068 0.056281 0.056538 0.056832 0.057159 0.057513 0.057890 0.058285 0.058695 0.059116 0.059544 0.059975 0.060405 0.060833 0.061253 0.061662 0.062057 0.062435 0.062792 0.063124 0.063428 0.063700 0.063935 0.064130 0.064280 0.064381 0.064429 0.064418 0.064343 0.064199 0.063980 0.063682 0.063299 0.062825 0.062257 0.061592 0.060829 0.059968
0.061808 0.060411 0.059449 0.058756 0.058256 0.057908 0.057688 0.057578 0.057565 0.057638 0.057787 0.058004 0.058283 0.058616 0.058999 0.059425 0.059890 0.060390 0.060921 0.061478 0.062059 0.062661 0.063279 0.063912 0.064556 0.065208 0.065867 0.066528 0.067190 0.067849 0.068504 0.069152 0.069788 0.070412 0.071019 0.071608 0.072174 0.072714 0.073225 0.073703 0.074145 0.074547 0.074904 0.075213 0.075468 0.075666 0.075803 0.075874 0.075876 0.075807
0.061525 0.061025 0.060444 0.059954 0.059592 0.059358 0.059241 0.059232 0.059319 0.059494 0.059747 0.060072 0.060462 0.060911 0.061414 0.061966 0.062564 0.063203 0.063880 0.064592 0.065336 0.066109 0.066909 0.067733 0.068579 0.069446 0.070331 0.071232 0.072147 0.073075 0.074013 0.074960 0.075914 0.076873 0.077835 0.078798 0.079760 0.080718 0.081672 0.082618 0.083553 0.084476 0.085383 0.086272 0.087140 0.087983 0.088799 0.089584 0.090336 0.091051
0.063137 0.062279 0.061713 0.061308 0.061038 0.060892 0.060862 0.060936 0.061108 0.061369 0.061712 0.062129 0.062615 0.063166 0.063775 0.064440 0.065156 0.065919 0.066728 0.067580 0.068471 0.069400 0.070365 0.071364 0.072396 0.073459 0.074552 0.075673 0.076822 0.077996 0.079196 0.080420 0.081667 0.082936 0.084227 0.085537 0.086866 0.088214 0.089578 0.090958 0.092352 0.093760 0.095179 0.096609 0.098047 0.099493 0.100944 0.102400 0.103857 0.105314
0.064522 0.063887 0.063327 0.062929 0.062685 0.062577 0.062591 0.062717 0.062943 0.063264 0.063670 0.064157 0.064717 0.065347 0.066042 0.066798 0.067612 0.068481 0.069401 0.070372 0.071390 0.072455 0.073564 0.074716 0.075911 0.077147 0.078424 0.079740 0.081096 0.082490 0.083923 0.085394 0.086903 0.088450 0.090034 0.091656 0.093315 0.095011 0.096745 0.098516 0.100323 0.102168 0.104050 0.105968 0.107923 0.109914 0.111941 0.114003 0.116102 0.118235
0.066841 0.065744 0.065100 0.064684 0.064435 0.064331 0.064356 0.064499 0.064751 0.065103 0.065547 0.066078 0.066689 0.067375 0.068133 0.068958 0.069848 0.070799 0.071808 0.072875 0.073997 0.075173 0.076402 0.077682 0.079013 0.080395 0.081827 0.083309 0.084841 0.086423 0.088055 0.089737 0.091471 0.093256 0.095094 0.096984 0.098927 0.100925 0.102978 0.105086 0.107252 0.109476 0.111758 0.114101 0.116504 0.118970 0.121498 0.124091 0.126749 0.129473
0.067500 0.067220 0.066748 0.066353 0.066093 0.065975 0.065991 0.066131 0.066388 0.066750 0.067212 0.067767 0.068408 0.069131 0.069931 0.070805 0.071749 0.072761 0.073838 0.074978 0.076180 0.077442 0.078764 0.080146 0.081585 0.083083 0.084639 0.086254 0.087928 0.089661 0.091454 0.093309 0.095225 0.097204 0.099247 0.101356 0.103532 0.105776 0.108091 0.110477 0.112936 0.115472 0.118084 0.120776 0.123549 0.126406 0.129349 0.132379 0.135501 0.138715
0.070270 0.069028 0.068263 0.067760 0.067451 0.067303 0.067300 0.067429 0.067679 0.068042 0.068511 0.069077 0.069735 0.070480 0.071307 0.072213 0.073195 0.074249 0.075373 0.076565 0.077824 0.079150 0.080540 0.081994 0.083514 0.085097 0.086745 0.088458 0.090237 0.092083 0.093996 0.095979 0.098032 0.100156 0.102355 0.104628 0.106979 0.109410 0.111922 0.114518 0.117200 0.119971 0.122834 0.125792 0.128847 0.132002 0.135261 0.138626 0.142102 0.145689
0.070835 0.069861 0.069141 0.068628 0.068298 0.068130 0.068111 0.068229 0.068474 0.068835 0.069306 0.069879 0.070547 0.071306 0.072150 0.073076 0.074081 0.075161 0.076315 0.077540 0.078836 0.080200 0.081634 0.083135 0.084704 0.086342 0.088049 0.089825 0.091671 0.093589 0.095580 0.097645 0.099786 0.102005 0.104304 0.106685 0.109149 0.111701 0.114342 0.117076 0.119904 0.122831 0.125859 0.128991 0.132232 0.135584 0.139052 0.142640 0.146351 0.150178
0.070617 0.070005 0.069368 0.068863 0.068522 0.068343 0.068317 0.068432 0.068676 0.069040 0.069515 0.070094 0.070769 0.071536 0.072390 0.073327 0.074342 0.075435 0.076602 0.077842 0.079153 0.080534 0.081985 0.083507 0.085097 0.086758 0.088489 0.090292 0.092167 0.094116 0.096140 0.098240 0.100420 0.102680 0.105022 0.107450 0.109965 0.112571 0.115270 0.118065 0.120959 0.123956 0.127059 0.130272 0.133598 0.137042 0.140607 0.144298 0.148119 0.152022
0.071118 0.069841 0.069012 0.068447 0.068090 0.067912 0.067894 0.068018 0.068272 0.068645 0.069128 0.069712 0.070392 0.071161 0.072016 0.072951 0.073966 0.075055 0.076218 0.077453 0.078758 0.080133 0.081577 0.083090 0.084672 0.086324 0.088045 0.089838 0.091702 0.093640 0.095652 0.097740 0.099907 0.102154 0.104483 0.106897 0.109398 0.111989 0.114673 0.117453 0.120332 0.123313 0.126399 0.129595 0.132905 0.136331 0.139879 0.143552 0.147355 0.151239
0.069542 0.068611 0.067862 0.067347 0.067036 0.066899 0.066914 0.067063 0.067335 0.067718 0.068206 0.068790 0.069465 0.070227 0.071069 0.071990 0.072986 0.074055 0.075195 0.076403 0.077680 0.079023 0.080433 0.081910 0.083452 0.085062 0.086739 0.088484 0.090297 0.092181 0.094137 0.096166 0.098269 0.100449 0.102708 0.105047 0.107470 0.109979 0.112576 0.115264 0.118047 0.120926 0.123906 0.126990 0.130180 0.133482 0.136899 0.140434 0.144092 0.147865
0.067565 0.066675 0.066132 0.065778 0.065572 0.065500 0.065553 0.065723 0.066002 0.066384 0.066862 0.067431 0.068085 0.068821 0.069634 0.070521 0.071479 0.072505 0.073599 0.074758 0.075980 0.077266 0.078614 0.080025 0.081497 0.083032 0.084629 0.086289 0.088013 0.089802 0.091657 0.093579 0.095570 0.097631 0.099764 0.101971 0.104254 0.106614 0.109055 0.111578 0.114186 0.116882 0.119668 0.122547 0.125523 0.128597 0.131774 0.135056 0.138447 0.141949
0.064815 0.064731 0.064461 0.064210 0.064041 0.063977 0.064021 0.064172 0.064426 0.064777 0.065219 0.065748 0.066358 0.067045 0.067806 0.068636 0.069533 0.070495 0.071519 0.072603 0.073746 0.074948 0.076206 0.077521 0.078893 0.080320 0.081804 0.083344 0.084941 0.086596 0.088308 0.090080 0.091912 0.093805 0.095760 0.097779 0.099863 0.102014 0.104234 0.106523 0.108885 0.111320 0.113831 0.116420 0.119089 0.121840 0.124676 0.127598 0.130610 0.133714
0.064904 0.064032 0.063397 0.062940 0.062637 0.062473 0.062436 0.062517 0.062705 0.062992 0.063370 0.063833 0.064375 0.064991 0.065676 0.066428 0.067242 0.068115 0.069046 0.070033 0.071072 0.072164 0.073307 0.074500 0.075742 0.077033 0.078372 0.079759 0.081195 0.082678 0.084211 0.085792 0.087422 0.089102 0.090832 0.092614 0.094447 0.096333 0.098273 0.100267 0.102316 0.104422 0.106585 0.108807 0.111088 0.113430 0.115835 0.118302 0.120834 0.123432
0.064833 0.063362 0.062362 0.061667 0.061198 0.060910 0.060771 0.060761 0.060864 0.061068 0.061363 0.061742 0.062198 0.062725 0.063317 0.063972 0.064684 0.065451 0.066270 0.067138 0.068054 0.069014 0.070019 0.071066 0.072154 0.073282 0.074449 0.075655 0.076899 0.078181 0.079500 0.080855 0.082247 0.083675 0.085140 0.086641 0.088177 0.089750 0.091359 0.093004 0.094684 0.096401 0.098153 0.099942 0.101766 0.103626 0.105521 0.107452 0.109417 0.111418
0.062539 0.061566 0.060686 0.060002 0.059500 0.059158 0.058953 0.058870 0.058894 0.059015 0.059223 0.059511 0.059871 0.060298 0.060787 0.061332 0.061930 0.062577 0.063269 0.064004 0.064779 0.065592 0.066440 0.067323 0.068237 0.069182 0.070156 0.071157 0.072186 0.073239 0.074317 0.075418 0.076542 0.077686 0.078851 0.080036 0.081238 0.082458 0.083695 0.084946 0.086212 0.087491 0.088781 0.090082 0.091392 0.092709 0.094032 0.095359 0.096689 0.098021
0.060452 0.059362 0.058632 0.058054 0.057592 0.057240 0.056997 0.056855 0.056809 0.056851 0.056973 0.057169 0.057432 0.057756 0.058135 0.058565 0.059041 0.059559 0.060116 0.060708 0.061332 0.061986 0.062666 0.063370 0.064097 0.064843 0.065607 0.066387 0.067182 0.067988 0.068805 0.069630 0.070462 0.071299 0.072138 0.072979 0.073819 0.074657 0.075489 0.076313 0.077129 0.077932 0.078721 0.079493 0.080244 0.080973 0.081676 0.082350 0.082993 0.083602
0.057540 0.057312 0.056767 0.056197 0.055695 0.055289 0.054983 0.054774 0.054654 0.054617 0.054654 0.054759 0.054924 0.055144 0.055413 0.055726 0.056078 0.056464 0.056881 0.057325 0.057792 0.058280 0.058784 0.059303 0.059832 0.060371 0.060915 0.061463 0.062011 0.062557 0.063099 0.063634 0.064159 0.064671 0.065169 0.065648 0.066105 0.066539 0.066945 0.067320 0.067661 0.067963 0.068223 0.068438 0.068602 0.068711 0.068763 0.068753 0.068678 0.068536
0.057915 0.056516 0.055408 0.054547 0.053877 0.053359 0.052965 0.052676 0.052479 0.052362 0.052315 0.052330 0.052400 0.052518 0.052678 0.052874 0.053102 0.053356 0.053632 0.053926 0.054235 0.054554 0.054880 0.055209 0.055538 0.055864 0.056183 0.056493 0.056789 0.057069 0.057328 0.057565 0.057775 0.057954 0.058100 0.058207 0.058272 0.058290 0.058258 0.058171 0.058023 0.057811 0.057528 0.057170 0.056731 0.056207 0.055594 0.054890 0.054094 0.053207
0.057326 0.055069 0.053700 0.052728 0.051986 0.051404 0.050947 0.050592 0.050326 0.050135 0.050008 0.049937 0.049915 0.049934 0.049987 0.050069 0.050174 0.050298 0.050435 0.050581 0.050732 0.050883 0.051030 0.051171 0.051299 0.051412 0.051506 0.051577 0.051621 0.051633 0.051610 0.051547 0.051440 0.051285 0.051076 0.050810 0.050480 0.050081 0.049608 0.049056 0.048417 0.047687 0.046858 0.045926 0.044885 0.043732 0.042468 0.041095 0.039619 0.038051
0.052206 0.052057 0.051412 0.050694 0.050030 0.049454 0.048970 0.048570 0.048246 0.047989 0.047788 0.047636 0.047525 0.047447 0.047397 0.047368 0.047354 0.047349 0.047350 0.047351 0.047347 0.047334 0.047306 0.047261 0.047192 0.047097 0.046969 0.046805 0.046600 0.046349 0.046047 0.045690 0.045271 0.044786 0.044228 0.043593 0.042873 0.042063 0.041156 0.040145 0.039022 0.037781 0.036417 0.034925 0.033305 0.031562 0.029709 0.027758 0.025732 0.023663
0.051420 0.050572 0.049730 0.048950 0.048255 0.047648 0.047125 0.046679 0.046300 0.045979 0.045707 0.045476 0.045279 0.045108 0.044956 0.044819 0.044689 0.044561 0.044429 0.044289 0.044135 0.043963 0.043766 0.043541 0.043282 0.042984 0.042642 0.042251 0.041806 0.041300 0.040729 0.040086 0.039366 0.038561 0.037666 0.036674 0.035577 0.034369 0.033041 0.031585 0.029995 0.028264 0.026392 0.024385 0.022259 0.020042 0.017768 0.015465 0.013213 0.011045
0.051923 0.049833 0.048508 0.047522 0.046724 0.046052 0.045474 0.044973 0.044534 0.044147 0.043803 0.043494 0.043211 0.042949 0.042700 0.042457 0.042215 0.041968 0.041710 0.041435 0.041138 0.040814 0.040456 0.040060 0.039620 0.039130 0.038585 0.037978 0.037304 0.036556 0.035729 0.034815 0.033807 0.032699 0.031484 0.030152 0.028697 0.027109 0.025381 0.023504 0.021474 0.019296 0.016989 0.014593 0.012155 0.009774 0.007474 0.005346 0.003599 0.002065
0.048792 0.048017 0.047052 0.046154 0.045357 0.044652 0.044026 0.043468 0.042966 0.042511 0.042093 0.041705 0.041339 0.040988 0.040644 0.040302 0.039954 0.039594 0.039217 0.038815 0.038384 0.037917 0.037409 0.036853 0.036244 0.035574 0.034839 0.034031 0.033143 0.032170 0.031103 0.029936 0.028661 0.027270 0.025754 0.024106 0.022315 0.020374 0.018273 0.016010 0.013600 0.011086 0.008560 0.006109 0.003909 0.002107 0.000512 0.000001 0.000001 0.000001
0.047897 0.046784 0.045871 0.045009 0.044201 0.043457 0.042776 0.042155 0.041586 0.041061 0.040570 0.040106 0.039660 0.039224 0.038793 0.038357 0.037911 0.037447 0.036960 0.036442 0.035888 0.035291 0.034645 0.033943 0.033178 0.032345 0.031436 0.030443 0.029361 0.028181 0.026895 0.025497 0.023976 0.022326 0.020536 0.018597 0.016499 0.014234 0.011800 0.009227 0.006618 0.004104 0.002033 0.000274 0.000001 0.000001 0.000001 0.000001 0.000001 0.000001
0.047020 0.046239 0.045202 0.044199 0.043279 0.042445 0.041688 0.040996 0.040359 0.039766 0.039208 0.038674 0.038156 0.037645 0.037135 0.036616 0.036082 0.035526 0.034941 0.034320 0.033657 0.032944 0.032174 0.031341 0.030439 0.029459 0.028394 0.027237 0.025980 0.024615 0.023134 0.021527 0.019787 0.017904 0.015867 0.013668 0.011295 0.008747 0.006077 0.003450 0.001280 0.000001 0.000001 0.000001 0.000001 0.000001 0.000001 0.000001 0.000001 0.000001
0.048683 0.046295 0.044720 0.043478 0.042426 0.041504 0.040678 0.039928 0.039236 0.038590 0.037976 0.037385 0.036808 0.036235 0.035658 0.035069 0.034461 0.033826 0.033157 0.032447 0.031689 0.030876 0.030000 0.029054 0.028031 0.026923 0.025723 0.024423 0.023014 0.021487 0.019835 0.018047 0.016115 0.014028 0.011776 0.009348 0.006738 0.004009 0.001513 0.000001 0.000001 0.000001 0.000001 0.000001 0.000001 0.000001 0.000001 0.000001 0.000001 0.000001
0.045889 0.044888 0.043643 0.042486 0.041451 0.040523 0.039681 0.038907 0.038187 0.037507 0.036857 0.036225 0.035603 0.034982 0.034353 0.033708 0.033040 0.032341 0.031603 0.030819 0.029982 0.029085 0.028120 0.027079 0.025955 0.024741 0.023426 0.022005 0.020467 0.018804 0.017007 0.015065 0.012970 0.010710 0.008275 0.005653 0.002883 0.000440 0.000001 0.000001 0.000001 0.000001 0.000001 0.000001 0.000001 0.000001 0.000001 0.000001 0.000001 0.000001
0.045316 0.043606 0.042422 0.041384 0.040428 0.039541 0.038717 0.037945 0.037217 0.036522 0.035850 0.035192 0.034539 0.033883 0.033216 0.032528 0.031814 0.031064 0.030272 0.029430 0.028531 0.027567 0.026530 0.025414 0.024208 0.022907 0.021500 0.019980 0.018338 0.016564 0.014649 0.012582 0.010353 0.007951 0.005365 0.002595 0.000048 0.000001 0.000001 0.000001 0.000001 0.000001 0.000001 0.000001 0.000001 0.000001 0.000001 0.000001 0.000001 0.000001
0.042573 0.042300 0.041427 0.040471 0.039546 0.038676 0.037859 0.037089 0.036357 0.035653 0.034968 0.034293 0.033619 0.032939 0.032244 0.031526 0.030778 0.029992 0.029160 0.028274 0.027328 0.026314 0.025223 0.024049 0.022782 0.021414 0.019937 0.018342 0.016619 0.014759 0.012752 0.010588 0.008256 0.005744 0.003041 0.000299 0.000001 0.000001 0.000001 0.000001 0.000001 0.000001 0.000001 0.000001 0.000001 0.000001 0.000001 0.000001 0.000001 0.000001
0.044699 0.042428 0.040991 0.039852 0.038862 0.037966 0.037138 0.036361 0.035622 0.034910 0.034216 0.033530 0.032843 0.032148 0.031435 0.030697 0.029927 0.029116 0.028257 0.027342 0.026365 0.025316 0.024188 0.022974 0.021664 0.020250 0.018723 0.017075 0.015296 0.013375 0.011304 0.009070 0.006664 0.004072 0.001285 0.000001 0.000001 0.000001 0.000001 0.000001 0.000001 0.000001 0.000001 0.000001 0.000001 0.000001 0.000001 0.000001 0.000001 0.000001
0.042383 0.041425 0.040289 0.039221 0.038246 0.037352 0.036523 0.035743 0.035002 0.034287 0.033588 0.032897 0.032204 0.031501 0.030779 0.030031 0.029249 0.028426 0.027553 0.026623 0.025628 0.024560 0.023411 0.022174 0.020839 0.019399 0.017843 0.016164 0.014351 0.012394 0.010283 0.008007 0.005554 0.002914 0.000096 0.000001 0.000001 0.000001 0.000001 0.000001 0.000001 0.000001 0.000001 0.000001 0.000001 0.000001 0.000001 0.000001 0.000001 0.000001
0.041974 0.040680 0.039601 0.038605 0.037672 0.036801 0.035983 0.035210 0.034473 0.033761 0.033066 0.032377 0.031686 0.030984 0.030263 0.029515 0.028733 0.027908 0.027033 0.026100 0.025101 0.024029 0.022875 0.021632 0.020290 0.018841 0.017276 0.015586 0.013760 0.011790 0.009664 0.007371 0.004900 0.002239 0.000001 0.000001 0.000001 0.000001 0.000001 0.000001 0.000001 0.000001 0.000001 0.000001 0.000001 0.000001 0.000001 0.000001 0.000001 0.000001
0.041030 0.040111 0.039094 0.038105 0.037177 0.036312 0.035504 0.034742 0.034017 0.033317 0.032632 0.031954 0.031274 0.030582 0.029872 0.029134 0.028361 0.027546 0.026680 0.025757 0.024767 0.023704 0.022560 0.021325 0.019992 0.018552 0.016996 0.015314 0.013497 0.011534 0.009415 0.007129 0.004664 0.002009 0.000001 0.000001 0.000001 0.000001 0.000001 0.000001 0.000001 0.000001 0.000001 0.000001 0.000001 0.000001 0.000001 0.000001 0.000001 0.000001
0.041568 0.040047 0.038775 0.037687 0.036729 0.035864 0.035069 0.034326 0.033620 0.032939 0.032275 0.031616 0.030954 0.030282 0.029590 0.028871 0.028117 0.027322 0.026476 0.025573 0.024605 0.023564 0.022441 0.021230 0.019921 0.018505 0.016974 0.015318 0.013527 0.011592 0.009500 0.007242 0.004806 0.002180 0.000001 0.000001 0.000001 0.000001 0.000001 0.000001 0.000001 0.000001 0.000001 0.000001 0.000001 0.000001 0.000001 0.000001 0.000001 0.000001
0.041126 0.039438 0.038187 0.037154 0.036247 0.035425 0.034666 0.033954 0.033276 0.032622 0.031983 0.031349 0.030713 0.030066 0.029401 0.028709 0.027983 0.027215 0.026399 0.025527 0.024590 0.023582 0.022494 0.021318 0.020046 0.018668 0.017177 0.015562 0.013813 0.011922 0.009876 0.007665 0.005277 0.002700 0.000001 0.000001 0.000001 0.000001 0.000001 0.000001 0.000001 0.000001 0.000001 0.000001 0.000001 0.000001 0.000001 0.000001 0.000001 0.000001
0.038786 0.038158 0.037386 0.036574 0.035778 0.035020 0.034304 0.033626 0.032979 0.032354 0.031744 0.031140 0.030534 0.029918 0.029285 0.028626 0.027935 0.027204 0.026425 0.025592 0.024696 0.023731 0.022687 0.021557 0.020333 0.019005 0.017565 0.016004 0.014312 0.012478 0.010493 0.008344 0.006020 0.003510 0.000801 0.000001 0.000001 0.000001 0.000001 0.000001 0.000001 0.000001 0.000001 0.000001 0.000001 0.000001 0.000001 0.000001 0.000001 0.000001
0.038251 0.037848 0.037063 0.036230 0.035430 0.034683 0.033985 0.033330 0.032709 0.032114 0.031535 0.030964 0.030393 0.029813 0.029218 0.028599 0.027949 0.027261 0.026527 0.025741 0.024894 0.023978 0.022987 0.021912 0.020744 0.019476 0.018098 0.016601 0.014975 0.013210 0.011296 0.009222 0.006975 0.004545 0.001917 0.000001 0.000001 0.000001 0.000001 0.000001 0.000001 0.000001 0.000001 0.000001 0.000001 0.000001 0.000001 0.000001 0.000001 0.000001
0.040779 0.038420 0.037009 0.035961 0.035091 0.034330 0.033645 0.033014 0.032424 0.031864 0.031322 0.030791 0.030261 0.029724 0.029173 0.028600 0.027998 0.027359 0.026676 0.025943 0.025150 0.024292 0.023359 0.022345 0.021241 0.020039 0.018729 0.017303 0.015751 0.014063 0.012228 0.010236 0.008075 0.005732 0.003196 0.000507 0.000001 0.000001 0.000001 0.000001 0.000001 0.000001 0.000001 0.000001 0.000001 0.000001 0.000001 0.000001 0.000001 0.000001
0.037863 0.037136 0.036199 0.035322 0.034539 0.033838 0.033204 0.032623 0.032082 0.031570 0.031077 0.030595 0.030114 0.029628 0.029128 0.028606 0.028057 0.027473 0.026846 0.026169 0.025436 0.024638 0.023769 0.022820 0.021783 0.020650 0.019413 0.018061 0.016586 0.014978 0.013226 0.011320 0.009248 0.006998 0.004557 0.001915 0.000001 0.000001 0.000001 0.000001 0.000001 0.000001 0.000001 0.000001 0.000001 0.000001 0.000001 0.000001 0.000001 0.000001
0.036618 0.035849 0.035142 0.034455 0.033808 0.033210 0.032660 0.032151 0.031676 0.031226 0.030792 0.030367 0.029943 0.029513 0.029068 0.028603 0.028110 0.027583 0.027014 0.026396 0.025723 0.024988 0.024182 0.023299 0.022330 0.021267 0.020101 0.018824 0.017427 0.015898 0.014229 0.012408 0.010424 0.008265 0.005919 0.003372 0.000673 0.000001 0.000001 0.000001 0.000001 0.000001 0.000001 0.000001 0.000001 0.000001 0.000001 0.000001 0.000001 0.000001
0.035657 0.034960 0.034262 0.033631 0.033063 0.032549 0.032079 0.031646 0.031241 0.030857 0.030486 0.030121 0.029756 0.029382 0.028994 0.028585 0.028148 0.027677 0.027165 0.026605 0.025991 0.025315 0.024571 0.023750 0.022846 0.021849 0.020752 0.019545 0.018220 0.016766 0.015175 0.013434 0.011532 0.009459 0.007201 0.004746 0.002083 0.000001 0.000001 0.000001 0.000001 0.000001 0.000001 0.000001 0.000001 0.000001 0.000001 0.000001 0.000001 0.000001
0.035411 0.034268 0.033505 0.032904 0.032393 0.031944 0.031541 0.031173 0.030830 0.030506 0.030193 0.029883 0.029572 0.029251 0.028915 0.028557 0.028172 0.027752 0.027291 0.026784 0.026222 0.025600 0.024911 0.024146 0.023299 0.022361 0.021324 0.020180 0.018919 0.017531 0.016008 0.014337 0.012509 0.010510 0.008330 0.005955 0.003371 0.000612 0.000001 0.000001 0.000001 0.000001 0.000001 0.000001 0.000001 0.000001 0.000001 0.000001 0.000001 0.000001
0.033567 0.033245 0.032760 0.032282 0.031847 0.031457 0.031107 0.030788 0.030494 0.030216 0.029948 0.029683 0.029415 0.029137 0.028843 0.028528 0.028184 0.027806 0.027388 0.026923 0.026405 0.025827 0.025182 0.024463 0.023663 0.022773 0.021785 0.020691 0.019482 0.018148 0.016679 0.015065 0.013295 0.011358 0.009240 0.006929 0.004411 0.001676 0.000001 0.000001 0.000001 0.000001 0.000001 0.000001 0.000001 0.000001 0.000001 0.000001 0.000001 0.000001
0.033580 0.032889 0.032354 0.031894 0.031490 0.031132 0.030813 0.030525 0.030261 0.030014 0.029776 0.029541 0.029302 0.029054 0.028790 0.028504 0.028190 0.027842 0.027454 0.027019 0.026532 0.025985 0.025371 0.024685 0.023917 0.023061 0.022107 0.021049 0.019876 0.018580 0.017150 0.015576 0.013847 0.011951 0.009877 0.007611 0.005140 0.002450 0.000001 0.000001 0.000001 0.000001 0.000001 0.000001 0.000001 0.000001 0.000001 0.000001 0.000001 0.000001
0.033379 0.032744 0.032195 0.031727 0.031325 0.030976 0.030669 0.030395 0.030145 0.029911 0.029688 0.029468 0.029244 0.029011 0.028762 0.028491 0.028192 0.027860 0.027487 0.027068 0.026596 0.026065 0.025468 0.024798 0.024048 0.023209 0.022273 0.021233 0.020079 0.018802 0.017392 0.015839 0.014131 0.012257 0.010205 0.007963 0.005516 0.002850 0.000001 0.000001 0.000001 0.000001 0.000001 0.000001 0.000001 0.000001 0.000001 0.000001 0.000001 0.000001
