0.115488 0.114539 0.114109 0.113828 0.113596 0.113380 0.113169 0.112958 0.112746 0.112532 0.112318 0.112103 0.111889 0.111676 0.111465 0.111257 0.111051 0.110848 0.110648 0.110452 0.110261 0.110073 0.109890 0.109712 0.109538 0.109369 0.109205 0.109046 0.108893 0.108745 0.108602 0.108465 0.108333 0.108207 0.108087 0.107972 0.107864 0.107761 0.107665 0.107574 0.107490 0.107412 0.107341 0.107276 0.107217 0.107165 0.107120 0.107081 0.107049 0.107024
0.112603 0.113940 0.114119 0.114020 0.113840 0.113631 0.113410 0.113182 0.112953 0.112722 0.112493 0.112265 0.112039 0.111816 0.111596 0.111379 0.111166 0.110957 0.110752 0.110552 0.110356 0.110165 0.109978 0.109797 0.109620 0.109449 0.109283 0.109122 0.108967 0.108817 0.108673 0.108534 0.108401 0.108274 0.108153 0.108038 0.107928 0.107825 0.107728 0.107637 0.107553 0.107474 0.107403 0.107337 0.107279 0.107227 0.107182 0.107143 0.107112 0.107087
0.117253 0.115383 0.114902 0.114637 0.114385 0.114125 0.113858 0.113591 0.113327 0.113066 0.112810 0.112559 0.112314 0.112073 0.111838 0.111608 0.111383 0.111164 0.110950 0.110741 0.110538 0.110340 0.110148 0.109961 0.109780 0.109604 0.109434 0.109269 0.109111 0.108958 0.108811 0.108670 0.108534 0.108405 0.108282 0.108165 0.108054 0.107950 0.107852 0.107760 0.107675 0.107596 0.107524 0.107458 0.107400 0.107348 0.107303 0.107265 0.107234 0.107210
0.113589 0.115678 0.115754 0.115452 0.115098 0.114751 0.114419 0.114102 0.113797 0.113502 0.113218 0.112942 0.112674 0.112415 0.112163 0.111918 0.111680 0.111448 0.111223 0.111005 0.110793 0.110587 0.110387 0.110193 0.110006 0.109824 0.109649 0.109479 0.109316 0.109159 0.109009 0.108864 0.108726 0.108594 0.108468 0.108349 0.108236 0.108130 0.108030 0.107937 0.107851 0.107771 0.107699 0.107633 0.107574 0.107523 0.107478 0.107441 0.107411 0.107388
0.122194 0.118251 0.116918 0.116238 0.115753 0.115342 0.114968 0.114617 0.114284 0.113966 0.113660 0.113365 0.113080 0.112805 0.112539 0.112281 0.112030 0.111788 0.111552 0.111324 0.111103 0.110889 0.110681 0.110480 0.110286 0.110098 0.109916 0.109741 0.109573 0.109411 0.109256 0.109107 0.108965 0.108830 0.108702 0.108580 0.108465 0.108356 0.108255 0.108161 0.108073 0.107993 0.107920 0.107854 0.107796 0.107745 0.107701 0.107665 0.107636 0.107616
0.114488 0.116658 0.116806 0.116529 0.116166 0.115795 0.115431 0.115080 0.114742 0.114415 0.114101 0.113796 0.113502 0.113217 0.112941 0.112674 0.112414 0.112163 0.111919 0.111682 0.111452 0.111230 0.111015 0.110806 0.110605 0.110410 0.110223 0.110042 0.109868 0.109701 0.109541 0.109388 0.109242 0.109103 0.108972 0.108847 0.108729 0.108619 0.108516 0.108420 0.108332 0.108251 0.108178 0.108113 0.108055 0.108005 0.107962 0.107928 0.107902 0.107883
0.119184 0.117635 0.117186 0.116861 0.116527 0.116184 0.115840 0.115501 0.115169 0.114846 0.114532 0.114227 0.113929 0.113640 0.113358 0.113084 0.112818 0.112559 0.112307 0.112063 0.111826 0.111596 0.111373 0.111157 0.110949 0.110748 0.110554 0.110367 0.110187 0.110015 0.109850 0.109693 0.109543 0.109400 0.109265 0.109138 0.109018 0.108906 0.108801 0.108704 0.108616 0.108535 0.108462 0.108397 0.108340 0.108292 0.108252 0.108220 0.108196 0.108181
0.117209 0.117920 0.117670 0.117301 0.116937 0.116588 0.116250 0.115920 0.115597 0.115279 0.114968 0.114663 0.114364 0.114071 0.113785 0.113505 0.113232 0.112966 0.112707 0.112455 0.112209 0.111972 0.111741 0.111518 0.111302 0.111094 0.110894 0.110701 0.110515 0.110338 0.110168 0.110006 0.109852 0.109706 0.109568 0.109438 0.109316 0.109202 0.109097 0.108999 0.108911 0.108830 0.108758 0.108695 0.108640 0.108594 0.108557 0.108528 0.108509 0.108499
0.121294 0.119056 0.118225 0.117747 0.117370 0.117028 0.116699 0.116376 0.116057 0.115740 0.115427 0.115118 0.114813 0.114513 0.114219 0.113931 0.113648 0.113373 0.113104 0.112843 0.112589 0.112342 0.112103 0.111872 0.111648 0.111433 0.111226 0.111027 0.110836 0.110653 0.110478 0.110312 0.110155 0.110005 0.109865 0.109733 0.109609 0.109494 0.109388 0.109291 0.109203 0.109124 0.109054 0.108993 0.108941 0.108898 0.108865 0.108841 0.108827 0.108822
0.116775 0.118151 0.118293 0.118117 0.117846 0.117542 0.117223 0.116897 0.116569 0.116241 0.115914 0.115591 0.115272 0.114958 0.114649 0.114347 0.114052 0.113763 0.113483 0.113210 0.112945 0.112689 0.112440 0.112201 0.111969 0.111747 0.111533 0.111327 0.111131 0.110943 0.110764 0.110595 0.110434 0.110282 0.110140 0.110006 0.109882 0.109767 0.109662 0.109566 0.109479 0.109402 0.109335 0.109277 0.109229 0.109191 0.109163 0.109146 0.109138 0.109140
0.120105 0.119422 0.119128 0.118846 0.118533 0.118194 0.117842 0.117483 0.117122 0.116763 0.116408 0.116058 0.115714 0.115378 0.115049 0.114729 0.114417 0.114113 0.113819 0.113534 0.113257 0.112990 0.112733 0.112484 0.112245 0.112016 0.111796 0.111585 0.111384 0.111192 0.111010 0.110838 0.110675 0.110522 0.110378 0.110244 0.110121 0.110007 0.109903 0.109809 0.109725 0.109651 0.109588 0.109535 0.109492 0.109460 0.109439 0.109428 0.109429 0.109440
0.121385 0.120836 0.120303 0.119821 0.119366 0.118923 0.118490 0.118065 0.117650 0.117245 0.116850 0.116466 0.116093 0.115731 0.115380 0.115040 0.114710 0.114392 0.114084 0.113787 0.113500 0.113224 0.112958 0.112703 0.112457 0.112222 0.111998 0.111783 0.111578 0.111384 0.111200 0.111026 0.110862 0.110709 0.110566 0.110433 0.110311 0.110199 0.110098 0.110008 0.109928 0.109859 0.109801 0.109754 0.109718 0.109693 0.109679 0.109678 0.109687 0.109709
0.122609 0.121915 0.121270 0.120652 0.120069 0.119521 0.119004 0.118511 0.118042 0.117592 0.117161 0.116746 0.116348 0.115965 0.115596 0.115240 0.114898 0.114569 0.114251 0.113946 0.113652 0.113370 0.113099 0.112839 0.112590 0.112352 0.112124 0.111907 0.111702 0.111506 0.111322 0.111148 0.110985 0.110833 0.110692 0.110561 0.110442 0.110334 0.110236 0.110151 0.110076 0.110013 0.109961 0.109921 0.109893 0.109877 0.109873 0.109881 0.109902 0.109935
0.123045 0.122465 0.121716 0.121011 0.120364 0.119765 0.119205 0.118680 0.118183 0.117713 0.117265 0.116838 0.116429 0.116038 0.115663 0.115302 0.114956 0.114623 0.114303 0.113995 0.113699 0.113415 0.113143 0.112882 0.112632 0.112394 0.112166 0.111950 0.111745 0.111550 0.111367 0.111195 0.111034 0.110885 0.110747 0.110620 0.110504 0.110401 0.110309 0.110228 0.110160 0.110104 0.110060 0.110029 0.110009 0.110003 0.110010 0.110029 0.110062 0.110108
0.123928 0.122230 0.121378 0.120713 0.120109 0.119543 0.119008 0.118503 0.118024 0.117569 0.117135 0.116720 0.116323 0.115941 0.115574 0.115220 0.114880 0.114552 0.114237 0.113933 0.113640 0.113359 0.113090 0.112831 0.112583 0.112347 0.112122 0.111907 0.111704 0.111513 0.111332 0.111163 0.111005 0.110859 0.110725 0.110602 0.110492 0.110393 0.110307 0.110234 0.110172 0.110124 0.110089 0.110066 0.110057 0.110061 0.110079 0.110111 0.110157 0.110218
0.119108 0.120395 0.120293 0.119875 0.119400 0.118928 0.118472 0.118035 0.117613 0.117206 0.116813 0.116432 0.116063 0.115704 0.115357 0.115020 0.114693 0.114376 0.114070 0.113774 0.113488 0.113213 0.112947 0.112693 0.112449 0.112216 0.111993 0.111782 0.111582 0.111393 0.111215 0.111049 0.110895 0.110753 0.110623 0.110505 0.110400 0.110307 0.110227 0.110160 0.110106 0.110066 0.110039 0.110027 0.110028 0.110044 0.110074 0.110119 0.110179 0.110254
0.122546 0.120304 0.119416 0.118905 0.118506 0.118143 0.117790 0.117441 0.117093 0.116747 0.116403 0.116062 0.115725 0.115393 0.115067 0.114747 0.114435 0.114129 0.113832 0.113544 0.113264 0.112993 0.112732 0.112481 0.112239 0.112009 0.111788 0.111579 0.111381 0.111194 0.111019 0.110856 0.110704 0.110565 0.110439 0.110325 0.110224 0.110137 0.110063 0.110002 0.109956 0.109924 0.109906 0.109903 0.109915 0.109942 0.109985 0.110044 0.110119 0.110210
0.117874 0.118106 0.118047 0.117900 0.117706 0.117476 0.117220 0.116942 0.116648 0.116344 0.116033 0.115717 0.115400 0.115083 0.114768 0.114457 0.114150 0.113850 0.113556 0.113269 0.112990 0.112720 0.112459 0.112207 0.111965 0.111734 0.111513 0.111304 0.111105 0.110919 0.110744 0.110581 0.110431 0.110294 0.110170 0.110059 0.109962 0.109878 0.109809 0.109755 0.109715 0.109691 0.109681 0.109688 0.109710 0.109749 0.109805 0.109877 0.109967 0.110075
0.115740 0.117072 0.117485 0.117537 0.117428 0.117235 0.116992 0.116718 0.116423 0.116115 0.115797 0.115475 0.115150 0.114826 0.114503 0.114184 0.113870 0.113562 0.113260 0.112967 0.112681 0.112404 0.112137 0.111879 0.111632 0.111396 0.111171 0.110957 0.110755 0.110565 0.110388 0.110224 0.110073 0.109935 0.109812 0.109702 0.109607 0.109527 0.109462 0.109412 0.109378 0.109360 0.109359 0.109374 0.109407 0.109457 0.109525 0.109612 0.109717 0.109842
0.120171 0.118993 0.118512 0.118175 0.117850 0.117514 0.117164 0.116805 0.116441 0.116075 0.115708 0.115344 0.114982 0.114626 0.114275 0.113931 0.113594 0.113266 0.112946 0.112635 0.112334 0.112043 0.111763 0.111493 0.111235 0.110989 0.110755 0.110533 0.110324 0.110129 0.109946 0.109778 0.109623 0.109483 0.109358 0.109248 0.109153 0.109074 0.109011 0.108965 0.108936 0.108924 0.108930 0.108954 0.108996 0.109058 0.109138 0.109239 0.109359 0.109501
0.120944 0.120496 0.119825 0.119183 0.118595 0.118052 0.117539 0.117050 0.116579 0.116124 0.115683 0.115255 0.114839 0.114435 0.114042 0.113661 0.113292 0.112933 0.112587 0.112252 0.111929 0.111618 0.111320 0.111034 0.110760 0.110500 0.110254 0.110021 0.109801 0.109597 0.109406 0.109231 0.109071 0.108926 0.108798 0.108685 0.108589 0.108511 0.108449 0.108406 0.108380 0.108374 0.108386 0.108418 0.108469 0.108542 0.108635 0.108749 0.108886 0.109045
0.122854 0.121699 0.120727 0.119880 0.119122 0.118432 0.117792 0.117194 0.116630 0.116094 0.115582 0.115092 0.114622 0.114169 0.113733 0.113313 0.112908 0.112518 0.112142 0.111780 0.111433 0.111099 0.110780 0.110475 0.110184 0.109908 0.109646 0.109400 0.109169 0.108953 0.108753 0.108569 0.108402 0.108252 0.108118 0.108002 0.107904 0.107825 0.107764 0.107722 0.107700 0.107698 0.107717 0.107756 0.107817 0.107900 0.108006 0.108135 0.108288 0.108465
0.122880 0.121586 0.120654 0.119832 0.119066 0.118344 0.117663 0.117018 0.116406 0.115825 0.115270 0.114739 0.114230 0.113741 0.113271 0.112819 0.112384 0.111966 0.111563 0.111177 0.110806 0.110451 0.110112 0.109788 0.109479 0.109187 0.108910 0.108650 0.108406 0.108179 0.107969 0.107776 0.107601 0.107444 0.107306 0.107186 0.107085 0.107005 0.106944 0.106904 0.106885 0.106888 0.106912 0.106960 0.107030 0.107125 0.107244 0.107388 0.107558 0.107754
0.120047 0.120195 0.119726 0.119079 0.118395 0.117719 0.117063 0.116430 0.115821 0.115234 0.114668 0.114123 0.113597 0.113090 0.112600 0.112128 0.111672 0.111233 0.110811 0.110405 0.110016 0.109642 0.109285 0.108944 0.108620 0.108313 0.108022 0.107749 0.107493 0.107256 0.107036 0.106835 0.106652 0.106489 0.106346 0.106222 0.106120 0.106038 0.105978 0.105940 0.105925 0.105933 0.105964 0.106021 0.106102 0.106209 0.106342 0.106503 0.106691 0.106908
0.120440 0.119440 0.118623 0.117926 0.117284 0.116667 0.116065 0.115475 0.114895 0.114328 0.113774 0.113233 0.112706 0.112194 0.111697 0.111214 0.110747 0.110296 0.109860 0.109440 0.109036 0.108649 0.108278 0.107923 0.107586 0.107266 0.106964 0.106680 0.106414 0.106167 0.105939 0.105731 0.105542 0.105374 0.105227 0.105101 0.104997 0.104916 0.104857 0.104822 0.104812 0.104826 0.104866 0.104932 0.105025 0.105146 0.105296 0.105474 0.105683 0.105923
0.119623 0.117815 0.117024 0.116444 0.115902 0.115361 0.114815 0.114266 0.113718 0.113172 0.112632 0.112100 0.111578 0.111066 0.110566 0.110079 0.109605 0.109145 0.108700 0.108271 0.107856 0.107458 0.107077 0.106712 0.106365 0.106035 0.105724 0.105431 0.105157 0.104902 0.104668 0.104454 0.104261 0.104090 0.103940 0.103814 0.103710 0.103631 0.103575 0.103545 0.103541 0.103564 0.103613 0.103691 0.103798 0.103935 0.104102 0.104301 0.104533 0.104799
0.112747 0.114988 0.115224 0.114937 0.114492 0.113988 0.113460 0.112922 0.112380 0.111838 0.111301 0.110769 0.110245 0.109731 0.109227 0.108734 0.108254 0.107788 0.107335 0.106898 0.106475 0.106069 0.105679 0.105306 0.104951 0.104614 0.104295 0.103996 0.103716 0.103457 0.103218 0.103001 0.102805 0.102633 0.102483 0.102357 0.102256 0.102180 0.102130 0.102107 0.102111 0.102144 0.102206 0.102298 0.102421 0.102576 0.102764 0.102987 0.103244 0.103538
0.118412 0.115513 0.114473 0.113808 0.113215 0.112637 0.112062 0.111491 0.110925 0.110366 0.109813 0.109269 0.108735 0.108210 0.107697 0.107197 0.106708 0.106234 0.105774 0.105328 0.104899 0.104485 0.104088 0.103709 0.103347 0.103005 0.102681 0.102377 0.102093 0.101831 0.101590 0.101371 0.101175 0.101003 0.100856 0.100733 0.100636 0.100566 0.100524 0.100510 0.100525 0.100570 0.100647 0.100756 0.100898 0.101074 0.101286 0.101535 0.101822 0.102148
0.112674 0.113729 0.113251 0.112553 0.111860 0.111197 0.110558 0.109940 0.109336 0.108747 0.108170 0.107606 0.107054 0.106515 0.105989 0.105476 0.104978 0.104494 0.104025 0.103572 0.103135 0.102715 0.102312 0.101927 0.101561 0.101213 0.100886 0.100579 0.100293 0.100030 0.099788 0.099570 0.099376 0.099207 0.099063 0.098946 0.098857 0.098795 0.098763 0.098760 0.098789 0.098850 0.098944 0.099073 0.099237 0.099439 0.099678 0.099957 0.100277 0.100640
0.116078 0.113104 0.111840 0.110977 0.110228 0.109526 0.108853 0.108201 0.107568 0.106952 0.106352 0.105768 0.105198 0.104644 0.104104 0.103580 0.103070 0.102577 0.102099 0.101639 0.101195 0.100768 0.100360 0.099971 0.099601 0.099250 0.098921 0.098613 0.098327 0.098063 0.097824 0.097608 0.097418 0.097254 0.097117 0.097007 0.096927 0.096876 0.096857 0.096869 0.096914 0.096994 0.097109 0.097261 0.097452 0.097681 0.097952 0.098266 0.098624 0.099028
0.108663 0.109752 0.109508 0.108927 0.108260 0.107578 0.106901 0.106238 0.105591 0.104960 0.104345 0.103746 0.103163 0.102596 0.102046 0.101511 0.100992 0.100491 0.100006 0.099538 0.099089 0.098658 0.098246 0.097853 0.097480 0.097129 0.096798 0.096490 0.096206 0.095945 0.095708 0.095498 0.095313 0.095157 0.095028 0.094929 0.094861 0.094824 0.094820 0.094850 0.094915 0.095017 0.095157 0.095336 0.095556 0.095819 0.096126 0.096479 0.096880 0.097331
0.109223 0.108274 0.107519 0.106803 0.106099 0.105407 0.104726 0.104059 0.103406 0.102769 0.102147 0.101541 0.100951 0.100377 0.099819 0.099278 0.098753 0.098246 0.097756 0.097284 0.096830 0.096396 0.095981 0.095587 0.095214 0.094862 0.094533 0.094227 0.093946 0.093689 0.093458 0.093255 0.093079 0.092932 0.092815 0.092729 0.092675 0.092655 0.092670 0.092721 0.092810 0.092938 0.093106 0.093317 0.093572 0.093872 0.094221 0.094618 0.095068 0.095572
0.108504 0.106442 0.105326 0.104487 0.103742 0.103036 0.102353 0.101686 0.101035 0.100398 0.099776 0.099168 0.098576 0.097999 0.097438 0.096894 0.096366 0.095856 0.095363 0.094889 0.094434 0.093999 0.093583 0.093189 0.092817 0.092468 0.092142 0.091840 0.091564 0.091314 0.091091 0.090896 0.090731 0.090597 0.090494 0.090424 0.090389 0.090389 0.090427 0.090503 0.090619 0.090777 0.090979 0.091226 0.091520 0.091864 0.092259 0.092708 0.093214 0.093778
0.101875 0.102810 0.102461 0.101835 0.101158 0.100479 0.099810 0.099152 0.098507 0.097875 0.097256 0.096650 0.096059 0.095483 0.094922 0.094377 0.093849 0.093338 0.092845 0.092371 0.091916 0.091482 0.091068 0.090677 0.090308 0.089963 0.089642 0.089347 0.089078 0.088837 0.088625 0.088443 0.088292 0.088173 0.088088 0.088038 0.088024 0.088049 0.088113 0.088218 0.088367 0.088560 0.088800 0.089089 0.089429 0.089822 0.090271 0.090778 0.091346 0.091978
0.102970 0.100780 0.099841 0.099130 0.098459 0.097797 0.097142 0.096495 0.095857 0.095230 0.094615 0.094013 0.093424 0.092850 0.092290 0.091747 0.091220 0.090710 0.090219 0.089747 0.089295 0.088864 0.088454 0.088067 0.087704 0.087366 0.087053 0.086767 0.086509 0.086280 0.086082 0.085915 0.085781 0.085682 0.085618 0.085592 0.085605 0.085658 0.085754 0.085893 0.086079 0.086314 0.086598 0.086935 0.087327 0.087777 0.088287 0.088860 0.089499 0.090208
0.096406 0.097329 0.096955 0.096345 0.095695 0.095041 0.094391 0.093749 0.093116 0.092492 0.091880 0.091280 0.090694 0.090121 0.089564 0.089023 0.088499 0.087992 0.087504 0.087036 0.086589 0.086163 0.085760 0.085380 0.085026 0.084697 0.084395 0.084122 0.083878 0.083665 0.083484 0.083337 0.083225 0.083149 0.083112 0.083114 0.083158 0.083245 0.083378 0.083558 0.083788 0.084069 0.084405 0.084797 0.085249 0.085763 0.086343 0.086991 0.087711 0.088507
0.097881 0.095356 0.094322 0.093580 0.092899 0.092236 0.091582 0.090938 0.090304 0.089681 0.089069 0.088471 0.087886 0.087316 0.086762 0.086224 0.085703 0.085202 0.084719 0.084257 0.083817 0.083400 0.083006 0.082637 0.082294 0.081979 0.081692 0.081435 0.081209 0.081017 0.080858 0.080735 0.080649 0.080602 0.080596 0.080633 0.080714 0.080842 0.081018 0.081245 0.081526 0.081862 0.082257 0.082713 0.083233 0.083821 0.084480 0.085213 0.086024 0.086919
0.090113 0.091578 0.091318 0.090713 0.090047 0.089377 0.088717 0.088067 0.087431 0.086806 0.086196 0.085599 0.085016 0.084450 0.083899 0.083367 0.082853 0.082358 0.081884 0.081431 0.081001 0.080595 0.080215 0.079860 0.079534 0.079236 0.078968 0.078733 0.078530 0.078363 0.078231 0.078138 0.078085 0.078073 0.078105 0.078183 0.078308 0.078483 0.078710 0.078992 0.079332 0.079732 0.080194 0.080723 0.081322 0.081994 0.082743 0.083572 0.084488 0.085494
0.093056 0.089936 0.088690 0.087861 0.087138 0.086452 0.085786 0.085136 0.084499 0.083877 0.083269 0.082676 0.082099 0.081538 0.080995 0.080471 0.079966 0.079482 0.079020 0.078580 0.078165 0.077775 0.077412 0.077077 0.076772 0.076497 0.076254 0.076045 0.075872 0.075736 0.075638 0.075582 0.075567 0.075598 0.075675 0.075801 0.075978 0.076209 0.076496 0.076842 0.077250 0.077722 0.078263 0.078876 0.079564 0.080332 0.081183 0.082122 0.083155 0.084287
0.084307 0.085661 0.085371 0.084763 0.084103 0.083442 0.082789 0.082149 0.081521 0.080906 0.080306 0.079721 0.079153 0.078603 0.078071 0.077559 0.077069 0.076600 0.076154 0.075733 0.075337 0.074969 0.074629 0.074319 0.074040 0.073795 0.073583 0.073408 0.073270 0.073173 0.073116 0.073104 0.073137 0.073217 0.073348 0.073531 0.073770 0.074065 0.074422 0.074842 0.075328 0.075885 0.076516 0.077224 0.078014 0.078890 0.079857 0.080921 0.082087 0.083361
0.085580 0.083295 0.082363 0.081680 0.081035 0.080397 0.079763 0.079136 0.078521 0.077918 0.077330 0.076759 0.076205 0.075670 0.075155 0.074661 0.074189 0.073741 0.073318 0.072921 0.072552 0.072211 0.071901 0.071622 0.071377 0.071168 0.070995 0.070861 0.070767 0.070716 0.070709 0.070749 0.070838 0.070978 0.071172 0.071423 0.071732 0.072104 0.072540 0.073046 0.073623 0.074276 0.075009 0.075826 0.076732 0.077732 0.078831 0.080035 0.081351 0.082785
0.078627 0.079492 0.079188 0.078630 0.078012 0.077383 0.076757 0.076140 0.075537 0.074948 0.074376 0.073822 0.073288 0.072774 0.072281 0.071811 0.071365 0.070944 0.070549 0.070183 0.069846 0.069540 0.069267 0.069028 0.068825 0.068660 0.068534 0.068449 0.068408 0.068413 0.068465 0.068568 0.068723 0.068933 0.069201 0.069529 0.069922 0.070381 0.070910 0.071513 0.072194 0.072957 0.073807 0.074748 0.075785 0.076925 0.078173 0.079536 0.081021 0.082636
0.079156 0.077423 0.076511 0.075772 0.075087 0.074433 0.073801 0.073191 0.072600 0.072030 0.071479 0.070948 0.070438 0.069951 0.069487 0.069047 0.068633 0.068247 0.067888 0.067561 0.067264 0.067001 0.066774 0.066583 0.066430 0.066318 0.066249 0.066224 0.066246 0.066317 0.066439 0.066615 0.066847 0.067139 0.067493 0.067912 0.068399 0.068959 0.069595 0.070310 0.071110 0.071998 0.072980 0.074061 0.075248 0.076545 0.077961 0.079503 0.081178 0.082997
0.074611 0.074353 0.073605 0.072856 0.072160 0.071509 0.070893 0.070303 0.069737 0.069194 0.068672 0.068172 0.067694 0.067241 0.066813 0.066411 0.066037 0.065693 0.065379 0.065098 0.064852 0.064641 0.064468 0.064335 0.064244 0.064196 0.064193 0.064239 0.064335 0.064484 0.064688 0.064949 0.065272 0.065658 0.066111 0.066634 0.067232 0.067907 0.068664 0.069507 0.070441 0.071472 0.072604 0.073844 0.075198 0.076674 0.078279 0.080022 0.081912 0.083960
0.073049 0.071335 0.070473 0.069803 0.069191 0.068608 0.068045 0.067501 0.066977 0.066473 0.065990 0.065529 0.065093 0.064682 0.064299 0.063944 0.063619 0.063326 0.063067 0.062843 0.062657 0.062509 0.062402 0.062338 0.062319 0.062347 0.062424 0.062553 0.062736 0.062975 0.063274 0.063635 0.064062 0.064557 0.065124 0.065767 0.066489 0.067296 0.068191 0.069179 0.070266 0.071457 0.072759 0.074178 0.075722 0.077399 0.079217 0.081187 0.083318 0.085624
0.066337 0.067281 0.067161 0.066774 0.066307 0.065816 0.065322 0.064835 0.064361 0.063905 0.063469 0.063057 0.062671 0.062312 0.061983 0.061685 0.061421 0.061191 0.060997 0.060843 0.060728 0.060656 0.060628 0.060646 0.060712 0.060829 0.061000 0.061225 0.061509 0.061854 0.062263 0.062739 0.063285 0.063905 0.064602 0.065381 0.066246 0.067202 0.068253 0.069406 0.070665 0.072038 0.073531 0.075152 0.076909 0.078812 0.080870 0.083095 0.085498 0.088093
0.066554 0.065185 0.064609 0.064154 0.063705 0.063251 0.062799 0.062357 0.061931 0.061525 0.061144 0.060789 0.060462 0.060167 0.059904 0.059676 0.059484 0.059331 0.059217 0.059145 0.059116 0.059134 0.059199 0.059313 0.059480 0.059702 0.059980 0.060319 0.060719 0.061186 0.061720 0.062327 0.063010 0.063772 0.064618 0.065552 0.066578 0.067703 0.068931 0.070269 0.071722 0.073300 0.075008 0.076856 0.078854 0.081010 0.083338 0.085850 0.088559 0.091482
0.062241 0.062661 0.062318 0.061849 0.061376 0.060921 0.060490 0.060085 0.059707 0.059358 0.059040 0.058753 0.058500 0.058282 0.058100 0.057957 0.057853 0.057791 0.057773 0.057799 0.057873 0.057995 0.058169 0.058397 0.058681 0.059023 0.059427 0.059894 0.060429 0.061034 0.061713 0.062469 0.063307 0.064230 0.065244 0.066352 0.067561 0.068876 0.070304 0.071850 0.073523 0.075330 0.077280 0.079384 0.081652 0.084095 0.086727 0.089562 0.092617 0.095910
0.062854 0.061133 0.060294 0.059693 0.059190 0.058749 0.058355 0.058004 0.057692 0.057417 0.057180 0.056979 0.056817 0.056694 0.056612 0.056571 0.056573 0.056620 0.056713 0.056855 0.057048 0.057293 0.057594 0.057952 0.058370 0.058851 0.059397 0.060012 0.060700 0.061462 0.062305 0.063230 0.064243 0.065348 0.066551 0.067857 0.069271 0.070800 0.072451 0.074232 0.076151 0.078217 0.080440 0.082831 0.085403 0.088168 0.091143 0.094344 0.097790 0.101502
0.058044 0.058263 0.057867 0.057420 0.057016 0.056665 0.056364 0.056109 0.055896 0.055724 0.055593 0.055502 0.055452 0.055445 0.055480 0.055561 0.055687 0.055861 0.056085 0.056361 0.056691 0.057078 0.057523 0.058030 0.058601 0.059239 0.059947 0.060729 0.061589 0.062530 0.063556 0.064672 0.065882 0.067192 0.068608 0.070135 0.071779 0.073549 0.075452 0.077496 0.079692 0.082049 0.084578 0.087293 0.090208 0.093338 0.096701 0.100316 0.104205 0.108392
0.057025 0.055893 0.055433 0.055137 0.054903 0.054709 0.054554 0.054437 0.054359 0.054319 0.054320 0.054362 0.054447 0.054575 0.054748 0.054969 0.055238 0.055558 0.055931 0.056360 0.056846 0.057392 0.058001 0.058676 0.059419 0.060235 0.061126 0.062096 0.063149 0.064290 0.065523 0.066852 0.068284 0.069824 0.071478 0.073252 0.075156 0.077196 0.079381 0.081721 0.084228 0.086912 0.089787 0.092868 0.096170 0.099712 0.103514 0.107599 0.111992 0.116723
0.052370 0.052928 0.053031 0.053029 0.053010 0.053003 0.053018 0.053062 0.053140 0.053254 0.053407 0.053602 0.053839 0.054121 0.054451 0.054830 0.055261 0.055745 0.056286 0.056886 0.057547 0.058272 0.059065 0.059928 0.060865 0.061879 0.062974 0.064155 0.065425 0.066789 0.068253 0.069821 0.071501 0.073297 0.075218 0.077271 0.079464 0.081807 0.084310 0.086983 0.089839 0.092893 0.096158 0.099651 0.103393 0.107402 0.111704 0.116324 0.121292 0.126643
0.050956 0.051086 0.051227 0.051362 0.051502 0.051660 0.051840 0.052050 0.052292 0.052571 0.052889 0.053250 0.053655 0.054108 0.054611 0.055166 0.055776 0.056444 0.057172 0.057962 0.058818 0.059744 0.060741 0.061814 0.062966 0.064202 0.065525 0.066940 0.068451 0.070065 0.071787 0.073622 0.075578 0.077662 0.079882 0.082246 0.084764 0.087447 0.090306 0.093354 0.096605 0.100075 0.103781 0.107742 0.111982 0.116523 0.121394 0.126625 0.132251 0.138312
0.049947 0.049798 0.049917 0.050135 0.050403 0.050707 0.051045 0.051418 0.051829 0.052280 0.052775 0.053315 0.053904 0.054543 0.055236 0.055986 0.056794 0.057664 0.058599 0.059601 0.060674 0.061821 0.063045 0.064352 0.065743 0.067225 0.068801 0.070477 0.072258 0.074149 0.076158 0.078291 0.080556 0.082961 0.085515 0.088228 0.091111 0.094175 0.097435 0.100905 0.104601 0.108542 0.112747 0.117240 0.122046 0.127193 0.132714 0.138644 0.145024 0.151901
0.047919 0.048440 0.048824 0.049210 0.049629 0.050088 0.050590 0.051135 0.051725 0.052362 0.053047 0.053783 0.054572 0.055416 0.056319 0.057282 0.058310 0.059404 0.060567 0.061803 0.063116 0.064509 0.065986 0.067550 0.069208 0.070962 0.072819 0.074785 0.076865 0.079065 0.081394 0.083859 0.086468 0.089231 0.092158 0.095262 0.098553 0.102047 0.105758 0.109703 0.113902 0.118376 0.123148 0.128245 0.133696 0.139535 0.145799 0.152530 0.159777 0.167592
0.047103 0.047479 0.047954 0.048491 0.049081 0.049720 0.050409 0.051148 0.051937 0.052779 0.053675 0.054627 0.055637 0.056708 0.057842 0.059043 0.060312 0.061653 0.063070 0.064565 0.066143 0.067807 0.069562 0.071413 0.073364 0.075421 0.077589 0.079875 0.082286 0.084830 0.087514 0.090347 0.093340 0.096503 0.099848 0.103388 0.107138 0.111113 0.115332 0.119815 0.124582 0.129660 0.135076 0.140860 0.147047 0.153676 0.160791 0.168442 0.176683 0.185578
0.045799 0.046405 0.047110 0.047871 0.048681 0.049539 0.050448 0.051410 0.052426 0.053499 0.054630 0.055823 0.057079 0.058401 0.059791 0.061252 0.062788 0.064402 0.066098 0.067878 0.069747 0.071711 0.073772 0.075938 0.078212 0.080602 0.083114 0.085755 0.088532 0.091455 0.094533 0.097776 0.101196 0.104804 0.108615 0.112644 0.116907 0.121424 0.126215 0.131302 0.136713 0.142476 0.148622 0.155188 0.162215 0.169748 0.177837 0.186541 0.195925 0.206060
0.044224 0.045322 0.046344 0.047371 0.048432 0.049538 0.050694 0.051906 0.053175 0.054505 0.055898 0.057357 0.058883 0.060481 0.062152 0.063900 0.065728 0.067641 0.069641 0.071733 0.073922 0.076212 0.078609 0.081119 0.083749 0.086504 0.089393 0.092424 0.095605 0.098947 0.102460 0.106157 0.110050 0.114154 0.118484 0.123058 0.127897 0.133021 0.138455 0.144226 0.150363 0.156901 0.163877 0.171334 0.179318 0.187882 0.197086 0.206997 0.217689 0.229248
0.043521 0.044629 0.045821 0.047072 0.048378 0.049741 0.051162 0.052644 0.054188 0.055798 0.057476 0.059223 0.061044 0.062941 0.064918 0.066976 0.069122 0.071358 0.073688 0.076119 0.078654 0.081299 0.084061 0.086947 0.089963 0.093117 0.096418 0.099876 0.103500 0.107303 0.111296 0.115494 0.119910 0.124564 0.129471 0.134655 0.140136 0.145941 0.152097 0.158637 0.165595 0.173011 0.180928 0.189396 0.198469 0.208210 0.218686 0.229976 0.242165 0.255350
0.042831 0.044088 0.045477 0.046964 0.048528 0.050162 0.051864 0.053634 0.055473 0.057382 0.059365 0.061423 0.063559 0.065777 0.068079 0.070471 0.072956 0.075538 0.078224 0.081017 0.083925 0.086953 0.090109 0.093400 0.096835 0.100422 0.104171 0.108095 0.112203 0.116510 0.121030 0.125779 0.130774 0.136035 0.141584 0.147444 0.153643 0.160209 0.167176 0.174580 0.182463 0.190870 0.199852 0.209467 0.219777 0.230854 0.242778 0.255637 0.269531 0.284569
0.041776 0.043457 0.045195 0.046992 0.048856 0.050791 0.052798 0.054876 0.057029 0.059256 0.061561 0.063946 0.066415 0.068971 0.071619 0.074362 0.077206 0.080157 0.083219 0.086399 0.089704 0.093141 0.096719 0.100445 0.104331 0.108385 0.112620 0.117048 0.121683 0.126540 0.131637 0.136990 0.142622 0.148554 0.154812 0.161424 0.168420 0.175836 0.183709 0.192083 0.201005 0.210528 0.220712 0.231622 0.243332 0.255923 0.269487 0.284125 0.299948 0.317082
0.040852 0.042961 0.045043 0.047171 0.049364 0.051626 0.053959 0.056365 0.058846 0.061405 0.064046 0.066772 0.069586 0.072495 0.075502 0.078613 0.081834 0.085170 0.088629 0.092217 0.095943 0.099814 0.103841 0.108033 0.112400 0.116957 0.121714 0.126688 0.131894 0.137349 0.143073 0.149088 0.155417 0.162087 0.169128 0.176571 0.184452 0.192813 0.201697 0.211154 0.221239 0.232015 0.243548 0.255916 0.269201 0.283499 0.298910 0.315550 0.333544 0.353026
0.040506 0.042701 0.045073 0.047539 0.050074 0.052676 0.055344 0.058085 0.060901 0.063798 0.066781 0.069855 0.073024 0.076295 0.079673 0.083164 0.086775 0.090514 0.094388 0.098404 0.102572 0.106902 0.111404 0.116090 0.120973 0.126065 0.131384 0.136944 0.142765 0.148868 0.155274 0.162009 0.169101 0.176579 0.184479 0.192838 0.201697 0.211104 0.221110 0.231772 0.243155 0.255328 0.268371 0.282369 0.297419 0.313625 0.331103 0.349978 0.370385 0.392468
0.039808 0.042543 0.045327 0.048147 0.051016 0.053942 0.056935 0.060001 0.063147 0.066379 0.069703 0.073126 0.076655 0.080294 0.084051 0.087934 0.091949 0.096104 0.100409 0.104872 0.109504 0.114316 0.119319 0.124528 0.129956 0.135619 0.141536 0.147725 0.154207 0.161007 0.168151 0.175667 0.183587 0.191947 0.200787 0.210150 0.220084 0.230644 0.241889 0.253885 0.266705 0.280430 0.295148 0.310958 0.327967 0.346292 0.366057 0.387398 0.410456 0.435380
0.039626 0.042841 0.045919 0.049017 0.052167 0.055382 0.058671 0.062043 0.065504 0.069063 0.072725 0.076497 0.080386 0.084398 0.088542 0.092824 0.097254 0.101839 0.106590 0.111517 0.116632 0.121947 0.127476 0.133234 0.139238 0.145505 0.152057 0.158915 0.166104 0.173652 0.181588 0.189945 0.198762 0.208078 0.217940 0.228398 0.239507 0.251329 0.263934 0.277395 0.291797 0.307230 0.323796 0.341601 0.360766 0.381415 0.403682 0.427708 0.453636 0.481610
0.040526 0.043499 0.046724 0.050035 0.053420 0.056888 0.060447 0.064106 0.067872 0.071749 0.075745 0.079865 0.084116 0.088505 0.093040 0.097730 0.102582 0.107608 0.112818 0.118224 0.123838 0.129675 0.135752 0.142084 0.148690 0.155593 0.162815 0.170381 0.178320 0.186663 0.195444 0.204704 0.214482 0.224828 0.235794 0.247436 0.259820 0.273015 0.287099 0.302158 0.318286 0.335584 0.354164 0.374145 0.395652 0.418821 0.443787 0.470690 0.499670 0.530864
0.040717 0.044186 0.047578 0.051046 0.054625 0.058323 0.062140 0.066080 0.070145 0.074340 0.078667 0.083135 0.087748 0.092516 0.097445 0.102544 0.107825 0.113298 0.118975 0.124870 0.130996 0.137371 0.144012 0.150938 0.158171 0.165736 0.173658 0.181966 0.190694 0.199877 0.209555 0.219771 0.230575 0.242021 0.254168 0.267082 0.280836 0.295509 0.311190 0.327975 0.345967 0.365279 0.386032 0.408352 0.432373 0.458230 0.486059 0.515994 0.548165 0.582696
0.041582 0.044779 0.048199 0.051823 0.055620 0.059569 0.063658 0.067886 0.072253 0.076762 0.081419 0.086229 0.091201 0.096342 0.101661 0.107169 0.112877 0.118798 0.124945 0.131332 0.137977 0.144898 0.152115 0.159650 0.167527 0.175775 0.184421 0.193501 0.203052 0.213113 0.223730 0.234953 0.246839 0.259448 0.272847 0.287112 0.302325 0.318575 0.335960 0.354587 0.374569 0.396029 0.419095 0.443897 0.470572 0.499251 0.530063 0.563133 0.598574 0.636489
0.041413 0.044576 0.048300 0.052258 0.056367 0.060609 0.064986 0.069502 0.074164 0.078977 0.083949 0.089089 0.094405 0.099907 0.105605 0.111511 0.117638 0.123999 0.130610 0.137488 0.144652 0.152120 0.159918 0.168068 0.176599 0.185543 0.194932 0.204804 0.215201 0.226170 0.237762 0.250034 0.263048 0.276873 0.291587 0.307271 0.324019 0.341930 0.361112 0.381682 0.403761 0.427480 0.452969 0.480363 0.509791 0.541377 0.575239 0.611483 0.650197 0.691451
0.038553 0.043724 0.048249 0.052628 0.057037 0.061543 0.066173 0.070945 0.075869 0.080956 0.086216 0.091659 0.097296 0.103136 0.109193 0.115479 0.122008 0.128796 0.135860 0.143218 0.150891 0.158902 0.167276 0.176041 0.185228 0.194872 0.205011 0.215687 0.226947 0.238844 0.251434 0.264783 0.278959 0.294042 0.310115 0.327273 0.345616 0.365255 0.386306 0.408895 0.433152 0.459208 0.487198 0.517248 0.549479 0.584003 0.620914 0.660291 0.702189 0.746627
0.041055 0.044811 0.048934 0.053273 0.057774 0.062425 0.067231 0.072198 0.077336 0.082655 0.088166 0.093878 0.099805 0.105956 0.112346 0.118988 0.125898 0.133092 0.140589 0.148411 0.156578 0.165118 0.174057 0.183427 0.193263 0.203602 0.214488 0.225968 0.238094 0.250925 0.264525 0.278965 0.294324 0.310687 0.328150 0.346814 0.366791 0.388200 0.411167 0.435824 0.462304 0.490741 0.521262 0.553984 0.589013 0.626436 0.666320 0.708705 0.753595 0.800956
0.041792 0.045362 0.049465 0.053834 0.058398 0.063143 0.068070 0.073183 0.078492 0.084005 0.089731 0.095681 0.101866 0.108300 0.114995 0.121966 0.129231 0.136806 0.144714 0.152975 0.161615 0.170662 0.180147 0.190103 0.200570 0.211589 0.223209 0.235480 0.248463 0.262220 0.276825 0.292354 0.308896 0.326544 0.345403 0.365584 0.387209 0.410403 0.435302 0.462040 0.490752 0.521567 0.554603 0.589959 0.627717 0.667933 0.710634 0.755812 0.803415 0.853353
0.040339 0.045134 0.049589 0.054082 0.058724 0.063552 0.068579 0.073816 0.079270 0.084950 0.090864 0.097025 0.103442 0.110129 0.117101 0.124373 0.131963 0.139891 0.148179 0.156851 0.165935 0.175461 0.185462 0.195977 0.207047 0.218719 0.231045 0.244083 0.257897 0.272558 0.288144 0.304742 0.322447 0.341362 0.361601 0.383283 0.406539 0.431503 0.458313 0.487108 0.518019 0.551165 0.586647 0.624541 0.664898 0.707732 0.753023 0.800705 0.850676 0.902796
0.041585 0.045363 0.049562 0.054020 0.058703 0.063605 0.068729 0.074080 0.079665 0.085493 0.091574 0.097919 0.104540 0.111451 0.118668 0.126208 0.134090 0.142336 0.150969 0.160016 0.169507 0.179474 0.189954 0.200988 0.212623 0.224908 0.237902 0.251666 0.266271 0.281794 0.298322 0.315947 0.334773 0.354913 0.376487 0.399626 0.424466 0.451148 0.479814 0.510601 0.543632 0.579014 0.616823 0.657107 0.699874 0.745092 0.792686 0.842537 0.894492 0.948372
0.040742 0.044797 0.049104 0.053644 0.058408 0.063397 0.068614 0.074066 0.079762 0.085714 0.091931 0.098428 0.105219 0.112318 0.119743 0.127512 0.135646 0.144168 0.153104 0.162483 0.172335 0.182698 0.193609 0.205115 0.217264 0.230111 0.243719 0.258154 0.273494 0.289821 0.307229 0.325818 0.345700 0.366996 0.389835 0.414354 0.440698 0.469011 0.499438 0.532109 0.567140 0.604615 0.644585 0.687059 0.732001 0.779324 0.828900 0.880557 0.934100 0.989308
0.039921 0.044205 0.048634 0.053258 0.058088 0.063133 0.068407 0.073921 0.079688 0.085722 0.092036 0.098645 0.105563 0.112807 0.120395 0.128349 0.136689 0.145440 0.154630 0.164289 0.174451 0.185154 0.196441 0.208359 0.220962 0.234308 0.248462 0.263500 0.279501 0.296556 0.314763 0.334231 0.355080 0.377437 0.401439 0.427231 0.454963 0.484784 0.516836 0.551245 0.588110 0.627495 0.669418 0.713844 0.760689 0.809811 0.861029 0.914125 0.968864 1.024968
0.039777 0.044050 0.048501 0.053116 0.057926 0.062956 0.068224 0.073746 0.079535 0.085604 0.091969 0.098643 0.105643 0.112986 0.120691 0.128780 0.137276 0.146204 0.155594 0.165478 0.175892 0.186875 0.198474 0.210737 0.223723 0.237492 0.252116 0.267672 0.284246 0.301934 0.320841 0.341083 0.362783 0.386079 0.411114 0.438040 0.467011 0.498178 0.531681 0.567639 0.606135 0.647207 0.690837 0.736948 0.785402 0.836007 0.888529 0.942710 0.998267 1.054853
0.040287 0.044436 0.048692 0.053163 0.057872 0.062832 0.068051 0.073542 0.079314 0.085382 0.091758 0.098458 0.105498 0.112897 0.120673 0.128850 0.137451 0.146504 0.156038 0.166088 0.176690 0.187888 0.199729 0.212264 0.225553 0.239663 0.254666 0.270644 0.287689 0.305899 0.325387 0.346273 0.368688 0.392775 0.418683 0.446570 0.476594 0.508909 0.543652 0.580932 0.620816 0.663318 0.708383 0.755890 0.805651 0.857423 0.910928 0.965862 1.021895 1.078592
0.040865 0.044612 0.048714 0.053093 0.057734 0.062636 0.067807 0.073256 0.078995 0.085037 0.091398 0.098092 0.105137 0.112552 0.120357 0.128576 0.137234 0.146358 0.155981 0.166136 0.176864 0.188207 0.200215 0.212941 0.226449 0.240806 0.256088 0.272381 0.289778 0.308385 0.328317 0.349699 0.372667 0.397370 0.423963 0.452607 0.483466 0.516693 0.552425 0.590763 0.631759 0.675402 0.721606 0.770207 0.820971 0.873610 0.927799 0.983195 1.039411 1.095920
0.040432 0.044316 0.048469 0.052852 0.057470 0.062335 0.067461 0.072863 0.078555 0.084553 0.090874 0.097534 0.104551 0.111946 0.119741 0.127958 0.136624 0.145768 0.155422 0.165621 0.176406 0.187822 0.199918 0.212751 0.226384 0.240887 0.256339 0.272827 0.290448 0.309310 0.329531 0.351240 0.374578 0.399698 0.426758 0.455925 0.487364 0.521233 0.557667 0.596762 0.638559 0.683028 0.730054 0.779438 0.830907 0.884129 0.938739 0.994352 1.050527 1.106650
0.039808 0.044079 0.048282 0.052634 0.057195 0.061993 0.067047 0.072376 0.077996 0.083923 0.090175 0.096770 0.103726 0.111064 0.118807 0.126977 0.135603 0.144712 0.154338 0.164517 0.175290 0.186701 0.198803 0.211651 0.225310 0.239850 0.255353 0.271906 0.289608 0.308568 0.328907 0.350757 0.374261 0.399573 0.426857 0.456282 0.488018 0.522224 0.559037 0.598552 0.640806 0.685755 0.733267 0.783115 0.834994 0.888535 0.943337 0.998975 1.054962 1.110619
0.041178 0.044483 0.048361 0.052533 0.056956 0.061632 0.066574 0.071794 0.077309 0.083133 0.089284 0.095780 0.102638 0.109879 0.117526 0.125603 0.134135 0.143153 0.152690 0.162781 0.173466 0.184793 0.196810 0.209577 0.223155 0.237617 0.253042 0.269520 0.287149 0.306039 0.326311 0.348098 0.371543 0.396803 0.424044 0.453436 0.485154 0.519360 0.556195 0.595760 0.638092 0.683147 0.730783 0.780762 0.832753 0.886362 0.941156 0.996677 1.052403 1.107621
0.040402 0.044405 0.048285 0.052339 0.056628 0.061171 0.065981 0.071071 0.076456 0.082149 0.088168 0.094528 0.101250 0.108353 0.115858 0.123790 0.132174 0.141041 0.150421 0.160352 0.170873 0.182028 0.193868 0.206450 0.219835 0.234095 0.249308 0.265561 0.282954 0.301595 0.321602 0.343108 0.366257 0.391204 0.418115 0.447163 0.478523 0.512365 0.548836 0.588046 0.630044 0.674795 0.722164 0.771914 0.823706 0.877131 0.931732 0.987025 1.042468 1.097352
0.040869 0.044234 0.047959 0.051917 0.056100 0.060523 0.065202 0.070151 0.075386 0.080924 0.086779 0.092970 0.099516 0.106435 0.113750 0.121484 0.129663 0.138315 0.147471 0.157166 0.167440 0.178335 0.189900 0.202190 0.215266 0.229195 0.244055 0.259932 0.276919 0.295123 0.314661 0.335662 0.358267 0.382629 0.408911 0.437289 0.467937 0.501032 0.536729 0.575153 0.616371 0.660371 0.707043 0.756165 0.807412 0.860373 0.914581 0.969536 1.024690 1.079362
0.040455 0.043852 0.047490 0.051337 0.055398 0.059685 0.064215 0.069002 0.074064 0.079416 0.085075 0.091060 0.097388 0.104078 0.111153 0.118634 0.126548 0.134920 0.143781 0.153164 0.163108 0.173652 0.184843 0.196734 0.209382 0.222852 0.237218 0.252561 0.268972 0.286553 0.305417 0.325686 0.347498 0.371002 0.396357 0.423735 0.453314 0.485270 0.519772 0.556960 0.596928 0.639696 0.685193 0.733237 0.783534 0.835696 0.889260 0.943722 0.998542 1.053081
0.039851 0.043405 0.046954 0.050657 0.054557 0.058673 0.063020 0.067613 0.072467 0.077599 0.083025 0.088762 0.094829 0.101244 0.108028 0.115202 0.122791 0.130820 0.139317 0.148313 0.157844 0.167948 0.178668 0.190053 0.202158 0.215043 0.228777 0.243436 0.259107 0.275884 0.293874 0.313195 0.333975 0.356359 0.380499 0.406562 0.434724 0.465162 0.498054 0.533556 0.571790 0.612820 0.656624 0.703078 0.751946 0.802882 0.855457 0.909181 0.963524 1.017897
0.039912 0.042994 0.046333 0.049856 0.053566 0.057479 0.061609 0.065972 0.070583 0.075458 0.080612 0.086063 0.091827 0.097922 0.104368 0.111184 0.118392 0.126016 0.134083 0.142621 0.151661 0.161240 0.171397 0.182177 0.193630 0.205812 0.218786 0.232622 0.247399 0.263207 0.280143 0.298317 0.317850 0.338876 0.361541 0.386003 0.412431 0.441004 0.471900 0.505291 0.541326 0.580109 0.621678 0.665982 0.712859 0.762040 0.813152 0.865746 0.919320 0.973328
0.039565 0.042498 0.045612 0.048914 0.052402 0.056083 0.059969 0.064074 0.068413 0.073001 0.077853 0.082983 0.088408 0.094144 0.100208 0.106618 0.113395 0.120559 0.128135 0.136147 0.144626 0.153603 0.163114 0.173199 0.183904 0.195278 0.207379 0.220271 0.234026 0.248723 0.264452 0.281313 0.299418 0.318890 0.339863 0.362486 0.386919 0.413333 0.441907 0.472819 0.506238 0.542305 0.581115 0.622691 0.666965 0.713762 0.762799 0.813701 0.866018 0.919249
0.038837 0.041674 0.044655 0.047772 0.051042 0.054484 0.058113 0.061945 0.065995 0.070275 0.074801 0.079584 0.084640 0.089983 0.095628 0.101592 0.107891 0.114546 0.121576 0.129006 0.136861 0.145170 0.153964 0.163279 0.173156 0.183639 0.194778 0.206631 0.219262 0.232741 0.247150 0.262576 0.279121 0.296895 0.316021 0.336634 0.358882 0.382926 0.408936 0.437091 0.467569 0.500537 0.536134 0.574454 0.615518 0.659259 0.705509 0.753998 0.804364 0.856174
0.037701 0.040686 0.043566 0.046496 0.049543 0.052740 0.056106 0.059658 0.063408 0.067368 0.071550 0.075966 0.080628 0.085548 0.090742 0.096222 0.102005 0.108108 0.114549 0.121349 0.128531 0.136119 0.144143 0.152633 0.161626 0.171159 0.181277 0.192030 0.203474 0.215672 0.228692 0.242614 0.257526 0.273525 0.290720 0.309233 0.329196 0.350755 0.374069 0.399307 0.426646 0.456264 0.488328 0.522982 0.560326 0.600393 0.643135 0.688410 0.735979 0.785513
0.037980 0.040174 0.042617 0.045242 0.048024 0.050961 0.054058 0.057322 0.060763 0.064389 0.068211 0.072238 0.076483 0.080956 0.085669 0.090636 0.095871 0.101390 0.107209 0.113346 0.119822 0.126659 0.133882 0.141518 0.149598 0.158155 0.167229 0.176860 0.187098 0.197997 0.209615 0.222022 0.235292 0.249510 0.264771 0.281180 0.298854 0.317921 0.338525 0.360818 0.384968 0.411149 0.439538 0.470306 0.503604 0.539544 0.578184 0.619508 0.663415 0.709713
0.037417 0.039368 0.041602 0.044006 0.046554 0.049240 0.052065 0.055034 0.058153 0.061429 0.064871 0.068490 0.072295 0.076298 0.080510 0.084944 0.089612 0.094530 0.099712 0.105174 0.110935 0.117015 0.123434 0.130217 0.137390 0.144981 0.153024 0.161555 0.170614 0.180246 0.190503 0.201442 0.213126 0.225628 0.239027 0.253413 0.268886 0.285558 0.303552 0.323004 0.344063 0.366890 0.391656 0.418536 0.447705 0.479321 0.513517 0.550379 0.589931 0.632124
0.035958 0.038343 0.040568 0.042832 0.045180 0.047624 0.050172 0.052831 0.055609 0.058516 0.061561 0.064754 0.068106 0.071629 0.075333 0.079230 0.083333 0.087655 0.092209 0.097011 0.102076 0.107422 0.113066 0.119030 0.125336 0.132009 0.139076 0.146567 0.154517 0.162963 0.171948 0.181519 0.191730 0.202639 0.214315 0.226833 0.240275 0.254736 0.270321 0.287146 0.305340 0.325045 0.346415 0.369615 0.394818 0.422201 0.451931 0.484158 0.518999 0.556521
0.035965 0.037724 0.039724 0.041796 0.043918 0.046096 0.048342 0.050668 0.053088 0.055611 0.058251 0.061017 0.063921 0.066974 0.070186 0.073569 0.077134 0.080894 0.084859 0.089044 0.093462 0.098129 0.103059 0.108272 0.113785 0.119620 0.125799 0.132348 0.139296 0.146673 0.154515 0.162861 0.171754 0.181244 0.191386 0.202243 0.213882 0.226383 0.239832 0.254327 0.269976 0.286901 0.305235 0.325125 0.346728 0.370215 0.395759 0.423537 0.453714 0.486433
0.035088 0.037148 0.039020 0.040849 0.042683 0.044546 0.046459 0.048436 0.050493 0.052642 0.054894 0.057260 0.059750 0.062373 0.065141 0.068061 0.071146 0.074405 0.077848 0.081488 0.085336 0.089406 0.093710 0.098264 0.103084 0.108188 0.113595 0.119326 0.125405 0.131858 0.138713 0.146003 0.153765 0.162037 0.170866 0.180303 0.190404 0.201233 0.212862 0.225372 0.238853 0.253407 0.269146 0.286195 0.304693 0.324791 0.346653 0.370452 0.396367 0.424574
0.035541 0.036913 0.038347 0.039801 0.041282 0.042805 0.044386 0.046035 0.047765 0.049585 0.051503 0.053528 0.055669 0.057933 0.060329 0.062865 0.065550 0.068393 0.071403 0.074590 0.077965 0.081538 0.085322 0.089329 0.093573 0.098070 0.102835 0.107888 0.113246 0.118933 0.124973 0.131391 0.138219 0.145490 0.153240 0.161511 0.170351 0.179813 0.189954 0.200843 0.212554 0.225170 0.238788 0.253511 0.269458 0.286761 0.305563 0.326024 0.348313 0.372610
0.035055 0.036152 0.037235 0.038356 0.039533 0.040776 0.042093 0.043489 0.044970 0.046542 0.048210 0.049980 0.051859 0.053852 0.055967 0.058211 0.060590 0.063113 0.065788 0.068624 0.071630 0.074815 0.078192 0.081770 0.085562 0.089581 0.093841 0.098359 0.103151 0.108235 0.113633 0.119367 0.125462 0.131946 0.138851 0.146212 0.154067 0.162462 0.171444 0.181071 0.191404 0.202514 0.214481 0.227394 0.241354 0.256472 0.272875 0.290704 0.310111 0.331266
0.033931 0.034753 0.035602 0.036523 0.037524 0.038608 0.039774 0.041022 0.042354 0.043774 0.045285 0.046891 0.048597 0.050409 0.052333 0.054374 0.056540 0.058838 0.061275 0.063860 0.066601 0.069506 0.072587 0.075852 0.079314 0.082983 0.086874 0.090999 0.095374 0.100016 0.104942 0.110173 0.115730 0.121638 0.127924 0.134618 0.141753 0.149368 0.157505 0.166212 0.175542 0.185555 0.196321 0.207917 0.220429 0.233955 0.248607 0.264507 0.281795 0.300624
0.032706 0.033130 0.033846 0.034710 0.035672 0.036714 0.037831 0.039023 0.040291 0.041638 0.043067 0.044585 0.046194 0.047901 0.049711 0.051630 0.053666 0.055823 0.058111 0.060537 0.063108 0.065834 0.068724 0.071787 0.075034 0.078476 0.082125 0.085994 0.090097 0.094449 0.099067 0.103968 0.109174 0.114705 0.120586 0.126845 0.133511 0.140618 0.148205 0.156313 0.164991 0.174292 0.184278 0.195018 0.206590 0.219083 0.232595 0.247240 0.263145 0.280452
0.030492 0.031563 0.032542 0.033520 0.034532 0.035594 0.036714 0.037896 0.039146 0.040469 0.041868 0.043349 0.044917 0.046577 0.048336 0.050199 0.052172 0.054264 0.056480 0.058829 0.061319 0.063957 0.066754 0.069718 0.072860 0.076190 0.079720 0.083463 0.087432 0.091641 0.096107 0.100846 0.105878 0.111223 0.116905 0.122949 0.129384 0.136241 0.143556 0.151370 0.159727 0.168679 0.178282 0.188602 0.199712 0.211696 0.224649 0.238677 0.253902 0.270458
