0.000001 0.437371 0.050449 0.428704
0.000001 0.437423 0.050869 0.429007
0.000001 0.437522 0.051700 0.429602
0.000001 0.437664 0.052923 0.430474
0.000001 0.437838 0.054512 0.431597
0.000001 0.438032 0.056434 0.432940
0.000001 0.438231 0.058652 0.434466
0.000001 0.438419 0.061129 0.436138
0.000001 0.438577 0.063828 0.437913
0.000001 0.438687 0.066710 0.439750
0.000001 0.438730 0.069744 0.441611
0.000001 0.438687 0.072899 0.443457
0.000001 0.438541 0.076149 0.445255
0.000001 0.438275 0.079473 0.446972
0.000001 0.437874 0.082852 0.448582
0.000001 0.437324 0.086272 0.450059
0.000001 0.436609 0.089723 0.451381
0.000001 0.435716 0.093201 0.452527
0.000001 0.434627 0.096703 0.453479
0.000001 0.433325 0.100234 0.454219
0.000001 0.431792 0.103801 0.454731
0.000001 0.430006 0.107418 0.454998
0.000001 0.427947 0.111100 0.455007
0.000001 0.425596 0.114864 0.454747
0.000001 0.422933 0.118730 0.454207
0.000001 0.419943 0.122717 0.453381
0.000001 0.416614 0.126841 0.452264
0.000001 0.412939 0.131116 0.450855
0.000001 0.408917 0.135553 0.449157
0.000001 0.404549 0.140159 0.447174
0.000001 0.399845 0.144935 0.444913
0.000001 0.394816 0.149879 0.442385
0.000001 0.389481 0.154982 0.439601
0.000001 0.383859 0.160232 0.436572
0.000001 0.377975 0.165611 0.433311
0.000001 0.371855 0.171094 0.429830
0.000001 0.365529 0.176651 0.426140
0.000001 0.359026 0.182246 0.422251
0.000001 0.352380 0.187835 0.418171
0.000001 0.345623 0.193369 0.413904
0.000001 0.338792 0.198791 0.409454
0.000001 0.331921 0.204039 0.404822
0.000001 0.325048 0.209045 0.400003
0.000001 0.318207 0.213737 0.394991
0.000001 0.311437 0.218039 0.389775
0.000001 0.304772 0.221871 0.384336
0.000001 0.298245 0.225153 0.378646
0.000001 0.291890 0.227803 0.372665
0.000001 0.285733 0.229737 0.366333
0.000001 0.279802 0.230874 0.359563
0.000001 0.274119 0.231131 0.352233
0.000001 0.268704 0.230431 0.344165
0.001280 0.263580 0.228704 0.335114
0.018331 0.258778 0.225914 0.324834
0.046349 0.254353 0.222212 0.313732
0.081023 0.250371 0.217830 0.302416
0.119031 0.246892 0.213003 0.291430
0.158042 0.243964 0.207943 0.281166
0.196501 0.241616 0.202824 0.271871
0.233376 0.239863 0.197787 0.263680
0.267965 0.238702 0.192954 0.256660
0.299775 0.238119 0.188424 0.250829
0.328444 0.238088 0.184284 0.246176
0.353704 0.238571 0.180604 0.242671
0.375365 0.239522 0.177442 0.240268
0.393303 0.240890 0.174839 0.238911
0.407456 0.242619 0.172822 0.238534
0.417819 0.244650 0.171403 0.239067
0.424444 0.246925 0.170578 0.240434
0.427427 0.249390 0.170330 0.242559
0.426907 0.251992 0.170629 0.245366
0.423056 0.254688 0.171436 0.248782
0.416067 0.257436 0.172707 0.252737
0.406150 0.260203 0.174389 0.257167
0.393517 0.262960 0.176432 0.262014
0.378382 0.265684 0.178782 0.267225
0.360950 0.268356 0.181387 0.272756
0.341415 0.270959 0.184195 0.278565
0.319965 0.273479 0.187156 0.284613
0.296778 0.275901 0.190220 0.290865
0.272032 0.278214 0.193334 0.297284
0.245906 0.280403 0.196446 0.303834
0.218595 0.282454 0.199502 0.310472
0.190314 0.284352 0.202445 0.317152
0.161310 0.286082 0.205218 0.323819
0.131883 0.287627 0.207764 0.330410
0.102425 0.288973 0.210027 0.336846
0.073518 0.290103 0.211951 0.343024
0.046149 0.291004 0.213478 0.348794
0.022137 0.291663 0.214541 0.353923
0.004873 0.292069 0.215065 0.358081
0.000001 0.292222 0.214992 0.360928
0.000001 0.292140 0.214375 0.362516
0.000001 0.291869 0.213357 0.363165
0.000001 0.291463 0.212089 0.363150
0.000001 0.290986 0.210726 0.362714
0.000001 0.290502 0.209420 0.362075
0.000001 0.290075 0.208305 0.361419
0.000001 0.289757 0.207495 0.360894
0.000001 0.289588 0.207069 0.360605
