0.106466 0.107422 0.107974 0.108492 0.108963 0.109366 0.109703 0.109984 0.110224 0.110433 0.110621 0.110793 0.110954 0.111107 0.111255 0.111399 0.111541 0.111681 0.111821 0.111960 0.112100 0.112240 0.112381 0.112523 0.112667 0.112812 0.112959 0.113108 0.113259 0.113412 0.113567 0.113725 0.113885 0.114048 0.114213 0.114382 0.114553 0.114727 0.114905 0.115086 0.115270 0.115457 0.115649 0.115844 0.116042 0.116245 0.116452 0.116663 0.116878 0.117098
0.110776 0.109128 0.109471 0.109900 0.110202 0.110417 0.110588 0.110738 0.110879 0.111014 0.111147 0.111279 0.111409 0.111539 0.111668 0.111798 0.111928 0.112059 0.112191 0.112325 0.112459 0.112595 0.112733 0.112872 0.113014 0.113157 0.113303 0.113451 0.113601 0.113754 0.113909 0.114067 0.114227 0.114391 0.114557 0.114727 0.114899 0.115075 0.115255 0.115437 0.115624 0.115813 0.116007 0.116205 0.116407 0.116613 0.116823 0.117037 0.117256 0.117480
0.103879 0.110960 0.112283 0.112330 0.112166 0.112028 0.111952 0.111929 0.111947 0.111993 0.112059 0.112140 0.112231 0.112330 0.112435 0.112546 0.112660 0.112778 0.112899 0.113024 0.113151 0.113281 0.113414 0.113550 0.113688 0.113830 0.113974 0.114121 0.114271 0.114424 0.114580 0.114739 0.114901 0.115066 0.115235 0.115408 0.115584 0.115763 0.115946 0.116134 0.116325 0.116520 0.116719 0.116923 0.117131 0.117344 0.117561 0.117783 0.118010 0.118243
0.131034 0.119917 0.116022 0.114455 0.113746 0.113398 0.113223 0.113141 0.113116 0.113128 0.113166 0.113222 0.113292 0.113373 0.113463 0.113561 0.113664 0.113773 0.113887 0.114005 0.114128 0.114254 0.114385 0.114519 0.114656 0.114797 0.114942 0.115090 0.115242 0.115397 0.115556 0.115719 0.115885 0.116055 0.116230 0.116408 0.116590 0.116777 0.116967 0.117163 0.117362 0.117566 0.117775 0.117989 0.118208 0.118432 0.118662 0.118896 0.119137 0.119383
0.112069 0.113549 0.113882 0.114003 0.114065 0.114106 0.114142 0.114180 0.114224 0.114277 0.114339 0.114409 0.114487 0.114572 0.114664 0.114763 0.114867 0.114976 0.115091 0.115210 0.115334 0.115463 0.115596 0.115733 0.115874 0.116019 0.116169 0.116323 0.116480 0.116642 0.116809 0.116979 0.117154 0.117334 0.117518 0.117706 0.117900 0.118098 0.118301 0.118509 0.118722 0.118941 0.119165 0.119395 0.119630 0.119871 0.120119 0.120373 0.120633 0.120900
0.100431 0.108465 0.112020 0.113601 0.114360 0.114767 0.115016 0.115189 0.115325 0.115442 0.115551 0.115656 0.115761 0.115868 0.115977 0.116091 0.116208 0.116329 0.116455 0.116585 0.116719 0.116857 0.117000 0.117148 0.117300 0.117456 0.117617 0.117782 0.117952 0.118127 0.118307 0.118492 0.118681 0.118876 0.119076 0.119281 0.119492 0.119708 0.119930 0.120158 0.120392 0.120632 0.120878 0.121131 0.121390 0.121656 0.121930 0.122211 0.122499 0.122795
0.117241 0.116172 0.115633 0.115606 0.115774 0.115985 0.116186 0.116368 0.116533 0.116685 0.116828 0.116966 0.117102 0.117237 0.117372 0.117510 0.117650 0.117792 0.117938 0.118088 0.118241 0.118399 0.118560 0.118727 0.118897 0.119073 0.119253 0.119438 0.119629 0.119825 0.120026 0.120232 0.120444 0.120662 0.120886 0.121116 0.121352 0.121595 0.121844 0.122100 0.122363 0.122633 0.122911 0.123196 0.123489 0.123790 0.124099 0.124417 0.124744 0.125081
0.131897 0.121357 0.118442 0.117612 0.117420 0.117448 0.117558 0.117702 0.117859 0.118021 0.118184 0.118348 0.118511 0.118675 0.118840 0.119007 0.119175 0.119346 0.119520 0.119698 0.119879 0.120064 0.120253 0.120447 0.120646 0.120849 0.121058 0.121272 0.121492 0.121718 0.121949 0.122187 0.122431 0.122682 0.122939 0.123204 0.123476 0.123755 0.124041 0.124336 0.124639 0.124950 0.125270 0.125599 0.125937 0.126285 0.126642 0.127010 0.127389 0.127779
0.099138 0.113517 0.117276 0.118290 0.118609 0.118774 0.118920 0.119077 0.119247 0.119427 0.119612 0.119802 0.119994 0.120188 0.120385 0.120585 0.120787 0.120992 0.121200 0.121413 0.121629 0.121850 0.122075 0.122305 0.122541 0.122782 0.123029 0.123282 0.123541 0.123807 0.124080 0.124360 0.124647 0.124941 0.125244 0.125554 0.125873 0.126200 0.126537 0.126883 0.127238 0.127603 0.127979 0.128365 0.128762 0.129171 0.129592 0.130025 0.130471 0.130931
0.130603 0.122055 0.120147 0.119831 0.119902 0.120070 0.120266 0.120471 0.120681 0.120896 0.121115 0.121337 0.121562 0.121792 0.122024 0.122261 0.122502 0.122747 0.122996 0.123250 0.123509 0.123774 0.124044 0.124320 0.124602 0.124891 0.125186 0.125489 0.125798 0.126116 0.126441 0.126775 0.127117 0.127468 0.127828 0.128197 0.128577 0.128966 0.129366 0.129778 0.130200 0.130635 0.131082 0.131542 0.132015 0.132502 0.133003 0.133520 0.134053 0.134602
0.121552 0.120933 0.120724 0.120858 0.121119 0.121403 0.121681 0.121948 0.122208 0.122465 0.122722 0.122983 0.123247 0.123516 0.123790 0.124070 0.124356 0.124647 0.124945 0.125249 0.125559 0.125877 0.126201 0.126532 0.126872 0.127219 0.127574 0.127937 0.128310 0.128691 0.129082 0.129482 0.129893 0.130314 0.130746 0.131190 0.131645 0.132112 0.132592 0.133086 0.133593 0.134114 0.134651 0.135203 0.135772 0.136357 0.136961 0.137584 0.138227 0.138890
0.110776 0.118248 0.120896 0.122003 0.122588 0.122985 0.123310 0.123608 0.123899 0.124189 0.124484 0.124786 0.125094 0.125410 0.125734 0.126065 0.126405 0.126752 0.127108 0.127471 0.127843 0.128224 0.128613 0.129012 0.129420 0.129837 0.130265 0.130702 0.131151 0.131610 0.132080 0.132562 0.133057 0.133564 0.134084 0.134618 0.135166 0.135728 0.136307 0.136901 0.137512 0.138141 0.138789 0.139456 0.140143 0.140852 0.141584 0.142339 0.143120 0.143927
0.130172 0.125458 0.124597 0.124564 0.124723 0.124945 0.125202 0.125486 0.125792 0.126116 0.126455 0.126807 0.127171 0.127545 0.127930 0.128325 0.128730 0.129146 0.129571 0.130007 0.130453 0.130910 0.131377 0.131856 0.132346 0.132848 0.133362 0.133889 0.134428 0.134980 0.135546 0.136126 0.136721 0.137331 0.137957 0.138600 0.139260 0.139938 0.140636 0.141353 0.142091 0.142852 0.143635 0.144443 0.145277 0.146138 0.147028 0.147949 0.148902 0.149890
0.125862 0.127561 0.127174 0.126868 0.126828 0.126973 0.127228 0.127549 0.127912 0.128301 0.128709 0.129134 0.129571 0.130022 0.130484 0.130958 0.131444 0.131942 0.132452 0.132975 0.133510 0.134058 0.134619 0.135194 0.135782 0.136384 0.137000 0.137632 0.138279 0.138941 0.139620 0.140316 0.141031 0.141763 0.142516 0.143288 0.144082 0.144899 0.145740 0.146605 0.147497 0.148417 0.149366 0.150347 0.151361 0.152410 0.153497 0.154623 0.155793 0.157008
0.133621 0.128843 0.128092 0.128195 0.128526 0.128943 0.129399 0.129876 0.130367 0.130868 0.131379 0.131902 0.132435 0.132980 0.133538 0.134109 0.134693 0.135292 0.135904 0.136531 0.137172 0.137828 0.138499 0.139186 0.139889 0.140609 0.141345 0.142099 0.142872 0.143664 0.144475 0.145307 0.146161 0.147038 0.147939 0.148866 0.149819 0.150801 0.151813 0.152856 0.153933 0.155047 0.156198 0.157390 0.158625 0.159906 0.161238 0.162622 0.164063 0.165566
0.116379 0.125158 0.128078 0.129555 0.130572 0.131391 0.132109 0.132773 0.133411 0.134039 0.134668 0.135303 0.135948 0.136605 0.137277 0.137962 0.138664 0.139380 0.140113 0.140861 0.141626 0.142408 0.143207 0.144024 0.144860 0.145715 0.146590 0.147485 0.148403 0.149344 0.150308 0.151298 0.152315 0.153361 0.154437 0.155545 0.156686 0.157864 0.159080 0.160338 0.161639 0.162986 0.164384 0.165836 0.167345 0.168915 0.170553 0.172262 0.174048 0.175919
0.137500 0.132002 0.132184 0.133210 0.134203 0.135073 0.135860 0.136606 0.137337 0.138068 0.138809 0.139563 0.140332 0.141117 0.141919 0.142737 0.143573 0.144426 0.145296 0.146183 0.147089 0.148013 0.148957 0.149921 0.150907 0.151914 0.152946 0.154002 0.155085 0.156195 0.157336 0.158508 0.159714 0.160955 0.162236 0.163556 0.164921 0.166333 0.167794 0.169309 0.170882 0.172516 0.174218 0.175990 0.177840 0.179774 0.181798 0.183921 0.186150 0.188497
0.126293 0.135453 0.137904 0.138833 0.139472 0.140109 0.140800 0.141545 0.142338 0.143168 0.144030 0.144918 0.145829 0.146760 0.147710 0.148678 0.149664 0.150667 0.151688 0.152729 0.153788 0.154869 0.155971 0.157097 0.158247 0.159425 0.160630 0.161866 0.163134 0.164438 0.165779 0.167160 0.168583 0.170054 0.171573 0.173146 0.174776 0.176467 0.178224 0.180052 0.181957 0.183945 0.186023 0.188198 0.190477 0.192872 0.195391 0.198047 0.200853 0.203823
0.156466 0.148814 0.146225 0.145482 0.145557 0.146045 0.146763 0.147615 0.148550 0.149540 0.150568 0.151623 0.152700 0.153795 0.154907 0.156035 0.157179 0.158341 0.159521 0.160721 0.161943 0.163188 0.164459 0.165757 0.167086 0.168447 0.169844 0.171279 0.172755 0.174276 0.175845 0.177466 0.179143 0.180880 0.182682 0.184554 0.186501 0.188530 0.190647 0.192860 0.195176 0.197604 0.200154 0.202836 0.205664 0.208650 0.211810 0.215162 0.218726 0.222526
0.154310 0.150895 0.150278 0.150748 0.151638 0.152703 0.153848 0.155037 0.156250 0.157477 0.158714 0.159960 0.161213 0.162475 0.163747 0.165031 0.166330 0.167646 0.168982 0.170341 0.171725 0.173138 0.174583 0.176063 0.177581 0.179141 0.180746 0.182402 0.184111 0.185878 0.187709 0.189608 0.191580 0.193632 0.195770 0.198001 0.200333 0.202774 0.205334 0.208022 0.210851 0.213832 0.216980 0.220311 0.223843 0.227597 0.231596 0.235867 0.240443 0.245359
0.136638 0.148112 0.153696 0.156969 0.159286 0.161176 0.162854 0.164416 0.165909 0.167358 0.168779 0.170185 0.171583 0.172982 0.174387 0.175803 0.177236 0.178690 0.180170 0.181679 0.183222 0.184802 0.186425 0.188094 0.189814 0.191589 0.193425 0.195327 0.197300 0.199350 0.201484 0.203708 0.206030 0.208458 0.211000 0.213667 0.216468 0.219417 0.222525 0.225807 0.229280 0.232962 0.236873 0.241038 0.245483 0.250240 0.255344 0.260838 0.266772 0.273203
0.159914 0.163400 0.166318 0.168787 0.170946 0.172883 0.174658 0.176317 0.177895 0.179419 0.180910 0.182385 0.183855 0.185331 0.186820 0.188330 0.189867 0.191436 0.193043 0.194693 0.196390 0.198140 0.199948 0.201819 0.203758 0.205772 0.207867 0.210050 0.212327 0.214706 0.217196 0.219806 0.222546 0.225426 0.228458 0.231657 0.235035 0.238611 0.242402 0.246428 0.250714 0.255285 0.260173 0.265413 0.271044 0.277115 0.283680 0.290804 0.298565 0.307053
0.191379 0.185532 0.184355 0.185013 0.186284 0.187719 0.189174 0.190613 0.192037 0.193456 0.194879 0.196318 0.197780 0.199272 0.200800 0.202371 0.203988 0.205658 0.207384 0.209174 0.211031 0.212961 0.214970 0.217065 0.219252 0.221538 0.223932 0.226441 0.229074 0.231843 0.234756 0.237827 0.241069 0.244496 0.248125 0.251973 0.256060 0.260411 0.265049 0.270006 0.275314 0.281012 0.287144 0.293763 0.300929 0.308712 0.317196 0.326481 0.336683 0.347944
0.196983 0.198865 0.200776 0.202128 0.203205 0.204214 0.205247 0.206338 0.207496 0.208720 0.210011 0.211368 0.212789 0.214277 0.215832 0.217458 0.219157 0.220934 0.222792 0.224738 0.226776 0.228913 0.231154 0.233509 0.235984 0.238589 0.241333 0.244227 0.247283 0.250512 0.253931 0.257553 0.261397 0.265483 0.269831 0.274467 0.279419 0.284718 0.290400 0.296507 0.303087 0.310194 0.317894 0.326262 0.335385 0.345369 0.356338 0.368437 0.381843 0.396763
0.202155 0.215398 0.218745 0.219656 0.220100 0.220589 0.221239 0.222057 0.223025 0.224125 0.225342 0.226667 0.228092 0.229615 0.231234 0.232950 0.234767 0.236686 0.238713 0.240852 0.243111 0.245497 0.248017 0.250680 0.253497 0.256478 0.259636 0.262983 0.266535 0.270309 0.274323 0.278596 0.283154 0.288020 0.293225 0.298802 0.304788 0.311227 0.318169 0.325672 0.333802 0.342636 0.352267 0.362801 0.374363 0.387103 0.401198 0.416857 0.434326 0.453897
0.264655 0.244026 0.237341 0.235185 0.234703 0.234944 0.235562 0.236418 0.237447 0.238619 0.239918 0.241334 0.242865 0.244509 0.246266 0.248139 0.250132 0.252250 0.254499 0.256885 0.259417 0.262105 0.264957 0.267986 0.271203 0.274623 0.278260 0.282133 0.286259 0.290660 0.295360 0.300385 0.305765 0.311534 0.317731 0.324399 0.331590 0.339362 0.347781 0.356926 0.366888 0.377772 0.389703 0.402827 0.417318 0.433378 0.451246 0.471203 0.493575 0.518736
0.235345 0.240849 0.242731 0.243959 0.245097 0.246255 0.247464 0.248738 0.250090 0.251527 0.253058 0.254689 0.256428 0.258280 0.260252 0.262350 0.264583 0.266958 0.269484 0.272170 0.275028 0.278069 0.281305 0.284751 0.288423 0.292337 0.296513 0.300972 0.305738 0.310837 0.316299 0.322159 0.328454 0.335229 0.342531 0.350420 0.358960 0.368227 0.378308 0.389307 0.401341 0.414551 0.429100 0.445179 0.463012 0.482861 0.505030 0.529868 0.557767 0.589161
0.227155 0.240230 0.247087 0.250999 0.253603 0.255638 0.257436 0.259151 0.260859 0.262605 0.264416 0.266311 0.268307 0.270415 0.272648 0.275016 0.277531 0.280204 0.283046 0.286070 0.289290 0.292719 0.296374 0.300272 0.304433 0.308876 0.313625 0.318708 0.324152 0.329990 0.336259 0.343002 0.350265 0.358103 0.366578 0.375761 0.385735 0.396594 0.408449 0.421428 0.435681 0.451383 0.468739 0.487984 0.509395 0.533286 0.560017 0.589985 0.623621 0.661373
0.259483 0.258311 0.259156 0.260691 0.262440 0.264247 0.266075 0.267928 0.269824 0.271781 0.273817 0.275947 0.278187 0.280550 0.283048 0.285694 0.288501 0.291482 0.294651 0.298022 0.301611 0.305436 0.309515 0.313868 0.318518 0.323490 0.328812 0.334514 0.340631 0.347203 0.354272 0.361890 0.370113 0.379006 0.388644 0.399112 0.410511 0.422954 0.436575 0.451529 0.467995 0.486182 0.506332 0.528723 0.553672 0.581536 0.612709 0.647610 0.686671 0.730309
0.278879 0.271551 0.269080 0.268979 0.269929 0.271359 0.273036 0.274868 0.276824 0.278896 0.281085 0.283397 0.285840 0.288424 0.291161 0.294061 0.297138 0.300405 0.303877 0.307570 0.311503 0.315693 0.320162 0.324934 0.330034 0.335489 0.341333 0.347600 0.354330 0.361569 0.369365 0.377779 0.386874 0.396726 0.407423 0.419062 0.431759 0.445646 0.460877 0.477631 0.496112 0.516559 0.539244 0.564478 0.592606 0.624011 0.659099 0.698288 0.741981 0.790534
0.265086 0.267815 0.270559 0.272550 0.274228 0.275883 0.277633 0.279517 0.281544 0.283714 0.286027 0.288486 0.291095 0.293862 0.296795 0.299905 0.303204 0.306707 0.310428 0.314386 0.318598 0.323085 0.327872 0.332982 0.338445 0.344291 0.350555 0.357277 0.364500 0.372274 0.380655 0.389707 0.399503 0.410127 0.421675 0.434256 0.447997 0.463047 0.479574 0.497776 0.517877 0.540137 0.564850 0.592347 0.622993 0.657178 0.695311 0.737791 0.784984 0.837186
0.248276 0.266155 0.271638 0.274154 0.276004 0.277783 0.279654 0.281660 0.283809 0.286105 0.288546 0.291137 0.293882 0.296789 0.299866 0.303125 0.306579 0.310242 0.314131 0.318263 0.322660 0.327343 0.332336 0.337666 0.343364 0.349463 0.355999 0.363014 0.370556 0.378677 0.387436 0.396902 0.407153 0.418277 0.430377 0.443570 0.457991 0.473797 0.491168 0.510312 0.531467 0.554905 0.580934 0.609895 0.642162 0.678130 0.718200 0.762756 0.812135 0.866591
0.306466 0.280766 0.274800 0.274297 0.275462 0.277220 0.279241 0.281424 0.283737 0.286172 0.288733 0.291426 0.294260 0.297246 0.300396 0.303723 0.307241 0.310967 0.314918 0.319113 0.323573 0.328322 0.333385 0.338788 0.344564 0.350746 0.357372 0.364486 0.372134 0.380371 0.389258 0.398865 0.409271 0.420568 0.432859 0.446265 0.460924 0.476997 0.494666 0.514144 0.535675 0.559535 0.586036 0.615525 0.648378 0.684991 0.725765 0.771078 0.821256 0.876540
0.239224 0.259748 0.266234 0.269533 0.272093 0.274485 0.276853 0.279247 0.281695 0.284215 0.286825 0.289541 0.292377 0.295349 0.298472 0.301762 0.305235 0.308908 0.312799 0.316929 0.321320 0.325993 0.330974 0.336291 0.341975 0.348059 0.354582 0.361583 0.369112 0.377221 0.385971 0.395429 0.405674 0.416796 0.428897 0.442094 0.456525 0.472345 0.489737 0.508909 0.530101 0.553587 0.579675 0.608712 0.641072 0.677154 0.717363 0.762086 0.811663 0.866352
0.259483 0.258631 0.262096 0.265441 0.268306 0.270875 0.273307 0.275696 0.278095 0.280539 0.283052 0.285656 0.288367 0.291203 0.294179 0.297313 0.300621 0.304120 0.307829 0.311767 0.315955 0.320415 0.325171 0.330250 0.335681 0.341495 0.347730 0.354424 0.361621 0.369373 0.377737 0.386776 0.396564 0.407187 0.418740 0.431335 0.445100 0.460185 0.476761 0.495026 0.515209 0.537573 0.562415 0.590072 0.620914 0.655339 0.693761 0.736588 0.784191 0.836873
0.255172 0.259302 0.261266 0.263079 0.264963 0.266908 0.268901 0.270942 0.273039 0.275204 0.277451 0.279794 0.282246 0.284823 0.287538 0.290406 0.293442 0.296663 0.300083 0.303722 0.307598 0.311731 0.316144 0.320860 0.325906 0.331312 0.337109 0.343335 0.350029 0.357238 0.365012 0.373412 0.382503 0.392363 0.403078 0.414750 0.427496 0.441451 0.456772 0.473639 0.492262 0.512886 0.535788 0.561284 0.589732 0.621522 0.657071 0.696809 0.741150 0.790460
0.264224 0.260466 0.259340 0.259514 0.260363 0.261567 0.262975 0.264519 0.266174 0.267935 0.269803 0.271785 0.273890 0.276127 0.278506 0.281037 0.283734 0.286609 0.289675 0.292946 0.296441 0.300174 0.304167 0.308440 0.313016 0.317920 0.323182 0.328834 0.334910 0.341450 0.348502 0.356114 0.364347 0.373266 0.382949 0.393483 0.404971 0.417531 0.431299 0.446435 0.463125 0.481583 0.502059 0.524842 0.550259 0.578681 0.610517 0.646202 0.686184 0.730895
0.253017 0.250966 0.251105 0.251805 0.252649 0.253571 0.254582 0.255700 0.256933 0.258290 0.259772 0.261385 0.263133 0.265020 0.267052 0.269237 0.271583 0.274099 0.276795 0.279683 0.282776 0.286088 0.289635 0.293436 0.297508 0.301876 0.306561 0.311593 0.317001 0.322818 0.329085 0.335843 0.343143 0.351041 0.359602 0.368900 0.379021 0.390064 0.402144 0.415396 0.429977 0.446069 0.463886 0.483678 0.505734 0.530386 0.558011 0.589029 0.623896 0.663081
0.225862 0.235188 0.239172 0.240904 0.241818 0.242505 0.243201 0.243992 0.244908 0.245959 0.247147 0.248473 0.249936 0.251538 0.253282 0.255171 0.257212 0.259409 0.261772 0.264308 0.267029 0.269945 0.273070 0.276417 0.280004 0.283849 0.287972 0.292395 0.297144 0.302247 0.307736 0.313648 0.320023 0.326907 0.334354 0.342425 0.351188 0.360726 0.371132 0.382514 0.395002 0.408743 0.423912 0.440716 0.459396 0.480232 0.503553 0.529733 0.559197 0.592411
0.228879 0.230092 0.229069 0.228345 0.228122 0.228275 0.228691 0.229306 0.230083 0.231004 0.232058 0.233239 0.234547 0.235979 0.237538 0.239226 0.241046 0.243004 0.245105 0.247357 0.249768 0.252348 0.255108 0.258059 0.261215 0.264591 0.268205 0.272074 0.276221 0.280668 0.285441 0.290571 0.296091 0.302037 0.308454 0.315388 0.322897 0.331045 0.339906 0.349565 0.360124 0.371699 0.384429 0.398476 0.414031 0.431320 0.450610 0.472213 0.496492 0.523863
0.240517 0.219169 0.212611 0.210704 0.210396 0.210712 0.211316 0.212089 0.212985 0.213985 0.215084 0.216277 0.217567 0.218953 0.220439 0.222027 0.223722 0.225528 0.227452 0.229499 0.231678 0.233997 0.236466 0.239094 0.241893 0.244877 0.248060 0.251456 0.255085 0.258965 0.263118 0.267567 0.272341 0.277469 0.282986 0.288930 0.295345 0.302282 0.309799 0.317962 0.326849 0.336550 0.347171 0.358836 0.371692 0.385912 0.401702 0.419307 0.439015 0.461167
0.157328 0.177210 0.184517 0.187802 0.189708 0.191118 0.192353 0.193540 0.194730 0.195949 0.197209 0.198520 0.199887 0.201316 0.202811 0.204378 0.206022 0.207750 0.209567 0.211480 0.213497 0.215627 0.217876 0.220256 0.222777 0.225449 0.228285 0.231299 0.234505 0.237920 0.241561 0.245449 0.249605 0.254054 0.258824 0.263946 0.269454 0.275388 0.281793 0.288722 0.296232 0.304394 0.313287 0.323004 0.333657 0.345375 0.358311 0.372651 0.388612 0.406455
0.153448 0.161101 0.165620 0.168477 0.170555 0.172273 0.173825 0.175299 0.176739 0.178168 0.179601 0.181047 0.182516 0.184015 0.185550 0.187130 0.188761 0.190449 0.192203 0.194029 0.195935 0.197929 0.200020 0.202215 0.204525 0.206960 0.209529 0.212246 0.215123 0.218174 0.221413 0.224858 0.228526 0.232439 0.236618 0.241088 0.245878 0.251019 0.256547 0.262501 0.268929 0.275882 0.283423 0.291621 0.300560 0.310337 0.321065 0.332881 0.345946 0.360454
0.172414 0.158002 0.153827 0.153375 0.154259 0.155615 0.157126 0.158678 0.160231 0.161773 0.163304 0.164831 0.166360 0.167898 0.169455 0.171037 0.172652 0.174308 0.176012 0.177772 0.179595 0.181489 0.183461 0.185520 0.187674 0.189933 0.192305 0.194802 0.197433 0.200212 0.203151 0.206263 0.209566 0.213075 0.216809 0.220789 0.225038 0.229582 0.234449 0.239671 0.245285 0.251333 0.257862 0.264927 0.272591 0.280927 0.290022 0.299977 0.310913 0.322972
0.131034 0.134768 0.136622 0.138119 0.139639 0.141213 0.142808 0.144395 0.145962 0.147505 0.149030 0.150542 0.152051 0.153564 0.155089 0.156635 0.158208 0.159816 0.161466 0.163163 0.164916 0.166730 0.168613 0.170571 0.172613 0.174746 0.176979 0.179320 0.181780 0.184368 0.187096 0.189977 0.193022 0.196247 0.199668 0.203303 0.207169 0.211290 0.215689 0.220392 0.225430 0.230836 0.236648 0.242910 0.249672 0.256992 0.264936 0.273583 0.283025 0.293370
0.103017 0.116535 0.122355 0.125586 0.127834 0.129660 0.131281 0.132793 0.134243 0.135659 0.137060 0.138457 0.139862 0.141282 0.142724 0.144195 0.145699 0.147242 0.148829 0.150466 0.152158 0.153909 0.155726 0.157615 0.159582 0.161634 0.163777 0.166021 0.168373 0.170843 0.173439 0.176174 0.179059 0.182106 0.185329 0.188744 0.192368 0.196218 0.200316 0.204683 0.209347 0.214334 0.219678 0.225414 0.231583 0.238234 0.245420 0.253204 0.261660 0.270875
0.127155 0.118116 0.117485 0.118647 0.120038 0.121352 0.122577 0.123750 0.124907 0.126071 0.127256 0.128473 0.129727 0.131021 0.132357 0.133740 0.135170 0.136650 0.138183 0.139772 0.141421 0.143132 0.144912 0.146763 0.148692 0.150705 0.152807 0.155006 0.157308 0.159723 0.162259 0.164926 0.167734 0.170695 0.173821 0.177127 0.180626 0.184337 0.188276 0.192465 0.196925 0.201681 0.206763 0.212200 0.218030 0.224292 0.231033 0.238307 0.246176 0.254713
0.103879 0.111760 0.113623 0.114253 0.114702 0.115203 0.115801 0.116502 0.117302 0.118193 0.119170 0.120226 0.121354 0.122551 0.123813 0.125138 0.126524 0.127972 0.129481 0.131054 0.132692 0.134397 0.136174 0.138026 0.139957 0.141973 0.144080 0.146283 0.148590 0.151009 0.153547 0.156214 0.159020 0.161975 0.165091 0.168381 0.171859 0.175540 0.179441 0.183580 0.187979 0.192660 0.197648 0.202972 0.208665 0.214763 0.221308 0.228349 0.235940 0.244147
0.117241 0.112936 0.111087 0.110023 0.109477 0.109341 0.109529 0.109966 0.110598 0.111385 0.112298 0.113316 0.114427 0.115619 0.116885 0.118222 0.119625 0.121094 0.122629 0.124230 0.125900 0.127640 0.129454 0.131346 0.133320 0.135382 0.137537 0.139791 0.142151 0.144624 0.147220 0.149946 0.152812 0.155829 0.159008 0.162360 0.165901 0.169643 0.173604 0.177800 0.182252 0.186981 0.192010 0.197368 0.203083 0.209192 0.215732 0.222749 0.230296 0.238434
0.111207 0.106767 0.104005 0.102700 0.102278 0.102385 0.102831 0.103508 0.104354 0.105327 0.106402 0.107563 0.108798 0.110100 0.111466 0.112893 0.114380 0.115928 0.117538 0.119212 0.120954 0.122767 0.124655 0.126623 0.128676 0.130818 0.133058 0.135400 0.137852 0.140423 0.143120 0.145951 0.148928 0.152059 0.155357 0.158833 0.162500 0.166374 0.170468 0.174801 0.179392 0.184260 0.189431 0.194928 0.200783 0.207028 0.213702 0.220847 0.228515 0.236767
0.092241 0.090141 0.090888 0.092154 0.093499 0.094848 0.096197 0.097551 0.098915 0.100296 0.101696 0.103122 0.104576 0.106063 0.107587 0.109153 0.110764 0.112424 0.114140 0.115914 0.117753 0.119662 0.121646 0.123712 0.125864 0.128111 0.130458 0.132913 0.135483 0.138177 0.141003 0.143971 0.147090 0.150370 0.153823 0.157461 0.161297 0.165345 0.169621 0.174140 0.178923 0.183989 0.189362 0.195066 0.201131 0.207589 0.214477 0.221840 0.229728 0.238201
0.057759 0.072351 0.079288 0.083546 0.086664 0.089201 0.091401 0.093388 0.095237 0.096996 0.098697 0.100367 0.102023 0.103680 0.105350 0.107044 0.108770 0.110536 0.112351 0.114222 0.116156 0.118159 0.120239 0.122403 0.124658 0.127011 0.129471 0.132043 0.134738 0.137563 0.140527 0.143639 0.146910 0.150350 0.153970 0.157783 0.161800 0.166037 0.170509 0.175231 0.180223 0.185505 0.191098 0.197029 0.203325 0.210018 0.217146 0.224752 0.232886 0.241612
0.077155 0.076475 0.079161 0.082271 0.085162 0.087745 0.090065 0.092183 0.094154 0.096023 0.097821 0.099576 0.101309 0.103035 0.104769 0.106523 0.108308 0.110132 0.112006 0.113938 0.115935 0.118006 0.120157 0.122398 0.124735 0.127177 0.129730 0.132404 0.135207 0.138146 0.141232 0.144474 0.147881 0.151464 0.155234 0.159203 0.163384 0.167791 0.172437 0.177341 0.182519 0.187991 0.193778 0.199906 0.206402 0.213296 0.220626 0.228434 0.236773 0.245708
0.083190 0.083859 0.085172 0.086873 0.088686 0.090496 0.092266 0.093994 0.095684 0.097348 0.098995 0.100637 0.102284 0.103946 0.105632 0.107352 0.109114 0.110926 0.112796 0.114732 0.116742 0.118834 0.121013 0.123289 0.125669 0.128159 0.130769 0.133506 0.136377 0.139393 0.142560 0.145889 0.149389 0.153071 0.156944 0.161021 0.165314 0.169836 0.174601 0.179625 0.184925 0.190519 0.196429 0.202677 0.209289 0.216297 0.223735 0.231647 0.240086 0.249122
0.088793 0.091861 0.093167 0.093912 0.094649 0.095526 0.096549 0.097690 0.098919 0.100215 0.101566 0.102966 0.104413 0.105910 0.107458 0.109061 0.110726 0.112458 0.114261 0.116143 0.118109 0.120166 0.122321 0.124579 0.126948 0.129435 0.132046 0.134790 0.137674 0.140705 0.143893 0.147246 0.150772 0.154482 0.158386 0.162494 0.166818 0.171371 0.176165 0.181216 0.186539 0.192152 0.198073 0.204325 0.210933 0.217925 0.225338 0.233216 0.241614 0.250601
0.103017 0.102333 0.100958 0.100250 0.100128 0.100401 0.100938 0.101660 0.102520 0.103490 0.104551 0.105695 0.106916 0.108212 0.109582 0.111028 0.112552 0.114157 0.115847 0.117627 0.119501 0.121474 0.123550 0.125737 0.128039 0.130463 0.133014 0.135701 0.138529 0.141505 0.144638 0.147936 0.151406 0.155058 0.158901 0.162945 0.167200 0.171678 0.176392 0.181354 0.186580 0.192084 0.197887 0.204007 0.210470 0.217306 0.224551 0.232254 0.240470 0.249243
0.117672 0.106030 0.103315 0.102884 0.103092 0.103516 0.104050 0.104670 0.105372 0.106157 0.107025 0.107977 0.109012 0.110131 0.111334 0.112622 0.113997 0.115462 0.117018 0.118668 0.120417 0.122268 0.124225 0.126293 0.128477 0.130782 0.133214 0.135779 0.138482 0.141331 0.144332 0.147492 0.150819 0.154322 0.158008 0.161887 0.165968 0.170262 0.174781 0.179536 0.184541 0.189813 0.195368 0.201229 0.207422 0.213980 0.220948 0.228374 0.236303 0.244712
0.075431 0.093948 0.100146 0.102713 0.104048 0.104917 0.105611 0.106256 0.106914 0.107618 0.108384 0.109223 0.110139 0.111134 0.112211 0.113372 0.114618 0.115951 0.117374 0.118889 0.120499 0.122208 0.124018 0.125935 0.127963 0.130106 0.132369 0.134757 0.137277 0.139934 0.142734 0.145685 0.148792 0.152063 0.155507 0.159131 0.162946 0.166960 0.171184 0.175631 0.180316 0.185253 0.190464 0.195974 0.201815 0.208029 0.214667 0.221777 0.229366 0.237287
0.109914 0.103891 0.103612 0.104178 0.104765 0.105308 0.105842 0.106403 0.107011 0.107675 0.108402 0.109195 0.110056 0.110987 0.111989 0.113064 0.114214 0.115441 0.116747 0.118134 0.119607 0.121168 0.122822 0.124571 0.126420 0.128373 0.130435 0.132612 0.134908 0.137328 0.139880 0.142568 0.145399 0.148381 0.151522 0.154828 0.158310 0.161977 0.165841 0.169916 0.174216 0.178762 0.183578 0.188696 0.194158 0.200015 0.206321 0.213111 0.220327 0.227656
0.108190 0.107481 0.105631 0.104577 0.104217 0.104291 0.104626 0.105125 0.105733 0.106422 0.107176 0.107987 0.108851 0.109770 0.110742 0.111769 0.112855 0.114001 0.115210 0.116486 0.117832 0.119252 0.120750 0.122329 0.123993 0.125748 0.127598 0.129547 0.131601 0.133765 0.136044 0.138446 0.140975 0.143640 0.146448 0.149408 0.152528 0.155820 0.159297 0.162975 0.166871 0.171011 0.175424 0.180149 0.185234 0.190735 0.196700 0.203133 0.209903 0.216555
0.109914 0.103620 0.101546 0.100918 0.100957 0.101352 0.101944 0.102650 0.103424 0.104242 0.105093 0.105972 0.106879 0.107815 0.108782 0.109784 0.110824 0.111906 0.113033 0.114211 0.115442 0.116731 0.118082 0.119499 0.120986 0.122548 0.124190 0.125915 0.127731 0.129640 0.131651 0.133767 0.135997 0.138346 0.140824 0.143439 0.146202 0.149124 0.152220 0.155508 0.159009 0.162750 0.166765 0.171095 0.175788 0.180893 0.186441 0.192410 0.198634 0.204597
0.082328 0.089214 0.092487 0.094606 0.096215 0.097552 0.098730 0.099810 0.100829 0.101810 0.102767 0.103711 0.104652 0.105597 0.106552 0.107523 0.108515 0.109533 0.110581 0.111664 0.112787 0.113954 0.115168 0.116435 0.117758 0.119142 0.120591 0.122110 0.123704 0.125379 0.127139 0.128991 0.130941 0.132997 0.135167 0.137460 0.139888 0.142462 0.145197 0.148113 0.151231 0.154577 0.158184 0.162089 0.166331 0.170951 0.175973 0.181374 0.186993 0.192335
0.080172 0.083993 0.088082 0.091148 0.093401 0.095135 0.096551 0.097770 0.098864 0.099878 0.100840 0.101770 0.102682 0.103585 0.104487 0.105396 0.106316 0.107254 0.108212 0.109196 0.110211 0.111258 0.112344 0.113470 0.114643 0.115864 0.117140 0.118473 0.119869 0.121333 0.122869 0.124483 0.126183 0.127974 0.129865 0.131864 0.133983 0.136232 0.138626 0.141182 0.143920 0.146861 0.150034 0.153470 0.157203 0.161269 0.165693 0.170462 0.175452 0.180253
0.081897 0.088922 0.091467 0.092983 0.094198 0.095276 0.096265 0.097188 0.098062 0.098901 0.099717 0.100518 0.101312 0.102104 0.102901 0.103707 0.104524 0.105358 0.106210 0.107085 0.107986 0.108914 0.109874 0.110869 0.111902 0.112976 0.114094 0.115261 0.116480 0.117756 0.119092 0.120496 0.121971 0.123524 0.125161 0.126892 0.128725 0.130669 0.132738 0.134945 0.137305 0.139839 0.142569 0.145520 0.148724 0.152210 0.156007 0.160115 0.164463 0.168764
0.113793 0.102365 0.098559 0.097248 0.096917 0.097028 0.097355 0.097798 0.098305 0.098854 0.099431 0.100030 0.100649 0.101287 0.101943 0.102617 0.103311 0.104025 0.104761 0.105520 0.106304 0.107115 0.107954 0.108824 0.109727 0.110665 0.111640 0.112657 0.113718 0.114826 0.115984 0.117199 0.118472 0.119811 0.121220 0.122706 0.124276 0.125939 0.127703 0.129581 0.131585 0.133730 0.136034 0.138519 0.141207 0.144127 0.147305 0.150756 0.154455 0.158242
0.096983 0.099948 0.099715 0.099202 0.098860 0.098714 0.098729 0.098866 0.099097 0.099402 0.099765 0.100176 0.100627 0.101113 0.101631 0.102176 0.102749 0.103347 0.103971 0.104619 0.105293 0.105994 0.106721 0.107476 0.108260 0.109075 0.109923 0.110806 0.111725 0.112684 0.113685 0.114731 0.115827 0.116975 0.118181 0.119448 0.120784 0.122193 0.123685 0.125266 0.126947 0.128739 0.130655 0.132713 0.134929 0.137326 0.139929 0.142758 0.145820 0.149054
0.098276 0.098133 0.099149 0.099643 0.099791 0.099819 0.099845 0.099919 0.100053 0.100248 0.100498 0.100798 0.101142 0.101525 0.101942 0.102391 0.102868 0.103373 0.103904 0.104460 0.105041 0.105647 0.106277 0.106933 0.107615 0.108323 0.109060 0.109826 0.110623 0.111452 0.112316 0.113218 0.114158 0.115141 0.116170 0.117248 0.118380 0.119570 0.120824 0.122147 0.123547 0.125032 0.126612 0.128298 0.130103 0.132044 0.134140 0.136413 0.138883 0.141547
0.091810 0.098982 0.100298 0.100563 0.100652 0.100727 0.100826 0.100958 0.101129 0.101338 0.101583 0.101863 0.102176 0.102518 0.102889 0.103285 0.103706 0.104151 0.104619 0.105108 0.105619 0.106152 0.106706 0.107282 0.107880 0.108501 0.109145 0.109814 0.110507 0.111228 0.111976 0.112755 0.113564 0.114408 0.115287 0.116206 0.117165 0.118170 0.119224 0.120331 0.121496 0.122724 0.124023 0.125400 0.126865 0.128428 0.130103 0.131908 0.133863 0.135989
0.121983 0.106526 0.102692 0.101761 0.101642 0.101782 0.102013 0.102280 0.102565 0.102863 0.103173 0.103496 0.103833 0.104185 0.104553 0.104936 0.105335 0.105751 0.106183 0.106631 0.107096 0.107578 0.108076 0.108592 0.109125 0.109676 0.110246 0.110836 0.111446 0.112077 0.112731 0.113407 0.114109 0.114838 0.115594 0.116380 0.117199 0.118052 0.118942 0.119873 0.120847 0.121869 0.122942 0.124072 0.125266 0.126529 0.127872 0.129306 0.130847 0.132516
0.080603 0.096748 0.100792 0.102138 0.102855 0.103403 0.103886 0.104331 0.104751 0.105151 0.105540 0.105922 0.106302 0.106683 0.107067 0.107457 0.107854 0.108259 0.108674 0.109098 0.109534 0.109981 0.110439 0.110910 0.111394 0.111892 0.112404 0.112931 0.113473 0.114032 0.114609 0.115203 0.115817 0.116452 0.117108 0.117788 0.118492 0.119223 0.119983 0.120773 0.121596 0.122455 0.123352 0.124291 0.125276 0.126312 0.127403 0.128559 0.129788 0.131105
0.115086 0.105084 0.104213 0.104916 0.105734 0.106443 0.107049 0.107581 0.108065 0.108516 0.108946 0.109361 0.109767 0.110166 0.110563 0.110958 0.111355 0.111754 0.112157 0.112565 0.112978 0.113398 0.113826 0.114262 0.114707 0.115161 0.115626 0.116101 0.116589 0.117089 0.117602 0.118129 0.118671 0.119230 0.119805 0.120398 0.121011 0.121645 0.122300 0.122980 0.123685 0.124417 0.125179 0.125972 0.126800 0.127666 0.128572 0.129524 0.130528 0.131593
0.096552 0.106124 0.108859 0.110020 0.110740 0.111303 0.111797 0.112256 0.112693 0.113117 0.113530 0.113935 0.114334 0.114727 0.115116 0.115503 0.115889 0.116274 0.116660 0.117048 0.117439 0.117833 0.118231 0.118634 0.119043 0.119459 0.119882 0.120313 0.120752 0.121201 0.121660 0.122130 0.122612 0.123107 0.123615 0.124137 0.124675 0.125230 0.125803 0.126394 0.127006 0.127639 0.128296 0.128978 0.129688 0.130426 0.131197 0.132002 0.132846 0.133733
0.122414 0.118598 0.117720 0.117477 0.117488 0.117648 0.117902 0.118210 0.118548 0.118902 0.119264 0.119628 0.119993 0.120357 0.120719 0.121079 0.121438 0.121797 0.122155 0.122514 0.122874 0.123236 0.123601 0.123969 0.124340 0.124717 0.125098 0.125486 0.125880 0.126282 0.126692 0.127111 0.127539 0.127978 0.128428 0.128890 0.129365 0.129854 0.130357 0.130877 0.131413 0.131968 0.132542 0.133137 0.133755 0.134396 0.135064 0.135760 0.136488 0.137249
0.129310 0.127327 0.125650 0.124868 0.124633 0.124676 0.124856 0.125104 0.125388 0.125689 0.126000 0.126316 0.126634 0.126953 0.127272 0.127591 0.127909 0.128228 0.128546 0.128865 0.129184 0.129506 0.129829 0.130155 0.130484 0.130818 0.131155 0.131498 0.131847 0.132202 0.132564 0.132934 0.133312 0.133700 0.134097 0.134505 0.134924 0.135356 0.135800 0.136259 0.136732 0.137221 0.137727 0.138252 0.138796 0.139361 0.139948 0.140560 0.141198 0.141865
0.134052 0.130747 0.130729 0.131223 0.131698 0.132092 0.132426 0.132725 0.133006 0.133278 0.133546 0.133812 0.134077 0.134342 0.134607 0.134872 0.135137 0.135403 0.135670 0.135938 0.136207 0.136479 0.136753 0.137031 0.137312 0.137597 0.137887 0.138182 0.138483 0.138791 0.139105 0.139427 0.139757 0.140095 0.140444 0.140802 0.141170 0.141550 0.141942 0.142347 0.142766 0.143199 0.143647 0.144113 0.144595 0.145097 0.145618 0.146162 0.146728 0.147320
0.120259 0.132227 0.136843 0.138841 0.139819 0.140371 0.140736 0.141015 0.141254 0.141474 0.141683 0.141887 0.142089 0.142290 0.142491 0.142693 0.142895 0.143099 0.143306 0.143515 0.143727 0.143942 0.144161 0.144385 0.144614 0.144847 0.145087 0.145332 0.145584 0.145844 0.146110 0.146385 0.146668 0.146961 0.147262 0.147574 0.147897 0.148230 0.148576 0.148933 0.149304 0.149689 0.150088 0.150503 0.150934 0.151382 0.151849 0.152336 0.152844 0.153374
0.153879 0.151042 0.150022 0.149646 0.149545 0.149570 0.149654 0.149765 0.149886 0.150011 0.150137 0.150263 0.150389 0.150516 0.150644 0.150775 0.150908 0.151045 0.151186 0.151332 0.151483 0.151639 0.151801 0.151969 0.152144 0.152326 0.152515 0.152712 0.152917 0.153130 0.153352 0.153583 0.153823 0.154073 0.154333 0.154603 0.154885 0.155177 0.155482 0.155799 0.156130 0.156473 0.156831 0.157204 0.157593 0.157998 0.158420 0.158861 0.159321 0.159802
0.175431 0.165538 0.161384 0.159635 0.158904 0.158611 0.158507 0.158484 0.158498 0.158526 0.158562 0.158602 0.158646 0.158693 0.158745 0.158801 0.158864 0.158934 0.159010 0.159094 0.159186 0.159285 0.159394 0.159511 0.159636 0.159771 0.159915 0.160069 0.160232 0.160405 0.160588 0.160781 0.160985 0.161199 0.161425 0.161661 0.161909 0.162169 0.162442 0.162727 0.163025 0.163337 0.163663 0.164003 0.164359 0.164731 0.165120 0.165526 0.165950 0.166394
0.159483 0.164049 0.165748 0.166410 0.166663 0.166744 0.166748 0.166719 0.166674 0.166625 0.166577 0.166533 0.166495 0.166466 0.166445 0.166434 0.166433 0.166443 0.166464 0.166495 0.166538 0.166592 0.166657 0.166733 0.166820 0.166919 0.167028 0.167149 0.167281 0.167425 0.167579 0.167745 0.167923 0.168112 0.168313 0.168527 0.168752 0.168990 0.169240 0.169504 0.169781 0.170072 0.170377 0.170696 0.171031 0.171382 0.171749 0.172133 0.172535 0.172955
0.161207 0.168558 0.172034 0.173546 0.174137 0.174309 0.174292 0.174194 0.174064 0.173928 0.173797 0.173677 0.173570 0.173478 0.173402 0.173341 0.173295 0.173264 0.173248 0.173246 0.173258 0.173285 0.173324 0.173377 0.173443 0.173522 0.173613 0.173717 0.173833 0.173962 0.174103 0.174256 0.174422 0.174599 0.174790 0.174993 0.175208 0.175437 0.175678 0.175933 0.176202 0.176485 0.176782 0.177093 0.177420 0.177763 0.178122 0.178498 0.178892 0.179303
0.187500 0.184852 0.183162 0.182205 0.181609 0.181177 0.180829 0.180532 0.180273 0.180047 0.179850 0.179681 0.179536 0.179414 0.179315 0.179236 0.179176 0.179134 0.179111 0.179103 0.179112 0.179135 0.179174 0.179226 0.179293 0.179373 0.179466 0.179572 0.179691 0.179823 0.179968 0.180125 0.180294 0.180476 0.180671 0.180879 0.181099 0.181333 0.181579 0.181840 0.182114 0.182402 0.182705 0.183023 0.183356 0.183705 0.184070 0.184452 0.184852 0.185270
0.205603 0.194577 0.190158 0.188033 0.186841 0.186087 0.185564 0.185175 0.184872 0.184630 0.184435 0.184277 0.184150 0.184051 0.183976 0.183923 0.183890 0.183876 0.183879 0.183899 0.183934 0.183984 0.184048 0.184126 0.184216 0.184320 0.184437 0.184566 0.184707 0.184861 0.185026 0.185204 0.185394 0.185596 0.185811 0.186038 0.186278 0.186531 0.186796 0.187076 0.187369 0.187677 0.187999 0.188336 0.188688 0.189056 0.189441 0.189844 0.190264 0.190702
0.178448 0.186783 0.188687 0.188860 0.188613 0.188310 0.188042 0.187826 0.187657 0.187529 0.187435 0.187370 0.187330 0.187313 0.187314 0.187334 0.187370 0.187420 0.187485 0.187563 0.187653 0.187756 0.187870 0.187995 0.188132 0.188280 0.188439 0.188608 0.188789 0.188980 0.189182 0.189396 0.189621 0.189857 0.190104 0.190364 0.190636 0.190920 0.191217 0.191528 0.191852 0.192189 0.192542 0.192910 0.193293 0.193692 0.194108 0.194541 0.194993 0.195464
0.187931 0.187174 0.187631 0.188095 0.188396 0.188574 0.188685 0.188767 0.188840 0.188915 0.188997 0.189087 0.189186 0.189295 0.189412 0.189538 0.189672 0.189815 0.189965 0.190123 0.190288 0.190462 0.190643 0.190833 0.191030 0.191236 0.191450 0.191672 0.191904 0.192144 0.192394 0.192653 0.192922 0.193202 0.193492 0.193794 0.194106 0.194431 0.194768 0.195117 0.195480 0.195857 0.196248 0.196655 0.197077 0.197515 0.197970 0.198443 0.198935 0.199446
0.190086 0.186958 0.186681 0.187051 0.187506 0.187924 0.188293 0.188622 0.188924 0.189206 0.189474 0.189732 0.189984 0.190231 0.190475 0.190717 0.190959 0.191200 0.191443 0.191688 0.191935 0.192186 0.192440 0.192698 0.192961 0.193229 0.193503 0.193783 0.194070 0.194364 0.194665 0.194975 0.195293 0.195621 0.195958 0.196305 0.196663 0.197032 0.197413 0.197806 0.198212 0.198632 0.199067 0.199516 0.199981 0.200463 0.200961 0.201478 0.202014 0.202570
0.175431 0.182934 0.185079 0.185923 0.186490 0.187004 0.187502 0.187981 0.188437 0.188871 0.189283 0.189676 0.190051 0.190413 0.190764 0.191105 0.191439 0.191767 0.192091 0.192412 0.192732 0.193051 0.193371 0.193692 0.194015 0.194341 0.194671 0.195005 0.195344 0.195688 0.196039 0.196397 0.196763 0.197137 0.197520 0.197912 0.198314 0.198728 0.199152 0.199589 0.200039 0.200502 0.200980 0.201473 0.201982 0.202507 0.203050 0.203612 0.204193 0.204795
0.193103 0.186841 0.185265 0.185183 0.185576 0.186112 0.186679 0.187237 0.187773 0.188283 0.188769 0.189233 0.189677 0.190105 0.190519 0.190921 0.191313 0.191698 0.192077 0.192451 0.192823 0.193192 0.193560 0.193929 0.194298 0.194669 0.195043 0.195421 0.195803 0.196190 0.196583 0.196982 0.197388 0.197803 0.198226 0.198658 0.199100 0.199553 0.200018 0.200495 0.200985 0.201488 0.202006 0.202540 0.203089 0.203656 0.204241 0.204845 0.205469 0.206113
0.182328 0.181953 0.182908 0.183878 0.184703 0.185409 0.186035 0.186606 0.187138 0.187642 0.188123 0.188586 0.189034 0.189470 0.189896 0.190313 0.190724 0.191129 0.191530 0.191928 0.192325 0.192720 0.193115 0.193511 0.193909 0.194309 0.194712 0.195119 0.195531 0.195949 0.196372 0.196803 0.197241 0.197687 0.198142 0.198606 0.199082 0.199568 0.200066 0.200576 0.201100 0.201638 0.202191 0.202760 0.203346 0.203949 0.204571 0.205212 0.205874 0.206557
0.164655 0.177820 0.182004 0.183668 0.184550 0.185158 0.185656 0.186105 0.186531 0.186944 0.187350 0.187751 0.188150 0.188547 0.188943 0.189337 0.189731 0.190125 0.190520 0.190915 0.191312 0.191711 0.192113 0.192517 0.192926 0.193339 0.193756 0.194179 0.194609 0.195045 0.195488 0.195939 0.196398 0.196867 0.197345 0.197834 0.198334 0.198846 0.199370 0.199908 0.200459 0.201026 0.201607 0.202206 0.202821 0.203454 0.204107 0.204780 0.205473 0.206189
0.203017 0.189589 0.186058 0.185146 0.184981 0.185059 0.185234 0.185460 0.185718 0.186000 0.186299 0.186613 0.186939 0.187274 0.187618 0.187969 0.188327 0.188692 0.189062 0.189438 0.189820 0.190208 0.190602 0.191002 0.191409 0.191822 0.192244 0.192672 0.193109 0.193554 0.194008 0.194471 0.194945 0.195428 0.195923 0.196429 0.196947 0.197478 0.198023 0.198581 0.199154 0.199742 0.200347 0.200968 0.201608 0.202266 0.202943 0.203641 0.204361 0.205103
0.179310 0.184357 0.184760 0.184472 0.184228 0.184119 0.184123 0.184209 0.184353 0.184539 0.184757 0.185001 0.185264 0.185545 0.185841 0.186149 0.186470 0.186802 0.187145 0.187498 0.187860 0.188232 0.188614 0.189005 0.189405 0.189815 0.190235 0.190664 0.191104 0.191554 0.192014 0.192485 0.192968 0.193463 0.193969 0.194488 0.195020 0.195566 0.196126 0.196701 0.197291 0.197897 0.198520 0.199161 0.199819 0.200497 0.201195 0.201913 0.202653 0.203416
0.181897 0.181632 0.181828 0.181874 0.181872 0.181894 0.181960 0.182067 0.182210 0.182381 0.182576 0.182792 0.183027 0.183279 0.183547 0.183830 0.184128 0.184439 0.184763 0.185100 0.185450 0.185812 0.186186 0.186571 0.186968 0.187377 0.187797 0.188229 0.188672 0.189128 0.189595 0.190075 0.190567 0.191071 0.191589 0.192120 0.192665 0.193225 0.193799 0.194388 0.194993 0.195615 0.196254 0.196910 0.197585 0.198280 0.198994 0.199729 0.200486 0.201266
0.179741 0.178404 0.178067 0.178173 0.178408 0.178656 0.178889 0.179107 0.179319 0.179531 0.179749 0.179977 0.180217 0.180470 0.180737 0.181019 0.181314 0.181624 0.181948 0.182286 0.182637 0.183001 0.183379 0.183769 0.184173 0.184589 0.185017 0.185458 0.185912 0.186378 0.186857 0.187349 0.187854 0.188372 0.188904 0.189449 0.190008 0.190582 0.191171 0.191776 0.192396 0.193033 0.193687 0.194358 0.195049 0.195758 0.196487 0.197237 0.198009 0.198803
0.171552 0.172317 0.173192 0.173954 0.174539 0.174982 0.175330 0.175624 0.175890 0.176144 0.176397 0.176655 0.176921 0.177199 0.177490 0.177793 0.178110 0.178441 0.178785 0.179143 0.179514 0.179898 0.180295 0.180705 0.181128 0.181563 0.182011 0.182472 0.182944 0.183430 0.183928 0.184438 0.184962 0.185498 0.186048 0.186611 0.187189 0.187780 0.188387 0.189008 0.189645 0.190298 0.190968 0.191655 0.192361 0.193085 0.193828 0.194592 0.195377 0.196184
0.164224 0.167513 0.169523 0.170492 0.170998 0.171330 0.171606 0.171868 0.172134 0.172408 0.172693 0.172990 0.173300 0.173622 0.173957 0.174304 0.174665 0.175037 0.175422 0.175819 0.176228 0.176649 0.177082 0.177526 0.177981 0.178448 0.178927 0.179417 0.179918 0.180431 0.180955 0.181492 0.182040 0.182601 0.183174 0.183759 0.184359 0.184971 0.185598 0.186238 0.186894 0.187565 0.188253 0.188957 0.189678 0.190417 0.191175 0.191952 0.192750 0.193570
0.164224 0.168806 0.168457 0.167867 0.167592 0.167567 0.167694 0.167912 0.168186 0.168497 0.168835 0.169192 0.169565 0.169953 0.170353 0.170764 0.171186 0.171618 0.172060 0.172512 0.172974 0.173444 0.173925 0.174414 0.174913 0.175421 0.175939 0.176466 0.177003 0.177550 0.178107 0.178674 0.179252 0.179841 0.180441 0.181053 0.181676 0.182312 0.182961 0.183623 0.184299 0.184989 0.185695 0.186416 0.187153 0.187908 0.188680 0.189471 0.190282 0.191113
0.193103 0.170632 0.164911 0.163423 0.163130 0.163233 0.163496 0.163837 0.164223 0.164638 0.165073 0.165524 0.165987 0.166460 0.166941 0.167431 0.167927 0.168429 0.168938 0.169453 0.169975 0.170502 0.171036 0.171576 0.172123 0.172677 0.173237 0.173805 0.174381 0.174964 0.175556 0.176156 0.176765 0.177384 0.178012 0.178650 0.179298 0.179958 0.180629 0.181312 0.182008 0.182718 0.183441 0.184179 0.184932 0.185701 0.186487 0.187291 0.188113 0.188955
0.117672 0.146043 0.154000 0.156724 0.157986 0.158796 0.159450 0.160046 0.160620 0.161186 0.161751 0.162316 0.162882 0.163449 0.164018 0.164588 0.165159 0.165732 0.166307 0.166884 0.167464 0.168046 0.168631 0.169220 0.169812 0.170409 0.171010 0.171616 0.172228 0.172845 0.173469 0.174100 0.174737 0.175382 0.176036 0.176698 0.177369 0.178050 0.178741 0.179444 0.180157 0.180883 0.181622 0.182375 0.183142 0.183924 0.184722 0.185537 0.186369 0.187220
0.169397 0.155013 0.153204 0.153812 0.154739 0.155618 0.156422 0.157172 0.157888 0.158581 0.159258 0.159923 0.160579 0.161227 0.161870 0.162507 0.163141 0.163772 0.164400 0.165027 0.165653 0.166278 0.166904 0.167531 0.168159 0.168789 0.169422 0.170058 0.170697 0.171341 0.171989 0.172643 0.173302 0.173968 0.174641 0.175321 0.176010 0.176707 0.177413 0.178130 0.178857 0.179596 0.180346 0.181110 0.181887 0.182678 0.183485 0.184308 0.185148 0.186006
0.146983 0.151361 0.152235 0.152754 0.153383 0.154111 0.154882 0.155661 0.156430 0.157184 0.157921 0.158643 0.159350 0.160045 0.160730 0.161407 0.162076 0.162739 0.163397 0.164052 0.164703 0.165353 0.166001 0.166649 0.167296 0.167945 0.168595 0.169247 0.169901 0.170559 0.171221 0.171887 0.172559 0.173236 0.173919 0.174609 0.175307 0.176013 0.176728 0.177452 0.178186 0.178932 0.179689 0.180458 0.181240 0.182037 0.182849 0.183676 0.184520 0.185382
