182.564074
24.720996
23.098620
19.414614
17.804326
16.530395
16.272517
16.087247
15.869735
15.815647
15.777179
15.739877
15.719845
15.682142
15.666004
15.650508
15.642916
15.638996
15.627437
15.614435
15.598526
15.583711
15.567434
15.556205
15.517683
15.462517
15.439593
15.434519
15.425532
15.418573
15.412483
15.407070
15.404511
15.402549
15.398658
15.288153
15.277679
15.273993
15.271280
15.267921
15.266438
15.265983
15.265177
15.263789
15.260238
15.258993
15.177447
15.160742
15.151836
15.147146
15.142953
15.141462
15.140555
15.136898
15.135411
15.131785
15.130303
15.129350
15.125828
15.121327
15.079657
15.074583
15.071889
15.069882
15.067261
15.063118
15.056635
15.051744
15.049540
15.049266
15.048991
15.048816
15.048747
15.048691
15.048637
15.048583
15.048529
15.034147
15.009305
14.997035
14.989350
14.970376
14.952464
14.938279
14.913076
14.878041
14.844020
14.806567
14.747707
14.716495
14.654844
14.640224
14.632347
14.621127
14.561346
14.519679
14.476949
14.431959
14.378677
14.363242
