77.509066
77.374264
77.296383
77.183851
77.025222
76.810309
76.687016
76.536366
76.395671
76.237871
76.045651
75.750170
74.132263
73.360183
72.472650
71.408725
70.051606
68.012097
64.125430
60.920244
59.224612
58.781391
58.700693
58.690216
58.682606
58.676565
58.671461
58.666936
58.662764
58.658787
58.654895
58.651015
58.647142
58.643444
58.640403
58.637835
58.635283
58.632718
58.630109
58.627421
58.624613
58.621628
58.618389
58.614781
58.604115
58.564753
58.514625
58.467152
58.445486
58.374497
58.354971
58.337826
58.294151
58.238351
58.222809
58.207681
58.192891
58.169319
58.119257
58.102864
58.086871
58.071202
58.044155
57.994923
57.977385
57.960224
57.935099
57.886920
57.867988
57.849305
57.818830
57.766154
57.741458
57.685773
57.639148
57.617565
57.596589
57.557186
57.511739
57.488952
57.453733
57.409387
57.385567
57.348714
57.293671
57.241318
57.191509
57.144122
57.099023
57.056083
57.015194
56.976226
56.939007
56.903249
56.868673
56.835084
56.802237
56.769933
56.738018
56.691801
56.629734
56.570861
56.514573
56.460472
56.408166
56.357356
56.307530
56.257664
56.205564
56.144973
56.032296
55.981085
55.909574
55.819567
55.733129
55.641219
55.505168
55.428601
55.353036
55.282925
55.187419
55.092262
54.989090
54.901222
54.815432
54.727400
54.637321
54.544896
54.424370
54.294803
54.174435
54.058918
53.938038
53.811650
53.656510
53.488047
53.326740
53.156513
52.972331
52.770906
52.518863
52.240176
51.937926
51.579524
51.103336
50.488695
49.591835
47.847773
47.735889
47.586942
47.472998
47.319979
47.201935
47.044435
46.915523
46.748729
46.586794
46.365944
46.297746
46.232040
46.170871
46.111020
46.052724
45.997146
45.942443
45.888873
45.836531
45.785314
45.735140
45.685937
45.637648
45.590224
45.543618
45.497790
45.452705
45.408323
45.364610
45.321533
45.279060
45.237157
45.195794
45.154940
45.114564
45.074635
45.035121
44.997459
44.954464
44.913451
44.874755
44.835946
44.797082
44.758281
44.719510
44.680712
44.641824
44.602787
44.563563
44.516907
44.475599
44.433735
44.392118
44.351821
44.313572
44.275465
44.237495
44.199825
44.162028
44.124761
44.087297
44.050359
44.013159
43.975489
43.937368
43.899691
43.861961
43.824555
43.786863
43.749481
43.710676
43.671985
43.633789
43.595288
43.557113
43.517737
43.478276
43.439251
43.399886
43.360838
43.320116
43.279814
43.239928
43.199851
43.157943
43.116617
43.075304
43.034141
42.990939
42.948435
42.905957
42.862019
42.818377
42.774761
42.729556
42.684710
42.639855
42.593190
42.547010
42.500791
42.452482
42.404837
42.357102
42.306836
42.257692
42.206659
42.156066
42.105596
42.051823
41.999439
41.944844
41.874382
41.812029
41.749882
41.692189
41.632670
41.575174
41.515045
41.457146
41.395922
41.337071
41.277107
41.214795
41.152328
41.089350
41.025845
40.961954
40.897728
40.833244
40.768075
40.701918
40.632631
40.548562
40.489841
40.433850
40.380378
40.330704
40.282760
40.239539
40.199156
40.163681
40.131036
40.100990
40.073404
40.048562
40.024966
40.003458
39.984182
39.965504
39.948383
39.932987
39.917622
39.903382
39.890552
39.877338
39.864944
39.853789
39.841979
39.830779
39.819999
39.810264
39.799590
39.789357
39.779404
39.770782
39.761921
39.752006
39.743503
39.734801
39.724822
39.715113
39.707457
39.697423
39.688898
39.680471
39.671866
39.661812
39.652075
39.643682
39.635301
39.626737
39.616739
39.608139
39.599774
39.589730
39.581491
39.573259
39.563200
39.554760
39.544629
39.536405
39.528190
39.520020
39.509747
39.501389
39.491103
39.482775
39.474562
39.464232
39.455933
39.447899
39.437196
39.428883
39.421031
39.410503
39.402175
39.394301
39.383652
39.375307
39.366958
39.358854
39.347661
39.339639
39.331252
39.322876
39.311743
39.303675
39.295165
39.287030
39.275396
39.267203
39.258801
39.247297
39.238839
39.230146
39.218463
39.209842
39.201024
39.189658
39.181792
39.173520
39.165361
39.157397
39.149568
39.141852
39.134234
39.126694
39.119236
39.107833
39.100554
39.088915
39.081212
39.073475
39.065796
39.058183
39.050612
39.043042
39.030736
39.022559
39.014081
39.005100
38.990162
38.981122
38.972973
38.965763
38.958110
38.946175
38.938747
38.930996
38.923992
38.916795
38.909674
38.902585
38.895542
38.888552
38.881615
38.868437
38.860764
38.853936
38.846925
38.839970
38.833078
38.819492
38.811779
38.804953
38.797962
38.791034
38.784152
38.777315
38.763076
38.755332
38.748525
38.741274
38.726621
38.718807
38.711928
38.704855
38.697827
38.690845
38.683599
38.668428
38.660573
38.653695
38.646630
38.639589
38.632266
38.617038
38.609101
38.602178
38.595055
38.587956
38.580548
38.573938
38.567102
38.560218
38.552997
38.536641
38.524869
38.501220
38.492623
38.484572
38.476779
38.469172
38.461633
38.454132
38.446667
38.439264
38.431898
38.424591
38.416939
38.410137
38.403091
38.395998
38.388551
38.369620
38.361126
38.352403
38.327955
38.318666
38.310073
38.301873
38.293900
38.286021
38.278193
38.270414
38.262262
38.255076
38.247592
38.240036
38.232088
38.225086
38.217776
38.209986
38.203116
38.195935
38.128982
38.108605
38.079240
38.068219
38.058866
38.049141
38.040514
