11.161145 10.483319 8.739181 1.660493
11.391073 10.643840 8.934916 1.661925
11.824693 10.948122 9.302439 1.664606
12.417541 11.367466 9.801662 1.668216
13.118722 11.868370 10.387623 1.672371
13.881267 12.418908 11.019989 1.676697
14.667989 12.992580 11.667988 1.680897
15.452839 13.569576 12.311034 1.684770
16.219428 14.136353 12.936903 1.688214
16.958561 14.684471 13.539248 1.691198
17.665901 15.209315 14.115453 1.693740
18.340191 15.708963 14.665112 1.695884
18.982012 16.183286 15.189040 1.697684
19.592939 16.633245 15.688645 1.699195
20.174966 17.060358 16.165522 1.700465
20.730093 17.466305 16.621171 1.701539
21.260044 17.852642 17.056812 1.702451
21.766088 18.220617 17.473273 1.703232
22.248943 18.571062 17.870940 1.703903
22.708765 18.904365 18.249768 1.704484
23.145199 19.220487 18.609332 1.704989
23.557463 19.519025 18.948900 1.705429
23.944458 19.799290 19.267524 1.705813
24.304868 20.060386 19.564115 1.706147
24.637239 20.301274 19.837505 1.706437
24.940020 20.520810 20.086466 1.706687
25.211564 20.717755 20.309708 1.706899
25.450091 20.890748 20.505845 1.707077
25.653627 21.038265 20.673346 1.707223
25.819937 21.158569 20.810472 1.707336
25.946463 21.249656 20.915238 1.707417
26.030295 21.309229 20.985389 1.707465
26.068175 21.334687 21.018405 1.707477
26.056547 21.323160 21.011545 1.707450
25.991651 21.271564 20.961923 1.707377
25.869650 21.176687 20.866608 1.707252
25.686781 21.035299 20.722742 1.707064
25.439520 20.844270 20.527661 1.706801
25.124738 20.600694 20.279010 1.706446
24.739846 20.302001 19.974851 1.705979
24.282915 19.946070 19.613739 1.705373
23.752762 19.531318 19.194779 1.704595
23.149008 19.056776 18.717657 1.703604
22.472083 18.522140 18.182634 1.702344
21.723208 17.927799 17.590525 1.700747
20.904318 17.274838 16.942638 1.698722
20.017967 16.565003 16.240702 1.696155
19.067192 15.800651 15.486772 1.692893
18.055366 14.984660 14.683129 1.688738
16.986051 14.120334 13.832185 1.683428
15.862880 13.211286 12.936401 1.676617
14.689484 12.261345 11.998249 1.667841
13.469497 11.274471 11.020228 1.656477
12.206641 10.254716 10.004943 1.641677
10.904893 9.206233 8.955252 1.622263
9.568685 8.133330 7.874436 1.596565
8.203091 7.040567 6.766332 1.562124
6.813956 5.932874 5.635365 1.515156
5.408138 4.815768 4.486534 1.449430
3.994395 3.696085 3.325807 1.353558
2.581164 2.582596 2.157465 1.203829
1.182519 1.485431 0.982315 0.948919
0.278215 0.666710 0.229011 0.462954
0.079423 0.295437 0.063200 0.182244
0.034822 0.169431 0.026513 0.086394
0.024963 0.127940 0.018466 0.054909
0.023006 0.113888 0.016780 0.044322
0.022728 0.108887 0.016409 0.040609
0.022743 0.106981 0.016267 0.039223
0.022772 0.106196 0.016146 0.038657
0.022778 0.105849 0.016017 0.038396
0.022764 0.105684 0.015884 0.038253
0.022739 0.105592 0.015749 0.038153
0.022709 0.105516 0.015615 0.038063
0.022680 0.105420 0.015484 0.037963
0.022654 0.105278 0.015354 0.037840
0.022635 0.105075 0.015227 0.037687
0.022623 0.104797 0.015100 0.037498
0.022620 0.104437 0.014972 0.037269
0.022625 0.103992 0.014843 0.036998
0.022638 0.103460 0.014712 0.036686
0.022660 0.102842 0.014577 0.036332
0.022688 0.102137 0.014438 0.035939
0.022723 0.101346 0.014294 0.035508
0.022763 0.100466 0.014146 0.035041
0.022808 0.099497 0.013994 0.034541
0.022857 0.098437 0.013840 0.034011
0.022909 0.097285 0.013684 0.033455
0.022963 0.096047 0.013528 0.032877
0.023020 0.094730 0.013374 0.032286
0.023077 0.093351 0.013224 0.031689
0.023133 0.091933 0.013080 0.031098
0.023187 0.090508 0.012944 0.030524
0.023239 0.089115 0.012818 0.029981
0.023285 0.087798 0.012704 0.029482
0.023327 0.086604 0.012605 0.029041
0.023361 0.085579 0.012522 0.028671
0.023388 0.084768 0.012458 0.028383
0.023406 0.084205 0.012415 0.028185
0.023415 0.083917 0.012392 0.028085
