0.045484 0.044636 0.044062 0.043629 0.043276 0.042978 0.042723 0.042504 0.042318 0.042160 0.042027 0.041914 0.041819 0.041738 0.041665 0.041599 0.041534 0.041467 0.041394 0.041312 0.041216 0.041103 0.040969 0.040809 0.040621 0.040399 0.040141 0.039841 0.039495 0.039100 0.038650 0.038141 0.037568 0.036926 0.036210 0.035414 0.034533 0.033560 0.032491 0.031317 0.030033 0.028631 0.027104 0.025444 0.023643 0.021691 0.019580 0.017304 0.015123 0.013184
0.045153 0.044787 0.044402 0.044009 0.043641 0.043312 0.043024 0.042777 0.042566 0.042387 0.042236 0.042109 0.042000 0.041907 0.041824 0.041748 0.041675 0.041601 0.041521 0.041432 0.041331 0.041212 0.041072 0.040908 0.040715 0.040489 0.040226 0.039921 0.039572 0.039172 0.038718 0.038205 0.037628 0.036982 0.036262 0.035462 0.034577 0.033601 0.032527 0.031350 0.030062 0.028656 0.027124 0.025460 0.023654 0.021698 0.019583 0.017303 0.015121 0.013181
0.045508 0.045615 0.045233 0.044766 0.044321 0.043923 0.043577 0.043279 0.043026 0.042811 0.042628 0.042473 0.042341 0.042226 0.042124 0.042031 0.041942 0.041854 0.041761 0.041660 0.041547 0.041418 0.041268 0.041095 0.040892 0.040658 0.040386 0.040074 0.039717 0.039309 0.038848 0.038327 0.037743 0.037089 0.036362 0.035554 0.034662 0.033678 0.032597 0.031411 0.030115 0.028702 0.027162 0.025490 0.023676 0.021711 0.019588 0.017300 0.015116 0.013174
0.048985 0.047436 0.046492 0.045785 0.045206 0.044716 0.044299 0.043942 0.043637 0.043377 0.043155 0.042965 0.042801 0.042659 0.042532 0.042416 0.042307 0.042199 0.042089 0.041972 0.041844 0.041701 0.041538 0.041351 0.041137 0.040890 0.040608 0.040284 0.039916 0.039498 0.039026 0.038495 0.037901 0.037237 0.036499 0.035681 0.034778 0.033784 0.032692 0.031496 0.030189 0.028764 0.027214 0.025530 0.023704 0.021728 0.019592 0.017293 0.015107 0.013164
0.050040 0.048634 0.047617 0.046817 0.046152 0.045587 0.045103 0.044687 0.044329 0.044022 0.043758 0.043530 0.043332 0.043159 0.043005 0.042864 0.042731 0.042603 0.042473 0.042338 0.042193 0.042033 0.041855 0.041654 0.041425 0.041166 0.040870 0.040534 0.040153 0.039723 0.039238 0.038695 0.038088 0.037412 0.036662 0.035832 0.034917 0.033910 0.032805 0.031596 0.030276 0.028838 0.027273 0.025575 0.023735 0.021744 0.019593 0.017282 0.015095 0.013150
0.049578 0.049237 0.048526 0.047770 0.047071 0.046451 0.045909 0.045438 0.045032 0.044680 0.044376 0.044112 0.043882 0.043679 0.043498 0.043332 0.043177 0.043028 0.042879 0.042725 0.042563 0.042387 0.042193 0.041978 0.041735 0.041461 0.041152 0.040803 0.040409 0.039965 0.039468 0.038912 0.038292 0.037603 0.036840 0.035997 0.035068 0.034047 0.032928 0.031705 0.030370 0.028917 0.027337 0.025624 0.023768 0.021760 0.019592 0.017267 0.015079 0.013134
0.051758 0.050595 0.049585 0.048699 0.047922 0.047241 0.046648 0.046132 0.045684 0.045295 0.044958 0.044663 0.044405 0.044177 0.043973 0.043786 0.043611 0.043443 0.043276 0.043106 0.042929 0.042738 0.042531 0.042301 0.042045 0.041759 0.041437 0.041075 0.040668 0.040213 0.039703 0.039134 0.038502 0.037800 0.037023 0.036166 0.035224 0.034189 0.033056 0.031818 0.030468 0.028999 0.027404 0.025674 0.023801 0.021777 0.019591 0.017253 0.015064 0.013119
0.053471 0.051691 0.050455 0.049464 0.048625 0.047901 0.047271 0.046723 0.046246 0.045830 0.045468 0.045151 0.044872 0.044625 0.044402 0.044199 0.044008 0.043826 0.043645 0.043463 0.043272 0.043070 0.042851 0.042610 0.042343 0.042045 0.041712 0.041340 0.040922 0.040455 0.039934 0.039354 0.038710 0.037996 0.037207 0.036337 0.035382 0.034334 0.033187 0.031935 0.030570 0.029086 0.027475 0.025729 0.023840 0.021799 0.019595 0.017245 0.015055 0.013109
0.052815 0.051956 0.050936 0.049992 0.049154 0.048416 0.047768 0.047202 0.046708 0.046275 0.045897 0.045566 0.045273 0.045013 0.044778 0.044563 0.044361 0.044169 0.043979 0.043786 0.043587 0.043376 0.043148 0.042898 0.042623 0.042317 0.041975 0.041593 0.041167 0.040691 0.040160 0.039570 0.038915 0.038191 0.037391 0.036511 0.035543 0.034483 0.033324 0.032059 0.030681 0.029183 0.027558 0.025797 0.023892 0.021835 0.019615 0.017253 0.015062 0.013114
0.053759 0.052397 0.051352 0.050415 0.049575 0.048829 0.048172 0.047596 0.047091 0.046648 0.046261 0.045920 0.045618 0.045349 0.045107 0.044884 0.044676 0.044476 0.044280 0.044081 0.043876 0.043659 0.043425 0.043169 0.042888 0.042575 0.042227 0.041839 0.041406 0.040922 0.040384 0.039787 0.039124 0.038391 0.037582 0.036693 0.035715 0.034645 0.033475 0.032199 0.030809 0.029299 0.027662 0.025888 0.023970 0.021898 0.019664 0.017291 0.015095 0.013142
0.053575 0.052854 0.051808 0.050831 0.049965 0.049204 0.048536 0.047949 0.047435 0.046984 0.046588 0.046239 0.045931 0.045656 0.045407 0.045179 0.044966 0.044762 0.044562 0.044360 0.044150 0.043930 0.043692 0.043433 0.043147 0.042831 0.042479 0.042086 0.041648 0.041160 0.040616 0.040013 0.039344 0.038605 0.037790 0.036893 0.035908 0.034830 0.033651 0.032366 0.030967 0.029448 0.027800 0.026016 0.024086 0.022004 0.019758 0.017373 0.015169 0.013206
0.055949 0.053658 0.052316 0.051270 0.050379 0.049600 0.048916 0.048314 0.047785 0.047322 0.046914 0.046556 0.046239 0.045957 0.045703 0.045470 0.045253 0.045045 0.044842 0.044637 0.044426 0.044202 0.043963 0.043702 0.043414 0.043096 0.042741 0.042346 0.041905 0.041414 0.040868 0.040261 0.039588 0.038845 0.038025 0.037123 0.036134 0.035050 0.033865 0.032574 0.031169 0.029643 0.027988 0.026196 0.024259 0.022168 0.019914 0.017518 0.015297 0.013319
0.054148 0.053748 0.052769 0.051782 0.050879 0.050072 0.049357 0.048727 0.048173 0.047689 0.047264 0.046892 0.046564 0.046273 0.046012 0.045774 0.045552 0.045341 0.045135 0.044929 0.044716 0.044492 0.044252 0.043990 0.043702 0.043383 0.043028 0.042632 0.042190 0.041698 0.041151 0.040542 0.039868 0.039123 0.038301 0.037397 0.036405 0.035319 0.034132 0.032837 0.031429 0.029899 0.028240 0.026444 0.024503 0.022409 0.020150 0.017742 0.015496 0.013494
0.056826 0.054874 0.053597 0.052497 0.051513 0.050638 0.049868 0.049193 0.048605 0.048092 0.047646 0.047257 0.046916 0.046615 0.046346 0.046102 0.045876 0.045662 0.045454 0.045247 0.045033 0.044809 0.044569 0.044308 0.044021 0.043702 0.043348 0.042954 0.042513 0.042022 0.041476 0.040868 0.040195 0.039451 0.038630 0.037726 0.036734 0.035648 0.034461 0.033167 0.031759 0.030229 0.028571 0.026775 0.024835 0.022740 0.020482 0.018064 0.015782 0.013746
0.056496 0.055842 0.054570 0.053322 0.052211 0.051244 0.050406 0.049683 0.049059 0.048519 0.048052 0.047647 0.047293 0.046983 0.046707 0.046458 0.046229 0.046013 0.045804 0.045596 0.045383 0.045160 0.044922 0.044662 0.044377 0.044062 0.043710 0.043319 0.042881 0.042393 0.041850 0.041246 0.040576 0.039835 0.039018 0.038118 0.037130 0.036048 0.034865 0.033574 0.032170 0.030645 0.028991 0.027200 0.025264 0.023175 0.020923 0.018501 0.016169 0.014088
0.060655 0.057538 0.055552 0.054047 0.052818 0.051785 0.050905 0.050152 0.049504 0.048947 0.048466 0.048050 0.047688 0.047371 0.047091 0.046839 0.046608 0.046392 0.046183 0.045977 0.045766 0.045545 0.045310 0.045054 0.044774 0.044462 0.044116 0.043729 0.043297 0.042815 0.042277 0.041679 0.041016 0.040282 0.039471 0.038578 0.037597 0.036522 0.035347 0.034065 0.032669 0.031152 0.029508 0.027727 0.025801 0.023723 0.021482 0.019070 0.016676 0.014536
0.059401 0.057403 0.055772 0.054395 0.053217 0.052203 0.051328 0.050573 0.049922 0.049360 0.048875 0.048455 0.048090 0.047771 0.047490 0.047238 0.047008 0.046793 0.046587 0.046384 0.046177 0.045961 0.045731 0.045481 0.045207 0.044902 0.044563 0.044184 0.043760 0.043286 0.042757 0.042168 0.041514 0.040789 0.039989 0.039106 0.038137 0.037073 0.035910 0.034641 0.033258 0.031755 0.030125 0.028359 0.026450 0.024389 0.022166 0.019773 0.017317 0.015104
0.057034 0.056763 0.055722 0.054578 0.053506 0.052545 0.051699 0.050959 0.050315 0.049757 0.049274 0.048855 0.048492 0.048175 0.047895 0.047646 0.047420 0.047209 0.047008 0.046811 0.046610 0.046401 0.046179 0.045937 0.045671 0.045376 0.045047 0.044678 0.044265 0.043802 0.043285 0.042709 0.042068 0.041357 0.040570 0.039703 0.038748 0.037701 0.036554 0.035302 0.033938 0.032455 0.030844 0.029100 0.027213 0.025175 0.022978 0.020611 0.018111 0.015809
0.060265 0.057746 0.056172 0.054924 0.053847 0.052899 0.052064 0.051333 0.050696 0.050142 0.049663 0.049247 0.048888 0.048574 0.048300 0.048056 0.047835 0.047631 0.047438 0.047248 0.047057 0.046858 0.046645 0.046415 0.046160 0.045878 0.045561 0.045206 0.044806 0.044359 0.043857 0.043297 0.042672 0.041979 0.041211 0.040362 0.039427 0.038401 0.037276 0.036047 0.034706 0.033248 0.031664 0.029947 0.028089 0.026082 0.023916 0.021583 0.019078 0.016670
0.059342 0.057894 0.056544 0.055327 0.054242 0.053284 0.052442 0.051707 0.051069 0.050516 0.050038 0.049627 0.049271 0.048963 0.048695 0.048458 0.048246 0.048052 0.047868 0.047689 0.047509 0.047322 0.047123 0.046906 0.046667 0.046399 0.046098 0.045760 0.045378 0.044949 0.044466 0.043926 0.043322 0.042650 0.041905 0.041080 0.040170 0.039169 0.038071 0.036870 0.035559 0.034132 0.032580 0.030898 0.029076 0.027106 0.024981 0.022690 0.020225 0.017708
0.058807 0.058229 0.057035 0.055802 0.054677 0.053685 0.052821 0.052074 0.051429 0.050874 0.050397 0.049989 0.049638 0.049337 0.049077 0.048849 0.048647 0.048464 0.048292 0.048127 0.047961 0.047789 0.047606 0.047406 0.047184 0.046935 0.046653 0.046335 0.045975 0.045567 0.045108 0.044591 0.044013 0.043367 0.042648 0.041851 0.040971 0.040001 0.038936 0.037769 0.036494 0.035103 0.033591 0.031950 0.030171 0.028247 0.026170 0.023930 0.021518 0.018951
0.062921 0.059808 0.057835 0.056334 0.055104 0.054065 0.053179 0.052419 0.051768 0.051212 0.050737 0.050332 0.049987 0.049694 0.049443 0.049226 0.049036 0.048866 0.048709 0.048559 0.048409 0.048255 0.048091 0.047910 0.047709 0.047481 0.047222 0.046928 0.046592 0.046210 0.045777 0.045289 0.044740 0.044124 0.043437 0.042674 0.041828 0.040895 0.039868 0.038740 0.037507 0.036161 0.034695 0.033101 0.031374 0.029503 0.027482 0.025301 0.022952 0.020426
0.061839 0.059807 0.058068 0.056631 0.055421 0.054388 0.053501 0.052740 0.052088 0.051532 0.051059 0.050659 0.050320 0.050035 0.049794 0.049589 0.049413 0.049258 0.049117 0.048984 0.048854 0.048720 0.048576 0.048418 0.048240 0.048037 0.047804 0.047536 0.047229 0.046876 0.046474 0.046018 0.045502 0.044921 0.044271 0.043546 0.042740 0.041849 0.040865 0.039784 0.038599 0.037303 0.035890 0.034352 0.032683 0.030874 0.028918 0.026806 0.024528 0.022076
0.060343 0.059206 0.058005 0.056808 0.055694 0.054695 0.053818 0.053057 0.052404 0.051846 0.051374 0.050977 0.050645 0.050368 0.050137 0.049945 0.049782 0.049643 0.049520 0.049407 0.049297 0.049185 0.049065 0.048932 0.048780 0.048604 0.048400 0.048162 0.047886 0.047567 0.047199 0.046779 0.046301 0.045760 0.045151 0.044469 0.043708 0.042864 0.041930 0.040901 0.039770 0.038532 0.037179 0.035704 0.034102 0.032363 0.030480 0.028445 0.026249 0.023883
0.060484 0.059721 0.058502 0.057259 0.056107 0.055079 0.054178 0.053400 0.052734 0.052168 0.051693 0.051296 0.050968 0.050698 0.050477 0.050297 0.050150 0.050027 0.049923 0.049830 0.049743 0.049655 0.049560 0.049454 0.049331 0.049185 0.049013 0.048808 0.048567 0.048284 0.047955 0.047575 0.047139 0.046642 0.046079 0.045445 0.044736 0.043944 0.043066 0.042095 0.041025 0.039851 0.038565 0.037162 0.035633 0.033973 0.032172 0.030224 0.028119 0.025849
0.064430 0.061567 0.059578 0.057997 0.056674 0.055549 0.054589 0.053773 0.053082 0.052502 0.052019 0.051620 0.051294 0.051030 0.050819 0.050651 0.050519 0.050415 0.050330 0.050260 0.050196 0.050134 0.050067 0.049990 0.049898 0.049786 0.049648 0.049480 0.049277 0.049035 0.048748 0.048412 0.048022 0.047574 0.047062 0.046481 0.045828 0.045095 0.044278 0.043372 0.042370 0.041266 0.040055 0.038730 0.037284 0.035710 0.034001 0.032148 0.030144 0.027981
0.065035 0.062466 0.060373 0.058652 0.057218 0.056013 0.054998 0.054145 0.053429 0.052834 0.052343 0.051943 0.051619 0.051363 0.051162 0.051009 0.050893 0.050808 0.050745 0.050698 0.050661 0.050627 0.050590 0.050545 0.050487 0.050410 0.050311 0.050183 0.050022 0.049823 0.049583 0.049295 0.048956 0.048561 0.048105 0.047583 0.046991 0.046323 0.045573 0.044738 0.043810 0.042785 0.041656 0.040417 0.039061 0.037582 0.035973 0.034226 0.032333 0.030286
0.064579 0.062583 0.060701 0.059036 0.057602 0.056379 0.055345 0.054475 0.053748 0.053147 0.052654 0.052256 0.051939 0.051693 0.051506 0.051369 0.051272 0.051208 0.051170 0.051149 0.051141 0.051137 0.051133 0.051123 0.051102 0.051065 0.051006 0.050922 0.050807 0.050656 0.050466 0.050231 0.049948 0.049611 0.049216 0.048758 0.048232 0.047635 0.046959 0.046201 0.045354 0.044414 0.043375 0.042230 0.040973 0.039598 0.038098 0.036465 0.034693 0.032773
0.064427 0.062577 0.060807 0.059220 0.057832 0.056633 0.055610 0.054746 0.054024 0.053427 0.052942 0.052553 0.052249 0.052017 0.051848 0.051731 0.051657 0.051618 0.051607 0.051616 0.051639 0.051669 0.051702 0.051730 0.051749 0.051755 0.051741 0.051704 0.051638 0.051540 0.051404 0.051227 0.051004 0.050730 0.050401 0.050012 0.049560 0.049038 0.048442 0.047768 0.047010 0.046162 0.045219 0.044176 0.043026 0.041763 0.040381 0.038873 0.037231 0.035448
0.065294 0.062817 0.060952 0.059375 0.058010 0.056832 0.055824 0.054973 0.054263 0.053679 0.053207 0.052835 0.052548 0.052336 0.052189 0.052096 0.052049 0.052039 0.052058 0.052100 0.052159 0.052226 0.052298 0.052368 0.052432 0.052484 0.052519 0.052533 0.052521 0.052479 0.052403 0.052288 0.052129 0.051924 0.051666 0.051353 0.050978 0.050539 0.050030 0.049446 0.048782 0.048034 0.047196 0.046263 0.045228 0.044086 0.042831 0.041456 0.039954 0.038319
0.064495 0.062916 0.061186 0.059602 0.058219 0.057033 0.056026 0.055183 0.054485 0.053916 0.053462 0.053108 0.052844 0.052656 0.052534 0.052469 0.052452 0.052474 0.052528 0.052606 0.052703 0.052811 0.052926 0.053042 0.053153 0.053255 0.053343 0.053412 0.053459 0.053478 0.053465 0.053417 0.053329 0.053197 0.053016 0.052783 0.052494 0.052143 0.051726 0.051240 0.050678 0.050037 0.049311 0.048495 0.047583 0.046571 0.045452 0.044219 0.042868 0.041390
0.066233 0.063660 0.061596 0.059885 0.058449 0.057242 0.056232 0.055394 0.054707 0.054154 0.053718 0.053386 0.053145 0.052983 0.052889 0.052855 0.052870 0.052927 0.053018 0.053136 0.053274 0.053427 0.053589 0.053753 0.053916 0.054072 0.054217 0.054346 0.054455 0.054539 0.054596 0.054619 0.054606 0.054553 0.054455 0.054308 0.054109 0.053853 0.053536 0.053153 0.052700 0.052173 0.051567 0.050876 0.050096 0.049222 0.048247 0.047166 0.045974 0.044663
0.066409 0.063802 0.061766 0.060075 0.058650 0.057450 0.056447 0.055618 0.054943 0.054405 0.053987 0.053676 0.053459 0.053323 0.053259 0.053257 0.053307 0.053401 0.053532 0.053692 0.053875 0.054075 0.054287 0.054504 0.054722 0.054936 0.055142 0.055335 0.055511 0.055666 0.055795 0.055896 0.055963 0.055994 0.055984 0.055930 0.055827 0.055672 0.055460 0.055188 0.054852 0.054446 0.053966 0.053409 0.052768 0.052040 0.051218 0.050298 0.049274 0.048140
0.065269 0.063606 0.061852 0.060256 0.058867 0.057683 0.056689 0.055867 0.055202 0.054677 0.054275 0.053984 0.053790 0.053681 0.053647 0.053678 0.053764 0.053897 0.054070 0.054276 0.054507 0.054758 0.055022 0.055296 0.055573 0.055850 0.056121 0.056382 0.056630 0.056859 0.057067 0.057250 0.057403 0.057523 0.057607 0.057650 0.057650 0.057602 0.057502 0.057348 0.057133 0.056856 0.056510 0.056093 0.055600 0.055025 0.054365 0.053614 0.052767 0.051818
0.066548 0.064186 0.062245 0.060588 0.059170 0.057970 0.056967 0.056144 0.055482 0.054966 0.054579 0.054306 0.054136 0.054055 0.054052 0.054118 0.054243 0.054418 0.054636 0.054889 0.055171 0.055476 0.055798 0.056132 0.056473 0.056815 0.057156 0.057490 0.057813 0.058122 0.058414 0.058683 0.058927 0.059142 0.059325 0.059472 0.059580 0.059645 0.059663 0.059632 0.059547 0.059404 0.059200 0.058930 0.058591 0.058178 0.057687 0.057112 0.056450 0.055696
0.067160 0.064757 0.062729 0.060992 0.059519 0.058283 0.057260 0.056429 0.055769 0.055262 0.054890 0.054638 0.054494 0.054443 0.054474 0.054578 0.054744 0.054965 0.055231 0.055536 0.055873 0.056236 0.056619 0.057017 0.057424 0.057838 0.058252 0.058663 0.059067 0.059460 0.059839 0.060200 0.060540 0.060855 0.061142 0.061398 0.061619 0.061803 0.061945 0.062043 0.062093 0.062091 0.062034 0.061919 0.061740 0.061496 0.061180 0.060790 0.060320 0.059767
0.067433 0.065259 0.063151 0.061339 0.059819 0.058559 0.057528 0.056698 0.056047 0.055555 0.055204 0.054979 0.054865 0.054848 0.054919 0.055065 0.055276 0.055546 0.055864 0.056224 0.056620 0.057044 0.057492 0.057958 0.058437 0.058924 0.059416 0.059908 0.060397 0.060878 0.061349 0.061806 0.062246 0.062666 0.063062 0.063431 0.063771 0.064078 0.064349 0.064582 0.064772 0.064917 0.065013 0.065057 0.065046 0.064976 0.064842 0.064642 0.064372 0.064026
0.069074 0.065656 0.063348 0.061523 0.060019 0.058777 0.057763 0.056952 0.056323 0.055856 0.055534 0.055341 0.055263 0.055286 0.055399 0.055591 0.055852 0.056174 0.056548 0.056967 0.057424 0.057914 0.058430 0.058967 0.059520 0.060085 0.060658 0.061235 0.061812 0.062385 0.062952 0.063509 0.064053 0.064581 0.065090 0.065577 0.066040 0.066475 0.066879 0.067251 0.067586 0.067882 0.068136 0.068345 0.068506 0.068615 0.068669 0.068664 0.068597 0.068465
0.066086 0.064960 0.063263 0.061633 0.060207 0.059007 0.058022 0.057238 0.056636 0.056199 0.055909 0.055751 0.055712 0.055777 0.055935 0.056176 0.056490 0.056867 0.057299 0.057780 0.058301 0.058858 0.059445 0.060056 0.060686 0.061332 0.061989 0.062653 0.063321 0.063990 0.064656 0.065315 0.065967 0.066606 0.067232 0.067840 0.068429 0.068995 0.069537 0.070051 0.070535 0.070986 0.071402 0.071779 0.072115 0.072407 0.072652 0.072847 0.072988 0.073072
0.068660 0.065864 0.063773 0.062036 0.060578 0.059370 0.058391 0.057620 0.057037 0.056625 0.056364 0.056241 0.056240 0.056347 0.056552 0.056842 0.057209 0.057642 0.058134 0.058677 0.059265 0.059892 0.060551 0.061238 0.061947 0.062676 0.063419 0.064173 0.064934 0.065700 0.066467 0.067232 0.067993 0.068747 0.069491 0.070223 0.070940 0.071641 0.072322 0.072982 0.073617 0.074226 0.074806 0.075354 0.075869 0.076347 0.076785 0.077181 0.077533 0.077836
0.069594 0.066877 0.064585 0.062700 0.061157 0.059905 0.058906 0.058131 0.057557 0.057161 0.056925 0.056832 0.056866 0.057014 0.057264 0.057604 0.058023 0.058513 0.059066 0.059673 0.060328 0.061025 0.061758 0.062522 0.063312 0.064125 0.064956 0.065801 0.066657 0.067522 0.068392 0.069264 0.070136 0.071006 0.071870 0.072728 0.073575 0.074412 0.075234 0.076040 0.076829 0.077597 0.078342 0.079063 0.079757 0.080421 0.081054 0.081653 0.082215 0.082738
0.070440 0.067660 0.065349 0.063425 0.061842 0.060558 0.059541 0.058759 0.058188 0.057806 0.057591 0.057526 0.057594 0.057782 0.058077 0.058466 0.058939 0.059486 0.060100 0.060772 0.061495 0.062264 0.063072 0.063914 0.064786 0.065684 0.066603 0.067541 0.068493 0.069458 0.070432 0.071412 0.072396 0.073382 0.074368 0.075351 0.076330 0.077303 0.078267 0.079220 0.080162 0.081089 0.082000 0.082893 0.083766 0.084617 0.085443 0.086244 0.087016 0.087757
0.070710 0.068256 0.066040 0.064139 0.062553 0.061260 0.060237 0.059457 0.058895 0.058530 0.058339 0.058305 0.058411 0.058641 0.058983 0.059423 0.059952 0.060559 0.061236 0.061974 0.062767 0.063609 0.064493 0.065415 0.066370 0.067353 0.068362 0.069393 0.070442 0.071507 0.072584 0.073673 0.074769 0.075872 0.076979 0.078088 0.079197 0.080305 0.081410 0.082510 0.083603 0.084688 0.085763 0.086827 0.087877 0.088912 0.089930 0.090929 0.091908 0.092864
0.072056 0.069131 0.066790 0.064847 0.063246 0.061952 0.060937 0.060172 0.059633 0.059297 0.059141 0.059147 0.059297 0.059576 0.059970 0.060467 0.061055 0.061725 0.062468 0.063275 0.064140 0.065056 0.066018 0.067020 0.068058 0.069129 0.070227 0.071351 0.072496 0.073661 0.074842 0.076038 0.077246 0.078464 0.079691 0.080924 0.082162 0.083404 0.084648 0.085891 0.087134 0.088374 0.089611 0.090841 0.092065 0.093280 0.094485 0.095679 0.096859 0.098024
0.072166 0.069692 0.067389 0.065442 0.063849 0.062577 0.061593 0.060866 0.060370 0.060079 0.059973 0.060031 0.060237 0.060574 0.061028 0.061587 0.062240 0.062977 0.063788 0.064667 0.065605 0.066598 0.067638 0.068722 0.069844 0.071001 0.072189 0.073405 0.074646 0.075909 0.077192 0.078494 0.079811 0.081143 0.082487 0.083842 0.085206 0.086579 0.087957 0.089342 0.090730 0.092121 0.093513 0.094906 0.096298 0.097687 0.099073 0.100454 0.101829 0.103196
0.073366 0.070176 0.067776 0.065861 0.064326 0.063118 0.062198 0.061535 0.061102 0.060876 0.060834 0.060957 0.061227 0.061630 0.062151 0.062778 0.063500 0.064307 0.065190 0.066142 0.067155 0.068224 0.069344 0.070508 0.071713 0.072956 0.074232 0.075538 0.076873 0.078233 0.079616 0.081021 0.082445 0.083886 0.085344 0.086817 0.088303 0.089801 0.091310 0.092830 0.094358 0.095894 0.097436 0.098984 0.100537 0.102093 0.103651 0.105210 0.106770 0.108329
0.072432 0.070018 0.067915 0.066161 0.064740 0.063627 0.062792 0.062211 0.061856 0.061704 0.061736 0.061931 0.062273 0.062747 0.063339 0.064037 0.064830 0.065708 0.066664 0.067689 0.068777 0.069922 0.071119 0.072362 0.073649 0.074975 0.076336 0.077731 0.079156 0.080609 0.082088 0.083592 0.085118 0.086665 0.088232 0.089817 0.091419 0.093037 0.094671 0.096318 0.097979 0.099652 0.101336 0.103031 0.104735 0.106447 0.108168 0.109895 0.111628 0.113366
0.072301 0.070132 0.068182 0.066537 0.065209 0.064183 0.063434 0.062934 0.062659 0.062586 0.062693 0.062963 0.063378 0.063924 0.064586 0.065355 0.066218 0.067167 0.068194 0.069291 0.070452 0.071671 0.072942 0.074262 0.075627 0.077033 0.078476 0.079955 0.081466 0.083008 0.084578 0.086176 0.087798 0.089445 0.091114 0.092805 0.094516 0.096247 0.097997 0.099764 0.101548 0.103349 0.105165 0.106995 0.108839 0.110697 0.112567 0.114448 0.116341 0.118243
0.073235 0.070752 0.068687 0.067042 0.065763 0.064807 0.064134 0.063713 0.063516 0.063519 0.063701 0.064044 0.064530 0.065146 0.065878 0.066715 0.067646 0.068664 0.069759 0.070924 0.072154 0.073443 0.074786 0.076179 0.077618 0.079099 0.080619 0.082177 0.083769 0.085394 0.087050 0.088734 0.090447 0.092186 0.093950 0.095739 0.097550 0.099385 0.101241 0.103118 0.105015 0.106932 0.108867 0.110821 0.112792 0.114781 0.116785 0.118806 0.120841 0.122890
0.074512 0.071261 0.069090 0.067488 0.066290 0.065423 0.064839 0.064503 0.064389 0.064470 0.064728 0.065143 0.065699 0.066383 0.067183 0.068086 0.069083 0.070165 0.071325 0.072556 0.073852 0.075208 0.076618 0.078078 0.079586 0.081138 0.082730 0.084361 0.086027 0.087729 0.089462 0.091227 0.093021 0.094844 0.096694 0.098571 0.100473 0.102400 0.104352 0.106326 0.108324 0.110344 0.112385 0.114448 0.116531 0.118633 0.120756 0.122897 0.125056 0.127233
0.071763 0.070470 0.068957 0.067663 0.066660 0.065939 0.065475 0.065245 0.065223 0.065390 0.065726 0.066216 0.066843 0.067596 0.068461 0.069429 0.070489 0.071635 0.072857 0.074150 0.075508 0.076926 0.078399 0.079923 0.081495 0.083111 0.084768 0.086466 0.088200 0.089970 0.091774 0.093610 0.095476 0.097373 0.099299 0.101253 0.103234 0.105242 0.107275 0.109334 0.111418 0.113525 0.115656 0.117811 0.119988 0.122187 0.124407 0.126649 0.128911 0.131193
0.071897 0.070095 0.068755 0.067698 0.066897 0.066341 0.066013 0.065898 0.065977 0.066234 0.066653 0.067220 0.067920 0.068741 0.069673 0.070705 0.071828 0.073035 0.074317 0.075670 0.077087 0.078563 0.080094 0.081676 0.083306 0.084980 0.086697 0.088453 0.090247 0.092077 0.093941 0.095838 0.097767 0.099727 0.101717 0.103735 0.105782 0.107856 0.109957 0.112084 0.114237 0.116415 0.118618 0.120845 0.123095 0.125369 0.127666 0.129985 0.132326 0.134688
0.071435 0.069903 0.068688 0.067767 0.067104 0.066676 0.066465 0.066456 0.066632 0.066979 0.067481 0.068125 0.068899 0.069790 0.070788 0.071884 0.073069 0.074335 0.075676 0.077084 0.078556 0.080086 0.081670 0.083305 0.084986 0.086712 0.088479 0.090285 0.092129 0.094009 0.095923 0.097870 0.099849 0.101859 0.103898 0.105967 0.108063 0.110188 0.112339 0.114517 0.116721 0.118950 0.121204 0.123482 0.125784 0.128110 0.130458 0.132829 0.135222 0.137636
0.071520 0.069917 0.068754 0.067900 0.067314 0.066969 0.066846 0.066924 0.067187 0.067617 0.068200 0.068921 0.069767 0.070728 0.071792 0.072950 0.074194 0.075517 0.076912 0.078373 0.079894 0.081472 0.083102 0.084782 0.086506 0.088274 0.090082 0.091928 0.093811 0.095729 0.097680 0.099664 0.101678 0.103723 0.105797 0.107898 0.110028 0.112184 0.114367 0.116576 0.118809 0.121068 0.123350 0.125656 0.127985 0.130336 0.132709 0.135104 0.137519 0.139955
0.070764 0.069791 0.068787 0.068000 0.067471 0.067193 0.067144 0.067302 0.067645 0.068155 0.068816 0.069611 0.070528 0.071555 0.072682 0.073899 0.075198 0.076572 0.078015 0.079520 0.081084 0.082702 0.084369 0.086083 0.087841 0.089639 0.091476 0.093350 0.095259 0.097201 0.099174 0.101179 0.103212 0.105275 0.107365 0.109481 0.111624 0.113792 0.115985 0.118202 0.120443 0.122706 0.124992 0.127299 0.129627 0.131976 0.134345 0.136733 0.139139 0.141563
0.071822 0.069993 0.068795 0.067997 0.067518 0.067312 0.067345 0.067587 0.068014 0.068605 0.069342 0.070209 0.071192 0.072280 0.073463 0.074731 0.076077 0.077494 0.078975 0.080516 0.082112 0.083758 0.085450 0.087187 0.088964 0.090780 0.092632 0.094518 0.096437 0.098386 0.100366 0.102373 0.104408 0.106469 0.108556 0.110666 0.112801 0.114958 0.117138 0.119339 0.121561 0.123804 0.126065 0.128346 0.130644 0.132960 0.135292 0.137640 0.140003 0.142381
0.071273 0.069608 0.068479 0.067774 0.067403 0.067309 0.067449 0.067791 0.068309 0.068982 0.069793 0.070726 0.071768 0.072909 0.074138 0.075447 0.076828 0.078275 0.079783 0.081345 0.082959 0.084619 0.086323 0.088067 0.089849 0.091666 0.093516 0.095398 0.097309 0.099248 0.101214 0.103206 0.105221 0.107260 0.109321 0.111404 0.113507 0.115629 0.117771 0.119930 0.122107 0.124300 0.126508 0.128732 0.130969 0.133219 0.135482 0.137755 0.140039 0.142332
0.069471 0.068460 0.067729 0.067295 0.067131 0.067202 0.067477 0.067932 0.068544 0.069297 0.070175 0.071164 0.072254 0.073434 0.074695 0.076030 0.077432 0.078895 0.080414 0.081983 0.083598 0.085257 0.086956 0.088691 0.090460 0.092261 0.094092 0.095950 0.097835 0.099744 0.101677 0.103631 0.105606 0.107601 0.109614 0.111644 0.113691 0.115753 0.117830 0.119920 0.122023 0.124137 0.126262 0.128397 0.130541 0.132691 0.134849 0.137011 0.139178 0.141348
0.067766 0.067164 0.066835 0.066724 0.066803 0.067055 0.067469 0.068031 0.068727 0.069546 0.070476 0.071506 0.072627 0.073830 0.075107 0.076452 0.077858 0.079320 0.080833 0.082392 0.083993 0.085634 0.087309 0.089018 0.090757 0.092524 0.094317 0.096133 0.097972 0.099831 0.101710 0.103605 0.105518 0.107445 0.109386 0.111339 0.113305 0.115280 0.117265 0.119258 0.121257 0.123263 0.125273 0.127287 0.129303 0.131319 0.133335 0.135349 0.137359 0.139365
0.066071 0.066074 0.066150 0.066299 0.066557 0.066941 0.067452 0.068088 0.068840 0.069701 0.070661 0.071711 0.072844 0.074052 0.075328 0.076666 0.078059 0.079504 0.080995 0.082528 0.084098 0.085704 0.087340 0.089006 0.090697 0.092412 0.094148 0.095904 0.097677 0.099466 0.101270 0.103085 0.104913 0.106749 0.108595 0.110447 0.112305 0.114167 0.116032 0.117899 0.119766 0.121632 0.123495 0.125354 0.127208 0.129054 0.130892 0.132719 0.134533 0.136333
0.065675 0.065939 0.066004 0.066157 0.066440 0.066857 0.067401 0.068063 0.068835 0.069708 0.070673 0.071722 0.072849 0.074044 0.075302 0.076618 0.077984 0.079397 0.080851 0.082343 0.083868 0.085423 0.087005 0.088611 0.090238 0.091884 0.093547 0.095223 0.096912 0.098612 0.100320 0.102035 0.103755 0.105479 0.107204 0.108931 0.110656 0.112378 0.114096 0.115808 0.117513 0.119208 0.120893 0.122564 0.124221 0.125862 0.127483 0.129084 0.130663 0.132216
0.067620 0.066408 0.066074 0.066087 0.066311 0.066700 0.067229 0.067880 0.068642 0.069503 0.070453 0.071483 0.072586 0.073755 0.074982 0.076262 0.077588 0.078956 0.080361 0.081799 0.083265 0.084757 0.086270 0.087802 0.089350 0.090911 0.092483 0.094063 0.095650 0.097241 0.098834 0.100428 0.102020 0.103608 0.105192 0.106768 0.108335 0.109892 0.111436 0.112965 0.114478 0.115972 0.117446 0.118896 0.120322 0.121721 0.123090 0.124426 0.125728 0.126992
0.065601 0.065853 0.065762 0.065789 0.065988 0.066347 0.066846 0.067469 0.068203 0.069036 0.069956 0.070955 0.072023 0.073153 0.074337 0.075570 0.076846 0.078158 0.079502 0.080874 0.082270 0.083685 0.085116 0.086560 0.088014 0.089476 0.090941 0.092409 0.093877 0.095341 0.096801 0.098253 0.099697 0.101129 0.102547 0.103950 0.105335 0.106700 0.108044 0.109362 0.110655 0.111918 0.113150 0.114347 0.115508 0.116630 0.117709 0.118743 0.119729 0.120663
0.066732 0.065571 0.065267 0.065259 0.065434 0.065760 0.066224 0.066809 0.067504 0.068297 0.069177 0.070132 0.071154 0.072235 0.073367 0.074543 0.075757 0.077002 0.078275 0.079570 0.080882 0.082209 0.083545 0.084888 0.086235 0.087582 0.088926 0.090265 0.091597 0.092918 0.094225 0.095518 0.096793 0.098047 0.099279 0.100486 0.101666 0.102815 0.103932 0.105014 0.106058 0.107061 0.108020 0.108933 0.109797 0.110607 0.111361 0.112055 0.112685 0.113248
0.064000 0.064552 0.064573 0.064592 0.064727 0.065001 0.065409 0.065941 0.066583 0.067322 0.068148 0.069047 0.070011 0.071031 0.072098 0.073205 0.074345 0.075512 0.076701 0.077907 0.079124 0.080350 0.081578 0.082807 0.084032 0.085250 0.086458 0.087653 0.088832 0.089992 0.091131 0.092245 0.093332 0.094390 0.095415 0.096404 0.097355 0.098265 0.099131 0.099950 0.100719 0.101434 0.102092 0.102690 0.103224 0.103690 0.104084 0.104402 0.104640 0.104793
0.065609 0.064690 0.064227 0.064015 0.064004 0.064169 0.064487 0.064939 0.065506 0.066173 0.066927 0.067754 0.068645 0.069588 0.070576 0.071600 0.072654 0.073729 0.074821 0.075925 0.077034 0.078145 0.079252 0.080353 0.081442 0.082517 0.083574 0.084610 0.085621 0.086604 0.087557 0.088475 0.089357 0.090198 0.090996 0.091747 0.092449 0.093098 0.093690 0.094222 0.094690 0.095091 0.095421 0.095675 0.095849 0.095939 0.095941 0.095849 0.095658 0.095365
0.066193 0.064825 0.063963 0.063488 0.063297 0.063322 0.063522 0.063868 0.064337 0.064910 0.065572 0.066309 0.067108 0.067959 0.068852 0.069778 0.070730 0.071700 0.072682 0.073670 0.074658 0.075640 0.076614 0.077573 0.078513 0.079431 0.080323 0.081185 0.082014 0.082805 0.083556 0.084262 0.084921 0.085529 0.086082 0.086576 0.087009 0.087375 0.087672 0.087895 0.088040 0.088102 0.088077 0.087961 0.087748 0.087434 0.087013 0.086480 0.085830 0.085060
0.065953 0.064393 0.063450 0.062872 0.062558 0.062457 0.062532 0.062757 0.063110 0.063571 0.064123 0.064751 0.065443 0.066186 0.066969 0.067784 0.068621 0.069473 0.070331 0.071191 0.072045 0.072888 0.073714 0.074520 0.075299 0.076048 0.076762 0.077438 0.078070 0.078656 0.079191 0.079671 0.080092 0.080450 0.080742 0.080963 0.081109 0.081175 0.081158 0.081052 0.080852 0.080554 0.080152 0.079642 0.079017 0.078273 0.077403 0.076405 0.075272 0.074003
0.063926 0.063384 0.062726 0.062168 0.061776 0.061559 0.061508 0.061604 0.061830 0.062166 0.062596 0.063104 0.063676 0.064299 0.064962 0.065654 0.066365 0.067088 0.067813 0.068534 0.069245 0.069938 0.070608 0.071249 0.071857 0.072427 0.072953 0.073431 0.073856 0.074225 0.074532 0.074773 0.074944 0.075040 0.075057 0.074990 0.074835 0.074585 0.074237 0.073785 0.073223 0.072546 0.071749 0.070824 0.069767 0.068574 0.067239 0.065760 0.064137 0.062371
0.063856 0.063096 0.062262 0.061544 0.060999 0.060636 0.060443 0.060401 0.060492 0.060697 0.060998 0.061379 0.061825 0.062321 0.062856 0.063418 0.063997 0.064584 0.065169 0.065745 0.066305 0.066841 0.067347 0.067818 0.068247 0.068629 0.068958 0.069231 0.069441 0.069583 0.069654 0.069647 0.069558 0.069382 0.069114 0.068748 0.068279 0.067702 0.067010 0.066198 0.065260 0.064190 0.062981 0.061629 0.060128 0.058478 0.056677 0.054730 0.052644 0.050429
0.065885 0.063623 0.062107 0.061025 0.060242 0.059693 0.059338 0.059148 0.059099 0.059168 0.059338 0.059589 0.059905 0.060273 0.060678 0.061107 0.061551 0.061998 0.062440 0.062867 0.063272 0.063647 0.063986 0.064281 0.064527 0.064716 0.064845 0.064907 0.064896 0.064807 0.064635 0.064374 0.064018 0.063563 0.063002 0.062329 0.061539 0.060626 0.059582 0.058401 0.057077 0.055604 0.053978 0.052195 0.050257 0.048168 0.045941 0.043589 0.041137 0.038608
0.065739 0.063430 0.061735 0.060441 0.059454 0.058720 0.058198 0.057855 0.057662 0.057595 0.057633 0.057755 0.057943 0.058182 0.058457 0.058755 0.059064 0.059372 0.059669 0.059947 0.060197 0.060410 0.060579 0.060697 0.060758 0.060754 0.060679 0.060528 0.060294 0.059971 0.059553 0.059035 0.058410 0.057672 0.056815 0.055832 0.054716 0.053461 0.052060 0.050507 0.048794 0.046920 0.044884 0.042695 0.040365 0.037917 0.035378 0.032789 0.030193 0.027617
0.064455 0.062862 0.061204 0.059773 0.058614 0.057709 0.057027 0.056535 0.056202 0.056003 0.055912 0.055908 0.055972 0.056086 0.056234 0.056402 0.056577 0.056748 0.056904 0.057034 0.057129 0.057182 0.057183 0.057125 0.057001 0.056804 0.056527 0.056163 0.055706 0.055150 0.054488 0.053712 0.052818 0.051797 0.050644 0.049351 0.047910 0.046314 0.044557 0.042633 0.040542 0.038290 0.035895 0.033382 0.030794 0.028179 0.025581 0.023083 0.020706 0.018482
0.065404 0.062741 0.060697 0.059048 0.057717 0.056659 0.055834 0.055207 0.054747 0.054423 0.054211 0.054087 0.054031 0.054024 0.054049 0.054091 0.054137 0.054174 0.054190 0.054176 0.054120 0.054015 0.053851 0.053620 0.053315 0.052928 0.052451 0.051879 0.051203 0.050416 0.049512 0.048484 0.047324 0.046025 0.044580 0.042980 0.041218 0.039287 0.037183 0.034911 0.032485 0.029938 0.027321 0.024690 0.022134 0.019699 0.017448 0.015450 0.013631 0.011958
0.064603 0.062174 0.060034 0.058249 0.056784 0.055599 0.054652 0.053907 0.053330 0.052893 0.052568 0.052331 0.052160 0.052037 0.051944 0.051865 0.051786 0.051693 0.051574 0.051419 0.051217 0.050958 0.050633 0.050235 0.049753 0.049182 0.048512 0.047736 0.046847 0.045837 0.044698 0.043424 0.042006 0.040436 0.038706 0.036809 0.034736 0.032485 0.030069 0.027515 0.024883 0.022249 0.019713 0.017337 0.015232 0.013327 0.011583 0.010007 0.008589 0.007309
0.065060 0.061859 0.059432 0.057481 0.055889 0.054588 0.053531 0.052678 0.051995 0.051451 0.051020 0.050675 0.050396 0.050162 0.049955 0.049759 0.049559 0.049341 0.049092 0.048802 0.048459 0.048053 0.047574 0.047014 0.046364 0.045615 0.044760 0.043789 0.042696 0.041472 0.040109 0.038599 0.036934 0.035104 0.033103 0.030921 0.028558 0.026035 0.023404 0.020758 0.018206 0.015884 0.013817 0.011936 0.010237 0.008714 0.007343 0.006111 0.005010 0.004031
0.063671 0.061088 0.058753 0.056751 0.055069 0.053669 0.052511 0.051557 0.050773 0.050128 0.049594 0.049147 0.048763 0.048422 0.048107 0.047798 0.047483 0.047145 0.046773 0.046354 0.045877 0.045332 0.044707 0.043995 0.043185 0.042270 0.041239 0.040086 0.038800 0.037375 0.035800 0.034069 0.032170 0.030097 0.027839 0.025399 0.022806 0.020145 0.017549 0.015198 0.013100 0.011199 0.009495 0.007970 0.006603 0.005382 0.004296 0.003335 0.002493 0.001769
0.063127 0.060583 0.058212 0.056139 0.054368 0.052872 0.051615 0.050562 0.049678 0.048934 0.048301 0.047754 0.047270 0.046827 0.046408 0.045994 0.045570 0.045121 0.044634 0.044095 0.043493 0.042818 0.042059 0.041205 0.040248 0.039178 0.037987 0.036664 0.035201 0.033589 0.031820 0.029883 0.027770 0.025471 0.022986 0.020353 0.017702 0.015234 0.013045 0.011071 0.009306 0.007730 0.006323 0.005072 0.003963 0.002983 0.002128 0.001402 0.000804 0.000367
0.064358 0.060725 0.057970 0.055711 0.053811 0.052203 0.050840 0.049684 0.048701 0.047859 0.047130 0.046489 0.045910 0.045374 0.044859 0.044348 0.043825 0.043274 0.042681 0.042034 0.041320 0.040528 0.039647 0.038666 0.037576 0.036367 0.035030 0.033554 0.031932 0.030153 0.028207 0.026086 0.023780 0.021282 0.018636 0.016011 0.013662 0.011553 0.009669 0.007990 0.006497 0.005172 0.003999 0.002964 0.002058 0.001285 0.000658 0.000211 0.000001 0.000001
0.063299 0.060403 0.057711 0.055360 0.053341 0.051616 0.050144 0.048886 0.047807 0.046875 0.046059 0.045332 0.044670 0.044050 0.043451 0.042855 0.042245 0.041605 0.040921 0.040179 0.039366 0.038472 0.037484 0.036392 0.035186 0.033856 0.032391 0.030783 0.029020 0.027094 0.024995 0.022713 0.020237 0.017598 0.015004 0.012694 0.010627 0.008788 0.007153 0.005704 0.004424 0.003297 0.002307 0.001445 0.000724 0.000205 0.000001 0.000001 0.000001 0.000001
0.063834 0.060415 0.057513 0.055014 0.052869 0.051032 0.049462 0.048116 0.046957 0.045949 0.045061 0.044264 0.043533 0.042844 0.042176 0.041510 0.040828 0.040115 0.039354 0.038533 0.037638 0.036658 0.035581 0.034396 0.033093 0.031660 0.030088 0.028368 0.026488 0.024438 0.022209 0.019790 0.017184 0.014585 0.012266 0.010197 0.008359 0.006730 0.005291 0.004023 0.002911 0.001937 0.001092 0.000403 0.000001 0.000001 0.000001 0.000001 0.000001 0.000001
0.063540 0.060161 0.057145 0.054530 0.052290 0.050376 0.048739 0.047335 0.046121 0.045061 0.044123 0.043276 0.042494 0.041754 0.041034 0.040314 0.039577 0.038806 0.037985 0.037102 0.036143 0.035095 0.033947 0.032687 0.031306 0.029792 0.028134 0.026324 0.024349 0.022200 0.019867 0.017339 0.014713 0.012338 0.010224 0.008347 0.006687 0.005223 0.003936 0.002809 0.001826 0.000972 0.000268 0.000001 0.000001 0.000001 0.000001 0.000001 0.000001 0.000001
0.063661 0.059790 0.056558 0.053855 0.051571 0.049629 0.047969 0.046540 0.045302 0.044216 0.043249 0.042372 0.041559 0.040786 0.040030 0.039273 0.038496 0.037684 0.036820 0.035892 0.034885 0.033787 0.032586 0.031272 0.029832 0.028258 0.026536 0.024659 0.022614 0.020391 0.017979 0.015379 0.012900 0.010696 0.008740 0.007011 0.005488 0.004150 0.002979 0.001960 0.001076 0.000316 0.000001 0.000001 0.000001 0.000001 0.000001 0.000001 0.000001 0.000001
0.062868 0.058795 0.055638 0.053000 0.050757 0.048840 0.047192 0.045768 0.044528 0.043436 0.042460 0.041570 0.040740 0.039948 0.039172 0.038393 0.037592 0.036753 0.035862 0.034904 0.033866 0.032736 0.031501 0.030150 0.028673 0.027058 0.025295 0.023373 0.021282 0.019010 0.016547 0.013965 0.011625 0.009548 0.007711 0.006092 0.004669 0.003425 0.002341 0.001401 0.000590 0.000001 0.000001 0.000001 0.000001 0.000001 0.000001 0.000001 0.000001 0.000001
0.059924 0.057347 0.054592 0.052111 0.049950 0.048082 0.046466 0.045063 0.043835 0.042749 0.041774 0.040882 0.040048 0.039250 0.038465 0.037676 0.036864 0.036013 0.035108 0.034136 0.033083 0.031936 0.030685 0.029316 0.027820 0.026186 0.024402 0.022459 0.020344 0.018049 0.015560 0.013043 0.010799 0.008812 0.007058 0.005515 0.004164 0.002985 0.001962 0.001078 0.000318 0.000001 0.000001 0.000001 0.000001 0.000001 0.000001 0.000001 0.000001 0.000001
0.060387 0.056617 0.053762 0.051338 0.049238 0.047415 0.045832 0.044451 0.043239 0.042164 0.041197 0.040311 0.039482 0.038686 0.037903 0.037114 0.036303 0.035452 0.034548 0.033575 0.032522 0.031375 0.030123 0.028754 0.027258 0.025624 0.023840 0.021897 0.019783 0.017487 0.014999 0.012539 0.010356 0.008425 0.006723 0.005228 0.003922 0.002784 0.001799 0.000950 0.000223 0.000001 0.000001 0.000001 0.000001 0.000001 0.000001 0.000001 0.000001 0.000001
0.058303 0.055754 0.053105 0.050730 0.048657 0.046856 0.045291 0.043927 0.042730 0.041669 0.040715 0.039841 0.039023 0.038238 0.037467 0.036690 0.035890 0.035051 0.034159 0.033200 0.032160 0.031028 0.029792 0.028440 0.026962 0.025346 0.023582 0.021660 0.019568 0.017296 0.014833 0.012402 0.010246 0.008341 0.006662 0.005191 0.003905 0.002787 0.001820 0.000988 0.000277 0.000001 0.000001 0.000001 0.000001 0.000001 0.000001 0.000001 0.000001 0.000001
0.059615 0.055676 0.052718 0.050259 0.048161 0.046357 0.044801 0.043452 0.042272 0.041230 0.040295 0.039441 0.038643 0.037879 0.037129 0.036374 0.035596 0.034781 0.033914 0.032981 0.031969 0.030866 0.029661 0.028341 0.026898 0.025319 0.023594 0.021712 0.019663 0.017437 0.015021 0.012591 0.010433 0.008525 0.006846 0.005372 0.004086 0.002968 0.002001 0.001170 0.000459 0.000001 0.000001 0.000001 0.000001 0.000001 0.000001 0.000001 0.000001 0.000001
0.057815 0.054903 0.052125 0.049695 0.047608 0.045822 0.044289 0.042967 0.041816 0.040804 0.039899 0.039076 0.038309 0.037576 0.036857 0.036134 0.035391 0.034611 0.033780 0.032885 0.031914 0.030854 0.029694 0.028423 0.027029 0.025504 0.023835 0.022012 0.020025 0.017863 0.015516 0.013078 0.010889 0.008953 0.007248 0.005752 0.004445 0.003307 0.002324 0.001477 0.000753 0.000145 0.000001 0.000001 0.000001 0.000001 0.000001 0.000001 0.000001 0.000001
0.057356 0.054074 0.051290 0.048918 0.046897 0.045173 0.043696 0.042425 0.041322 0.040355 0.039494 0.038713 0.037988 0.037296 0.036620 0.035940 0.035241 0.034507 0.033725 0.032881 0.031962 0.030958 0.029856 0.028646 0.027317 0.025859 0.024262 0.022514 0.020606 0.018527 0.016266 0.013841 0.011596 0.009607 0.007854 0.006313 0.004965 0.003791 0.002774 0.001897 0.001146 0.000508 0.000017 0.000001 0.000001 0.000001 0.000001 0.000001 0.000001 0.000001
0.056178 0.052834 0.050165 0.047930 0.046028 0.044402 0.043008 0.041809 0.040770 0.039862 0.039057 0.038329 0.037655 0.037016 0.036392 0.035765 0.035121 0.034443 0.033719 0.032936 0.032081 0.031143 0.030111 0.028974 0.027722 0.026344 0.024831 0.023172 0.021357 0.019374 0.017215 0.014868 0.012539 0.010473 0.008648 0.007042 0.005634 0.004406 0.003339 0.002418 0.001627 0.000953 0.000387 0.000001 0.000001 0.000001 0.000001 0.000001 0.000001 0.000001
0.053723 0.051227 0.048893 0.046837 0.045060 0.043537 0.042232 0.041113 0.040149 0.039310 0.038570 0.037905 0.037294 0.036716 0.036153 0.035589 0.035008 0.034395 0.033739 0.033025 0.032242 0.031380 0.030427 0.029373 0.028207 0.026920 0.025501 0.023940 0.022228 0.020353 0.018306 0.016074 0.013705 0.011538 0.009619 0.007926 0.006440 0.005140 0.004008 0.003028 0.002185 0.001463 0.000851 0.000346 0.000001 0.000001 0.000001 0.000001 0.000001 0.000001
0.052747 0.049973 0.047645 0.045669 0.043990 0.042565 0.041356 0.040328 0.039448 0.038689 0.038025 0.037434 0.036894 0.036386 0.035893 0.035399 0.034888 0.034348 0.033766 0.033129 0.032425 0.031645 0.030777 0.029812 0.028739 0.027548 0.026229 0.024774 0.023170 0.021409 0.019481 0.017373 0.015081 0.012788 0.010752 0.008952 0.007367 0.005978 0.004766 0.003713 0.002805 0.002025 0.001361 0.000801 0.000343 0.000027 0.000001 0.000001 0.000001 0.000001
0.050640 0.048223 0.046089 0.044276 0.042746 0.041455 0.040367 0.039448 0.038669 0.038003 0.037426 0.036918 0.036457 0.036027 0.035610 0.035192 0.034757 0.034295 0.033791 0.033234 0.032613 0.031919 0.031139 0.030265 0.029287 0.028194 0.026978 0.025629 0.024137 0.022491 0.020682 0.018699 0.016531 0.014204 0.012025 0.010097 0.008395 0.006900 0.005592 0.004454 0.003469 0.002622 0.001898 0.001284 0.000769 0.000352 0.000057 0.000001 0.000001 0.000001
0.048799 0.046220 0.044294 0.042709 0.041375 0.040251 0.039305 0.038511 0.037843 0.037279 0.036797 0.036377 0.036001 0.035652 0.035314 0.034974 0.034618 0.034234 0.033809 0.033333 0.032795 0.032185 0.031492 0.030708 0.029823 0.028827 0.027711 0.026465 0.025080 0.023546 0.021852 0.019989 0.017945 0.015714 0.013405 0.011328 0.009492 0.007877 0.006461 0.005226 0.004156 0.003232 0.002442 0.001769 0.001202 0.000730 0.000349 0.000074 0.000001 0.000001
0.045280 0.043998 0.042534 0.041197 0.040045 0.039073 0.038263 0.037590 0.037033 0.036570 0.036182 0.035849 0.035556 0.035286 0.035026 0.034762 0.034481 0.034171 0.033822 0.033422 0.032962 0.032431 0.031820 0.031120 0.030321 0.029415 0.028391 0.027240 0.025954 0.024522 0.022935 0.021182 0.019253 0.017136 0.014839 0.012595 0.010611 0.008864 0.007331 0.005993 0.004831 0.003828 0.002968 0.002235 0.001615 0.001096 0.000668 0.000324 0.000073 0.000001
0.044822 0.042801 0.041223 0.039944 0.038897 0.038039 0.037340 0.036771 0.036310 0.035937 0.035631 0.035377 0.035158 0.034960 0.034769 0.034572 0.034357 0.034114 0.033832 0.033499 0.033108 0.032647 0.032107 0.031481 0.030757 0.029928 0.028985 0.027917 0.026717 0.025374 0.023878 0.022220 0.020389 0.018374 0.016166 0.013824 0.011686 0.009803 0.008151 0.006709 0.005457 0.004375 0.003447 0.002655 0.001985 0.001423 0.000956 0.000574 0.000270 0.000049
0.043633 0.041562 0.040069 0.038901 0.037963 0.037207 0.036599 0.036115 0.035731 0.035429 0.035190 0.034998 0.034839 0.034697 0.034562 0.034419 0.034259 0.034070 0.033841 0.033563 0.033226 0.032821 0.032339 0.031771 0.031108 0.030342 0.029462 0.028461 0.027328 0.026056 0.024633 0.023050 0.021297 0.019363 0.017237 0.014915 0.012630 0.010619 0.008857 0.007320 0.005986 0.004835 0.003846 0.003003 0.002289 0.001689 0.001191 0.000781 0.000449 0.000188
0.041122 0.040155 0.039067 0.038096 0.037281 0.036615 0.036081 0.035659 0.035330 0.035078 0.034885 0.034736 0.034618 0.034516 0.034419 0.034315 0.034192 0.034040 0.033848 0.033608 0.033310 0.032945 0.032503 0.031976 0.031355 0.030631 0.029796 0.028841 0.027756 0.026533 0.025161 0.023630 0.021931 0.020053 0.017985 0.015715 0.013344 0.011230 0.009380 0.007769 0.006373 0.005168 0.004134 0.003253 0.002506 0.001879 0.001357 0.000927 0.000578 0.000299
0.041106 0.039696 0.038591 0.037679 0.036924 0.036309 0.035815 0.035426 0.035127 0.034900 0.034730 0.034603 0.034506 0.034424 0.034347 0.034262 0.034158 0.034025 0.033853 0.033632 0.033354 0.033009 0.032587 0.032081 0.031482 0.030781 0.029969 0.029037 0.027976 0.026778 0.025432 0.023928 0.022257 0.020408 0.018369 0.016129 0.013732 0.011558 0.009660 0.008008 0.006578 0.005344 0.004285 0.003383 0.002619 0.001977 0.001442 0.001002 0.000644 0.000358
