0.088255 0.091749 0.095626 0.099428 0.103137 0.106799 0.110457 0.114143 0.117881 0.121688 0.125578 0.129561 0.133648 0.137845 0.142157 0.146587 0.151137 0.155812 0.160614 0.165545 0.170608 0.175806 0.181140 0.186613 0.192226 0.197980 0.203879 0.209923 0.216113 0.222452 0.228941 0.235581 0.242372 0.249317 0.256416 0.263670 0.271081 0.278648 0.286373 0.294257 0.302300 0.310502 0.318864 0.327387 0.336070 0.344915 0.353921 0.363088 0.372416 0.381906
0.089243 0.095130 0.098821 0.102132 0.105432 0.108793 0.112232 0.115755 0.119369 0.123079 0.126892 0.130813 0.134848 0.139003 0.143279 0.147678 0.152203 0.156855 0.161638 0.166553 0.171602 0.176787 0.182111 0.187574 0.193179 0.198927 0.204819 0.210858 0.217044 0.223380 0.229865 0.236502 0.243291 0.250234 0.257331 0.264584 0.271994 0.279560 0.287285 0.295168 0.303210 0.311412 0.319774 0.328297 0.336980 0.345825 0.354831 0.363998 0.373326 0.382816
0.105479 0.102573 0.103828 0.106205 0.108994 0.112010 0.115191 0.118514 0.121968 0.125548 0.129253 0.133085 0.137046 0.141138 0.145360 0.149713 0.154199 0.158817 0.163571 0.168461 0.173489 0.178656 0.183963 0.189413 0.195006 0.200744 0.206628 0.212659 0.218840 0.225170 0.231651 0.238285 0.245071 0.252012 0.259108 0.266360 0.273768 0.281335 0.289059 0.296942 0.304985 0.313187 0.321550 0.330074 0.338758 0.347604 0.356610 0.365779 0.375108 0.384599
0.095867 0.103444 0.106955 0.109763 0.112564 0.115491 0.118563 0.121778 0.125132 0.128622 0.132248 0.136011 0.139911 0.143950 0.148127 0.152442 0.156894 0.161484 0.166213 0.171082 0.176092 0.181244 0.186539 0.191978 0.197563 0.203294 0.209173 0.215201 0.221378 0.227706 0.234187 0.240820 0.247607 0.254548 0.261645 0.268899 0.276310 0.283878 0.291606 0.299492 0.307537 0.315743 0.324109 0.332636 0.341324 0.350173 0.359183 0.368354 0.377687 0.387181
0.110847 0.108441 0.110193 0.112834 0.115711 0.118708 0.121815 0.125038 0.128384 0.131859 0.135466 0.139208 0.143090 0.147112 0.151274 0.155576 0.160018 0.164600 0.169322 0.174187 0.179195 0.184345 0.189641 0.195081 0.200669 0.206403 0.212286 0.218318 0.224501 0.230835 0.237322 0.243962 0.250756 0.257705 0.264810 0.272071 0.279490 0.287066 0.294802 0.302696 0.310750 0.318963 0.327337 0.335872 0.344567 0.353424 0.362442 0.371620 0.380960 0.390461
0.099793 0.107792 0.111935 0.115241 0.118378 0.121521 0.124728 0.128027 0.131433 0.134956 0.138604 0.142382 0.146295 0.150345 0.154533 0.158858 0.163323 0.167926 0.172670 0.177555 0.182582 0.187752 0.193066 0.198526 0.204131 0.209884 0.215785 0.221836 0.228036 0.234388 0.240892 0.247549 0.254361 0.261327 0.268448 0.275726 0.283161 0.290754 0.298505 0.306415 0.314484 0.322713 0.331101 0.339650 0.348360 0.357230 0.366261 0.375453 0.384805 0.394319
0.112981 0.112413 0.114743 0.117666 0.120760 0.123957 0.127251 0.130647 0.134150 0.137766 0.141501 0.145360 0.149347 0.153467 0.157718 0.162103 0.166623 0.171278 0.176070 0.181001 0.186072 0.191284 0.196638 0.202135 0.207778 0.213566 0.219501 0.225585 0.231818 0.238201 0.244736 0.251423 0.258263 0.265257 0.272407 0.279712 0.287173 0.294792 0.302568 0.310503 0.318596 0.326848 0.335260 0.343832 0.352563 0.361455 0.370507 0.379719 0.389091 0.398623
0.107872 0.113197 0.116441 0.119495 0.122660 0.125956 0.129370 0.132894 0.136526 0.140266 0.144119 0.148088 0.152180 0.156396 0.160739 0.165209 0.169808 0.174538 0.179401 0.184399 0.189534 0.194806 0.200218 0.205771 0.211466 0.217306 0.223290 0.229422 0.235701 0.242129 0.248707 0.255437 0.262318 0.269353 0.276541 0.283885 0.291383 0.299038 0.306850 0.314819 0.322947 0.331232 0.339676 0.348279 0.357041 0.365963 0.375043 0.384284 0.393683 0.403242
0.115110 0.114965 0.117471 0.120656 0.124060 0.127575 0.131179 0.134869 0.138652 0.142531 0.146514 0.150605 0.154811 0.159136 0.163580 0.168147 0.172837 0.177654 0.182600 0.187677 0.192887 0.198232 0.203714 0.209335 0.215096 0.220998 0.227044 0.233235 0.239572 0.246056 0.252689 0.259472 0.266406 0.273491 0.280729 0.288121 0.295667 0.303369 0.311226 0.319240 0.327410 0.335738 0.344223 0.352867 0.361668 0.370628 0.379747 0.389024 0.398459 0.408053
0.106240 0.112868 0.117532 0.121555 0.125368 0.129136 0.132925 0.136770 0.140688 0.144692 0.148791 0.152992 0.157304 0.161730 0.166271 0.170930 0.175711 0.180615 0.185645 0.190804 0.196094 0.201516 0.207073 0.212767 0.218600 0.224572 0.230687 0.236945 0.243347 0.249896 0.256592 0.263437 0.270431 0.277576 0.284873 0.292322 0.299924 0.307681 0.315592 0.323659 0.331881 0.340260 0.348795 0.357487 0.366337 0.375343 0.384507 0.393829 0.403308 0.412944
0.110636 0.115613 0.119631 0.123430 0.127202 0.131002 0.134856 0.138777 0.142775 0.146861 0.151042 0.155326 0.159719 0.164225 0.168846 0.173585 0.178444 0.183426 0.188534 0.193770 0.199135 0.204633 0.210265 0.216033 0.221939 0.227984 0.234170 0.240499 0.246972 0.253590 0.260354 0.267266 0.274327 0.281538 0.288899 0.296412 0.304078 0.311896 0.319868 0.327995 0.336276 0.344713 0.353305 0.362053 0.370958 0.380018 0.389235 0.398608 0.408138 0.417824
0.121794 0.120531 0.122678 0.125865 0.129422 0.133150 0.136990 0.140923 0.144950 0.149072 0.153297 0.157630 0.162076 0.166639 0.171319 0.176119 0.181042 0.186090 0.191265 0.196569 0.202004 0.207573 0.213276 0.219115 0.225093 0.231210 0.237468 0.243869 0.250413 0.257102 0.263938 0.270920 0.278051 0.285331 0.292761 0.300343 0.308075 0.315961 0.323999 0.332190 0.340536 0.349036 0.357690 0.366500 0.375465 0.384585 0.393860 0.403291 0.412876 0.422617
0.112313 0.119514 0.123993 0.127833 0.131568 0.135336 0.139177 0.143107 0.147134 0.151266 0.155507 0.159865 0.164343 0.168944 0.173667 0.178516 0.183491 0.188594 0.193828 0.199193 0.204692 0.210326 0.216096 0.222004 0.228050 0.234238 0.240566 0.247038 0.253654 0.260415 0.267322 0.274376 0.281579 0.288930 0.296432 0.304083 0.311886 0.319841 0.327948 0.336208 0.344621 0.353188 0.361908 0.370783 0.379812 0.388995 0.398333 0.407825 0.417471 0.427271
0.119547 0.122660 0.126295 0.129989 0.133696 0.137444 0.141264 0.145176 0.149192 0.153323 0.157574 0.161949 0.166454 0.171087 0.175849 0.180741 0.185764 0.190919 0.196208 0.201632 0.207191 0.212887 0.218722 0.224696 0.230810 0.237065 0.243464 0.250006 0.256692 0.263524 0.270503 0.277629 0.284903 0.292327 0.299899 0.307623 0.315497 0.323522 0.331699 0.340029 0.348511 0.357146 0.365934 0.374876 0.383971 0.393219 0.402621 0.412176 0.421885 0.431746
0.124089 0.125692 0.128709 0.132098 0.135640 0.139297 0.143069 0.146961 0.150977 0.155120 0.159393 0.163799 0.168340 0.173014 0.177822 0.182763 0.187838 0.193048 0.198394 0.203877 0.209498 0.215258 0.221156 0.227196 0.233377 0.239701 0.246168 0.252779 0.259536 0.266438 0.273488 0.280684 0.288030 0.295524 0.303168 0.310962 0.318906 0.327002 0.335249 0.343648 0.352199 0.360902 0.369758 0.378766 0.387927 0.397241 0.406708 0.416326 0.426097 0.436020
0.119616 0.126241 0.130085 0.133505 0.136988 0.140619 0.144401 0.148324 0.152385 0.156579 0.160907 0.165371 0.169970 0.174704 0.179571 0.184573 0.189710 0.194983 0.200392 0.205939 0.211624 0.217449 0.223414 0.229520 0.235769 0.242160 0.248695 0.255375 0.262201 0.269172 0.276291 0.283557 0.290972 0.298535 0.306248 0.314111 0.322124 0.330288 0.338603 0.347069 0.355687 0.364457 0.373378 0.382452 0.391677 0.401055 0.410584 0.420265 0.430097 0.440080
0.131267 0.128862 0.130828 0.133975 0.137534 0.141301 0.145218 0.149264 0.153434 0.157727 0.162146 0.166695 0.171374 0.176185 0.181126 0.186200 0.191407 0.196749 0.202228 0.207843 0.213596 0.219488 0.225521 0.231695 0.238011 0.244469 0.251072 0.257819 0.264711 0.271750 0.278935 0.286268 0.293749 0.301379 0.309158 0.317086 0.325165 0.333393 0.341773 0.350303 0.358984 0.367817 0.376801 0.385936 0.395222 0.404660 0.414248 0.423987 0.433877 0.443917
0.115503 0.124106 0.129151 0.133413 0.137514 0.141611 0.145756 0.149976 0.154286 0.158699 0.163224 0.167868 0.172637 0.177531 0.182552 0.187702 0.192984 0.198399 0.203948 0.209633 0.215455 0.221415 0.227514 0.233754 0.240136 0.246660 0.253327 0.260138 0.267095 0.274197 0.281445 0.288841 0.296384 0.304075 0.311915 0.319905 0.328044 0.336332 0.344771 0.353360 0.362099 0.370990 0.380030 0.389222 0.398563 0.408056 0.417698 0.427491 0.437433 0.447525
0.122910 0.125063 0.129223 0.133573 0.137869 0.142135 0.146418 0.150754 0.155167 0.159674 0.164287 0.169015 0.173864 0.178835 0.183931 0.189154 0.194507 0.199991 0.205608 0.211360 0.217247 0.223271 0.229434 0.235736 0.242179 0.248764 0.255491 0.262361 0.269376 0.276536 0.283842 0.291294 0.298893 0.306640 0.314536 0.322579 0.330772 0.339114 0.347605 0.356246 0.365037 0.373978 0.383069 0.392309 0.401700 0.411240 0.420930 0.430769 0.440757 0.450894
0.119223 0.126028 0.130646 0.134831 0.138968 0.143153 0.147414 0.151765 0.156216 0.160772 0.165442 0.170230 0.175142 0.180176 0.185336 0.190622 0.196037 0.201582 0.207259 0.213070 0.219015 0.225097 0.231315 0.237672 0.244169 0.250807 0.257587 0.264509 0.271574 0.278784 0.286140 0.293641 0.301288 0.309082 0.317024 0.325114 0.333352 0.341739 0.350275 0.358959 0.367793 0.376777 0.385909 0.395191 0.404622 0.414202 0.423931 0.433808 0.443834 0.454007
0.130199 0.130507 0.133137 0.136574 0.140387 0.144426 0.148627 0.152966 0.157430 0.162016 0.166725 0.171558 0.176517 0.181602 0.186812 0.192148 0.197614 0.203209 0.208935 0.214793 0.220786 0.226914 0.233178 0.239580 0.246121 0.252802 0.259623 0.266587 0.273694 0.280944 0.288339 0.295878 0.303564 0.311396 0.319375 0.327501 0.335775 0.344197 0.352768 0.361487 0.370354 0.379370 0.388535 0.397848 0.407310 0.416921 0.426679 0.436586 0.446639 0.456840
0.126062 0.130008 0.133655 0.137468 0.141456 0.145591 0.149856 0.154244 0.158751 0.163379 0.168128 0.173001 0.178000 0.183124 0.188372 0.193747 0.199249 0.204880 0.210642 0.216535 0.222562 0.228723 0.235020 0.241455 0.248027 0.254739 0.261591 0.268584 0.275720 0.282999 0.290422 0.297989 0.305702 0.313560 0.321565 0.329717 0.338016 0.346463 0.355057 0.363799 0.372690 0.381728 0.390915 0.400249 0.409732 0.419362 0.429140 0.439065 0.449137 0.459355
0.123941 0.128744 0.133512 0.138006 0.142373 0.146725 0.151125 0.155602 0.160174 0.164851 0.169641 0.174549 0.179578 0.184729 0.190002 0.195400 0.200925 0.206577 0.212359 0.218273 0.224319 0.230499 0.236814 0.243266 0.249856 0.256586 0.263455 0.270465 0.277617 0.284912 0.292351 0.299934 0.307662 0.315535 0.323554 0.331720 0.340033 0.348492 0.357099 0.365854 0.374756 0.383805 0.393002 0.402347 0.411839 0.421479 0.431265 0.441198 0.451277 0.461502
0.122896 0.129960 0.134902 0.139374 0.143757 0.148154 0.152605 0.157127 0.161736 0.166442 0.171253 0.176176 0.181217 0.186377 0.191657 0.197061 0.202590 0.208246 0.214033 0.219950 0.225999 0.232183 0.238503 0.244959 0.251553 0.258286 0.265159 0.272173 0.279329 0.286627 0.294069 0.301655 0.309386 0.317262 0.325284 0.333452 0.341767 0.350228 0.358836 0.367591 0.376493 0.385542 0.394739 0.404083 0.413573 0.423211 0.432994 0.442924 0.452999 0.463220
0.136231 0.135073 0.137724 0.141481 0.145618 0.149922 0.154332 0.158832 0.163425 0.168116 0.172912 0.177820 0.182845 0.187989 0.193255 0.198644 0.204159 0.209803 0.215576 0.221482 0.227521 0.233694 0.240003 0.246450 0.253035 0.259759 0.266624 0.273629 0.280777 0.288067 0.295501 0.303079 0.310801 0.318669 0.326682 0.334840 0.343145 0.351597 0.360194 0.368939 0.377830 0.386868 0.396053 0.405384 0.414862 0.424486 0.434255 0.444171 0.454231 0.464436
0.126366 0.133983 0.138906 0.143254 0.147512 0.151798 0.156150 0.160586 0.165116 0.169749 0.174492 0.179353 0.184337 0.189442 0.194672 0.200030 0.205515 0.211131 0.216879 0.222760 0.228776 0.234927 0.241215 0.247642 0.254207 0.260911 0.267757 0.274743 0.281872 0.289144 0.296559 0.304118 0.311821 0.319669 0.327663 0.335801 0.344086 0.352517 0.361094 0.369817 0.378686 0.387701 0.396863 0.406171 0.415624 0.425223 0.434968 0.444857 0.454891 0.465069
0.133724 0.136887 0.141077 0.145269 0.149417 0.153585 0.157820 0.162146 0.166579 0.171127 0.175796 0.180593 0.185519 0.190573 0.195758 0.201073 0.206520 0.212100 0.217814 0.223663 0.229648 0.235770 0.242029 0.248427 0.254964 0.261641 0.268459 0.275418 0.282519 0.289763 0.297150 0.304681 0.312355 0.320174 0.328138 0.336247 0.344501 0.352901 0.361446 0.370137 0.378973 0.387955 0.397083 0.406356 0.415774 0.425337 0.435045 0.444897 0.454893 0.465032
0.134741 0.139762 0.143501 0.147176 0.150974 0.154912 0.158985 0.163190 0.167527 0.171996 0.176597 0.181334 0.186207 0.191214 0.196355 0.201630 0.207039 0.212582 0.218261 0.224075 0.230026 0.236114 0.242340 0.248705 0.255208 0.261851 0.268635 0.275559 0.282625 0.289833 0.297184 0.304677 0.312314 0.320095 0.328020 0.336089 0.344302 0.352660 0.361163 0.369811 0.378604 0.387542 0.396624 0.405851 0.415222 0.424738 0.434397 0.444200 0.454146 0.464235
0.142942 0.142372 0.144640 0.147831 0.151424 0.155254 0.159260 0.163416 0.167712 0.172145 0.176713 0.181417 0.186258 0.191234 0.196344 0.201587 0.206965 0.212476 0.218122 0.223903 0.229820 0.235873 0.242062 0.248389 0.254854 0.261458 0.268201 0.275084 0.282108 0.289272 0.296578 0.304026 0.311616 0.319348 0.327224 0.335243 0.343405 0.351711 0.360161 0.368755 0.377492 0.386374 0.395399 0.404568 0.413880 0.423336 0.432934 0.442676 0.452559 0.462585
0.131961 0.138171 0.142516 0.146471 0.150400 0.154401 0.158504 0.162718 0.167048 0.171500 0.176075 0.180777 0.185610 0.190574 0.195667 0.200889 0.206242 0.211726 0.217341 0.223089 0.228970 0.234985 0.241135 0.247420 0.253841 0.260399 0.267094 0.273927 0.280900 0.288011 0.295263 0.302654 0.310187 0.317861 0.325676 0.333633 0.341733 0.349975 0.358359 0.366886 0.375556 0.384369 0.393324 0.402422 0.411662 0.421044 0.430569 0.440235 0.450043 0.459991
0.131696 0.135776 0.140107 0.144348 0.148531 0.152720 0.156955 0.161262 0.165656 0.170150 0.174751 0.179466 0.184301 0.189258 0.194338 0.199541 0.204869 0.210323 0.215904 0.221614 0.227454 0.233424 0.239526 0.245760 0.252128 0.258630 0.265267 0.272040 0.278949 0.285996 0.293181 0.300504 0.307967 0.315569 0.323311 0.331193 0.339216 0.347380 0.355685 0.364132 0.372720 0.381449 0.390320 0.399332 0.408485 0.417780 0.427216 0.436792 0.446508 0.456365
0.130348 0.134189 0.138195 0.142309 0.146485 0.150712 0.154995 0.159345 0.163771 0.168285 0.172895 0.177607 0.182430 0.187367 0.192421 0.197593 0.202883 0.208295 0.213830 0.219488 0.225273 0.231184 0.237224 0.243393 0.249693 0.256125 0.262689 0.269386 0.276218 0.283185 0.290288 0.297528 0.304904 0.312419 0.320071 0.327863 0.335793 0.343863 0.352073 0.360423 0.368912 0.377542 0.386312 0.395222 0.404273 0.413463 0.422793 0.432262 0.441871 0.451619
0.128770 0.132533 0.136383 0.140373 0.144465 0.148639 0.152885 0.157204 0.161603 0.166086 0.170661 0.175334 0.180111 0.184997 0.189997 0.195110 0.200338 0.205683 0.211148 0.216733 0.222441 0.228272 0.234229 0.240313 0.246525 0.252866 0.259337 0.265940 0.272674 0.279542 0.286544 0.293681 0.300953 0.308361 0.315906 0.323588 0.331407 0.339365 0.347461 0.355695 0.364068 0.372579 0.381230 0.390020 0.398948 0.408016 0.417222 0.426566 0.436049 0.445669
0.126922 0.130462 0.134418 0.138423 0.142463 0.146557 0.150717 0.154950 0.159263 0.163661 0.168149 0.172734 0.177421 0.182215 0.187120 0.192138 0.197269 0.202515 0.207879 0.213361 0.218963 0.224688 0.230536 0.236508 0.242607 0.248833 0.255188 0.261672 0.268287 0.275033 0.281912 0.288924 0.296069 0.303350 0.310765 0.318316 0.326004 0.333827 0.341788 0.349886 0.358122 0.366495 0.375006 0.383655 0.392441 0.401365 0.410426 0.419625 0.428961 0.438434
0.122840 0.128440 0.132639 0.136572 0.140492 0.144457 0.148485 0.152583 0.156761 0.161023 0.165376 0.169825 0.174375 0.179032 0.183800 0.188682 0.193678 0.198789 0.204017 0.209362 0.214828 0.220414 0.226123 0.231956 0.237914 0.243998 0.250209 0.256549 0.263019 0.269618 0.276349 0.283212 0.290207 0.297336 0.304598 0.311996 0.319528 0.327195 0.334998 0.342938 0.351013 0.359225 0.367573 0.376058 0.384680 0.393438 0.402333 0.411364 0.420530 0.429833
0.127629 0.128346 0.131267 0.134786 0.138485 0.142266 0.146113 0.150030 0.154025 0.158106 0.162278 0.166549 0.170921 0.175401 0.179993 0.184699 0.189523 0.194463 0.199521 0.204697 0.209994 0.215411 0.220951 0.226615 0.232403 0.238318 0.244359 0.250527 0.256825 0.263252 0.269809 0.276497 0.283317 0.290269 0.297354 0.304573 0.311925 0.319412 0.327033 0.334789 0.342680 0.350707 0.358869 0.367166 0.375598 0.384166 0.392869 0.401708 0.410681 0.419788
0.119066 0.124814 0.129007 0.132707 0.136275 0.139842 0.143458 0.147145 0.150916 0.154777 0.158734 0.162792 0.166955 0.171226 0.175610 0.180109 0.184728 0.189466 0.194324 0.199301 0.204400 0.209620 0.214963 0.220430 0.226022 0.231740 0.237584 0.243555 0.249655 0.255883 0.262241 0.268729 0.275349 0.282099 0.288981 0.295996 0.303143 0.310423 0.317837 0.325385 0.333066 0.340881 0.348830 0.356913 0.365131 0.373482 0.381968 0.390587 0.399340 0.408226
0.120319 0.124364 0.127536 0.130604 0.133736 0.136964 0.140290 0.143715 0.147239 0.150861 0.154584 0.158411 0.162345 0.166387 0.170543 0.174813 0.179202 0.183712 0.188344 0.193099 0.197975 0.202974 0.208096 0.213343 0.218714 0.224210 0.229833 0.235582 0.241459 0.247465 0.253598 0.259862 0.266255 0.272778 0.279432 0.286216 0.293133 0.300180 0.307360 0.314672 0.322116 0.329693 0.337403 0.345244 0.353219 0.361326 0.369565 0.377936 0.386439 0.395074
0.126105 0.123965 0.125217 0.127547 0.130289 0.133236 0.136317 0.139507 0.142798 0.146188 0.149679 0.153271 0.156968 0.160774 0.164689 0.168719 0.172865 0.177130 0.181516 0.186026 0.190659 0.195416 0.200296 0.205301 0.210430 0.215683 0.221062 0.226567 0.232198 0.237957 0.243843 0.249856 0.255998 0.262269 0.268668 0.275197 0.281855 0.288643 0.295562 0.302610 0.309790 0.317099 0.324540 0.332111 0.339812 0.347644 0.355606 0.363698 0.371920 0.380272
0.109838 0.115995 0.119628 0.122646 0.125536 0.128431 0.131376 0.134389 0.137480 0.140655 0.143922 0.147284 0.150747 0.154312 0.157985 0.161768 0.165664 0.169675 0.173805 0.178055 0.182427 0.186921 0.191539 0.196282 0.201147 0.206137 0.211251 0.216490 0.221854 0.227343 0.232956 0.238696 0.244561 0.250553 0.256672 0.262917 0.269290 0.275790 0.282419 0.289175 0.296059 0.303071 0.310212 0.317480 0.324876 0.332399 0.340051 0.347830 0.355736 0.363769
0.108066 0.111017 0.114186 0.117155 0.119991 0.122777 0.125570 0.128402 0.131292 0.134256 0.137301 0.140435 0.143663 0.146991 0.150420 0.153954 0.157597 0.161351 0.165218 0.169200 0.173299 0.177518 0.181856 0.186316 0.190897 0.195601 0.200426 0.205374 0.210444 0.215638 0.220954 0.226394 0.231956 0.237643 0.243452 0.249386 0.255445 0.261627 0.267935 0.274367 0.280924 0.287605 0.294410 0.301341 0.308396 0.315576 0.322880 0.330308 0.337860 0.345537
0.104907 0.107023 0.109222 0.111583 0.114026 0.116517 0.119057 0.121654 0.124316 0.127053 0.129870 0.132774 0.135769 0.138858 0.142044 0.145330 0.148719 0.152212 0.155813 0.159522 0.163343 0.167275 0.171322 0.175485 0.179764 0.184160 0.188674 0.193307 0.198058 0.202928 0.207918 0.213028 0.218257 0.223606 0.229074 0.234663 0.240373 0.246203 0.252154 0.258226 0.264418 0.270732 0.277166 0.283721 0.290396 0.297192 0.304108 0.311145 0.318302 0.325579
0.101415 0.101872 0.103478 0.105393 0.107454 0.109618 0.111873 0.114213 0.116635 0.119139 0.121728 0.124403 0.127166 0.130019 0.132963 0.136002 0.139136 0.142368 0.145700 0.149132 0.152668 0.156308 0.160054 0.163908 0.167871 0.171945 0.176129 0.180425 0.184834 0.189356 0.193991 0.198741 0.203606 0.208585 0.213679 0.218888 0.224213 0.229653 0.235209 0.240881 0.246670 0.252574 0.258594 0.264730 0.270982 0.277350 0.283834 0.290433 0.297147 0.303977
0.089680 0.094106 0.096340 0.098185 0.100038 0.101976 0.104010 0.106133 0.108343 0.110635 0.113009 0.115465 0.118003 0.120624 0.123329 0.126121 0.129000 0.131969 0.135029 0.138181 0.141426 0.144768 0.148206 0.151742 0.155379 0.159116 0.162956 0.166899 0.170947 0.175099 0.179358 0.183724 0.188196 0.192777 0.197465 0.202262 0.207168 0.212183 0.217307 0.222541 0.227885 0.233339 0.238902 0.244576 0.250360 0.256254 0.262258 0.268371 0.274595 0.280927
0.090389 0.087983 0.088661 0.090131 0.091846 0.093674 0.095581 0.097556 0.099599 0.101710 0.103889 0.106138 0.108459 0.110853 0.113322 0.115867 0.118491 0.121194 0.123979 0.126846 0.129797 0.132834 0.135957 0.139169 0.142471 0.145863 0.149348 0.152926 0.156598 0.160366 0.164230 0.168191 0.172251 0.176409 0.180667 0.185025 0.189483 0.194042 0.198703 0.203465 0.208329 0.213295 0.218364 0.223536 0.228810 0.234187 0.239666 0.245249 0.250934 0.256722
0.071665 0.076711 0.079319 0.081339 0.083207 0.085040 0.086877 0.088739 0.090637 0.092580 0.094573 0.096622 0.098729 0.100898 0.103131 0.105431 0.107797 0.110234 0.112741 0.115320 0.117974 0.120702 0.123507 0.126389 0.129350 0.132391 0.135513 0.138717 0.142005 0.145378 0.148836 0.152381 0.156013 0.159733 0.163543 0.167442 0.171431 0.175512 0.179684 0.183948 0.188305 0.192754 0.197296 0.201932 0.206662 0.211485 0.216403 0.221415 0.226522 0.231723
0.068317 0.069390 0.071212 0.073050 0.074820 0.076544 0.078253 0.079966 0.081699 0.083462 0.085264 0.087109 0.089002 0.090946 0.092943 0.094996 0.097107 0.099276 0.101506 0.103798 0.106153 0.108572 0.111057 0.113608 0.116227 0.118914 0.121672 0.124500 0.127400 0.130373 0.133419 0.136541 0.139738 0.143012 0.146363 0.149792 0.153301 0.156888 0.160556 0.164305 0.168135 0.172047 0.176042 0.180118 0.184279 0.188522 0.192850 0.197262 0.201759 0.206341
0.061231 0.062581 0.063997 0.065452 0.066922 0.068401 0.069895 0.071408 0.072947 0.074515 0.076117 0.077757 0.079436 0.081157 0.082922 0.084734 0.086592 0.088500 0.090457 0.092466 0.094527 0.096642 0.098811 0.101035 0.103315 0.105652 0.108048 0.110502 0.113016 0.115591 0.118228 0.120927 0.123689 0.126516 0.129407 0.132364 0.135387 0.138477 0.141635 0.144862 0.148157 0.151522 0.154957 0.158462 0.162039 0.165688 0.169410 0.173205 0.177073 0.181016
0.053923 0.055720 0.056927 0.058071 0.059258 0.060495 0.061777 0.063094 0.064445 0.065827 0.067239 0.068683 0.070160 0.071670 0.073215 0.074796 0.076415 0.078071 0.079768 0.081504 0.083282 0.085102 0.086965 0.088872 0.090823 0.092820 0.094863 0.096953 0.099090 0.101276 0.103511 0.105796 0.108131 0.110517 0.112955 0.115446 0.117989 0.120587 0.123239 0.125946 0.128708 0.131527 0.134404 0.137338 0.140331 0.143383 0.146497 0.149671 0.152908 0.156209
0.049448 0.048935 0.049547 0.050490 0.051555 0.052679 0.053840 0.055028 0.056239 0.057471 0.058724 0.059999 0.061296 0.062616 0.063960 0.065330 0.066726 0.068150 0.069602 0.071083 0.072594 0.074136 0.075710 0.077315 0.078954 0.080626 0.082333 0.084074 0.085851 0.087663 0.089512 0.091398 0.093321 0.095283 0.097283 0.099322 0.101401 0.103520 0.105679 0.107881 0.110124 0.112411 0.114742 0.117118 0.119540 0.122010 0.124529 0.127097 0.129715 0.132386
0.037865 0.040014 0.041462 0.042720 0.043907 0.045061 0.046196 0.047323 0.048446 0.049571 0.050700 0.051835 0.052980 0.054135 0.055302 0.056483 0.057679 0.058892 0.060121 0.061368 0.062634 0.063919 0.065225 0.066552 0.067899 0.069269 0.070661 0.072076 0.073514 0.074976 0.076462 0.077972 0.079507 0.081067 0.082653 0.084264 0.085902 0.087566 0.089258 0.090978 0.092728 0.094509 0.096322 0.098168 0.100049 0.101966 0.103920 0.105913 0.107946 0.110019
0.030867 0.032597 0.034186 0.035581 0.036841 0.038015 0.039133 0.040214 0.041269 0.042306 0.043331 0.044349 0.045363 0.046375 0.047388 0.048403 0.049422 0.050446 0.051476 0.052514 0.053559 0.054613 0.055677 0.056750 0.057833 0.058928 0.060033 0.061150 0.062278 0.063418 0.064571 0.065735 0.066912 0.068102 0.069304 0.070519 0.071749 0.072992 0.074252 0.075529 0.076824 0.078140 0.079477 0.080838 0.082224 0.083636 0.085076 0.086544 0.088042 0.089571
0.025545 0.027127 0.028447 0.029661 0.030804 0.031892 0.032935 0.033940 0.034913 0.035862 0.036789 0.037699 0.038596 0.039481 0.040357 0.041226 0.042089 0.042948 0.043803 0.044656 0.045508 0.046358 0.047207 0.048056 0.048906 0.049756 0.050606 0.051458 0.052310 0.053163 0.054017 0.054872 0.055728 0.056585 0.057443 0.058303 0.059167 0.060035 0.060910 0.061794 0.062689 0.063596 0.064518 0.065456 0.066410 0.067382 0.068373 0.069385 0.070417 0.071472
0.022924 0.023217 0.023975 0.024891 0.025848 0.026801 0.027733 0.028638 0.029516 0.030369 0.031198 0.032005 0.032793 0.033564 0.034319 0.035060 0.035788 0.036503 0.037208 0.037902 0.038586 0.039261 0.039926 0.040583 0.041231 0.041871 0.042502 0.043125 0.043739 0.044344 0.044940 0.045527 0.046105 0.046673 0.047234 0.047789 0.048340 0.048891 0.049444 0.050001 0.050564 0.051135 0.051715 0.052305 0.052905 0.053516 0.054139 0.054775 0.055425 0.056088
0.017845 0.018997 0.019991 0.020923 0.021819 0.022686 0.023525 0.024337 0.025122 0.025881 0.026616 0.027328 0.028018 0.028687 0.029337 0.029967 0.030579 0.031174 0.031752 0.032313 0.032859 0.033388 0.033901 0.034399 0.034880 0.035346 0.035796 0.036230 0.036646 0.037046 0.037429 0.037794 0.038140 0.038471 0.038791 0.039102 0.039408 0.039712 0.040017 0.040325 0.040637 0.040952 0.041271 0.041595 0.041924 0.042258 0.042599 0.042945 0.043299 0.043659
0.014357 0.015772 0.016885 0.017837 0.018699 0.019504 0.020270 0.021003 0.021707 0.022385 0.023038 0.023667 0.024273 0.024856 0.025417 0.025956 0.026475 0.026972 0.027448 0.027904 0.028339 0.028754 0.029148 0.029521 0.029873 0.030203 0.030512 0.030798 0.031061 0.031302 0.031518 0.031709 0.031878 0.032032 0.032178 0.032318 0.032452 0.032588 0.032723 0.032859 0.032994 0.033128 0.033262 0.033396 0.033530 0.033665 0.033800 0.033936 0.034074 0.034214
0.013296 0.014113 0.014938 0.015735 0.016494 0.017218 0.017910 0.018573 0.019208 0.019818 0.020404 0.020965 0.021504 0.022019 0.022511 0.022981 0.023428 0.023853 0.024255 0.024634 0.024989 0.025322 0.025631 0.025915 0.026175 0.026410 0.026619 0.026802 0.026958 0.027085 0.027184 0.027254 0.027306 0.027353 0.027396 0.027431 0.027460 0.027483 0.027501 0.027515 0.027525 0.027531 0.027534 0.027533 0.027528 0.027521 0.027510 0.027496 0.027480 0.027462
0.012647 0.013178 0.013789 0.014434 0.015084 0.015723 0.016343 0.016943 0.017520 0.018075 0.018608 0.019119 0.019608 0.020076 0.020522 0.020945 0.021347 0.021726 0.022081 0.022414 0.022722 0.023006 0.023266 0.023499 0.023706 0.023886 0.024039 0.024163 0.024257 0.024321 0.024353 0.024356 0.024348 0.024330 0.024306 0.024274 0.024234 0.024187 0.024133 0.024071 0.024003 0.023929 0.023848 0.023761 0.023669 0.023570 0.023466 0.023357 0.023242 0.023122
0.012126 0.012556 0.013111 0.013693 0.014275 0.014849 0.015411 0.015958 0.016490 0.017005 0.017503 0.017983 0.018445 0.018888 0.019312 0.019716 0.020099 0.020461 0.020801 0.021119 0.021413 0.021684 0.021930 0.022151 0.022345 0.022512 0.022651 0.022760 0.022840 0.022888 0.022905 0.022888 0.022849 0.022803 0.022749 0.022685 0.022613 0.022534 0.022446 0.022350 0.022246 0.022133 0.022013 0.021886 0.021752 0.021610 0.021462 0.021306 0.021143 0.020974
0.011115 0.012072 0.012736 0.013311 0.013856 0.014388 0.014912 0.015428 0.015935 0.016432 0.016918 0.017391 0.017851 0.018296 0.018725 0.019138 0.019532 0.019908 0.020265 0.020601 0.020916 0.021209 0.021479 0.021724 0.021945 0.022139 0.022307 0.022446 0.022557 0.022637 0.022686 0.022702 0.022687 0.022650 0.022596 0.022534 0.022467 0.022393 0.022309 0.022216 0.022113 0.022003 0.021886 0.021761 0.021629 0.021489 0.021342 0.021187 0.021023 0.020853
0.011924 0.012179 0.012620 0.013108 0.013612 0.014123 0.014637 0.015152 0.015666 0.016176 0.016680 0.017177 0.017664 0.018141 0.018606 0.019058 0.019496 0.019917 0.020323 0.020711 0.021080 0.021429 0.021758 0.022066 0.022351 0.022612 0.022849 0.023060 0.023244 0.023400 0.023528 0.023625 0.023692 0.023729 0.023740 0.023732 0.023709 0.023674 0.023628 0.023571 0.023509 0.023443 0.023370 0.023290 0.023203 0.023108 0.023005 0.022894 0.022776 0.022651
0.011450 0.011870 0.012324 0.012819 0.013341 0.013879 0.014427 0.014982 0.015539 0.016097 0.016653 0.017206 0.017753 0.018293 0.018824 0.019346 0.019857 0.020355 0.020840 0.021310 0.021765 0.022204 0.022625 0.023029 0.023412 0.023776 0.024119 0.024439 0.024736 0.025009 0.025257 0.025479 0.025673 0.025840 0.025979 0.026092 0.026184 0.026257 0.026314 0.026356 0.026386 0.026406 0.026420 0.026426 0.026425 0.026416 0.026399 0.026375 0.026349 0.026320
0.010554 0.011203 0.011804 0.012397 0.012997 0.013607 0.014227 0.014855 0.015489 0.016126 0.016763 0.017400 0.018034 0.018664 0.019289 0.019907 0.020517 0.021118 0.021709 0.022290 0.022858 0.023414 0.023956 0.024484 0.024997 0.025494 0.025974 0.026436 0.026880 0.027305 0.027709 0.028092 0.028453 0.028791 0.029105 0.029396 0.029664 0.029911 0.030140 0.030351 0.030546 0.030728 0.030898 0.031060 0.031212 0.031357 0.031494 0.031624 0.031749 0.031871
0.010283 0.010784 0.011380 0.012019 0.012687 0.013376 0.014081 0.014798 0.015525 0.016258 0.016996 0.017735 0.018476 0.019215 0.019952 0.020686 0.021416 0.022140 0.022858 0.023569 0.024272 0.024967 0.025652 0.026329 0.026994 0.027649 0.028292 0.028923 0.029540 0.030145 0.030734 0.031309 0.031868 0.032411 0.032936 0.033443 0.033933 0.034405 0.034860 0.035300 0.035725 0.036136 0.036535 0.036925 0.037306 0.037679 0.038046 0.038407 0.038762 0.039115
0.009853 0.010474 0.011103 0.011785 0.012513 0.013275 0.014063 0.014870 0.015693 0.016528 0.017372 0.018223 0.019079 0.019937 0.020798 0.021659 0.022520 0.023380 0.024238 0.025094 0.025946 0.026795 0.027640 0.028481 0.029317 0.030147 0.030972 0.031790 0.032602 0.033407 0.034205 0.034994 0.035775 0.036547 0.037310 0.038063 0.038805 0.039537 0.040258 0.040969 0.041671 0.042364 0.043049 0.043727 0.044399 0.045067 0.045731 0.046393 0.047053 0.047713
0.009913 0.010331 0.010991 0.011734 0.012526 0.013358 0.014224 0.015117 0.016034 0.016969 0.017919 0.018881 0.019854 0.020835 0.021822 0.022816 0.023814 0.024816 0.025821 0.026829 0.027839 0.028851 0.029865 0.030880 0.031897 0.032915 0.033933 0.034952 0.035972 0.036992 0.038012 0.039032 0.040052 0.041071 0.042089 0.043106 0.044122 0.045136 0.046149 0.047160 0.048170 0.049179 0.050188 0.051197 0.052207 0.053218 0.054232 0.055250 0.056272 0.057299
0.009152 0.010243 0.011064 0.011875 0.012727 0.013627 0.014569 0.015546 0.016554 0.017587 0.018642 0.019715 0.020803 0.021906 0.023021 0.024147 0.025283 0.026428 0.027582 0.028745 0.029916 0.031096 0.032283 0.033478 0.034681 0.035891 0.037110 0.038337 0.039572 0.040814 0.042066 0.043325 0.044593 0.045869 0.047154 0.048447 0.049749 0.051059 0.052378 0.053706 0.055042 0.056388 0.057743 0.059108 0.060483 0.061869 0.063267 0.064677 0.066100 0.067537
0.010582 0.010726 0.011344 0.012151 0.013059 0.014033 0.015059 0.016126 0.017229 0.018362 0.019522 0.020705 0.021909 0.023133 0.024374 0.025632 0.026905 0.028194 0.029497 0.030815 0.032147 0.033494 0.034854 0.036230 0.037620 0.039026 0.040446 0.041883 0.043335 0.044803 0.046289 0.047791 0.049311 0.050848 0.052404 0.053978 0.055571 0.057183 0.058814 0.060465 0.062136 0.063827 0.065539 0.067271 0.069025 0.070801 0.072599 0.074420 0.076264 0.078132
0.009611 0.010500 0.011422 0.012399 0.013430 0.014512 0.015639 0.016808 0.018013 0.019252 0.020521 0.021817 0.023139 0.024484 0.025852 0.027241 0.028651 0.030082 0.031533 0.033004 0.034496 0.036008 0.037541 0.039096 0.040672 0.042270 0.043891 0.045535 0.047204 0.048897 0.050615 0.052359 0.054129 0.055927 0.057753 0.059607 0.061490 0.063403 0.065346 0.067319 0.069324 0.071360 0.073428 0.075529 0.077663 0.079830 0.082030 0.084265 0.086535 0.088840
0.008888 0.010348 0.011541 0.012681 0.013838 0.015033 0.016270 0.017547 0.018863 0.020213 0.021596 0.023009 0.024451 0.025920 0.027415 0.028936 0.030483 0.032055 0.033653 0.035276 0.036925 0.038600 0.040302 0.042033 0.043791 0.045579 0.047396 0.049245 0.051125 0.053038 0.054984 0.056965 0.058982 0.061034 0.063125 0.065253 0.067420 0.069628 0.071876 0.074165 0.076496 0.078869 0.081286 0.083746 0.086250 0.088799 0.091394 0.094033 0.096719 0.099452
0.010316 0.010947 0.011923 0.013059 0.014287 0.015579 0.016923 0.018312 0.019741 0.021208 0.022708 0.024242 0.025806 0.027401 0.029026 0.030680 0.032363 0.034075 0.035818 0.037590 0.039394 0.041229 0.043097 0.044999 0.046935 0.048907 0.050916 0.052962 0.055048 0.057174 0.059342 0.061552 0.063807 0.066106 0.068452 0.070845 0.073287 0.075777 0.078318 0.080910 0.083554 0.086250 0.089000 0.091803 0.094661 0.097574 0.100543 0.103568 0.106650 0.109789
0.010115 0.011002 0.012128 0.013381 0.014718 0.016120 0.017576 0.019080 0.020625 0.022209 0.023830 0.025486 0.027174 0.028896 0.030650 0.032436 0.034255 0.036106 0.037991 0.039911 0.041866 0.043857 0.045887 0.047955 0.050063 0.052213 0.054406 0.056643 0.058926 0.061257 0.063637 0.066067 0.068549 0.071084 0.073673 0.076318 0.079019 0.081778 0.084595 0.087472 0.090410 0.093408 0.096469 0.099593 0.102781 0.106033 0.109350 0.112732 0.116181 0.119698
0.009041 0.010756 0.012219 0.013655 0.015126 0.016647 0.018219 0.019837 0.021499 0.023202 0.024943 0.026720 0.028532 0.030380 0.032261 0.034178 0.036129 0.038117 0.040142 0.042204 0.044306 0.046448 0.048633 0.050861 0.053135 0.055455 0.057824 0.060243 0.062715 0.065241 0.067821 0.070459 0.073156 0.075912 0.078729 0.081608 0.084551 0.087559 0.090632 0.093771 0.096979 0.100254 0.103600 0.107016 0.110504 0.114064 0.117698 0.121405 0.125187 0.129044
0.009974 0.011113 0.012489 0.013975 0.015537 0.017164 0.018846 0.020579 0.022356 0.024176 0.026035 0.027932 0.029865 0.031835 0.033841 0.035883 0.037963 0.040082 0.042241 0.044441 0.046683 0.048970 0.051302 0.053683 0.056113 0.058595 0.061131 0.063723 0.066372 0.069080 0.071849 0.074680 0.077575 0.080535 0.083562 0.086656 0.089819 0.093051 0.096355 0.099732 0.103182 0.106706 0.110307 0.113985 0.117740 0.121575 0.125490 0.129485 0.133563 0.137724
0.009996 0.011241 0.012680 0.014253 0.015920 0.017659 0.019456 0.021303 0.023195 0.025129 0.027102 0.029113 0.031161 0.033247 0.035371 0.037534 0.039736 0.041979 0.044265 0.046594 0.048969 0.051391 0.053864 0.056388 0.058965 0.061599 0.064290 0.067042 0.069855 0.072732 0.075673 0.078681 0.081756 0.084900 0.088115 0.091401 0.094759 0.098192 0.101701 0.105286 0.108950 0.112694 0.116519 0.120426 0.124417 0.128493 0.132654 0.136903 0.141240 0.145666
0.009320 0.010998 0.012705 0.014466 0.016281 0.018148 0.020062 0.022020 0.024020 0.026060 0.028139 0.030256 0.032411 0.034605 0.036839 0.039113 0.041428 0.043786 0.046189 0.048639 0.051137 0.053686 0.056287 0.058944 0.061658 0.064431 0.067266 0.070164 0.073126 0.076154 0.079250 0.082414 0.085649 0.088955 0.092335 0.095788 0.099319 0.102927 0.106614 0.110383 0.114234 0.118170 0.122191 0.126299 0.130495 0.134781 0.139158 0.143627 0.148190 0.152848
0.009079 0.010975 0.012870 0.014775 0.016708 0.018678 0.020688 0.022740 0.024833 0.026965 0.029137 0.031349 0.033600 0.035892 0.038224 0.040599 0.043017 0.045480 0.047991 0.050550 0.053161 0.055824 0.058544 0.061321 0.064158 0.067058 0.070021 0.073049 0.076143 0.079304 0.082534 0.085835 0.089209 0.092657 0.096181 0.099782 0.103463 0.107226 0.111070 0.115000 0.119015 0.123118 0.127310 0.131593 0.135969 0.140439 0.145003 0.149665 0.154424 0.159283
0.009653 0.011514 0.013366 0.015272 0.017237 0.019258 0.021330 0.023450 0.025616 0.027825 0.030077 0.032370 0.034706 0.037083 0.039504 0.041969 0.044479 0.047037 0.049643 0.052301 0.055012 0.057779 0.060604 0.063489 0.066436 0.069447 0.072521 0.075661 0.078869 0.082146 0.085494 0.088915 0.092410 0.095982 0.099633 0.103364 0.107176 0.111073 0.115055 0.119125 0.123283 0.127533 0.131875 0.136311 0.140843 0.145472 0.150200 0.155028 0.159958 0.164991
0.010898 0.012215 0.013909 0.015776 0.017750 0.019804 0.021923 0.024099 0.026326 0.028602 0.030923 0.033289 0.035698 0.038152 0.040651 0.043196 0.045787 0.048428 0.051119 0.053864 0.056663 0.059521 0.062439 0.065418 0.068459 0.071564 0.074735 0.077972 0.081279 0.084656 0.088107 0.091632 0.095234 0.098914 0.102675 0.106518 0.110446 0.114459 0.118561 0.122753 0.127036 0.131413 0.135885 0.140454 0.145122 0.149890 0.154759 0.159732 0.164810 0.169995
0.010056 0.012136 0.014074 0.016049 0.018093 0.020208 0.022387 0.024624 0.026914 0.029253 0.031639 0.034071 0.036548 0.039070 0.041638 0.044252 0.046915 0.049628 0.052393 0.055212 0.058089 0.061025 0.064022 0.067080 0.070201 0.073387 0.076640 0.079962 0.083353 0.086818 0.090356 0.093972 0.097665 0.101439 0.105295 0.109236 0.113263 0.117379 0.121584 0.125882 0.130274 0.134761 0.139346 0.144031 0.148816 0.153704 0.158697 0.163796 0.169002 0.174317
0.010425 0.012104 0.014044 0.016100 0.018232 0.020429 0.022683 0.024991 0.027348 0.029752 0.032201 0.034694 0.037231 0.039813 0.042441 0.045116 0.047839 0.050613 0.053441 0.056324 0.059265 0.062267 0.065330 0.068455 0.071644 0.074899 0.078222 0.081615 0.085079 0.088618 0.092232 0.095925 0.099697 0.103552 0.107490 0.111515 0.115628 0.119831 0.124127 0.128516 0.133002 0.137585 0.142268 0.147052 0.151940 0.156932 0.162032 0.167239 0.172557 0.177985
0.009556 0.011671 0.013799 0.015978 0.018211 0.020495 0.022828 0.025207 0.027629 0.030093 0.032598 0.035145 0.037735 0.040367 0.043045 0.045770 0.048543 0.051368 0.054247 0.057183 0.060178 0.063234 0.066351 0.069531 0.072777 0.076090 0.079472 0.082925 0.086451 0.090053 0.093732 0.097490 0.101330 0.105254 0.109263 0.113360 0.117547 0.121826 0.126199 0.130667 0.135234 0.139900 0.144667 0.149538 0.154514 0.159597 0.164788 0.170090 0.175504 0.181031
0.008964 0.011286 0.013533 0.015804 0.018116 0.020472 0.022868 0.025303 0.027776 0.030287 0.032836 0.035424 0.038054 0.040726 0.043442 0.046206 0.049019 0.051884 0.054804 0.057782 0.060820 0.063919 0.067081 0.070308 0.073601 0.076962 0.080393 0.083897 0.087475 0.091130 0.094863 0.098678 0.102575 0.106558 0.110628 0.114787 0.119037 0.123381 0.127820 0.132357 0.136993 0.141730 0.146570 0.151516 0.156568 0.161729 0.167000 0.172383 0.177880 0.183492
0.009420 0.011232 0.013385 0.015667 0.018015 0.020407 0.022837 0.025303 0.027805 0.030343 0.032919 0.035534 0.038190 0.040889 0.043633 0.046426 0.049268 0.052164 0.055116 0.058127 0.061199 0.064334 0.067532 0.070796 0.074128 0.077529 0.081001 0.084547 0.088169 0.091869 0.095648 0.099510 0.103456 0.107489 0.111610 0.115822 0.120126 0.124526 0.129022 0.133616 0.138312 0.143110 0.148013 0.153022 0.158140 0.163368 0.168708 0.174161 0.179729 0.185414
0.008394 0.010852 0.013193 0.015534 0.017901 0.020300 0.022734 0.025205 0.027714 0.030262 0.032850 0.035479 0.038150 0.040867 0.043630 0.046443 0.049307 0.052226 0.055202 0.058238 0.061338 0.064501 0.067728 0.071023 0.074386 0.077820 0.081326 0.084908 0.088566 0.092303 0.096121 0.100023 0.104010 0.108084 0.112249 0.116505 0.120855 0.125301 0.129845 0.134489 0.139235 0.144086 0.149042 0.154105 0.159279 0.164564 0.169962 0.175475 0.181104 0.186851
0.008516 0.010791 0.013097 0.015406 0.017740 0.020113 0.022530 0.024991 0.027497 0.030045 0.032638 0.035274 0.037955 0.040683 0.043460 0.046287 0.049167 0.052103 0.055098 0.058154 0.061275 0.064460 0.067711 0.071030 0.074419 0.077879 0.081413 0.085023 0.088711 0.092479 0.096328 0.100263 0.104283 0.108393 0.112593 0.116886 0.121273 0.125758 0.130343 0.135028 0.139816 0.144710 0.149710 0.154820 0.160040 0.165372 0.170820 0.176383 0.182064 0.187864
0.008605 0.010869 0.012996 0.015187 0.017459 0.019802 0.022205 0.024661 0.027166 0.029718 0.032314 0.034957 0.037646 0.040382 0.043169 0.046007 0.048899 0.051848 0.054856 0.057927 0.061064 0.064266 0.067535 0.070873 0.074281 0.077762 0.081317 0.084949 0.088660 0.092452 0.096327 0.100287 0.104334 0.108471 0.112699 0.117021 0.121440 0.125956 0.130572 0.135291 0.140113 0.145042 0.150079 0.155225 0.160484 0.165856 0.171344 0.176948 0.182672 0.188516
0.009603 0.010717 0.012599 0.014752 0.017032 0.019388 0.021804 0.024270 0.026782 0.029340 0.031943 0.034591 0.037286 0.040029 0.042821 0.045666 0.048566 0.051523 0.054540 0.057621 0.060768 0.063981 0.067262 0.070613 0.074034 0.077529 0.081100 0.084747 0.088475 0.092284 0.096176 0.100155 0.104222 0.108379 0.112629 0.116973 0.121415 0.125955 0.130596 0.135340 0.140189 0.145145 0.150211 0.155387 0.160676 0.166079 0.171599 0.177237 0.182995 0.188874
0.006452 0.009390 0.011862 0.014234 0.016607 0.019008 0.021445 0.023923 0.026441 0.029002 0.031606 0.034255 0.036951 0.039694 0.042488 0.045334 0.048235 0.051194 0.054215 0.057299 0.060450 0.063668 0.066954 0.070311 0.073740 0.077242 0.080821 0.084477 0.088214 0.092033 0.095937 0.099928 0.104007 0.108178 0.112442 0.116801 0.121258 0.125815 0.130474 0.135236 0.140105 0.145081 0.150167 0.155365 0.160677 0.166104 0.171649 0.177312 0.183096 0.189003
0.007091 0.009389 0.011729 0.014074 0.016437 0.018828 0.021256 0.023723 0.026231 0.028782 0.031377 0.034017 0.036704 0.039440 0.042227 0.045067 0.047963 0.050918 0.053934 0.057015 0.060163 0.063379 0.066664 0.070020 0.073448 0.076952 0.080531 0.084190 0.087930 0.091753 0.095661 0.099657 0.103742 0.107919 0.112191 0.116559 0.121025 0.125591 0.130261 0.135035 0.139916 0.144905 0.150006 0.155218 0.160546 0.165990 0.171552 0.177234 0.183037 0.188964
0.008108 0.009987 0.012074 0.014274 0.016549 0.018883 0.021269 0.023704 0.026186 0.028715 0.031289 0.033911 0.036581 0.039302 0.042074 0.044900 0.047783 0.050726 0.053732 0.056803 0.059942 0.063150 0.066427 0.069775 0.073197 0.076695 0.080270 0.083924 0.087661 0.091481 0.095387 0.099382 0.103468 0.107646 0.111919 0.116289 0.120758 0.125329 0.130003 0.134782 0.139669 0.144666 0.149774 0.154996 0.160333 0.165787 0.171361 0.177055 0.182871 0.188811
0.008407 0.010383 0.012433 0.014571 0.016790 0.019078 0.021426 0.023828 0.026280 0.028781 0.031331 0.033929 0.036576 0.039275 0.042027 0.044834 0.047699 0.050626 0.053615 0.056672 0.059797 0.062991 0.066255 0.069592 0.073003 0.076490 0.080055 0.083701 0.087429 0.091242 0.095142 0.099131 0.103212 0.107386 0.111656 0.116023 0.120491 0.125060 0.129734 0.134514 0.139403 0.144402 0.149513 0.154738 0.160079 0.165539 0.171118 0.176819 0.182642 0.188591
0.008548 0.010579 0.012664 0.014817 0.017035 0.019312 0.021642 0.024022 0.026451 0.028927 0.031452 0.034026 0.036650 0.039326 0.042056 0.044842 0.047688 0.050595 0.053568 0.056608 0.059717 0.062895 0.066144 0.069466 0.072863 0.076338 0.079891 0.083525 0.087243 0.091046 0.094937 0.098917 0.102990 0.107157 0.111420 0.115782 0.120244 0.124809 0.129479 0.134256 0.139142 0.144140 0.149250 0.154474 0.159816 0.165277 0.170857 0.176560 0.182387 0.188340
0.008703 0.010691 0.012819 0.015010 0.017246 0.019526 0.021848 0.024215 0.026626 0.029083 0.031587 0.034140 0.036744 0.039400 0.042111 0.044880 0.047708 0.050599 0.053557 0.056582 0.059675 0.062839 0.066074 0.069382 0.072766 0.076228 0.079769 0.083391 0.087098 0.090890 0.094771 0.098742 0.102805 0.106964 0.111219 0.115573 0.120029 0.124587 0.129252 0.134024 0.138905 0.143898 0.149004 0.154226 0.159565 0.165024 0.170603 0.176305 0.182132 0.188085
0.008506 0.010772 0.012969 0.015174 0.017407 0.019676 0.021986 0.024339 0.026736 0.029179 0.031669 0.034209 0.036800 0.039443 0.042143 0.044900 0.047717 0.050599 0.053546 0.056561 0.059643 0.062796 0.066021 0.069319 0.072692 0.076143 0.079674 0.083287 0.086984 0.090767 0.094639 0.098601 0.102656 0.106806 0.111053 0.115400 0.119848 0.124400 0.129058 0.133823 0.138699 0.143686 0.148788 0.154005 0.159340 0.164795 0.170371 0.176071 0.181895 0.187846
0.008915 0.010989 0.013096 0.015246 0.017445 0.019693 0.021989 0.024332 0.026723 0.029162 0.031650 0.034187 0.036776 0.039418 0.042115 0.044870 0.047686 0.050565 0.053510 0.056520 0.059599 0.062747 0.065966 0.069258 0.072626 0.076070 0.079595 0.083201 0.086891 0.090667 0.094532 0.098487 0.102535 0.106679 0.110919 0.115259 0.119701 0.124247 0.128898 0.133658 0.138528 0.143510 0.148606 0.153818 0.159149 0.164599 0.170172 0.175868 0.181689 0.187637
0.009228 0.010989 0.012973 0.015078 0.017263 0.019511 0.021813 0.024166 0.026568 0.029018 0.031517 0.034065 0.036663 0.039315 0.042021 0.044784 0.047606 0.050491 0.053440 0.056454 0.059534 0.062683 0.065902 0.069193 0.072559 0.076002 0.079523 0.083126 0.086813 0.090585 0.094445 0.098396 0.102440 0.106578 0.110814 0.115149 0.119586 0.124126 0.128773 0.133527 0.138392 0.143370 0.148461 0.153669 0.158995 0.164441 0.170010 0.175702 0.181519 0.187464
0.008031 0.010262 0.012431 0.014626 0.016867 0.019157 0.021494 0.023878 0.026308 0.028784 0.031306 0.033875 0.036493 0.039162 0.041884 0.044661 0.047496 0.050392 0.053349 0.056371 0.059457 0.062610 0.065833 0.069127 0.072494 0.075938 0.079460 0.083062 0.086748 0.090519 0.094377 0.098326 0.102367 0.106502 0.110735 0.115066 0.119500 0.124037 0.128680 0.133431 0.138292 0.143265 0.148353 0.153557 0.158880 0.164323 0.169888 0.175576 0.181391 0.187333
0.007620 0.009697 0.011891 0.014142 0.016438 0.018776 0.021156 0.023577 0.026040 0.028545 0.031093 0.033685 0.036324 0.039011 0.041749 0.044541 0.047389 0.050297 0.053264 0.056293 0.059386 0.062546 0.065773 0.069071 0.072441 0.075887 0.079411 0.083014 0.086700 0.090471 0.094329 0.098277 0.102316 0.106450 0.110681 0.115011 0.119442 0.123977 0.128618 0.133366 0.138225 0.143196 0.148281 0.153483 0.158803 0.164244 0.169806 0.175493 0.181305 0.187245
0.007182 0.009359 0.011579 0.013851 0.016172 0.018536 0.020941 0.023386 0.025870 0.028394 0.030959 0.033566 0.036219 0.038918 0.041666 0.044468 0.047324 0.050239 0.053212 0.056247 0.059344 0.062507 0.065738 0.069038 0.072411 0.075859 0.079383 0.082988 0.086674 0.090446 0.094304 0.098251 0.102291 0.106424 0.110654 0.114983 0.119414 0.123947 0.128587 0.133334 0.138192 0.143162 0.148246 0.153446 0.158765 0.164204 0.169765 0.175451 0.181262 0.187200
