0.017410 0.017840 0.018100 0.018282 0.018424 0.018542 0.018643 0.018733 0.018813 0.018886 0.018954 0.019016 0.019076 0.019132 0.019186 0.019238 0.019289 0.019339 0.019388 0.019436 0.019484 0.019532 0.019580 0.019627 0.019675 0.019723 0.019770 0.019819 0.019867 0.019916 0.019965 0.020014 0.020064 0.020114 0.020165 0.020216 0.020267 0.020319 0.020372 0.020425 0.020478 0.020533 0.020587 0.020642 0.020698 0.020754 0.020810 0.020868 0.020925 0.020983
0.018908 0.018706 0.018694 0.018743 0.018809 0.018878 0.018943 0.019005 0.019063 0.019117 0.019169 0.019219 0.019267 0.019314 0.019360 0.019405 0.019450 0.019494 0.019539 0.019583 0.019627 0.019672 0.019716 0.019761 0.019806 0.019851 0.019897 0.019943 0.019990 0.020036 0.020084 0.020132 0.020180 0.020229 0.020278 0.020328 0.020379 0.020430 0.020482 0.020534 0.020586 0.020640 0.020694 0.020748 0.020803 0.020859 0.020915 0.020971 0.021029 0.021087
0.019493 0.019460 0.019433 0.019428 0.019434 0.019448 0.019465 0.019486 0.019509 0.019534 0.019561 0.019590 0.019621 0.019653 0.019686 0.019719 0.019754 0.019790 0.019826 0.019863 0.019901 0.019939 0.019978 0.020018 0.020058 0.020099 0.020141 0.020184 0.020227 0.020270 0.020315 0.020360 0.020406 0.020452 0.020500 0.020548 0.020596 0.020645 0.020695 0.020746 0.020798 0.020850 0.020902 0.020956 0.021010 0.021064 0.021120 0.021176 0.021232 0.021290
0.020226 0.020220 0.020218 0.020192 0.020155 0.020120 0.020094 0.020076 0.020066 0.020064 0.020068 0.020077 0.020090 0.020106 0.020126 0.020147 0.020171 0.020196 0.020223 0.020252 0.020282 0.020313 0.020345 0.020379 0.020414 0.020450 0.020486 0.020524 0.020563 0.020603 0.020644 0.020686 0.020729 0.020772 0.020817 0.020862 0.020909 0.020956 0.021004 0.021053 0.021103 0.021153 0.021205 0.021257 0.021310 0.021364 0.021418 0.021473 0.021529 0.021586
0.020848 0.021077 0.021033 0.020935 0.020843 0.020770 0.020715 0.020677 0.020650 0.020633 0.020624 0.020620 0.020621 0.020626 0.020635 0.020647 0.020661 0.020677 0.020696 0.020717 0.020740 0.020764 0.020791 0.020818 0.020848 0.020878 0.020911 0.020944 0.020979 0.021015 0.021053 0.021091 0.021131 0.021172 0.021214 0.021258 0.021302 0.021347 0.021394 0.021441 0.021490 0.021539 0.021589 0.021640 0.021693 0.021746 0.021799 0.021854 0.021910 0.021966
0.022851 0.022069 0.021678 0.021475 0.021363 0.021296 0.021253 0.021223 0.021202 0.021187 0.021177 0.021170 0.021167 0.021167 0.021170 0.021176 0.021184 0.021195 0.021209 0.021224 0.021242 0.021261 0.021283 0.021307 0.021332 0.021359 0.021388 0.021418 0.021451 0.021484 0.021519 0.021556 0.021594 0.021633 0.021674 0.021716 0.021759 0.021803 0.021849 0.021895 0.021943 0.021992 0.022042 0.022093 0.022145 0.022198 0.022252 0.022307 0.022362 0.022419
0.022191 0.021751 0.021661 0.021663 0.021681 0.021695 0.021703 0.021705 0.021703 0.021700 0.021696 0.021693 0.021692 0.021692 0.021694 0.021698 0.021705 0.021714 0.021725 0.021739 0.021755 0.021772 0.021792 0.021814 0.021839 0.021864 0.021892 0.021922 0.021953 0.021986 0.022021 0.022057 0.022095 0.022134 0.022175 0.022217 0.022261 0.022306 0.022352 0.022399 0.022447 0.022497 0.022548 0.022600 0.022653 0.022707 0.022762 0.022818 0.022875 0.022933
0.019531 0.020930 0.021558 0.021858 0.022009 0.022086 0.022126 0.022146 0.022156 0.022161 0.022163 0.022165 0.022167 0.022171 0.022176 0.022183 0.022192 0.022203 0.022216 0.022232 0.022250 0.022270 0.022292 0.022316 0.022342 0.022370 0.022400 0.022431 0.022465 0.022500 0.022537 0.022575 0.022615 0.022657 0.022700 0.022745 0.022790 0.022838 0.022886 0.022936 0.022987 0.023039 0.023092 0.023147 0.023202 0.023259 0.023316 0.023375 0.023434 0.023495
0.021868 0.022244 0.022411 0.022485 0.022518 0.022533 0.022541 0.022545 0.022548 0.022552 0.022556 0.022562 0.022570 0.022580 0.022592 0.022605 0.022621 0.022639 0.022659 0.022682 0.022706 0.022732 0.022760 0.022790 0.022822 0.022856 0.022891 0.022928 0.022967 0.023008 0.023050 0.023093 0.023138 0.023185 0.023233 0.023282 0.023333 0.023385 0.023438 0.023492 0.023547 0.023604 0.023662 0.023720 0.023780 0.023841 0.023902 0.023965 0.024029 0.024093
0.025436 0.024039 0.023405 0.023107 0.022962 0.022888 0.022852 0.022837 0.022834 0.022839 0.022850 0.022865 0.022883 0.022904 0.022927 0.022953 0.022981 0.023010 0.023042 0.023075 0.023110 0.023147 0.023185 0.023225 0.023267 0.023310 0.023355 0.023401 0.023448 0.023497 0.023548 0.023599 0.023652 0.023706 0.023762 0.023818 0.023876 0.023935 0.023995 0.024056 0.024118 0.024181 0.024245 0.024310 0.024375 0.024442 0.024510 0.024578 0.024647 0.024717
0.023808 0.023409 0.023199 0.023073 0.023002 0.022967 0.022956 0.022962 0.022978 0.023003 0.023032 0.023065 0.023102 0.023141 0.023182 0.023224 0.023269 0.023315 0.023362 0.023411 0.023460 0.023512 0.023564 0.023618 0.023672 0.023728 0.023785 0.023843 0.023903 0.023963 0.024024 0.024087 0.024150 0.024214 0.024279 0.024346 0.024413 0.024481 0.024550 0.024619 0.024690 0.024761 0.024833 0.024906 0.024980 0.025054 0.025129 0.025205 0.025281 0.025358
0.020556 0.021926 0.022418 0.022627 0.022739 0.022816 0.022881 0.022942 0.023001 0.023061 0.023121 0.023182 0.023244 0.023306 0.023370 0.023434 0.023499 0.023565 0.023631 0.023698 0.023766 0.023834 0.023903 0.023973 0.024043 0.024114 0.024186 0.024258 0.024331 0.024405 0.024480 0.024555 0.024631 0.024707 0.024784 0.024862 0.024940 0.025019 0.025099 0.025179 0.025259 0.025341 0.025423 0.025505 0.025588 0.025671 0.025755 0.025840 0.025924 0.026010
0.022748 0.022153 0.022184 0.022340 0.022500 0.022640 0.022764 0.022874 0.022976 0.023073 0.023166 0.023256 0.023346 0.023434 0.023521 0.023608 0.023695 0.023782 0.023869 0.023955 0.024042 0.024129 0.024216 0.024303 0.024390 0.024477 0.024565 0.024653 0.024741 0.024830 0.024919 0.025008 0.025097 0.025187 0.025277 0.025368 0.025458 0.025550 0.025641 0.025733 0.025825 0.025917 0.026010 0.026103 0.026196 0.026290 0.026383 0.026478 0.026572 0.026667
0.021350 0.021798 0.022052 0.022251 0.022424 0.022580 0.022723 0.022857 0.022984 0.023106 0.023224 0.023338 0.023451 0.023562 0.023671 0.023780 0.023887 0.023994 0.024100 0.024205 0.024310 0.024415 0.024519 0.024623 0.024727 0.024831 0.024935 0.025039 0.025142 0.025246 0.025349 0.025453 0.025556 0.025660 0.025764 0.025867 0.025971 0.026075 0.026179 0.026282 0.026386 0.026491 0.026595 0.026699 0.026803 0.026908 0.027012 0.027117 0.027221 0.027326
0.021487 0.022017 0.022254 0.022406 0.022539 0.022671 0.022804 0.022939 0.023073 0.023206 0.023338 0.023468 0.023597 0.023725 0.023851 0.023976 0.024100 0.024224 0.024346 0.024468 0.024590 0.024710 0.024831 0.024951 0.025070 0.025189 0.025308 0.025426 0.025544 0.025662 0.025780 0.025897 0.026014 0.026132 0.026248 0.026365 0.026482 0.026598 0.026714 0.026831 0.026947 0.027062 0.027178 0.027294 0.027409 0.027525 0.027640 0.027755 0.027870 0.027985
0.023483 0.022860 0.022687 0.022686 0.022758 0.022863 0.022985 0.023115 0.023251 0.023388 0.023527 0.023666 0.023804 0.023942 0.024080 0.024217 0.024354 0.024490 0.024626 0.024761 0.024895 0.025029 0.025163 0.025296 0.025429 0.025561 0.025693 0.025825 0.025956 0.026087 0.026218 0.026348 0.026478 0.026608 0.026737 0.026866 0.026995 0.027123 0.027251 0.027379 0.027507 0.027634 0.027761 0.027888 0.028014 0.028140 0.028266 0.028392 0.028517 0.028642
0.022657 0.022674 0.022746 0.022849 0.022968 0.023096 0.023229 0.023365 0.023504 0.023645 0.023787 0.023930 0.024074 0.024218 0.024363 0.024508 0.024653 0.024798 0.024944 0.025089 0.025233 0.025378 0.025522 0.025666 0.025810 0.025954 0.026097 0.026240 0.026383 0.026525 0.026667 0.026809 0.026950 0.027091 0.027232 0.027372 0.027512 0.027652 0.027791 0.027930 0.028068 0.028206 0.028343 0.028480 0.028617 0.028753 0.028889 0.029025 0.029159 0.029294
0.021620 0.022389 0.022787 0.023035 0.023221 0.023379 0.023527 0.023670 0.023812 0.023955 0.024100 0.024246 0.024393 0.024541 0.024691 0.024841 0.024992 0.025144 0.025296 0.025449 0.025602 0.025755 0.025908 0.026061 0.026214 0.026367 0.026520 0.026672 0.026825 0.026977 0.027129 0.027281 0.027432 0.027583 0.027734 0.027884 0.028034 0.028183 0.028332 0.028481 0.028629 0.028777 0.028924 0.029070 0.029216 0.029362 0.029506 0.029651 0.029795 0.029938
0.023062 0.023125 0.023277 0.023433 0.023582 0.023724 0.023864 0.024005 0.024147 0.024291 0.024438 0.024587 0.024738 0.024890 0.025044 0.025200 0.025357 0.025514 0.025673 0.025832 0.025992 0.026152 0.026312 0.026473 0.026634 0.026795 0.026956 0.027117 0.027278 0.027439 0.027600 0.027760 0.027920 0.028080 0.028240 0.028399 0.028557 0.028715 0.028873 0.029030 0.029187 0.029343 0.029498 0.029653 0.029807 0.029961 0.030114 0.030266 0.030418 0.030568
0.023835 0.023795 0.023798 0.023851 0.023943 0.024057 0.024186 0.024325 0.024469 0.024618 0.024770 0.024925 0.025082 0.025241 0.025402 0.025564 0.025727 0.025892 0.026057 0.026223 0.026390 0.026557 0.026725 0.026893 0.027062 0.027230 0.027399 0.027568 0.027736 0.027905 0.028073 0.028241 0.028409 0.028577 0.028744 0.028910 0.029077 0.029242 0.029407 0.029572 0.029736 0.029899 0.030062 0.030224 0.030385 0.030545 0.030705 0.030864 0.031022 0.031179
0.024298 0.024045 0.023996 0.024049 0.024154 0.024285 0.024430 0.024584 0.024743 0.024906 0.025071 0.025237 0.025405 0.025574 0.025745 0.025916 0.026088 0.026261 0.026435 0.026609 0.026784 0.026959 0.027134 0.027310 0.027486 0.027662 0.027838 0.028014 0.028190 0.028366 0.028541 0.028716 0.028891 0.029065 0.029239 0.029412 0.029585 0.029757 0.029928 0.030099 0.030269 0.030438 0.030607 0.030774 0.030941 0.031107 0.031272 0.031436 0.031600 0.031762
0.023160 0.023480 0.023757 0.023991 0.024202 0.024400 0.024591 0.024779 0.024964 0.025148 0.025331 0.025514 0.025697 0.025879 0.026062 0.026245 0.026428 0.026612 0.026795 0.026979 0.027163 0.027347 0.027531 0.027714 0.027898 0.028082 0.028265 0.028448 0.028631 0.028813 0.028995 0.029176 0.029357 0.029537 0.029717 0.029895 0.030073 0.030250 0.030427 0.030602 0.030777 0.030951 0.031124 0.031296 0.031467 0.031637 0.031806 0.031974 0.032141 0.032307
0.022297 0.023141 0.023623 0.023968 0.024250 0.024498 0.024726 0.024944 0.025154 0.025359 0.025561 0.025761 0.025960 0.026157 0.026354 0.026550 0.026745 0.026940 0.027134 0.027328 0.027522 0.027715 0.027908 0.028100 0.028291 0.028482 0.028672 0.028862 0.029051 0.029239 0.029426 0.029613 0.029799 0.029983 0.030167 0.030350 0.030532 0.030713 0.030893 0.031072 0.031250 0.031427 0.031603 0.031778 0.031952 0.032124 0.032295 0.032466 0.032635 0.032803
0.023810 0.023737 0.023929 0.024171 0.024417 0.024658 0.024891 0.025119 0.025343 0.025562 0.025779 0.025994 0.026207 0.026418 0.026627 0.026836 0.027043 0.027249 0.027454 0.027658 0.027861 0.028063 0.028263 0.028463 0.028661 0.028858 0.029055 0.029250 0.029444 0.029636 0.029828 0.030018 0.030208 0.030396 0.030583 0.030768 0.030953 0.031136 0.031318 0.031499 0.031678 0.031857 0.032034 0.032210 0.032384 0.032558 0.032730 0.032901 0.033071 0.033239
0.023848 0.024130 0.024273 0.024448 0.024651 0.024869 0.025094 0.025321 0.025549 0.025777 0.026004 0.026229 0.026453 0.026675 0.026896 0.027115 0.027332 0.027547 0.027761 0.027972 0.028183 0.028391 0.028598 0.028803 0.029006 0.029208 0.029408 0.029606 0.029803 0.029999 0.030193 0.030385 0.030576 0.030765 0.030953 0.031140 0.031325 0.031508 0.031691 0.031871 0.032051 0.032229 0.032406 0.032581 0.032755 0.032927 0.033099 0.033268 0.033437 0.033604
0.024683 0.024332 0.024459 0.024658 0.024870 0.025091 0.025317 0.025548 0.025782 0.026016 0.026250 0.026483 0.026715 0.026945 0.027172 0.027398 0.027621 0.027842 0.028061 0.028277 0.028491 0.028702 0.028912 0.029119 0.029325 0.029528 0.029729 0.029928 0.030125 0.030321 0.030514 0.030706 0.030896 0.031085 0.031271 0.031456 0.031640 0.031822 0.032002 0.032181 0.032358 0.032534 0.032708 0.032881 0.033053 0.033223 0.033391 0.033559 0.033725 0.033889
0.022532 0.024072 0.024566 0.024849 0.025092 0.025331 0.025571 0.025812 0.026054 0.026295 0.026534 0.026771 0.027006 0.027239 0.027468 0.027695 0.027919 0.028140 0.028359 0.028574 0.028787 0.028998 0.029206 0.029411 0.029614 0.029815 0.030013 0.030210 0.030404 0.030596 0.030787 0.030975 0.031162 0.031346 0.031529 0.031710 0.031890 0.032068 0.032244 0.032419 0.032592 0.032764 0.032934 0.033103 0.033270 0.033436 0.033601 0.033764 0.033926 0.034087
0.026757 0.025152 0.024982 0.025144 0.025382 0.025636 0.025890 0.026140 0.026387 0.026630 0.026869 0.027104 0.027335 0.027563 0.027788 0.028009 0.028227 0.028442 0.028654 0.028863 0.029070 0.029273 0.029475 0.029673 0.029870 0.030064 0.030256 0.030446 0.030634 0.030819 0.031003 0.031185 0.031365 0.031544 0.031721 0.031896 0.032069 0.032241 0.032412 0.032580 0.032748 0.032914 0.033078 0.033242 0.033404 0.033564 0.033723 0.033881 0.034038 0.034194
0.022494 0.024408 0.025090 0.025475 0.025778 0.026052 0.026310 0.026557 0.026797 0.027030 0.027257 0.027480 0.027698 0.027913 0.028124 0.028332 0.028537 0.028739 0.028938 0.029135 0.029329 0.029521 0.029711 0.029899 0.030084 0.030268 0.030450 0.030630 0.030808 0.030984 0.031159 0.031332 0.031503 0.031673 0.031842 0.032009 0.032174 0.032339 0.032502 0.032663 0.032823 0.032982 0.033140 0.033297 0.033452 0.033606 0.033759 0.033911 0.034062 0.034212
0.026074 0.025686 0.025860 0.026116 0.026370 0.026610 0.026839 0.027059 0.027272 0.027480 0.027682 0.027881 0.028077 0.028269 0.028459 0.028646 0.028832 0.029015 0.029196 0.029376 0.029554 0.029730 0.029905 0.030078 0.030250 0.030420 0.030589 0.030756 0.030923 0.031087 0.031251 0.031414 0.031575 0.031735 0.031894 0.032051 0.032208 0.032363 0.032518 0.032671 0.032823 0.032975 0.033125 0.033274 0.033423 0.033570 0.033716 0.033862 0.034006 0.034150
0.026222 0.026532 0.026717 0.026893 0.027071 0.027247 0.027422 0.027595 0.027766 0.027935 0.028103 0.028270 0.028435 0.028600 0.028764 0.028927 0.029089 0.029250 0.029411 0.029571 0.029731 0.029889 0.030047 0.030205 0.030361 0.030517 0.030672 0.030826 0.030979 0.031132 0.031284 0.031435 0.031585 0.031734 0.031883 0.032031 0.032178 0.032325 0.032471 0.032616 0.032760 0.032903 0.033046 0.033188 0.033329 0.033469 0.033609 0.033748 0.033886 0.034024
0.027185 0.027414 0.027532 0.027629 0.027730 0.027840 0.027956 0.028078 0.028205 0.028334 0.028466 0.028600 0.028736 0.028873 0.029011 0.029150 0.029290 0.029430 0.029571 0.029713 0.029854 0.029996 0.030138 0.030280 0.030421 0.030563 0.030705 0.030846 0.030987 0.031128 0.031268 0.031409 0.031549 0.031688 0.031827 0.031966 0.032104 0.032242 0.032380 0.032517 0.032653 0.032789 0.032925 0.033060 0.033194 0.033328 0.033462 0.033595 0.033727 0.033859
0.028656 0.028248 0.028154 0.028158 0.028201 0.028265 0.028342 0.028429 0.028523 0.028624 0.028729 0.028839 0.028952 0.029068 0.029187 0.029307 0.029430 0.029554 0.029679 0.029805 0.029932 0.030060 0.030188 0.030317 0.030447 0.030577 0.030707 0.030837 0.030968 0.031099 0.031230 0.031361 0.031491 0.031622 0.031753 0.031884 0.032014 0.032145 0.032275 0.032405 0.032535 0.032664 0.032793 0.032922 0.033051 0.033179 0.033307 0.033435 0.033562 0.033688
0.027782 0.028170 0.028280 0.028342 0.028401 0.028466 0.028538 0.028617 0.028703 0.028794 0.028890 0.028989 0.029092 0.029198 0.029306 0.029417 0.029529 0.029643 0.029758 0.029874 0.029992 0.030110 0.030229 0.030349 0.030470 0.030591 0.030713 0.030835 0.030958 0.031081 0.031205 0.031328 0.031452 0.031576 0.031700 0.031824 0.031949 0.032073 0.032197 0.032322 0.032446 0.032570 0.032694 0.032817 0.032941 0.033064 0.033187 0.033310 0.033432 0.033555
0.028358 0.028140 0.028209 0.028310 0.028409 0.028505 0.028601 0.028698 0.028797 0.028897 0.028999 0.029102 0.029207 0.029313 0.029420 0.029528 0.029637 0.029748 0.029859 0.029971 0.030083 0.030197 0.030311 0.030426 0.030541 0.030657 0.030774 0.030890 0.031008 0.031126 0.031244 0.031362 0.031481 0.031600 0.031719 0.031838 0.031958 0.032077 0.032197 0.032317 0.032436 0.032556 0.032675 0.032794 0.032913 0.033032 0.033151 0.033269 0.033387 0.033505
0.027043 0.027831 0.028102 0.028271 0.028416 0.028552 0.028681 0.028806 0.028927 0.029045 0.029161 0.029275 0.029387 0.029499 0.029611 0.029722 0.029833 0.029944 0.030055 0.030166 0.030277 0.030389 0.030501 0.030614 0.030726 0.030839 0.030953 0.031067 0.031181 0.031295 0.031410 0.031524 0.031640 0.031755 0.031870 0.031985 0.032101 0.032216 0.032332 0.032447 0.032563 0.032678 0.032793 0.032908 0.033023 0.033138 0.033252 0.033366 0.033479 0.033593
0.029072 0.028363 0.028355 0.028495 0.028660 0.028821 0.028973 0.029116 0.029252 0.029383 0.029509 0.029631 0.029750 0.029868 0.029983 0.030097 0.030211 0.030323 0.030435 0.030547 0.030658 0.030769 0.030880 0.030991 0.031103 0.031214 0.031325 0.031437 0.031548 0.031660 0.031771 0.031883 0.031995 0.032106 0.032218 0.032330 0.032441 0.032553 0.032664 0.032775 0.032886 0.032996 0.033107 0.033217 0.033326 0.033436 0.033545 0.033653 0.033762 0.033869
0.027456 0.028512 0.028922 0.029160 0.029342 0.029501 0.029647 0.029785 0.029918 0.030047 0.030171 0.030293 0.030412 0.030529 0.030644 0.030758 0.030871 0.030983 0.031094 0.031204 0.031314 0.031423 0.031533 0.031642 0.031750 0.031859 0.031967 0.032076 0.032184 0.032292 0.032400 0.032507 0.032615 0.032722 0.032829 0.032935 0.033042 0.033147 0.033253 0.033358 0.033463 0.033567 0.033671 0.033775 0.033878 0.033980 0.034082 0.034183 0.034284 0.034384
0.030441 0.030318 0.030386 0.030481 0.030582 0.030689 0.030799 0.030911 0.031024 0.031137 0.031249 0.031361 0.031471 0.031581 0.031689 0.031797 0.031904 0.032011 0.032117 0.032223 0.032328 0.032433 0.032537 0.032641 0.032745 0.032849 0.032952 0.033054 0.033157 0.033259 0.033360 0.033461 0.033562 0.033662 0.033761 0.033860 0.033958 0.034056 0.034153 0.034250 0.034346 0.034441 0.034536 0.034630 0.034723 0.034816 0.034908 0.034999 0.035090 0.035180
0.032850 0.032484 0.032318 0.032282 0.032311 0.032371 0.032448 0.032532 0.032622 0.032714 0.032808 0.032903 0.032998 0.033094 0.033190 0.033287 0.033383 0.033480 0.033576 0.033672 0.033769 0.033864 0.033960 0.034055 0.034150 0.034244 0.034338 0.034431 0.034523 0.034615 0.034706 0.034797 0.034886 0.034975 0.035063 0.035150 0.035237 0.035322 0.035407 0.035491 0.035574 0.035657 0.035738 0.035819 0.035899 0.035978 0.036056 0.036134 0.036210 0.036286
0.034234 0.034247 0.034319 0.034393 0.034464 0.034533 0.034601 0.034670 0.034741 0.034813 0.034886 0.034962 0.035038 0.035117 0.035196 0.035276 0.035357 0.035439 0.035521 0.035603 0.035684 0.035766 0.035847 0.035928 0.036009 0.036088 0.036167 0.036245 0.036322 0.036399 0.036474 0.036548 0.036622 0.036694 0.036765 0.036836 0.036905 0.036973 0.037040 0.037107 0.037172 0.037236 0.037300 0.037362 0.037424 0.037484 0.037544 0.037604 0.037662 0.037720
0.035790 0.036544 0.036887 0.037066 0.037172 0.037245 0.037302 0.037353 0.037402 0.037452 0.037504 0.037557 0.037613 0.037670 0.037730 0.037790 0.037851 0.037913 0.037976 0.038038 0.038100 0.038162 0.038223 0.038283 0.038343 0.038401 0.038459 0.038515 0.038571 0.038625 0.038678 0.038729 0.038780 0.038829 0.038877 0.038924 0.038970 0.039015 0.039058 0.039101 0.039143 0.039183 0.039223 0.039262 0.039300 0.039337 0.039374 0.039410 0.039445 0.039479
0.040665 0.040530 0.040518 0.040531 0.040544 0.040557 0.040571 0.040588 0.040608 0.040632 0.040659 0.040689 0.040722 0.040756 0.040792 0.040829 0.040867 0.040904 0.040941 0.040978 0.041014 0.041049 0.041083 0.041116 0.041147 0.041177 0.041206 0.041233 0.041259 0.041283 0.041307 0.041328 0.041349 0.041368 0.041386 0.041402 0.041418 0.041432 0.041446 0.041459 0.041471 0.041482 0.041492 0.041501 0.041510 0.041519 0.041527 0.041534 0.041541 0.041548
0.045432 0.044949 0.044695 0.044544 0.044450 0.044393 0.044358 0.044339 0.044331 0.044330 0.044333 0.044340 0.044348 0.044357 0.044366 0.044375 0.044383 0.044389 0.044395 0.044398 0.044400 0.044401 0.044399 0.044396 0.044391 0.044384 0.044375 0.044365 0.044353 0.044339 0.044325 0.044308 0.044291 0.044272 0.044253 0.044232 0.044211 0.044188 0.044166 0.044142 0.044118 0.044094 0.044069 0.044044 0.044018 0.043993 0.043968 0.043942 0.043917 0.043892
0.049021 0.049102 0.048947 0.048804 0.048702 0.048635 0.048589 0.048558 0.048535 0.048515 0.048497 0.048479 0.048459 0.048437 0.048413 0.048386 0.048356 0.048323 0.048287 0.048248 0.048207 0.048162 0.048116 0.048067 0.048015 0.047962 0.047907 0.047850 0.047792 0.047732 0.047671 0.047609 0.047546 0.047483 0.047419 0.047354 0.047289 0.047224 0.047159 0.047094 0.047028 0.046963 0.046899 0.046835 0.046771 0.046708 0.046645 0.046583 0.046522 0.046461
0.054349 0.053532 0.053356 0.053310 0.053291 0.053275 0.053256 0.053231 0.053200 0.053162 0.053118 0.053067 0.053009 0.052945 0.052875 0.052800 0.052719 0.052634 0.052544 0.052450 0.052353 0.052253 0.052150 0.052044 0.051937 0.051827 0.051716 0.051604 0.051491 0.051377 0.051262 0.051148 0.051033 0.050918 0.050804 0.050689 0.050576 0.050463 0.050351 0.050239 0.050129 0.050020 0.049912 0.049805 0.049700 0.049596 0.049494 0.049393 0.049294 0.049197
0.056220 0.057695 0.058134 0.058314 0.058398 0.058426 0.058416 0.058379 0.058319 0.058242 0.058149 0.058044 0.057927 0.057801 0.057666 0.057523 0.057375 0.057220 0.057061 0.056899 0.056732 0.056563 0.056392 0.056219 0.056045 0.055871 0.055695 0.055520 0.055345 0.055170 0.054996 0.054823 0.054651 0.054480 0.054311 0.054143 0.053977 0.053814 0.053652 0.053492 0.053335 0.053180 0.053027 0.052877 0.052729 0.052584 0.052442 0.052302 0.052165 0.052030
0.065419 0.064205 0.064146 0.064205 0.064219 0.064179 0.064097 0.063982 0.063841 0.063679 0.063499 0.063305 0.063098 0.062882 0.062657 0.062425 0.062188 0.061947 0.061702 0.061456 0.061207 0.060958 0.060708 0.060459 0.060210 0.059963 0.059717 0.059472 0.059230 0.058990 0.058753 0.058519 0.058287 0.058059 0.057833 0.057611 0.057393 0.057178 0.056967 0.056759 0.056555 0.056355 0.056158 0.055966 0.055777 0.055592 0.055411 0.055234 0.055061 0.054891
0.068358 0.070626 0.070946 0.070843 0.070643 0.070413 0.070162 0.069893 0.069608 0.069308 0.068996 0.068675 0.068345 0.068009 0.067670 0.067328 0.066984 0.066640 0.066297 0.065954 0.065614 0.065276 0.064942 0.064610 0.064283 0.063959 0.063640 0.063325 0.063015 0.062710 0.062410 0.062114 0.061824 0.061540 0.061260 0.060986 0.060717 0.060454 0.060196 0.059943 0.059696 0.059454 0.059218 0.058987 0.058761 0.058541 0.058326 0.058116 0.057911 0.057711
0.083304 0.079802 0.078486 0.077775 0.077241 0.076757 0.076286 0.075813 0.075338 0.074860 0.074380 0.073901 0.073423 0.072949 0.072478 0.072012 0.071551 0.071096 0.070648 0.070206 0.069771 0.069343 0.068923 0.068511 0.068106 0.067708 0.067319 0.066937 0.066563 0.066197 0.065839 0.065488 0.065145 0.064810 0.064482 0.064162 0.063849 0.063544 0.063246 0.062956 0.062672 0.062396 0.062126 0.061864 0.061608 0.061359 0.061116 0.060880 0.060651 0.060427
0.084677 0.085041 0.084664 0.084078 0.083417 0.082728 0.082031 0.081337 0.080652 0.079978 0.079318 0.078672 0.078040 0.077423 0.076820 0.076232 0.075657 0.075095 0.074547 0.074012 0.073490 0.072980 0.072483 0.071998 0.071524 0.071063 0.070613 0.070174 0.069746 0.069329 0.068923 0.068528 0.068142 0.067767 0.067402 0.067046 0.066700 0.066363 0.066036 0.065718 0.065408 0.065107 0.064814 0.064530 0.064254 0.063986 0.063726 0.063473 0.063228 0.062991
0.089969 0.090829 0.090509 0.089746 0.088830 0.087878 0.086933 0.086015 0.085128 0.084274 0.083450 0.082657 0.081891 0.081151 0.080436 0.079745 0.079075 0.078426 0.077797 0.077187 0.076596 0.076022 0.075466 0.074925 0.074401 0.073892 0.073399 0.072919 0.072454 0.072003 0.071565 0.071140 0.070727 0.070327 0.069939 0.069563 0.069198 0.068844 0.068500 0.068168 0.067845 0.067533 0.067230 0.066937 0.066653 0.066378 0.066112 0.065855 0.065606 0.065365
0.101043 0.097908 0.095903 0.094313 0.092925 0.091663 0.090495 0.089400 0.088368 0.087388 0.086455 0.085563 0.084709 0.083890 0.083103 0.082345 0.081616 0.080913 0.080235 0.079581 0.078949 0.078339 0.077750 0.077180 0.076630 0.076098 0.075584 0.075087 0.074606 0.074142 0.073693 0.073259 0.072839 0.072433 0.072041 0.071662 0.071295 0.070941 0.070599 0.070269 0.069949 0.069641 0.069343 0.069056 0.068779 0.068511 0.068253 0.068004 0.067765 0.067533
0.102953 0.100389 0.098187 0.096388 0.094864 0.093518 0.092293 0.091156 0.090087 0.089076 0.088114 0.087196 0.086318 0.085478 0.084672 0.083898 0.083155 0.082441 0.081755 0.081095 0.080459 0.079848 0.079259 0.078693 0.078147 0.077622 0.077116 0.076628 0.076159 0.075707 0.075271 0.074851 0.074447 0.074058 0.073683 0.073322 0.072975 0.072640 0.072318 0.072008 0.071710 0.071423 0.071147 0.070882 0.070627 0.070383 0.070147 0.069922 0.069705 0.069497
0.099957 0.098161 0.096809 0.095581 0.094415 0.093298 0.092227 0.091199 0.090214 0.089269 0.088363 0.087493 0.086659 0.085859 0.085092 0.084356 0.083650 0.082973 0.082323 0.081700 0.081102 0.080528 0.079977 0.079449 0.078942 0.078456 0.077989 0.077541 0.077112 0.076700 0.076304 0.075925 0.075561 0.075212 0.074878 0.074557 0.074250 0.073955 0.073673 0.073403 0.073145 0.072897 0.072661 0.072434 0.072218 0.072012 0.071814 0.071626 0.071447 0.071277
0.092552 0.093503 0.093463 0.092954 0.092232 0.091420 0.090575 0.089727 0.088892 0.088078 0.087289 0.086527 0.085794 0.085089 0.084413 0.083765 0.083145 0.082550 0.081982 0.081438 0.080918 0.080421 0.079946 0.079492 0.079058 0.078644 0.078248 0.077870 0.077509 0.077165 0.076837 0.076523 0.076224 0.075940 0.075668 0.075410 0.075164 0.074930 0.074707 0.074496 0.074295 0.074104 0.073923 0.073752 0.073590 0.073437 0.073293 0.073156 0.073028 0.072908
0.090429 0.090744 0.090336 0.089751 0.089102 0.088423 0.087734 0.087047 0.086372 0.085714 0.085077 0.084462 0.083872 0.083307 0.082766 0.082250 0.081757 0.081288 0.080841 0.080416 0.080012 0.079627 0.079263 0.078916 0.078588 0.078276 0.077981 0.077701 0.077436 0.077186 0.076949 0.076725 0.076514 0.076316 0.076128 0.075952 0.075787 0.075631 0.075486 0.075350 0.075223 0.075105 0.074995 0.074894 0.074800 0.074714 0.074634 0.074562 0.074497 0.074439
0.092242 0.088377 0.086795 0.085861 0.085143 0.084518 0.083943 0.083403 0.082892 0.082408 0.081949 0.081513 0.081100 0.080710 0.080341 0.079993 0.079665 0.079355 0.079065 0.078792 0.078535 0.078295 0.078070 0.077860 0.077664 0.077482 0.077312 0.077154 0.077008 0.076874 0.076750 0.076636 0.076532 0.076437 0.076351 0.076274 0.076205 0.076144 0.076091 0.076044 0.076005 0.075972 0.075946 0.075925 0.075911 0.075903 0.075900 0.075902 0.075909 0.075921
0.079175 0.081186 0.081115 0.080640 0.080143 0.079696 0.079305 0.078961 0.078655 0.078381 0.078135 0.077912 0.077710 0.077528 0.077362 0.077213 0.077079 0.076959 0.076852 0.076757 0.076674 0.076602 0.076540 0.076488 0.076446 0.076412 0.076387 0.076369 0.076360 0.076357 0.076361 0.076372 0.076389 0.076412 0.076441 0.076475 0.076514 0.076558 0.076607 0.076661 0.076718 0.076780 0.076846 0.076916 0.076989 0.077066 0.077146 0.077230 0.077316 0.077406
0.077494 0.075468 0.074787 0.074450 0.074234 0.074084 0.073982 0.073917 0.073882 0.073873 0.073883 0.073911 0.073953 0.074007 0.074072 0.074145 0.074227 0.074317 0.074412 0.074514 0.074621 0.074733 0.074849 0.074969 0.075093 0.075221 0.075352 0.075486 0.075623 0.075762 0.075904 0.076048 0.076195 0.076344 0.076494 0.076647 0.076801 0.076957 0.077114 0.077273 0.077433 0.077595 0.077758 0.077922 0.078088 0.078254 0.078422 0.078590 0.078760 0.078931
0.066983 0.067075 0.067243 0.067472 0.067730 0.068000 0.068280 0.068567 0.068861 0.069161 0.069466 0.069773 0.070084 0.070395 0.070707 0.071018 0.071329 0.071638 0.071946 0.072252 0.072557 0.072859 0.073159 0.073457 0.073752 0.074046 0.074337 0.074626 0.074912 0.075197 0.075480 0.075760 0.076039 0.076315 0.076590 0.076863 0.077134 0.077403 0.077670 0.077936 0.078200 0.078463 0.078724 0.078983 0.079242 0.079498 0.079754 0.080008 0.080261 0.080513
0.055860 0.058246 0.059511 0.060425 0.061209 0.061932 0.062619 0.063281 0.063923 0.064549 0.065161 0.065759 0.066345 0.066918 0.067480 0.068030 0.068569 0.069098 0.069617 0.070125 0.070624 0.071114 0.071595 0.072067 0.072531 0.072987 0.073435 0.073876 0.074309 0.074736 0.075156 0.075570 0.075977 0.076379 0.076775 0.077165 0.077550 0.077929 0.078304 0.078674 0.079039 0.079400 0.079757 0.080109 0.080458 0.080802 0.081143 0.081481 0.081815 0.082146
0.052180 0.052056 0.053015 0.054150 0.055277 0.056363 0.057406 0.058409 0.059375 0.060308 0.061210 0.062082 0.062928 0.063749 0.064547 0.065322 0.066077 0.066812 0.067529 0.068228 0.068910 0.069577 0.070227 0.070864 0.071486 0.072095 0.072691 0.073275 0.073847 0.074407 0.074957 0.075496 0.076025 0.076545 0.077054 0.077555 0.078048 0.078532 0.079008 0.079476 0.079937 0.080390 0.080837 0.081277 0.081711 0.082138 0.082560 0.082976 0.083387 0.083792
0.042886 0.045616 0.047287 0.048761 0.050181 0.051559 0.052893 0.054179 0.055417 0.056610 0.057760 0.058870 0.059943 0.060981 0.061986 0.062961 0.063907 0.064827 0.065721 0.066591 0.067438 0.068263 0.069068 0.069852 0.070618 0.071366 0.072096 0.072810 0.073508 0.074191 0.074859 0.075512 0.076152 0.076779 0.077394 0.077996 0.078587 0.079166 0.079735 0.080293 0.080842 0.081380 0.081910 0.082430 0.082942 0.083446 0.083942 0.084430 0.084911 0.085384
0.040803 0.041157 0.042627 0.044298 0.045968 0.047590 0.049154 0.050658 0.052106 0.053500 0.054845 0.056143 0.057398 0.058613 0.059790 0.060931 0.062039 0.063114 0.064160 0.065177 0.066166 0.067129 0.068068 0.068983 0.069874 0.070744 0.071593 0.072422 0.073231 0.074022 0.074795 0.075551 0.076290 0.077013 0.077721 0.078413 0.079092 0.079757 0.080409 0.081048 0.081674 0.082289 0.082893 0.083485 0.084067 0.084639 0.085201 0.085754 0.086298 0.086833
0.032672 0.036162 0.038597 0.040685 0.042603 0.044408 0.046129 0.047778 0.049367 0.050901 0.052385 0.053822 0.055214 0.056565 0.057876 0.059150 0.060387 0.061591 0.062761 0.063900 0.065008 0.066088 0.067140 0.068165 0.069164 0.070139 0.071090 0.072017 0.072923 0.073808 0.074672 0.075516 0.076341 0.077148 0.077937 0.078709 0.079464 0.080204 0.080928 0.081637 0.082333 0.083014 0.083683 0.084338 0.084982 0.085614 0.086234 0.086843 0.087442 0.088031
0.031608 0.033804 0.036030 0.038095 0.040030 0.041874 0.043649 0.045368 0.047035 0.048656 0.050232 0.051766 0.053258 0.054710 0.056123 0.057499 0.058839 0.060143 0.061413 0.062650 0.063856 0.065031 0.066176 0.067292 0.068381 0.069442 0.070478 0.071489 0.072476 0.073440 0.074381 0.075300 0.076198 0.077076 0.077934 0.078773 0.079594 0.080398 0.081184 0.081954 0.082708 0.083447 0.084171 0.084881 0.085577 0.086260 0.086930 0.087588 0.088234 0.088870
0.030824 0.032652 0.034368 0.036122 0.037903 0.039686 0.041455 0.043198 0.044909 0.046586 0.048226 0.049828 0.051393 0.052920 0.054409 0.055862 0.057279 0.058661 0.060009 0.061323 0.062604 0.063854 0.065073 0.066262 0.067422 0.068554 0.069659 0.070737 0.071790 0.072818 0.073821 0.074802 0.075760 0.076696 0.077612 0.078506 0.079382 0.080238 0.081075 0.081895 0.082698 0.083484 0.084255 0.085009 0.085749 0.086475 0.087187 0.087886 0.088571 0.089245
0.030311 0.030982 0.032325 0.033956 0.035708 0.037502 0.039300 0.041082 0.042838 0.044562 0.046251 0.047905 0.049522 0.051103 0.052647 0.054155 0.055628 0.057065 0.058468 0.059838 0.061175 0.062480 0.063754 0.064997 0.066211 0.067396 0.068552 0.069682 0.070785 0.071862 0.072914 0.073942 0.074947 0.075928 0.076888 0.077826 0.078744 0.079642 0.080520 0.081379 0.082221 0.083045 0.083852 0.084642 0.085417 0.086177 0.086922 0.087653 0.088370 0.089075
0.024947 0.027134 0.029271 0.031330 0.033320 0.035255 0.037142 0.038985 0.040788 0.042551 0.044276 0.045962 0.047611 0.049223 0.050799 0.052340 0.053845 0.055316 0.056753 0.058157 0.059528 0.060868 0.062176 0.063454 0.064702 0.065922 0.067113 0.068277 0.069414 0.070525 0.071610 0.072671 0.073708 0.074722 0.075713 0.076682 0.077630 0.078558 0.079465 0.080354 0.081223 0.082075 0.082908 0.083726 0.084526 0.085311 0.086081 0.086836 0.087577 0.088304
0.020068 0.023864 0.026681 0.029054 0.031201 0.033218 0.035149 0.037016 0.038832 0.040603 0.042332 0.044022 0.045675 0.047292 0.048873 0.050420 0.051933 0.053413 0.054859 0.056274 0.057657 0.059010 0.060332 0.061625 0.062888 0.064123 0.065331 0.066511 0.067665 0.068793 0.069896 0.070975 0.072030 0.073061 0.074071 0.075058 0.076024 0.076969 0.077894 0.078800 0.079687 0.080555 0.081406 0.082240 0.083057 0.083858 0.084643 0.085414 0.086170 0.086912
0.022103 0.023858 0.025811 0.027788 0.029730 0.031625 0.033474 0.035280 0.037046 0.038775 0.040467 0.042124 0.043748 0.045338 0.046896 0.048422 0.049916 0.051379 0.052811 0.054213 0.055586 0.056929 0.058243 0.059530 0.060789 0.062020 0.063225 0.064405 0.065558 0.066687 0.067792 0.068873 0.069931 0.070966 0.071979 0.072971 0.073942 0.074892 0.075823 0.076735 0.077628 0.078503 0.079360 0.080200 0.081024 0.081832 0.082624 0.083402 0.084164 0.084913
0.023216 0.024074 0.025435 0.027007 0.028670 0.030366 0.032067 0.033757 0.035427 0.037073 0.038693 0.040286 0.041851 0.043387 0.044894 0.046374 0.047824 0.049247 0.050642 0.052010 0.053350 0.054663 0.055950 0.057211 0.058446 0.059656 0.060841 0.062002 0.063139 0.064252 0.065343 0.066411 0.067457 0.068482 0.069485 0.070469 0.071432 0.072376 0.073300 0.074207 0.075095 0.075965 0.076819 0.077656 0.078477 0.079282 0.080072 0.080848 0.081609 0.082357
0.021494 0.023044 0.024509 0.026023 0.027581 0.029162 0.030750 0.032332 0.033902 0.035455 0.036987 0.038497 0.039984 0.041446 0.042884 0.044298 0.045686 0.047050 0.048389 0.049703 0.050993 0.052259 0.053501 0.054719 0.055915 0.057087 0.058236 0.059363 0.060468 0.061552 0.062614 0.063655 0.064677 0.065678 0.066659 0.067622 0.068565 0.069490 0.070398 0.071288 0.072160 0.073017 0.073857 0.074681 0.075490 0.076283 0.077063 0.077828 0.078579 0.079318
0.019444 0.021251 0.023036 0.024715 0.026321 0.027882 0.029414 0.030921 0.032407 0.033871 0.035315 0.036737 0.038138 0.039517 0.040875 0.042211 0.043524 0.044816 0.046086 0.047334 0.048561 0.049766 0.050950 0.052113 0.053255 0.054376 0.055477 0.056557 0.057618 0.058660 0.059682 0.060685 0.061669 0.062635 0.063584 0.064514 0.065428 0.066324 0.067204 0.068068 0.068915 0.069748 0.070565 0.071367 0.072156 0.072930 0.073690 0.074437 0.075171 0.075893
0.017041 0.019821 0.021796 0.023509 0.025101 0.026622 0.028093 0.029527 0.030932 0.032310 0.033666 0.035000 0.036313 0.037605 0.038877 0.040130 0.041362 0.042575 0.043769 0.044943 0.046098 0.047234 0.048351 0.049449 0.050528 0.051590 0.052632 0.053657 0.054665 0.055654 0.056627 0.057582 0.058520 0.059443 0.060348 0.061238 0.062113 0.062972 0.063815 0.064644 0.065459 0.066260 0.067046 0.067819 0.068579 0.069326 0.070060 0.070782 0.071492 0.072190
0.020144 0.020182 0.021318 0.022693 0.024100 0.025490 0.026853 0.028190 0.029500 0.030788 0.032053 0.033298 0.034522 0.035727 0.036914 0.038082 0.039231 0.040363 0.041477 0.042573 0.043652 0.044714 0.045759 0.046787 0.047799 0.048794 0.049772 0.050735 0.051682 0.052613 0.053529 0.054430 0.055316 0.056187 0.057044 0.057886 0.058714 0.059529 0.060330 0.061118 0.061892 0.062654 0.063404 0.064141 0.064866 0.065580 0.066282 0.066972 0.067652 0.068321
0.016656 0.019154 0.020650 0.021945 0.023205 0.024457 0.025699 0.026928 0.028139 0.029332 0.030506 0.031662 0.032799 0.033918 0.035019 0.036103 0.037170 0.038220 0.039253 0.040271 0.041272 0.042258 0.043229 0.044184 0.045124 0.046050 0.046961 0.047858 0.048741 0.049610 0.050465 0.051307 0.052135 0.052950 0.053753 0.054543 0.055320 0.056086 0.056839 0.057581 0.058311 0.059029 0.059737 0.060433 0.061119 0.061794 0.062459 0.063114 0.063759 0.064394
0.018933 0.019134 0.020061 0.021165 0.022314 0.023470 0.024619 0.025756 0.026876 0.027980 0.029066 0.030135 0.031186 0.032220 0.033237 0.034237 0.035222 0.036190 0.037144 0.038082 0.039006 0.039915 0.040811 0.041692 0.042560 0.043415 0.044257 0.045086 0.045903 0.046707 0.047499 0.048280 0.049048 0.049805 0.050551 0.051286 0.052009 0.052722 0.053425 0.054117 0.054799 0.055470 0.056132 0.056785 0.057428 0.058061 0.058686 0.059301 0.059908 0.060506
0.016323 0.017824 0.019110 0.020314 0.021467 0.022580 0.023664 0.024723 0.025761 0.026780 0.027780 0.028762 0.029727 0.030676 0.031609 0.032526 0.033428 0.034316 0.035189 0.036049 0.036895 0.037728 0.038548 0.039356 0.040152 0.040936 0.041708 0.042469 0.043219 0.043958 0.044687 0.045405 0.046112 0.046810 0.047498 0.048176 0.048844 0.049504 0.050154 0.050795 0.051427 0.052050 0.052665 0.053271 0.053869 0.054459 0.055041 0.055615 0.056181 0.056740
0.015413 0.017218 0.018621 0.019814 0.020904 0.021937 0.022934 0.023903 0.024851 0.025778 0.026688 0.027581 0.028459 0.029320 0.030168 0.031001 0.031820 0.032626 0.033419 0.034200 0.034969 0.035726 0.036472 0.037207 0.037931 0.038645 0.039349 0.040042 0.040726 0.041401 0.042066 0.042723 0.043370 0.044009 0.044639 0.045261 0.045874 0.046480 0.047077 0.047667 0.048249 0.048823 0.049390 0.049950 0.050503 0.051048 0.051587 0.052118 0.052643 0.053162
0.017418 0.018204 0.018997 0.019846 0.020720 0.021597 0.022466 0.023322 0.024165 0.024992 0.025806 0.026605 0.027391 0.028163 0.028923 0.029671 0.030407 0.031131 0.031845 0.032548 0.033241 0.033924 0.034597 0.035261 0.035915 0.036561 0.037198 0.037826 0.038446 0.039058 0.039663 0.040259 0.040848 0.041429 0.042003 0.042570 0.043130 0.043683 0.044229 0.044769 0.045302 0.045828 0.046348 0.046862 0.047369 0.047871 0.048366 0.048856 0.049340 0.049818
0.019367 0.018947 0.019343 0.019982 0.020700 0.021443 0.022190 0.022932 0.023667 0.024392 0.025107 0.025811 0.026504 0.027187 0.027861 0.028524 0.029179 0.029824 0.030460 0.031088 0.031707 0.032319 0.032922 0.033518 0.034106 0.034686 0.035260 0.035826 0.036386 0.036938 0.037485 0.038024 0.038557 0.039084 0.039605 0.040120 0.040628 0.041131 0.041628 0.042120 0.042605 0.043086 0.043561 0.044030 0.044494 0.044953 0.045407 0.045856 0.046300 0.046739
0.016279 0.018162 0.019194 0.019977 0.020678 0.021349 0.022005 0.022650 0.023286 0.023915 0.024536 0.025149 0.025755 0.026354 0.026945 0.027530 0.028107 0.028678 0.029242 0.029799 0.030350 0.030895 0.031433 0.031966 0.032492 0.033012 0.033527 0.034036 0.034539 0.035037 0.035529 0.036016 0.036498 0.036974 0.037445 0.037911 0.038372 0.038828 0.039279 0.039726 0.040167 0.040604 0.041036 0.041464 0.041887 0.042306 0.042720 0.043131 0.043536 0.043938
0.018143 0.018769 0.019439 0.020079 0.020686 0.021270 0.021838 0.022396 0.022946 0.023490 0.024028 0.024562 0.025090 0.025613 0.026132 0.026646 0.027155 0.027659 0.028158 0.028653 0.029143 0.029628 0.030108 0.030584 0.031055 0.031521 0.031983 0.032440 0.032892 0.033341 0.033784 0.034223 0.034658 0.035088 0.035514 0.035936 0.036353 0.036767 0.037176 0.037581 0.037982 0.038379 0.038772 0.039161 0.039546 0.039928 0.040306 0.040680 0.041050 0.041417
0.019755 0.019441 0.019734 0.020178 0.020657 0.021142 0.021626 0.022108 0.022585 0.023059 0.023530 0.023997 0.024462 0.024923 0.025381 0.025835 0.026287 0.026735 0.027179 0.027620 0.028058 0.028492 0.028922 0.029349 0.029772 0.030191 0.030607 0.031019 0.031427 0.031831 0.032232 0.032628 0.033022 0.033411 0.033797 0.034179 0.034558 0.034933 0.035304 0.035672 0.036037 0.036398 0.036755 0.037110 0.037461 0.037808 0.038153 0.038494 0.038832 0.039166
0.017333 0.018927 0.019584 0.020044 0.020471 0.020896 0.021321 0.021745 0.022169 0.022590 0.023009 0.023426 0.023841 0.024254 0.024664 0.025073 0.025478 0.025881 0.026281 0.026679 0.027074 0.027466 0.027854 0.028240 0.028623 0.029002 0.029379 0.029752 0.030122 0.030489 0.030852 0.031213 0.031570 0.031924 0.032275 0.032622 0.032967 0.033308 0.033646 0.033982 0.034314 0.034643 0.034969 0.035292 0.035613 0.035930 0.036245 0.036556 0.036865 0.037171
0.020146 0.019321 0.019430 0.019762 0.020143 0.020533 0.020923 0.021311 0.021697 0.022081 0.022463 0.022843 0.023222 0.023599 0.023974 0.024347 0.024717 0.025086 0.025451 0.025815 0.026175 0.026533 0.026888 0.027240 0.027590 0.027937 0.028280 0.028621 0.028959 0.029294 0.029627 0.029956 0.030282 0.030606 0.030927 0.031245 0.031560 0.031872 0.032182 0.032489 0.032793 0.033094 0.033393 0.033689 0.033983 0.034274 0.034562 0.034848 0.035131 0.035412
0.017313 0.018319 0.018900 0.019345 0.019739 0.020112 0.020477 0.020837 0.021195 0.021552 0.021908 0.022262 0.022615 0.022966 0.023314 0.023661 0.024005 0.024346 0.024685 0.025021 0.025355 0.025685 0.026013 0.026339 0.026661 0.026981 0.027297 0.027612 0.027923 0.028232 0.028538 0.028841 0.029142 0.029440 0.029735 0.030028 0.030318 0.030606 0.030891 0.031173 0.031454 0.031731 0.032006 0.032279 0.032550 0.032818 0.033083 0.033347 0.033608 0.033867
0.017202 0.018176 0.018668 0.019030 0.019362 0.019692 0.020023 0.020358 0.020695 0.021032 0.021368 0.021704 0.022037 0.022369 0.022697 0.023023 0.023346 0.023666 0.023984 0.024298 0.024609 0.024918 0.025223 0.025526 0.025826 0.026123 0.026418 0.026710 0.026999 0.027286 0.027570 0.027851 0.028130 0.028407 0.028681 0.028953 0.029222 0.029489 0.029754 0.030016 0.030276 0.030533 0.030789 0.031042 0.031293 0.031541 0.031788 0.032032 0.032274 0.032514
0.019840 0.018731 0.018573 0.018715 0.018965 0.019259 0.019572 0.019894 0.020219 0.020544 0.020868 0.021189 0.021507 0.021823 0.022134 0.022443 0.022748 0.023049 0.023348 0.023643 0.023936 0.024225 0.024512 0.024796 0.025077 0.025355 0.025631 0.025905 0.026175 0.026444 0.026710 0.026973 0.027234 0.027493 0.027750 0.028004 0.028256 0.028506 0.028753 0.028999 0.029242 0.029483 0.029722 0.029958 0.030193 0.030426 0.030656 0.030884 0.031111 0.031335
0.016490 0.017364 0.017788 0.018135 0.018472 0.018807 0.019140 0.019468 0.019791 0.020110 0.020423 0.020731 0.021035 0.021334 0.021629 0.021920 0.022208 0.022493 0.022774 0.023053 0.023328 0.023601 0.023871 0.024139 0.024404 0.024667 0.024927 0.025185 0.025441 0.025694 0.025945 0.026194 0.026441 0.026685 0.026928 0.027168 0.027406 0.027642 0.027875 0.028107 0.028337 0.028564 0.028789 0.029013 0.029234 0.029454 0.029671 0.029886 0.030100 0.030311
0.015981 0.016548 0.017140 0.017635 0.018058 0.018435 0.018785 0.019115 0.019432 0.019738 0.020036 0.020328 0.020614 0.020896 0.021173 0.021448 0.021719 0.021987 0.022253 0.022516 0.022777 0.023035 0.023292 0.023546 0.023798 0.024048 0.024296 0.024541 0.024785 0.025027 0.025266 0.025504 0.025739 0.025972 0.026203 0.026432 0.026659 0.026884 0.027107 0.027328 0.027547 0.027764 0.027979 0.028192 0.028403 0.028612 0.028819 0.029023 0.029227 0.029428
0.015614 0.016534 0.017081 0.017508 0.017882 0.018223 0.018542 0.018844 0.019133 0.019414 0.019689 0.019958 0.020224 0.020486 0.020747 0.021005 0.021261 0.021515 0.021768 0.022019 0.022269 0.022517 0.022763 0.023007 0.023249 0.023490 0.023729 0.023966 0.024201 0.024434 0.024665 0.024894 0.025121 0.025346 0.025569 0.025790 0.026009 0.026226 0.026441 0.026654 0.026864 0.027073 0.027280 0.027485 0.027688 0.027889 0.028087 0.028284 0.028479 0.028672
0.017768 0.017379 0.017415 0.017603 0.017840 0.018089 0.018341 0.018591 0.018839 0.019087 0.019334 0.019582 0.019829 0.020076 0.020323 0.020570 0.020817 0.021063 0.021308 0.021552 0.021795 0.022036 0.022276 0.022515 0.022752 0.022988 0.023221 0.023453 0.023683 0.023910 0.024136 0.024360 0.024582 0.024802 0.025019 0.025235 0.025448 0.025660 0.025869 0.026076 0.026281 0.026485 0.026686 0.026885 0.027081 0.027276 0.027469 0.027660 0.027849 0.028036
0.017147 0.017141 0.017302 0.017475 0.017652 0.017838 0.018036 0.018244 0.018462 0.018688 0.018921 0.019157 0.019398 0.019641 0.019885 0.020130 0.020375 0.020621 0.020865 0.021109 0.021352 0.021593 0.021833 0.022071 0.022307 0.022541 0.022773 0.023003 0.023231 0.023457 0.023680 0.023902 0.024121 0.024338 0.024553 0.024765 0.024976 0.025184 0.025390 0.025593 0.025795 0.025994 0.026191 0.026386 0.026579 0.026770 0.026959 0.027145 0.027330 0.027513
0.015064 0.016413 0.016815 0.017001 0.017156 0.017324 0.017514 0.017722 0.017946 0.018182 0.018425 0.018674 0.018926 0.019180 0.019436 0.019691 0.019945 0.020199 0.020451 0.020701 0.020949 0.021196 0.021439 0.021681 0.021920 0.022156 0.022390 0.022622 0.022851 0.023077 0.023301 0.023522 0.023741 0.023957 0.024171 0.024382 0.024591 0.024798 0.025002 0.025203 0.025403 0.025600 0.025795 0.025987 0.026178 0.026366 0.026552 0.026735 0.026917 0.027097
0.018072 0.016493 0.016136 0.016155 0.016312 0.016531 0.016780 0.017047 0.017323 0.017604 0.017888 0.018171 0.018453 0.018733 0.019011 0.019285 0.019557 0.019825 0.020090 0.020351 0.020609 0.020863 0.021114 0.021362 0.021606 0.021847 0.022085 0.022320 0.022551 0.022780 0.023005 0.023228 0.023447 0.023664 0.023878 0.024089 0.024298 0.024504 0.024707 0.024908 0.025107 0.025303 0.025496 0.025687 0.025876 0.026063 0.026247 0.026429 0.026609 0.026786
0.013232 0.014043 0.014471 0.014857 0.015244 0.015630 0.016007 0.016375 0.016731 0.017077 0.017413 0.017739 0.018058 0.018368 0.018671 0.018967 0.019256 0.019540 0.019818 0.020091 0.020358 0.020621 0.020880 0.021133 0.021383 0.021629 0.021870 0.022108 0.022343 0.022574 0.022801 0.023025 0.023246 0.023464 0.023679 0.023891 0.024099 0.024306 0.024509 0.024710 0.024908 0.025103 0.025296 0.025487 0.025675 0.025860 0.026044 0.026225 0.026403 0.026580
0.011056 0.012166 0.013088 0.013835 0.014462 0.015007 0.015497 0.015946 0.016364 0.016757 0.017131 0.017487 0.017830 0.018160 0.018480 0.018790 0.019091 0.019385 0.019671 0.019951 0.020225 0.020493 0.020756 0.021014 0.021267 0.021515 0.021760 0.022000 0.022236 0.022468 0.022697 0.022922 0.023144 0.023362 0.023578 0.023790 0.023999 0.024206 0.024409 0.024610 0.024808 0.025003 0.025196 0.025386 0.025574 0.025759 0.025942 0.026122 0.026301 0.026477
