0.168376 0.170798 0.172157 0.172793 0.172978 0.172899 0.172671 0.172360 0.172003 0.171618 0.171215 0.170800 0.170374 0.169939 0.169495 0.169043 0.168582 0.168114 0.167638 0.167154 0.166664 0.166168 0.165665 0.165158 0.164645 0.164128 0.163606 0.163081 0.162553 0.162023 0.161490 0.160955 0.160418 0.159880 0.159341 0.158801 0.158261 0.157720 0.157180 0.156639 0.156100 0.155561 0.155022 0.154485 0.153949 0.153414 0.152880 0.152348 0.151818 0.151289
0.178224 0.177604 0.176803 0.176032 0.175365 0.174791 0.174280 0.173804 0.173345 0.172892 0.172438 0.171979 0.171513 0.171040 0.170559 0.170070 0.169574 0.169070 0.168560 0.168043 0.167521 0.166993 0.166461 0.165924 0.165384 0.164841 0.164294 0.163745 0.163194 0.162641 0.162087 0.161532 0.160977 0.160420 0.159864 0.159308 0.158752 0.158196 0.157641 0.157088 0.156535 0.155983 0.155433 0.154884 0.154337 0.153792 0.153248 0.152707 0.152167 0.151630
0.189400 0.185017 0.181886 0.179899 0.178617 0.177720 0.177023 0.176425 0.175872 0.175337 0.174806 0.174271 0.173731 0.173183 0.172629 0.172067 0.171499 0.170926 0.170348 0.169766 0.169181 0.168593 0.168003 0.167411 0.166817 0.166223 0.165628 0.165033 0.164437 0.163843 0.163249 0.162655 0.162063 0.161472 0.160883 0.160295 0.159708 0.159124 0.158542 0.157962 0.157384 0.156808 0.156235 0.155664 0.155096 0.154531 0.153968 0.153408 0.152851 0.152296
0.191984 0.185669 0.183439 0.182430 0.181769 0.181196 0.180630 0.180050 0.179452 0.178837 0.178208 0.177565 0.176913 0.176253 0.175587 0.174916 0.174243 0.173568 0.172893 0.172217 0.171542 0.170868 0.170195 0.169525 0.168857 0.168191 0.167529 0.166869 0.166212 0.165559 0.164908 0.164262 0.163619 0.162979 0.162343 0.161711 0.161083 0.160458 0.159838 0.159221 0.158608 0.157999 0.157393 0.156792 0.156194 0.155600 0.155011 0.154425 0.153843 0.153264
0.171752 0.180488 0.184264 0.185715 0.186061 0.185863 0.185385 0.184757 0.184046 0.183286 0.182499 0.181696 0.180886 0.180072 0.179258 0.178446 0.177638 0.176834 0.176036 0.175244 0.174458 0.173680 0.172907 0.172142 0.171384 0.170633 0.169888 0.169151 0.168420 0.167696 0.166979 0.166268 0.165564 0.164866 0.164174 0.163489 0.162810 0.162137 0.161469 0.160808 0.160152 0.159503 0.158858 0.158219 0.157586 0.156958 0.156335 0.155718 0.155105 0.154498
0.185189 0.191846 0.193556 0.193661 0.193157 0.192383 0.191475 0.190499 0.189488 0.188464 0.187437 0.186414 0.185401 0.184398 0.183408 0.182432 0.181469 0.180521 0.179586 0.178666 0.177759 0.176865 0.175983 0.175115 0.174258 0.173414 0.172580 0.171758 0.170947 0.170147 0.169356 0.168576 0.167805 0.167043 0.166291 0.165547 0.164812 0.164086 0.163368 0.162657 0.161955 0.161260 0.160573 0.159893 0.159220 0.158554 0.157894 0.157242 0.156596 0.155956
0.230340 0.214235 0.207509 0.203985 0.201650 0.199807 0.198195 0.196708 0.195300 0.193948 0.192642 0.191375 0.190141 0.188940 0.187768 0.186623 0.185504 0.184410 0.183338 0.182289 0.181260 0.180251 0.179261 0.178290 0.177335 0.176397 0.175475 0.174569 0.173677 0.172799 0.171935 0.171084 0.170246 0.169420 0.168606 0.167803 0.167011 0.166231 0.165460 0.164700 0.163949 0.163208 0.162477 0.161754 0.161040 0.160334 0.159637 0.158948 0.158267 0.157593
0.218183 0.216657 0.213850 0.211065 0.208576 0.206370 0.204380 0.202550 0.200840 0.199223 0.197682 0.196203 0.194780 0.193404 0.192071 0.190777 0.189518 0.188293 0.187098 0.185932 0.184794 0.183680 0.182591 0.181525 0.180480 0.179456 0.178451 0.177466 0.176499 0.175549 0.174615 0.173698 0.172796 0.171909 0.171036 0.170177 0.169331 0.168498 0.167678 0.166869 0.166072 0.165287 0.164512 0.163748 0.162994 0.162250 0.161516 0.160791 0.160075 0.159368
0.210535 0.217005 0.217100 0.215511 0.213499 0.211431 0.209420 0.207495 0.205659 0.203905 0.202225 0.200612 0.199059 0.197559 0.196108 0.194701 0.193335 0.192006 0.190713 0.189453 0.188223 0.187023 0.185851 0.184704 0.183582 0.182484 0.181409 0.180355 0.179322 0.178309 0.177314 0.176338 0.175379 0.174438 0.173512 0.172602 0.171707 0.170827 0.169961 0.169109 0.168269 0.167442 0.166628 0.165826 0.165035 0.164255 0.163486 0.162728 0.161980 0.161241
0.240131 0.226339 0.221874 0.219409 0.217341 0.215353 0.213405 0.211504 0.209658 0.207872 0.206144 0.204473 0.202855 0.201286 0.199765 0.198286 0.196849 0.195449 0.194086 0.192757 0.191460 0.190194 0.188957 0.187748 0.186566 0.185409 0.184276 0.183167 0.182080 0.181014 0.179969 0.178944 0.177938 0.176950 0.175980 0.175027 0.174090 0.173170 0.172264 0.171373 0.170497 0.169635 0.168785 0.167949 0.167126 0.166314 0.165515 0.164726 0.163949 0.163183
0.214154 0.223472 0.223853 0.222345 0.220469 0.218549 0.216653 0.214798 0.212985 0.211217 0.209494 0.207814 0.206177 0.204582 0.203027 0.201511 0.200033 0.198591 0.197183 0.195809 0.194466 0.193154 0.191872 0.190618 0.189391 0.188191 0.187015 0.185864 0.184735 0.183629 0.182545 0.181481 0.180437 0.179413 0.178407 0.177419 0.176448 0.175495 0.174557 0.173635 0.172728 0.171835 0.170957 0.170093 0.169242 0.168403 0.167578 0.166764 0.165962 0.165172
0.241735 0.231863 0.227930 0.225403 0.223288 0.221336 0.219467 0.217652 0.215878 0.214140 0.212435 0.210764 0.209127 0.207524 0.205956 0.204422 0.202922 0.201455 0.200021 0.198619 0.197248 0.195907 0.194594 0.193310 0.192053 0.190822 0.189616 0.188435 0.187277 0.186142 0.185029 0.183936 0.182865 0.181813 0.180780 0.179765 0.178768 0.177789 0.176826 0.175879 0.174948 0.174032 0.173131 0.172243 0.171370 0.170510 0.169663 0.168828 0.168006 0.167196
0.233369 0.231835 0.229670 0.227638 0.225732 0.223895 0.222097 0.220324 0.218575 0.216849 0.215149 0.213477 0.211835 0.210224 0.208645 0.207099 0.205585 0.204103 0.202653 0.201234 0.199845 0.198485 0.197154 0.195851 0.194574 0.193324 0.192098 0.190897 0.189719 0.188564 0.187431 0.186319 0.185227 0.184156 0.183103 0.182069 0.181054 0.180055 0.179073 0.178108 0.177159 0.176225 0.175305 0.174401 0.173510 0.172633 0.171769 0.170918 0.170079 0.169253
0.229685 0.231677 0.231196 0.229908 0.228315 0.226595 0.224823 0.223038 0.221262 0.219505 0.217776 0.216078 0.214414 0.212785 0.211189 0.209629 0.208101 0.206607 0.205146 0.203715 0.202315 0.200944 0.199601 0.198286 0.196998 0.195735 0.194497 0.193284 0.192093 0.190925 0.189779 0.188654 0.187549 0.186464 0.185399 0.184351 0.183322 0.182310 0.181315 0.180336 0.179373 0.178426 0.177493 0.176575 0.175671 0.174781 0.173904 0.173040 0.172189 0.171350
0.242186 0.237383 0.235311 0.233519 0.231657 0.229736 0.227801 0.225885 0.224005 0.222169 0.220379 0.218635 0.216936 0.215279 0.213663 0.212086 0.210546 0.209042 0.207571 0.206132 0.204724 0.203346 0.201996 0.200674 0.199379 0.198109 0.196863 0.195642 0.194444 0.193267 0.192113 0.190979 0.189865 0.188771 0.187696 0.186640 0.185601 0.184579 0.183574 0.182586 0.181613 0.180656 0.179713 0.178785 0.177871 0.176971 0.176084 0.175210 0.174348 0.173499
0.239378 0.242120 0.240346 0.237867 0.235396 0.233049 0.230831 0.228728 0.226722 0.224800 0.222951 0.221166 0.219437 0.217759 0.216128 0.214539 0.212990 0.211477 0.210000 0.208556 0.207143 0.205759 0.204405 0.203078 0.201777 0.200502 0.199252 0.198024 0.196820 0.195638 0.194477 0.193337 0.192217 0.191116 0.190034 0.188970 0.187924 0.186895 0.185882 0.184886 0.183906 0.182940 0.181990 0.181054 0.180131 0.179223 0.178327 0.177445 0.176575 0.175717
0.263468 0.250873 0.245239 0.241491 0.238479 0.235866 0.233510 0.231334 0.229290 0.227348 0.225488 0.223696 0.221963 0.220282 0.218647 0.217055 0.215502 0.213986 0.212504 0.211056 0.209638 0.208251 0.206891 0.205559 0.204253 0.202973 0.201716 0.200483 0.199273 0.198085 0.196918 0.195771 0.194645 0.193537 0.192449 0.191378 0.190325 0.189289 0.188269 0.187266 0.186278 0.185305 0.184348 0.183404 0.182474 0.181558 0.180655 0.179765 0.178887 0.178021
0.244071 0.247452 0.245376 0.242686 0.240167 0.237865 0.235723 0.233697 0.231757 0.229887 0.228075 0.226315 0.224602 0.222933 0.221305 0.219714 0.218160 0.216641 0.215155 0.213700 0.212276 0.210881 0.209514 0.208174 0.206860 0.205571 0.204307 0.203065 0.201847 0.200651 0.199475 0.198321 0.197186 0.196071 0.194974 0.193895 0.192834 0.191790 0.190763 0.189751 0.188756 0.187775 0.186809 0.185857 0.184920 0.183995 0.183084 0.182186 0.181300 0.180426
0.257082 0.247893 0.244884 0.243098 0.241451 0.239752 0.237998 0.236216 0.234431 0.232657 0.230904 0.229180 0.227486 0.225824 0.224196 0.222602 0.221040 0.219510 0.218012 0.216545 0.215108 0.213699 0.212319 0.210965 0.209638 0.208336 0.207059 0.205805 0.204575 0.203366 0.202180 0.201013 0.199868 0.198741 0.197634 0.196545 0.195473 0.194419 0.193382 0.192361 0.191355 0.190365 0.189389 0.188428 0.187481 0.186547 0.185626 0.184719 0.183823 0.182940
0.236021 0.243063 0.245135 0.245115 0.244162 0.242769 0.241163 0.239453 0.237701 0.235937 0.234181 0.232444 0.230733 0.229051 0.227400 0.225781 0.224194 0.222640 0.221117 0.219626 0.218165 0.216734 0.215332 0.213957 0.212610 0.211288 0.209992 0.208721 0.207473 0.206248 0.205045 0.203863 0.202702 0.201562 0.200440 0.199337 0.198252 0.197185 0.196135 0.195101 0.194083 0.193081 0.192093 0.191120 0.190161 0.189216 0.188284 0.187364 0.186458 0.185563
0.248126 0.253325 0.252960 0.251361 0.249477 0.247530 0.245577 0.243638 0.241723 0.239837 0.237984 0.236166 0.234385 0.232642 0.230936 0.229267 0.227634 0.226037 0.224474 0.222946 0.221450 0.219986 0.218552 0.217148 0.215773 0.214425 0.213104 0.211809 0.210538 0.209292 0.208068 0.206866 0.205686 0.204527 0.203387 0.202267 0.201166 0.200082 0.199016 0.197966 0.196933 0.195916 0.194913 0.193926 0.192952 0.191993 0.191047 0.190113 0.189193 0.188284
0.295337 0.272539 0.263858 0.259199 0.255905 0.253174 0.250726 0.248447 0.246283 0.244206 0.242201 0.240259 0.238373 0.236538 0.234752 0.233012 0.231315 0.229660 0.228045 0.226468 0.224927 0.223421 0.221949 0.220508 0.219099 0.217719 0.216368 0.215044 0.213746 0.212473 0.211224 0.209999 0.208796 0.207614 0.206453 0.205312 0.204191 0.203088 0.202002 0.200934 0.199883 0.198847 0.197827 0.196822 0.195832 0.194855 0.193892 0.192942 0.192005 0.191080
0.258646 0.268030 0.267074 0.264239 0.261258 0.258440 0.255808 0.253333 0.250988 0.248750 0.246603 0.244535 0.242538 0.240606 0.238732 0.236913 0.235145 0.233426 0.231751 0.230120 0.228529 0.226977 0.225461 0.223980 0.222533 0.221118 0.219733 0.218376 0.217048 0.215746 0.214470 0.213217 0.211988 0.210782 0.209597 0.208432 0.207288 0.206162 0.205055 0.203965 0.202893 0.201837 0.200796 0.199771 0.198761 0.197765 0.196782 0.195813 0.194857 0.193913
0.282757 0.274413 0.271167 0.268485 0.265793 0.263111 0.260493 0.257966 0.255535 0.253199 0.250952 0.248787 0.246699 0.244680 0.242728 0.240836 0.239001 0.237220 0.235488 0.233804 0.232164 0.230566 0.229007 0.227486 0.226001 0.224549 0.223129 0.221740 0.220380 0.219048 0.217742 0.216461 0.215205 0.213972 0.212760 0.211570 0.210401 0.209251 0.208119 0.207006 0.205910 0.204831 0.203768 0.202720 0.201688 0.200669 0.199665 0.198674 0.197697 0.196732
0.276618 0.277580 0.275483 0.272854 0.270145 0.267458 0.264826 0.262267 0.259788 0.257392 0.255079 0.252847 0.250691 0.248608 0.246594 0.244644 0.242755 0.240922 0.239142 0.237412 0.235729 0.234090 0.232493 0.230934 0.229413 0.227928 0.226475 0.225054 0.223663 0.222301 0.220965 0.219656 0.218371 0.217110 0.215872 0.214655 0.213459 0.212283 0.211126 0.209987 0.208866 0.207762 0.206675 0.205603 0.204546 0.203504 0.202476 0.201461 0.200460 0.199472
0.290203 0.284669 0.280712 0.277396 0.274389 0.271553 0.268834 0.266211 0.263678 0.261232 0.258871 0.256593 0.254393 0.252267 0.250211 0.248221 0.246293 0.244423 0.242607 0.240842 0.239125 0.237452 0.235823 0.234233 0.232681 0.231164 0.229681 0.228231 0.226810 0.225419 0.224055 0.222717 0.221405 0.220116 0.218850 0.217606 0.216383 0.215180 0.213996 0.212831 0.211683 0.210553 0.209439 0.208342 0.207259 0.206192 0.205138 0.204099 0.203073 0.202060
0.294573 0.288356 0.284471 0.281197 0.278142 0.275222 0.272418 0.269725 0.267138 0.264650 0.262256 0.259949 0.257723 0.255574 0.253495 0.251482 0.249531 0.247637 0.245797 0.244007 0.242264 0.240566 0.238910 0.237293 0.235714 0.234170 0.232660 0.231182 0.229734 0.228314 0.226923 0.225557 0.224216 0.222900 0.221606 0.220334 0.219083 0.217853 0.216642 0.215449 0.214275 0.213118 0.211977 0.210853 0.209744 0.208650 0.207571 0.206506 0.205455 0.204416
0.285718 0.288750 0.287162 0.284377 0.281345 0.278350 0.275473 0.272727 0.270106 0.267599 0.265194 0.262879 0.260648 0.258491 0.256404 0.254380 0.252416 0.250507 0.248650 0.246841 0.245078 0.243358 0.241679 0.240038 0.238434 0.236864 0.235327 0.233822 0.232346 0.230899 0.229480 0.228086 0.226717 0.225372 0.224051 0.222751 0.221472 0.220213 0.218975 0.217755 0.216553 0.215368 0.214201 0.213050 0.211914 0.210794 0.209689 0.208598 0.207521 0.206457
0.304566 0.296348 0.291415 0.287463 0.283996 0.280845 0.277925 0.275181 0.272578 0.270090 0.267702 0.265400 0.263175 0.261020 0.258930 0.256899 0.254923 0.253000 0.251125 0.249296 0.247512 0.245768 0.244064 0.242397 0.240766 0.239169 0.237604 0.236070 0.234566 0.233090 0.231642 0.230219 0.228821 0.227447 0.226097 0.224768 0.223461 0.222175 0.220908 0.219660 0.218431 0.217220 0.216025 0.214848 0.213687 0.212541 0.211410 0.210294 0.209192 0.208105
0.303004 0.298033 0.292973 0.288945 0.285584 0.282592 0.279816 0.277183 0.274657 0.272220 0.269861 0.267574 0.265351 0.263190 0.261086 0.259037 0.257039 0.255091 0.253189 0.251331 0.249516 0.247742 0.246006 0.244308 0.242644 0.241015 0.239418 0.237852 0.236316 0.234809 0.233329 0.231876 0.230447 0.229044 0.227664 0.226306 0.224970 0.223656 0.222361 0.221087 0.219831 0.218593 0.217373 0.216171 0.214985 0.213815 0.212660 0.211521 0.210396 0.209286
0.303523 0.294597 0.291393 0.288961 0.286525 0.284032 0.281521 0.279024 0.276563 0.274147 0.271784 0.269475 0.267221 0.265022 0.262877 0.260784 0.258742 0.256748 0.254801 0.252899 0.251040 0.249223 0.247446 0.245706 0.244003 0.242335 0.240700 0.239098 0.237526 0.235985 0.234471 0.232985 0.231525 0.230091 0.228681 0.227294 0.225930 0.224588 0.223267 0.221967 0.220686 0.219424 0.218180 0.216954 0.215746 0.214554 0.213378 0.212218 0.211073 0.209944
0.272135 0.288322 0.291245 0.290454 0.288486 0.286107 0.283585 0.281027 0.278484 0.275978 0.273522 0.271120 0.268777 0.266492 0.264265 0.262094 0.259978 0.257915 0.255902 0.253938 0.252021 0.250148 0.248318 0.246528 0.244778 0.243065 0.241388 0.239745 0.238135 0.236556 0.235008 0.233488 0.231997 0.230532 0.229092 0.227678 0.226287 0.224919 0.223574 0.222249 0.220946 0.219662 0.218398 0.217152 0.215924 0.214714 0.213520 0.212343 0.211182 0.210036
0.322258 0.306065 0.299592 0.295543 0.292178 0.289058 0.286063 0.283163 0.280350 0.277620 0.274972 0.272404 0.269913 0.267496 0.265149 0.262871 0.260657 0.258504 0.256409 0.254370 0.252383 0.250445 0.248556 0.246711 0.244909 0.243148 0.241426 0.239741 0.238092 0.236477 0.234894 0.233342 0.231820 0.230326 0.228860 0.227420 0.226005 0.224615 0.223248 0.221904 0.220581 0.219280 0.217998 0.216737 0.215494 0.214269 0.213062 0.211873 0.210700 0.209543
0.316783 0.310715 0.304797 0.299864 0.295614 0.291791 0.288254 0.284927 0.281769 0.278756 0.275870 0.273098 0.270432 0.267861 0.265379 0.262981 0.260659 0.258410 0.256228 0.254109 0.252050 0.250048 0.248098 0.246198 0.244346 0.242539 0.240774 0.239050 0.237365 0.235716 0.234102 0.232522 0.230973 0.229455 0.227966 0.226506 0.225072 0.223664 0.222280 0.220921 0.219584 0.218270 0.216977 0.215704 0.214451 0.213218 0.212003 0.210805 0.209626 0.208462
0.310618 0.309560 0.305949 0.301627 0.297302 0.293184 0.289311 0.285670 0.282233 0.278978 0.275883 0.272930 0.270105 0.267396 0.264792 0.262285 0.259867 0.257531 0.255271 0.253083 0.250961 0.248901 0.246900 0.244953 0.243059 0.241212 0.239413 0.237656 0.235942 0.234266 0.232628 0.231026 0.229458 0.227922 0.226417 0.224942 0.223495 0.222075 0.220682 0.219313 0.217968 0.216647 0.215348 0.214071 0.212814 0.211577 0.210359 0.209160 0.207979 0.206815
0.317776 0.311635 0.306462 0.301642 0.297089 0.292796 0.288758 0.284957 0.281369 0.277975 0.274752 0.271684 0.268755 0.265953 0.263265 0.260683 0.258197 0.255800 0.253486 0.251248 0.249082 0.246982 0.244945 0.242966 0.241041 0.239169 0.237346 0.235569 0.233835 0.232143 0.230491 0.228876 0.227296 0.225751 0.224238 0.222756 0.221304 0.219880 0.218483 0.217112 0.215767 0.214445 0.213146 0.211870 0.210615 0.209381 0.208166 0.206971 0.205794 0.204636
0.318805 0.311013 0.304805 0.299548 0.294848 0.290517 0.286467 0.282654 0.279047 0.275626 0.272372 0.269270 0.266308 0.263472 0.260752 0.258139 0.255625 0.253202 0.250863 0.248604 0.246418 0.244300 0.242247 0.240254 0.238318 0.236435 0.234603 0.232818 0.231079 0.229383 0.227727 0.226110 0.224529 0.222984 0.221472 0.219992 0.218543 0.217122 0.215730 0.214365 0.213025 0.211710 0.210418 0.209150 0.207903 0.206677 0.205472 0.204287 0.203120 0.201972
0.310730 0.304653 0.299591 0.294942 0.290585 0.286472 0.282577 0.278877 0.275357 0.272001 0.268798 0.265735 0.262801 0.259988 0.257286 0.254687 0.252184 0.249771 0.247440 0.245187 0.243008 0.240896 0.238849 0.236862 0.234932 0.233056 0.231231 0.229453 0.227722 0.226034 0.224386 0.222778 0.221208 0.219673 0.218171 0.216702 0.215264 0.213856 0.212476 0.211123 0.209797 0.208495 0.207217 0.205963 0.204731 0.203520 0.202329 0.201159 0.200008 0.198875
0.296649 0.295940 0.292682 0.288835 0.284923 0.281104 0.277425 0.273898 0.270520 0.267285 0.264184 0.261209 0.258351 0.255603 0.252958 0.250409 0.247950 0.245576 0.243282 0.241062 0.238912 0.236828 0.234807 0.232845 0.230939 0.229086 0.227283 0.225527 0.223817 0.222150 0.220523 0.218936 0.217385 0.215870 0.214389 0.212940 0.211522 0.210134 0.208774 0.207442 0.206135 0.204854 0.203597 0.202363 0.201151 0.199961 0.198791 0.197641 0.196510 0.195398
0.298402 0.291161 0.286437 0.282346 0.278510 0.274852 0.271349 0.267992 0.264771 0.261678 0.258704 0.255843 0.253088 0.250433 0.247871 0.245397 0.243007 0.240696 0.238459 0.236292 0.234192 0.232155 0.230178 0.228258 0.226391 0.224576 0.222810 0.221089 0.219413 0.217779 0.216184 0.214628 0.213108 0.211624 0.210172 0.208753 0.207364 0.206004 0.204672 0.203367 0.202088 0.200834 0.199604 0.198397 0.197211 0.196047 0.194904 0.193780 0.192675 0.191588
0.285875 0.283086 0.279023 0.275060 0.271345 0.267843 0.264512 0.261325 0.258266 0.255323 0.252488 0.249754 0.247115 0.244567 0.242104 0.239722 0.237417 0.235185 0.233023 0.230926 0.228892 0.226918 0.225001 0.223137 0.221325 0.219562 0.217846 0.216174 0.214544 0.212955 0.211404 0.209891 0.208413 0.206968 0.205556 0.204175 0.202824 0.201501 0.200206 0.198937 0.197693 0.196473 0.195277 0.194103 0.192950 0.191818 0.190707 0.189614 0.188541 0.187485
0.281188 0.274737 0.270418 0.266733 0.263318 0.260070 0.256955 0.253957 0.251068 0.248279 0.245587 0.242986 0.240472 0.238040 0.235688 0.233410 0.231204 0.229067 0.226994 0.224983 0.223031 0.221135 0.219292 0.217501 0.215758 0.214061 0.212409 0.210799 0.209229 0.207698 0.206203 0.204744 0.203319 0.201926 0.200564 0.199231 0.197928 0.196651 0.195401 0.194176 0.192975 0.191797 0.190642 0.189509 0.188396 0.187303 0.186230 0.185175 0.184138 0.183119
0.264223 0.262892 0.260395 0.257513 0.254536 0.251579 0.248686 0.245875 0.243153 0.240520 0.237974 0.235513 0.233133 0.230830 0.228602 0.226444 0.224354 0.222327 0.220361 0.218453 0.216601 0.214800 0.213050 0.211347 0.209690 0.208076 0.206503 0.204970 0.203474 0.202015 0.200590 0.199199 0.197839 0.196509 0.195208 0.193935 0.192690 0.191469 0.190274 0.189102 0.187953 0.186827 0.185721 0.184636 0.183570 0.182524 0.181495 0.180485 0.179491 0.178514
0.254466 0.253445 0.250909 0.248061 0.245188 0.242369 0.239628 0.236977 0.234415 0.231943 0.229557 0.227253 0.225027 0.222876 0.220794 0.218780 0.216828 0.214935 0.213099 0.211317 0.209585 0.207901 0.206263 0.204669 0.203116 0.201603 0.200127 0.198688 0.197283 0.195911 0.194571 0.193261 0.191980 0.190727 0.189500 0.188299 0.187122 0.185970 0.184839 0.183731 0.182644 0.181577 0.180530 0.179501 0.178491 0.177498 0.176522 0.175563 0.174619 0.173691
0.253608 0.245528 0.241154 0.237822 0.234876 0.232134 0.229537 0.227059 0.224687 0.222410 0.220222 0.218113 0.216080 0.214116 0.212218 0.210379 0.208598 0.206870 0.205193 0.203563 0.201978 0.200435 0.198933 0.197470 0.196043 0.194650 0.193291 0.191964 0.190667 0.189400 0.188160 0.186946 0.185758 0.184595 0.183456 0.182339 0.181244 0.180170 0.179116 0.178081 0.177066 0.176068 0.175088 0.174125 0.173178 0.172247 0.171331 0.170430 0.169543 0.168670
0.229471 0.230376 0.228180 0.225519 0.222917 0.220458 0.218137 0.215937 0.213841 0.211837 0.209913 0.208061 0.206275 0.204549 0.202878 0.201257 0.199684 0.198156 0.196669 0.195222 0.193811 0.192436 0.191094 0.189784 0.188504 0.187253 0.186030 0.184833 0.183661 0.182514 0.181389 0.180287 0.179207 0.178147 0.177107 0.176086 0.175084 0.174100 0.173132 0.172182 0.171247 0.170328 0.169424 0.168534 0.167659 0.166797 0.165948 0.165112 0.164289 0.163477
0.222354 0.216657 0.213699 0.211366 0.209256 0.207282 0.205415 0.203637 0.201935 0.200299 0.198720 0.197193 0.195713 0.194275 0.192876 0.191513 0.190184 0.188888 0.187621 0.186383 0.185173 0.183988 0.182828 0.181691 0.180577 0.179485 0.178413 0.177362 0.176330 0.175317 0.174321 0.173343 0.172382 0.171437 0.170507 0.169593 0.168693 0.167808 0.166936 0.166078 0.165232 0.164399 0.163579 0.162770 0.161973 0.161187 0.160411 0.159647 0.158892 0.158148
0.197311 0.198117 0.197022 0.195680 0.194344 0.193041 0.191769 0.190524 0.189303 0.188106 0.186930 0.185775 0.184641 0.183526 0.182429 0.181351 0.180290 0.179246 0.178220 0.177209 0.176214 0.175235 0.174270 0.173320 0.172384 0.171462 0.170554 0.169659 0.168776 0.167906 0.167048 0.166203 0.165368 0.164546 0.163734 0.162933 0.162143 0.161363 0.160593 0.159833 0.159082 0.158341 0.157609 0.156886 0.156172 0.155467 0.154770 0.154081 0.153400 0.152727
0.183991 0.181101 0.180305 0.179783 0.179235 0.178624 0.177961 0.177258 0.176525 0.175771 0.175002 0.174223 0.173437 0.172647 0.171856 0.171064 0.170274 0.169486 0.168702 0.167921 0.167145 0.166373 0.165607 0.164846 0.164091 0.163343 0.162600 0.161863 0.161133 0.160409 0.159692 0.158981 0.158277 0.157579 0.156888 0.156203 0.155525 0.154853 0.154188 0.153528 0.152875 0.152229 0.151588 0.150953 0.150325 0.149702 0.149085 0.148474 0.147869 0.147269
0.159144 0.163546 0.164729 0.165094 0.165164 0.165076 0.164882 0.164609 0.164274 0.163892 0.163471 0.163019 0.162541 0.162043 0.161527 0.160998 0.160456 0.159905 0.159346 0.158780 0.158209 0.157634 0.157056 0.156475 0.155893 0.155309 0.154726 0.154142 0.153559 0.152976 0.152395 0.151815 0.151238 0.150662 0.150088 0.149517 0.148949 0.148383 0.147820 0.147260 0.146703 0.146149 0.145599 0.145052 0.144508 0.143967 0.143430 0.142897 0.142367 0.141840
0.156450 0.153039 0.152694 0.152870 0.153060 0.153179 0.153221 0.153197 0.153116 0.152986 0.152814 0.152606 0.152365 0.152096 0.151803 0.151487 0.151152 0.150799 0.150432 0.150050 0.149657 0.149253 0.148840 0.148419 0.147990 0.147554 0.147114 0.146668 0.146218 0.145764 0.145308 0.144849 0.144387 0.143924 0.143460 0.142995 0.142529 0.142062 0.141596 0.141129 0.140663 0.140198 0.139733 0.139269 0.138806 0.138344 0.137883 0.137424 0.136966 0.136510
0.137571 0.141560 0.142539 0.142864 0.143041 0.143171 0.143271 0.143341 0.143380 0.143387 0.143362 0.143306 0.143221 0.143109 0.142971 0.142809 0.142626 0.142423 0.142202 0.141964 0.141711 0.141443 0.141163 0.140871 0.140568 0.140255 0.139934 0.139604 0.139268 0.138924 0.138574 0.138219 0.137859 0.137495 0.137127 0.136755 0.136380 0.136002 0.135621 0.135239 0.134854 0.134469 0.134081 0.133693 0.133303 0.132913 0.132523 0.132132 0.131741 0.131349
0.138824 0.135852 0.135058 0.134854 0.134844 0.134907 0.134995 0.135085 0.135165 0.135227 0.135270 0.135290 0.135288 0.135264 0.135217 0.135150 0.135063 0.134957 0.134834 0.134693 0.134537 0.134367 0.134183 0.133986 0.133777 0.133557 0.133327 0.133088 0.132839 0.132583 0.132319 0.132047 0.131770 0.131486 0.131196 0.130902 0.130603 0.130299 0.129992 0.129681 0.129366 0.129049 0.128728 0.128406 0.128080 0.127753 0.127424 0.127094 0.126761 0.126428
0.127971 0.127981 0.127918 0.127950 0.128034 0.128136 0.128241 0.128338 0.128424 0.128497 0.128554 0.128594 0.128619 0.128626 0.128617 0.128592 0.128551 0.128494 0.128423 0.128337 0.128238 0.128126 0.128001 0.127865 0.127718 0.127560 0.127392 0.127215 0.127029 0.126835 0.126633 0.126423 0.126207 0.125984 0.125755 0.125521 0.125280 0.125035 0.124786 0.124531 0.124273 0.124011 0.123745 0.123476 0.123204 0.122930 0.122652 0.122372 0.122090 0.121805
0.119117 0.121017 0.121917 0.122374 0.122633 0.122797 0.122910 0.122993 0.123055 0.123101 0.123135 0.123156 0.123165 0.123163 0.123150 0.123126 0.123091 0.123044 0.122988 0.122920 0.122843 0.122756 0.122658 0.122552 0.122437 0.122312 0.122180 0.122039 0.121891 0.121736 0.121573 0.121404 0.121229 0.121047 0.120860 0.120667 0.120469 0.120266 0.120059 0.119847 0.119630 0.119410 0.119186 0.118959 0.118728 0.118494 0.118257 0.118017 0.117775 0.117530
0.117972 0.118246 0.118514 0.118698 0.118809 0.118870 0.118899 0.118908 0.118903 0.118889 0.118868 0.118840 0.118806 0.118766 0.118721 0.118670 0.118612 0.118549 0.118480 0.118404 0.118321 0.118233 0.118138 0.118036 0.117929 0.117815 0.117695 0.117569 0.117438 0.117301 0.117158 0.117010 0.116858 0.116700 0.116537 0.116370 0.116198 0.116022 0.115842 0.115658 0.115471 0.115279 0.115084 0.114886 0.114685 0.114481 0.114274 0.114064 0.113851 0.113636
0.118335 0.117233 0.116691 0.116396 0.116208 0.116069 0.115952 0.115846 0.115747 0.115651 0.115557 0.115465 0.115373 0.115281 0.115188 0.115094 0.114999 0.114902 0.114802 0.114701 0.114596 0.114489 0.114379 0.114265 0.114148 0.114028 0.113904 0.113777 0.113646 0.113511 0.113373 0.113231 0.113086 0.112938 0.112786 0.112630 0.112471 0.112309 0.112144 0.111976 0.111805 0.111631 0.111454 0.111274 0.111092 0.110907 0.110720 0.110530 0.110338 0.110144
0.115841 0.115367 0.114904 0.114515 0.114198 0.113934 0.113707 0.113506 0.113321 0.113149 0.112986 0.112829 0.112678 0.112531 0.112388 0.112246 0.112108 0.111970 0.111834 0.111699 0.111564 0.111429 0.111294 0.111158 0.111022 0.110884 0.110746 0.110606 0.110465 0.110322 0.110177 0.110031 0.109883 0.109733 0.109581 0.109427 0.109270 0.109112 0.108952 0.108790 0.108625 0.108459 0.108291 0.108120 0.107948 0.107773 0.107597 0.107419 0.107239 0.107057
0.113254 0.113252 0.113010 0.112718 0.112424 0.112143 0.111878 0.111629 0.111392 0.111167 0.110951 0.110743 0.110542 0.110348 0.110159 0.109974 0.109794 0.109618 0.109446 0.109276 0.109109 0.108944 0.108782 0.108621 0.108461 0.108302 0.108144 0.107986 0.107829 0.107672 0.107515 0.107357 0.107199 0.107041 0.106882 0.106722 0.106561 0.106399 0.106237 0.106073 0.105908 0.105742 0.105575 0.105406 0.105237 0.105066 0.104894 0.104720 0.104546 0.104370
0.112285 0.111628 0.111349 0.111109 0.110858 0.110595 0.110329 0.110063 0.109801 0.109545 0.109295 0.109052 0.108815 0.108585 0.108360 0.108142 0.107928 0.107720 0.107517 0.107318 0.107123 0.106932 0.106744 0.106559 0.106376 0.106196 0.106018 0.105842 0.105667 0.105493 0.105321 0.105149 0.104978 0.104808 0.104638 0.104468 0.104298 0.104129 0.103959 0.103789 0.103619 0.103448 0.103277 0.103105 0.102933 0.102761 0.102588 0.102414 0.102239 0.102064
0.109346 0.110029 0.110000 0.109801 0.109553 0.109287 0.109012 0.108734 0.108456 0.108181 0.107909 0.107644 0.107384 0.107130 0.106882 0.106641 0.106405 0.106174 0.105949 0.105729 0.105513 0.105301 0.105093 0.104888 0.104687 0.104488 0.104293 0.104099 0.103908 0.103719 0.103531 0.103345 0.103161 0.102977 0.102795 0.102614 0.102433 0.102254 0.102074 0.101895 0.101717 0.101539 0.101361 0.101183 0.101005 0.100827 0.100649 0.100471 0.100293 0.100114
0.111032 0.109719 0.109167 0.108805 0.108490 0.108187 0.107886 0.107588 0.107294 0.107004 0.106721 0.106443 0.106172 0.105907 0.105648 0.105395 0.105148 0.104905 0.104668 0.104434 0.104205 0.103980 0.103759 0.103540 0.103325 0.103113 0.102903 0.102696 0.102492 0.102289 0.102088 0.101890 0.101693 0.101497 0.101303 0.101110 0.100918 0.100727 0.100538 0.100349 0.100161 0.099973 0.099786 0.099600 0.099414 0.099229 0.099044 0.098859 0.098675 0.098490
0.108250 0.108406 0.108182 0.107871 0.107538 0.107205 0.106880 0.106566 0.106262 0.105969 0.105684 0.105407 0.105138 0.104874 0.104615 0.104362 0.104112 0.103867 0.103626 0.103387 0.103152 0.102920 0.102691 0.102465 0.102241 0.102019 0.101800 0.101582 0.101367 0.101154 0.100943 0.100733 0.100525 0.100318 0.100113 0.099909 0.099707 0.099506 0.099306 0.099107 0.098909 0.098711 0.098515 0.098320 0.098125 0.097931 0.097737 0.097544 0.097352 0.097160
0.107864 0.107650 0.107353 0.106986 0.106613 0.106260 0.105931 0.105624 0.105333 0.105056 0.104788 0.104527 0.104271 0.104019 0.103770 0.103524 0.103280 0.103039 0.102799 0.102561 0.102325 0.102091 0.101858 0.101627 0.101397 0.101170 0.100943 0.100719 0.100495 0.100274 0.100053 0.099834 0.099617 0.099401 0.099186 0.098972 0.098760 0.098549 0.098339 0.098130 0.097922 0.097715 0.097509 0.097304 0.097099 0.096896 0.096693 0.096491 0.096290 0.096090
0.107684 0.107160 0.106522 0.106019 0.105629 0.105311 0.105034 0.104778 0.104534 0.104296 0.104061 0.103827 0.103593 0.103359 0.103124 0.102889 0.102653 0.102417 0.102181 0.101945 0.101709 0.101474 0.101239 0.101005 0.100771 0.100538 0.100306 0.100075 0.099845 0.099616 0.099388 0.099161 0.098935 0.098710 0.098486 0.098263 0.098041 0.097820 0.097601 0.097382 0.097164 0.096948 0.096732 0.096517 0.096303 0.096091 0.095879 0.095667 0.095457 0.095248
0.107932 0.105849 0.105113 0.104804 0.104622 0.104467 0.104310 0.104142 0.103962 0.103771 0.103570 0.103361 0.103145 0.102925 0.102700 0.102471 0.102240 0.102007 0.101771 0.101535 0.101298 0.101059 0.100821 0.100582 0.100343 0.100105 0.099867 0.099629 0.099391 0.099155 0.098919 0.098683 0.098449 0.098215 0.097982 0.097750 0.097519 0.097289 0.097060 0.096831 0.096604 0.096378 0.096152 0.095928 0.095705 0.095482 0.095261 0.095040 0.094820 0.094601
0.100641 0.102506 0.103445 0.103876 0.104043 0.104067 0.104006 0.103893 0.103744 0.103571 0.103380 0.103176 0.102962 0.102741 0.102513 0.102281 0.102045 0.101806 0.101566 0.101323 0.101079 0.100834 0.100588 0.100342 0.100095 0.099849 0.099602 0.099356 0.099110 0.098865 0.098620 0.098375 0.098132 0.097889 0.097646 0.097405 0.097164 0.096925 0.096686 0.096448 0.096211 0.095975 0.095740 0.095506 0.095273 0.095040 0.094809 0.094579 0.094350 0.094121
0.100268 0.103241 0.104152 0.104438 0.104486 0.104422 0.104295 0.104129 0.103938 0.103730 0.103509 0.103279 0.103042 0.102800 0.102554 0.102305 0.102054 0.101800 0.101546 0.101290 0.101034 0.100777 0.100520 0.100262 0.100005 0.099747 0.099490 0.099234 0.098977 0.098721 0.098466 0.098212 0.097958 0.097704 0.097452 0.097200 0.096950 0.096700 0.096451 0.096203 0.095956 0.095710 0.095465 0.095221 0.094978 0.094736 0.094495 0.094256 0.094017 0.093779
0.113519 0.108549 0.106893 0.106157 0.105704 0.105349 0.105034 0.104737 0.104449 0.104166 0.103886 0.103608 0.103331 0.103055 0.102779 0.102503 0.102228 0.101954 0.101679 0.101405 0.101132 0.100859 0.100587 0.100315 0.100043 0.099773 0.099503 0.099233 0.098965 0.098697 0.098430 0.098164 0.097899 0.097634 0.097371 0.097109 0.096847 0.096587 0.096328 0.096069 0.095812 0.095556 0.095301 0.095047 0.094794 0.094542 0.094292 0.094042 0.093794 0.093547
0.106493 0.108258 0.107971 0.107369 0.106794 0.106291 0.105847 0.105446 0.105074 0.104723 0.104386 0.104059 0.103741 0.103428 0.103120 0.102816 0.102515 0.102216 0.101920 0.101626 0.101333 0.101042 0.100753 0.100465 0.100178 0.099892 0.099608 0.099325 0.099043 0.098762 0.098482 0.098204 0.097927 0.097651 0.097376 0.097102 0.096830 0.096558 0.096288 0.096019 0.095752 0.095486 0.095220 0.094957 0.094694 0.094433 0.094172 0.093913 0.093656 0.093399
0.111042 0.109316 0.108529 0.107929 0.107396 0.106908 0.106456 0.106033 0.105633 0.105251 0.104883 0.104527 0.104179 0.103840 0.103506 0.103178 0.102855 0.102535 0.102218 0.101905 0.101594 0.101285 0.100979 0.100674 0.100372 0.100071 0.099772 0.099475 0.099179 0.098885 0.098593 0.098302 0.098012 0.097724 0.097438 0.097153 0.096869 0.096587 0.096306 0.096027 0.095749 0.095473 0.095198 0.094924 0.094652 0.094381 0.094112 0.093844 0.093577 0.093312
0.109182 0.108754 0.108337 0.107962 0.107591 0.107211 0.106826 0.106440 0.106057 0.105679 0.105308 0.104943 0.104583 0.104230 0.103881 0.103537 0.103197 0.102861 0.102528 0.102198 0.101871 0.101547 0.101225 0.100906 0.100589 0.100274 0.099961 0.099651 0.099342 0.099035 0.098730 0.098427 0.098126 0.097826 0.097529 0.097233 0.096939 0.096646 0.096355 0.096066 0.095779 0.095493 0.095209 0.094926 0.094645 0.094365 0.094087 0.093811 0.093536 0.093262
0.107485 0.107945 0.108054 0.107943 0.107713 0.107417 0.107086 0.106736 0.106376 0.106013 0.105649 0.105286 0.104925 0.104566 0.104209 0.103856 0.103505 0.103157 0.102812 0.102470 0.102130 0.101793 0.101458 0.101126 0.100796 0.100469 0.100144 0.099821 0.099500 0.099182 0.098866 0.098552 0.098240 0.097931 0.097623 0.097317 0.097013 0.096711 0.096411 0.096113 0.095817 0.095522 0.095230 0.094939 0.094650 0.094362 0.094077 0.093792 0.093510 0.093229
0.108250 0.108658 0.108581 0.108334 0.108026 0.107693 0.107348 0.106997 0.106642 0.106283 0.105922 0.105560 0.105197 0.104835 0.104474 0.104114 0.103755 0.103398 0.103043 0.102691 0.102341 0.101993 0.101647 0.101305 0.100964 0.100626 0.100291 0.099958 0.099628 0.099300 0.098975 0.098651 0.098331 0.098012 0.097696 0.097382 0.097070 0.096760 0.096452 0.096146 0.095843 0.095541 0.095241 0.094943 0.094647 0.094353 0.094061 0.093770 0.093481 0.093194
0.112067 0.110438 0.109507 0.108882 0.108400 0.107986 0.107603 0.107233 0.106867 0.106502 0.106136 0.105768 0.105400 0.105031 0.104663 0.104295 0.103928 0.103563 0.103199 0.102838 0.102479 0.102123 0.101769 0.101418 0.101069 0.100723 0.100380 0.100039 0.099701 0.099366 0.099033 0.098703 0.098375 0.098050 0.097727 0.097407 0.097089 0.096773 0.096459 0.096147 0.095838 0.095530 0.095225 0.094922 0.094620 0.094321 0.094023 0.093728 0.093434 0.093142
0.111268 0.110186 0.109486 0.108978 0.108554 0.108165 0.107787 0.107412 0.107037 0.106659 0.106280 0.105900 0.105519 0.105139 0.104760 0.104382 0.104006 0.103632 0.103261 0.102892 0.102526 0.102163 0.101803 0.101446 0.101092 0.100740 0.100392 0.100046 0.099703 0.099363 0.099026 0.098691 0.098359 0.098029 0.097702 0.097377 0.097055 0.096735 0.096417 0.096102 0.095788 0.095477 0.095168 0.094861 0.094555 0.094252 0.093951 0.093651 0.093354 0.093058
0.108034 0.108717 0.108914 0.108826 0.108586 0.108265 0.107903 0.107519 0.107124 0.106725 0.106325 0.105925 0.105528 0.105133 0.104741 0.104353 0.103968 0.103587 0.103210 0.102836 0.102465 0.102099 0.101735 0.101375 0.101018 0.100664 0.100314 0.099966 0.099621 0.099279 0.098940 0.098603 0.098269 0.097938 0.097609 0.097282 0.096958 0.096636 0.096317 0.095999 0.095684 0.095370 0.095059 0.094750 0.094443 0.094137 0.093834 0.093532 0.093232 0.092934
0.108126 0.109124 0.109283 0.109101 0.108771 0.108375 0.107950 0.107514 0.107078 0.106646 0.106219 0.105799 0.105385 0.104979 0.104578 0.104183 0.103794 0.103410 0.103031 0.102656 0.102286 0.101919 0.101556 0.101197 0.100841 0.100489 0.100139 0.099793 0.099449 0.099109 0.098770 0.098435 0.098102 0.097771 0.097443 0.097117 0.096793 0.096471 0.096151 0.095834 0.095518 0.095205 0.094893 0.094583 0.094275 0.093969 0.093664 0.093362 0.093061 0.092762
0.113417 0.111521 0.110384 0.109571 0.108907 0.108323 0.107787 0.107284 0.106805 0.106346 0.105904 0.105475 0.105057 0.104649 0.104249 0.103858 0.103472 0.103093 0.102719 0.102350 0.101985 0.101624 0.101267 0.100913 0.100563 0.100215 0.099871 0.099529 0.099190 0.098853 0.098518 0.098186 0.097856 0.097529 0.097203 0.096879 0.096557 0.096238 0.095920 0.095604 0.095289 0.094977 0.094666 0.094357 0.094050 0.093744 0.093440 0.093137 0.092836 0.092537
0.113344 0.111335 0.110068 0.109135 0.108388 0.107757 0.107199 0.106692 0.106220 0.105773 0.105345 0.104932 0.104532 0.104140 0.103757 0.103381 0.103010 0.102645 0.102284 0.101928 0.101574 0.101225 0.100878 0.100534 0.100192 0.099853 0.099516 0.099182 0.098849 0.098518 0.098190 0.097863 0.097538 0.097215 0.096893 0.096573 0.096255 0.095938 0.095623 0.095310 0.094998 0.094687 0.094378 0.094071 0.093765 0.093460 0.093157 0.092856 0.092556 0.092257
0.107525 0.108271 0.107999 0.107532 0.107050 0.106589 0.106153 0.105738 0.105339 0.104953 0.104576 0.104208 0.103845 0.103488 0.103135 0.102785 0.102439 0.102095 0.101754 0.101415 0.101078 0.100742 0.100409 0.100077 0.099747 0.099418 0.099091 0.098765 0.098440 0.098117 0.097795 0.097474 0.097155 0.096837 0.096520 0.096204 0.095890 0.095577 0.095265 0.094955 0.094646 0.094338 0.094031 0.093726 0.093422 0.093119 0.092817 0.092517 0.092218 0.091921
0.107461 0.106030 0.105738 0.105579 0.105388 0.105156 0.104893 0.104611 0.104317 0.104014 0.103706 0.103394 0.103080 0.102763 0.102446 0.102127 0.101807 0.101488 0.101167 0.100847 0.100527 0.100207 0.099887 0.099568 0.099249 0.098930 0.098612 0.098294 0.097977 0.097661 0.097346 0.097031 0.096717 0.096403 0.096091 0.095779 0.095469 0.095159 0.094851 0.094543 0.094236 0.093931 0.093626 0.093323 0.093021 0.092720 0.092420 0.092121 0.091824 0.091527
0.100923 0.103306 0.103901 0.104046 0.104032 0.103934 0.103782 0.103592 0.103373 0.103134 0.102879 0.102612 0.102336 0.102053 0.101763 0.101470 0.101172 0.100872 0.100568 0.100263 0.099957 0.099649 0.099339 0.099030 0.098719 0.098408 0.098097 0.097786 0.097474 0.097163 0.096852 0.096541 0.096231 0.095921 0.095612 0.095303 0.094996 0.094688 0.094382 0.094076 0.093772 0.093468 0.093165 0.092864 0.092563 0.092263 0.091965 0.091667 0.091371 0.091076
0.106264 0.104056 0.103582 0.103442 0.103338 0.103212 0.103056 0.102873 0.102668 0.102445 0.102206 0.101955 0.101694 0.101424 0.101147 0.100865 0.100577 0.100285 0.099990 0.099692 0.099391 0.099089 0.098784 0.098479 0.098172 0.097864 0.097556 0.097247 0.096938 0.096629 0.096320 0.096011 0.095702 0.095394 0.095086 0.094778 0.094471 0.094165 0.093860 0.093555 0.093252 0.092949 0.092647 0.092346 0.092047 0.091748 0.091450 0.091154 0.090858 0.090564
0.101766 0.103382 0.103550 0.103397 0.103178 0.102948 0.102715 0.102476 0.102232 0.101980 0.101720 0.101454 0.101182 0.100903 0.100619 0.100331 0.100039 0.099743 0.099444 0.099143 0.098839 0.098534 0.098227 0.097919 0.097610 0.097301 0.096990 0.096680 0.096369 0.096058 0.095748 0.095438 0.095128 0.094818 0.094509 0.094201 0.093894 0.093587 0.093282 0.092977 0.092673 0.092370 0.092069 0.091768 0.091469 0.091171 0.090874 0.090578 0.090284 0.089991
0.106230 0.104880 0.104154 0.103659 0.103263 0.102915 0.102591 0.102280 0.101976 0.101674 0.101373 0.101071 0.100769 0.100464 0.100158 0.099850 0.099540 0.099229 0.098916 0.098603 0.098288 0.097972 0.097656 0.097339 0.097023 0.096706 0.096389 0.096073 0.095757 0.095441 0.095127 0.094812 0.094499 0.094187 0.093875 0.093565 0.093256 0.092947 0.092640 0.092335 0.092030 0.091727 0.091425 0.091125 0.090826 0.090528 0.090232 0.089937 0.089644 0.089352
0.106695 0.104899 0.104146 0.103660 0.103247 0.102859 0.102484 0.102119 0.101762 0.101411 0.101064 0.100721 0.100381 0.100043 0.099706 0.099370 0.099035 0.098701 0.098368 0.098035 0.097703 0.097372 0.097042 0.096713 0.096384 0.096057 0.095731 0.095406 0.095083 0.094760 0.094439 0.094120 0.093802 0.093485 0.093171 0.092857 0.092545 0.092235 0.091927 0.091620 0.091315 0.091012 0.090710 0.090410 0.090111 0.089815 0.089520 0.089226 0.088935 0.088645
0.100737 0.103150 0.103564 0.103396 0.103054 0.102662 0.102258 0.101856 0.101460 0.101068 0.100683 0.100302 0.099926 0.099554 0.099186 0.098821 0.098459 0.098100 0.097744 0.097391 0.097040 0.096691 0.096346 0.096002 0.095661 0.095323 0.094986 0.094652 0.094321 0.093992 0.093665 0.093340 0.093018 0.092698 0.092380 0.092064 0.091751 0.091440 0.091131 0.090824 0.090519 0.090216 0.089916 0.089617 0.089321 0.089026 0.088734 0.088443 0.088154 0.087867
0.106701 0.104708 0.103812 0.103221 0.102727 0.102269 0.101827 0.101393 0.100966 0.100544 0.100128 0.099717 0.099312 0.098911 0.098516 0.098126 0.097740 0.097359 0.096983 0.096612 0.096244 0.095881 0.095522 0.095167 0.094815 0.094467 0.094123 0.093783 0.093445 0.093112 0.092781 0.092453 0.092129 0.091807 0.091489 0.091173 0.090861 0.090550 0.090243 0.089938 0.089636 0.089336 0.089039 0.088744 0.088451 0.088161 0.087872 0.087586 0.087302 0.087021
0.105586 0.104093 0.103179 0.102550 0.102034 0.101560 0.101101 0.100648 0.100200 0.099756 0.099318 0.098885 0.098458 0.098038 0.097623 0.097216 0.096814 0.096419 0.096030 0.095647 0.095269 0.094897 0.094531 0.094170 0.093813 0.093462 0.093115 0.092772 0.092434 0.092100 0.091770 0.091444 0.091122 0.090803 0.090488 0.090176 0.089867 0.089562 0.089259 0.088960 0.088663 0.088369 0.088078 0.087789 0.087503 0.087220 0.086939 0.086660 0.086383 0.086109
0.100704 0.101444 0.101542 0.101304 0.100923 0.100485 0.100026 0.099562 0.099098 0.098640 0.098187 0.097742 0.097305 0.096875 0.096453 0.096039 0.095633 0.095234 0.094843 0.094459 0.094081 0.093710 0.093345 0.092987 0.092634 0.092286 0.091944 0.091607 0.091275 0.090948 0.090625 0.090306 0.089992 0.089681 0.089375 0.089072 0.088772 0.088476 0.088183 0.087893 0.087606 0.087322 0.087041 0.086762 0.086486 0.086213 0.085941 0.085673 0.085406 0.085142
0.099406 0.100484 0.100406 0.100022 0.099554 0.099063 0.098571 0.098086 0.097611 0.097146 0.096691 0.096247 0.095814 0.095390 0.094975 0.094570 0.094174 0.093785 0.093405 0.093033 0.092668 0.092310 0.091958 0.091613 0.091274 0.090941 0.090613 0.090291 0.089973 0.089660 0.089352 0.089048 0.088748 0.088452 0.088160 0.087872 0.087587 0.087305 0.087026 0.086751 0.086478 0.086208 0.085941 0.085676 0.085414 0.085154 0.084896 0.084641 0.084387 0.084136
0.104729 0.100907 0.099313 0.098409 0.097744 0.097175 0.096655 0.096166 0.095698 0.095248 0.094812 0.094391 0.093981 0.093582 0.093194 0.092815 0.092446 0.092084 0.091731 0.091385 0.091047 0.090715 0.090389 0.090069 0.089755 0.089447 0.089143 0.088844 0.088550 0.088260 0.087975 0.087693 0.087415 0.087140 0.086869 0.086601 0.086336 0.086074 0.085815 0.085558 0.085304 0.085052 0.084803 0.084556 0.084310 0.084067 0.083826 0.083587 0.083349 0.083114
0.095762 0.096476 0.096194 0.095695 0.095177 0.094685 0.094223 0.093785 0.093368 0.092968 0.092583 0.092210 0.091849 0.091498 0.091156 0.090823 0.090498 0.090180 0.089869 0.089565 0.089266 0.088973 0.088685 0.088402 0.088124 0.087850 0.087580 0.087313 0.087051 0.086792 0.086536 0.086283 0.086033 0.085785 0.085540 0.085298 0.085058 0.084820 0.084584 0.084351 0.084119 0.083889 0.083660 0.083433 0.083208 0.082984 0.082762 0.082541 0.082322 0.082103
0.091996 0.092747 0.092682 0.092403 0.092069 0.091723 0.091381 0.091047 0.090723 0.090408 0.090102 0.089804 0.089515 0.089232 0.088956 0.088685 0.088420 0.088161 0.087905 0.087654 0.087407 0.087163 0.086922 0.086685 0.086451 0.086219 0.085989 0.085762 0.085537 0.085314 0.085093 0.084874 0.084657 0.084441 0.084226 0.084013 0.083801 0.083590 0.083381 0.083173 0.082965 0.082759 0.082554 0.082349 0.082146 0.081943 0.081741 0.081540 0.081339 0.081140
0.093013 0.090115 0.089320 0.089007 0.088790 0.088585 0.088376 0.088166 0.087954 0.087744 0.087537 0.087331 0.087129 0.086928 0.086730 0.086534 0.086339 0.086147 0.085955 0.085765 0.085576 0.085387 0.085200 0.085013 0.084827 0.084642 0.084457 0.084272 0.084088 0.083904 0.083720 0.083537 0.083354 0.083171 0.082988 0.082805 0.082623 0.082440 0.082258 0.082076 0.081894 0.081712 0.081530 0.081348 0.081166 0.080984 0.080803 0.080621 0.080440 0.080259
0.081599 0.084780 0.085532 0.085674 0.085653 0.085585 0.085499 0.085406 0.085307 0.085205 0.085099 0.084990 0.084878 0.084764 0.084647 0.084528 0.084406 0.084282 0.084156 0.084028 0.083897 0.083765 0.083630 0.083494 0.083356 0.083216 0.083075 0.082932 0.082787 0.082641 0.082494 0.082345 0.082195 0.082044 0.081892 0.081738 0.081584 0.081428 0.081271 0.081114 0.080956 0.080796 0.080636 0.080476 0.080314 0.080152 0.079990 0.079826 0.079662 0.079498
0.085406 0.083587 0.083146 0.083031 0.083007 0.083010 0.083019 0.083027 0.083030 0.083025 0.083012 0.082991 0.082963 0.082927 0.082884 0.082834 0.082778 0.082716 0.082649 0.082576 0.082498 0.082415 0.082328 0.082236 0.082140 0.082041 0.081938 0.081831 0.081721 0.081608 0.081492 0.081374 0.081252 0.081128 0.081002 0.080873 0.080743 0.080610 0.080475 0.080339 0.080201 0.080061 0.079919 0.079777 0.079632 0.079487 0.079340 0.079192 0.079042 0.078892
0.081317 0.081002 0.080848 0.080860 0.080947 0.081056 0.081164 0.081263 0.081350 0.081423 0.081483 0.081531 0.081566 0.081590 0.081603 0.081607 0.081600 0.081585 0.081562 0.081531 0.081492 0.081446 0.081394 0.081336 0.081272 0.081202 0.081128 0.081048 0.080964 0.080875 0.080782 0.080686 0.080585 0.080481 0.080374 0.080264 0.080151 0.080035 0.079916 0.079795 0.079671 0.079545 0.079418 0.079288 0.079156 0.079022 0.078886 0.078749 0.078611 0.078470
0.077221 0.078339 0.079003 0.079426 0.079726 0.079960 0.080152 0.080314 0.080453 0.080572 0.080673 0.080758 0.080829 0.080885 0.080929 0.080961 0.080982 0.080992 0.080992 0.080983 0.080966 0.080940 0.080907 0.080866 0.080819 0.080766 0.080706 0.080641 0.080570 0.080494 0.080414 0.080329 0.080240 0.080147 0.080050 0.079949 0.079845 0.079738 0.079627 0.079514 0.079398 0.079280 0.079159 0.079036 0.078910 0.078783 0.078653 0.078522 0.078389 0.078254
