0.092710 0.095875 0.098623 0.100963 0.103031 0.104948 0.106799 0.108640 0.110507 0.112425 0.114409 0.116472 0.118621 0.120864 0.123207 0.125656 0.128218 0.130897 0.133700 0.136634 0.139706 0.142922 0.146290 0.149819 0.153516 0.157392 0.161455 0.165716 0.170186 0.174875 0.179797 0.184962 0.190386 0.196082 0.202064 0.208339 0.214820 0.221483 0.228333 0.235373 0.242607 0.250039 0.257673 0.265513 0.273562 0.281825 0.290305 0.299007 0.307933 0.317089
0.095660 0.097979 0.099435 0.100784 0.102206 0.103731 0.105356 0.107073 0.108879 0.110771 0.112749 0.114815 0.116973 0.119225 0.121577 0.124033 0.126599 0.129279 0.132081 0.135010 0.138073 0.141278 0.144632 0.148144 0.151822 0.155676 0.159714 0.163948 0.168388 0.173045 0.177931 0.183060 0.188443 0.194096 0.200034 0.206270 0.212738 0.219387 0.226222 0.233247 0.240466 0.247881 0.255499 0.263321 0.271353 0.279597 0.288059 0.296742 0.305649 0.314785
0.101981 0.099054 0.098325 0.098653 0.099564 0.100830 0.102329 0.103994 0.105786 0.107685 0.109680 0.111766 0.113942 0.116210 0.118572 0.121034 0.123598 0.126272 0.129062 0.131973 0.135013 0.138190 0.141510 0.144984 0.148618 0.152424 0.156409 0.160585 0.164963 0.169553 0.174368 0.179420 0.184723 0.190291 0.196137 0.202279 0.208707 0.215326 0.222131 0.229125 0.236310 0.243692 0.251275 0.259062 0.267057 0.275265 0.283689 0.292333 0.301201 0.310297
0.091445 0.091498 0.092206 0.093339 0.094740 0.096317 0.098019 0.099821 0.101707 0.103670 0.105709 0.107823 0.110015 0.112287 0.114644 0.117091 0.119634 0.122278 0.125031 0.127899 0.130890 0.134010 0.137269 0.140674 0.144235 0.147960 0.151860 0.155944 0.160224 0.164710 0.169415 0.174351 0.179532 0.184970 0.190682 0.196681 0.202981 0.209551 0.216306 0.223249 0.230383 0.237712 0.245240 0.252972 0.260911 0.269061 0.277426 0.286011 0.294819 0.303854
0.076275 0.081192 0.084529 0.087143 0.089397 0.091474 0.093473 0.095449 0.097433 0.099446 0.101501 0.103609 0.105778 0.108015 0.110326 0.112719 0.115201 0.117777 0.120456 0.123243 0.126148 0.129176 0.132337 0.135638 0.139089 0.142699 0.146476 0.150432 0.154577 0.158921 0.163478 0.168258 0.173275 0.178543 0.184075 0.189887 0.195994 0.202404 0.209085 0.215956 0.223018 0.230273 0.237725 0.245380 0.253241 0.261312 0.269597 0.278101 0.286826 0.295778
0.074589 0.077843 0.080942 0.083544 0.085812 0.087893 0.089875 0.091815 0.093745 0.095690 0.097667 0.099687 0.101761 0.103898 0.106106 0.108392 0.110762 0.113223 0.115783 0.118448 0.121226 0.124124 0.127149 0.130310 0.133615 0.137073 0.140694 0.144486 0.148461 0.152629 0.157001 0.161589 0.166406 0.171465 0.176779 0.182364 0.188235 0.194406 0.200884 0.207641 0.214612 0.221770 0.229125 0.236681 0.244442 0.252411 0.260593 0.268992 0.277612 0.286457
0.077118 0.080274 0.081653 0.082997 0.084473 0.086037 0.087655 0.089312 0.091009 0.092748 0.094537 0.096381 0.098288 0.100263 0.102311 0.104440 0.106655 0.108961 0.111364 0.113872 0.116490 0.119225 0.122084 0.125075 0.128205 0.131484 0.134919 0.138520 0.142297 0.146259 0.150419 0.154786 0.159374 0.164194 0.169261 0.174587 0.180189 0.186081 0.192278 0.198785 0.205587 0.212633 0.219867 0.227302 0.234940 0.242785 0.250842 0.259114 0.267606 0.276321
0.091867 0.084263 0.082913 0.083224 0.084070 0.085147 0.086361 0.087675 0.089074 0.090551 0.092102 0.093729 0.095432 0.097213 0.099076 0.101025 0.103062 0.105192 0.107421 0.109753 0.112194 0.114750 0.117427 0.120232 0.123173 0.126256 0.129490 0.132883 0.136446 0.140186 0.144116 0.148245 0.152585 0.157147 0.161946 0.166994 0.172305 0.177894 0.183777 0.189968 0.196475 0.203289 0.210378 0.217673 0.225167 0.232867 0.240777 0.248900 0.257242 0.265805
0.067425 0.077972 0.081137 0.082475 0.083407 0.084312 0.085289 0.086360 0.087528 0.088788 0.090137 0.091572 0.093092 0.094698 0.096390 0.098169 0.100039 0.102003 0.104063 0.106226 0.108494 0.110874 0.113371 0.115992 0.118742 0.121629 0.124661 0.127845 0.131190 0.134705 0.138400 0.142286 0.146372 0.150671 0.155194 0.159954 0.164965 0.170242 0.175798 0.181649 0.187811 0.194293 0.201093 0.208190 0.215529 0.223064 0.230808 0.238763 0.246934 0.255324
0.088074 0.082459 0.081531 0.081765 0.082356 0.083111 0.083983 0.084955 0.086020 0.087173 0.088412 0.089733 0.091137 0.092623 0.094191 0.095845 0.097584 0.099413 0.101335 0.103353 0.105472 0.107696 0.110032 0.112484 0.115060 0.117764 0.120606 0.123592 0.126730 0.130029 0.133498 0.137147 0.140986 0.145025 0.149278 0.153754 0.158468 0.163433 0.168663 0.174172 0.179978 0.186094 0.192532 0.199297 0.206377 0.213732 0.221293 0.229063 0.237045 0.245244
0.078803 0.079078 0.079260 0.079769 0.080504 0.081372 0.082332 0.083365 0.084465 0.085631 0.086863 0.088161 0.089526 0.090961 0.092467 0.094047 0.095704 0.097442 0.099263 0.101173 0.103175 0.105275 0.107477 0.109787 0.112212 0.114758 0.117431 0.120239 0.123189 0.126290 0.129551 0.132980 0.136587 0.140383 0.144378 0.148584 0.153013 0.157678 0.162592 0.167770 0.173227 0.178977 0.185037 0.191420 0.198133 0.205174 0.212514 0.220090 0.227868 0.235860
0.069532 0.073419 0.075535 0.077021 0.078288 0.079486 0.080672 0.081869 0.083091 0.084345 0.085638 0.086974 0.088357 0.089793 0.091283 0.092834 0.094449 0.096133 0.097889 0.099724 0.101641 0.103645 0.105743 0.107939 0.110240 0.112653 0.115183 0.117837 0.120624 0.123550 0.126624 0.129855 0.133252 0.136825 0.140584 0.144540 0.148703 0.153088 0.157705 0.162569 0.167693 0.173093 0.178784 0.184782 0.191101 0.197752 0.204737 0.212039 0.219608 0.227379
0.072061 0.072469 0.073928 0.075453 0.076901 0.078288 0.079640 0.080977 0.082312 0.083657 0.085018 0.086402 0.087817 0.089267 0.090760 0.092300 0.093892 0.095542 0.097254 0.099035 0.100889 0.102821 0.104837 0.106942 0.109143 0.111446 0.113856 0.116381 0.119027 0.121802 0.124714 0.127771 0.130982 0.134356 0.137901 0.141630 0.145552 0.149678 0.154021 0.158593 0.163408 0.168480 0.173822 0.179451 0.185383 0.191632 0.198211 0.205128 0.212372 0.219909
0.070375 0.072860 0.074296 0.075633 0.076996 0.078376 0.079755 0.081129 0.082499 0.083871 0.085250 0.086645 0.088063 0.089509 0.090989 0.092510 0.094077 0.095694 0.097368 0.099103 0.100904 0.102776 0.104725 0.106755 0.108873 0.111084 0.113394 0.115809 0.118336 0.120982 0.123753 0.126659 0.129706 0.132903 0.136259 0.139785 0.143488 0.147381 0.151474 0.155780 0.160309 0.165077 0.170095 0.175379 0.180945 0.186806 0.192980 0.199480 0.206316 0.213485
0.076696 0.075591 0.076190 0.077299 0.078559 0.079857 0.081158 0.082459 0.083761 0.085071 0.086396 0.087741 0.089113 0.090516 0.091956 0.093437 0.094964 0.096541 0.098171 0.099860 0.101611 0.103429 0.105318 0.107283 0.109330 0.111463 0.113687 0.116009 0.118433 0.120967 0.123618 0.126391 0.129295 0.132337 0.135526 0.138870 0.142378 0.146061 0.149928 0.153990 0.158259 0.162747 0.167466 0.172431 0.177654 0.183152 0.188939 0.195031 0.201442 0.208185
0.074168 0.076789 0.078639 0.080075 0.081310 0.082460 0.083582 0.084709 0.085856 0.087034 0.088246 0.089496 0.090787 0.092121 0.093500 0.094927 0.096404 0.097933 0.099518 0.101160 0.102864 0.104633 0.106470 0.108379 0.110364 0.112430 0.114581 0.116822 0.119159 0.121597 0.124142 0.126800 0.129579 0.132484 0.135524 0.138707 0.142040 0.145533 0.149195 0.153037 0.157067 0.161299 0.165743 0.170411 0.175317 0.180475 0.185898 0.191603 0.197603 0.203915
0.077960 0.081547 0.083046 0.083964 0.084744 0.085528 0.086365 0.087268 0.088239 0.089276 0.090376 0.091534 0.092750 0.094021 0.095347 0.096727 0.098162 0.099652 0.101200 0.102805 0.104471 0.106200 0.107994 0.109857 0.111792 0.113803 0.115893 0.118066 0.120328 0.122684 0.125137 0.127695 0.130363 0.133147 0.136055 0.139092 0.142268 0.145589 0.149065 0.152704 0.156516 0.160511 0.164700 0.169094 0.173704 0.178544 0.183627 0.188965 0.194575 0.200471
0.093974 0.089142 0.087649 0.087304 0.087474 0.087935 0.088585 0.089374 0.090269 0.091254 0.092315 0.093445 0.094638 0.095891 0.097201 0.098567 0.099988 0.101464 0.102995 0.104583 0.106229 0.107934 0.109701 0.111532 0.113430 0.115398 0.117439 0.119557 0.121757 0.124041 0.126416 0.128886 0.131455 0.134131 0.136919 0.139825 0.142857 0.146021 0.149325 0.152777 0.156386 0.160161 0.164112 0.168248 0.172581 0.177121 0.181882 0.186874 0.192113 0.197610
0.085967 0.087259 0.087365 0.087600 0.088093 0.088783 0.089611 0.090540 0.091550 0.092627 0.093765 0.094959 0.096206 0.097504 0.098852 0.100248 0.101694 0.103188 0.104732 0.106327 0.107974 0.109675 0.111432 0.113246 0.115121 0.117059 0.119064 0.121138 0.123285 0.125509 0.127814 0.130206 0.132687 0.135264 0.137942 0.140727 0.143625 0.146641 0.149784 0.153061 0.156478 0.160045 0.163770 0.167662 0.171730 0.175985 0.180438 0.185100 0.189983 0.195099
0.082596 0.082844 0.084236 0.085712 0.087093 0.088393 0.089652 0.090899 0.092155 0.093429 0.094729 0.096059 0.097420 0.098815 0.100244 0.101709 0.103212 0.104753 0.106334 0.107957 0.109624 0.111336 0.113096 0.114905 0.116768 0.118686 0.120662 0.122699 0.124801 0.126971 0.129214 0.131532 0.133931 0.136415 0.138989 0.141658 0.144428 0.147304 0.150292 0.153399 0.156632 0.159998 0.163505 0.167160 0.170973 0.174953 0.179108 0.183450 0.187988 0.192734
0.073746 0.078528 0.081884 0.084317 0.086260 0.087956 0.089530 0.091042 0.092526 0.094000 0.095474 0.096954 0.098446 0.099953 0.101479 0.103027 0.104599 0.106197 0.107824 0.109483 0.111176 0.112905 0.114673 0.116483 0.118336 0.120236 0.122186 0.124189 0.126248 0.128366 0.130546 0.132794 0.135111 0.137503 0.139974 0.142529 0.145172 0.147908 0.150744 0.153684 0.156735 0.159903 0.163194 0.166617 0.170179 0.173887 0.177750 0.181777 0.185977 0.190360
0.075853 0.081292 0.083499 0.085122 0.086699 0.088303 0.089922 0.091542 0.093157 0.094763 0.096362 0.097956 0.099551 0.101148 0.102752 0.104365 0.105993 0.107637 0.109300 0.110986 0.112697 0.114435 0.116205 0.118007 0.119846 0.121723 0.123642 0.125605 0.127616 0.129677 0.131792 0.133964 0.136196 0.138493 0.140857 0.143294 0.145808 0.148402 0.151082 0.153853 0.156720 0.159688 0.162764 0.165954 0.169264 0.172701 0.176272 0.179986 0.183850 0.187874
0.098188 0.088354 0.086245 0.086624 0.087856 0.089390 0.091030 0.092701 0.094374 0.096039 0.097693 0.099338 0.100978 0.102614 0.104251 0.105892 0.107541 0.109200 0.110873 0.112562 0.114270 0.116000 0.117754 0.119534 0.121344 0.123186 0.125062 0.126975 0.128927 0.130922 0.132961 0.135049 0.137188 0.139381 0.141632 0.143945 0.146322 0.148768 0.151287 0.153883 0.156561 0.159325 0.162181 0.165133 0.168188 0.171351 0.174629 0.178028 0.181555 0.185217
0.072903 0.080748 0.084664 0.087247 0.089326 0.091190 0.092951 0.094656 0.096327 0.097974 0.099607 0.101229 0.102847 0.104462 0.106079 0.107700 0.109328 0.110965 0.112614 0.114277 0.115956 0.117652 0.119369 0.121108 0.122872 0.124661 0.126479 0.128327 0.130208 0.132123 0.134076 0.136069 0.138104 0.140184 0.142311 0.144490 0.146722 0.149011 0.151361 0.153775 0.156256 0.158809 0.161438 0.164148 0.166942 0.169827 0.172806 0.175886 0.179072 0.182371
0.074168 0.083025 0.087509 0.090283 0.092368 0.094156 0.095809 0.097395 0.098949 0.100489 0.102023 0.103558 0.105097 0.106642 0.108195 0.109758 0.111331 0.112916 0.114514 0.116125 0.117752 0.119396 0.121056 0.122736 0.124436 0.126158 0.127903 0.129673 0.131469 0.133293 0.135148 0.137034 0.138954 0.140910 0.142905 0.144940 0.147018 0.149142 0.151314 0.153537 0.155815 0.158150 0.160545 0.163006 0.165534 0.168134 0.170810 0.173567 0.176409 0.179340
0.104509 0.097168 0.095495 0.095775 0.096723 0.097907 0.099183 0.100505 0.101857 0.103235 0.104635 0.106055 0.107495 0.108953 0.110428 0.111918 0.113424 0.114944 0.116479 0.118028 0.119592 0.121171 0.122765 0.124375 0.126001 0.127646 0.129308 0.130990 0.132692 0.134416 0.136163 0.137934 0.139731 0.141555 0.143409 0.145293 0.147209 0.149160 0.151148 0.153174 0.155242 0.157353 0.159509 0.161715 0.163972 0.166283 0.168653 0.171083 0.173577 0.176140
0.099031 0.098630 0.098827 0.099353 0.100110 0.101034 0.102082 0.103222 0.104433 0.105698 0.107006 0.108349 0.109721 0.111117 0.112534 0.113969 0.115420 0.116885 0.118364 0.119855 0.121358 0.122874 0.124401 0.125940 0.127492 0.129056 0.130632 0.132223 0.133827 0.135447 0.137082 0.138733 0.140403 0.142091 0.143798 0.145527 0.147277 0.149052 0.150851 0.152676 0.154530 0.156413 0.158328 0.160277 0.162260 0.164281 0.166342 0.168444 0.170590 0.172783
0.086810 0.095755 0.098930 0.100452 0.101561 0.102625 0.103741 0.104924 0.106165 0.107452 0.108776 0.110126 0.111499 0.112889 0.114294 0.115710 0.117136 0.118571 0.120014 0.121465 0.122921 0.124385 0.125854 0.127329 0.128811 0.130299 0.131793 0.133294 0.134803 0.136318 0.137842 0.139375 0.140916 0.142467 0.144028 0.145601 0.147185 0.148782 0.150392 0.152017 0.153657 0.155313 0.156987 0.158678 0.160389 0.162121 0.163874 0.165650 0.167451 0.169278
0.107459 0.100704 0.099633 0.100227 0.101363 0.102689 0.104086 0.105512 0.106948 0.108388 0.109830 0.111270 0.112710 0.114149 0.115586 0.117021 0.118455 0.119887 0.121317 0.122746 0.124173 0.125598 0.127022 0.128444 0.129865 0.131285 0.132704 0.134122 0.135539 0.136956 0.138373 0.139789 0.141207 0.142624 0.144043 0.145463 0.146884 0.148306 0.149731 0.151158 0.152588 0.154021 0.155456 0.156896 0.158338 0.159785 0.161236 0.162692 0.164152 0.165618
0.091445 0.094211 0.096028 0.097962 0.099930 0.101841 0.103668 0.105416 0.107100 0.108732 0.110323 0.111882 0.113414 0.114923 0.116413 0.117886 0.119344 0.120789 0.122220 0.123640 0.125048 0.126446 0.127834 0.129212 0.130581 0.131940 0.133291 0.134633 0.135966 0.137290 0.138606 0.139913 0.141212 0.142502 0.143784 0.145057 0.146321 0.147575 0.148821 0.150057 0.151283 0.152499 0.153703 0.154897 0.156079 0.157249 0.158405 0.159548 0.160676 0.161789
0.082596 0.087839 0.092660 0.096215 0.098972 0.101292 0.103365 0.105287 0.107106 0.108849 0.110534 0.112171 0.113767 0.115329 0.116859 0.118362 0.119839 0.121293 0.122726 0.124137 0.125529 0.126903 0.128258 0.129596 0.130917 0.132221 0.133508 0.134778 0.136033 0.137270 0.138491 0.139696 0.140883 0.142052 0.143204 0.144337 0.145451 0.146546 0.147620 0.148673 0.149703 0.150711 0.151693 0.152651 0.153581 0.154482 0.155353 0.156193 0.156998 0.157767
0.079225 0.090984 0.095229 0.097754 0.099843 0.101791 0.103666 0.105486 0.107258 0.108984 0.110667 0.112310 0.113916 0.115486 0.117023 0.118528 0.120004 0.121451 0.122871 0.124264 0.125632 0.126976 0.128295 0.129590 0.130862 0.132111 0.133336 0.134538 0.135717 0.136871 0.138002 0.139108 0.140189 0.141245 0.142273 0.143274 0.144246 0.145188 0.146098 0.146976 0.147820 0.148628 0.149397 0.150127 0.150814 0.151457 0.152052 0.152596 0.153088 0.153522
0.122630 0.105036 0.100715 0.100334 0.101255 0.102648 0.104219 0.105853 0.107502 0.109143 0.110763 0.112359 0.113926 0.115464 0.116971 0.118448 0.119895 0.121313 0.122701 0.124060 0.125391 0.126693 0.127968 0.129214 0.130432 0.131622 0.132784 0.133917 0.135020 0.136094 0.137137 0.138148 0.139127 0.140072 0.140982 0.141856 0.142692 0.143488 0.144242 0.144952 0.145616 0.146231 0.146794 0.147304 0.147755 0.148145 0.148471 0.148727 0.148911 0.149017
0.081753 0.093552 0.097502 0.099614 0.101302 0.102901 0.104486 0.106069 0.107647 0.109213 0.110762 0.112291 0.113796 0.115276 0.116729 0.118154 0.119551 0.120918 0.122257 0.123566 0.124845 0.126095 0.127314 0.128503 0.129660 0.130786 0.131880 0.132941 0.133967 0.134959 0.135914 0.136831 0.137709 0.138547 0.139341 0.140091 0.140794 0.141447 0.142048 0.142594 0.143082 0.143508 0.143869 0.144161 0.144380 0.144521 0.144579 0.144550 0.144426 0.144204
0.088496 0.092775 0.096390 0.099020 0.101078 0.102856 0.104500 0.106077 0.107614 0.109123 0.110608 0.112068 0.113504 0.114915 0.116300 0.117659 0.118991 0.120295 0.121570 0.122817 0.124033 0.125220 0.126375 0.127498 0.128588 0.129644 0.130664 0.131649 0.132595 0.133501 0.134366 0.135188 0.135964 0.136693 0.137371 0.137996 0.138565 0.139075 0.139522 0.139903 0.140214 0.140450 0.140607 0.140679 0.140662 0.140550 0.140336 0.140015 0.139578 0.139019
0.100716 0.098465 0.098782 0.099965 0.101420 0.102942 0.104463 0.105962 0.107432 0.108874 0.110288 0.111676 0.113038 0.114374 0.115685 0.116971 0.118230 0.119462 0.120666 0.121842 0.122989 0.124105 0.125189 0.126240 0.127256 0.128236 0.129179 0.130081 0.130942 0.131759 0.132529 0.133250 0.133920 0.134535 0.135091 0.135587 0.136017 0.136377 0.136665 0.136874 0.136999 0.137037 0.136980 0.136823 0.136559 0.136181 0.135682 0.135054 0.134288 0.133374
0.096924 0.098674 0.099337 0.100303 0.101545 0.102916 0.104325 0.105730 0.107116 0.108475 0.109809 0.111116 0.112399 0.113656 0.114889 0.116097 0.117280 0.118437 0.119567 0.120669 0.121741 0.122782 0.123790 0.124764 0.125701 0.126600 0.127457 0.128272 0.129040 0.129760 0.130428 0.131040 0.131594 0.132086 0.132511 0.132866 0.133145 0.133344 0.133458 0.133481 0.133406 0.133229 0.132940 0.132535 0.132003 0.131338 0.130530 0.129569 0.128445 0.127148
0.098188 0.096356 0.097840 0.099585 0.101180 0.102644 0.104027 0.105360 0.106656 0.107924 0.109168 0.110389 0.111587 0.112763 0.113917 0.115048 0.116154 0.117235 0.118288 0.119314 0.120309 0.121271 0.122200 0.123091 0.123943 0.124753 0.125519 0.126236 0.126902 0.127514 0.128068 0.128559 0.128983 0.129337 0.129615 0.129811 0.129922 0.129939 0.129859 0.129672 0.129374 0.128955 0.128408 0.127724 0.126894 0.125908 0.124755 0.123425 0.121904 0.120181
0.080067 0.092617 0.097140 0.099429 0.101023 0.102374 0.103630 0.104842 0.106028 0.107196 0.108346 0.109480 0.110596 0.111693 0.112770 0.113824 0.114855 0.115860 0.116838 0.117785 0.118700 0.119580 0.120422 0.121224 0.121982 0.122694 0.123356 0.123963 0.124514 0.125002 0.125424 0.125775 0.126051 0.126245 0.126352 0.126367 0.126282 0.126090 0.125785 0.125359 0.124803 0.124108 0.123265 0.122264 0.121093 0.119742 0.118198 0.116448 0.114478 0.112273
0.111673 0.102444 0.100360 0.100367 0.101059 0.101996 0.103027 0.104093 0.105169 0.106245 0.107313 0.108370 0.109413 0.110438 0.111443 0.112425 0.113382 0.114311 0.115209 0.116074 0.116902 0.117692 0.118439 0.119140 0.119792 0.120390 0.120932 0.121412 0.121827 0.122170 0.122438 0.122625 0.122725 0.122732 0.122638 0.122439 0.122124 0.121688 0.121121 0.120415 0.119559 0.118543 0.117357 0.115988 0.114425 0.112654 0.110661 0.108431 0.105947 0.103194
0.096924 0.098168 0.098585 0.099218 0.100052 0.100994 0.101988 0.103004 0.104027 0.105046 0.106057 0.107055 0.108035 0.108995 0.109932 0.110841 0.111722 0.112569 0.113381 0.114154 0.114885 0.115571 0.116207 0.116790 0.117317 0.117782 0.118181 0.118510 0.118763 0.118934 0.119019 0.119010 0.118901 0.118685 0.118354 0.117901 0.117317 0.116592 0.115718 0.114683 0.113477 0.112088 0.110503 0.108710 0.106694 0.104439 0.101930 0.099150 0.096081 0.092704
0.086810 0.092035 0.095106 0.096999 0.098374 0.099535 0.100609 0.101641 0.102650 0.103639 0.104607 0.105554 0.106475 0.107368 0.108232 0.109061 0.109854 0.110607 0.111318 0.111983 0.112597 0.113158 0.113662 0.114104 0.114480 0.114785 0.115013 0.115160 0.115220 0.115185 0.115051 0.114809 0.114452 0.113973 0.113362 0.112610 0.111708 0.110646 0.109413 0.107996 0.106384 0.104563 0.102518 0.100236 0.097699 0.094891 0.091794 0.088389 0.084658 0.080582
0.090603 0.093364 0.094819 0.095996 0.097095 0.098155 0.099185 0.100188 0.101162 0.102108 0.103023 0.103905 0.104753 0.105564 0.106335 0.107065 0.107749 0.108386 0.108972 0.109502 0.109974 0.110384 0.110726 0.110996 0.111190 0.111302 0.111326 0.111255 0.111085 0.110806 0.110413 0.109896 0.109248 0.108460 0.107522 0.106423 0.105154 0.103701 0.102054 0.100198 0.098120 0.095805 0.093237 0.090398 0.087272 0.083840 0.080082 0.075981 0.071520 0.066686
0.102823 0.096599 0.095125 0.095278 0.095991 0.096887 0.097826 0.098757 0.099660 0.100527 0.101354 0.102140 0.102882 0.103578 0.104227 0.104825 0.105369 0.105858 0.106286 0.106651 0.106948 0.107172 0.107319 0.107384 0.107360 0.107242 0.107024 0.106698 0.106257 0.105694 0.104999 0.104165 0.103181 0.102038 0.100724 0.099229 0.097540 0.095644 0.093528 0.091177 0.088574 0.085705 0.082550 0.079091 0.075310 0.071188 0.066709 0.061860 0.056637 0.051045
0.085124 0.089747 0.092062 0.093528 0.094664 0.095650 0.096553 0.097395 0.098184 0.098925 0.099616 0.100259 0.100851 0.101390 0.101876 0.102304 0.102671 0.102975 0.103211 0.103374 0.103460 0.103464 0.103381 0.103203 0.102926 0.102542 0.102044 0.101424 0.100675 0.099786 0.098750 0.097555 0.096192 0.094650 0.092916 0.090977 0.088821 0.086433 0.083798 0.080899 0.077719 0.074240 0.070443 0.066309 0.061820 0.056965 0.051742 0.046162 0.040250 0.034068
0.082596 0.088599 0.091305 0.092830 0.093885 0.094730 0.095463 0.096123 0.096726 0.097277 0.097777 0.098227 0.098623 0.098963 0.099246 0.099466 0.099620 0.099704 0.099713 0.099642 0.099484 0.099235 0.098888 0.098436 0.097872 0.097188 0.096377 0.095429 0.094336 0.093087 0.091673 0.090082 0.088303 0.086323 0.084130 0.081710 0.079047 0.076126 0.072931 0.069443 0.065643 0.061512 0.057031 0.052187 0.046976 0.041415 0.035543 0.029437 0.023194 0.017038
0.101138 0.095107 0.093586 0.093423 0.093681 0.094061 0.094460 0.094841 0.095191 0.095500 0.095766 0.095984 0.096150 0.096260 0.096309 0.096293 0.096207 0.096045 0.095801 0.095469 0.095042 0.094515 0.093879 0.093127 0.092250 0.091241 0.090091 0.088789 0.087325 0.085690 0.083872 0.081858 0.079636 0.077193 0.074514 0.071585 0.068389 0.064909 0.061127 0.057023 0.052577 0.047771 0.042597 0.037069 0.031240 0.025196 0.019111 0.013175 0.007741 0.003253
0.091445 0.092903 0.092941 0.092923 0.092988 0.093100 0.093224 0.093338 0.093428 0.093486 0.093505 0.093479 0.093403 0.093270 0.093075 0.092811 0.092472 0.092051 0.091541 0.090935 0.090227 0.089407 0.088468 0.087402 0.086199 0.084851 0.083347 0.081677 0.079830 0.077795 0.075560 0.073111 0.070435 0.067517 0.064342 0.060894 0.057156 0.053108 0.048733 0.044008 0.038914 0.033452 0.027669 0.021671 0.015698 0.009926 0.005072 0.000939 0.000001 0.000001
0.089338 0.090194 0.091090 0.091508 0.091642 0.091642 0.091578 0.091477 0.091344 0.091177 0.090971 0.090720 0.090416 0.090052 0.089621 0.089116 0.088529 0.087853 0.087080 0.086203 0.085213 0.084101 0.082860 0.081480 0.079952 0.078265 0.076409 0.074373 0.072146 0.069714 0.067066 0.064187 0.061063 0.057679 0.054018 0.050063 0.045796 0.041197 0.036245 0.030920 0.025225 0.019256 0.013287 0.007668 0.003087 0.000001 0.000001 0.000001 0.000001 0.000001
0.086389 0.089735 0.090285 0.090241 0.090054 0.089822 0.089565 0.089286 0.088980 0.088638 0.088253 0.087816 0.087320 0.086756 0.086117 0.085394 0.084582 0.083670 0.082652 0.081520 0.080265 0.078878 0.077350 0.075673 0.073835 0.071827 0.069637 0.067255 0.064668 0.061863 0.058826 0.055544 0.052001 0.048181 0.044068 0.039642 0.034885 0.029777 0.024295 0.018433 0.012369 0.006612 0.001965 0.000001 0.000001 0.000001 0.000001 0.000001 0.000001 0.000001
0.100295 0.092300 0.089731 0.088676 0.088099 0.087682 0.087312 0.086938 0.086534 0.086086 0.085582 0.085012 0.084369 0.083647 0.082836 0.081931 0.080925 0.079809 0.078576 0.077218 0.075727 0.074095 0.072312 0.070368 0.068255 0.065960 0.063474 0.060784 0.057878 0.054742 0.051364 0.047727 0.043818 0.039618 0.035111 0.030278 0.025099 0.019553 0.013619 0.007436 0.002168 0.000001 0.000001 0.000001 0.000001 0.000001 0.000001 0.000001 0.000001 0.000001
0.079225 0.084786 0.085798 0.085845 0.085678 0.085442 0.085153 0.084805 0.084389 0.083898 0.083328 0.082671 0.081924 0.081082 0.080138 0.079087 0.077923 0.076640 0.075230 0.073687 0.072002 0.070166 0.068172 0.066010 0.063670 0.061141 0.058412 0.055472 0.052308 0.048907 0.045255 0.041337 0.037137 0.032639 0.027824 0.022674 0.017170 0.011288 0.005025 0.000001 0.000001 0.000001 0.000001 0.000001 0.000001 0.000001 0.000001 0.000001 0.000001 0.000001
0.086810 0.083595 0.083551 0.083826 0.083968 0.083944 0.083775 0.083482 0.083076 0.082563 0.081945 0.081224 0.080397 0.079463 0.078416 0.077254 0.075971 0.074561 0.073018 0.071336 0.069506 0.067522 0.065374 0.063054 0.060552 0.057857 0.054959 0.051845 0.048504 0.044923 0.041087 0.036982 0.032592 0.027900 0.022889 0.017540 0.011833 0.005746 0.000001 0.000001 0.000001 0.000001 0.000001 0.000001 0.000001 0.000001 0.000001 0.000001 0.000001 0.000001
0.076275 0.081899 0.083395 0.083932 0.084115 0.084084 0.083890 0.083557 0.083101 0.082531 0.081851 0.081062 0.080164 0.079155 0.078032 0.076791 0.075427 0.073936 0.072311 0.070545 0.068632 0.066564 0.064333 0.061929 0.059344 0.056567 0.053588 0.050395 0.046976 0.043318 0.039408 0.035231 0.030772 0.026014 0.020941 0.015532 0.009770 0.003634 0.000001 0.000001 0.000001 0.000001 0.000001 0.000001 0.000001 0.000001 0.000001 0.000001 0.000001 0.000001
0.094395 0.088242 0.087087 0.086764 0.086509 0.086191 0.085789 0.085299 0.084720 0.084050 0.083287 0.082428 0.081470 0.080410 0.079242 0.077963 0.076567 0.075049 0.073402 0.071620 0.069696 0.067621 0.065389 0.062990 0.060416 0.057655 0.054698 0.051534 0.048152 0.044537 0.040679 0.036562 0.032171 0.027492 0.022507 0.017199 0.011549 0.005536 0.000001 0.000001 0.000001 0.000001 0.000001 0.000001 0.000001 0.000001 0.000001 0.000001 0.000001 0.000001
0.082174 0.090502 0.091472 0.091068 0.090458 0.089833 0.089202 0.088545 0.087844 0.087087 0.086264 0.085366 0.084387 0.083321 0.082161 0.080903 0.079540 0.078066 0.076473 0.074755 0.072906 0.070916 0.068779 0.066485 0.064026 0.061392 0.058573 0.055558 0.052338 0.048898 0.045229 0.041315 0.037143 0.032699 0.027966 0.022928 0.017568 0.011866 0.005825 0.000672 0.000001 0.000001 0.000001 0.000001 0.000001 0.000001 0.000001 0.000001 0.000001 0.000001
0.115887 0.101494 0.097482 0.095927 0.095006 0.094264 0.093571 0.092878 0.092162 0.091409 0.090608 0.089751 0.088830 0.087839 0.086769 0.085616 0.084372 0.083030 0.081583 0.080026 0.078349 0.076546 0.074609 0.072530 0.070300 0.067911 0.065352 0.062615 0.059688 0.056562 0.053223 0.049661 0.045863 0.041814 0.037500 0.032907 0.028018 0.022816 0.017283 0.011565 0.006492 0.002499 0.000001 0.000001 0.000001 0.000001 0.000001 0.000001 0.000001 0.000001
0.083860 0.096618 0.099282 0.099625 0.099382 0.098962 0.098469 0.097931 0.097357 0.096744 0.096091 0.095391 0.094639 0.093828 0.092953 0.092007 0.090984 0.089877 0.088680 0.087386 0.085989 0.084481 0.082855 0.081104 0.079220 0.077195 0.075021 0.072688 0.070188 0.067510 0.064645 0.061581 0.058307 0.054811 0.051080 0.047101 0.042859 0.038339 0.033525 0.028417 0.023145 0.018025 0.013195 0.009268 0.006012 0.003134 0.000486 0.000001 0.000001 0.000001
0.114201 0.105769 0.104419 0.104250 0.104172 0.104027 0.103816 0.103554 0.103251 0.102910 0.102531 0.102110 0.101644 0.101128 0.100556 0.099925 0.099228 0.098460 0.097616 0.096690 0.095677 0.094569 0.093362 0.092049 0.090623 0.089077 0.087404 0.085596 0.083646 0.081545 0.079284 0.076855 0.074246 0.071449 0.068451 0.065242 0.061809 0.058139 0.054218 0.050033 0.045591 0.040964 0.036252 0.031620 0.027228 0.023073 0.019108 0.015554 0.012669 0.010162
0.100716 0.107565 0.108924 0.109261 0.109420 0.109544 0.109651 0.109737 0.109797 0.109828 0.109825 0.109785 0.109704 0.109580 0.109408 0.109184 0.108906 0.108569 0.108169 0.107702 0.107165 0.106551 0.105857 0.105078 0.104207 0.103241 0.102173 0.100997 0.099706 0.098294 0.096754 0.095078 0.093258 0.091285 0.089151 0.086847 0.084362 0.081685 0.078806 0.075712 0.072394 0.068855 0.065123 0.061245 0.057303 0.053358 0.049440 0.045580 0.041913 0.038473
0.121365 0.115777 0.114683 0.114693 0.115039 0.115503 0.116007 0.116515 0.117008 0.117477 0.117915 0.118320 0.118689 0.119020 0.119311 0.119560 0.119766 0.119926 0.120039 0.120101 0.120110 0.120062 0.119956 0.119787 0.119551 0.119245 0.118865 0.118405 0.117861 0.117229 0.116502 0.115675 0.114742 0.113697 0.112532 0.111240 0.109814 0.108246 0.106526 0.104645 0.102594 0.100366 0.097959 0.095382 0.092658 0.089820 0.086898 0.083919 0.080922 0.077959
0.113780 0.117323 0.118758 0.119856 0.120903 0.121933 0.122944 0.123930 0.124888 0.125816 0.126715 0.127583 0.128422 0.129232 0.130014 0.130766 0.131490 0.132184 0.132848 0.133481 0.134081 0.134648 0.135178 0.135671 0.136124 0.136535 0.136900 0.137218 0.137484 0.137695 0.137849 0.137940 0.137965 0.137919 0.137798 0.137596 0.137308 0.136928 0.136450 0.135868 0.135174 0.134361 0.133423 0.132358 0.131167 0.129859 0.128448 0.126949 0.125379 0.123763
0.120523 0.121859 0.123929 0.125815 0.127506 0.129068 0.130547 0.131969 0.133351 0.134702 0.136028 0.137335 0.138627 0.139904 0.141170 0.142426 0.143672 0.144909 0.146138 0.147358 0.148569 0.149771 0.150964 0.152145 0.153316 0.154474 0.155618 0.156746 0.157858 0.158950 0.160022 0.161071 0.162095 0.163090 0.164056 0.164987 0.165882 0.166737 0.167547 0.168309 0.169020 0.169672 0.170264 0.170789 0.171246 0.171634 0.171956 0.172217 0.172426 0.172592
0.123894 0.128574 0.131125 0.133203 0.135112 0.136927 0.138684 0.140405 0.142108 0.143801 0.145494 0.147190 0.148893 0.150607 0.152332 0.154072 0.155826 0.157595 0.159381 0.161184 0.163005 0.164843 0.166700 0.168575 0.170468 0.172379 0.174309 0.176257 0.178222 0.180206 0.182206 0.184223 0.186256 0.188304 0.190366 0.192442 0.194530 0.196629 0.198737 0.200854 0.202976 0.205102 0.207230 0.209358 0.211483 0.213605 0.215722 0.217837 0.219952 0.222071
0.141593 0.138834 0.139706 0.141318 0.143095 0.144926 0.146791 0.148688 0.150619 0.152584 0.154586 0.156626 0.158704 0.160821 0.162978 0.165176 0.167415 0.169696 0.172020 0.174388 0.176801 0.179259 0.181763 0.184315 0.186915 0.189564 0.192264 0.195016 0.197819 0.200677 0.203588 0.206556 0.209579 0.212660 0.215800 0.218998 0.222257 0.225576 0.228957 0.232399 0.235905 0.239473 0.243105 0.246800 0.250559 0.254382 0.258270 0.262223 0.266243 0.270330
0.136115 0.143879 0.146620 0.148441 0.150196 0.152044 0.154001 0.156055 0.158197 0.160418 0.162712 0.165078 0.167511 0.170012 0.172579 0.175212 0.177912 0.180679 0.183514 0.186419 0.189394 0.192441 0.195561 0.198757 0.202031 0.205383 0.208817 0.212334 0.215937 0.219628 0.223409 0.227283 0.231252 0.235319 0.239487 0.243757 0.248133 0.252617 0.257211 0.261920 0.266745 0.271688 0.276753 0.281943 0.287259 0.292705 0.298282 0.303993 0.309836 0.315810
0.159713 0.152829 0.152378 0.153587 0.155342 0.157351 0.159523 0.161824 0.164237 0.166750 0.169359 0.172058 0.174845 0.177719 0.180680 0.183727 0.186862 0.190084 0.193396 0.196800 0.200297 0.203890 0.207582 0.211374 0.215270 0.219273 0.223386 0.227612 0.231955 0.236417 0.241004 0.245718 0.250564 0.255545 0.260665 0.265930 0.271342 0.276907 0.282628 0.288512 0.294561 0.300781 0.307177 0.313754 0.320516 0.327468 0.334612 0.341947 0.349472 0.357181
0.140750 0.149311 0.152895 0.155500 0.157955 0.160444 0.163011 0.165671 0.168425 0.171275 0.174222 0.177263 0.180401 0.183635 0.186968 0.190400 0.193934 0.197572 0.201316 0.205171 0.209138 0.213221 0.217424 0.221750 0.226204 0.230789 0.235509 0.240370 0.245375 0.250529 0.255838 0.261306 0.266938 0.272740 0.278716 0.284874 0.291219 0.297756 0.304492 0.311434 0.318587 0.325958 0.333554 0.341382 0.349448 0.357755 0.366302 0.375082 0.384087 0.393307
0.151285 0.150467 0.152963 0.155864 0.158775 0.161697 0.164660 0.167687 0.170788 0.173972 0.177243 0.180606 0.184066 0.187625 0.191288 0.195059 0.198942 0.202941 0.207059 0.211302 0.215673 0.220178 0.224820 0.229605 0.234538 0.239623 0.244866 0.250272 0.255848 0.261598 0.267529 0.273648 0.279959 0.286471 0.293189 0.300121 0.307275 0.314656 0.322274 0.330135 0.338249 0.346623 0.355265 0.364184 0.373384 0.382860 0.392597 0.402580 0.412794 0.423233
0.141172 0.148621 0.152272 0.155371 0.158471 0.161640 0.164877 0.168182 0.171556 0.175006 0.178538 0.182160 0.185878 0.189698 0.193627 0.197670 0.201833 0.206122 0.210542 0.215098 0.219796 0.224642 0.229641 0.234798 0.240120 0.245613 0.251282 0.257135 0.263178 0.269417 0.275859 0.282513 0.289384 0.296482 0.303813 0.311386 0.319210 0.327292 0.335643 0.344271 0.353185 0.362396 0.371913 0.381742 0.391871 0.402277 0.412925 0.423801 0.434902 0.446224
0.154235 0.149967 0.151316 0.154089 0.157268 0.160590 0.163989 0.167452 0.170982 0.174589 0.178280 0.182064 0.185950 0.189946 0.194057 0.198291 0.202654 0.207152 0.211791 0.216578 0.221518 0.226618 0.231883 0.237321 0.242937 0.248738 0.254731 0.260924 0.267324 0.273937 0.280772 0.287838 0.295142 0.302692 0.310499 0.318570 0.326916 0.335546 0.344471 0.353700 0.363244 0.373115 0.383322 0.393849 0.404649 0.415681 0.426919 0.438379 0.450068 0.461990
0.132743 0.142679 0.147883 0.151797 0.155328 0.158757 0.162187 0.165667 0.169219 0.172859 0.176599 0.180445 0.184406 0.188488 0.192697 0.197040 0.201521 0.206147 0.210924 0.215857 0.220954 0.226219 0.231661 0.237284 0.243097 0.249106 0.255319 0.261743 0.268386 0.275257 0.282364 0.289715 0.297320 0.305187 0.313327 0.321750 0.330466 0.339486 0.348820 0.358479 0.368477 0.378825 0.389523 0.400478 0.411658 0.423080 0.434737 0.446629 0.458761 0.471136
0.141593 0.143718 0.146827 0.149948 0.153058 0.156215 0.159458 0.162805 0.166268 0.169851 0.173557 0.177391 0.181356 0.185456 0.189694 0.194076 0.198605 0.203287 0.208126 0.213130 0.218302 0.223651 0.229181 0.234901 0.240817 0.246936 0.253266 0.259815 0.266591 0.273604 0.280861 0.288373 0.296148 0.304197 0.312530 0.321158 0.330092 0.339342 0.348922 0.358842 0.369117 0.379758 0.390715 0.401914 0.413354 0.425038 0.436971 0.449152 0.461583 0.474267
0.143700 0.144059 0.145238 0.147212 0.149683 0.152470 0.155484 0.158681 0.162039 0.165547 0.169200 0.172994 0.176931 0.181010 0.185234 0.189607 0.194131 0.198811 0.203652 0.208658 0.213837 0.219194 0.224735 0.230467 0.236398 0.242534 0.248885 0.255458 0.262262 0.269306 0.276599 0.284151 0.291972 0.300072 0.308462 0.317154 0.326158 0.335487 0.345153 0.355169 0.365548 0.376303 0.387383 0.398710 0.410285 0.422113 0.434196 0.446535 0.459134 0.471994
0.138643 0.137947 0.139409 0.141608 0.144178 0.146998 0.150016 0.153203 0.156545 0.160033 0.163662 0.167431 0.171337 0.175384 0.179572 0.183904 0.188385 0.193019 0.197810 0.202765 0.207888 0.213187 0.218668 0.224338 0.230204 0.236275 0.242558 0.249062 0.255796 0.262769 0.269991 0.277472 0.285221 0.293250 0.301571 0.310193 0.319130 0.328393 0.337996 0.347952 0.358273 0.368975 0.380054 0.391400 0.403002 0.414860 0.426978 0.439360 0.452006 0.464920
0.118416 0.126010 0.130373 0.133803 0.136983 0.140141 0.143360 0.146671 0.150087 0.153615 0.157257 0.161017 0.164898 0.168903 0.173037 0.177305 0.181710 0.186259 0.190956 0.195809 0.200824 0.206006 0.211364 0.216905 0.222636 0.228565 0.234701 0.241053 0.247630 0.254440 0.261495 0.268803 0.276376 0.284225 0.292360 0.300794 0.309538 0.318606 0.328009 0.337762 0.347879 0.358373 0.369259 0.380510 0.392040 0.403822 0.415873 0.428188 0.440773 0.453630
0.118416 0.119976 0.122996 0.126274 0.129592 0.132932 0.136307 0.139734 0.143225 0.146790 0.150439 0.154178 0.158015 0.161957 0.166010 0.170180 0.174474 0.178898 0.183460 0.188165 0.193021 0.198035 0.203214 0.208566 0.214100 0.219823 0.225743 0.231871 0.238214 0.244782 0.251586 0.258635 0.265941 0.273513 0.281363 0.289503 0.297946 0.306703 0.315788 0.325214 0.334995 0.345146 0.355681 0.366608 0.377907 0.389531 0.401417 0.413564 0.425988 0.438686
0.111252 0.113716 0.116485 0.119579 0.122850 0.126206 0.129610 0.133053 0.136539 0.140077 0.143675 0.147343 0.151090 0.154924 0.158853 0.162884 0.167026 0.171284 0.175666 0.180180 0.184833 0.189632 0.194585 0.199699 0.204983 0.210445 0.216093 0.221936 0.227983 0.234245 0.240729 0.247447 0.254409 0.261625 0.269108 0.276867 0.284917 0.293268 0.301934 0.310928 0.320264 0.329956 0.340019 0.350467 0.361307 0.372529 0.384106 0.396002 0.408185 0.420624
0.103666 0.107021 0.110373 0.113720 0.117050 0.120372 0.123698 0.127042 0.130416 0.133831 0.137297 0.140824 0.144420 0.148093 0.151850 0.155699 0.159646 0.163700 0.167866 0.172152 0.176564 0.181111 0.185800 0.190637 0.195631 0.200790 0.206122 0.211636 0.217340 0.223243 0.229356 0.235687 0.242247 0.249047 0.256096 0.263408 0.270992 0.278862 0.287029 0.295507 0.304310 0.313450 0.322944 0.332804 0.343046 0.353678 0.364699 0.376097 0.387853 0.399934
0.097767 0.101893 0.105766 0.109208 0.112421 0.115545 0.118654 0.121781 0.124946 0.128159 0.131427 0.134756 0.138153 0.141623 0.145173 0.148806 0.152531 0.156352 0.160276 0.164309 0.168457 0.172727 0.177126 0.181661 0.186339 0.191168 0.196155 0.201309 0.206638 0.212150 0.217854 0.223761 0.229878 0.236218 0.242789 0.249602 0.256670 0.264003 0.271613 0.279514 0.287717 0.296237 0.305087 0.314282 0.323836 0.333763 0.344075 0.354775 0.365864 0.377331
0.094817 0.100511 0.103504 0.106101 0.108722 0.111425 0.114207 0.117061 0.119981 0.122966 0.126016 0.129131 0.132315 0.135570 0.138899 0.142308 0.145799 0.149378 0.153050 0.156821 0.160695 0.164679 0.168778 0.173000 0.177350 0.181836 0.186464 0.191243 0.196179 0.201281 0.206558 0.212018 0.217669 0.223523 0.229587 0.235874 0.242392 0.249153 0.256169 0.263452 0.271012 0.278865 0.287022 0.295497 0.304305 0.313460 0.322976 0.332865 0.343137 0.353797
0.108723 0.101662 0.101267 0.102778 0.104928 0.107347 0.109908 0.112567 0.115301 0.118103 0.120969 0.123897 0.126889 0.129945 0.133069 0.136263 0.139531 0.142877 0.146304 0.149818 0.153423 0.157124 0.160927 0.164837 0.168861 0.173004 0.177272 0.181673 0.186215 0.190903 0.195746 0.200752 0.205930 0.211288 0.216834 0.222580 0.228534 0.234707 0.241110 0.247753 0.254649 0.261808 0.269244 0.276970 0.284998 0.293343 0.302019 0.311040 0.320418 0.330167
0.079646 0.090271 0.094805 0.097812 0.100446 0.103008 0.105582 0.108191 0.110840 0.113534 0.116274 0.119062 0.121900 0.124791 0.127737 0.130742 0.133808 0.136940 0.140140 0.143414 0.146764 0.150196 0.153714 0.157325 0.161031 0.164841 0.168759 0.172791 0.176944 0.181225 0.185641 0.190199 0.194907 0.199772 0.204804 0.210011 0.215402 0.220986 0.226773 0.232774 0.239000 0.245460 0.252167 0.259133 0.266371 0.273892 0.281711 0.289841 0.298297 0.307091
0.088496 0.088481 0.090888 0.093608 0.096300 0.098940 0.101553 0.104157 0.106769 0.109398 0.112051 0.114735 0.117452 0.120206 0.123002 0.125842 0.128729 0.131667 0.134660 0.137711 0.140824 0.144003 0.147253 0.150579 0.153985 0.157476 0.161058 0.164736 0.168516 0.172405 0.176407 0.180531 0.184783 0.189171 0.193701 0.198383 0.203223 0.208231 0.213416 0.218787 0.224353 0.230125 0.236114 0.242329 0.248783 0.255488 0.262456 0.269698 0.277230 0.285063
0.083860 0.085933 0.088102 0.090562 0.093124 0.095698 0.098261 0.100816 0.103369 0.105929 0.108500 0.111087 0.113695 0.116326 0.118984 0.121672 0.124394 0.127153 0.129952 0.132794 0.135685 0.138627 0.141624 0.144681 0.147802 0.150992 0.154256 0.157598 0.161024 0.164538 0.168148 0.171859 0.175677 0.179608 0.183659 0.187838 0.192151 0.196607 0.201213 0.205978 0.210910 0.216018 0.221312 0.226802 0.232497 0.238409 0.244549 0.250928 0.257558 0.264451
0.080489 0.082997 0.085901 0.088545 0.091046 0.093500 0.095947 0.098397 0.100853 0.103315 0.105785 0.108264 0.110754 0.113257 0.115776 0.118313 0.120872 0.123455 0.126066 0.128709 0.131386 0.134101 0.136857 0.139660 0.142512 0.145417 0.148381 0.151406 0.154499 0.157663 0.160903 0.164226 0.167636 0.171138 0.174739 0.178445 0.182263 0.186198 0.190259 0.194452 0.198784 0.203265 0.207901 0.212703 0.217678 0.222836 0.228188 0.233742 0.239510 0.245503
0.075011 0.082501 0.085570 0.087846 0.090054 0.092307 0.094603 0.096927 0.099264 0.101609 0.103957 0.106308 0.108662 0.111022 0.113390 0.115767 0.118157 0.120562 0.122986 0.125430 0.127899 0.130395 0.132921 0.135481 0.138079 0.140717 0.143399 0.146129 0.148911 0.151750 0.154648 0.157611 0.160643 0.163749 0.166935 0.170204 0.173563 0.177017 0.180573 0.184236 0.188013 0.191911 0.195936 0.200097 0.204401 0.208857 0.213471 0.218254 0.223215 0.228363
0.097767 0.087677 0.086488 0.087739 0.089691 0.091847 0.094059 0.096282 0.098501 0.100714 0.102921 0.105124 0.107324 0.109524 0.111726 0.113933 0.116147 0.118370 0.120605 0.122855 0.125121 0.127406 0.129713 0.132045 0.134404 0.136794 0.139216 0.141675 0.144173 0.146713 0.149299 0.151935 0.154624 0.157371 0.160178 0.163051 0.165994 0.169012 0.172109 0.175291 0.178563 0.181930 0.185399 0.188976 0.192667 0.196478 0.200418 0.204493 0.208711 0.213080
0.065740 0.078368 0.083773 0.087066 0.089654 0.091966 0.094151 0.096270 0.098351 0.100410 0.102454 0.104489 0.106519 0.108548 0.110577 0.112610 0.114647 0.116690 0.118743 0.120805 0.122880 0.124968 0.127072 0.129195 0.131337 0.133501 0.135689 0.137903 0.140147 0.142421 0.144730 0.147075 0.149459 0.151886 0.154359 0.156880 0.159454 0.162084 0.164774 0.167528 0.170349 0.173244 0.176215 0.179269 0.182411 0.185645 0.188977 0.192414 0.195962 0.199627
0.079646 0.082948 0.085988 0.088505 0.090706 0.092743 0.094695 0.096602 0.098485 0.100355 0.102218 0.104078 0.105937 0.107798 0.109661 0.111529 0.113402 0.115281 0.117167 0.119061 0.120964 0.122878 0.124804 0.126742 0.128694 0.130662 0.132647 0.134650 0.136674 0.138719 0.140787 0.142882 0.145003 0.147155 0.149338 0.151556 0.153810 0.156104 0.158440 0.160822 0.163252 0.165734 0.168271 0.170867 0.173527 0.176253 0.179051 0.181925 0.184880 0.187921
0.096081 0.090960 0.090057 0.090741 0.092018 0.093525 0.095128 0.096775 0.098446 0.100132 0.101829 0.103533 0.105245 0.106963 0.108687 0.110418 0.112154 0.113897 0.115646 0.117401 0.119165 0.120935 0.122714 0.124501 0.126298 0.128105 0.129923 0.131752 0.133594 0.135450 0.137320 0.139206 0.141109 0.143031 0.144973 0.146936 0.148922 0.150933 0.152971 0.155037 0.157135 0.159266 0.161433 0.163637 0.165883 0.168173 0.170510 0.172898 0.175339 0.177838
0.084282 0.087641 0.089273 0.090568 0.091881 0.093274 0.094737 0.096250 0.097798 0.099369 0.100959 0.102561 0.104174 0.105795 0.107424 0.109059 0.110700 0.112346 0.113997 0.115653 0.117314 0.118979 0.120649 0.122324 0.124003 0.125688 0.127378 0.129073 0.130775 0.132482 0.134197 0.135919 0.137648 0.139387 0.141134 0.142892 0.144661 0.146441 0.148235 0.150043 0.151867 0.153707 0.155565 0.157443 0.159343 0.161266 0.163215 0.165190 0.167195 0.169233
0.080489 0.084438 0.086827 0.088625 0.090219 0.091752 0.093275 0.094805 0.096345 0.097895 0.099454 0.101020 0.102594 0.104173 0.105756 0.107344 0.108935 0.110528 0.112124 0.113721 0.115320 0.116920 0.118521 0.120122 0.121723 0.123325 0.124926 0.126527 0.128128 0.129728 0.131328 0.132927 0.134527 0.136126 0.137725 0.139324 0.140923 0.142523 0.144124 0.145726 0.147330 0.148937 0.150546 0.152159 0.153776 0.155399 0.157027 0.158663 0.160306 0.161959
0.085546 0.083923 0.084660 0.086115 0.087738 0.089376 0.090997 0.092602 0.094196 0.095784 0.097369 0.098953 0.100537 0.102120 0.103704 0.105287 0.106868 0.108449 0.110028 0.111605 0.113178 0.114749 0.116316 0.117879 0.119438 0.120991 0.122540 0.124082 0.125618 0.127148 0.128670 0.130186 0.131693 0.133192 0.134683 0.136166 0.137639 0.139103 0.140557 0.142002 0.143437 0.144861 0.146275 0.147678 0.149071 0.150454 0.151826 0.153187 0.154537 0.155878
0.076275 0.078830 0.081103 0.083069 0.084879 0.086613 0.088307 0.089977 0.091632 0.093276 0.094912 0.096541 0.098165 0.099784 0.101398 0.103006 0.104610 0.106207 0.107798 0.109383 0.110961 0.112531 0.114093 0.115646 0.117191 0.118725 0.120249 0.121762 0.123263 0.124752 0.126228 0.127690 0.129139 0.130572 0.131989 0.133390 0.134775 0.136141 0.137488 0.138817 0.140125 0.141412 0.142678 0.143921 0.145141 0.146338 0.147509 0.148655 0.149774 0.150867
0.068689 0.075559 0.078411 0.080360 0.082113 0.083829 0.085540 0.087248 0.088953 0.090652 0.092345 0.094030 0.095707 0.097376 0.099036 0.100687 0.102329 0.103961 0.105583 0.107194 0.108794 0.110382 0.111958 0.113521 0.115070 0.116605 0.118125 0.119629 0.121118 0.122588 0.124041 0.125475 0.126888 0.128281 0.129653 0.131001 0.132326 0.133625 0.134899 0.136145 0.137363 0.138551 0.139708 0.140832 0.141923 0.142980 0.143999 0.144981 0.145924 0.146825
0.085546 0.077768 0.076943 0.077944 0.079466 0.081150 0.082890 0.084648 0.086410 0.088169 0.089922 0.091666 0.093400 0.095123 0.096834 0.098533 0.100220 0.101893 0.103552 0.105197 0.106827 0.108442 0.110041 0.111623 0.113188 0.114735 0.116264 0.117773 0.119261 0.120728 0.122173 0.123594 0.124991 0.126362 0.127707 0.129023 0.130310 0.131567 0.132791 0.133982 0.135138 0.136257 0.137338 0.138378 0.139377 0.140332 0.141241 0.142103 0.142915 0.143675
0.059840 0.068925 0.072500 0.074794 0.076775 0.078670 0.080536 0.082386 0.084225 0.086053 0.087868 0.089670 0.091458 0.093232 0.094991 0.096735 0.098463 0.100174 0.101869 0.103547 0.105207 0.106849 0.108472 0.110076 0.111660 0.113222 0.114764 0.116282 0.117777 0.119248 0.120693 0.122111 0.123502 0.124863 0.126194 0.127493 0.128759 0.129990 0.131184 0.132339 0.133455 0.134529 0.135559 0.136543 0.137478 0.138364 0.139197 0.139975 0.140696 0.141357
0.068268 0.068410 0.070489 0.072689 0.074788 0.076806 0.078773 0.080708 0.082617 0.084505 0.086375 0.088225 0.090057 0.091871 0.093668 0.095446 0.097205 0.098946 0.100669 0.102372 0.104055 0.105718 0.107361 0.108982 0.110582 0.112158 0.113711 0.115239 0.116742 0.118218 0.119666 0.121086 0.122475 0.123833 0.125158 0.126448 0.127703 0.128919 0.130096 0.131232 0.132324 0.133370 0.134370 0.135319 0.136216 0.137059 0.137844 0.138570 0.139234 0.139832
0.066161 0.068153 0.069951 0.071867 0.073854 0.075856 0.077848 0.079818 0.081765 0.083688 0.085588 0.087466 0.089323 0.091160 0.092977 0.094773 0.096550 0.098307 0.100045 0.101761 0.103457 0.105132 0.106785 0.108416 0.110024 0.111609 0.113168 0.114702 0.116210 0.117689 0.119140 0.120561 0.121951 0.123308 0.124631 0.125918 0.127168 0.128378 0.129547 0.130674 0.131755 0.132789 0.133774 0.134707 0.135586 0.136408 0.137171 0.137872 0.138507 0.139075
