0.017410 0.017597 0.014334 0.007910 0.000001 0.000001 0.000001 0.000001 0.000001 0.000001 0.000001 0.000001 0.000001 0.000001 0.000001 0.000001 0.000001 0.000001 0.000001 0.000001 0.000001 0.000001 0.000001 0.000001 0.000001 0.000001 0.000001 0.000001 0.000001 0.000001 0.000001 0.000001 0.000001 0.000001 0.000001 0.000001 0.000001 0.000001 0.000001 0.000001 0.000001 0.000001 0.000001 0.000001 0.000001 0.000001 0.000001 0.000001 0.000001 0.000001
0.018908 0.018386 0.014861 0.008341 0.000001 0.000001 0.000001 0.000001 0.000001 0.000001 0.000001 0.000001 0.000001 0.000001 0.000001 0.000001 0.000001 0.000001 0.000001 0.000001 0.000001 0.000001 0.000001 0.000001 0.000001 0.000001 0.000001 0.000001 0.000001 0.000001 0.000001 0.000001 0.000001 0.000001 0.000001 0.000001 0.000001 0.000001 0.000001 0.000001 0.000001 0.000001 0.000001 0.000001 0.000001 0.000001 0.000001 0.000001 0.000001 0.000001
0.019493 0.019100 0.015578 0.009038 0.000001 0.000001 0.000001 0.000001 0.000001 0.000001 0.000001 0.000001 0.000001 0.000001 0.000001 0.000001 0.000001 0.000001 0.000001 0.000001 0.000001 0.000001 0.000001 0.000001 0.000001 0.000001 0.000001 0.000001 0.000001 0.000001 0.000001 0.000001 0.000001 0.000001 0.000001 0.000001 0.000001 0.000001 0.000001 0.000001 0.000001 0.000001 0.000001 0.000001 0.000001 0.000001 0.000001 0.000001 0.000001 0.000001
0.020226 0.019915 0.016412 0.009875 0.000396 0.000001 0.000001 0.000001 0.000001 0.000001 0.000001 0.000001 0.000001 0.000001 0.000001 0.000001 0.000001 0.000001 0.000001 0.000001 0.000001 0.000001 0.000001 0.000001 0.000001 0.000001 0.000001 0.000001 0.000001 0.000001 0.000001 0.000001 0.000001 0.000001 0.000001 0.000001 0.000001 0.000001 0.000001 0.000001 0.000001 0.000001 0.000001 0.000001 0.000001 0.000001 0.000001 0.000001 0.000001 0.000001
0.020848 0.020741 0.017263 0.010703 0.001220 0.000001 0.000001 0.000001 0.000001 0.000001 0.000001 0.000001 0.000001 0.000001 0.000001 0.000001 0.000001 0.000001 0.000001 0.000001 0.000001 0.000001 0.000001 0.000001 0.000001 0.000001 0.000001 0.000001 0.000001 0.000001 0.000001 0.000001 0.000001 0.000001 0.000001 0.000001 0.000001 0.000001 0.000001 0.000001 0.000001 0.000001 0.000001 0.000001 0.000001 0.000001 0.000001 0.000001 0.000001 0.000001
0.022851 0.021831 0.017959 0.011308 0.001865 0.000001 0.000001 0.000001 0.000001 0.000001 0.000001 0.000001 0.000001 0.000001 0.000001 0.000001 0.000001 0.000001 0.000001 0.000001 0.000001 0.000001 0.000001 0.000001 0.000001 0.000001 0.000001 0.000001 0.000001 0.000001 0.000001 0.000001 0.000001 0.000001 0.000001 0.000001 0.000001 0.000001 0.000001 0.000001 0.000001 0.000001 0.000001 0.000001 0.000001 0.000001 0.000001 0.000001 0.000001 0.000001
0.022191 0.021326 0.017854 0.011513 0.002308 0.000001 0.000001 0.000001 0.000001 0.000001 0.000001 0.000001 0.000001 0.000001 0.000001 0.000001 0.000001 0.000001 0.000001 0.000001 0.000001 0.000001 0.000001 0.000001 0.000001 0.000001 0.000001 0.000001 0.000001 0.000001 0.000001 0.000001 0.000001 0.000001 0.000001 0.000001 0.000001 0.000001 0.000001 0.000001 0.000001 0.000001 0.000001 0.000001 0.000001 0.000001 0.000001 0.000001 0.000001 0.000001
0.019531 0.020617 0.017845 0.011847 0.002861 0.000001 0.000001 0.000001 0.000001 0.000001 0.000001 0.000001 0.000001 0.000001 0.000001 0.000001 0.000001 0.000001 0.000001 0.000001 0.000001 0.000001 0.000001 0.000001 0.000001 0.000001 0.000001 0.000001 0.000001 0.000001 0.000001 0.000001 0.000001 0.000001 0.000001 0.000001 0.000001 0.000001 0.000001 0.000001 0.000001 0.000001 0.000001 0.000001 0.000001 0.000001 0.000001 0.000001 0.000001 0.000001
0.021868 0.021972 0.018853 0.012712 0.003696 0.000001 0.000001 0.000001 0.000001 0.000001 0.000001 0.000001 0.000001 0.000001 0.000001 0.000001 0.000001 0.000001 0.000001 0.000001 0.000001 0.000001 0.000001 0.000001 0.000001 0.000001 0.000001 0.000001 0.000001 0.000001 0.000001 0.000001 0.000001 0.000001 0.000001 0.000001 0.000001 0.000001 0.000001 0.000001 0.000001 0.000001 0.000001 0.000001 0.000001 0.000001 0.000001 0.000001 0.000001 0.000001
0.025436 0.023895 0.020012 0.013556 0.004448 0.000001 0.000001 0.000001 0.000001 0.000001 0.000001 0.000001 0.000001 0.000001 0.000001 0.000001 0.000001 0.000001 0.000001 0.000001 0.000001 0.000001 0.000001 0.000001 0.000001 0.000001 0.000001 0.000001 0.000001 0.000001 0.000001 0.000001 0.000001 0.000001 0.000001 0.000001 0.000001 0.000001 0.000001 0.000001 0.000001 0.000001 0.000001 0.000001 0.000001 0.000001 0.000001 0.000001 0.000001 0.000001
0.023808 0.023225 0.019780 0.013570 0.004651 0.000001 0.000001 0.000001 0.000001 0.000001 0.000001 0.000001 0.000001 0.000001 0.000001 0.000001 0.000001 0.000001 0.000001 0.000001 0.000001 0.000001 0.000001 0.000001 0.000001 0.000001 0.000001 0.000001 0.000001 0.000001 0.000001 0.000001 0.000001 0.000001 0.000001 0.000001 0.000001 0.000001 0.000001 0.000001 0.000001 0.000001 0.000001 0.000001 0.000001 0.000001 0.000001 0.000001 0.000001 0.000001
0.020556 0.021518 0.018807 0.013019 0.004411 0.000001 0.000001 0.000001 0.000001 0.000001 0.000001 0.000001 0.000001 0.000001 0.000001 0.000001 0.000001 0.000001 0.000001 0.000001 0.000001 0.000001 0.000001 0.000001 0.000001 0.000001 0.000001 0.000001 0.000001 0.000001 0.000001 0.000001 0.000001 0.000001 0.000001 0.000001 0.000001 0.000001 0.000001 0.000001 0.000001 0.000001 0.000001 0.000001 0.000001 0.000001 0.000001 0.000001 0.000001 0.000001
0.022748 0.021743 0.018474 0.012628 0.004152 0.000001 0.000001 0.000001 0.000001 0.000001 0.000001 0.000001 0.000001 0.000001 0.000001 0.000001 0.000001 0.000001 0.000001 0.000001 0.000001 0.000001 0.000001 0.000001 0.000001 0.000001 0.000001 0.000001 0.000001 0.000001 0.000001 0.000001 0.000001 0.000001 0.000001 0.000001 0.000001 0.000001 0.000001 0.000001 0.000001 0.000001 0.000001 0.000001 0.000001 0.000001 0.000001 0.000001 0.000001 0.000001
0.021350 0.021253 0.018174 0.012397 0.004032 0.000001 0.000001 0.000001 0.000001 0.000001 0.000001 0.000001 0.000001 0.000001 0.000001 0.000001 0.000001 0.000001 0.000001 0.000001 0.000001 0.000001 0.000001 0.000001 0.000001 0.000001 0.000001 0.000001 0.000001 0.000001 0.000001 0.000001 0.000001 0.000001 0.000001 0.000001 0.000001 0.000001 0.000001 0.000001 0.000001 0.000001 0.000001 0.000001 0.000001 0.000001 0.000001 0.000001 0.000001 0.000001
0.021487 0.021260 0.018123 0.012355 0.004085 0.000001 0.000001 0.000001 0.000001 0.000001 0.000001 0.000001 0.000001 0.000001 0.000001 0.000001 0.000001 0.000001 0.000001 0.000001 0.000001 0.000001 0.000001 0.000001 0.000001 0.000001 0.000001 0.000001 0.000001 0.000001 0.000001 0.000001 0.000001 0.000001 0.000001 0.000001 0.000001 0.000001 0.000001 0.000001 0.000001 0.000001 0.000001 0.000001 0.000001 0.000001 0.000001 0.000001 0.000001 0.000001
0.023483 0.021949 0.018333 0.012474 0.004297 0.000001 0.000001 0.000001 0.000001 0.000001 0.000001 0.000001 0.000001 0.000001 0.000001 0.000001 0.000001 0.000001 0.000001 0.000001 0.000001 0.000001 0.000001 0.000001 0.000001 0.000001 0.000001 0.000001 0.000001 0.000001 0.000001 0.000001 0.000001 0.000001 0.000001 0.000001 0.000001 0.000001 0.000001 0.000001 0.000001 0.000001 0.000001 0.000001 0.000001 0.000001 0.000001 0.000001 0.000001 0.000001
0.022657 0.021589 0.018263 0.012610 0.004639 0.000001 0.000001 0.000001 0.000001 0.000001 0.000001 0.000001 0.000001 0.000001 0.000001 0.000001 0.000001 0.000001 0.000001 0.000001 0.000001 0.000001 0.000001 0.000001 0.000001 0.000001 0.000001 0.000001 0.000001 0.000001 0.000001 0.000001 0.000001 0.000001 0.000001 0.000001 0.000001 0.000001 0.000001 0.000001 0.000001 0.000001 0.000001 0.000001 0.000001 0.000001 0.000001 0.000001 0.000001 0.000001
0.021620 0.021404 0.018400 0.012942 0.005164 0.000001 0.000001 0.000001 0.000001 0.000001 0.000001 0.000001 0.000001 0.000001 0.000001 0.000001 0.000001 0.000001 0.000001 0.000001 0.000001 0.000001 0.000001 0.000001 0.000001 0.000001 0.000001 0.000001 0.000001 0.000001 0.000001 0.000001 0.000001 0.000001 0.000001 0.000001 0.000001 0.000001 0.000001 0.000001 0.000001 0.000001 0.000001 0.000001 0.000001 0.000001 0.000001 0.000001 0.000001 0.000001
0.023062 0.022185 0.018956 0.013477 0.005804 0.000001 0.000001 0.000001 0.000001 0.000001 0.000001 0.000001 0.000001 0.000001 0.000001 0.000001 0.000001 0.000001 0.000001 0.000001 0.000001 0.000001 0.000001 0.000001 0.000001 0.000001 0.000001 0.000001 0.000001 0.000001 0.000001 0.000001 0.000001 0.000001 0.000001 0.000001 0.000001 0.000001 0.000001 0.000001 0.000001 0.000001 0.000001 0.000001 0.000001 0.000001 0.000001 0.000001 0.000001 0.000001
0.023835 0.022668 0.019324 0.013868 0.006331 0.000001 0.000001 0.000001 0.000001 0.000001 0.000001 0.000001 0.000001 0.000001 0.000001 0.000001 0.000001 0.000001 0.000001 0.000001 0.000001 0.000001 0.000001 0.000001 0.000001 0.000001 0.000001 0.000001 0.000001 0.000001 0.000001 0.000001 0.000001 0.000001 0.000001 0.000001 0.000001 0.000001 0.000001 0.000001 0.000001 0.000001 0.000001 0.000001 0.000001 0.000001 0.000001 0.000001 0.000001 0.000001
0.024298 0.022726 0.019316 0.013966 0.006637 0.000001 0.000001 0.000001 0.000001 0.000001 0.000001 0.000001 0.000001 0.000001 0.000001 0.000001 0.000001 0.000001 0.000001 0.000001 0.000001 0.000001 0.000001 0.000001 0.000001 0.000001 0.000001 0.000001 0.000001 0.000001 0.000001 0.000001 0.000001 0.000001 0.000001 0.000001 0.000001 0.000001 0.000001 0.000001 0.000001 0.000001 0.000001 0.000001 0.000001 0.000001 0.000001 0.000001 0.000001 0.000001
0.023160 0.022083 0.018980 0.013876 0.006809 0.000001 0.000001 0.000001 0.000001 0.000001 0.000001 0.000001 0.000001 0.000001 0.000001 0.000001 0.000001 0.000001 0.000001 0.000001 0.000001 0.000001 0.000001 0.000001 0.000001 0.000001 0.000001 0.000001 0.000001 0.000001 0.000001 0.000001 0.000001 0.000001 0.000001 0.000001 0.000001 0.000001 0.000001 0.000001 0.000001 0.000001 0.000001 0.000001 0.000001 0.000001 0.000001 0.000001 0.000001 0.000001
0.022297 0.021746 0.018819 0.013874 0.007020 0.000001 0.000001 0.000001 0.000001 0.000001 0.000001 0.000001 0.000001 0.000001 0.000001 0.000001 0.000001 0.000001 0.000001 0.000001 0.000001 0.000001 0.000001 0.000001 0.000001 0.000001 0.000001 0.000001 0.000001 0.000001 0.000001 0.000001 0.000001 0.000001 0.000001 0.000001 0.000001 0.000001 0.000001 0.000001 0.000001 0.000001 0.000001 0.000001 0.000001 0.000001 0.000001 0.000001 0.000001 0.000001
0.023810 0.022198 0.018997 0.014048 0.007330 0.000001 0.000001 0.000001 0.000001 0.000001 0.000001 0.000001 0.000001 0.000001 0.000001 0.000001 0.000001 0.000001 0.000001 0.000001 0.000001 0.000001 0.000001 0.000001 0.000001 0.000001 0.000001 0.000001 0.000001 0.000001 0.000001 0.000001 0.000001 0.000001 0.000001 0.000001 0.000001 0.000001 0.000001 0.000001 0.000001 0.000001 0.000001 0.000001 0.000001 0.000001 0.000001 0.000001 0.000001 0.000001
0.023848 0.022412 0.019176 0.014252 0.007665 0.000001 0.000001 0.000001 0.000001 0.000001 0.000001 0.000001 0.000001 0.000001 0.000001 0.000001 0.000001 0.000001 0.000001 0.000001 0.000001 0.000001 0.000001 0.000001 0.000001 0.000001 0.000001 0.000001 0.000001 0.000001 0.000001 0.000001 0.000001 0.000001 0.000001 0.000001 0.000001 0.000001 0.000001 0.000001 0.000001 0.000001 0.000001 0.000001 0.000001 0.000001 0.000001 0.000001 0.000001 0.000001
0.024683 0.022607 0.019240 0.014372 0.007959 0.000001 0.000001 0.000001 0.000001 0.000001 0.000001 0.000001 0.000001 0.000001 0.000001 0.000001 0.000001 0.000001 0.000001 0.000001 0.000001 0.000001 0.000001 0.000001 0.000001 0.000001 0.000001 0.000001 0.000001 0.000001 0.000001 0.000001 0.000001 0.000001 0.000001 0.000001 0.000001 0.000001 0.000001 0.000001 0.000001 0.000001 0.000001 0.000001 0.000001 0.000001 0.000001 0.000001 0.000001 0.000001
0.022532 0.022026 0.019076 0.014434 0.008270 0.000605 0.000001 0.000001 0.000001 0.000001 0.000001 0.000001 0.000001 0.000001 0.000001 0.000001 0.000001 0.000001 0.000001 0.000001 0.000001 0.000001 0.000001 0.000001 0.000001 0.000001 0.000001 0.000001 0.000001 0.000001 0.000001 0.000001 0.000001 0.000001 0.000001 0.000001 0.000001 0.000001 0.000001 0.000001 0.000001 0.000001 0.000001 0.000001 0.000001 0.000001 0.000001 0.000001 0.000001 0.000001
0.026757 0.023056 0.019424 0.014763 0.008798 0.001440 0.000001 0.000001 0.000001 0.000001 0.000001 0.000001 0.000001 0.000001 0.000001 0.000001 0.000001 0.000001 0.000001 0.000001 0.000001 0.000001 0.000001 0.000001 0.000001 0.000001 0.000001 0.000001 0.000001 0.000001 0.000001 0.000001 0.000001 0.000001 0.000001 0.000001 0.000001 0.000001 0.000001 0.000001 0.000001 0.000001 0.000001 0.000001 0.000001 0.000001 0.000001 0.000001 0.000001 0.000001
0.022494 0.022321 0.019614 0.015308 0.009613 0.002563 0.000001 0.000001 0.000001 0.000001 0.000001 0.000001 0.000001 0.000001 0.000001 0.000001 0.000001 0.000001 0.000001 0.000001 0.000001 0.000001 0.000001 0.000001 0.000001 0.000001 0.000001 0.000001 0.000001 0.000001 0.000001 0.000001 0.000001 0.000001 0.000001 0.000001 0.000001 0.000001 0.000001 0.000001 0.000001 0.000001 0.000001 0.000001 0.000001 0.000001 0.000001 0.000001 0.000001 0.000001
0.026074 0.023683 0.020553 0.016269 0.010749 0.003963 0.000001 0.000001 0.000001 0.000001 0.000001 0.000001 0.000001 0.000001 0.000001 0.000001 0.000001 0.000001 0.000001 0.000001 0.000001 0.000001 0.000001 0.000001 0.000001 0.000001 0.000001 0.000001 0.000001 0.000001 0.000001 0.000001 0.000001 0.000001 0.000001 0.000001 0.000001 0.000001 0.000001 0.000001 0.000001 0.000001 0.000001 0.000001 0.000001 0.000001 0.000001 0.000001 0.000001 0.000001
0.026222 0.024545 0.021566 0.017396 0.012045 0.005503 0.000001 0.000001 0.000001 0.000001 0.000001 0.000001 0.000001 0.000001 0.000001 0.000001 0.000001 0.000001 0.000001 0.000001 0.000001 0.000001 0.000001 0.000001 0.000001 0.000001 0.000001 0.000001 0.000001 0.000001 0.000001 0.000001 0.000001 0.000001 0.000001 0.000001 0.000001 0.000001 0.000001 0.000001 0.000001 0.000001 0.000001 0.000001 0.000001 0.000001 0.000001 0.000001 0.000001 0.000001
0.027185 0.025483 0.022550 0.018468 0.013276 0.006978 0.000001 0.000001 0.000001 0.000001 0.000001 0.000001 0.000001 0.000001 0.000001 0.000001 0.000001 0.000001 0.000001 0.000001 0.000001 0.000001 0.000001 0.000001 0.000001 0.000001 0.000001 0.000001 0.000001 0.000001 0.000001 0.000001 0.000001 0.000001 0.000001 0.000001 0.000001 0.000001 0.000001 0.000001 0.000001 0.000001 0.000001 0.000001 0.000001 0.000001 0.000001 0.000001 0.000001 0.000001
0.028656 0.026382 0.023281 0.019243 0.014228 0.008213 0.001172 0.000001 0.000001 0.000001 0.000001 0.000001 0.000001 0.000001 0.000001 0.000001 0.000001 0.000001 0.000001 0.000001 0.000001 0.000001 0.000001 0.000001 0.000001 0.000001 0.000001 0.000001 0.000001 0.000001 0.000001 0.000001 0.000001 0.000001 0.000001 0.000001 0.000001 0.000001 0.000001 0.000001 0.000001 0.000001 0.000001 0.000001 0.000001 0.000001 0.000001 0.000001 0.000001 0.000001
0.027782 0.026158 0.023343 0.019552 0.014833 0.009188 0.002595 0.000001 0.000001 0.000001 0.000001 0.000001 0.000001 0.000001 0.000001 0.000001 0.000001 0.000001 0.000001 0.000001 0.000001 0.000001 0.000001 0.000001 0.000001 0.000001 0.000001 0.000001 0.000001 0.000001 0.000001 0.000001 0.000001 0.000001 0.000001 0.000001 0.000001 0.000001 0.000001 0.000001 0.000001 0.000001 0.000001 0.000001 0.000001 0.000001 0.000001 0.000001 0.000001 0.000001
0.028358 0.026064 0.023271 0.019712 0.015332 0.010110 0.004024 0.000001 0.000001 0.000001 0.000001 0.000001 0.000001 0.000001 0.000001 0.000001 0.000001 0.000001 0.000001 0.000001 0.000001 0.000001 0.000001 0.000001 0.000001 0.000001 0.000001 0.000001 0.000001 0.000001 0.000001 0.000001 0.000001 0.000001 0.000001 0.000001 0.000001 0.000001 0.000001 0.000001 0.000001 0.000001 0.000001 0.000001 0.000001 0.000001 0.000001 0.000001 0.000001 0.000001
0.027043 0.025802 0.023351 0.020078 0.016052 0.011273 0.005718 0.000001 0.000001 0.000001 0.000001 0.000001 0.000001 0.000001 0.000001 0.000001 0.000001 0.000001 0.000001 0.000001 0.000001 0.000001 0.000001 0.000001 0.000001 0.000001 0.000001 0.000001 0.000001 0.000001 0.000001 0.000001 0.000001 0.000001 0.000001 0.000001 0.000001 0.000001 0.000001 0.000001 0.000001 0.000001 0.000001 0.000001 0.000001 0.000001 0.000001 0.000001 0.000001 0.000001
0.029072 0.026505 0.023942 0.020888 0.017220 0.012896 0.007887 0.002179 0.000001 0.000001 0.000001 0.000001 0.000001 0.000001 0.000001 0.000001 0.000001 0.000001 0.000001 0.000001 0.000001 0.000001 0.000001 0.000001 0.000001 0.000001 0.000001 0.000001 0.000001 0.000001 0.000001 0.000001 0.000001 0.000001 0.000001 0.000001 0.000001 0.000001 0.000001 0.000001 0.000001 0.000001 0.000001 0.000001 0.000001 0.000001 0.000001 0.000001 0.000001 0.000001
0.027456 0.026736 0.024831 0.022198 0.018946 0.015099 0.010656 0.005600 0.000374 0.000001 0.000001 0.000001 0.000001 0.000001 0.000001 0.000001 0.000001 0.000001 0.000001 0.000001 0.000001 0.000001 0.000001 0.000001 0.000001 0.000001 0.000001 0.000001 0.000001 0.000001 0.000001 0.000001 0.000001 0.000001 0.000001 0.000001 0.000001 0.000001 0.000001 0.000001 0.000001 0.000001 0.000001 0.000001 0.000001 0.000001 0.000001 0.000001 0.000001 0.000001
0.030441 0.028673 0.026679 0.024239 0.021332 0.017955 0.014096 0.009737 0.004887 0.000442 0.000001 0.000001 0.000001 0.000001 0.000001 0.000001 0.000001 0.000001 0.000001 0.000001 0.000001 0.000001 0.000001 0.000001 0.000001 0.000001 0.000001 0.000001 0.000001 0.000001 0.000001 0.000001 0.000001 0.000001 0.000001 0.000001 0.000001 0.000001 0.000001 0.000001 0.000001 0.000001 0.000001 0.000001 0.000001 0.000001 0.000001 0.000001 0.000001 0.000001
0.032850 0.031094 0.029099 0.026865 0.024338 0.021477 0.018253 0.014641 0.010615 0.006268 0.002380 0.000001 0.000001 0.000001 0.000001 0.000001 0.000001 0.000001 0.000001 0.000001 0.000001 0.000001 0.000001 0.000001 0.000001 0.000001 0.000001 0.000001 0.000001 0.000001 0.000001 0.000001 0.000001 0.000001 0.000001 0.000001 0.000001 0.000001 0.000001 0.000001 0.000001 0.000001 0.000001 0.000001 0.000091 0.000812 0.001985 0.003440 0.005069 0.006753
0.034234 0.033056 0.031610 0.029906 0.027940 0.025703 0.023183 0.020369 0.017243 0.013799 0.010148 0.006606 0.003817 0.001646 0.000001 0.000001 0.000001 0.000001 0.000001 0.000001 0.000001 0.000001 0.000001 0.000001 0.000001 0.000001 0.000001 0.000001 0.000001 0.000001 0.000001 0.000001 0.000001 0.000001 0.000115 0.000665 0.001521 0.002602 0.003872 0.005312 0.006903 0.008621 0.010444 0.012364 0.014382 0.016570 0.018988 0.021637 0.024386 0.027174
0.035790 0.035491 0.034748 0.033662 0.032309 0.030728 0.028937 0.026940 0.024734 0.022312 0.019682 0.016913 0.014187 0.011694 0.009475 0.007807 0.006663 0.005864 0.005321 0.004982 0.004819 0.004809 0.004939 0.005195 0.005570 0.006059 0.006661 0.007374 0.008199 0.009138 0.010193 0.011366 0.012654 0.014044 0.015535 0.017212 0.019137 0.021318 0.023751 0.026429 0.029309 0.032350 0.035544 0.038886 0.042367 0.045880 0.049477 0.053216 0.057111 0.061133
0.040665 0.039948 0.039228 0.038434 0.037545 0.036554 0.035464 0.034276 0.032991 0.031609 0.030129 0.028562 0.026955 0.025395 0.023962 0.022739 0.021823 0.021220 0.020902 0.020844 0.021025 0.021425 0.022025 0.022813 0.023785 0.024937 0.026271 0.027788 0.029491 0.031383 0.033467 0.035747 0.038200 0.040802 0.043549 0.046456 0.049558 0.052883 0.056450 0.060250 0.064198 0.068311 0.072600 0.077071 0.081722 0.086535 0.091489 0.096594 0.101860 0.107290
0.045432 0.044798 0.044258 0.043793 0.043370 0.042971 0.042586 0.042215 0.041860 0.041525 0.041215 0.040941 0.040720 0.040583 0.040560 0.040670 0.040934 0.041379 0.042021 0.042870 0.043929 0.045181 0.046623 0.048259 0.050094 0.052135 0.054385 0.056851 0.059537 0.062449 0.065592 0.068957 0.072487 0.076191 0.080078 0.084152 0.088423 0.092905 0.097613 0.102557 0.107728 0.113111 0.118704 0.124508 0.130522 0.136744 0.143162 0.149770 0.156567 0.163551
0.049021 0.049170 0.049230 0.049328 0.049507 0.049780 0.050151 0.050628 0.051218 0.051937 0.052799 0.053822 0.055026 0.056409 0.057940 0.059569 0.061277 0.063083 0.065015 0.067101 0.069331 0.071707 0.074253 0.076986 0.079918 0.083058 0.086414 0.089993 0.093801 0.097845 0.102128 0.106655 0.111418 0.116405 0.121613 0.127043 0.132695 0.138573 0.144683 0.151031 0.157621 0.164452 0.171520 0.178821 0.186355 0.194119 0.202108 0.210316 0.218739 0.227370
0.054349 0.054078 0.054489 0.055170 0.056019 0.057020 0.058180 0.059518 0.061053 0.062809 0.064816 0.067101 0.069674 0.072450 0.075346 0.078280 0.081288 0.084399 0.087637 0.091021 0.094569 0.098284 0.102178 0.106266 0.110558 0.115064 0.119791 0.124747 0.129937 0.135368 0.141045 0.146972 0.153151 0.159582 0.166260 0.173184 0.180354 0.187767 0.195427 0.203335 0.211493 0.219903 0.228563 0.237471 0.246624 0.256018 0.265651 0.275517 0.285611 0.295927
0.056220 0.058599 0.060152 0.061614 0.063174 0.064897 0.066822 0.068982 0.071413 0.074150 0.077234 0.080698 0.084448 0.088300 0.092284 0.096410 0.100682 0.105106 0.109694 0.114455 0.119400 0.124537 0.129878 0.135430 0.141200 0.147193 0.153417 0.159877 0.166578 0.173525 0.180724 0.188178 0.195890 0.203863 0.212096 0.220589 0.229341 0.238351 0.247620 0.257148 0.266934 0.276977 0.287275 0.297826 0.308628 0.319676 0.330966 0.342494 0.354254 0.366240
0.065419 0.065662 0.067210 0.069117 0.071233 0.073568 0.076160 0.079049 0.082279 0.085894 0.089947 0.094419 0.099081 0.103927 0.108967 0.114218 0.119677 0.125343 0.131216 0.137302 0.143603 0.150125 0.156873 0.163852 0.171068 0.178525 0.186227 0.194178 0.202382 0.210844 0.219565 0.228550 0.237800 0.247318 0.257104 0.267160 0.277483 0.288073 0.298930 0.310051 0.321434 0.333079 0.344981 0.357139 0.369548 0.382205 0.395104 0.408242 0.421612 0.435208
0.068358 0.072563 0.075136 0.077518 0.080066 0.082882 0.086017 0.089514 0.093418 0.097782 0.102672 0.107959 0.113490 0.119261 0.125273 0.131530 0.138036 0.144792 0.151796 0.159049 0.166553 0.174309 0.182318 0.190583 0.199107 0.207893 0.216942 0.226257 0.235841 0.245695 0.255823 0.266225 0.276903 0.287857 0.299089 0.310598 0.322383 0.334444 0.346779 0.359384 0.372259 0.385400 0.398804 0.412467 0.426386 0.440554 0.454969 0.469623 0.484512 0.499628
0.083304 0.082487 0.083969 0.086311 0.089127 0.092325 0.095903 0.099891 0.104341 0.109325 0.114912 0.120916 0.127193 0.133746 0.140576 0.147684 0.155071 0.162737 0.170682 0.178905 0.187406 0.196185 0.205243 0.214581 0.224199 0.234100 0.244283 0.254752 0.265506 0.276546 0.287875 0.299491 0.311395 0.323587 0.336067 0.348834 0.361888 0.375225 0.388846 0.402746 0.416923 0.431374 0.446096 0.461083 0.476331 0.491836 0.507592 0.523594 0.539835 0.556309
0.084677 0.088199 0.091238 0.094317 0.097604 0.101184 0.105124 0.109488 0.114365 0.119831 0.125901 0.132477 0.139354 0.146530 0.154005 0.161778 0.169849 0.178217 0.186881 0.195843 0.205101 0.214657 0.224511 0.234664 0.245116 0.255869 0.266923 0.278279 0.289937 0.301897 0.314159 0.326722 0.339588 0.352754 0.366220 0.379985 0.394047 0.408405 0.423056 0.437997 0.453226 0.468739 0.484532 0.500601 0.516941 0.533547 0.550415 0.567537 0.584909 0.602523
0.089969 0.094508 0.098109 0.101505 0.105011 0.108783 0.112920 0.117516 0.122675 0.128410 0.134736 0.141654 0.148966 0.156582 0.164505 0.172732 0.181263 0.190099 0.199240 0.208687 0.218442 0.228507 0.238881 0.249567 0.260567 0.271881 0.283512 0.295457 0.307717 0.320292 0.333182 0.346387 0.359906 0.373739 0.387885 0.402343 0.417110 0.432186 0.447568 0.463253 0.479239 0.495521 0.512098 0.528964 0.546115 0.563547 0.581255 0.599232 0.617473 0.635971
0.101043 0.102092 0.104381 0.107253 0.110560 0.114282 0.118444 0.123140 0.128387 0.134182 0.140536 0.147467 0.154942 0.162809 0.170962 0.179416 0.188170 0.197227 0.206589 0.216258 0.226238 0.236531 0.247140 0.258066 0.269314 0.280884 0.292777 0.304992 0.317530 0.330391 0.343578 0.357092 0.370931 0.385097 0.399588 0.414404 0.429544 0.445008 0.460792 0.476894 0.493314 0.510047 0.527092 0.544445 0.562102 0.580058 0.598310 0.616851 0.635677 0.654781
0.102953 0.104814 0.107036 0.109805 0.113064 0.116765 0.120928 0.125603 0.130766 0.136414 0.142568 0.149246 0.156469 0.164227 0.172406 0.180851 0.189590 0.198618 0.207940 0.217563 0.227490 0.237723 0.248267 0.259126 0.270307 0.281808 0.293630 0.305774 0.318246 0.331048 0.344185 0.357658 0.371467 0.385613 0.400099 0.414924 0.430089 0.445593 0.461434 0.477614 0.494130 0.510981 0.528167 0.545683 0.563527 0.581695 0.600184 0.618988 0.638102 0.657521
0.099957 0.102337 0.105331 0.108602 0.112115 0.115894 0.120017 0.124519 0.129390 0.134670 0.140393 0.146589 0.153291 0.160524 0.168279 0.176476 0.184956 0.193681 0.202693 0.211984 0.221551 0.231405 0.241555 0.252011 0.262777 0.273855 0.285250 0.296968 0.309016 0.321401 0.334128 0.347199 0.360618 0.374387 0.388511 0.402992 0.417828 0.433021 0.448573 0.464486 0.480762 0.497400 0.514398 0.531755 0.549469 0.567536 0.585953 0.604716 0.623820 0.643260
0.092552 0.097308 0.101263 0.104892 0.108459 0.112081 0.115881 0.119946 0.124314 0.129016 0.134087 0.139560 0.145468 0.151842 0.158706 0.166058 0.173847 0.181988 0.190419 0.199051 0.207927 0.217074 0.226511 0.236235 0.246243 0.256544 0.267150 0.278074 0.289330 0.300929 0.312883 0.325198 0.337876 0.350921 0.364337 0.378123 0.392285 0.406827 0.421756 0.437077 0.452791 0.468897 0.485395 0.502283 0.519560 0.537222 0.555267 0.573690 0.592490 0.611663
0.090429 0.094151 0.097122 0.100012 0.102923 0.105865 0.108981 0.112315 0.115895 0.119747 0.123897 0.128372 0.133197 0.138401 0.144009 0.150046 0.156518 0.163402 0.170667 0.178248 0.186113 0.194266 0.202709 0.211370 0.220281 0.229474 0.238972 0.248794 0.258958 0.269480 0.280371 0.291623 0.303238 0.315228 0.327602 0.340372 0.353546 0.367134 0.381145 0.395583 0.410447 0.425734 0.441442 0.457572 0.474122 0.491088 0.508470 0.526267 0.544480 0.563108
0.092242 0.090964 0.091971 0.093664 0.095529 0.097490 0.099629 0.101958 0.104487 0.107229 0.110196 0.113405 0.116872 0.120617 0.124664 0.129040 0.133773 0.138880 0.144369 0.150230 0.156443 0.162999 0.169899 0.177121 0.184645 0.192482 0.200649 0.209167 0.218054 0.227329 0.236954 0.246902 0.257211 0.267904 0.278999 0.290512 0.302457 0.314850 0.327703 0.341025 0.354797 0.369011 0.383667 0.398770 0.414318 0.430312 0.446757 0.463659 0.481023 0.498845
0.079175 0.082616 0.084124 0.085198 0.086116 0.087021 0.088043 0.089202 0.090498 0.091932 0.093508 0.095232 0.097113 0.099171 0.101431 0.103926 0.106692 0.109764 0.113172 0.116937 0.121071 0.125580 0.130473 0.135756 0.141423 0.147468 0.153897 0.160717 0.167940 0.175581 0.183646 0.192107 0.200967 0.210240 0.219943 0.230096 0.240714 0.251816 0.263416 0.275486 0.287952 0.300848 0.314196 0.328008 0.342295 0.357066 0.372333 0.388107 0.404389 0.421143
0.077494 0.075821 0.075370 0.075215 0.075042 0.074831 0.074667 0.074568 0.074524 0.074525 0.074569 0.074664 0.074826 0.075087 0.075490 0.076077 0.076891 0.077968 0.079343 0.081044 0.083094 0.085520 0.088343 0.091578 0.095226 0.099286 0.103753 0.108626 0.113912 0.119622 0.125773 0.132371 0.139414 0.146907 0.154860 0.163284 0.172194 0.181605 0.191531 0.201979 0.212910 0.224302 0.236160 0.248499 0.261338 0.274697 0.288598 0.303060 0.317998 0.333371
0.066983 0.065881 0.065008 0.064054 0.062919 0.061626 0.060253 0.058852 0.057405 0.055903 0.054358 0.052804 0.051286 0.049880 0.048649 0.047635 0.046866 0.046360 0.046134 0.046206 0.046605 0.047377 0.048531 0.050062 0.051965 0.054231 0.056855 0.059833 0.063180 0.066921 0.071078 0.075664 0.080689 0.086157 0.092073 0.098445 0.105280 0.112590 0.120384 0.128673 0.137455 0.146715 0.156454 0.166693 0.177461 0.188784 0.200689 0.213195 0.226299 0.239943
0.055860 0.055779 0.054585 0.052846 0.050737 0.048344 0.045743 0.043009 0.040134 0.037144 0.034125 0.031163 0.028378 0.025910 0.023770 0.021934 0.020378 0.019085 0.018045 0.017256 0.016836 0.016773 0.016993 0.017464 0.018166 0.019090 0.020229 0.021604 0.023289 0.025311 0.027682 0.030408 0.033495 0.036944 0.040762 0.044950 0.049513 0.054458 0.059790 0.065517 0.071645 0.078185 0.085190 0.092716 0.100798 0.109458 0.118710 0.128565 0.139029 0.150088
0.052180 0.048393 0.045557 0.042620 0.039393 0.035853 0.032018 0.027960 0.023740 0.019552 0.015648 0.012080 0.009286 0.007138 0.005388 0.003920 0.002669 0.001600 0.000695 0.000001 0.000001 0.000001 0.000001 0.000001 0.000001 0.000001 0.000002 0.000228 0.000758 0.001530 0.002523 0.003728 0.005142 0.006767 0.008602 0.010651 0.012915 0.015396 0.018098 0.021025 0.024180 0.027684 0.031712 0.036301 0.041443 0.047123 0.053330 0.060057 0.067300 0.075053
0.042886 0.040699 0.037405 0.033574 0.029345 0.024734 0.019740 0.014507 0.009424 0.005340 0.002167 0.000001 0.000001 0.000001 0.000001 0.000001 0.000001 0.000001 0.000001 0.000001 0.000001 0.000001 0.000001 0.000001 0.000001 0.000001 0.000001 0.000001 0.000001 0.000001 0.000001 0.000001 0.000001 0.000001 0.000001 0.000001 0.000001 0.000001 0.000001 0.000001 0.000048 0.000856 0.002362 0.004363 0.006765 0.009522 0.012608 0.016007 0.019713 0.023719
0.040803 0.035286 0.030712 0.026002 0.020916 0.015377 0.009394 0.003789 0.000001 0.000001 0.000001 0.000001 0.000001 0.000001 0.000001 0.000001 0.000001 0.000001 0.000001 0.000001 0.000001 0.000001 0.000001 0.000001 0.000001 0.000001 0.000001 0.000001 0.000001 0.000001 0.000001 0.000001 0.000001 0.000001 0.000001 0.000001 0.000001 0.000001 0.000001 0.000001 0.000001 0.000001 0.000001 0.000001 0.000001 0.000001 0.000001 0.000001 0.000001 0.000001
0.032672 0.029444 0.025135 0.020057 0.014341 0.008019 0.001651 0.000001 0.000001 0.000001 0.000001 0.000001 0.000001 0.000001 0.000001 0.000001 0.000001 0.000001 0.000001 0.000001 0.000001 0.000001 0.000001 0.000001 0.000001 0.000001 0.000001 0.000001 0.000001 0.000001 0.000001 0.000001 0.000001 0.000001 0.000001 0.000001 0.000001 0.000001 0.000001 0.000001 0.000001 0.000001 0.000001 0.000001 0.000001 0.000001 0.000001 0.000001 0.000001 0.000001
0.031608 0.026875 0.021813 0.016089 0.009698 0.002677 0.000001 0.000001 0.000001 0.000001 0.000001 0.000001 0.000001 0.000001 0.000001 0.000001 0.000001 0.000001 0.000001 0.000001 0.000001 0.000001 0.000001 0.000001 0.000001 0.000001 0.000001 0.000001 0.000001 0.000001 0.000001 0.000001 0.000001 0.000001 0.000001 0.000001 0.000001 0.000001 0.000001 0.000001 0.000001 0.000001 0.000001 0.000001 0.000001 0.000001 0.000001 0.000001 0.000001 0.000001
0.030824 0.025602 0.019849 0.013484 0.006494 0.000001 0.000001 0.000001 0.000001 0.000001 0.000001 0.000001 0.000001 0.000001 0.000001 0.000001 0.000001 0.000001 0.000001 0.000001 0.000001 0.000001 0.000001 0.000001 0.000001 0.000001 0.000001 0.000001 0.000001 0.000001 0.000001 0.000001 0.000001 0.000001 0.000001 0.000001 0.000001 0.000001 0.000001 0.000001 0.000001 0.000001 0.000001 0.000001 0.000001 0.000001 0.000001 0.000001 0.000001 0.000001
0.030311 0.024000 0.017836 0.011229 0.003994 0.000001 0.000001 0.000001 0.000001 0.000001 0.000001 0.000001 0.000001 0.000001 0.000001 0.000001 0.000001 0.000001 0.000001 0.000001 0.000001 0.000001 0.000001 0.000001 0.000001 0.000001 0.000001 0.000001 0.000001 0.000001 0.000001 0.000001 0.000001 0.000001 0.000001 0.000001 0.000001 0.000001 0.000001 0.000001 0.000001 0.000001 0.000001 0.000001 0.000001 0.000001 0.000001 0.000001 0.000001 0.000001
0.024947 0.020358 0.015102 0.008964 0.001926 0.000001 0.000001 0.000001 0.000001 0.000001 0.000001 0.000001 0.000001 0.000001 0.000001 0.000001 0.000001 0.000001 0.000001 0.000001 0.000001 0.000001 0.000001 0.000001 0.000001 0.000001 0.000001 0.000001 0.000001 0.000001 0.000001 0.000001 0.000001 0.000001 0.000001 0.000001 0.000001 0.000001 0.000001 0.000001 0.000001 0.000001 0.000001 0.000001 0.000001 0.000001 0.000001 0.000001 0.000001 0.000001
0.020068 0.017429 0.013104 0.007449 0.000647 0.000001 0.000001 0.000001 0.000001 0.000001 0.000001 0.000001 0.000001 0.000001 0.000001 0.000001 0.000001 0.000001 0.000001 0.000001 0.000001 0.000001 0.000001 0.000001 0.000001 0.000001 0.000001 0.000001 0.000001 0.000001 0.000001 0.000001 0.000001 0.000001 0.000001 0.000001 0.000001 0.000001 0.000001 0.000001 0.000001 0.000001 0.000001 0.000001 0.000001 0.000001 0.000001 0.000001 0.000001 0.000001
0.022103 0.017838 0.013050 0.007248 0.000392 0.000001 0.000001 0.000001 0.000001 0.000001 0.000001 0.000001 0.000001 0.000001 0.000001 0.000001 0.000001 0.000001 0.000001 0.000001 0.000001 0.000001 0.000001 0.000001 0.000001 0.000001 0.000001 0.000001 0.000001 0.000001 0.000001 0.000001 0.000001 0.000001 0.000001 0.000001 0.000001 0.000001 0.000001 0.000001 0.000001 0.000001 0.000001 0.000001 0.000001 0.000001 0.000001 0.000001 0.000001 0.000001
0.023216 0.018773 0.013615 0.007628 0.000710 0.000001 0.000001 0.000001 0.000001 0.000001 0.000001 0.000001 0.000001 0.000001 0.000001 0.000001 0.000001 0.000001 0.000001 0.000001 0.000001 0.000001 0.000001 0.000001 0.000001 0.000001 0.000001 0.000001 0.000001 0.000001 0.000001 0.000001 0.000001 0.000001 0.000001 0.000001 0.000001 0.000001 0.000001 0.000001 0.000001 0.000001 0.000001 0.000001 0.000001 0.000001 0.000001 0.000001 0.000001 0.000001
0.021494 0.017790 0.013255 0.007692 0.001069 0.000001 0.000001 0.000001 0.000001 0.000001 0.000001 0.000001 0.000001 0.000001 0.000001 0.000001 0.000001 0.000001 0.000001 0.000001 0.000001 0.000001 0.000001 0.000001 0.000001 0.000001 0.000001 0.000001 0.000001 0.000001 0.000001 0.000001 0.000001 0.000001 0.000001 0.000001 0.000001 0.000001 0.000001 0.000001 0.000001 0.000001 0.000001 0.000001 0.000001 0.000001 0.000001 0.000001 0.000001 0.000001
0.019444 0.016470 0.012706 0.007745 0.001573 0.000001 0.000001 0.000001 0.000001 0.000001 0.000001 0.000001 0.000001 0.000001 0.000001 0.000001 0.000001 0.000001 0.000001 0.000001 0.000001 0.000001 0.000001 0.000001 0.000001 0.000001 0.000001 0.000001 0.000001 0.000001 0.000001 0.000001 0.000001 0.000001 0.000001 0.000001 0.000001 0.000001 0.000001 0.000001 0.000001 0.000001 0.000001 0.000001 0.000001 0.000001 0.000001 0.000001 0.000001 0.000001
0.017041 0.015967 0.012870 0.008336 0.002528 0.000001 0.000001 0.000001 0.000001 0.000001 0.000001 0.000001 0.000001 0.000001 0.000001 0.000001 0.000001 0.000001 0.000001 0.000001 0.000001 0.000001 0.000001 0.000001 0.000001 0.000001 0.000001 0.000001 0.000001 0.000001 0.000001 0.000001 0.000001 0.000001 0.000001 0.000001 0.000001 0.000001 0.000001 0.000001 0.000001 0.000001 0.000001 0.000001 0.000001 0.000001 0.000001 0.000001 0.000001 0.000001
0.020144 0.016989 0.013705 0.009402 0.003917 0.000001 0.000001 0.000001 0.000001 0.000001 0.000001 0.000001 0.000001 0.000001 0.000001 0.000001 0.000001 0.000001 0.000001 0.000001 0.000001 0.000001 0.000001 0.000001 0.000001 0.000001 0.000001 0.000001 0.000001 0.000001 0.000001 0.000001 0.000001 0.000001 0.000001 0.000001 0.000001 0.000001 0.000001 0.000001 0.000001 0.000001 0.000001 0.000001 0.000001 0.000001 0.000001 0.000001 0.000001 0.000001
0.016656 0.016508 0.014269 0.010571 0.005578 0.000001 0.000001 0.000001 0.000001 0.000001 0.000001 0.000001 0.000001 0.000001 0.000001 0.000001 0.000001 0.000001 0.000001 0.000001 0.000001 0.000001 0.000001 0.000001 0.000001 0.000001 0.000001 0.000001 0.000001 0.000001 0.000001 0.000001 0.000001 0.000001 0.000001 0.000001 0.000001 0.000001 0.000001 0.000001 0.000001 0.000001 0.000001 0.000001 0.000001 0.000001 0.000001 0.000001 0.000001 0.000001
0.018933 0.017235 0.015172 0.011990 0.007548 0.001826 0.000001 0.000001 0.000001 0.000001 0.000001 0.000001 0.000001 0.000001 0.000001 0.000001 0.000001 0.000001 0.000001 0.000001 0.000001 0.000001 0.000001 0.000001 0.000001 0.000001 0.000001 0.000001 0.000001 0.000001 0.000001 0.000001 0.000001 0.000001 0.000001 0.000001 0.000001 0.000001 0.000001 0.000001 0.000001 0.000001 0.000001 0.000001 0.000001 0.000001 0.000001 0.000001 0.000001 0.000001
0.016323 0.016954 0.016047 0.013669 0.009886 0.004730 0.000001 0.000001 0.000001 0.000001 0.000001 0.000001 0.000001 0.000001 0.000001 0.000001 0.000001 0.000001 0.000001 0.000001 0.000001 0.000001 0.000001 0.000001 0.000001 0.000001 0.000001 0.000001 0.000001 0.000001 0.000001 0.000001 0.000001 0.000001 0.000001 0.000001 0.000001 0.000001 0.000001 0.000001 0.000001 0.000001 0.000001 0.000001 0.000001 0.000001 0.000001 0.000001 0.000001 0.000001
0.015413 0.017366 0.017418 0.015779 0.012624 0.008038 0.002154 0.000001 0.000001 0.000001 0.000001 0.000001 0.000001 0.000001 0.000001 0.000001 0.000001 0.000001 0.000001 0.000001 0.000001 0.000001 0.000001 0.000001 0.000001 0.000001 0.000001 0.000001 0.000001 0.000001 0.000001 0.000001 0.000001 0.000001 0.000001 0.000001 0.000001 0.000001 0.000001 0.000001 0.000001 0.000001 0.000001 0.000001 0.000001 0.000001 0.000001 0.000001 0.000001 0.000001
0.017418 0.019182 0.019483 0.018290 0.015651 0.011598 0.006160 0.000001 0.000001 0.000001 0.000001 0.000001 0.000001 0.000001 0.000001 0.000001 0.000001 0.000001 0.000001 0.000001 0.000001 0.000001 0.000001 0.000001 0.000001 0.000001 0.000001 0.000001 0.000001 0.000001 0.000001 0.000001 0.000001 0.000001 0.000001 0.000001 0.000001 0.000001 0.000001 0.000001 0.000001 0.000001 0.000001 0.000001 0.000001 0.000001 0.000001 0.000001 0.000001 0.000001
0.019367 0.020804 0.021440 0.020775 0.018703 0.015217 0.010334 0.004123 0.000001 0.000001 0.000001 0.000001 0.000001 0.000001 0.000001 0.000001 0.000001 0.000001 0.000001 0.000001 0.000001 0.000001 0.000001 0.000001 0.000001 0.000001 0.000001 0.000001 0.000001 0.000001 0.000001 0.000001 0.000001 0.000001 0.000001 0.000001 0.000001 0.000001 0.000001 0.000001 0.000001 0.000001 0.000001 0.000001 0.000001 0.000001 0.000001 0.000001 0.000001 0.000001
0.016279 0.020683 0.022789 0.023032 0.021659 0.018790 0.014492 0.008807 0.002058 0.000001 0.000001 0.000001 0.000001 0.000001 0.000001 0.000001 0.000001 0.000001 0.000001 0.000001 0.000001 0.000001 0.000001 0.000001 0.000001 0.000001 0.000001 0.000001 0.000001 0.000001 0.000001 0.000001 0.000001 0.000001 0.000001 0.000001 0.000001 0.000001 0.000001 0.000001 0.000001 0.000001 0.000001 0.000001 0.000001 0.000001 0.000001 0.000001 0.000001 0.000001
0.018143 0.022285 0.024680 0.025423 0.024606 0.022303 0.018573 0.013455 0.007001 0.000105 0.000001 0.000001 0.000001 0.000001 0.000001 0.000001 0.000001 0.000001 0.000001 0.000001 0.000001 0.000001 0.000001 0.000001 0.000001 0.000001 0.000001 0.000001 0.000001 0.000001 0.000001 0.000001 0.000001 0.000001 0.000001 0.000001 0.000001 0.000001 0.000001 0.000001 0.000001 0.000001 0.000001 0.000001 0.000001 0.000001 0.000001 0.000001 0.000001 0.000001
0.019755 0.023656 0.026435 0.027692 0.027419 0.025667 0.022490 0.017931 0.012031 0.005023 0.000001 0.000001 0.000001 0.000001 0.000001 0.000001 0.000001 0.000001 0.000001 0.000001 0.000001 0.000001 0.000001 0.000001 0.000001 0.000001 0.000001 0.000001 0.000001 0.000001 0.000001 0.000001 0.000001 0.000001 0.000001 0.000001 0.000001 0.000001 0.000001 0.000001 0.000001 0.000001 0.000001 0.000001 0.000001 0.000001 0.000001 0.000001 0.000001 0.000001
0.017333 0.023797 0.027671 0.029640 0.029964 0.028769 0.026133 0.022113 0.016790 0.010328 0.002952 0.000001 0.000001 0.000001 0.000001 0.000001 0.000001 0.000001 0.000001 0.000001 0.000001 0.000001 0.000001 0.000001 0.000001 0.000001 0.000001 0.000001 0.000001 0.000001 0.000001 0.000001 0.000001 0.000001 0.000001 0.000001 0.000001 0.000001 0.000001 0.000001 0.000001 0.000001 0.000001 0.000001 0.000001 0.000001 0.000001 0.000001 0.000001 0.000001
0.020146 0.025033 0.028966 0.031374 0.032211 0.031529 0.029398 0.025880 0.021121 0.015224 0.008158 0.000544 0.000001 0.000001 0.000001 0.000001 0.000001 0.000001 0.000001 0.000001 0.000001 0.000001 0.000001 0.000001 0.000001 0.000001 0.000001 0.000001 0.000001 0.000001 0.000001 0.000001 0.000001 0.000001 0.000001 0.000001 0.000001 0.000001 0.000001 0.000001 0.000001 0.000001 0.000001 0.000001 0.000001 0.000001 0.000001 0.000001 0.000001 0.000001
0.017313 0.024634 0.029639 0.032712 0.034074 0.033864 0.032184 0.029121 0.024877 0.019488 0.012907 0.005138 0.000001 0.000001 0.000001 0.000001 0.000001 0.000001 0.000001 0.000001 0.000001 0.000001 0.000001 0.000001 0.000001 0.000001 0.000001 0.000001 0.000001 0.000001 0.000001 0.000001 0.000001 0.000001 0.000001 0.000001 0.000001 0.000001 0.000001 0.000001 0.000001 0.000001 0.000001 0.000001 0.000001 0.000001 0.000001 0.000001 0.000001 0.000001
0.017202 0.024998 0.030391 0.033838 0.035569 0.035728 0.034420 0.031757 0.027951 0.022999 0.016855 0.009466 0.001091 0.000001 0.000001 0.000001 0.000001 0.000001 0.000001 0.000001 0.000001 0.000001 0.000001 0.000001 0.000001 0.000001 0.000001 0.000001 0.000001 0.000001 0.000001 0.000001 0.000001 0.000001 0.000001 0.000001 0.000001 0.000001 0.000001 0.000001 0.000001 0.000001 0.000001 0.000001 0.000001 0.000001 0.000001 0.000001 0.000001 0.000001
0.019840 0.025972 0.031092 0.034653 0.036625 0.037071 0.036069 0.033751 0.030310 0.025726 0.019953 0.012936 0.004630 0.000001 0.000001 0.000001 0.000001 0.000001 0.000001 0.000001 0.000001 0.000001 0.000001 0.000001 0.000001 0.000001 0.000001 0.000001 0.000001 0.000001 0.000001 0.000001 0.000001 0.000001 0.000001 0.000001 0.000001 0.000001 0.000001 0.000001 0.000001 0.000001 0.000001 0.000001 0.000001 0.000001 0.000001 0.000001 0.000001 0.000001
0.016490 0.024924 0.030860 0.034867 0.037175 0.037917 0.037195 0.035173 0.032033 0.027749 0.022279 0.015569 0.007556 0.000001 0.000001 0.000001 0.000001 0.000001 0.000001 0.000001 0.000001 0.000001 0.000001 0.000001 0.000001 0.000001 0.000001 0.000001 0.000001 0.000001 0.000001 0.000001 0.000001 0.000001 0.000001 0.000001 0.000001 0.000001 0.000001 0.000001 0.000001 0.000001 0.000001 0.000001 0.000001 0.000001 0.000001 0.000001 0.000001 0.000001
0.015981 0.024177 0.030496 0.034876 0.037488 0.038485 0.037990 0.036200 0.033288 0.029230 0.023990 0.017515 0.009744 0.000666 0.000001 0.000001 0.000001 0.000001 0.000001 0.000001 0.000001 0.000001 0.000001 0.000001 0.000001 0.000001 0.000001 0.000001 0.000001 0.000001 0.000001 0.000001 0.000001 0.000001 0.000001 0.000001 0.000001 0.000001 0.000001 0.000001 0.000001 0.000001 0.000001 0.000001 0.000001 0.000001 0.000001 0.000001 0.000001 0.000001
0.015614 0.024309 0.030733 0.035205 0.037927 0.039042 0.038669 0.037016 0.034248 0.030340 0.025256 0.018945 0.011347 0.002388 0.000001 0.000001 0.000001 0.000001 0.000001 0.000001 0.000001 0.000001 0.000001 0.000001 0.000001 0.000001 0.000001 0.000001 0.000001 0.000001 0.000001 0.000001 0.000001 0.000001 0.000001 0.000001 0.000001 0.000001 0.000001 0.000001 0.000001 0.000001 0.000001 0.000001 0.000001 0.000001 0.000001 0.000001 0.000001 0.000001
0.017768 0.025398 0.031459 0.035806 0.038495 0.039619 0.039278 0.037685 0.034992 0.031171 0.026183 0.019978 0.012495 0.003659 0.000001 0.000001 0.000001 0.000001 0.000001 0.000001 0.000001 0.000001 0.000001 0.000001 0.000001 0.000001 0.000001 0.000001 0.000001 0.000001 0.000001 0.000001 0.000001 0.000001 0.000001 0.000001 0.000001 0.000001 0.000001 0.000001 0.000001 0.000001 0.000001 0.000001 0.000001 0.000001 0.000001 0.000001 0.000001 0.000001
0.017147 0.025374 0.031712 0.036156 0.038874 0.040011 0.039687 0.038132 0.035488 0.031724 0.026801 0.020668 0.013262 0.004511 0.000001 0.000001 0.000001 0.000001 0.000001 0.000001 0.000001 0.000001 0.000001 0.000001 0.000001 0.000001 0.000001 0.000001 0.000001 0.000001 0.000001 0.000001 0.000001 0.000001 0.000001 0.000001 0.000001 0.000001 0.000001 0.000001 0.000001 0.000001 0.000001 0.000001 0.000001 0.000001 0.000001 0.000001 0.000001 0.000001
0.015064 0.024773 0.031473 0.036035 0.038816 0.040005 0.039733 0.038246 0.035667 0.031967 0.027106 0.021035 0.013693 0.005007 0.000001 0.000001 0.000001 0.000001 0.000001 0.000001 0.000001 0.000001 0.000001 0.000001 0.000001 0.000001 0.000001 0.000001 0.000001 0.000001 0.000001 0.000001 0.000001 0.000001 0.000001 0.000001 0.000001 0.000001 0.000001 0.000001 0.000001 0.000001 0.000001 0.000001 0.000001 0.000001 0.000001 0.000001 0.000001 0.000001
0.018072 0.024912 0.030936 0.035405 0.038251 0.039546 0.039384 0.038015 0.035537 0.031922 0.027136 0.021131 0.013849 0.005219 0.000001 0.000001 0.000001 0.000001 0.000001 0.000001 0.000001 0.000001 0.000001 0.000001 0.000001 0.000001 0.000001 0.000001 0.000001 0.000001 0.000001 0.000001 0.000001 0.000001 0.000001 0.000001 0.000001 0.000001 0.000001 0.000001 0.000001 0.000001 0.000001 0.000001 0.000001 0.000001 0.000001 0.000001 0.000001 0.000001
0.013232 0.022521 0.029346 0.034208 0.037318 0.038815 0.038820 0.037599 0.035238 0.031718 0.027008 0.021067 0.013838 0.005254 0.000001 0.000001 0.000001 0.000001 0.000001 0.000001 0.000001 0.000001 0.000001 0.000001 0.000001 0.000001 0.000001 0.000001 0.000001 0.000001 0.000001 0.000001 0.000001 0.000001 0.000001 0.000001 0.000001 0.000001 0.000001 0.000001 0.000001 0.000001 0.000001 0.000001 0.000001 0.000001 0.000001 0.000001 0.000001 0.000001
0.011056 0.020636 0.027961 0.033196 0.036561 0.038237 0.038377 0.037265 0.034986 0.031530 0.026871 0.020970 0.013774 0.005218 0.000001 0.000001 0.000001 0.000001 0.000001 0.000001 0.000001 0.000001 0.000001 0.000001 0.000001 0.000001 0.000001 0.000001 0.000001 0.000001 0.000001 0.000001 0.000001 0.000001 0.000001 0.000001 0.000001 0.000001 0.000001 0.000001 0.000001 0.000001 0.000001 0.000001 0.000001 0.000001 0.000001 0.000001 0.000001 0.000001
