0.058317 0.058457 0.058713 0.059092 0.059565 0.060112 0.060716 0.061370 0.062064 0.062795 0.063555 0.064342 0.065152 0.065980 0.066823 0.067680 0.068546 0.069420 0.070298 0.071179 0.072059 0.072937 0.073811 0.074677 0.075534 0.076380 0.077211 0.078026 0.078822 0.079596 0.080347 0.081070 0.081765 0.082426 0.083053 0.083641 0.084187 0.084689 0.085143 0.085546 0.085895 0.086185 0.086414 0.086577 0.086672 0.086694 0.086640 0.086507 0.086289 0.085985
0.058262 0.058362 0.058759 0.059224 0.059736 0.060297 0.060906 0.061559 0.062252 0.062980 0.063738 0.064523 0.065331 0.066158 0.067001 0.067858 0.068724 0.069598 0.070476 0.071358 0.072239 0.073119 0.073994 0.074862 0.075721 0.076569 0.077402 0.078220 0.079019 0.079797 0.080551 0.081279 0.081977 0.082643 0.083275 0.083868 0.084420 0.084928 0.085388 0.085798 0.086153 0.086451 0.086688 0.086859 0.086963 0.086994 0.086949 0.086825 0.086618 0.086324
0.057304 0.058590 0.059154 0.059623 0.060122 0.060673 0.061274 0.061922 0.062611 0.063336 0.064092 0.064875 0.065682 0.066508 0.067351 0.068207 0.069074 0.069949 0.070829 0.071712 0.072596 0.073478 0.074356 0.075228 0.076092 0.076944 0.077783 0.078607 0.079412 0.080197 0.080958 0.081693 0.082400 0.083076 0.083717 0.084321 0.084884 0.085404 0.085877 0.086299 0.086669 0.086981 0.087233 0.087421 0.087542 0.087591 0.087565 0.087460 0.087273 0.087001
0.061557 0.060039 0.059919 0.060205 0.060651 0.061184 0.061779 0.062425 0.063114 0.063839 0.064596 0.065380 0.066188 0.067016 0.067860 0.068718 0.069587 0.070465 0.071348 0.072235 0.073123 0.074010 0.074894 0.075772 0.076642 0.077501 0.078348 0.079181 0.079995 0.080790 0.081563 0.082310 0.083030 0.083719 0.084375 0.084994 0.085574 0.086112 0.086603 0.087046 0.087436 0.087771 0.088046 0.088258 0.088404 0.088479 0.088481 0.088406 0.088249 0.088008
0.057594 0.059404 0.060135 0.060665 0.061192 0.061761 0.062376 0.063036 0.063734 0.064468 0.065231 0.066021 0.066834 0.067666 0.068515 0.069378 0.070251 0.071134 0.072023 0.072916 0.073810 0.074704 0.075596 0.076482 0.077362 0.078232 0.079090 0.079934 0.080762 0.081571 0.082358 0.083122 0.083859 0.084566 0.085242 0.085882 0.086484 0.087045 0.087561 0.088030 0.088448 0.088811 0.089117 0.089361 0.089540 0.089651 0.089690 0.089652 0.089536 0.089336
0.060596 0.060403 0.060771 0.061268 0.061823 0.062424 0.063066 0.063747 0.064462 0.065209 0.065983 0.066783 0.067604 0.068443 0.069300 0.070169 0.071051 0.071941 0.072838 0.073739 0.074643 0.075547 0.076449 0.077346 0.078238 0.079121 0.079994 0.080854 0.081698 0.082525 0.083331 0.084115 0.084874 0.085604 0.086304 0.086970 0.087600 0.088190 0.088737 0.089238 0.089690 0.090090 0.090433 0.090717 0.090938 0.091092 0.091176 0.091186 0.091119 0.090970
0.060815 0.061170 0.061540 0.062025 0.062589 0.063208 0.063869 0.064567 0.065296 0.066055 0.066841 0.067650 0.068481 0.069330 0.070195 0.071074 0.071964 0.072864 0.073772 0.074684 0.075600 0.076516 0.077432 0.078344 0.079252 0.080152 0.081042 0.081921 0.082786 0.083634 0.084464 0.085272 0.086057 0.086815 0.087545 0.088242 0.088905 0.089529 0.090113 0.090653 0.091146 0.091588 0.091976 0.092307 0.092577 0.092783 0.092921 0.092987 0.092978 0.092890
0.061815 0.061877 0.062347 0.062898 0.063490 0.064119 0.064787 0.065489 0.066225 0.066991 0.067784 0.068602 0.069441 0.070300 0.071175 0.072065 0.072967 0.073879 0.074799 0.075726 0.076656 0.077588 0.078521 0.079451 0.080377 0.081298 0.082210 0.083111 0.084000 0.084875 0.085732 0.086569 0.087385 0.088176 0.088940 0.089673 0.090374 0.091039 0.091666 0.092250 0.092790 0.093282 0.093722 0.094107 0.094433 0.094698 0.094898 0.095029 0.095087 0.095069
0.060760 0.062557 0.063341 0.063929 0.064508 0.065122 0.065779 0.066477 0.067212 0.067981 0.068779 0.069604 0.070452 0.071321 0.072208 0.073111 0.074026 0.074954 0.075890 0.076833 0.077781 0.078732 0.079685 0.080637 0.081586 0.082530 0.083467 0.084396 0.085313 0.086218 0.087107 0.087978 0.088829 0.089657 0.090460 0.091235 0.091980 0.092691 0.093365 0.094001 0.094594 0.095141 0.095639 0.096086 0.096476 0.096808 0.097077 0.097281 0.097415 0.097476
0.066249 0.064792 0.064718 0.065051 0.065544 0.066126 0.066770 0.067464 0.068201 0.068974 0.069780 0.070615 0.071474 0.072356 0.073258 0.074176 0.075109 0.076054 0.077009 0.077973 0.078942 0.079916 0.080893 0.081869 0.082845 0.083817 0.084783 0.085743 0.086693 0.087631 0.088556 0.089465 0.090356 0.091226 0.092074 0.092895 0.093688 0.094451 0.095179 0.095871 0.096523 0.097132 0.097695 0.098209 0.098671 0.099076 0.099423 0.099707 0.099924 0.100072
0.063652 0.064846 0.065383 0.065876 0.066420 0.067023 0.067681 0.068386 0.069135 0.069922 0.070742 0.071593 0.072469 0.073369 0.074289 0.075228 0.076181 0.077148 0.078126 0.079114 0.080108 0.081108 0.082112 0.083118 0.084123 0.085126 0.086126 0.087120 0.088106 0.089083 0.090048 0.090999 0.091934 0.092850 0.093746 0.094618 0.095465 0.096283 0.097071 0.097824 0.098541 0.099217 0.099851 0.100439 0.100978 0.101465 0.101896 0.102267 0.102576 0.102819
0.065493 0.065485 0.065988 0.066557 0.067156 0.067797 0.068482 0.069213 0.069985 0.070795 0.071638 0.072511 0.073411 0.074334 0.075278 0.076240 0.077219 0.078211 0.079215 0.080230 0.081253 0.082282 0.083316 0.084353 0.085392 0.086430 0.087466 0.088498 0.089523 0.090541 0.091550 0.092546 0.093529 0.094495 0.095444 0.096371 0.097276 0.098155 0.099005 0.099825 0.100611 0.101361 0.102071 0.102739 0.103361 0.103934 0.104456 0.104922 0.105330 0.105675
0.064393 0.065979 0.066651 0.067213 0.067813 0.068472 0.069185 0.069947 0.070750 0.071589 0.072462 0.073363 0.074290 0.075240 0.076211 0.077200 0.078206 0.079227 0.080260 0.081303 0.082357 0.083417 0.084484 0.085555 0.086629 0.087704 0.088778 0.089850 0.090918 0.091980 0.093034 0.094079 0.095113 0.096132 0.097136 0.098122 0.099088 0.100031 0.100949 0.101840 0.102700 0.103527 0.104318 0.105070 0.105781 0.106447 0.107065 0.107632 0.108145 0.108600
0.069293 0.067489 0.067376 0.067776 0.068371 0.069062 0.069815 0.070614 0.071453 0.072325 0.073228 0.074158 0.075113 0.076091 0.077089 0.078105 0.079139 0.080188 0.081249 0.082323 0.083407 0.084500 0.085600 0.086706 0.087816 0.088929 0.090043 0.091157 0.092269 0.093376 0.094479 0.095574 0.096660 0.097736 0.098798 0.099845 0.100875 0.101885 0.102874 0.103838 0.104776 0.105684 0.106560 0.107401 0.108205 0.108968 0.109688 0.110361 0.110984 0.111555
0.064323 0.066295 0.067294 0.068082 0.068842 0.069619 0.070426 0.071264 0.072133 0.073033 0.073960 0.074915 0.075893 0.076895 0.077917 0.078958 0.080018 0.081093 0.082182 0.083285 0.084399 0.085524 0.086657 0.087797 0.088944 0.090095 0.091249 0.092405 0.093561 0.094715 0.095867 0.097013 0.098154 0.099286 0.100408 0.101518 0.102614 0.103694 0.104755 0.105796 0.106813 0.107806 0.108770 0.109704 0.110605 0.111469 0.112295 0.113078 0.113817 0.114508
0.065994 0.066942 0.067842 0.068668 0.069466 0.070267 0.071090 0.071941 0.072822 0.073734 0.074676 0.075645 0.076640 0.077659 0.078701 0.079763 0.080844 0.081943 0.083057 0.084187 0.085329 0.086483 0.087648 0.088822 0.090004 0.091193 0.092387 0.093585 0.094785 0.095986 0.097186 0.098385 0.099580 0.100770 0.101952 0.103126 0.104289 0.105440 0.106576 0.107695 0.108794 0.109873 0.110928 0.111957 0.112957 0.113926 0.114861 0.115759 0.116617 0.117433
0.068480 0.068537 0.068994 0.069600 0.070283 0.071023 0.071812 0.072644 0.073517 0.074427 0.075371 0.076347 0.077352 0.078383 0.079439 0.080517 0.081617 0.082736 0.083873 0.085027 0.086196 0.087378 0.088573 0.089779 0.090996 0.092221 0.093453 0.094692 0.095936 0.097183 0.098432 0.099683 0.100932 0.102180 0.103423 0.104661 0.105892 0.107114 0.108325 0.109523 0.110706 0.111872 0.113020 0.114145 0.115247 0.116322 0.117369 0.118384 0.119366 0.120310
0.068957 0.069600 0.070011 0.070494 0.071081 0.071759 0.072509 0.073319 0.074179 0.075084 0.076027 0.077006 0.078017 0.079057 0.080125 0.081218 0.082334 0.083471 0.084629 0.085805 0.086998 0.088207 0.089431 0.090668 0.091917 0.093178 0.094448 0.095727 0.097013 0.098306 0.099604 0.100905 0.102209 0.103513 0.104817 0.106119 0.107418 0.108711 0.109998 0.111275 0.112542 0.113797 0.115037 0.116260 0.117465 0.118648 0.119809 0.120943 0.122049 0.123124
0.071111 0.070493 0.070656 0.071098 0.071680 0.072355 0.073102 0.073909 0.074768 0.075673 0.076619 0.077603 0.078621 0.079671 0.080750 0.081857 0.082988 0.084144 0.085321 0.086519 0.087736 0.088971 0.090222 0.091489 0.092771 0.094066 0.095373 0.096692 0.098020 0.099357 0.100702 0.102054 0.103411 0.104772 0.106137 0.107502 0.108868 0.110232 0.111594 0.112951 0.114302 0.115644 0.116978 0.118299 0.119607 0.120899 0.122174 0.123428 0.124661 0.125868
0.068829 0.070020 0.070752 0.071412 0.072090 0.072811 0.073582 0.074402 0.075269 0.076181 0.077135 0.078128 0.079156 0.080218 0.081310 0.082432 0.083580 0.084754 0.085952 0.087171 0.088412 0.089673 0.090952 0.092249 0.093563 0.094892 0.096235 0.097592 0.098962 0.100343 0.101735 0.103136 0.104546 0.105963 0.107386 0.108814 0.110246 0.111681 0.113117 0.114553 0.115986 0.117417 0.118843 0.120262 0.121673 0.123074 0.124463 0.125838 0.127197 0.128538
0.069969 0.070480 0.071128 0.071792 0.072480 0.073210 0.073987 0.074814 0.075690 0.076612 0.077576 0.078581 0.079623 0.080699 0.081808 0.082947 0.084114 0.085307 0.086526 0.087769 0.089034 0.090321 0.091628 0.092955 0.094300 0.095662 0.097042 0.098437 0.099847 0.101271 0.102708 0.104158 0.105619 0.107091 0.108572 0.110062 0.111559 0.113063 0.114572 0.116085 0.117601 0.119118 0.120636 0.122152 0.123665 0.125174 0.126677 0.128172 0.129658 0.131132
0.070917 0.071323 0.071737 0.072254 0.072867 0.073563 0.074329 0.075158 0.076042 0.076975 0.077954 0.078975 0.080033 0.081127 0.082254 0.083413 0.084600 0.085815 0.087056 0.088322 0.089612 0.090925 0.092260 0.093616 0.094992 0.096387 0.097802 0.099234 0.100683 0.102149 0.103631 0.105127 0.106639 0.108164 0.109701 0.111251 0.112812 0.114383 0.115964 0.117553 0.119149 0.120751 0.122359 0.123971 0.125585 0.127201 0.128816 0.130431 0.132042 0.133649
0.072022 0.071834 0.072071 0.072522 0.073116 0.073812 0.074590 0.075436 0.076338 0.077291 0.078290 0.079330 0.080408 0.081522 0.082669 0.083847 0.085055 0.086291 0.087555 0.088844 0.090158 0.091497 0.092858 0.094242 0.095648 0.097075 0.098523 0.099990 0.101477 0.102983 0.104508 0.106050 0.107609 0.109185 0.110778 0.112385 0.114008 0.115644 0.117294 0.118957 0.120632 0.122317 0.124013 0.125718 0.127432 0.129152 0.130879 0.132611 0.134347 0.136085
0.070822 0.071373 0.071902 0.072513 0.073207 0.073971 0.074798 0.075680 0.076613 0.077592 0.078613 0.079674 0.080772 0.081905 0.083071 0.084269 0.085496 0.086752 0.088036 0.089346 0.090683 0.092044 0.093431 0.094841 0.096274 0.097731 0.099209 0.100710 0.102233 0.103777 0.105341 0.106927 0.108532 0.110157 0.111801 0.113464 0.115146 0.116846 0.118563 0.120297 0.122047 0.123814 0.125596 0.127392 0.129202 0.131026 0.132862 0.134709 0.136568 0.138436
0.070477 0.071018 0.071761 0.072537 0.073336 0.074170 0.075044 0.075960 0.076919 0.077919 0.078959 0.080036 0.081150 0.082298 0.083478 0.084691 0.085933 0.087206 0.088506 0.089834 0.091190 0.092572 0.093979 0.095412 0.096870 0.098353 0.099861 0.101392 0.102947 0.104526 0.106128 0.107754 0.109402 0.111073 0.112767 0.114483 0.116221 0.117981 0.119762 0.121565 0.123389 0.125234 0.127099 0.128984 0.130889 0.132813 0.134756 0.136717 0.138696 0.140692
0.069940 0.071244 0.072105 0.072891 0.073691 0.074528 0.075407 0.076329 0.077294 0.078300 0.079346 0.080430 0.081550 0.082705 0.083894 0.085115 0.086367 0.087650 0.088962 0.090304 0.091674 0.093072 0.094497 0.095949 0.097429 0.098934 0.100467 0.102025 0.103610 0.105221 0.106858 0.108520 0.110209 0.111923 0.113664 0.115430 0.117222 0.119039 0.120882 0.122751 0.124646 0.126566 0.128512 0.130483 0.132480 0.134502 0.136550 0.138622 0.140720 0.142843
0.072663 0.072516 0.072917 0.073524 0.074239 0.075029 0.075878 0.076780 0.077730 0.078726 0.079764 0.080843 0.081960 0.083113 0.084302 0.085525 0.086781 0.088069 0.089388 0.090738 0.092118 0.093527 0.094966 0.096435 0.097931 0.099457 0.101011 0.102594 0.104206 0.105845 0.107514 0.109211 0.110937 0.112693 0.114477 0.116290 0.118133 0.120006 0.121908 0.123841 0.125803 0.127797 0.129821 0.131876 0.133963 0.136081 0.138231 0.140413 0.142627 0.144874
0.072470 0.072988 0.073525 0.074132 0.074813 0.075564 0.076378 0.077249 0.078174 0.079149 0.080170 0.081235 0.082340 0.083486 0.084669 0.085888 0.087142 0.088431 0.089753 0.091108 0.092495 0.093913 0.095363 0.096844 0.098356 0.099899 0.101473 0.103077 0.104713 0.106380 0.108078 0.109807 0.111569 0.113362 0.115188 0.117047 0.118939 0.120865 0.122824 0.124818 0.126847 0.128911 0.131012 0.133149 0.135323 0.137536 0.139786 0.142076 0.144406 0.146776
0.072782 0.073505 0.074090 0.074680 0.075325 0.076037 0.076815 0.077654 0.078550 0.079500 0.080500 0.081547 0.082639 0.083773 0.084948 0.086161 0.087412 0.088700 0.090023 0.091381 0.092773 0.094199 0.095659 0.097151 0.098677 0.100236 0.101828 0.103453 0.105112 0.106804 0.108530 0.110291 0.112086 0.113917 0.115783 0.117686 0.119625 0.121602 0.123617 0.125671 0.127764 0.129898 0.132074 0.134291 0.136552 0.138857 0.141207 0.143604 0.146048 0.148541
0.074426 0.074399 0.074666 0.075120 0.075695 0.076360 0.077100 0.077909 0.078779 0.079707 0.080688 0.081721 0.082800 0.083925 0.085093 0.086303 0.087552 0.088840 0.090165 0.091528 0.092926 0.094360 0.095830 0.097335 0.098874 0.100449 0.102060 0.103705 0.105387 0.107104 0.108858 0.110649 0.112478 0.114345 0.116251 0.118196 0.120182 0.122209 0.124279 0.126392 0.128549 0.130752 0.133001 0.135298 0.137645 0.140042 0.142491 0.144993 0.147552 0.150167
0.074548 0.074449 0.074773 0.075240 0.075799 0.076440 0.077156 0.077944 0.078797 0.079712 0.080684 0.081709 0.082784 0.083907 0.085074 0.086285 0.087537 0.088829 0.090161 0.091531 0.092938 0.094383 0.095865 0.097383 0.098938 0.100531 0.102160 0.103827 0.105532 0.107275 0.109057 0.110879 0.112741 0.114644 0.116589 0.118578 0.120610 0.122688 0.124812 0.126983 0.129204 0.131475 0.133798 0.136175 0.138606 0.141095 0.143643 0.146253 0.148925 0.151663
0.072509 0.073910 0.074538 0.075049 0.075601 0.076230 0.076938 0.077721 0.078575 0.079492 0.080468 0.081498 0.082580 0.083710 0.084885 0.086105 0.087366 0.088668 0.090011 0.091392 0.092812 0.094271 0.095767 0.097302 0.098875 0.100486 0.102136 0.103825 0.105555 0.107324 0.109135 0.110988 0.112884 0.114825 0.116810 0.118841 0.120920 0.123049 0.125227 0.127458 0.129742 0.132081 0.134478 0.136935 0.139452 0.142034 0.144682 0.147398 0.150186 0.153048
0.075414 0.074295 0.074252 0.074579 0.075091 0.075723 0.076450 0.077257 0.078133 0.079073 0.080069 0.081118 0.082218 0.083364 0.084555 0.085789 0.087066 0.088383 0.089740 0.091136 0.092572 0.094046 0.095560 0.097113 0.098705 0.100336 0.102008 0.103722 0.105476 0.107273 0.109114 0.110999 0.112930 0.114907 0.116933 0.119008 0.121135 0.123314 0.125548 0.127838 0.130186 0.132595 0.135067 0.137604 0.140208 0.142884 0.145632 0.148458 0.151363 0.154352
0.071916 0.072658 0.073117 0.073643 0.074270 0.074987 0.075780 0.076640 0.077561 0.078536 0.079564 0.080640 0.081762 0.082929 0.084140 0.085392 0.086685 0.088019 0.089392 0.090805 0.092257 0.093749 0.095280 0.096851 0.098463 0.100116 0.101811 0.103548 0.105329 0.107154 0.109025 0.110943 0.112909 0.114924 0.116991 0.119111 0.121285 0.123516 0.125805 0.128156 0.130570 0.133049 0.135597 0.138216 0.140909 0.143680 0.146532 0.149468 0.152494 0.155612
0.070744 0.071164 0.071872 0.072630 0.073419 0.074245 0.075115 0.076031 0.076994 0.078003 0.079057 0.080156 0.081298 0.082483 0.083710 0.084977 0.086285 0.087633 0.089021 0.090448 0.091916 0.093424 0.094972 0.096562 0.098193 0.099867 0.101584 0.103345 0.105152 0.107005 0.108906 0.110857 0.112858 0.114912 0.117021 0.119186 0.121409 0.123692 0.126039 0.128451 0.130931 0.133483 0.136108 0.138811 0.141595 0.144464 0.147422 0.150473 0.153622 0.156874
0.068871 0.070260 0.071216 0.072069 0.072908 0.073767 0.074658 0.075590 0.076564 0.077583 0.078646 0.079752 0.080902 0.082094 0.083328 0.084604 0.085920 0.087278 0.088676 0.090115 0.091596 0.093117 0.094681 0.096287 0.097936 0.099630 0.101368 0.103153 0.104986 0.106867 0.108798 0.110782 0.112819 0.114912 0.117063 0.119274 0.121546 0.123884 0.126289 0.128764 0.131313 0.133938 0.136644 0.139433 0.142311 0.145281 0.148349 0.151518 0.154795 0.158185
0.070813 0.070998 0.071518 0.072159 0.072875 0.073653 0.074490 0.075383 0.076329 0.077327 0.078375 0.079471 0.080614 0.081802 0.083034 0.084310 0.085630 0.086991 0.088396 0.089843 0.091333 0.092866 0.094442 0.096063 0.097729 0.099442 0.101201 0.103009 0.104867 0.106776 0.108738 0.110755 0.112829 0.114961 0.117155 0.119413 0.121736 0.124129 0.126594 0.129135 0.131754 0.134456 0.137244 0.140124 0.143099 0.146174 0.149356 0.152648 0.156058 0.159592
0.071683 0.071835 0.072118 0.072547 0.073103 0.073766 0.074518 0.075349 0.076249 0.077211 0.078232 0.079308 0.080436 0.081613 0.082838 0.084110 0.085428 0.086791 0.088200 0.089652 0.091150 0.092693 0.094282 0.095917 0.097599 0.099330 0.101110 0.102941 0.104825 0.106762 0.108755 0.110807 0.112918 0.115091 0.117330 0.119636 0.122012 0.124462 0.126990 0.129598 0.132290 0.135072 0.137947 0.140920 0.143996 0.147182 0.150482 0.153904 0.157453 0.161134
0.072222 0.072308 0.072465 0.072795 0.073274 0.073874 0.074576 0.075364 0.076230 0.077166 0.078166 0.079225 0.080340 0.081509 0.082729 0.083998 0.085316 0.086682 0.088094 0.089554 0.091060 0.092614 0.094215 0.095865 0.097564 0.099314 0.101116 0.102971 0.104881 0.106848 0.108873 0.110960 0.113110 0.115326 0.117610 0.119967 0.122398 0.124908 0.127501 0.130180 0.132949 0.135814 0.138780 0.141851 0.145035 0.148336 0.151761 0.155316 0.159007 0.162835
0.072743 0.072123 0.072295 0.072700 0.073225 0.073847 0.074554 0.075342 0.076205 0.077137 0.078133 0.079190 0.080304 0.081473 0.082695 0.083967 0.085290 0.086661 0.088082 0.089550 0.091067 0.092634 0.094250 0.095916 0.097634 0.099404 0.101229 0.103109 0.105047 0.107045 0.109104 0.111228 0.113419 0.115679 0.118013 0.120422 0.122912 0.125485 0.128146 0.130899 0.133750 0.136703 0.139764 0.142940 0.146235 0.149658 0.153212 0.156902 0.160728 0.164683
0.068870 0.070942 0.071807 0.072432 0.073052 0.073728 0.074473 0.075289 0.076173 0.077122 0.078133 0.079202 0.080327 0.081505 0.082737 0.084019 0.085351 0.086733 0.088164 0.089645 0.091176 0.092757 0.094389 0.096074 0.097812 0.099604 0.101453 0.103361 0.105329 0.107359 0.109455 0.111618 0.113852 0.116159 0.118544 0.121009 0.123560 0.126200 0.128933 0.131765 0.134702 0.137748 0.140911 0.144196 0.147610 0.151157 0.154838 0.158648 0.162575 0.166591
0.073021 0.071833 0.071904 0.072349 0.072954 0.073657 0.074438 0.075289 0.076203 0.077178 0.078209 0.079296 0.080437 0.081629 0.082873 0.084167 0.085511 0.086905 0.088349 0.089843 0.091388 0.092985 0.094635 0.096339 0.098098 0.099914 0.101789 0.103725 0.105724 0.107789 0.109923 0.112128 0.114407 0.116764 0.119203 0.121728 0.124344 0.127054 0.129865 0.132781 0.135809 0.138954 0.142224 0.145624 0.149157 0.152820 0.156602 0.160480 0.164416 0.168358
0.070363 0.071222 0.071766 0.072351 0.073020 0.073766 0.074581 0.075458 0.076393 0.077384 0.078428 0.079526 0.080676 0.081877 0.083128 0.084430 0.085783 0.087186 0.088641 0.090147 0.091705 0.093317 0.094984 0.096707 0.098488 0.100328 0.102230 0.104196 0.106228 0.108329 0.110502 0.112751 0.115079 0.117489 0.119986 0.122574 0.125258 0.128044 0.130937 0.133942 0.137067 0.140318 0.143700 0.147213 0.150850 0.154590 0.158396 0.162216 0.166033 0.169865
0.070666 0.071343 0.072033 0.072724 0.073443 0.074207 0.075024 0.075894 0.076820 0.077801 0.078836 0.079926 0.081069 0.082265 0.083514 0.084816 0.086170 0.087577 0.089037 0.090552 0.092121 0.093746 0.095429 0.097170 0.098973 0.100837 0.102766 0.104763 0.106829 0.108969 0.111184 0.113480 0.115858 0.118325 0.120883 0.123539 0.126297 0.129163 0.132144 0.135245 0.138473 0.141833 0.145321 0.148923 0.152604 0.156316 0.160018 0.163732 0.167457 0.171200
0.072171 0.072626 0.073161 0.073745 0.074376 0.075062 0.075808 0.076617 0.077491 0.078427 0.079426 0.080485 0.081604 0.082782 0.084017 0.085308 0.086657 0.088062 0.089524 0.091044 0.092621 0.094258 0.095956 0.097715 0.099539 0.101428 0.103386 0.105415 0.107518 0.109698 0.111959 0.114303 0.116737 0.119264 0.121888 0.124616 0.127454 0.130407 0.133482 0.136685 0.140019 0.143477 0.147036 0.150647 0.154250 0.157858 0.161475 0.165106 0.168753 0.172423
0.074648 0.074758 0.074965 0.075273 0.075687 0.076204 0.076818 0.077523 0.078313 0.079183 0.080128 0.081144 0.082229 0.083380 0.084595 0.085873 0.087213 0.088614 0.090076 0.091600 0.093186 0.094835 0.096548 0.098327 0.100174 0.102091 0.104079 0.106143 0.108286 0.110509 0.112819 0.115217 0.117710 0.120302 0.122999 0.125805 0.128729 0.131776 0.134951 0.138258 0.141684 0.145192 0.148717 0.152233 0.155756 0.159288 0.162833 0.166395 0.169979 0.173588
0.077240 0.076977 0.076782 0.076784 0.076974 0.077324 0.077812 0.078420 0.079133 0.079942 0.080839 0.081817 0.082873 0.084002 0.085201 0.086469 0.087803 0.089203 0.090669 0.092201 0.093798 0.095462 0.097194 0.098996 0.100870 0.102817 0.104841 0.106944 0.109130 0.111402 0.113765 0.116223 0.118782 0.121445 0.124220 0.127113 0.130130 0.133277 0.136554 0.139945 0.143400 0.146844 0.150288 0.153735 0.157191 0.160659 0.164145 0.167652 0.171183 0.174743
0.079715 0.078360 0.077857 0.077733 0.077846 0.078139 0.078579 0.079146 0.079826 0.080607 0.081482 0.082443 0.083487 0.084607 0.085803 0.087070 0.088408 0.089815 0.091292 0.092837 0.094452 0.096137 0.097894 0.099724 0.101629 0.103612 0.105676 0.107824 0.110059 0.112386 0.114809 0.117333 0.119964 0.122707 0.125568 0.128555 0.131673 0.134921 0.138277 0.141674 0.145056 0.148435 0.151817 0.155205 0.158606 0.162023 0.165460 0.168921 0.172410 0.175930
0.077390 0.077836 0.077906 0.078025 0.078262 0.078623 0.079102 0.079692 0.080385 0.081175 0.082057 0.083024 0.084074 0.085203 0.086408 0.087687 0.089038 0.090462 0.091957 0.093523 0.095162 0.096875 0.098662 0.100526 0.102469 0.104494 0.106604 0.108803 0.111094 0.113482 0.115973 0.118571 0.121282 0.124113 0.127070 0.130160 0.133379 0.136701 0.140046 0.143375 0.146699 0.150023 0.153353 0.156693 0.160048 0.163422 0.166820 0.170244 0.173698 0.177186
0.078160 0.077795 0.077964 0.078249 0.078606 0.079047 0.079580 0.080208 0.080930 0.081743 0.082644 0.083630 0.084697 0.085842 0.087065 0.088363 0.089734 0.091180 0.092699 0.094293 0.095961 0.097706 0.099529 0.101433 0.103419 0.105492 0.107655 0.109911 0.112266 0.114723 0.117290 0.119970 0.122772 0.125701 0.128763 0.131954 0.135245 0.138545 0.141828 0.145103 0.148377 0.151655 0.154941 0.158240 0.161558 0.164897 0.168262 0.171655 0.175081 0.178543
0.077130 0.078343 0.078724 0.078991 0.079318 0.079742 0.080272 0.080903 0.081632 0.082455 0.083367 0.084365 0.085446 0.086606 0.087845 0.089161 0.090554 0.092023 0.093568 0.095191 0.096892 0.098672 0.100536 0.102483 0.104519 0.106645 0.108867 0.111188 0.113614 0.116150 0.118801 0.121575 0.124478 0.127514 0.130679 0.133939 0.137200 0.140442 0.143675 0.146903 0.150133 0.153370 0.156619 0.159884 0.163170 0.166480 0.169817 0.173186 0.176589 0.180030
0.083136 0.081209 0.080548 0.080403 0.080537 0.080857 0.081325 0.081917 0.082620 0.083426 0.084328 0.085320 0.086401 0.087565 0.088813 0.090142 0.091551 0.093040 0.094610 0.096262 0.097996 0.099815 0.101722 0.103718 0.105807 0.107994 0.110282 0.112677 0.115183 0.117807 0.120555 0.123433 0.126445 0.129585 0.132817 0.136041 0.139245 0.142437 0.145624 0.148810 0.152001 0.155203 0.158419 0.161655 0.164914 0.168199 0.171515 0.174863 0.178248 0.181672
0.083079 0.082500 0.082139 0.082018 0.082098 0.082348 0.082746 0.083277 0.083929 0.084693 0.085563 0.086532 0.087597 0.088754 0.090000 0.091334 0.092755 0.094262 0.095855 0.097536 0.099306 0.101166 0.103120 0.105170 0.107321 0.109575 0.111939 0.114417 0.117015 0.119739 0.122596 0.125587 0.128704 0.131906 0.135094 0.138261 0.141415 0.144560 0.147704 0.150852 0.154009 0.157179 0.160368 0.163578 0.166814 0.170079 0.173376 0.176709 0.180080 0.183491
0.083310 0.083879 0.083942 0.083922 0.083975 0.084153 0.084470 0.084923 0.085507 0.086214 0.087039 0.087974 0.089015 0.090158 0.091399 0.092736 0.094167 0.095693 0.097312 0.099026 0.100837 0.102745 0.104754 0.106867 0.109088 0.111422 0.113873 0.116448 0.119152 0.121990 0.124963 0.128059 0.131231 0.134382 0.137511 0.140625 0.143730 0.146833 0.149938 0.153052 0.156177 0.159320 0.162484 0.165673 0.168889 0.172138 0.175420 0.178741 0.182101 0.185503
0.088407 0.087325 0.086678 0.086302 0.086139 0.086165 0.086366 0.086727 0.087238 0.087889 0.088670 0.089575 0.090597 0.091731 0.092973 0.094320 0.095770 0.097323 0.098977 0.100734 0.102595 0.104563 0.106639 0.108828 0.111134 0.113562 0.116118 0.118805 0.121630 0.124589 0.127667 0.130807 0.133918 0.137008 0.140082 0.143147 0.146208 0.149271 0.152342 0.155424 0.158522 0.161641 0.164784 0.167954 0.171155 0.174390 0.177661 0.180972 0.184325 0.187722
0.092512 0.090472 0.089299 0.088606 0.088239 0.088128 0.088232 0.088524 0.088986 0.089603 0.090364 0.091259 0.092281 0.093425 0.094686 0.096059 0.097545 0.099140 0.100845 0.102662 0.104590 0.106634 0.108795 0.111078 0.113488 0.116029 0.118706 0.121523 0.124473 0.127534 0.130640 0.133711 0.136760 0.139793 0.142817 0.145837 0.148858 0.151886 0.154925 0.157980 0.161054 0.164152 0.167277 0.170432 0.173621 0.176846 0.180109 0.183414 0.186762 0.190156
0.092240 0.091689 0.090910 0.090309 0.089950 0.089828 0.089921 0.090208 0.090671 0.091297 0.092074 0.092993 0.094045 0.095224 0.096528 0.097952 0.099494 0.101153 0.102930 0.104826 0.106842 0.108982 0.111249 0.113647 0.116182 0.118857 0.121672 0.124618 0.127664 0.130731 0.133761 0.136769 0.139761 0.142743 0.145721 0.148701 0.151686 0.154683 0.157694 0.160725 0.163780 0.166860 0.169971 0.173114 0.176293 0.179510 0.182769 0.186070 0.189416 0.192810
0.094465 0.092924 0.092117 0.091624 0.091367 0.091323 0.091479 0.091821 0.092336 0.093013 0.093841 0.094814 0.095924 0.097166 0.098537 0.100033 0.101654 0.103399 0.105269 0.107266 0.109391 0.111650 0.114044 0.116580 0.119259 0.122079 0.125026 0.128055 0.131080 0.134069 0.137035 0.139986 0.142926 0.145862 0.148799 0.151742 0.154696 0.157665 0.160653 0.163664 0.166701 0.169767 0.172866 0.176001 0.179173 0.182386 0.185642 0.188942 0.192289 0.195686
0.093950 0.093847 0.093371 0.093016 0.092860 0.092904 0.093139 0.093554 0.094139 0.094885 0.095784 0.096828 0.098013 0.099334 0.100789 0.102375 0.104093 0.105941 0.107923 0.110039 0.112294 0.114691 0.117233 0.119922 0.122751 0.125698 0.128707 0.131684 0.134631 0.137555 0.140463 0.143360 0.146254 0.149148 0.152049 0.154960 0.157886 0.160831 0.163799 0.166793 0.169816 0.172871 0.175962 0.179090 0.182259 0.185469 0.188725 0.192027 0.195378 0.198779
0.098271 0.096250 0.095389 0.094968 0.094820 0.094897 0.095174 0.095639 0.096278 0.097084 0.098048 0.099163 0.100425 0.101831 0.103377 0.105062 0.106886 0.108850 0.110957 0.113209 0.115609 0.118160 0.120860 0.123698 0.126640 0.129615 0.132544 0.135446 0.138325 0.141188 0.144042 0.146891 0.149742 0.152599 0.155467 0.158350 0.161252 0.164176 0.167127 0.170107 0.173119 0.176166 0.179251 0.182375 0.185542 0.188754 0.192011 0.195317 0.198673 0.202081
0.098269 0.098497 0.098024 0.097625 0.097443 0.097491 0.097757 0.098228 0.098890 0.099731 0.100742 0.101917 0.103249 0.104734 0.106371 0.108158 0.110095 0.112183 0.114426 0.116824 0.119380 0.122088 0.124928 0.127854 0.130777 0.133656 0.136508 0.139339 0.142154 0.144961 0.147764 0.150570 0.153382 0.156205 0.159044 0.161902 0.164783 0.167690 0.170626 0.173595 0.176599 0.179640 0.182721 0.185845 0.189012 0.192226 0.195488 0.198800 0.202164 0.205580
0.105579 0.102924 0.101705 0.101036 0.100714 0.100676 0.100890 0.101335 0.101992 0.102848 0.103891 0.105113 0.106507 0.108069 0.109797 0.111687 0.113742 0.115962 0.118349 0.120900 0.123606 0.126437 0.129331 0.132187 0.135010 0.137806 0.140583 0.143347 0.146104 0.148858 0.151616 0.154381 0.157158 0.159951 0.162764 0.165601 0.168464 0.171356 0.174281 0.177242 0.180239 0.183277 0.186358 0.189482 0.192653 0.195871 0.199140 0.202459 0.205832 0.209259
0.106614 0.106374 0.105490 0.104779 0.104368 0.104256 0.104419 0.104834 0.105484 0.106352 0.107425 0.108695 0.110154 0.111796 0.113619 0.115622 0.117804 0.120166 0.122701 0.125394 0.128200 0.131034 0.133821 0.136581 0.139317 0.142036 0.144745 0.147448 0.150151 0.152858 0.155575 0.158304 0.161050 0.163817 0.166608 0.169426 0.172274 0.175155 0.178072 0.181026 0.184021 0.187058 0.190139 0.193266 0.196442 0.199667 0.202943 0.206272 0.209656 0.213094
0.113978 0.110960 0.109478 0.108605 0.108127 0.107977 0.108120 0.108533 0.109196 0.110095 0.111216 0.112549 0.114088 0.115827 0.117763 0.119895 0.122220 0.124730 0.127399 0.130165 0.132921 0.135638 0.138330 0.141003 0.143662 0.146313 0.148961 0.151611 0.154266 0.156933 0.159613 0.162312 0.165032 0.167777 0.170550 0.173353 0.176190 0.179063 0.181973 0.184925 0.187918 0.190956 0.194041 0.197173 0.200355 0.203588 0.206874 0.210214 0.213610 0.217062
0.114115 0.113868 0.112942 0.112187 0.111741 0.111613 0.111785 0.112237 0.112954 0.113919 0.115121 0.116550 0.118199 0.120062 0.122137 0.124420 0.126900 0.129539 0.132253 0.134929 0.137578 0.140205 0.142816 0.145416 0.148010 0.150603 0.153199 0.155804 0.158420 0.161052 0.163703 0.166376 0.169075 0.171803 0.174562 0.177354 0.180183 0.183050 0.185958 0.188908 0.191904 0.194945 0.198034 0.201174 0.204364 0.207607 0.210904 0.214256 0.217665 0.221131
0.120759 0.117746 0.116313 0.115495 0.115084 0.115020 0.115272 0.115818 0.116637 0.117716 0.119042 0.120605 0.122400 0.124421 0.126664 0.129115 0.131724 0.134379 0.136991 0.139579 0.142147 0.144701 0.147246 0.149786 0.152327 0.154873 0.157429 0.159997 0.162581 0.165186 0.167813 0.170467 0.173150 0.175864 0.178613 0.181398 0.184222 0.187087 0.189995 0.192947 0.195946 0.198993 0.202089 0.205237 0.208437 0.211691 0.215000 0.218365 0.221788 0.225269
0.119708 0.119729 0.118942 0.118337 0.118072 0.118151 0.118551 0.119247 0.120222 0.121460 0.122951 0.124686 0.126660 0.128868 0.131295 0.133881 0.136484 0.139047 0.141586 0.144105 0.146610 0.149106 0.151599 0.154093 0.156592 0.159101 0.161623 0.164163 0.166722 0.169306 0.171916 0.174555 0.177226 0.179932 0.182674 0.185455 0.188277 0.191143 0.194052 0.197008 0.200013 0.203066 0.206171 0.209328 0.212539 0.215805 0.219127 0.222506 0.225944 0.229441
0.125613 0.122582 0.121392 0.120903 0.120845 0.121134 0.121736 0.122627 0.123792 0.125220 0.126900 0.128829 0.131002 0.133405 0.135972 0.138537 0.141064 0.143564 0.146043 0.148507 0.150961 0.153411 0.155863 0.158319 0.160785 0.163265 0.165761 0.168278 0.170819 0.173386 0.175983 0.178611 0.181275 0.183975 0.186713 0.189493 0.192316 0.195183 0.198097 0.201058 0.204069 0.207131 0.210245 0.213413 0.216636 0.219914 0.223250 0.226643 0.230096 0.233609
0.122871 0.123623 0.123527 0.123503 0.123737 0.124259 0.125066 0.126150 0.127501 0.129114 0.130983 0.133104 0.135468 0.138010 0.140545 0.143041 0.145507 0.147950 0.150376 0.152791 0.155202 0.157613 0.160028 0.162453 0.164891 0.167346 0.169821 0.172320 0.174845 0.177400 0.179986 0.182607 0.185265 0.187962 0.190699 0.193479 0.196304 0.199175 0.202093 0.205061 0.208080 0.211151 0.214275 0.217453 0.220688 0.223979 0.227328 0.230736 0.234203 0.237731
0.128890 0.127320 0.126843 0.126840 0.127180 0.127826 0.128763 0.129982 0.131475 0.133237 0.135265 0.137553 0.140045 0.142543 0.145001 0.147427 0.149829 0.152214 0.154588 0.156957 0.159326 0.161699 0.164082 0.166478 0.168890 0.171323 0.173779 0.176262 0.178774 0.181318 0.183897 0.186512 0.189166 0.191860 0.194597 0.197379 0.200207 0.203082 0.206006 0.208981 0.212007 0.215087 0.218221 0.221410 0.224656 0.227959 0.231321 0.234742 0.238224 0.241767
0.131822 0.131319 0.130936 0.130903 0.131224 0.131881 0.132857 0.134137 0.135714 0.137580 0.139728 0.142122 0.144562 0.146963 0.149334 0.151684 0.154018 0.156343 0.158664 0.160985 0.163312 0.165649 0.168000 0.170368 0.172756 0.175168 0.177607 0.180076 0.182576 0.185111 0.187682 0.190292 0.192943 0.195636 0.198373 0.201156 0.203987 0.206866 0.209796 0.212777 0.215811 0.218899 0.222042 0.225242 0.228498 0.231813 0.235187 0.238621 0.242116 0.245672
0.137200 0.136056 0.135488 0.135337 0.135574 0.136182 0.137143 0.138441 0.140065 0.142003 0.144235 0.146588 0.148909 0.151208 0.153491 0.155763 0.158029 0.160294 0.162562 0.164838 0.167125 0.169427 0.171747 0.174088 0.176454 0.178847 0.181270 0.183725 0.186214 0.188740 0.191305 0.193911 0.196558 0.199250 0.201988 0.204772 0.207605 0.210489 0.213423 0.216410 0.219451 0.222546 0.225697 0.228906 0.232171 0.235496 0.238881 0.242325 0.245832 0.249400
0.141455 0.140588 0.139901 0.139618 0.139766 0.140328 0.141282 0.142604 0.144278 0.146289 0.148526 0.150757 0.152976 0.155185 0.157389 0.159592 0.161797 0.164009 0.166230 0.168465 0.170716 0.172987 0.175280 0.177598 0.179944 0.182320 0.184728 0.187171 0.189651 0.192169 0.194728 0.197329 0.199973 0.202663 0.205401 0.208186 0.211021 0.213907 0.216845 0.219837 0.222883 0.225984 0.229142 0.232357 0.235630 0.238963 0.242356 0.245810 0.249325 0.252903
0.146845 0.144731 0.143627 0.143220 0.143353 0.143947 0.144954 0.146349 0.148112 0.150203 0.152360 0.154510 0.156655 0.158799 0.160945 0.163097 0.165256 0.167427 0.169613 0.171815 0.174038 0.176284 0.178555 0.180854 0.183183 0.185545 0.187941 0.190373 0.192844 0.195355 0.197908 0.200504 0.203146 0.205834 0.208570 0.211355 0.214190 0.217078 0.220018 0.223012 0.226061 0.229167 0.232329 0.235549 0.238828 0.242167 0.245566 0.249026 0.252548 0.256133
0.148276 0.146600 0.145904 0.145772 0.146100 0.146850 0.147998 0.149530 0.151431 0.153553 0.155669 0.157779 0.159887 0.161996 0.164110 0.166230 0.168362 0.170507 0.172668 0.174849 0.177052 0.179279 0.181534 0.183818 0.186134 0.188483 0.190868 0.193291 0.195754 0.198258 0.200805 0.203396 0.206033 0.208718 0.211451 0.214234 0.217069 0.219956 0.222896 0.225891 0.228941 0.232048 0.235212 0.238434 0.241716 0.245058 0.248460 0.251924 0.255450 0.259039
0.145856 0.147053 0.147305 0.147589 0.148175 0.149129 0.150462 0.152169 0.154224 0.156355 0.158470 0.160575 0.162675 0.164773 0.166873 0.168980 0.171097 0.173227 0.175373 0.177539 0.179728 0.181942 0.184183 0.186455 0.188759 0.191097 0.193472 0.195886 0.198340 0.200836 0.203375 0.205960 0.208592 0.211271 0.214000 0.216779 0.219610 0.222494 0.225432 0.228424 0.231473 0.234578 0.237742 0.240964 0.244245 0.247587 0.250989 0.254454 0.257981 0.261571
0.151641 0.149650 0.149070 0.149232 0.149911 0.151024 0.152532 0.154413 0.156573 0.158726 0.160856 0.162969 0.165071 0.167166 0.169261 0.171359 0.173465 0.175584 0.177718 0.179870 0.182046 0.184246 0.186474 0.188733 0.191024 0.193351 0.195714 0.198117 0.200561 0.203047 0.205577 0.208153 0.210776 0.213448 0.216169 0.218942 0.221767 0.224645 0.227577 0.230565 0.233608 0.236710 0.239869 0.243087 0.246365 0.249703 0.253103 0.256565 0.260089 0.263677
0.151966 0.150520 0.150226 0.150604 0.151472 0.152753 0.154416 0.156444 0.158644 0.160806 0.162937 0.165045 0.167138 0.169221 0.171302 0.173384 0.175474 0.177574 0.179690 0.181825 0.183983 0.186166 0.188377 0.190619 0.192895 0.195206 0.197555 0.199943 0.202373 0.204846 0.207364 0.209929 0.212540 0.215201 0.217912 0.220675 0.223490 0.226359 0.229283 0.232262 0.235298 0.238392 0.241544 0.244755 0.248026 0.251358 0.254751 0.258207 0.261725 0.265307
0.148591 0.150338 0.151205 0.152044 0.153125 0.154532 0.156287 0.158386 0.160554 0.162680 0.164774 0.166845 0.168902 0.170951 0.172998 0.175048 0.177106 0.179177 0.181265 0.183374 0.185506 0.187664 0.189853 0.192073 0.194327 0.196619 0.198948 0.201319 0.203731 0.206188 0.208690 0.211239 0.213836 0.216482 0.219180 0.221930 0.224732 0.227589 0.230501 0.233469 0.236493 0.239576 0.242718 0.245918 0.249179 0.252502 0.255885 0.259332 0.262841 0.266414
0.153963 0.153459 0.153574 0.154139 0.155101 0.156447 0.158168 0.160217 0.162283 0.164318 0.166331 0.168329 0.170319 0.172308 0.174300 0.176300 0.178313 0.180342 0.182391 0.184464 0.186563 0.188690 0.190849 0.193042 0.195271 0.197538 0.199844 0.202193 0.204584 0.207021 0.209503 0.212034 0.214613 0.217243 0.219924 0.222657 0.225444 0.228286 0.231183 0.234136 0.237147 0.240216 0.243344 0.246532 0.249780 0.253089 0.256461 0.259894 0.263391 0.266952
0.158885 0.156795 0.156185 0.156346 0.157054 0.158226 0.159824 0.161736 0.163654 0.165562 0.167464 0.169365 0.171271 0.173184 0.175110 0.177050 0.179009 0.180989 0.182994 0.185025 0.187086 0.189179 0.191305 0.193468 0.195668 0.197907 0.200188 0.202512 0.204881 0.207295 0.209756 0.212266 0.214825 0.217435 0.220097 0.222813 0.225582 0.228406 0.231286 0.234223 0.237217 0.240270 0.243382 0.246554 0.249786 0.253080 0.256437 0.259856 0.263338 0.266884
0.157544 0.157843 0.157666 0.157775 0.158334 0.159361 0.160840 0.162602 0.164378 0.166164 0.167961 0.169772 0.171597 0.173439 0.175301 0.177185 0.179092 0.181026 0.182988 0.184980 0.187004 0.189062 0.191157 0.193289 0.195461 0.197673 0.199929 0.202228 0.204572 0.206963 0.209402 0.211890 0.214428 0.217018 0.219660 0.222356 0.225105 0.227910 0.230772 0.233690 0.236666 0.239701 0.242795 0.245950 0.249165 0.252442 0.255781 0.259183 0.262649 0.266178
0.160806 0.158869 0.158072 0.157971 0.158431 0.159393 0.160822 0.162493 0.164185 0.165897 0.167628 0.169379 0.171150 0.172944 0.174761 0.176604 0.178473 0.180370 0.182299 0.184259 0.186253 0.188283 0.190350 0.192456 0.194602 0.196790 0.199022 0.201298 0.203619 0.205988 0.208405 0.210872 0.213389 0.215958 0.218580 0.221255 0.223985 0.226770 0.229612 0.232511 0.235468 0.238484 0.241559 0.244695 0.247892 0.251150 0.254471 0.257855 0.261302 0.264814
0.158597 0.157082 0.156472 0.156504 0.157063 0.158097 0.159576 0.161250 0.162938 0.164641 0.166359 0.168095 0.169850 0.171626 0.173424 0.175247 0.177096 0.178974 0.180881 0.182821 0.184795 0.186804 0.188851 0.190936 0.193062 0.195229 0.197440 0.199696 0.201997 0.204346 0.206743 0.209189 0.211687 0.214236 0.216837 0.219493 0.222203 0.224969 0.227791 0.230670 0.233608 0.236604 0.239660 0.242776 0.245954 0.249193 0.252495 0.255860 0.259288 0.262782
0.152494 0.152980 0.153197 0.153624 0.154411 0.155599 0.157189 0.158938 0.160683 0.162428 0.164177 0.165935 0.167704 0.169489 0.171291 0.173113 0.174959 0.176830 0.178730 0.180660 0.182622 0.184618 0.186650 0.188721 0.190831 0.192982 0.195176 0.197415 0.199698 0.202029 0.204408 0.206836 0.209315 0.211845 0.214428 0.217064 0.219756 0.222502 0.225305 0.228165 0.231084 0.234061 0.237098 0.240195 0.243354 0.246574 0.249857 0.253203 0.256612 0.260087
0.150542 0.149732 0.149640 0.150076 0.150961 0.152258 0.153946 0.155786 0.157605 0.159410 0.161207 0.163002 0.164800 0.166605 0.168421 0.170253 0.172104 0.173977 0.175875 0.177801 0.179757 0.181745 0.183768 0.185827 0.187925 0.190063 0.192243 0.194467 0.196736 0.199051 0.201413 0.203825 0.206286 0.208799 0.211365 0.213983 0.216657 0.219385 0.222170 0.225012 0.227912 0.230871 0.233890 0.236969 0.240109 0.243311 0.246575 0.249903 0.253295 0.256751
0.146864 0.145728 0.145596 0.146087 0.147047 0.148413 0.150156 0.152062 0.153935 0.155785 0.157617 0.159440 0.161259 0.163080 0.164909 0.166749 0.168604 0.170478 0.172375 0.174297 0.176248 0.178229 0.180243 0.182293 0.184381 0.186507 0.188675 0.190885 0.193140 0.195441 0.197789 0.200185 0.202631 0.205128 0.207678 0.210280 0.212937 0.215649 0.218417 0.221243 0.224126 0.227068 0.230070 0.233132 0.236256 0.239441 0.242689 0.246000 0.249375 0.252815
0.140072 0.140619 0.141137 0.141876 0.142926 0.144317 0.146053 0.147972 0.149855 0.151711 0.153548 0.155375 0.157196 0.159018 0.160846 0.162683 0.164535 0.166405 0.168296 0.170212 0.172155 0.174127 0.176132 0.178172 0.180249 0.182364 0.184520 0.186718 0.188960 0.191248 0.193582 0.195965 0.198398 0.200881 0.203416 0.206005 0.208647 0.211345 0.214099 0.216909 0.219778 0.222706 0.225693 0.228740 0.231849 0.235020 0.238253 0.241550 0.244910 0.248336
0.136344 0.136841 0.137235 0.137858 0.138803 0.140094 0.141733 0.143598 0.145441 0.147265 0.149077 0.150881 0.152684 0.154490 0.156304 0.158129 0.159968 0.161827 0.163706 0.165611 0.167543 0.169505 0.171499 0.173528 0.175593 0.177698 0.179842 0.182029 0.184260 0.186537 0.188860 0.191231 0.193652 0.196124 0.198648 0.201224 0.203855 0.206541 0.209283 0.212082 0.214940 0.217855 0.220831 0.223867 0.226964 0.230123 0.233345 0.236630 0.239979 0.243393
0.136071 0.134152 0.133631 0.133824 0.134515 0.135624 0.137114 0.138885 0.140666 0.142441 0.144212 0.145983 0.147758 0.149539 0.151331 0.153137 0.154960 0.156803 0.158669 0.160561 0.162480 0.164431 0.166415 0.168433 0.170489 0.172584 0.174720 0.176898 0.179120 0.181388 0.183703 0.186066 0.188479 0.190943 0.193459 0.196027 0.198650 0.201328 0.204062 0.206854 0.209703 0.212611 0.215578 0.218606 0.221695 0.224846 0.228060 0.231337 0.234679 0.238085
0.129492 0.129120 0.128886 0.129051 0.129644 0.130643 0.132024 0.133720 0.135458 0.137197 0.138937 0.140681 0.142432 0.144193 0.145967 0.147757 0.149565 0.151396 0.153250 0.155132 0.157043 0.158986 0.160963 0.162975 0.165025 0.167115 0.169246 0.171420 0.173638 0.175902 0.178214 0.180573 0.182983 0.185443 0.187956 0.190521 0.193141 0.195816 0.198546 0.201334 0.204180 0.207085 0.210049 0.213073 0.216159 0.219306 0.222516 0.225790 0.229127 0.232530
0.123551 0.123266 0.123168 0.123422 0.124051 0.125045 0.126390 0.128055 0.129795 0.131529 0.133263 0.135000 0.136744 0.138497 0.140265 0.142049 0.143853 0.145680 0.147533 0.149413 0.151324 0.153267 0.155244 0.157258 0.159310 0.161402 0.163535 0.165711 0.167932 0.170199 0.172513 0.174876 0.177288 0.179751 0.182266 0.184834 0.187456 0.190133 0.192866 0.195656 0.198504 0.201410 0.204376 0.207401 0.210488 0.213637 0.216848 0.220122 0.223461 0.226863
0.118275 0.117053 0.116887 0.117230 0.117941 0.118978 0.120327 0.121981 0.123754 0.125513 0.127264 0.129016 0.130772 0.132537 0.134315 0.136111 0.137926 0.139764 0.141628 0.143520 0.145442 0.147397 0.149386 0.151411 0.153475 0.155578 0.157723 0.159911 0.162143 0.164421 0.166745 0.169118 0.171540 0.174013 0.176538 0.179115 0.181745 0.184431 0.187172 0.189969 0.192824 0.195738 0.198710 0.201742 0.204835 0.207990 0.211206 0.214486 0.217829 0.221237
0.109231 0.109961 0.110360 0.110891 0.111670 0.112726 0.114066 0.115691 0.117498 0.119293 0.121080 0.122864 0.124652 0.126448 0.128257 0.130082 0.131926 0.133793 0.135685 0.137603 0.139552 0.141532 0.143546 0.145596 0.147683 0.149809 0.151975 0.154184 0.156436 0.158733 0.161077 0.163468 0.165907 0.168397 0.170937 0.173530 0.176175 0.178875 0.181630 0.184440 0.187308 0.190233 0.193217 0.196260 0.199363 0.202528 0.205754 0.209043 0.212395 0.215811
0.104718 0.104359 0.104427 0.104818 0.105519 0.106522 0.107818 0.109401 0.111221 0.113062 0.114897 0.116733 0.118572 0.120420 0.122280 0.124154 0.126046 0.127959 0.129895 0.131856 0.133845 0.135865 0.137916 0.140002 0.142123 0.144281 0.146479 0.148718 0.150999 0.153323 0.155693 0.158109 0.160572 0.163084 0.165647 0.168260 0.170925 0.173644 0.176417 0.179245 0.182129 0.185070 0.188069 0.191127 0.194244 0.197422 0.200661 0.203962 0.207326 0.210754
0.099830 0.098932 0.098666 0.098890 0.099508 0.100468 0.101737 0.103298 0.105130 0.107040 0.108949 0.110859 0.112772 0.114692 0.116621 0.118563 0.120519 0.122493 0.124487 0.126504 0.128546 0.130615 0.132714 0.134844 0.137008 0.139207 0.141443 0.143718 0.146033 0.148390 0.150791 0.153236 0.155727 0.158266 0.160854 0.163491 0.166180 0.168921 0.171714 0.174562 0.177466 0.180425 0.183441 0.186516 0.189649 0.192843 0.196096 0.199412 0.202789 0.206230
0.093318 0.092642 0.092587 0.092949 0.093662 0.094693 0.096017 0.097619 0.099487 0.101504 0.103518 0.105528 0.107537 0.109547 0.111561 0.113583 0.115614 0.117658 0.119719 0.121797 0.123898 0.126022 0.128172 0.130351 0.132560 0.134802 0.137079 0.139392 0.141744 0.144135 0.146568 0.149044 0.151565 0.154131 0.156745 0.159408 0.162120 0.164883 0.167698 0.170567 0.173489 0.176467 0.179501 0.182593 0.185742 0.188951 0.192220 0.195549 0.198940 0.202394
0.085346 0.086140 0.086691 0.087398 0.088349 0.089555 0.091015 0.092720 0.094666 0.096805 0.098948 0.101075 0.103190 0.105297 0.107400 0.109503 0.111609 0.113724 0.115848 0.117987 0.120143 0.122320 0.124519 0.126743 0.128995 0.131277 0.133592 0.135940 0.138325 0.140748 0.143211 0.145715 0.148262 0.150854 0.153492 0.156176 0.158910 0.161693 0.164528 0.167414 0.170354 0.173349 0.176399 0.179505 0.182669 0.185892 0.189174 0.192515 0.195919 0.199384
0.081717 0.081549 0.082129 0.083054 0.084227 0.085624 0.087237 0.089063 0.091104 0.093347 0.095613 0.097847 0.100057 0.102248 0.104427 0.106598 0.108766 0.110937 0.113114 0.115301 0.117501 0.119718 0.121956 0.124215 0.126501 0.128814 0.131158 0.133534 0.135944 0.138391 0.140877 0.143402 0.145969 0.148580 0.151236 0.153938 0.156687 0.159486 0.162335 0.165235 0.168188 0.171195 0.174257 0.177375 0.180550 0.183782 0.187074 0.190425 0.193837 0.197311
0.077353 0.078407 0.079438 0.080605 0.081947 0.083474 0.085189 0.087096 0.089200 0.091502 0.093846 0.096146 0.098412 0.100652 0.102874 0.105084 0.107288 0.109491 0.111697 0.113910 0.116135 0.118375 0.120634 0.122913 0.125217 0.127547 0.129906 0.132297 0.134721 0.137181 0.139679 0.142216 0.144794 0.147415 0.150081 0.152792 0.155550 0.158357 0.161214 0.164121 0.167082 0.170095 0.173163 0.176287 0.179468 0.182706 0.186003 0.189359 0.192776 0.196254
