0.092710 0.093704 0.094362 0.094692 0.094822 0.094861 0.094883 0.094930 0.095029 0.095191 0.095424 0.095729 0.096105 0.096549 0.097058 0.097629 0.098256 0.098935 0.099663 0.100434 0.101245 0.102089 0.102963 0.103861 0.104779 0.105712 0.106653 0.107599 0.108542 0.109478 0.110400 0.111302 0.112176 0.113016 0.113815 0.114564 0.115256 0.115881 0.116432 0.116897 0.117267 0.117532 0.117680 0.117700 0.117579 0.117305 0.116864 0.116244 0.115431 0.114411
0.095660 0.095786 0.095142 0.094476 0.093948 0.093575 0.093342 0.093233 0.093232 0.093329 0.093515 0.093781 0.094122 0.094532 0.095005 0.095537 0.096123 0.096757 0.097436 0.098154 0.098907 0.099690 0.100498 0.101327 0.102171 0.103026 0.103885 0.104744 0.105596 0.106436 0.107258 0.108055 0.108820 0.109546 0.110225 0.110850 0.111412 0.111903 0.112313 0.112633 0.112852 0.112960 0.112945 0.112796 0.112501 0.112048 0.111424 0.110618 0.109615 0.108405
0.101981 0.096834 0.094004 0.092298 0.091222 0.090539 0.090121 0.089892 0.089807 0.089837 0.089963 0.090170 0.090449 0.090793 0.091193 0.091646 0.092145 0.092685 0.093262 0.093871 0.094507 0.095166 0.095842 0.096531 0.097228 0.097927 0.098623 0.099310 0.099983 0.100635 0.101260 0.101851 0.102401 0.102903 0.103349 0.103730 0.104040 0.104267 0.104404 0.104439 0.104363 0.104165 0.103833 0.103358 0.102727 0.101929 0.100954 0.099792 0.098433 0.096867
0.091445 0.089321 0.087896 0.086930 0.086267 0.085811 0.085509 0.085325 0.085239 0.085235 0.085303 0.085435 0.085623 0.085862 0.086146 0.086470 0.086830 0.087222 0.087640 0.088080 0.088537 0.089007 0.089485 0.089965 0.090442 0.090911 0.091366 0.091801 0.092211 0.092588 0.092926 0.093219 0.093457 0.093635 0.093744 0.093775 0.093719 0.093567 0.093309 0.092936 0.092436 0.091799 0.091016 0.090076 0.088971 0.087693 0.086234 0.084590 0.082753 0.080720
0.076275 0.079044 0.080162 0.080587 0.080687 0.080640 0.080538 0.080428 0.080335 0.080273 0.080245 0.080255 0.080300 0.080380 0.080491 0.080630 0.080793 0.080976 0.081176 0.081386 0.081603 0.081822 0.082037 0.082243 0.082434 0.082605 0.082750 0.082862 0.082935 0.082962 0.082936 0.082849 0.082693 0.082460 0.082143 0.081730 0.081214 0.080585 0.079831 0.078944 0.077914 0.076731 0.075390 0.073885 0.072213 0.070371 0.068360 0.066180 0.063831 0.061319
0.074589 0.075481 0.076330 0.076696 0.076742 0.076616 0.076407 0.076164 0.075915 0.075677 0.075458 0.075262 0.075091 0.074943 0.074818 0.074711 0.074619 0.074538 0.074463 0.074390 0.074313 0.074227 0.074126 0.074004 0.073855 0.073673 0.073452 0.073183 0.072861 0.072477 0.072024 0.071494 0.070878 0.070168 0.069354 0.068427 0.067376 0.066192 0.064864 0.063386 0.061750 0.059956 0.058003 0.055896 0.053641 0.051249 0.048729 0.046085 0.043329 0.040488
0.077118 0.077864 0.076846 0.075839 0.074996 0.074264 0.073600 0.072982 0.072403 0.071858 0.071345 0.070862 0.070405 0.069972 0.069557 0.069157 0.068767 0.068381 0.067993 0.067598 0.067190 0.066763 0.066309 0.065823 0.065297 0.064725 0.064099 0.063411 0.062654 0.061819 0.060898 0.059882 0.058762 0.057529 0.056171 0.054680 0.053044 0.051255 0.049306 0.047199 0.044939 0.042540 0.040017 0.037388 0.034685 0.031930 0.029127 0.026281 0.023461 0.020706
0.091867 0.081721 0.077887 0.075755 0.074193 0.072888 0.071735 0.070688 0.069723 0.068822 0.067975 0.067171 0.066402 0.065660 0.064938 0.064228 0.063524 0.062818 0.062105 0.061375 0.060623 0.059841 0.059022 0.058157 0.057240 0.056263 0.055216 0.054093 0.052884 0.051579 0.050171 0.048649 0.047003 0.045223 0.043299 0.041219 0.038974 0.036565 0.034001 0.031305 0.028519 0.025680 0.022806 0.019973 0.017236 0.014581 0.011977 0.009490 0.007389 0.005509
0.067425 0.075324 0.075920 0.074738 0.073188 0.071636 0.070171 0.068806 0.067530 0.066330 0.065192 0.064104 0.063053 0.062029 0.061023 0.060025 0.059027 0.058019 0.056995 0.055946 0.054863 0.053738 0.052563 0.051330 0.050030 0.048655 0.047195 0.045641 0.043984 0.042214 0.040321 0.038295 0.036125 0.033799 0.031307 0.028640 0.025802 0.022829 0.019778 0.016727 0.013790 0.010969 0.008298 0.006084 0.004158 0.002386 0.000701 0.000001 0.000001 0.000001
0.088074 0.079777 0.076204 0.073851 0.071896 0.070134 0.068502 0.066971 0.065524 0.064144 0.062817 0.061531 0.060273 0.059033 0.057801 0.056567 0.055322 0.054056 0.052761 0.051428 0.050049 0.048613 0.047114 0.045541 0.043886 0.042139 0.040291 0.038331 0.036250 0.034037 0.031682 0.029173 0.026499 0.023648 0.020609 0.017396 0.014079 0.010824 0.007713 0.005090 0.002921 0.000988 0.000001 0.000001 0.000001 0.000001 0.000001 0.000001 0.000001 0.000001
0.078803 0.076329 0.073861 0.071763 0.069920 0.068229 0.066636 0.065112 0.063640 0.062207 0.060802 0.059415 0.058037 0.056658 0.055270 0.053863 0.052429 0.050959 0.049444 0.047875 0.046245 0.044543 0.042761 0.040889 0.038918 0.036839 0.034640 0.032312 0.029844 0.027225 0.024443 0.021487 0.018345 0.015005 0.011473 0.007902 0.004613 0.002012 0.000001 0.000001 0.000001 0.000001 0.000001 0.000001 0.000001 0.000001 0.000001 0.000001 0.000001 0.000001
0.069532 0.070722 0.070173 0.069031 0.067696 0.066302 0.064895 0.063489 0.062085 0.060682 0.059273 0.057855 0.056420 0.054961 0.053472 0.051945 0.050372 0.048746 0.047058 0.045300 0.043464 0.041540 0.039519 0.037392 0.035150 0.032781 0.030276 0.027623 0.024812 0.021831 0.018668 0.015311 0.011747 0.007968 0.004154 0.001061 0.000001 0.000001 0.000001 0.000001 0.000001 0.000001 0.000001 0.000001 0.000001 0.000001 0.000001 0.000001 0.000001 0.000001
0.072061 0.069811 0.068632 0.067534 0.066368 0.065138 0.063864 0.062556 0.061218 0.059850 0.058451 0.057018 0.055547 0.054032 0.052468 0.050848 0.049167 0.047417 0.045589 0.043677 0.041671 0.039563 0.037342 0.035001 0.032528 0.029912 0.027144 0.024212 0.021104 0.017809 0.014313 0.010603 0.006667 0.002595 0.000001 0.000001 0.000001 0.000001 0.000001 0.000001 0.000001 0.000001 0.000001 0.000001 0.000001 0.000001 0.000001 0.000001 0.000001 0.000001
0.070375 0.070236 0.069058 0.067778 0.066517 0.065257 0.063979 0.062669 0.061322 0.059934 0.058503 0.057025 0.055497 0.053915 0.052273 0.050564 0.048784 0.046923 0.044974 0.042929 0.040779 0.038514 0.036126 0.033603 0.030935 0.028112 0.025121 0.021952 0.018591 0.015026 0.011245 0.007233 0.002977 0.000001 0.000001 0.000001 0.000001 0.000001 0.000001 0.000001 0.000001 0.000001 0.000001 0.000001 0.000001 0.000001 0.000001 0.000001 0.000001 0.000001
0.076696 0.072983 0.070968 0.069443 0.068052 0.066681 0.065294 0.063876 0.062424 0.060935 0.059406 0.057832 0.056210 0.054533 0.052795 0.050988 0.049105 0.047138 0.045077 0.042913 0.040637 0.038238 0.035706 0.033030 0.030199 0.027201 0.024024 0.020656 0.017083 0.013293 0.009272 0.005004 0.000517 0.000001 0.000001 0.000001 0.000001 0.000001 0.000001 0.000001 0.000001 0.000001 0.000001 0.000001 0.000001 0.000001 0.000001 0.000001 0.000001 0.000001
0.074168 0.074162 0.073338 0.072089 0.070635 0.069085 0.067488 0.065868 0.064230 0.062575 0.060898 0.059192 0.057449 0.055660 0.053816 0.051908 0.049925 0.047858 0.045695 0.043427 0.041042 0.038530 0.035878 0.033075 0.030109 0.026967 0.023637 0.020105 0.016359 0.012383 0.008164 0.003686 0.000001 0.000001 0.000001 0.000001 0.000001 0.000001 0.000001 0.000001 0.000001 0.000001 0.000001 0.000001 0.000001 0.000001 0.000001 0.000001 0.000001 0.000001
0.077960 0.078777 0.077521 0.075710 0.073768 0.071822 0.069910 0.068036 0.066192 0.064366 0.062545 0.060715 0.058863 0.056976 0.055042 0.053049 0.050984 0.048835 0.046591 0.044240 0.041769 0.039166 0.036420 0.033516 0.030443 0.027187 0.023736 0.020074 0.016188 0.012063 0.007685 0.003038 0.000001 0.000001 0.000001 0.000001 0.000001 0.000001 0.000001 0.000001 0.000001 0.000001 0.000001 0.000001 0.000001 0.000001 0.000001 0.000001 0.000001 0.000001
0.093974 0.086184 0.081883 0.078762 0.076161 0.073844 0.071702 0.069672 0.067716 0.065804 0.063912 0.062021 0.060115 0.058178 0.056197 0.054156 0.052043 0.049845 0.047550 0.045144 0.042614 0.039949 0.037134 0.034157 0.031005 0.027664 0.024120 0.020358 0.016365 0.012125 0.007622 0.002841 0.000001 0.000001 0.000001 0.000001 0.000001 0.000001 0.000001 0.000001 0.000001 0.000001 0.000001 0.000001 0.000001 0.000001 0.000001 0.000001 0.000001 0.000001
0.085967 0.084336 0.081515 0.078859 0.076487 0.074325 0.072299 0.070361 0.068474 0.066615 0.064763 0.062903 0.061018 0.059094 0.057118 0.055076 0.052957 0.050746 0.048432 0.046001 0.043441 0.040739 0.037883 0.034858 0.031651 0.028250 0.024639 0.020804 0.016730 0.012402 0.007805 0.002922 0.000001 0.000001 0.000001 0.000001 0.000001 0.000001 0.000001 0.000001 0.000001 0.000001 0.000001 0.000001 0.000001 0.000001 0.000001 0.000001 0.000001 0.000001
0.082596 0.079860 0.078260 0.076773 0.075222 0.073610 0.071962 0.070293 0.068609 0.066905 0.065176 0.063413 0.061605 0.059742 0.057813 0.055806 0.053710 0.051514 0.049205 0.046772 0.044203 0.041485 0.038605 0.035551 0.032309 0.028865 0.025207 0.021318 0.017184 0.012791 0.008122 0.003160 0.000001 0.000001 0.000001 0.000001 0.000001 0.000001 0.000001 0.000001 0.000001 0.000001 0.000001 0.000001 0.000001 0.000001 0.000001 0.000001 0.000001 0.000001
0.073746 0.075410 0.075735 0.075186 0.074175 0.072930 0.071561 0.070118 0.068619 0.067071 0.065472 0.063816 0.062096 0.060304 0.058431 0.056468 0.054404 0.052230 0.049935 0.047507 0.044935 0.042208 0.039313 0.036238 0.032970 0.029494 0.025799 0.021868 0.017688 0.013242 0.008516 0.003493 0.000001 0.000001 0.000001 0.000001 0.000001 0.000001 0.000001 0.000001 0.000001 0.000001 0.000001 0.000001 0.000001 0.000001 0.000001 0.000001 0.000001 0.000001
0.075853 0.078143 0.077300 0.075929 0.074534 0.073170 0.071811 0.070434 0.069019 0.067554 0.066030 0.064439 0.062773 0.061024 0.059184 0.057244 0.055196 0.053030 0.050736 0.048304 0.045723 0.042981 0.040067 0.036968 0.033672 0.030165 0.026435 0.022466 0.018243 0.013753 0.008978 0.003902 0.000001 0.000001 0.000001 0.000001 0.000001 0.000001 0.000001 0.000001 0.000001 0.000001 0.000001 0.000001 0.000001 0.000001 0.000001 0.000001 0.000001 0.000001
0.098188 0.085278 0.080150 0.077522 0.075748 0.074271 0.072886 0.071507 0.070098 0.068638 0.067116 0.065523 0.063851 0.062093 0.060240 0.058285 0.056218 0.054031 0.051714 0.049256 0.046647 0.043875 0.040929 0.037797 0.034466 0.030922 0.027152 0.023142 0.018877 0.014342 0.009521 0.004398 0.000001 0.000001 0.000001 0.000001 0.000001 0.000001 0.000001 0.000001 0.000001 0.000001 0.000001 0.000001 0.000001 0.000001 0.000001 0.000001 0.000001 0.000001
0.072903 0.077812 0.078704 0.078249 0.077280 0.076086 0.074772 0.073376 0.071913 0.070386 0.068793 0.067129 0.065390 0.063567 0.061654 0.059641 0.057520 0.055281 0.052913 0.050406 0.047749 0.044931 0.041939 0.038761 0.035384 0.031795 0.027980 0.023925 0.019615 0.015034 0.010167 0.004998 0.000001 0.000001 0.000001 0.000001 0.000001 0.000001 0.000001 0.000001 0.000001 0.000001 0.000001 0.000001 0.000001 0.000001 0.000001 0.000001 0.000001 0.000001
0.074168 0.080036 0.081501 0.081229 0.080242 0.078938 0.077476 0.075923 0.074305 0.072632 0.070904 0.069119 0.067268 0.065344 0.063339 0.061242 0.059043 0.056731 0.054296 0.051725 0.049008 0.046133 0.043085 0.039854 0.036426 0.032787 0.028924 0.024821 0.020464 0.015838 0.010926 0.005712 0.000185 0.000001 0.000001 0.000001 0.000001 0.000001 0.000001 0.000001 0.000001 0.000001 0.000001 0.000001 0.000001 0.000001 0.000001 0.000001 0.000001 0.000001
0.104509 0.094067 0.089317 0.086501 0.084339 0.082399 0.080535 0.078693 0.076851 0.074995 0.073114 0.071195 0.069228 0.067201 0.065103 0.062921 0.060645 0.058262 0.055760 0.053127 0.050351 0.047418 0.044318 0.041035 0.037557 0.033871 0.029961 0.025813 0.021413 0.016744 0.011792 0.006538 0.000967 0.000001 0.000001 0.000001 0.000001 0.000001 0.000001 0.000001 0.000001 0.000001 0.000001 0.000001 0.000001 0.000001 0.000001 0.000001 0.000001 0.000001
0.099031 0.095447 0.092420 0.089759 0.087354 0.085124 0.083012 0.080975 0.078980 0.077002 0.075020 0.073017 0.070976 0.068883 0.066725 0.064488 0.062159 0.059726 0.057177 0.054498 0.051678 0.048704 0.045562 0.042239 0.038722 0.034998 0.031051 0.026868 0.022433 0.017731 0.012746 0.007461 0.001861 0.000001 0.000001 0.000001 0.000001 0.000001 0.000001 0.000001 0.000001 0.000001 0.000001 0.000001 0.000001 0.000001 0.000001 0.000001 0.000001 0.000001
0.086810 0.092319 0.092221 0.090527 0.088448 0.086335 0.084273 0.082263 0.080286 0.078321 0.076348 0.074349 0.072308 0.070211 0.068046 0.065798 0.063457 0.061009 0.058443 0.055747 0.052907 0.049912 0.046749 0.043405 0.039866 0.036120 0.032151 0.027946 0.023490 0.018768 0.013764 0.008461 0.002843 0.000001 0.000001 0.000001 0.000001 0.000001 0.000001 0.000001 0.000001 0.000001 0.000001 0.000001 0.000001 0.000001 0.000001 0.000001 0.000001 0.000001
0.107459 0.097263 0.092847 0.090170 0.088072 0.086182 0.084367 0.082571 0.080769 0.078941 0.077077 0.075163 0.073190 0.071147 0.069024 0.066809 0.064493 0.062065 0.059513 0.056826 0.053993 0.051001 0.047839 0.044494 0.040953 0.037202 0.033229 0.029020 0.024559 0.019832 0.014824 0.009518 0.003898 0.000001 0.000001 0.000001 0.000001 0.000001 0.000001 0.000001 0.000001 0.000001 0.000001 0.000001 0.000001 0.000001 0.000001 0.000001 0.000001 0.000001
0.091445 0.090836 0.089334 0.087965 0.086653 0.085302 0.083878 0.082375 0.080797 0.079147 0.077424 0.075627 0.073750 0.071787 0.069732 0.067575 0.065307 0.062920 0.060404 0.057747 0.054939 0.051970 0.048827 0.045498 0.041972 0.038235 0.034274 0.030076 0.025627 0.020912 0.015916 0.010624 0.005019 0.000001 0.000001 0.000001 0.000001 0.000001 0.000001 0.000001 0.000001 0.000001 0.000001 0.000001 0.000001 0.000001 0.000001 0.000001 0.000001 0.000001
0.082596 0.084610 0.086091 0.086322 0.085781 0.084825 0.083636 0.082299 0.080853 0.079316 0.077692 0.075983 0.074186 0.072294 0.070303 0.068204 0.065988 0.063649 0.061175 0.058557 0.055785 0.052849 0.049737 0.046437 0.042938 0.039228 0.035294 0.031123 0.026700 0.022013 0.017046 0.011783 0.006211 0.000334 0.000001 0.000001 0.000001 0.000001 0.000001 0.000001 0.000001 0.000001 0.000001 0.000001 0.000001 0.000001 0.000001 0.000001 0.000001 0.000001
0.079225 0.087624 0.088611 0.087880 0.086722 0.085433 0.084080 0.082673 0.081209 0.079682 0.078086 0.076413 0.074656 0.072808 0.070860 0.068803 0.066630 0.064331 0.061897 0.059318 0.056583 0.053684 0.050608 0.047345 0.043883 0.040209 0.036313 0.032180 0.027798 0.023152 0.018229 0.013013 0.007489 0.001642 0.000001 0.000001 0.000001 0.000001 0.000001 0.000001 0.000001 0.000001 0.000001 0.000001 0.000001 0.000001 0.000001 0.000001 0.000001 0.000001
0.122630 0.101740 0.094122 0.090513 0.088246 0.086469 0.084875 0.083341 0.081809 0.080249 0.078641 0.076970 0.075224 0.073393 0.071467 0.069437 0.067292 0.065024 0.062622 0.060077 0.057379 0.054516 0.051479 0.048257 0.044838 0.041209 0.037360 0.033277 0.028948 0.024358 0.019494 0.014341 0.008884 0.003108 0.000001 0.000001 0.000001 0.000001 0.000001 0.000001 0.000001 0.000001 0.000001 0.000001 0.000001 0.000001 0.000001 0.000001 0.000001 0.000001
0.081753 0.090182 0.090964 0.089950 0.088531 0.087033 0.085524 0.084006 0.082470 0.080900 0.079284 0.077611 0.075867 0.074044 0.072130 0.070116 0.067991 0.065747 0.063373 0.060860 0.058196 0.055373 0.052378 0.049202 0.045833 0.042258 0.038467 0.034446 0.030183 0.025665 0.020877 0.015805 0.010435 0.004750 0.000001 0.000001 0.000001 0.000001 0.000001 0.000001 0.000001 0.000001 0.000001 0.000001 0.000001 0.000001 0.000001 0.000001 0.000001 0.000001
0.088496 0.089679 0.090168 0.089708 0.088707 0.087445 0.086058 0.084602 0.083096 0.081541 0.079934 0.078266 0.076529 0.074715 0.072813 0.070815 0.068711 0.066491 0.064147 0.061668 0.059045 0.056266 0.053322 0.050201 0.046892 0.043384 0.039664 0.035721 0.031541 0.027112 0.022419 0.017450 0.012188 0.006618 0.000773 0.000001 0.000001 0.000001 0.000001 0.000001 0.000001 0.000001 0.000001 0.000001 0.000001 0.000001 0.000001 0.000001 0.000001 0.000001
0.100716 0.095514 0.092822 0.091006 0.089484 0.088046 0.086614 0.085158 0.083664 0.082124 0.080530 0.078875 0.077152 0.075353 0.073470 0.071495 0.069420 0.067234 0.064929 0.062496 0.059923 0.057202 0.054322 0.051271 0.048039 0.044614 0.040985 0.037139 0.033063 0.028745 0.024171 0.019327 0.014199 0.008772 0.003031 0.000001 0.000001 0.000001 0.000001 0.000001 0.000001 0.000001 0.000001 0.000001 0.000001 0.000001 0.000001 0.000001 0.000001 0.000001
0.096924 0.095695 0.093495 0.091608 0.089998 0.088517 0.087072 0.085619 0.084134 0.082606 0.081026 0.079389 0.077688 0.075915 0.074064 0.072126 0.070093 0.067958 0.065709 0.063338 0.060836 0.058192 0.055396 0.052437 0.049303 0.045985 0.042469 0.038744 0.034798 0.030617 0.026189 0.021499 0.016534 0.011278 0.005717 0.000095 0.000001 0.000001 0.000001 0.000001 0.000001 0.000001 0.000001 0.000001 0.000001 0.000001 0.000001 0.000001 0.000001 0.000001
0.098188 0.093537 0.092208 0.091173 0.090008 0.088721 0.087352 0.085928 0.084458 0.082945 0.081385 0.079774 0.078107 0.076377 0.074575 0.072695 0.070727 0.068664 0.066495 0.064212 0.061805 0.059263 0.056577 0.053736 0.050728 0.047543 0.044168 0.040593 0.036805 0.032791 0.028538 0.024033 0.019262 0.014210 0.008864 0.003222 0.000001 0.000001 0.000001 0.000001 0.000001 0.000001 0.000001 0.000001 0.000001 0.000001 0.000001 0.000001 0.000001 0.000001
0.080067 0.089891 0.091696 0.091293 0.090216 0.088909 0.087513 0.086074 0.084606 0.083110 0.081583 0.080017 0.078406 0.076742 0.075017 0.073221 0.071347 0.069384 0.067325 0.065158 0.062875 0.060465 0.057918 0.055223 0.052371 0.049349 0.046146 0.042751 0.039151 0.035335 0.031290 0.027002 0.022458 0.017645 0.012548 0.007152 0.001679 0.000001 0.000001 0.000001 0.000001 0.000001 0.000001 0.000001 0.000001 0.000001 0.000001 0.000001 0.000001 0.000001
0.111673 0.099755 0.095071 0.092484 0.090595 0.088970 0.087455 0.085989 0.084539 0.083089 0.081626 0.080139 0.078618 0.077055 0.075438 0.073760 0.072011 0.070181 0.068261 0.066242 0.064113 0.061865 0.059487 0.056970 0.054302 0.051473 0.048472 0.045288 0.041908 0.038322 0.034516 0.030478 0.026195 0.021654 0.016841 0.011742 0.006358 0.001223 0.000001 0.000001 0.000001 0.000001 0.000001 0.000001 0.000001 0.000001 0.000001 0.000001 0.000001 0.000001
0.096924 0.095654 0.093476 0.091568 0.089913 0.088410 0.086991 0.085618 0.084269 0.082927 0.081580 0.080217 0.078827 0.077401 0.075929 0.074401 0.072808 0.071141 0.069391 0.067547 0.065601 0.063543 0.061362 0.059050 0.056595 0.053988 0.051217 0.048272 0.045142 0.041815 0.038279 0.034523 0.030534 0.026299 0.021805 0.017039 0.011987 0.006693 0.001788 0.000001 0.000001 0.000001 0.000001 0.000001 0.000001 0.000001 0.000001 0.000001 0.000001 0.000001
0.086810 0.089422 0.090046 0.089557 0.088600 0.087477 0.086304 0.085124 0.083947 0.082769 0.081584 0.080384 0.079160 0.077903 0.076604 0.075253 0.073843 0.072363 0.070806 0.069161 0.067421 0.065575 0.063615 0.061531 0.059314 0.056952 0.054437 0.051757 0.048903 0.045863 0.042627 0.039182 0.035518 0.031621 0.027480 0.023081 0.018413 0.013465 0.008310 0.003437 0.000001 0.000001 0.000001 0.000001 0.000001 0.000001 0.000001 0.000001 0.000001 0.000001
0.090603 0.090901 0.090015 0.088951 0.087884 0.086839 0.085816 0.084809 0.083812 0.082816 0.081814 0.080797 0.079757 0.078686 0.077576 0.076418 0.075206 0.073929 0.072581 0.071152 0.069634 0.068018 0.066297 0.064460 0.062498 0.060403 0.058165 0.055774 0.053220 0.050492 0.047581 0.044476 0.041165 0.037637 0.033881 0.029885 0.025635 0.021120 0.016337 0.011352 0.006428 0.002325 0.000001 0.000001 0.000001 0.000001 0.000001 0.000001 0.000001 0.000001
0.102823 0.094374 0.090766 0.088865 0.087606 0.086604 0.085711 0.084867 0.084045 0.083228 0.082407 0.081573 0.080719 0.079838 0.078921 0.077962 0.076953 0.075887 0.074755 0.073551 0.072267 0.070894 0.069424 0.067849 0.066160 0.064349 0.062407 0.060324 0.058091 0.055699 0.053139 0.050399 0.047470 0.044341 0.041001 0.037440 0.033645 0.029605 0.025309 0.020755 0.015990 0.011180 0.006598 0.002881 0.000001 0.000001 0.000001 0.000001 0.000001 0.000001
0.085124 0.087824 0.088242 0.087904 0.087325 0.086678 0.086019 0.085364 0.084715 0.084067 0.083416 0.082755 0.082078 0.081380 0.080653 0.079890 0.079086 0.078233 0.077323 0.076351 0.075308 0.074187 0.072980 0.071679 0.070278 0.068766 0.067137 0.065382 0.063492 0.061458 0.059272 0.056924 0.054405 0.051704 0.048813 0.045720 0.042416 0.038889 0.035128 0.031123 0.026873 0.022403 0.017791 0.013215 0.008830 0.005130 0.002083 0.000001 0.000001 0.000001
0.082596 0.086881 0.088046 0.088111 0.087782 0.087317 0.086811 0.086299 0.085792 0.085290 0.084791 0.084289 0.083781 0.083259 0.082719 0.082153 0.081554 0.080918 0.080236 0.079502 0.078709 0.077851 0.076919 0.075907 0.074807 0.073613 0.072315 0.070908 0.069382 0.067730 0.065943 0.064013 0.061932 0.059691 0.057280 0.054690 0.051912 0.048936 0.045752 0.042349 0.038718 0.034855 0.030771 0.026507 0.022135 0.017776 0.013592 0.009620 0.006326 0.003559
0.101138 0.093829 0.091073 0.089782 0.089007 0.088433 0.087951 0.087521 0.087125 0.086753 0.086397 0.086053 0.085713 0.085372 0.085023 0.084660 0.084277 0.083867 0.083424 0.082941 0.082412 0.081830 0.081189 0.080482 0.079702 0.078843 0.077898 0.076859 0.075721 0.074475 0.073114 0.071631 0.070017 0.068266 0.066369 0.064318 0.062103 0.059717 0.057150 0.054392 0.051434 0.048267 0.044885 0.041291 0.037502 0.033549 0.029497 0.025403 0.021371 0.017522
0.091445 0.091959 0.091201 0.090467 0.089888 0.089431 0.089057 0.088746 0.088484 0.088260 0.088067 0.087898 0.087746 0.087605 0.087467 0.087326 0.087177 0.087012 0.086826 0.086613 0.086366 0.086081 0.085750 0.085368 0.084929 0.084428 0.083858 0.083212 0.082486 0.081673 0.080766 0.079758 0.078644 0.077415 0.076066 0.074587 0.072973 0.071214 0.069303 0.067231 0.064989 0.062569 0.059962 0.057160 0.054162 0.050971 0.047601 0.044078 0.040434 0.036726
0.089338 0.089737 0.090238 0.090326 0.090204 0.090028 0.089868 0.089751 0.089682 0.089659 0.089674 0.089723 0.089797 0.089891 0.089996 0.090108 0.090220 0.090327 0.090424 0.090504 0.090563 0.090597 0.090599 0.090566 0.090492 0.090372 0.090202 0.089975 0.089688 0.089335 0.088909 0.088407 0.087821 0.087146 0.086376 0.085504 0.084523 0.083427 0.082208 0.080858 0.079370 0.077735 0.075945 0.073991 0.071867 0.069566 0.067086 0.064430 0.061607 0.058633
0.086389 0.089754 0.090288 0.090307 0.090271 0.090279 0.090351 0.090487 0.090680 0.090924 0.091211 0.091532 0.091881 0.092252 0.092639 0.093038 0.093443 0.093850 0.094256 0.094656 0.095046 0.095423 0.095782 0.096121 0.096436 0.096722 0.096976 0.097194 0.097371 0.097503 0.097587 0.097616 0.097587 0.097493 0.097331 0.097093 0.096774 0.096369 0.095869 0.095270 0.094562 0.093740 0.092794 0.091718 0.090502 0.089140 0.087623 0.085947 0.084109 0.082108
0.100295 0.092564 0.090435 0.089902 0.089927 0.090197 0.090596 0.091078 0.091618 0.092200 0.092817 0.093461 0.094128 0.094813 0.095515 0.096229 0.096954 0.097686 0.098424 0.099166 0.099909 0.100651 0.101389 0.102122 0.102847 0.103561 0.104261 0.104944 0.105608 0.106248 0.106862 0.107445 0.107992 0.108501 0.108965 0.109381 0.109742 0.110044 0.110280 0.110444 0.110530 0.110531 0.110439 0.110247 0.109948 0.109532 0.108993 0.108323 0.107515 0.106564
0.079225 0.085493 0.087316 0.088294 0.089154 0.090031 0.090938 0.091870 0.092820 0.093786 0.094765 0.095756 0.096761 0.097779 0.098810 0.099855 0.100914 0.101986 0.103071 0.104170 0.105281 0.106404 0.107537 0.108680 0.109832 0.110989 0.112152 0.113317 0.114481 0.115643 0.116799 0.117947 0.119081 0.120199 0.121297 0.122369 0.123412 0.124420 0.125388 0.126309 0.127179 0.127990 0.128737 0.129411 0.130007 0.130515 0.130930 0.131243 0.131447 0.131534
0.086810 0.084733 0.085954 0.087571 0.089134 0.090609 0.092019 0.093387 0.094728 0.096055 0.097377 0.098699 0.100029 0.101370 0.102725 0.104098 0.105490 0.106905 0.108342 0.109804 0.111291 0.112802 0.114340 0.115901 0.117487 0.119096 0.120727 0.122377 0.124046 0.125730 0.127427 0.129134 0.130847 0.132564 0.134280 0.135992 0.137694 0.139383 0.141053 0.142698 0.144314 0.145894 0.147432 0.148923 0.150359 0.151734 0.153042 0.154275 0.155427 0.156489
0.076275 0.083566 0.086707 0.088951 0.090903 0.092705 0.094416 0.096070 0.097690 0.099294 0.100892 0.102496 0.104113 0.105747 0.107405 0.109091 0.110808 0.112558 0.114343 0.116166 0.118028 0.119928 0.121867 0.123846 0.125862 0.127916 0.130007 0.132132 0.134289 0.136476 0.138691 0.140930 0.143191 0.145470 0.147764 0.150069 0.152380 0.154694 0.157004 0.159307 0.161597 0.163869 0.166119 0.168340 0.170528 0.172677 0.174781 0.176835 0.178831 0.180765
0.094395 0.090215 0.091122 0.092844 0.094652 0.096444 0.098220 0.099991 0.101766 0.103553 0.105360 0.107192 0.109056 0.110955 0.112894 0.114876 0.116904 0.118979 0.121104 0.123279 0.125505 0.127782 0.130110 0.132487 0.134914 0.137389 0.139911 0.142476 0.145083 0.147729 0.150411 0.153127 0.155874 0.158649 0.161449 0.164269 0.167105 0.169953 0.172809 0.175668 0.178527 0.181382 0.184229 0.187064 0.189883 0.192681 0.195454 0.198197 0.200905 0.203573
0.082174 0.092889 0.096054 0.097862 0.099513 0.101213 0.102982 0.104813 0.106698 0.108634 0.110622 0.112662 0.114757 0.116907 0.119116 0.121384 0.123711 0.126099 0.128548 0.131057 0.133626 0.136253 0.138937 0.141677 0.144472 0.147319 0.150216 0.153160 0.156149 0.159178 0.162247 0.165354 0.168495 0.171670 0.174872 0.178098 0.181343 0.184606 0.187882 0.191171 0.194468 0.197772 0.201081 0.204390 0.207698 0.211001 0.214295 0.217578 0.220846 0.224095
0.115887 0.103764 0.102103 0.102931 0.104443 0.106199 0.108081 0.110051 0.112099 0.114220 0.116413 0.118678 0.121014 0.123421 0.125898 0.128445 0.131059 0.133740 0.136486 0.139295 0.142165 0.145093 0.148077 0.151117 0.154210 0.157354 0.160542 0.163773 0.167045 0.170356 0.173705 0.177092 0.180515 0.183969 0.187448 0.190950 0.194473 0.198017 0.201580 0.205163 0.208762 0.212378 0.216009 0.219652 0.223306 0.226969 0.230639 0.234313 0.237989 0.241665
0.083860 0.098786 0.103784 0.106559 0.108823 0.110986 0.113160 0.115384 0.117675 0.120040 0.122482 0.125000 0.127595 0.130264 0.133002 0.135809 0.138680 0.141616 0.144610 0.147660 0.150763 0.153916 0.157119 0.160372 0.163670 0.167007 0.170378 0.173786 0.177230 0.180710 0.184226 0.187778 0.191366 0.194978 0.198612 0.202272 0.205958 0.209670 0.213409 0.217173 0.220963 0.224777 0.228615 0.232475 0.236357 0.240259 0.244181 0.248120 0.252076 0.256046
0.114201 0.107931 0.108841 0.111027 0.113400 0.115804 0.118245 0.120741 0.123305 0.125941 0.128649 0.131428 0.134273 0.137178 0.140140 0.143158 0.146229 0.149351 0.152515 0.155719 0.158964 0.162249 0.165576 0.168945 0.172343 0.175768 0.179225 0.182715 0.186240 0.189800 0.193396 0.197027 0.200695 0.204398 0.208132 0.211898 0.215694 0.219522 0.223380 0.227269 0.231189 0.235138 0.239118 0.243127 0.247164 0.251230 0.255323 0.259443 0.263588 0.267758
0.100716 0.109689 0.113181 0.115731 0.118205 0.120758 0.123407 0.126146 0.128961 0.131842 0.134782 0.137774 0.140808 0.143880 0.146989 0.150137 0.153325 0.156541 0.159781 0.163052 0.166355 0.169693 0.173067 0.176478 0.179926 0.183407 0.186920 0.190467 0.194049 0.197665 0.201317 0.205004 0.208728 0.212489 0.216286 0.220118 0.223984 0.227886 0.231822 0.235792 0.239797 0.243837 0.247910 0.252017 0.256158 0.260333 0.264540 0.268780 0.273052 0.277356
0.121365 0.117670 0.118527 0.120578 0.123070 0.125788 0.128646 0.131596 0.134602 0.137649 0.140732 0.143839 0.146961 0.150103 0.153271 0.156466 0.159692 0.162948 0.166232 0.169544 0.172887 0.176260 0.179666 0.183106 0.186581 0.190090 0.193634 0.197212 0.200826 0.204475 0.208159 0.211880 0.215638 0.219433 0.223266 0.227136 0.231044 0.234988 0.238971 0.242990 0.247047 0.251141 0.255273 0.259441 0.263647 0.267890 0.272171 0.276488 0.280841 0.285231
0.113780 0.118871 0.121994 0.124905 0.127873 0.130902 0.133973 0.137060 0.140150 0.143252 0.146369 0.149505 0.152658 0.155828 0.159018 0.162230 0.165468 0.168733 0.172026 0.175348 0.178700 0.182082 0.185496 0.188943 0.192424 0.195940 0.199491 0.203078 0.206700 0.210359 0.214055 0.217789 0.221559 0.225369 0.229216 0.233103 0.237028 0.240993 0.244998 0.249041 0.253124 0.257247 0.261410 0.265613 0.269855 0.274138 0.278460 0.282822 0.287224 0.291666
0.120523 0.123062 0.126490 0.129889 0.133168 0.136343 0.139467 0.142567 0.145655 0.148740 0.151831 0.154934 0.158054 0.161193 0.164354 0.167538 0.170749 0.173987 0.177255 0.180553 0.183883 0.187246 0.190642 0.194072 0.197537 0.201038 0.204575 0.208150 0.211761 0.215411 0.219099 0.222826 0.226592 0.230397 0.234242 0.238128 0.242054 0.246020 0.250028 0.254077 0.258167 0.262299 0.266473 0.270689 0.274946 0.279246 0.283588 0.287973 0.292400 0.296869
0.123894 0.129379 0.133003 0.136224 0.139300 0.142305 0.145273 0.148227 0.151181 0.154145 0.157124 0.160125 0.163151 0.166205 0.169287 0.172400 0.175546 0.178724 0.181936 0.185182 0.188465 0.191783 0.195138 0.198530 0.201959 0.205427 0.208933 0.212478 0.216063 0.219688 0.223352 0.227057 0.230803 0.234590 0.238419 0.242289 0.246201 0.250156 0.254153 0.258193 0.262276 0.266403 0.270573 0.274786 0.279044 0.283345 0.287691 0.292080 0.296514 0.300993
0.141593 0.139432 0.140999 0.143328 0.145842 0.148430 0.151067 0.153750 0.156476 0.159245 0.162056 0.164908 0.167801 0.170736 0.173711 0.176728 0.179784 0.182881 0.186018 0.189196 0.192414 0.195672 0.198971 0.202311 0.205692 0.209113 0.212576 0.216081 0.219627 0.223215 0.226846 0.230519 0.234235 0.237993 0.241795 0.245640 0.249529 0.253462 0.257439 0.261460 0.265526 0.269637 0.273793 0.277993 0.282240 0.286531 0.290869 0.295252 0.299682 0.304157
0.136115 0.144139 0.147240 0.149433 0.151563 0.153787 0.156119 0.158546 0.161055 0.163637 0.166285 0.168993 0.171758 0.174576 0.177446 0.180365 0.183331 0.186345 0.189405 0.192511 0.195661 0.198856 0.202095 0.205378 0.208705 0.212076 0.215491 0.218950 0.222453 0.226000 0.229591 0.233227 0.236907 0.240632 0.244401 0.248216 0.252076 0.255981 0.259932 0.263928 0.267971 0.272060 0.276195 0.280377 0.284605 0.288880 0.293203 0.297573 0.301990 0.306454
0.159713 0.152632 0.152303 0.153629 0.155469 0.157534 0.159738 0.162048 0.164449 0.166928 0.169479 0.172096 0.174775 0.177512 0.180304 0.183150 0.186046 0.188993 0.191989 0.195034 0.198125 0.201264 0.204449 0.207680 0.210958 0.214281 0.217650 0.221065 0.224526 0.228032 0.231585 0.235183 0.238827 0.242517 0.246254 0.250037 0.253866 0.257743 0.261666 0.265636 0.269653 0.273717 0.277829 0.281989 0.286196 0.290452 0.294756 0.299108 0.303509 0.307958
0.140750 0.148974 0.152415 0.154850 0.157102 0.159354 0.161652 0.164011 0.166431 0.168911 0.171451 0.174048 0.176700 0.179405 0.182162 0.184969 0.187826 0.190733 0.193687 0.196690 0.199740 0.202837 0.205981 0.209173 0.212411 0.215696 0.219027 0.222405 0.225830 0.229302 0.232821 0.236386 0.239999 0.243658 0.247365 0.251119 0.254921 0.258770 0.262667 0.266612 0.270605 0.274646 0.278735 0.282874 0.287060 0.291296 0.295581 0.299915 0.304298 0.308731
0.151285 0.150119 0.152230 0.154706 0.157173 0.159623 0.162080 0.164561 0.167075 0.169624 0.172213 0.174842 0.177513 0.180227 0.182985 0.185786 0.188632 0.191523 0.194460 0.197442 0.200469 0.203543 0.206663 0.209829 0.213042 0.216301 0.219606 0.222959 0.226358 0.229805 0.233299 0.236840 0.240428 0.244064 0.247747 0.251479 0.255258 0.259086 0.262961 0.266886 0.270858 0.274880 0.278951 0.283070 0.287239 0.291457 0.295725 0.300043 0.304411 0.308829
0.141172 0.147975 0.151159 0.153752 0.156294 0.158854 0.161433 0.164026 0.166636 0.169263 0.171914 0.174591 0.177299 0.180040 0.182816 0.185630 0.188484 0.191378 0.194315 0.197294 0.200316 0.203382 0.206494 0.209650 0.212851 0.216098 0.219392 0.222731 0.226117 0.229550 0.233029 0.236556 0.240130 0.243752 0.247421 0.251138 0.254903 0.258716 0.262578 0.266488 0.270447 0.274455 0.278512 0.282619 0.286775 0.290980 0.295236 0.299541 0.303897 0.308303
0.154235 0.149266 0.150053 0.152235 0.154777 0.157410 0.160060 0.162715 0.165375 0.168045 0.170731 0.173439 0.176174 0.178938 0.181735 0.184567 0.187436 0.190344 0.193291 0.196280 0.199310 0.202383 0.205499 0.208659 0.211864 0.215113 0.218407 0.221746 0.225131 0.228562 0.232039 0.235563 0.239134 0.242752 0.246416 0.250129 0.253889 0.257697 0.261553 0.265457 0.269410 0.273412 0.277462 0.281562 0.285711 0.289910 0.294159 0.298458 0.302807 0.307206
0.132743 0.141978 0.146631 0.149935 0.152798 0.155503 0.158151 0.160785 0.163426 0.166084 0.168767 0.171479 0.174222 0.176999 0.179812 0.182663 0.185551 0.188478 0.191446 0.194454 0.197504 0.200595 0.203729 0.206905 0.210125 0.213388 0.216696 0.220047 0.223444 0.226885 0.230372 0.233904 0.237482 0.241107 0.244778 0.248495 0.252260 0.256072 0.259931 0.263838 0.267793 0.271797 0.275849 0.279950 0.284099 0.288298 0.292547 0.296845 0.301193 0.305592
0.141593 0.143090 0.145679 0.148221 0.150693 0.153155 0.155641 0.158168 0.160739 0.163357 0.166019 0.168726 0.171475 0.174267 0.177100 0.179975 0.182891 0.185847 0.188845 0.191884 0.194964 0.198085 0.201248 0.204453 0.207700 0.210990 0.214322 0.217698 0.221117 0.224580 0.228087 0.231639 0.235235 0.238876 0.242563 0.246295 0.250074 0.253899 0.257770 0.261689 0.265654 0.269667 0.273728 0.277837 0.281995 0.286201 0.290455 0.294760 0.299113 0.303516
0.143700 0.143499 0.144227 0.145705 0.147629 0.149809 0.152151 0.154606 0.157147 0.159760 0.162435 0.165165 0.167946 0.170774 0.173648 0.176566 0.179525 0.182527 0.185569 0.188652 0.191775 0.194939 0.198143 0.201388 0.204674 0.208000 0.211369 0.214778 0.218230 0.221724 0.225261 0.228841 0.232465 0.236132 0.239843 0.243599 0.247400 0.251246 0.255137 0.259074 0.263058 0.267088 0.271165 0.275289 0.279461 0.283680 0.287948 0.292264 0.296628 0.301042
0.138643 0.137441 0.138571 0.140411 0.142567 0.144907 0.147372 0.149931 0.152568 0.155269 0.158028 0.160838 0.163696 0.166599 0.169543 0.172529 0.175555 0.178619 0.181722 0.184864 0.188044 0.191262 0.194518 0.197813 0.201147 0.204520 0.207932 0.211385 0.214877 0.218411 0.221985 0.225601 0.229259 0.232959 0.236702 0.240488 0.244318 0.248191 0.252109 0.256072 0.260079 0.264132 0.268231 0.272376 0.276567 0.280806 0.285091 0.289424 0.293805 0.298234
0.118416 0.125597 0.129802 0.133032 0.135936 0.138742 0.141535 0.144346 0.147187 0.150060 0.152968 0.155910 0.158886 0.161895 0.164938 0.168014 0.171123 0.174266 0.177443 0.180654 0.183900 0.187181 0.190497 0.193850 0.197238 0.200664 0.204126 0.207627 0.211166 0.214744 0.218361 0.222018 0.225715 0.229453 0.233233 0.237054 0.240917 0.244823 0.248771 0.252763 0.256800 0.260880 0.265005 0.269175 0.273390 0.277652 0.281959 0.286313 0.290714 0.295163
0.118416 0.119882 0.122824 0.125989 0.129132 0.132235 0.135311 0.138374 0.141434 0.144498 0.147572 0.150661 0.153767 0.156893 0.160042 0.163215 0.166414 0.169641 0.172896 0.176180 0.179495 0.182842 0.186220 0.189632 0.193078 0.196558 0.200073 0.203624 0.207211 0.210836 0.214498 0.218198 0.221937 0.225715 0.229533 0.233392 0.237291 0.241231 0.245213 0.249238 0.253305 0.257415 0.261569 0.265766 0.270008 0.274295 0.278627 0.283004 0.287428 0.291897
0.111252 0.113676 0.116490 0.119601 0.122829 0.126087 0.129337 0.132571 0.135789 0.138998 0.142202 0.145409 0.148623 0.151849 0.155089 0.158348 0.161627 0.164928 0.168254 0.171606 0.174985 0.178393 0.181831 0.185299 0.188799 0.192331 0.195897 0.199497 0.203132 0.206802 0.210508 0.214251 0.218031 0.221849 0.225705 0.229601 0.233536 0.237511 0.241527 0.245584 0.249682 0.253823 0.258005 0.262231 0.266500 0.270812 0.275169 0.279571 0.284017 0.288509
0.103666 0.106931 0.110406 0.113894 0.117323 0.120696 0.124026 0.127326 0.130607 0.133878 0.137145 0.140415 0.143692 0.146979 0.150281 0.153600 0.156937 0.160296 0.163678 0.167085 0.170517 0.173977 0.177465 0.180982 0.184530 0.188109 0.191720 0.195364 0.199041 0.202753 0.206499 0.210281 0.214100 0.217955 0.221847 0.225777 0.229746 0.233754 0.237801 0.241889 0.246016 0.250185 0.254396 0.258648 0.262942 0.267280 0.271660 0.276084 0.280553 0.285066
0.097767 0.101881 0.105911 0.109561 0.112970 0.116271 0.119529 0.122774 0.126020 0.129274 0.132539 0.135817 0.139112 0.142424 0.145755 0.149107 0.152480 0.155877 0.159297 0.162743 0.166215 0.169714 0.173242 0.176798 0.180385 0.184002 0.187650 0.191331 0.195044 0.198791 0.202572 0.206388 0.210239 0.214126 0.218049 0.222010 0.226008 0.230044 0.234119 0.238233 0.242386 0.246580 0.250814 0.255090 0.259406 0.263765 0.268167 0.272611 0.277098 0.281629
0.094817 0.100631 0.103787 0.106668 0.109587 0.112587 0.115655 0.118776 0.121941 0.125141 0.128374 0.131635 0.134924 0.138239 0.141580 0.144947 0.148339 0.151758 0.155202 0.158674 0.162174 0.165701 0.169257 0.172843 0.176458 0.180104 0.183781 0.187490 0.191232 0.195006 0.198814 0.202656 0.206532 0.210444 0.214392 0.218376 0.222397 0.226456 0.230552 0.234687 0.238861 0.243074 0.247327 0.251620 0.255954 0.260330 0.264747 0.269207 0.273709 0.278254
0.108723 0.101661 0.101602 0.103567 0.106161 0.109010 0.111992 0.115058 0.118185 0.121361 0.124578 0.127831 0.131118 0.134435 0.137783 0.141159 0.144563 0.147996 0.151456 0.154945 0.158463 0.162009 0.165585 0.169190 0.172825 0.176490 0.180187 0.183915 0.187675 0.191468 0.195294 0.199153 0.203047 0.206976 0.210940 0.214940 0.218976 0.223049 0.227160 0.231308 0.235495 0.239721 0.243986 0.248291 0.252636 0.257022 0.261449 0.265919 0.270430 0.274984
0.079646 0.090556 0.095463 0.098976 0.102144 0.105244 0.108356 0.111497 0.114672 0.117880 0.121121 0.124392 0.127694 0.131025 0.134385 0.137773 0.141189 0.144633 0.148105 0.151605 0.155134 0.158691 0.162277 0.165893 0.169538 0.173214 0.176920 0.180658 0.184427 0.188229 0.192063 0.195931 0.199833 0.203769 0.207740 0.211747 0.215789 0.219868 0.223984 0.228138 0.232330 0.236560 0.240829 0.245138 0.249487 0.253876 0.258307 0.262779 0.267292 0.271848
0.088496 0.088944 0.091831 0.095135 0.098458 0.101742 0.105001 0.108253 0.111509 0.114778 0.118064 0.121370 0.124699 0.128051 0.131427 0.134828 0.138255 0.141707 0.145185 0.148691 0.152223 0.155783 0.159371 0.162988 0.166634 0.170310 0.174015 0.177752 0.181520 0.185320 0.189153 0.193018 0.196917 0.200850 0.204818 0.208822 0.212861 0.216936 0.221049 0.225199 0.229386 0.233612 0.237878 0.242182 0.246527 0.250912 0.255337 0.259804 0.264313 0.268865
0.083860 0.086392 0.089154 0.092315 0.095637 0.098967 0.102284 0.105592 0.108897 0.112207 0.115527 0.118860 0.122209 0.125576 0.128962 0.132369 0.135798 0.139250 0.142726 0.146226 0.149752 0.153304 0.156883 0.160489 0.164124 0.167788 0.171482 0.175206 0.178961 0.182748 0.186567 0.190420 0.194305 0.198225 0.202180 0.206169 0.210195 0.214257 0.218356 0.222493 0.226668 0.230881 0.235134 0.239425 0.243758 0.248130 0.252544 0.256999 0.261496 0.266036
0.080489 0.083485 0.087066 0.090472 0.093812 0.097108 0.100394 0.103685 0.106984 0.110293 0.113613 0.116946 0.120291 0.123652 0.127030 0.130425 0.133840 0.137275 0.140733 0.144213 0.147717 0.151247 0.154802 0.158385 0.161996 0.165635 0.169304 0.173003 0.176733 0.180495 0.184290 0.188117 0.191979 0.195874 0.199805 0.203772 0.207774 0.211814 0.215891 0.220005 0.224159 0.228351 0.232583 0.236854 0.241166 0.245519 0.249914 0.254351 0.258829 0.263351
0.075011 0.083221 0.086897 0.089901 0.092964 0.096108 0.099305 0.102537 0.105792 0.109064 0.112350 0.115648 0.118959 0.122284 0.125625 0.128983 0.132360 0.135757 0.139176 0.142617 0.146082 0.149572 0.153089 0.156632 0.160204 0.163805 0.167437 0.171098 0.174792 0.178518 0.182276 0.186069 0.189896 0.193758 0.197656 0.201590 0.205562 0.209570 0.213617 0.217702 0.221827 0.225991 0.230195 0.234440 0.238726 0.243054 0.247424 0.251836 0.256291 0.260790
0.097767 0.088147 0.087681 0.089754 0.092617 0.095708 0.098867 0.102052 0.105249 0.108455 0.111672 0.114901 0.118143 0.121401 0.124676 0.127969 0.131283 0.134618 0.137976 0.141359 0.144767 0.148202 0.151664 0.155155 0.158675 0.162225 0.165807 0.169421 0.173068 0.176748 0.180462 0.184212 0.187997 0.191818 0.195675 0.199571 0.203504 0.207476 0.211486 0.215537 0.219627 0.223758 0.227931 0.232144 0.236400 0.240698 0.245039 0.249424 0.253852 0.258325
0.065740 0.078897 0.084983 0.089081 0.092581 0.095838 0.098994 0.102109 0.105210 0.108313 0.111424 0.114549 0.117691 0.120852 0.124035 0.127241 0.130470 0.133726 0.137007 0.140316 0.143654 0.147020 0.150417 0.153845 0.157304 0.160796 0.164321 0.167880 0.171473 0.175102 0.178766 0.182467 0.186205 0.189981 0.193795 0.197648 0.201540 0.205471 0.209443 0.213456 0.217510 0.221606 0.225744 0.229924 0.234148 0.238415 0.242726 0.247081 0.251481 0.255926
0.079646 0.083613 0.087274 0.090558 0.093653 0.096633 0.099569 0.102495 0.105428 0.108378 0.111350 0.114346 0.117369 0.120418 0.123496 0.126603 0.129740 0.132907 0.136105 0.139334 0.142595 0.145889 0.149216 0.152577 0.155973 0.159404 0.162870 0.166372 0.169911 0.173487 0.177101 0.180753 0.184444 0.188174 0.191944 0.195755 0.199606 0.203498 0.207431 0.211407 0.215426 0.219487 0.223591 0.227739 0.231932 0.236168 0.240450 0.244777 0.249149 0.253567
0.096081 0.091410 0.091241 0.092783 0.094993 0.097470 0.100077 0.102763 0.105506 0.108296 0.111128 0.113999 0.116906 0.119850 0.122829 0.125843 0.128892 0.131976 0.135095 0.138250 0.141440 0.144667 0.147929 0.151229 0.154565 0.157939 0.161351 0.164801 0.168290 0.171819 0.175387 0.178994 0.182643 0.186332 0.190062 0.193834 0.197649 0.201505 0.205405 0.209347 0.213334 0.217364 0.221439 0.225558 0.229723 0.233932 0.238188 0.242490 0.246838 0.251233
0.084282 0.088213 0.090562 0.092712 0.094973 0.097350 0.099830 0.102394 0.105025 0.107713 0.110450 0.113233 0.116058 0.118923 0.121828 0.124772 0.127754 0.130774 0.133832 0.136928 0.140063 0.143236 0.146447 0.149698 0.152987 0.156316 0.159685 0.163094 0.166543 0.170033 0.173565 0.177137 0.180752 0.184408 0.188107 0.191849 0.195634 0.199463 0.203335 0.207252 0.211213 0.215219 0.219270 0.223366 0.227509 0.231697 0.235932 0.240214 0.244543 0.248919
0.080489 0.085159 0.088274 0.090916 0.093465 0.095993 0.098543 0.101129 0.103756 0.106424 0.109134 0.111883 0.114672 0.117500 0.120367 0.123273 0.126218 0.129202 0.132224 0.135286 0.138387 0.141527 0.144707 0.147928 0.151188 0.154489 0.157830 0.161213 0.164637 0.168103 0.171611 0.175160 0.178753 0.182388 0.186067 0.189789 0.193555 0.197365 0.201220 0.205119 0.209064 0.213054 0.217089 0.221171 0.225298 0.229473 0.233694 0.237962 0.242278 0.246642
0.085546 0.084576 0.086109 0.088460 0.091075 0.093732 0.096392 0.099058 0.101739 0.104443 0.107174 0.109937 0.112732 0.115563 0.118428 0.121331 0.124270 0.127247 0.130262 0.133316 0.136408 0.139540 0.142711 0.145922 0.149173 0.152465 0.155797 0.159171 0.162586 0.166043 0.169542 0.173084 0.176668 0.180295 0.183965 0.187680 0.191438 0.195240 0.199087 0.202979 0.206916 0.210899 0.214928 0.219002 0.223123 0.227291 0.231506 0.235768 0.240077 0.244435
0.076275 0.079497 0.082565 0.085436 0.088241 0.090997 0.093728 0.096455 0.099192 0.101945 0.104720 0.107522 0.110352 0.113213 0.116106 0.119033 0.121994 0.124991 0.128023 0.131093 0.134200 0.137344 0.140527 0.143749 0.147010 0.150311 0.153651 0.157032 0.160454 0.163917 0.167422 0.170968 0.174557 0.178188 0.181862 0.185579 0.189340 0.193145 0.196994 0.200888 0.204827 0.208811 0.212840 0.216916 0.221037 0.225205 0.229420 0.233683 0.237992 0.242349
0.068689 0.076266 0.079914 0.082724 0.085428 0.088133 0.090858 0.093608 0.096383 0.099183 0.102008 0.104860 0.107739 0.110648 0.113586 0.116556 0.119557 0.122592 0.125661 0.128764 0.131902 0.135077 0.138288 0.141535 0.144821 0.148145 0.151507 0.154908 0.158349 0.161830 0.165351 0.168913 0.172516 0.176161 0.179848 0.183577 0.187349 0.191165 0.195023 0.198926 0.202874 0.206865 0.210902 0.214985 0.219113 0.223287 0.227507 0.231775 0.236089 0.240451
0.085546 0.078547 0.078391 0.080174 0.082601 0.085245 0.087978 0.090763 0.093584 0.096435 0.099315 0.102223 0.105158 0.108121 0.111112 0.114133 0.117184 0.120266 0.123380 0.126526 0.129705 0.132918 0.136166 0.139448 0.142766 0.146121 0.149512 0.152941 0.156408 0.159913 0.163458 0.167042 0.170665 0.174330 0.178035 0.181781 0.185570 0.189400 0.193273 0.197190 0.201150 0.205153 0.209202 0.213294 0.217432 0.221616 0.225845 0.230120 0.234443 0.238812
0.059840 0.069311 0.073612 0.076737 0.079637 0.082486 0.085333 0.088198 0.091086 0.093998 0.096936 0.099900 0.102890 0.105906 0.108949 0.112021 0.115120 0.118249 0.121407 0.124596 0.127816 0.131068 0.134353 0.137671 0.141022 0.144409 0.147830 0.151288 0.154781 0.158312 0.161881 0.165487 0.169132 0.172817 0.176541 0.180306 0.184111 0.187958 0.191847 0.195777 0.199751 0.203767 0.207827 0.211931 0.216080 0.220274 0.224512 0.228797 0.233127 0.237504
0.068268 0.068910 0.071574 0.074514 0.077477 0.080410 0.083332 0.086260 0.089205 0.092169 0.095156 0.098166 0.101201 0.104260 0.107345 0.110456 0.113594 0.116760 0.119954 0.123177 0.126430 0.129713 0.133027 0.136374 0.139752 0.143165 0.146610 0.150091 0.153607 0.157158 0.160746 0.164372 0.168035 0.171736 0.175476 0.179255 0.183075 0.186935 0.190836 0.194778 0.198763 0.202790 0.206860 0.210974 0.215131 0.219333 0.223580 0.227871 0.232209 0.236593
0.066161 0.068668 0.071065 0.073685 0.076486 0.079363 0.082281 0.085228 0.088198 0.091189 0.094203 0.097239 0.100299 0.103382 0.106490 0.109623 0.112783 0.115969 0.119183 0.122425 0.125696 0.128996 0.132327 0.135689 0.139083 0.142510 0.145969 0.149463 0.152991 0.156554 0.160153 0.163789 0.167461 0.171172 0.174921 0.178709 0.182536 0.186403 0.190311 0.194261 0.198251 0.202284 0.206360 0.210479 0.214641 0.218848 0.223099 0.227395 0.231737 0.236124
