0.078934 0.091892 0.102023 0.110427 0.117738 0.124345 0.130500 0.136372 0.142077 0.147697 0.153289 0.158894 0.164541 0.170252 0.176042 0.181923 0.187902 0.193987 0.200181 0.206490 0.212914 0.219458 0.226121 0.232906 0.239813 0.246843 0.253998 0.261393 0.269060 0.276970 0.285101 0.293437 0.301967 0.310681 0.319571 0.328634 0.337863 0.347258 0.356814 0.366530 0.376405 0.386436 0.396624 0.406966 0.417462 0.428110 0.438911 0.449863 0.460965 0.472217
0.087506 0.097263 0.105851 0.113432 0.120248 0.126523 0.132437 0.138124 0.143681 0.149181 0.154672 0.160191 0.165765 0.171411 0.177143 0.182972 0.188905 0.194948 0.201104 0.207377 0.213769 0.220281 0.226917 0.233675 0.240557 0.247563 0.254694 0.262032 0.269651 0.277521 0.285617 0.293923 0.302426 0.311115 0.319984 0.329027 0.338238 0.347616 0.357156 0.366858 0.376718 0.386737 0.396911 0.407242 0.417726 0.428364 0.439154 0.450096 0.461188 0.472430
0.094352 0.103299 0.111135 0.118074 0.124367 0.130222 0.135797 0.141209 0.146540 0.151849 0.157178 0.162558 0.168008 0.173546 0.179182 0.184923 0.190777 0.196747 0.202836 0.209047 0.215381 0.221841 0.228425 0.235137 0.241974 0.248939 0.256030 0.263275 0.270800 0.278589 0.286616 0.294862 0.303312 0.311955 0.320782 0.329787 0.338963 0.348309 0.357819 0.367492 0.377327 0.387320 0.397470 0.407778 0.418240 0.428857 0.439626 0.450549 0.461622 0.472845
0.099465 0.109044 0.116687 0.123223 0.129104 0.134594 0.139858 0.145006 0.150112 0.155227 0.160387 0.165617 0.170934 0.176352 0.181879 0.187522 0.193284 0.199169 0.205180 0.211317 0.217583 0.223978 0.230501 0.237155 0.243938 0.250850 0.257892 0.265065 0.272445 0.280114 0.288039 0.296198 0.304572 0.313148 0.321915 0.330866 0.339994 0.349294 0.358763 0.368397 0.378194 0.388152 0.398270 0.408545 0.418977 0.429564 0.440306 0.451201 0.462248 0.473446
0.107858 0.115549 0.122273 0.128271 0.133775 0.138972 0.143995 0.148940 0.153870 0.158831 0.163854 0.168961 0.174167 0.179483 0.184916 0.190471 0.196151 0.201960 0.207898 0.213966 0.220167 0.226499 0.232963 0.239559 0.246288 0.253147 0.260138 0.267260 0.274525 0.282028 0.289818 0.297862 0.306138 0.314628 0.323321 0.332204 0.341272 0.350517 0.359935 0.369522 0.379275 0.389192 0.399269 0.409507 0.419902 0.430455 0.441162 0.452024 0.463039 0.474207
0.112471 0.120700 0.127178 0.132824 0.138029 0.142992 0.147831 0.152627 0.157434 0.162291 0.167224 0.172251 0.177384 0.182633 0.188003 0.193498 0.199121 0.204875 0.210760 0.216778 0.222928 0.229212 0.235629 0.242179 0.248861 0.255676 0.262624 0.269702 0.276913 0.284278 0.291889 0.299790 0.307945 0.316332 0.324935 0.333741 0.342739 0.351922 0.361283 0.370818 0.380522 0.390392 0.400427 0.410622 0.420978 0.431492 0.442163 0.452989 0.463969 0.475102
0.123028 0.127214 0.132162 0.137088 0.141875 0.146565 0.151219 0.155887 0.160604 0.165395 0.170279 0.175267 0.180368 0.185588 0.190931 0.196401 0.201999 0.207727 0.213587 0.219577 0.225700 0.231956 0.238343 0.244864 0.251516 0.258301 0.265217 0.272264 0.279442 0.286753 0.294223 0.301937 0.309944 0.318208 0.326707 0.335423 0.344344 0.353458 0.362757 0.372236 0.381889 0.391711 0.401701 0.411854 0.422169 0.432643 0.443276 0.454065 0.465009 0.476108
0.126131 0.131960 0.136609 0.140966 0.145292 0.149667 0.154118 0.158662 0.163308 0.168062 0.172929 0.177913 0.183017 0.188243 0.193594 0.199070 0.204673 0.210404 0.216264 0.222253 0.228371 0.234620 0.240999 0.247508 0.254148 0.260918 0.267818 0.274848 0.282007 0.289295 0.296716 0.304295 0.312111 0.320226 0.328601 0.337215 0.346048 0.355087 0.364321 0.373741 0.383341 0.393115 0.403059 0.413170 0.423445 0.433881 0.444476 0.455230 0.466139 0.477203
0.136847 0.138185 0.140958 0.144384 0.148185 0.152250 0.156523 0.160971 0.165573 0.170318 0.175196 0.180202 0.185335 0.190593 0.195975 0.201481 0.207112 0.212868 0.218749 0.224756 0.230890 0.237150 0.243538 0.250053 0.256696 0.263467 0.270365 0.277391 0.284544 0.291824 0.299231 0.306769 0.314461 0.322384 0.330610 0.339101 0.347834 0.356789 0.365952 0.375310 0.384856 0.394581 0.404481 0.414551 0.424787 0.435186 0.445747 0.456466 0.467342 0.478374
0.138110 0.141028 0.143769 0.146890 0.150435 0.154332 0.158511 0.162917 0.167513 0.172273 0.177181 0.182226 0.187401 0.192703 0.198129 0.203677 0.209348 0.215140 0.221055 0.227093 0.233254 0.239538 0.245947 0.252480 0.259138 0.265921 0.272828 0.279861 0.287019 0.294301 0.301708 0.309239 0.316899 0.324709 0.332745 0.341088 0.349702 0.358560 0.367643 0.376935 0.386424 0.396100 0.405956 0.415985 0.426185 0.436550 0.447078 0.457766 0.468612 0.479615
0.145390 0.144638 0.146272 0.148999 0.152369 0.156179 0.160315 0.164708 0.169310 0.174091 0.179030 0.184112 0.189329 0.194673 0.200142 0.205733 0.211445 0.217277 0.223229 0.229302 0.235495 0.241809 0.248244 0.254801 0.261481 0.268283 0.275207 0.282254 0.289424 0.296717 0.304131 0.311668 0.319327 0.327111 0.335042 0.343198 0.351668 0.360412 0.369403 0.378620 0.388047 0.397671 0.407483 0.417474 0.427638 0.437971 0.448469 0.459129 0.469948 0.480924
0.144963 0.146612 0.148558 0.151199 0.154439 0.158144 0.162210 0.166562 0.171146 0.175927 0.180877 0.185980 0.191223 0.196598 0.202100 0.207726 0.213472 0.219339 0.225324 0.231429 0.237653 0.243997 0.250460 0.257043 0.263747 0.270571 0.277515 0.284581 0.291767 0.299074 0.306502 0.314049 0.321717 0.329504 0.337415 0.345468 0.353757 0.362363 0.371246 0.380378 0.389737 0.399306 0.409071 0.419023 0.429153 0.439456 0.449927 0.460561 0.471356 0.482309
0.151204 0.150666 0.151814 0.153979 0.156898 0.160387 0.164312 0.168573 0.173102 0.177852 0.182790 0.187893 0.193145 0.198536 0.204058 0.209706 0.215478 0.221371 0.227384 0.233516 0.239767 0.246137 0.252626 0.259234 0.265961 0.272807 0.279773 0.286858 0.294063 0.301387 0.308830 0.316391 0.324071 0.331869 0.339785 0.347821 0.356001 0.364437 0.373192 0.382226 0.391508 0.401015 0.410732 0.420643 0.430740 0.441014 0.451459 0.462071 0.472844 0.483777
0.157395 0.155229 0.155255 0.156825 0.159412 0.162697 0.166488 0.170659 0.175129 0.179841 0.184756 0.189849 0.195101 0.200498 0.206031 0.211695 0.217484 0.223397 0.229431 0.235586 0.241859 0.248252 0.254764 0.261394 0.268143 0.275010 0.281997 0.289102 0.296325 0.303667 0.311127 0.318705 0.326400 0.334211 0.342138 0.350181 0.358343 0.366653 0.375258 0.384178 0.393373 0.402814 0.412478 0.422348 0.432411 0.442657 0.453079 0.463669 0.474423 0.485339
0.157331 0.156147 0.156923 0.158807 0.161489 0.164780 0.168544 0.172684 0.177126 0.181818 0.186721 0.191809 0.197061 0.202463 0.208006 0.213682 0.219487 0.225417 0.231470 0.237644 0.243938 0.250351 0.256884 0.263535 0.270305 0.277193 0.284200 0.291325 0.298567 0.305927 0.313405 0.320999 0.328710 0.336536 0.344478 0.352533 0.360702 0.368990 0.377451 0.386244 0.395343 0.404712 0.414320 0.424147 0.434177 0.444395 0.454794 0.465365 0.476103 0.487003
0.153062 0.156064 0.158137 0.160477 0.163324 0.166672 0.170452 0.174593 0.179034 0.183725 0.188632 0.193725 0.198986 0.204400 0.209957 0.215649 0.221471 0.227420 0.233492 0.239686 0.246001 0.252435 0.258989 0.265662 0.272452 0.279361 0.286388 0.293533 0.300795 0.308174 0.315670 0.323282 0.331010 0.338853 0.346809 0.354879 0.363061 0.371355 0.379769 0.388424 0.397420 0.406712 0.416263 0.426046 0.436042 0.446235 0.456612 0.467166 0.477889 0.488776
0.162798 0.160718 0.161072 0.162755 0.165328 0.168556 0.172284 0.176407 0.180845 0.185544 0.190463 0.195573 0.200852 0.206286 0.211864 0.217578 0.223422 0.229393 0.235488 0.241705 0.248043 0.254500 0.261077 0.267772 0.274585 0.281516 0.288564 0.295730 0.303013 0.310412 0.317927 0.325558 0.333303 0.341163 0.349136 0.357222 0.365419 0.373726 0.382143 0.390705 0.399596 0.408811 0.418304 0.428045 0.438009 0.448177 0.458536 0.469074 0.479784 0.490660
0.167354 0.164518 0.163952 0.165053 0.167309 0.170377 0.174032 0.178128 0.182566 0.187277 0.192216 0.197349 0.202654 0.208115 0.213720 0.219461 0.225333 0.231331 0.237453 0.243696 0.250060 0.256543 0.263145 0.269865 0.276702 0.283657 0.290729 0.297917 0.305221 0.312641 0.320177 0.327827 0.335592 0.343470 0.351460 0.359562 0.367775 0.376097 0.384527 0.393067 0.401857 0.410997 0.420437 0.430138 0.440073 0.450219 0.460560 0.471085 0.481785 0.492651
0.169814 0.166314 0.165658 0.166720 0.168944 0.171992 0.175643 0.179747 0.184202 0.188936 0.193903 0.199066 0.204402 0.209894 0.215531 0.221304 0.227207 0.233236 0.239388 0.245661 0.252054 0.258566 0.265195 0.271942 0.278806 0.285786 0.292882 0.300094 0.307422 0.314864 0.322421 0.330092 0.337876 0.345772 0.353781 0.361900 0.370128 0.378465 0.386909 0.395458 0.404179 0.413254 0.422647 0.432313 0.442222 0.452350 0.462677 0.473191 0.483881 0.494740
0.166631 0.166062 0.166404 0.167876 0.170290 0.173437 0.177145 0.181290 0.185780 0.190548 0.195547 0.200744 0.206114 0.211641 0.217312 0.223119 0.229056 0.235119 0.241303 0.247608 0.254032 0.260574 0.267233 0.274008 0.280899 0.287905 0.295027 0.302263 0.309614 0.317079 0.324658 0.332349 0.340153 0.348068 0.356094 0.364229 0.372473 0.380825 0.389282 0.397844 0.406534 0.415558 0.424913 0.434553 0.444442 0.454554 0.464870 0.475376 0.486059 0.496911
0.169338 0.167323 0.167583 0.169160 0.171666 0.174875 0.178630 0.182813 0.187338 0.192141 0.197175 0.202407 0.207813 0.213376 0.219083 0.224925 0.230897 0.236993 0.243211 0.249548 0.256003 0.262575 0.269263 0.276066 0.282984 0.290017 0.297164 0.304424 0.311798 0.319285 0.326884 0.334595 0.342417 0.350350 0.358392 0.366543 0.374802 0.383167 0.391637 0.400210 0.408893 0.417882 0.427212 0.436833 0.446708 0.456810 0.467118 0.477617 0.488294 0.499142
0.168993 0.168666 0.169145 0.170686 0.173155 0.176357 0.180127 0.184337 0.188895 0.193734 0.198805 0.204075 0.209518 0.215117 0.220860 0.226737 0.232743 0.238872 0.245122 0.251490 0.257975 0.264576 0.271292 0.278121 0.285065 0.292122 0.299292 0.306574 0.313969 0.321476 0.329094 0.336822 0.344661 0.352609 0.360666 0.368830 0.377101 0.385477 0.393957 0.402539 0.411225 0.420197 0.429515 0.439126 0.448994 0.459090 0.469393 0.479887 0.490559 0.501402
0.174812 0.171395 0.170897 0.172156 0.174565 0.177781 0.181589 0.185845 0.190451 0.195336 0.200451 0.205762 0.211244 0.216880 0.222658 0.228568 0.234605 0.240765 0.247044 0.253440 0.259952 0.266578 0.273318 0.280170 0.287136 0.294214 0.301403 0.308704 0.316117 0.323640 0.331273 0.339016 0.346868 0.354828 0.362896 0.371071 0.379351 0.387735 0.396222 0.404810 0.413501 0.422473 0.431790 0.441400 0.451266 0.461359 0.471659 0.482148 0.492817 0.503654
0.171712 0.170903 0.171395 0.173072 0.175709 0.179077 0.182998 0.187342 0.192019 0.196962 0.202128 0.207482 0.213003 0.218673 0.224483 0.230422 0.236487 0.242672 0.248975 0.255394 0.261926 0.268573 0.275331 0.282202 0.289185 0.296278 0.303483 0.310798 0.318223 0.325757 0.333402 0.341154 0.349015 0.356984 0.365058 0.373239 0.381524 0.389912 0.398402 0.406993 0.415688 0.424675 0.434000 0.443615 0.453483 0.463576 0.473874 0.484361 0.495024 0.505856
0.173693 0.171579 0.172012 0.173939 0.176823 0.180379 0.184438 0.188883 0.193636 0.198638 0.203850 0.209243 0.214796 0.220495 0.226329 0.232291 0.238376 0.244579 0.250899 0.257333 0.263880 0.270540 0.277311 0.284193 0.291186 0.298290 0.305503 0.312826 0.320258 0.327799 0.335448 0.343206 0.351070 0.359041 0.367118 0.375300 0.383585 0.391973 0.400462 0.409050 0.417751 0.426763 0.436104 0.445729 0.455601 0.465696 0.475992 0.486474 0.497132 0.507956
0.170058 0.170914 0.172546 0.174979 0.178119 0.181831 0.185994 0.190515 0.195323 0.200368 0.205613 0.211032 0.216606 0.222323 0.228172 0.234146 0.240242 0.246455 0.252783 0.259225 0.265779 0.272444 0.279220 0.286106 0.293103 0.300209 0.307424 0.314748 0.322181 0.329723 0.337371 0.345128 0.352990 0.360959 0.369033 0.377210 0.385491 0.393874 0.402356 0.410938 0.419650 0.428692 0.438054 0.447690 0.457568 0.467664 0.477957 0.488434 0.499085 0.509900
0.171844 0.172383 0.173942 0.176421 0.179634 0.183415 0.187634 0.192197 0.197037 0.202105 0.207368 0.212800 0.218383 0.224106 0.229960 0.235937 0.242035 0.248249 0.254577 0.261017 0.267570 0.274233 0.281007 0.287890 0.294883 0.301985 0.309195 0.316514 0.323942 0.331477 0.339119 0.346869 0.354724 0.362684 0.370750 0.378918 0.387189 0.395562 0.404034 0.412604 0.421336 0.430412 0.439795 0.449443 0.459327 0.469422 0.479711 0.490181 0.500822 0.511626
0.174064 0.173792 0.175195 0.177746 0.181060 0.184922 0.189199 0.193801 0.198667 0.203752 0.209025 0.214462 0.220047 0.225769 0.231620 0.237593 0.243684 0.249891 0.256212 0.262644 0.269188 0.275842 0.282606 0.289480 0.296462 0.303554 0.310754 0.318062 0.325478 0.333001 0.340631 0.348368 0.356211 0.364158 0.372210 0.380365 0.388621 0.396979 0.405436 0.413991 0.422757 0.431866 0.441269 0.450928 0.460815 0.470908 0.481191 0.491651 0.502280 0.513069
0.172300 0.173234 0.175572 0.178587 0.182144 0.186148 0.190515 0.195176 0.200081 0.205189 0.210475 0.215917 0.221502 0.227220 0.233063 0.239026 0.245106 0.251301 0.257608 0.264027 0.270556 0.277195 0.283944 0.290802 0.297769 0.304845 0.312029 0.319321 0.326721 0.334227 0.341841 0.349561 0.357386 0.365316 0.373350 0.381486 0.389725 0.398064 0.406501 0.415041 0.423854 0.432993 0.442414 0.452081 0.461969 0.472057 0.482330 0.492778 0.503391 0.514163
0.171247 0.173506 0.175977 0.179131 0.182846 0.186990 0.191465 0.196205 0.201164 0.206307 0.211612 0.217064 0.222650 0.228362 0.234196 0.240147 0.246213 0.252391 0.258682 0.265082 0.271593 0.278213 0.284943 0.291781 0.298729 0.305784 0.312948 0.320220 0.327600 0.335086 0.342679 0.350378 0.358183 0.366091 0.374104 0.382219 0.390435 0.398752 0.407167 0.415708 0.424565 0.433731 0.443166 0.452838 0.462723 0.472803 0.483063 0.493495 0.504089 0.514840
0.169903 0.172515 0.175513 0.179035 0.183015 0.187353 0.191969 0.196808 0.201833 0.207019 0.212349 0.217812 0.223400 0.229107 0.234931 0.240868 0.246917 0.253078 0.259348 0.265728 0.272218 0.278817 0.285525 0.292341 0.299266 0.306299 0.313440 0.320689 0.328046 0.335509 0.343079 0.350754 0.358535 0.366419 0.374408 0.382498 0.390690 0.398982 0.407372 0.415934 0.424829 0.434018 0.443462 0.453134 0.463012 0.473080 0.483324 0.493736 0.504307 0.515034
0.172383 0.171723 0.174497 0.178332 0.182626 0.187198 0.191977 0.196926 0.202022 0.207252 0.212608 0.218082 0.223671 0.229373 0.235186 0.241109 0.247141 0.253283 0.259533 0.265892 0.272359 0.278935 0.285620 0.292413 0.299314 0.306323 0.313440 0.320664 0.327995 0.335433 0.342977 0.350627 0.358382 0.366240 0.374202 0.382266 0.390431 0.398695 0.407059 0.415661 0.424587 0.433792 0.443241 0.452908 0.462775 0.472825 0.483049 0.493436 0.503981 0.514679
0.158313 0.166879 0.172164 0.176910 0.181650 0.186484 0.191431 0.196490 0.201658 0.206933 0.212314 0.217801 0.223393 0.229091 0.234894 0.240804 0.246820 0.252944 0.259174 0.265512 0.271958 0.278511 0.285172 0.291940 0.298817 0.305801 0.312892 0.320090 0.327395 0.334806 0.342323 0.349945 0.357671 0.365501 0.373434 0.381469 0.389605 0.397839 0.406189 0.414834 0.423784 0.432998 0.442444 0.452101 0.461951 0.471979 0.482176 0.492535 0.503049 0.513713
0.163034 0.165340 0.170002 0.174990 0.180029 0.185101 0.190221 0.195401 0.200653 0.205984 0.211401 0.216908 0.222509 0.228208 0.234007 0.239907 0.245910 0.252017 0.258229 0.264547 0.270971 0.277502 0.284139 0.290883 0.297733 0.304691 0.311755 0.318925 0.326202 0.333584 0.341071 0.348664 0.356360 0.364159 0.372061 0.380065 0.388169 0.396371 0.404729 0.413405 0.422369 0.431582 0.441019 0.450659 0.460485 0.470485 0.480651 0.490975 0.501453 0.512079
0.152047 0.160199 0.166316 0.171977 0.177462 0.182858 0.188214 0.193564 0.198937 0.204352 0.209825 0.215369 0.220992 0.226702 0.232502 0.238397 0.244390 0.250484 0.256679 0.262977 0.269379 0.275886 0.282498 0.289215 0.296039 0.302967 0.310002 0.317142 0.324387 0.331738 0.339193 0.346752 0.354415 0.362181 0.370049 0.378018 0.386087 0.394255 0.402635 0.411329 0.420294 0.429499 0.438917 0.448531 0.458326 0.468292 0.478420 0.488704 0.499140 0.509722
0.147660 0.154335 0.161230 0.167708 0.173824 0.179682 0.185373 0.190964 0.196508 0.202044 0.207600 0.213199 0.218856 0.224584 0.230391 0.236285 0.242269 0.248348 0.254525 0.260801 0.267179 0.273659 0.280242 0.286929 0.293721 0.300617 0.307618 0.314723 0.321933 0.329248 0.336666 0.344189 0.351814 0.359542 0.367372 0.375303 0.383333 0.391469 0.399869 0.408566 0.417520 0.426704 0.436094 0.445674 0.455430 0.465354 0.475437 0.485674 0.496061 0.506595
0.136667 0.146402 0.154808 0.162365 0.169277 0.175715 0.181823 0.187712 0.193465 0.199145 0.204800 0.210462 0.216157 0.221904 0.227716 0.233604 0.239575 0.245634 0.251787 0.258035 0.264381 0.270828 0.277376 0.284026 0.290780 0.297637 0.304597 0.311662 0.318830 0.326103 0.333479 0.340959 0.348541 0.356226 0.364013 0.371900 0.379888 0.387999 0.396399 0.405081 0.414011 0.423161 0.432511 0.442047 0.451755 0.461629 0.471660 0.481843 0.492175 0.502653
0.124538 0.136818 0.147311 0.156279 0.164147 0.171243 0.177805 0.184005 0.189971 0.195792 0.201536 0.207251 0.212972 0.218726 0.224531 0.230400 0.236346 0.242373 0.248490 0.254699 0.261004 0.267407 0.273909 0.280513 0.287219 0.294028 0.300940 0.307956 0.315075 0.322298 0.329625 0.337055 0.344588 0.352223 0.359961 0.367799 0.375737 0.383819 0.392197 0.400846 0.409734 0.418837 0.428136 0.437617 0.447268 0.457083 0.467053 0.477175 0.487445 0.497860
0.109256 0.126661 0.139614 0.150056 0.158873 0.166594 0.173570 0.180042 0.186180 0.192106 0.197907 0.203645 0.209366 0.215103 0.220878 0.226710 0.232610 0.238590 0.244654 0.250809 0.257058 0.263404 0.269850 0.276395 0.283043 0.289793 0.296647 0.303604 0.310665 0.317830 0.325099 0.332472 0.339948 0.347527 0.355208 0.362991 0.370875 0.378912 0.387242 0.395838 0.404668 0.413709 0.422944 0.432359 0.441943 0.451689 0.461591 0.471644 0.481844 0.492190
0.101391 0.118800 0.132863 0.144269 0.153781 0.161973 0.169254 0.175915 0.182160 0.188137 0.193950 0.199674 0.205361 0.211051 0.216771 0.222542 0.228378 0.234290 0.240285 0.246370 0.252548 0.258824 0.265199 0.271674 0.278252 0.284933 0.291718 0.298607 0.305600 0.312699 0.319902 0.327209 0.334621 0.342136 0.349755 0.357476 0.365299 0.373268 0.381525 0.390045 0.398798 0.407762 0.416919 0.426255 0.435762 0.445430 0.455254 0.465230 0.475354 0.485623
0.093043 0.111693 0.126643 0.138755 0.148775 0.157303 0.164791 0.171565 0.177860 0.183840 0.189626 0.195301 0.200926 0.206545 0.212188 0.217878 0.223631 0.229459 0.235371 0.241371 0.247467 0.253659 0.259952 0.266346 0.272844 0.279445 0.286152 0.292964 0.299882 0.306905 0.314034 0.321269 0.328609 0.336054 0.343604 0.351257 0.359014 0.366895 0.375049 0.383469 0.392125 0.400994 0.410058 0.419304 0.428720 0.438301 0.448039 0.457929 0.467969 0.478155
0.079833 0.102837 0.119813 0.132928 0.143493 0.152330 0.159986 0.166837 0.173149 0.179108 0.184844 0.190453 0.196000 0.201532 0.207085 0.212682 0.218341 0.224074 0.229891 0.235798 0.241800 0.247901 0.254103 0.260407 0.266817 0.273331 0.279952 0.286680 0.293514 0.300456 0.307505 0.314661 0.321923 0.329292 0.336767 0.344348 0.352033 0.359824 0.367839 0.376131 0.384666 0.393421 0.402376 0.411516 0.420832 0.430313 0.439955 0.449752 0.459699 0.469795
0.071318 0.095309 0.113072 0.126807 0.137792 0.146886 0.154682 0.161594 0.167913 0.173841 0.179522 0.185059 0.190522 0.195965 0.201422 0.206922 0.212481 0.218115 0.223832 0.229640 0.235543 0.241547 0.247652 0.253862 0.260177 0.266600 0.273130 0.279768 0.286514 0.293369 0.300332 0.307404 0.314585 0.321873 0.329269 0.336772 0.344381 0.352096 0.359951 0.368081 0.376468 0.385085 0.393910 0.402929 0.412128 0.421498 0.431033 0.440726 0.450572 0.460569
0.065009 0.088131 0.106278 0.120415 0.131685 0.140958 0.148851 0.155801 0.162114 0.168006 0.173629 0.179093 0.184473 0.189825 0.195188 0.200589 0.206049 0.211581 0.217197 0.222904 0.228707 0.234611 0.240618 0.246730 0.252948 0.259275 0.265711 0.272256 0.278910 0.285675 0.292550 0.299535 0.306629 0.313833 0.321146 0.328568 0.336098 0.343736 0.351484 0.359407 0.367609 0.376057 0.384728 0.393603 0.402668 0.411912 0.421326 0.430903 0.440638 0.450527
0.055167 0.080768 0.099503 0.113888 0.125303 0.134657 0.142583 0.149529 0.155810 0.161649 0.167205 0.172590 0.177884 0.183145 0.188412 0.193715 0.199075 0.204507 0.210022 0.215628 0.221331 0.227134 0.233041 0.239054 0.245175 0.251404 0.257744 0.264194 0.270755 0.277427 0.284211 0.291106 0.298112 0.305229 0.312457 0.319795 0.327243 0.334800 0.342466 0.350251 0.358216 0.366454 0.374935 0.383638 0.392544 0.401640 0.410915 0.420361 0.429972 0.439742
0.049038 0.074055 0.092888 0.107368 0.118813 0.128150 0.136032 0.142915 0.149121 0.154878 0.160346 0.165639 0.170837 0.176000 0.181168 0.186372 0.191631 0.196962 0.202377 0.207881 0.213483 0.219186 0.224993 0.230907 0.236929 0.243061 0.249304 0.255658 0.262124 0.268702 0.275392 0.282195 0.289111 0.296139 0.303279 0.310530 0.317893 0.325367 0.332951 0.340646 0.348465 0.356455 0.364687 0.373177 0.381888 0.390807 0.399919 0.409213 0.418681 0.428316
0.042607 0.067853 0.086752 0.101140 0.112439 0.121624 0.129360 0.136107 0.142187 0.147823 0.153176 0.158357 0.163447 0.168503 0.173566 0.178665 0.183822 0.189050 0.194362 0.199766 0.205266 0.210869 0.216576 0.222390 0.228313 0.234346 0.240490 0.246747 0.253116 0.259599 0.266194 0.272904 0.279726 0.286662 0.293712 0.300874 0.308150 0.315537 0.323037 0.330647 0.338371 0.346219 0.354222 0.362424 0.370889 0.379588 0.388498 0.397609 0.406907 0.416383
0.038941 0.063656 0.081679 0.095451 0.106325 0.115195 0.122684 0.129226 0.135130 0.140611 0.145824 0.150876 0.155845 0.160786 0.165738 0.170729 0.175779 0.180904 0.186112 0.191413 0.196811 0.202312 0.207917 0.213630 0.219453 0.225386 0.231431 0.237588 0.243859 0.250243 0.256741 0.263354 0.270081 0.276922 0.283878 0.290947 0.298131 0.305429 0.312840 0.320363 0.327999 0.335749 0.343621 0.351635 0.359822 0.368217 0.376870 0.385752 0.394838 0.404122
0.037770 0.059928 0.076884 0.089988 0.100374 0.108867 0.116057 0.122356 0.128056 0.133363 0.138423 0.143337 0.148179 0.153000 0.157837 0.162718 0.167660 0.172677 0.177781 0.182977 0.188271 0.193668 0.199170 0.204780 0.210500 0.216330 0.222272 0.228327 0.234496 0.240778 0.247175 0.253687 0.260314 0.267056 0.273914 0.280886 0.287974 0.295177 0.302494 0.309925 0.317470 0.325129 0.332902 0.340795 0.348820 0.356995 0.365351 0.373910 0.382721 0.391764
0.033997 0.055880 0.072199 0.084693 0.094575 0.102669 0.109542 0.115588 0.121081 0.126212 0.131118 0.135895 0.140610 0.145311 0.150034 0.154802 0.159635 0.164544 0.169540 0.174629 0.179817 0.185107 0.190502 0.196004 0.201617 0.207340 0.213175 0.219123 0.225184 0.231360 0.237651 0.244057 0.250579 0.257217 0.263970 0.270840 0.277826 0.284927 0.292145 0.299478 0.306926 0.314489 0.322166 0.329959 0.337870 0.345906 0.354078 0.362404 0.370908 0.379615
0.033246 0.053104 0.068091 0.079725 0.089021 0.096697 0.103259 0.109063 0.114360 0.119326 0.124086 0.128730 0.133321 0.137904 0.142511 0.147167 0.151887 0.156685 0.161569 0.166546 0.171622 0.176799 0.182082 0.187472 0.192971 0.198581 0.204303 0.210137 0.216086 0.222149 0.228327 0.234621 0.241031 0.247557 0.254201 0.260960 0.267837 0.274831 0.281942 0.289169 0.296514 0.303974 0.311550 0.319242 0.327049 0.334974 0.343020 0.351194 0.359506 0.367971
0.030324 0.049644 0.063950 0.074972 0.083792 0.091109 0.097397 0.102983 0.108099 0.112909 0.117528 0.122041 0.126506 0.130967 0.135455 0.139992 0.144594 0.149273 0.154039 0.158897 0.163853 0.168911 0.174074 0.179343 0.184722 0.190211 0.195812 0.201526 0.207354 0.213297 0.219355 0.225529 0.231820 0.238228 0.244753 0.251396 0.258156 0.265035 0.272031 0.279146 0.286378 0.293728 0.301195 0.308779 0.316480 0.324298 0.332233 0.340287 0.348464 0.356769
0.029987 0.047256 0.060458 0.070822 0.079198 0.086188 0.092218 0.097593 0.102526 0.107172 0.111641 0.116012 0.120341 0.124669 0.129026 0.133433 0.137907 0.142457 0.147095 0.151824 0.156652 0.161581 0.166615 0.171756 0.177006 0.182366 0.187838 0.193424 0.199124 0.204939 0.210869 0.216916 0.223081 0.229363 0.235762 0.242281 0.248918 0.255673 0.262548 0.269542 0.276655 0.283887 0.291237 0.298706 0.306294 0.313999 0.321822 0.329763 0.337822 0.346001
0.030588 0.045850 0.057976 0.067669 0.075576 0.082210 0.087953 0.093085 0.097808 0.102265 0.106561 0.110769 0.114943 0.119122 0.123333 0.127597 0.131929 0.136340 0.140839 0.145430 0.150120 0.154912 0.159809 0.164813 0.169927 0.175151 0.180488 0.185938 0.191503 0.197183 0.202980 0.208893 0.214924 0.221074 0.227342 0.233729 0.240236 0.246862 0.253609 0.260475 0.267462 0.274569 0.281796 0.289143 0.296609 0.304196 0.311901 0.319725 0.327667 0.335729
0.029861 0.044784 0.056368 0.065525 0.072968 0.079214 0.084634 0.089490 0.093972 0.098215 0.102315 0.106341 0.110344 0.114359 0.118412 0.122523 0.126704 0.130967 0.135319 0.139766 0.144311 0.148960 0.153715 0.158577 0.163549 0.168633 0.173829 0.179139 0.184564 0.190105 0.195763 0.201539 0.207432 0.213445 0.219576 0.225828 0.232200 0.238692 0.245305 0.252039 0.258895 0.265871 0.272969 0.280189 0.287529 0.294990 0.302572 0.310273 0.318095 0.326037
0.028578 0.043994 0.055277 0.064012 0.071054 0.076946 0.082056 0.086643 0.090885 0.094911 0.098813 0.102655 0.106484 0.110333 0.114226 0.118181 0.122211 0.126324 0.130528 0.134828 0.139229 0.143734 0.148345 0.153065 0.157895 0.162836 0.167891 0.173060 0.178344 0.183745 0.189263 0.194899 0.200653 0.206527 0.212521 0.218634 0.224869 0.231225 0.237702 0.244301 0.251022 0.257866 0.264831 0.271919 0.279129 0.286461 0.293915 0.301491 0.309188 0.317006
0.029217 0.043305 0.054163 0.062613 0.069393 0.075036 0.079914 0.084285 0.088328 0.092169 0.095897 0.099574 0.103245 0.106941 0.110685 0.114494 0.118380 0.122351 0.126415 0.130575 0.134837 0.139203 0.143675 0.148256 0.152948 0.157752 0.162668 0.167699 0.172846 0.178109 0.183489 0.188987 0.194604 0.200341 0.206197 0.212175 0.218273 0.224493 0.230835 0.237299 0.243886 0.250595 0.257428 0.264383 0.271462 0.278663 0.285988 0.293435 0.301005 0.308697
0.027041 0.041907 0.052796 0.061134 0.067768 0.073258 0.077984 0.082208 0.086109 0.089813 0.093407 0.096953 0.100494 0.104063 0.107680 0.111362 0.115122 0.118966 0.122903 0.126936 0.131070 0.135308 0.139652 0.144104 0.148666 0.153340 0.158126 0.163027 0.168042 0.173174 0.178422 0.183789 0.189274 0.194878 0.200602 0.206447 0.212413 0.218501 0.224710 0.231043 0.237498 0.244076 0.250777 0.257602 0.264551 0.271623 0.278819 0.286138 0.293581 0.301147
0.027479 0.041333 0.051740 0.059786 0.066228 0.071580 0.076195 0.080320 0.084126 0.087736 0.091236 0.094686 0.098130 0.101599 0.105114 0.108693 0.112346 0.116083 0.119910 0.123833 0.127855 0.131979 0.136208 0.140544 0.144989 0.149544 0.154211 0.158992 0.163886 0.168896 0.174022 0.179265 0.184626 0.190106 0.195706 0.201426 0.207266 0.213228 0.219312 0.225518 0.231847 0.238299 0.244875 0.251574 0.258396 0.265343 0.272414 0.279608 0.286927 0.294369
0.029501 0.041366 0.050914 0.058569 0.064810 0.070041 0.074571 0.078624 0.082365 0.085909 0.089341 0.092721 0.096090 0.099481 0.102916 0.106411 0.109978 0.113626 0.117362 0.121191 0.125117 0.129143 0.133272 0.137507 0.141848 0.146299 0.150860 0.155532 0.160318 0.165218 0.170233 0.175364 0.180612 0.185978 0.191463 0.197067 0.202792 0.208637 0.214603 0.220692 0.226902 0.233236 0.239692 0.246272 0.252976 0.259803 0.266754 0.273830 0.281029 0.288353
0.025746 0.039565 0.049605 0.057333 0.063538 0.068711 0.073179 0.077173 0.080856 0.084342 0.087716 0.091036 0.094344 0.097671 0.101039 0.104465 0.107961 0.111535 0.115194 0.118944 0.122789 0.126732 0.130776 0.134924 0.139176 0.143536 0.148004 0.152583 0.157273 0.162075 0.166992 0.172023 0.177170 0.182434 0.187815 0.193315 0.198934 0.204673 0.210532 0.216513 0.222615 0.228839 0.235186 0.241655 0.248248 0.254964 0.261804 0.268768 0.275856 0.283067
0.026890 0.039249 0.048912 0.056505 0.062616 0.067701 0.072088 0.076006 0.079620 0.083043 0.086355 0.089616 0.092867 0.096136 0.099446 0.102813 0.106247 0.109759 0.113354 0.117038 0.120815 0.124688 0.128660 0.132733 0.136910 0.141192 0.145581 0.150079 0.154686 0.159404 0.164234 0.169178 0.174236 0.179410 0.184700 0.190107 0.195632 0.201276 0.207039 0.212923 0.218927 0.225052 0.231299 0.237668 0.244160 0.250774 0.257512 0.264373 0.271358 0.278466
0.026505 0.039207 0.048747 0.056136 0.062065 0.067004 0.071273 0.075095 0.078627 0.081979 0.085229 0.088432 0.091627 0.094843 0.098101 0.101415 0.104797 0.108255 0.111796 0.115424 0.119143 0.122957 0.126869 0.130880 0.134992 0.139209 0.143530 0.147958 0.152494 0.157140 0.161897 0.166765 0.171746 0.176841 0.182051 0.187377 0.192820 0.198380 0.204059 0.209856 0.215773 0.221810 0.227968 0.234248 0.240649 0.247172 0.253817 0.260585 0.267476 0.274490
0.027579 0.039699 0.048803 0.055908 0.061644 0.066441 0.070602 0.074337 0.077797 0.081087 0.084281 0.087433 0.090581 0.093752 0.096965 0.100234 0.103572 0.106984 0.110479 0.114060 0.117730 0.121495 0.125355 0.129313 0.133371 0.137532 0.141796 0.146165 0.150641 0.155225 0.159918 0.164721 0.169636 0.174664 0.179805 0.185060 0.190431 0.195919 0.201523 0.207245 0.213086 0.219046 0.225125 0.231325 0.237646 0.244088 0.250651 0.257336 0.264144 0.271074
0.027033 0.039188 0.048323 0.055402 0.061091 0.065837 0.069948 0.073637 0.077055 0.080305 0.083461 0.086577 0.089689 0.092824 0.096001 0.099235 0.102535 0.105910 0.109366 0.112907 0.116537 0.120259 0.124076 0.127989 0.132001 0.136114 0.140330 0.144649 0.149073 0.153604 0.158243 0.162990 0.167848 0.172817 0.177899 0.183094 0.188403 0.193827 0.199367 0.205024 0.210798 0.216691 0.222702 0.228832 0.235083 0.241453 0.247945 0.254557 0.261291 0.268146
0.026681 0.038643 0.047713 0.054781 0.060465 0.065203 0.069303 0.072978 0.076379 0.079610 0.082745 0.085838 0.088925 0.092034 0.095184 0.098389 0.101659 0.105003 0.108426 0.111933 0.115528 0.119214 0.122993 0.126868 0.130840 0.134912 0.139085 0.143361 0.147741 0.152226 0.156817 0.161517 0.166326 0.171245 0.176275 0.181418 0.186673 0.192043 0.197527 0.203128 0.208845 0.214679 0.220630 0.226701 0.232890 0.239198 0.245627 0.252176 0.258845 0.265635
0.027469 0.038621 0.047398 0.054328 0.059948 0.064658 0.068743 0.072407 0.075797 0.079016 0.082136 0.085212 0.088280 0.091368 0.094494 0.097675 0.100919 0.104235 0.107630 0.111107 0.114671 0.118324 0.122070 0.125911 0.129848 0.133884 0.138020 0.142257 0.146598 0.151043 0.155594 0.160252 0.165018 0.169893 0.174879 0.179976 0.185185 0.190508 0.195944 0.201496 0.207163 0.212946 0.218847 0.224865 0.231002 0.237257 0.243631 0.250124 0.256738 0.263472
0.026273 0.038346 0.047135 0.054006 0.059582 0.064261 0.068322 0.071968 0.075340 0.078541 0.081643 0.084699 0.087747 0.090813 0.093917 0.097073 0.100292 0.103582 0.106949 0.110398 0.113933 0.117557 0.121272 0.125081 0.128987 0.132990 0.137092 0.141295 0.145601 0.150011 0.154526 0.159147 0.163875 0.168712 0.173659 0.178716 0.183885 0.189167 0.194562 0.200071 0.205695 0.211435 0.217292 0.223265 0.229356 0.235565 0.241892 0.248338 0.254904 0.261589
0.027047 0.038027 0.046835 0.053760 0.059343 0.064005 0.068041 0.071660 0.075005 0.078179 0.081256 0.084287 0.087309 0.090349 0.093427 0.096557 0.099749 0.103012 0.106352 0.109773 0.113280 0.116875 0.120562 0.124342 0.128217 0.132190 0.136262 0.140435 0.144709 0.149087 0.153569 0.158157 0.162853 0.167656 0.172569 0.177591 0.182725 0.187971 0.193330 0.198803 0.204390 0.210092 0.215910 0.221845 0.227896 0.234065 0.240352 0.246758 0.253282 0.259926
0.025801 0.037870 0.046764 0.053665 0.059217 0.063847 0.067852 0.071438 0.074751 0.077893 0.080938 0.083938 0.086930 0.089941 0.092989 0.096091 0.099255 0.102490 0.105802 0.109196 0.112675 0.116243 0.119902 0.123655 0.127503 0.131448 0.135492 0.139636 0.143882 0.148231 0.152685 0.157244 0.161910 0.166683 0.171566 0.176558 0.181661 0.186876 0.192203 0.197644 0.203199 0.208868 0.214653 0.220554 0.226572 0.232707 0.238959 0.245330 0.251818 0.258426
0.026248 0.037812 0.046644 0.053535 0.059080 0.063696 0.067678 0.071234 0.074514 0.077622 0.080633 0.083599 0.086559 0.089538 0.092557 0.095629 0.098766 0.101974 0.105259 0.108627 0.112081 0.115623 0.119257 0.122984 0.126807 0.130727 0.134746 0.138865 0.143086 0.147409 0.151837 0.156371 0.161010 0.165758 0.170614 0.175579 0.180655 0.185843 0.191142 0.196555 0.202082 0.207723 0.213479 0.219351 0.225340 0.231445 0.237667 0.244007 0.250465 0.257042
0.024341 0.036984 0.046208 0.053269 0.058873 0.063494 0.067456 0.070981 0.074226 0.077298 0.080275 0.083209 0.086139 0.089090 0.092081 0.095128 0.098240 0.101424 0.104686 0.108031 0.111462 0.114982 0.118594 0.122299 0.126100 0.129998 0.133995 0.138092 0.142291 0.146592 0.150998 0.155508 0.160125 0.164849 0.169682 0.174624 0.179676 0.184840 0.190115 0.195504 0.201006 0.206622 0.212353 0.218199 0.224162 0.230241 0.236437 0.242751 0.249182 0.255731
0.025590 0.037146 0.046183 0.053157 0.058686 0.063240 0.067142 0.070619 0.073823 0.076862 0.079809 0.082718 0.085624 0.088553 0.091525 0.094552 0.097645 0.100811 0.104055 0.107382 0.110795 0.114298 0.117891 0.121579 0.125361 0.129241 0.133219 0.137297 0.141477 0.145759 0.150145 0.154635 0.159232 0.163936 0.168748 0.173669 0.178701 0.183843 0.189097 0.194463 0.199943 0.205537 0.211246 0.217070 0.223009 0.229065 0.235238 0.241528 0.247935 0.254461
0.026107 0.037911 0.046498 0.053118 0.058425 0.062843 0.066664 0.070088 0.073259 0.076274 0.079204 0.082099 0.084993 0.087911 0.090872 0.093888 0.096970 0.100124 0.103356 0.106671 0.110071 0.113560 0.117140 0.120812 0.124580 0.128445 0.132407 0.136469 0.140632 0.144897 0.149266 0.153739 0.158318 0.163003 0.167797 0.172699 0.177711 0.182834 0.188069 0.193415 0.198875 0.204448 0.210136 0.215939 0.221858 0.227893 0.234044 0.240312 0.246698 0.253201
0.026626 0.037900 0.046205 0.052636 0.057826 0.062177 0.065962 0.069369 0.072532 0.075545 0.078475 0.081369 0.084262 0.087179 0.090137 0.093149 0.096226 0.099373 0.102598 0.105904 0.109295 0.112773 0.116342 0.120003 0.123758 0.127609 0.131558 0.135606 0.139754 0.144003 0.148356 0.152813 0.157375 0.162044 0.166820 0.171704 0.176699 0.181803 0.187019 0.192346 0.197787 0.203341 0.209009 0.214792 0.220691 0.226705 0.232836 0.239083 0.245448 0.251930
0.027268 0.037326 0.045374 0.051760 0.056954 0.061321 0.065123 0.068546 0.071723 0.074747 0.077686 0.080586 0.083484 0.086402 0.089360 0.092371 0.095444 0.098587 0.101805 0.105104 0.108486 0.111955 0.115513 0.119163 0.122906 0.126744 0.130679 0.134713 0.138846 0.143081 0.147418 0.151858 0.156404 0.161055 0.165814 0.170681 0.175657 0.180742 0.185939 0.191248 0.196669 0.202204 0.207852 0.213615 0.219493 0.225488 0.231598 0.237825 0.244169 0.250630
0.026546 0.036778 0.044684 0.051006 0.056183 0.060550 0.064356 0.067784 0.070963 0.073989 0.076929 0.079828 0.082724 0.085639 0.088593 0.091597 0.094664 0.097799 0.101008 0.104297 0.107669 0.111126 0.114672 0.118309 0.122038 0.125862 0.129782 0.133800 0.137917 0.142135 0.146454 0.150878 0.155405 0.160038 0.164778 0.169626 0.174583 0.179649 0.184826 0.190114 0.195515 0.201029 0.206657 0.212399 0.218256 0.224229 0.230318 0.236523 0.242845 0.249285
0.026183 0.036457 0.044407 0.050667 0.055763 0.060061 0.063814 0.067201 0.070351 0.073353 0.076272 0.079155 0.082035 0.084935 0.087875 0.090866 0.093918 0.097038 0.100233 0.103507 0.106863 0.110305 0.113834 0.117454 0.121166 0.124972 0.128874 0.132874 0.136972 0.141171 0.145471 0.149874 0.154381 0.158994 0.163713 0.168539 0.173474 0.178519 0.183674 0.188940 0.194318 0.199810 0.205415 0.211134 0.216968 0.222918 0.228984 0.235166 0.241465 0.247882
0.026554 0.036850 0.044566 0.050643 0.055601 0.059794 0.063465 0.066788 0.069886 0.072846 0.075729 0.078580 0.081432 0.084307 0.087222 0.090190 0.093220 0.096319 0.099492 0.102745 0.106080 0.109500 0.113008 0.116606 0.120297 0.124081 0.127961 0.131938 0.136013 0.140189 0.144466 0.148846 0.153329 0.157918 0.162613 0.167415 0.172326 0.177346 0.182476 0.187718 0.193071 0.198537 0.204117 0.209811 0.215620 0.221544 0.227585 0.233741 0.240015 0.246406
0.026679 0.036609 0.044348 0.050436 0.055376 0.059532 0.063161 0.066440 0.069495 0.072414 0.075260 0.078075 0.080893 0.083736 0.086621 0.089560 0.092561 0.095632 0.098779 0.102004 0.105313 0.108706 0.112188 0.115760 0.119424 0.123182 0.127036 0.130986 0.135035 0.139184 0.143434 0.147787 0.152243 0.156805 0.161472 0.166247 0.171130 0.176122 0.181224 0.186437 0.191763 0.197201 0.202752 0.208418 0.214199 0.220095 0.226107 0.232236 0.238481 0.244844
0.024167 0.035382 0.043607 0.049918 0.054963 0.059163 0.062800 0.066069 0.069102 0.071993 0.074807 0.077591 0.080376 0.083186 0.086039 0.088945 0.091915 0.094955 0.098071 0.101266 0.104544 0.107907 0.111359 0.114901 0.118535 0.122262 0.126086 0.130006 0.134024 0.138143 0.142362 0.146684 0.151110 0.155640 0.160277 0.165020 0.169872 0.174833 0.179904 0.185086 0.190380 0.195787 0.201307 0.206941 0.212690 0.218555 0.224536 0.230634 0.236848 0.243180
0.023642 0.034855 0.043100 0.049452 0.054532 0.058751 0.062392 0.065652 0.068669 0.071537 0.074325 0.077080 0.079835 0.082614 0.085435 0.088309 0.091247 0.094254 0.097337 0.100500 0.103745 0.107076 0.110495 0.114003 0.117604 0.121299 0.125089 0.128975 0.132960 0.137045 0.141231 0.145519 0.149910 0.154406 0.159009 0.163718 0.168535 0.173462 0.178498 0.183646 0.188905 0.194278 0.199764 0.205364 0.211079 0.216909 0.222856 0.228920 0.235101 0.241399
0.026049 0.035389 0.043074 0.049217 0.054198 0.058360 0.061962 0.065191 0.068178 0.071019 0.073779 0.076505 0.079231 0.081980 0.084770 0.087614 0.090520 0.093495 0.096545 0.099674 0.102885 0.106182 0.109566 0.113040 0.116606 0.120265 0.124019 0.127870 0.131819 0.135867 0.140016 0.144268 0.148623 0.153082 0.157647 0.162319 0.167100 0.171989 0.176988 0.182099 0.187321 0.192656 0.198105 0.203668 0.209346 0.215140 0.221050 0.227078 0.233222 0.239484
0.024254 0.035000 0.042885 0.048964 0.053850 0.057933 0.061474 0.064656 0.067606 0.070413 0.073143 0.075840 0.078536 0.081256 0.084016 0.086828 0.089702 0.092645 0.095662 0.098757 0.101934 0.105196 0.108544 0.111982 0.115512 0.119134 0.122851 0.126664 0.130575 0.134585 0.138696 0.142909 0.147224 0.151645 0.156171 0.160804 0.165545 0.170394 0.175354 0.180425 0.185608 0.190904 0.196313 0.201837 0.207476 0.213231 0.219102 0.225091 0.231197 0.237421
0.023893 0.034736 0.042524 0.048520 0.053340 0.057368 0.060864 0.064006 0.066921 0.069696 0.072395 0.075062 0.077728 0.080418 0.083147 0.085928 0.088770 0.091680 0.094663 0.097724 0.100866 0.104092 0.107404 0.110805 0.114297 0.117881 0.121559 0.125334 0.129205 0.133176 0.137246 0.141419 0.145694 0.150074 0.154559 0.159151 0.163851 0.168659 0.173578 0.178608 0.183749 0.189004 0.194372 0.199855 0.205453 0.211168 0.216999 0.222947 0.229014 0.235198
0.025325 0.034416 0.041916 0.047852 0.052643 0.056645 0.060113 0.063226 0.066110 0.068855 0.071523 0.074159 0.076794 0.079452 0.082149 0.084897 0.087705 0.090581 0.093529 0.096555 0.099661 0.102850 0.106125 0.109488 0.112941 0.116486 0.120125 0.123860 0.127691 0.131621 0.135651 0.139782 0.144016 0.148354 0.152797 0.157347 0.162004 0.166771 0.171647 0.176634 0.181734 0.186946 0.192272 0.197713 0.203269 0.208942 0.214732 0.220639 0.226665 0.232809
0.023061 0.033634 0.041243 0.047128 0.051869 0.055828 0.059257 0.062333 0.065182 0.067892 0.070525 0.073126 0.075727 0.078350 0.081012 0.083725 0.086498 0.089337 0.092249 0.095238 0.098307 0.101458 0.104694 0.108019 0.111433 0.114938 0.118537 0.122231 0.126021 0.129910 0.133898 0.137987 0.142179 0.146474 0.150875 0.155382 0.159997 0.164720 0.169554 0.174498 0.179555 0.184725 0.190008 0.195407 0.200921 0.206552 0.212300 0.218166 0.224150 0.230253
0.024134 0.033447 0.040711 0.046441 0.051078 0.054958 0.058322 0.061343 0.064142 0.066807 0.069398 0.071959 0.074521 0.077106 0.079730 0.082406 0.085141 0.087944 0.090818 0.093769 0.096799 0.099912 0.103109 0.106394 0.109768 0.113233 0.116791 0.120444 0.124193 0.128040 0.131986 0.136033 0.140183 0.144436 0.148794 0.153258 0.157830 0.162511 0.167302 0.172204 0.177218 0.182345 0.187586 0.192942 0.198415 0.204004 0.209710 0.215535 0.221479 0.227542
0.023491 0.032818 0.040054 0.045686 0.050216 0.054001 0.057284 0.060237 0.062978 0.065592 0.068136 0.070654 0.073174 0.075719 0.078305 0.080942 0.083639 0.086403 0.089239 0.092151 0.095143 0.098216 0.101374 0.104619 0.107953 0.111378 0.114896 0.118507 0.122215 0.126020 0.129925 0.133930 0.138038 0.142249 0.146565 0.150987 0.155516 0.160155 0.164904 0.169763 0.174735 0.179821 0.185021 0.190336 0.195767 0.201315 0.206982 0.212767 0.218671 0.224695
0.022164 0.032187 0.039297 0.044781 0.049196 0.052889 0.056098 0.058987 0.061673 0.064237 0.066736 0.069211 0.071691 0.074197 0.076744 0.079343 0.082003 0.084729 0.087527 0.090400 0.093353 0.096387 0.099506 0.102712 0.106006 0.109390 0.112867 0.116439 0.120106 0.123870 0.127734 0.131698 0.135765 0.139934 0.144209 0.148590 0.153079 0.157676 0.162384 0.167203 0.172135 0.177180 0.182340 0.187615 0.193007 0.198516 0.204144 0.209890 0.215757 0.221744
0.022755 0.031340 0.038227 0.043628 0.047974 0.051604 0.054756 0.057594 0.060233 0.062754 0.065213 0.067650 0.070092 0.072561 0.075071 0.077633 0.080255 0.082944 0.085705 0.088540 0.091455 0.094451 0.097532 0.100698 0.103953 0.107299 0.110737 0.114269 0.117896 0.121621 0.125445 0.129370 0.133397 0.137527 0.141762 0.146104 0.150553 0.155112 0.159780 0.164561 0.169454 0.174461 0.179583 0.184820 0.190175 0.195647 0.201239 0.206949 0.212780 0.218732
0.020817 0.030261 0.037131 0.042420 0.046670 0.050225 0.053317 0.056106 0.058702 0.061184 0.063606 0.066006 0.068413 0.070846 0.073321 0.075847 0.078433 0.081086 0.083810 0.086609 0.089487 0.092446 0.095489 0.098618 0.101836 0.105144 0.108544 0.112039 0.115629 0.119316 0.123103 0.126990 0.130979 0.135072 0.139270 0.143574 0.147987 0.152509 0.157141 0.161885 0.166743 0.171714 0.176800 0.182003 0.187323 0.192762 0.198319 0.203997 0.209795 0.215714
0.021867 0.030035 0.036322 0.041313 0.045394 0.048844 0.051863 0.054596 0.057145 0.059586 0.061969 0.064332 0.066703 0.069100 0.071539 0.074030 0.076582 0.079199 0.081888 0.084652 0.087494 0.090418 0.093426 0.096521 0.099703 0.102976 0.106341 0.109801 0.113356 0.117008 0.120760 0.124612 0.128567 0.132625 0.136789 0.141060 0.145439 0.149927 0.154526 0.159237 0.164061 0.169000 0.174055 0.179226 0.184515 0.189922 0.195449 0.201097 0.206865 0.212756
0.021753 0.029300 0.035354 0.040189 0.044151 0.047509 0.050454 0.053126 0.055624 0.058017 0.060357 0.062681 0.065013 0.067374 0.069778 0.072235 0.074752 0.077336 0.079992 0.082723 0.085533 0.088425 0.091400 0.094463 0.097613 0.100854 0.104188 0.107616 0.111139 0.114760 0.118481 0.122302 0.126225 0.130253 0.134386 0.138627 0.142975 0.147433 0.152003 0.156684 0.161480 0.166390 0.171416 0.176559 0.181820 0.187200 0.192700 0.198321 0.204064 0.209929
0.019749 0.028222 0.034347 0.039111 0.042985 0.046260 0.049131 0.051738 0.054178 0.056521 0.058815 0.061097 0.063392 0.065718 0.068088 0.070512 0.072999 0.075553 0.078179 0.080882 0.083663 0.086527 0.089474 0.092509 0.095632 0.098845 0.102151 0.105551 0.109047 0.112641 0.116335 0.120129 0.124026 0.128027 0.132133 0.136347 0.140669 0.145102 0.149646 0.154302 0.159072 0.163957 0.168959 0.174078 0.179315 0.184672 0.190149 0.195747 0.201468 0.207311
0.021126 0.027930 0.033591 0.038171 0.041929 0.045110 0.047903 0.050443 0.052826 0.055121 0.057374 0.059620 0.061882 0.064178 0.066521 0.068919 0.071381 0.073911 0.076513 0.079192 0.081951 0.084791 0.087716 0.090728 0.093828 0.097019 0.100302 0.103679 0.107153 0.110724 0.114395 0.118167 0.122042 0.126020 0.130105 0.134297 0.138598 0.143008 0.147531 0.152166 0.156915 0.161780 0.166761 0.171860 0.177077 0.182415 0.187873 0.193452 0.199154 0.204980
0.018585 0.026695 0.032661 0.037234 0.040915 0.044018 0.046746 0.049235 0.051579 0.053841 0.056068 0.058291 0.060532 0.062810 0.065135 0.067516 0.069961 0.072474 0.075060 0.077722 0.080464 0.083288 0.086195 0.089190 0.092273 0.095446 0.098712 0.102072 0.105528 0.109082 0.112735 0.116490 0.120347 0.124308 0.128375 0.132550 0.136833 0.141227 0.145732 0.150350 0.155083 0.159931 0.164896 0.169979 0.175181 0.180503 0.185946 0.191511 0.197198 0.203009
0.018211 0.026188 0.031876 0.036293 0.039894 0.042955 0.045660 0.048137 0.050473 0.052730 0.054952 0.057170 0.059407 0.061678 0.063996 0.066370 0.068807 0.071311 0.073888 0.076540 0.079271 0.082084 0.084981 0.087963 0.091035 0.094196 0.097449 0.100797 0.104241 0.107782 0.111422 0.115163 0.119008 0.122956 0.127010 0.131172 0.135443 0.139824 0.144317 0.148923 0.153643 0.158479 0.163432 0.168503 0.173693 0.179004 0.184435 0.189989 0.195666 0.201467
0.018705 0.025378 0.030860 0.035268 0.038900 0.042000 0.044742 0.047248 0.049607 0.051882 0.054116 0.056343 0.058586 0.060860 0.063180 0.065553 0.067988 0.070489 0.073062 0.075709 0.078435 0.081242 0.084132 0.087108 0.090172 0.093326 0.096572 0.099911 0.103347 0.106880 0.110512 0.114245 0.118081 0.122021 0.126067 0.130220 0.134482 0.138855 0.143340 0.147937 0.152650 0.157478 0.162423 0.167486 0.172669 0.177972 0.183396 0.188943 0.194612 0.200406
0.017008 0.024354 0.030005 0.034518 0.038236 0.041402 0.044192 0.046735 0.049120 0.051414 0.053663 0.055900 0.058150 0.060429 0.062751 0.065126 0.067561 0.070062 0.072634 0.075280 0.078003 0.080808 0.083695 0.086668 0.089729 0.092879 0.096121 0.099457 0.102889 0.106418 0.110046 0.113775 0.117607 0.121543 0.125585 0.129734 0.133992 0.138361 0.142841 0.147435 0.152143 0.156967 0.161908 0.166968 0.172146 0.177446 0.182866 0.188409 0.194075 0.199866
