0.063386 0.065673 0.067266 0.068465 0.069390 0.070109 0.070675 0.071124 0.071483 0.071774 0.072009 0.072201 0.072357 0.072483 0.072584 0.072664 0.072724 0.072769 0.072799 0.072815 0.072821 0.072816 0.072801 0.072778 0.072748 0.072710 0.072666 0.072615 0.072560 0.072499 0.072434 0.072364 0.072290 0.072213 0.072132 0.072048 0.071961 0.071871 0.071778 0.071683 0.071586 0.071487 0.071385 0.071282 0.071176 0.071070 0.070961 0.070851 0.070739 0.070627
0.070866 0.070681 0.071063 0.071469 0.071813 0.072096 0.072332 0.072530 0.072697 0.072837 0.072953 0.073048 0.073124 0.073183 0.073227 0.073258 0.073275 0.073282 0.073278 0.073265 0.073243 0.073214 0.073178 0.073135 0.073086 0.073031 0.072972 0.072907 0.072839 0.072766 0.072689 0.072609 0.072526 0.072440 0.072350 0.072258 0.072164 0.072067 0.071968 0.071867 0.071764 0.071659 0.071552 0.071443 0.071334 0.071222 0.071109 0.070995 0.070880 0.070764
0.076378 0.076773 0.076330 0.075823 0.075422 0.075138 0.074941 0.074806 0.074709 0.074637 0.074579 0.074528 0.074481 0.074434 0.074385 0.074334 0.074280 0.074222 0.074161 0.074096 0.074028 0.073956 0.073881 0.073802 0.073721 0.073636 0.073549 0.073459 0.073367 0.073272 0.073176 0.073076 0.072975 0.072872 0.072768 0.072661 0.072553 0.072443 0.072332 0.072219 0.072105 0.071990 0.071873 0.071756 0.071637 0.071517 0.071397 0.071275 0.071153 0.071029
0.085827 0.082658 0.080701 0.079455 0.078617 0.078022 0.077577 0.077228 0.076945 0.076707 0.076500 0.076317 0.076149 0.075994 0.075848 0.075709 0.075575 0.075444 0.075316 0.075191 0.075067 0.074944 0.074822 0.074700 0.074578 0.074457 0.074335 0.074213 0.074091 0.073969 0.073846 0.073722 0.073598 0.073474 0.073349 0.073223 0.073097 0.072970 0.072843 0.072715 0.072586 0.072457 0.072328 0.072198 0.072068 0.071937 0.071806 0.071674 0.071542 0.071409
0.085827 0.082879 0.081704 0.081035 0.080525 0.080083 0.079683 0.079316 0.078978 0.078666 0.078377 0.078108 0.077855 0.077618 0.077393 0.077180 0.076976 0.076781 0.076592 0.076410 0.076233 0.076061 0.075893 0.075728 0.075567 0.075408 0.075251 0.075096 0.074943 0.074791 0.074640 0.074491 0.074342 0.074195 0.074048 0.073901 0.073755 0.073610 0.073464 0.073320 0.073175 0.073031 0.072887 0.072743 0.072599 0.072455 0.072312 0.072169 0.072025 0.071882
0.074409 0.079351 0.081126 0.081673 0.081722 0.081554 0.081288 0.080979 0.080654 0.080327 0.080007 0.079697 0.079399 0.079112 0.078838 0.078576 0.078324 0.078082 0.077849 0.077624 0.077406 0.077195 0.076990 0.076790 0.076594 0.076403 0.076216 0.076032 0.075851 0.075673 0.075497 0.075324 0.075153 0.074983 0.074815 0.074649 0.074484 0.074320 0.074157 0.073996 0.073835 0.073675 0.073517 0.073359 0.073201 0.073045 0.072889 0.072734 0.072579 0.072425
0.082677 0.083363 0.083422 0.083334 0.083157 0.082912 0.082621 0.082303 0.081972 0.081638 0.081307 0.080983 0.080668 0.080362 0.080067 0.079782 0.079507 0.079241 0.078984 0.078734 0.078492 0.078257 0.078028 0.077804 0.077585 0.077372 0.077162 0.076956 0.076754 0.076556 0.076360 0.076167 0.075977 0.075789 0.075604 0.075420 0.075239 0.075059 0.074881 0.074705 0.074530 0.074357 0.074185 0.074014 0.073845 0.073676 0.073509 0.073343 0.073178 0.073013
0.095276 0.088344 0.086105 0.085125 0.084526 0.084062 0.083656 0.083280 0.082924 0.082582 0.082252 0.081933 0.081624 0.081324 0.081032 0.080749 0.080473 0.080204 0.079942 0.079686 0.079436 0.079192 0.078952 0.078717 0.078487 0.078261 0.078039 0.077820 0.077605 0.077393 0.077184 0.076978 0.076774 0.076574 0.076375 0.076179 0.075985 0.075793 0.075604 0.075416 0.075230 0.075045 0.074863 0.074682 0.074502 0.074324 0.074148 0.073972 0.073798 0.073626
0.078346 0.084960 0.085902 0.085602 0.085100 0.084621 0.084196 0.083819 0.083477 0.083158 0.082857 0.082567 0.082286 0.082012 0.081744 0.081481 0.081221 0.080966 0.080714 0.080466 0.080221 0.079980 0.079741 0.079506 0.079274 0.079044 0.078818 0.078594 0.078373 0.078155 0.077939 0.077726 0.077515 0.077307 0.077101 0.076897 0.076695 0.076495 0.076298 0.076102 0.075909 0.075717 0.075527 0.075339 0.075152 0.074968 0.074784 0.074603 0.074423 0.074244
0.094488 0.088102 0.086185 0.085382 0.084897 0.084530 0.084220 0.083942 0.083683 0.083437 0.083197 0.082961 0.082727 0.082494 0.082261 0.082027 0.081794 0.081560 0.081327 0.081094 0.080862 0.080630 0.080400 0.080170 0.079943 0.079717 0.079492 0.079269 0.079048 0.078829 0.078612 0.078397 0.078184 0.077973 0.077764 0.077557 0.077352 0.077149 0.076948 0.076749 0.076552 0.076356 0.076163 0.075971 0.075781 0.075593 0.075406 0.075221 0.075038 0.074856
0.082677 0.083948 0.084161 0.084185 0.084154 0.084088 0.083993 0.083875 0.083737 0.083584 0.083419 0.083242 0.083057 0.082864 0.082665 0.082460 0.082251 0.082039 0.081824 0.081606 0.081388 0.081168 0.080947 0.080727 0.080506 0.080286 0.080067 0.079849 0.079632 0.079416 0.079202 0.078989 0.078778 0.078569 0.078361 0.078155 0.077951 0.077748 0.077548 0.077349 0.077152 0.076957 0.076763 0.076572 0.076382 0.076193 0.076007 0.075822 0.075638 0.075457
0.077953 0.081394 0.082791 0.083438 0.083762 0.083919 0.083975 0.083963 0.083903 0.083808 0.083686 0.083545 0.083387 0.083217 0.083036 0.082848 0.082653 0.082453 0.082249 0.082042 0.081832 0.081621 0.081409 0.081196 0.080983 0.080770 0.080558 0.080346 0.080135 0.079925 0.079716 0.079509 0.079303 0.079098 0.078895 0.078694 0.078494 0.078296 0.078100 0.077905 0.077712 0.077521 0.077331 0.077143 0.076956 0.076771 0.076588 0.076406 0.076226 0.076047
0.087008 0.084439 0.084147 0.084272 0.084403 0.084470 0.084475 0.084429 0.084345 0.084233 0.084098 0.083945 0.083779 0.083603 0.083418 0.083227 0.083031 0.082831 0.082629 0.082425 0.082219 0.082012 0.081805 0.081598 0.081392 0.081186 0.080980 0.080776 0.080573 0.080371 0.080170 0.079970 0.079772 0.079575 0.079380 0.079187 0.078995 0.078804 0.078615 0.078428 0.078242 0.078058 0.077875 0.077694 0.077514 0.077335 0.077158 0.076983 0.076808 0.076635
0.083465 0.085821 0.086093 0.085963 0.085772 0.085581 0.085393 0.085205 0.085014 0.084820 0.084622 0.084420 0.084216 0.084010 0.083802 0.083594 0.083385 0.083177 0.082970 0.082763 0.082558 0.082353 0.082150 0.081949 0.081749 0.081551 0.081354 0.081158 0.080965 0.080772 0.080582 0.080393 0.080206 0.080020 0.079835 0.079653 0.079471 0.079291 0.079113 0.078936 0.078761 0.078586 0.078414 0.078242 0.078071 0.077902 0.077734 0.077567 0.077401 0.077235
0.092520 0.089632 0.088419 0.087680 0.087136 0.086696 0.086320 0.085985 0.085679 0.085392 0.085121 0.084862 0.084612 0.084371 0.084137 0.083910 0.083688 0.083472 0.083261 0.083054 0.082850 0.082651 0.082455 0.082261 0.082071 0.081883 0.081698 0.081515 0.081334 0.081155 0.080978 0.080802 0.080629 0.080457 0.080286 0.080117 0.079950 0.079783 0.079618 0.079454 0.079292 0.079130 0.078970 0.078810 0.078651 0.078493 0.078336 0.078179 0.078023 0.077867
0.090157 0.089753 0.089001 0.088338 0.087776 0.087284 0.086845 0.086446 0.086080 0.085743 0.085431 0.085139 0.084866 0.084609 0.084365 0.084133 0.083912 0.083699 0.083494 0.083296 0.083103 0.082916 0.082734 0.082555 0.082380 0.082209 0.082040 0.081873 0.081709 0.081548 0.081388 0.081230 0.081073 0.080918 0.080764 0.080612 0.080461 0.080311 0.080162 0.080013 0.079866 0.079719 0.079572 0.079426 0.079280 0.079135 0.078989 0.078843 0.078696 0.078549
0.088976 0.088523 0.088272 0.087961 0.087590 0.087194 0.086801 0.086427 0.086077 0.085754 0.085456 0.085180 0.084925 0.084687 0.084464 0.084254 0.084055 0.083865 0.083684 0.083509 0.083341 0.083177 0.083018 0.082863 0.082711 0.082563 0.082416 0.082272 0.082130 0.081990 0.081851 0.081714 0.081577 0.081442 0.081308 0.081175 0.081042 0.080910 0.080778 0.080646 0.080515 0.080383 0.080251 0.080119 0.079986 0.079852 0.079717 0.079581 0.079443 0.079302
0.086220 0.087113 0.087335 0.087188 0.086900 0.086577 0.086261 0.085967 0.085698 0.085452 0.085226 0.085019 0.084827 0.084647 0.084479 0.084319 0.084168 0.084022 0.083882 0.083747 0.083615 0.083486 0.083360 0.083236 0.083115 0.082995 0.082876 0.082759 0.082642 0.082527 0.082412 0.082298 0.082185 0.082071 0.081958 0.081845 0.081732 0.081618 0.081504 0.081389 0.081273 0.081156 0.081038 0.080917 0.080795 0.080670 0.080542 0.080411 0.080275 0.080136
0.087008 0.087431 0.086811 0.086258 0.085874 0.085607 0.085412 0.085258 0.085128 0.085013 0.084907 0.084808 0.084713 0.084621 0.084531 0.084441 0.084353 0.084265 0.084178 0.084090 0.084003 0.083916 0.083828 0.083741 0.083653 0.083565 0.083477 0.083388 0.083299 0.083210 0.083121 0.083031 0.082940 0.082849 0.082756 0.082663 0.082568 0.082472 0.082373 0.082273 0.082170 0.082064 0.081954 0.081841 0.081723 0.081600 0.081471 0.081336 0.081193 0.081042
0.093307 0.086983 0.085137 0.084612 0.084499 0.084517 0.084572 0.084634 0.084690 0.084734 0.084767 0.084788 0.084797 0.084797 0.084787 0.084770 0.084746 0.084716 0.084681 0.084641 0.084597 0.084550 0.084500 0.084447 0.084393 0.084336 0.084277 0.084216 0.084154 0.084089 0.084024 0.083956 0.083886 0.083814 0.083740 0.083663 0.083583 0.083499 0.083412 0.083319 0.083222 0.083119 0.083010 0.082893 0.082768 0.082634 0.082489 0.082333 0.082164 0.081981
0.072835 0.079069 0.081579 0.082787 0.083486 0.083955 0.084303 0.084574 0.084790 0.084963 0.085103 0.085214 0.085300 0.085367 0.085417 0.085452 0.085475 0.085488 0.085492 0.085489 0.085479 0.085464 0.085444 0.085419 0.085391 0.085360 0.085326 0.085288 0.085247 0.085204 0.085157 0.085107 0.085053 0.084995 0.084933 0.084865 0.084792 0.084712 0.084625 0.084531 0.084427 0.084312 0.084187 0.084048 0.083895 0.083727 0.083541 0.083335 0.083108 0.082857
0.077165 0.080755 0.082510 0.083543 0.084247 0.084770 0.085175 0.085495 0.085752 0.085959 0.086125 0.086260 0.086368 0.086454 0.086523 0.086577 0.086619 0.086650 0.086673 0.086688 0.086697 0.086700 0.086699 0.086693 0.086683 0.086669 0.086651 0.086630 0.086604 0.086573 0.086538 0.086497 0.086450 0.086396 0.086335 0.086265 0.086185 0.086095 0.085991 0.085874 0.085742 0.085592 0.085423 0.085232 0.085018 0.084777 0.084508 0.084206 0.083869 0.083493
0.094882 0.088698 0.087000 0.086714 0.086840 0.087060 0.087276 0.087462 0.087617 0.087744 0.087847 0.087931 0.088000 0.088057 0.088103 0.088142 0.088173 0.088199 0.088220 0.088237 0.088250 0.088259 0.088265 0.088267 0.088266 0.088261 0.088251 0.088236 0.088215 0.088188 0.088153 0.088110 0.088056 0.087992 0.087914 0.087822 0.087714 0.087587 0.087440 0.087269 0.087073 0.086848 0.086592 0.086300 0.085970 0.085597 0.085178 0.084707 0.084180 0.083590
0.086614 0.089205 0.089975 0.090173 0.090196 0.090171 0.090138 0.090108 0.090084 0.090065 0.090052 0.090042 0.090037 0.090036 0.090037 0.090041 0.090047 0.090055 0.090063 0.090072 0.090081 0.090089 0.090096 0.090099 0.090099 0.090094 0.090084 0.090066 0.090039 0.090001 0.089952 0.089888 0.089808 0.089709 0.089589 0.089445 0.089274 0.089072 0.088837 0.088564 0.088250 0.087890 0.087479 0.087013 0.086485 0.085890 0.085222 0.084473 0.083636 0.082702
0.089370 0.093164 0.094012 0.093948 0.093651 0.093333 0.093052 0.092820 0.092632 0.092482 0.092364 0.092274 0.092205 0.092154 0.092119 0.092097 0.092084 0.092079 0.092080 0.092085 0.092092 0.092100 0.092105 0.092107 0.092104 0.092093 0.092072 0.092038 0.091990 0.091925 0.091838 0.091729 0.091592 0.091424 0.091222 0.090980 0.090695 0.090362 0.089975 0.089529 0.089017 0.088434 0.087773 0.087026 0.086185 0.085242 0.084187 0.083009 0.081697 0.080238
0.108661 0.101471 0.098479 0.097051 0.096234 0.095687 0.095284 0.094974 0.094732 0.094544 0.094400 0.094292 0.094214 0.094161 0.094129 0.094113 0.094109 0.094115 0.094127 0.094142 0.094159 0.094173 0.094181 0.094182 0.094171 0.094146 0.094103 0.094039 0.093949 0.093829 0.093676 0.093484 0.093247 0.092962 0.092622 0.092220 0.091751 0.091207 0.090581 0.089865 0.089051 0.088130 0.087093 0.085928 0.084626 0.083175 0.081560 0.079767 0.077779 0.075580
0.099606 0.098302 0.097700 0.097266 0.096911 0.096621 0.096387 0.096204 0.096067 0.095970 0.095907 0.095873 0.095862 0.095871 0.095896 0.095932 0.095976 0.096024 0.096073 0.096120 0.096160 0.096190 0.096206 0.096204 0.096181 0.096131 0.096049 0.095931 0.095771 0.095563 0.095301 0.094979 0.094588 0.094123 0.093574 0.092934 0.092193 0.091343 0.090375 0.089276 0.088038 0.086649 0.085095 0.083365 0.081444 0.079317 0.076967 0.074378 0.071529 0.068405
0.084646 0.092721 0.095201 0.096012 0.096297 0.096418 0.096494 0.096567 0.096650 0.096744 0.096850 0.096966 0.097090 0.097218 0.097349 0.097479 0.097605 0.097724 0.097832 0.097925 0.098000 0.098053 0.098077 0.098068 0.098021 0.097930 0.097788 0.097589 0.097325 0.096989 0.096571 0.096065 0.095460 0.094746 0.093915 0.092956 0.091858 0.090609 0.089198 0.087614 0.085842 0.083871 0.081686 0.079274 0.076618 0.073705 0.070518 0.067046 0.063283 0.059236
0.103937 0.096961 0.095397 0.095213 0.095415 0.095729 0.096070 0.096413 0.096749 0.097074 0.097387 0.097689 0.097979 0.098255 0.098517 0.098763 0.098989 0.099193 0.099371 0.099518 0.099631 0.099704 0.099732 0.099707 0.099623 0.099473 0.099248 0.098940 0.098540 0.098039 0.097426 0.096691 0.095823 0.094811 0.093644 0.092309 0.090794 0.089089 0.087179 0.085053 0.082698 0.080101 0.077251 0.074134 0.070742 0.067067 0.063110 0.058886 0.054436 0.049864
0.089764 0.092718 0.093244 0.093716 0.094305 0.094938 0.095564 0.096164 0.096732 0.097268 0.097773 0.098249 0.098696 0.099114 0.099503 0.099860 0.100182 0.100468 0.100711 0.100909 0.101054 0.101141 0.101163 0.101112 0.100981 0.100759 0.100438 0.100008 0.099458 0.098776 0.097953 0.096975 0.095832 0.094510 0.092999 0.091286 0.089359 0.087207 0.084818 0.082181 0.079287 0.076126 0.072692 0.068982 0.064999 0.060759 0.056297 0.051691 0.047093 0.042809
0.090945 0.089350 0.090897 0.092394 0.093586 0.094571 0.095433 0.096216 0.096941 0.097620 0.098258 0.098857 0.099419 0.099943 0.100428 0.100871 0.101269 0.101617 0.101912 0.102146 0.102313 0.102407 0.102418 0.102339 0.102160 0.101871 0.101461 0.100919 0.100233 0.099392 0.098384 0.097196 0.095817 0.094233 0.092435 0.090410 0.088148 0.085639 0.082874 0.079845 0.076546 0.072975 0.069135 0.065034 0.060697 0.056172 0.051546 0.046986 0.042800 0.039580
0.074409 0.087516 0.091379 0.093084 0.094218 0.095163 0.096022 0.096827 0.097590 0.098317 0.099007 0.099663 0.100281 0.100860 0.101396 0.101887 0.102328 0.102713 0.103036 0.103292 0.103472 0.103568 0.103572 0.103474 0.103263 0.102930 0.102463 0.101849 0.101078 0.100136 0.099012 0.097694 0.096169 0.094426 0.092454 0.090243 0.087783 0.085066 0.082085 0.078835 0.075314 0.071526 0.067480 0.063197 0.058718 0.054117 0.049529 0.045192 0.041548 0.039417
0.116535 0.100141 0.096264 0.095664 0.095988 0.096594 0.097285 0.097998 0.098708 0.099402 0.100075 0.100722 0.101337 0.101918 0.102460 0.102957 0.103405 0.103798 0.104129 0.104391 0.104576 0.104676 0.104682 0.104584 0.104372 0.104034 0.103559 0.102936 0.102153 0.101197 0.100056 0.098718 0.097171 0.095404 0.093406 0.091167 0.088677 0.085929 0.082917 0.079636 0.076085 0.072267 0.068195 0.063891 0.059400 0.054801 0.050235 0.045957 0.042428 0.040512
0.080709 0.092761 0.095883 0.097000 0.097695 0.098318 0.098940 0.099567 0.100193 0.100813 0.101420 0.102009 0.102574 0.103111 0.103615 0.104081 0.104503 0.104876 0.105193 0.105447 0.105632 0.105738 0.105757 0.105680 0.105497 0.105198 0.104771 0.104205 0.103488 0.102609 0.101555 0.100315 0.098876 0.097226 0.095356 0.093253 0.090908 0.088311 0.085456 0.082335 0.078944 0.075284 0.071359 0.067185 0.062793 0.058242 0.053637 0.049177 0.045225 0.042468
0.100000 0.098007 0.098442 0.099126 0.099751 0.100320 0.100862 0.101394 0.101919 0.102438 0.102947 0.103443 0.103922 0.104379 0.104812 0.105214 0.105582 0.105910 0.106194 0.106426 0.106601 0.106712 0.106750 0.106708 0.106577 0.106347 0.106008 0.105550 0.104962 0.104233 0.103351 0.102304 0.101081 0.099669 0.098058 0.096235 0.094190 0.091910 0.089387 0.086610 0.083571 0.080264 0.076684 0.072834 0.068724 0.064380 0.059856 0.055257 0.050790 0.046856
0.105118 0.102194 0.101693 0.101842 0.102171 0.102552 0.102950 0.103351 0.103752 0.104147 0.104536 0.104915 0.105282 0.105635 0.105971 0.106286 0.106578 0.106843 0.107076 0.107273 0.107428 0.107536 0.107590 0.107584 0.107509 0.107360 0.107125 0.106798 0.106368 0.105825 0.105159 0.104359 0.103414 0.102313 0.101043 0.099595 0.097954 0.096111 0.094052 0.091765 0.089240 0.086465 0.083428 0.080121 0.076538 0.072677 0.068550 0.064187 0.059663 0.055135
0.095669 0.102474 0.103880 0.104257 0.104497 0.104744 0.105006 0.105272 0.105537 0.105797 0.106052 0.106301 0.106544 0.106780 0.107008 0.107226 0.107431 0.107622 0.107794 0.107944 0.108069 0.108164 0.108224 0.108244 0.108218 0.108139 0.108002 0.107798 0.107520 0.107160 0.106709 0.106158 0.105497 0.104717 0.103806 0.102755 0.101552 0.100186 0.098645 0.096917 0.094989 0.092848 0.090480 0.087873 0.085011 0.081881 0.078472 0.074777 0.070801 0.066573
0.118110 0.108591 0.106654 0.106426 0.106546 0.106711 0.106865 0.107003 0.107130 0.107252 0.107372 0.107492 0.107613 0.107736 0.107859 0.107982 0.108104 0.108221 0.108332 0.108434 0.108524 0.108598 0.108654 0.108687 0.108693 0.108666 0.108603 0.108497 0.108342 0.108133 0.107862 0.107522 0.107106 0.106606 0.106013 0.105319 0.104514 0.103588 0.102531 0.101333 0.099981 0.098466 0.096772 0.094887 0.092797 0.090486 0.087937 0.085132 0.082057 0.078696
0.094488 0.104208 0.107087 0.108019 0.108331 0.108427 0.108443 0.108432 0.108416 0.108405 0.108403 0.108411 0.108431 0.108461 0.108500 0.108548 0.108602 0.108660 0.108721 0.108782 0.108842 0.108896 0.108944 0.108981 0.109004 0.109011 0.108997 0.108959 0.108891 0.108791 0.108652 0.108469 0.108238 0.107951 0.107603 0.107187 0.106695 0.106121 0.105457 0.104693 0.103820 0.102831 0.101713 0.100457 0.099049 0.097478 0.095729 0.093786 0.091632 0.089248
0.112992 0.111525 0.110889 0.110449 0.110108 0.109836 0.109618 0.109442 0.109301 0.109190 0.109105 0.109043 0.109000 0.108976 0.108967 0.108971 0.108986 0.109010 0.109042 0.109080 0.109121 0.109163 0.109205 0.109244 0.109279 0.109306 0.109323 0.109328 0.109317 0.109288 0.109236 0.109159 0.109052 0.108912 0.108733 0.108512 0.108242 0.107920 0.107538 0.107090 0.106571 0.105973 0.105289 0.104510 0.103628 0.102633 0.101515 0.100263 0.098863 0.097300
0.124803 0.116484 0.113191 0.111722 0.110952 0.110483 0.110163 0.109930 0.109756 0.109624 0.109526 0.109455 0.109406 0.109376 0.109362 0.109361 0.109371 0.109391 0.109419 0.109453 0.109492 0.109534 0.109579 0.109624 0.109669 0.109711 0.109749 0.109781 0.109805 0.109820 0.109823 0.109811 0.109783 0.109735 0.109664 0.109567 0.109442 0.109283 0.109087 0.108851 0.108569 0.108236 0.107848 0.107398 0.106881 0.106290 0.105618 0.104858 0.103999 0.103034
0.103937 0.109042 0.110330 0.110519 0.110417 0.110261 0.110120 0.110010 0.109930 0.109876 0.109843 0.109828 0.109827 0.109837 0.109857 0.109885 0.109920 0.109960 0.110005 0.110054 0.110105 0.110159 0.110215 0.110271 0.110328 0.110383 0.110436 0.110487 0.110533 0.110575 0.110610 0.110637 0.110654 0.110660 0.110653 0.110631 0.110592 0.110533 0.110451 0.110345 0.110210 0.110044 0.109843 0.109604 0.109322 0.108993 0.108613 0.108175 0.107676 0.107107
0.105906 0.107951 0.109022 0.109522 0.109771 0.109916 0.110022 0.110112 0.110196 0.110278 0.110359 0.110438 0.110517 0.110594 0.110671 0.110746 0.110821 0.110895 0.110968 0.111041 0.111113 0.111184 0.111255 0.111324 0.111393 0.111460 0.111525 0.111588 0.111648 0.111705 0.111758 0.111805 0.111848 0.111883 0.111910 0.111929 0.111937 0.111933 0.111916 0.111884 0.111834 0.111765 0.111675 0.111561 0.111420 0.111250 0.111048 0.110810 0.110533 0.110212
0.114567 0.111014 0.109880 0.109749 0.109953 0.110242 0.110532 0.110797 0.111035 0.111246 0.111435 0.111606 0.111760 0.111900 0.112030 0.112150 0.112261 0.112366 0.112466 0.112560 0.112650 0.112736 0.112819 0.112899 0.112976 0.113051 0.113123 0.113192 0.113258 0.113321 0.113381 0.113438 0.113490 0.113538 0.113580 0.113617 0.113647 0.113669 0.113683 0.113687 0.113681 0.113663 0.113632 0.113585 0.113523 0.113442 0.113340 0.113217 0.113068 0.112893
0.110236 0.109472 0.110034 0.110682 0.111255 0.111749 0.112175 0.112544 0.112864 0.113142 0.113386 0.113601 0.113792 0.113964 0.114118 0.114259 0.114388 0.114506 0.114617 0.114720 0.114817 0.114908 0.114995 0.115077 0.115155 0.115230 0.115301 0.115369 0.115433 0.115494 0.115552 0.115607 0.115658 0.115705 0.115748 0.115787 0.115821 0.115850 0.115873 0.115890 0.115900 0.115902 0.115895 0.115879 0.115852 0.115813 0.115762 0.115697 0.115616 0.115518
0.099606 0.109236 0.112332 0.113631 0.114363 0.114876 0.115281 0.115617 0.115905 0.116153 0.116371 0.116564 0.116735 0.116890 0.117030 0.117158 0.117276 0.117384 0.117485 0.117579 0.117667 0.117749 0.117827 0.117899 0.117968 0.118032 0.118093 0.118150 0.118203 0.118253 0.118300 0.118343 0.118383 0.118419 0.118452 0.118481 0.118506 0.118526 0.118543 0.118554 0.118561 0.118562 0.118557 0.118545 0.118527 0.118500 0.118466 0.118422 0.118367 0.118302
0.131102 0.121829 0.119713 0.119364 0.119444 0.119614 0.119789 0.119950 0.120095 0.120226 0.120347 0.120458 0.120562 0.120659 0.120750 0.120836 0.120917 0.120993 0.121065 0.121132 0.121196 0.121255 0.121310 0.121361 0.121408 0.121451 0.121491 0.121527 0.121560 0.121589 0.121615 0.121637 0.121656 0.121671 0.121683 0.121691 0.121696 0.121697 0.121694 0.121688 0.121677 0.121662 0.121642 0.121618 0.121588 0.121553 0.121512 0.121464 0.121410 0.121348
0.120079 0.124780 0.125512 0.125505 0.125391 0.125285 0.125204 0.125148 0.125113 0.125095 0.125092 0.125101 0.125118 0.125141 0.125168 0.125198 0.125229 0.125261 0.125291 0.125320 0.125347 0.125371 0.125393 0.125412 0.125427 0.125440 0.125449 0.125454 0.125456 0.125455 0.125450 0.125441 0.125430 0.125414 0.125396 0.125374 0.125348 0.125319 0.125287 0.125251 0.125212 0.125169 0.125122 0.125071 0.125016 0.124957 0.124894 0.124826 0.124754 0.124676
0.133465 0.132397 0.132169 0.131864 0.131514 0.131189 0.130917 0.130700 0.130534 0.130407 0.130313 0.130242 0.130191 0.130152 0.130123 0.130101 0.130083 0.130068 0.130053 0.130038 0.130022 0.130005 0.129985 0.129963 0.129938 0.129910 0.129879 0.129844 0.129806 0.129765 0.129720 0.129671 0.129620 0.129565 0.129506 0.129445 0.129380 0.129312 0.129240 0.129166 0.129088 0.129007 0.128923 0.128836 0.128746 0.128652 0.128555 0.128454 0.128350 0.128242
0.140551 0.139708 0.138608 0.137787 0.137199 0.136771 0.136453 0.136213 0.136028 0.135883 0.135767 0.135671 0.135589 0.135518 0.135452 0.135391 0.135331 0.135273 0.135214 0.135153 0.135091 0.135026 0.134959 0.134888 0.134815 0.134738 0.134658 0.134574 0.134487 0.134397 0.134303 0.134206 0.134106 0.134002 0.133896 0.133786 0.133673 0.133558 0.133439 0.133318 0.133194 0.133068 0.132938 0.132806 0.132672 0.132535 0.132395 0.132253 0.132107 0.131960
0.148031 0.144391 0.143000 0.142358 0.142020 0.141820 0.141688 0.141589 0.141504 0.141426 0.141349 0.141271 0.141189 0.141104 0.141015 0.140922 0.140825 0.140723 0.140617 0.140507 0.140393 0.140274 0.140152 0.140026 0.139896 0.139762 0.139625 0.139484 0.139340 0.139193 0.139042 0.138888 0.138732 0.138572 0.138410 0.138245 0.138078 0.137908 0.137736 0.137561 0.137385 0.137206 0.137025 0.136843 0.136658 0.136472 0.136283 0.136093 0.135901 0.135708
0.140945 0.144184 0.145470 0.146129 0.146533 0.146797 0.146966 0.147064 0.147105 0.147102 0.147063 0.146997 0.146908 0.146800 0.146678 0.146543 0.146398 0.146243 0.146081 0.145912 0.145736 0.145555 0.145369 0.145179 0.144984 0.144785 0.144583 0.144378 0.144169 0.143958 0.143744 0.143527 0.143308 0.143087 0.142864 0.142639 0.142412 0.142183 0.141953 0.141721 0.141488 0.141254 0.141018 0.140781 0.140543 0.140304 0.140064 0.139824 0.139582 0.139339
0.147244 0.148940 0.150371 0.151405 0.152102 0.152548 0.152812 0.152946 0.152987 0.152960 0.152882 0.152765 0.152619 0.152449 0.152261 0.152058 0.151842 0.151615 0.151380 0.151138 0.150889 0.150634 0.150375 0.150112 0.149845 0.149574 0.149301 0.149026 0.148748 0.148469 0.148187 0.147904 0.147620 0.147334 0.147048 0.146760 0.146472 0.146183 0.145894 0.145604 0.145313 0.145022 0.144731 0.144440 0.144149 0.143857 0.143566 0.143274 0.142983 0.142692
0.157874 0.157953 0.158516 0.158963 0.159210 0.159295 0.159266 0.159161 0.159003 0.158805 0.158579 0.158331 0.158065 0.157784 0.157491 0.157188 0.156877 0.156559 0.156235 0.155906 0.155573 0.155237 0.154898 0.154556 0.154213 0.153868 0.153522 0.153175 0.152828 0.152480 0.152131 0.151783 0.151434 0.151086 0.150738 0.150391 0.150043 0.149697 0.149351 0.149005 0.148661 0.148317 0.147974 0.147631 0.147290 0.146950 0.146611 0.146273 0.145936 0.145600
0.166929 0.168251 0.168014 0.167367 0.166688 0.166071 0.165520 0.165019 0.164552 0.164107 0.163675 0.163251 0.162831 0.162412 0.161994 0.161576 0.161157 0.160739 0.160319 0.159900 0.159481 0.159062 0.158644 0.158226 0.157809 0.157393 0.156979 0.156565 0.156153 0.155742 0.155333 0.154926 0.154520 0.154116 0.153713 0.153313 0.152914 0.152517 0.152121 0.151728 0.151337 0.150947 0.150560 0.150175 0.149791 0.149410 0.149030 0.148653 0.148278 0.147905
0.182677 0.178839 0.175852 0.173780 0.172300 0.171175 0.170264 0.169487 0.168793 0.168155 0.167554 0.166979 0.166423 0.165881 0.165349 0.164826 0.164310 0.163800 0.163296 0.162797 0.162302 0.161812 0.161326 0.160844 0.160366 0.159891 0.159420 0.158952 0.158488 0.158028 0.157571 0.157117 0.156666 0.156218 0.155774 0.155333 0.154895 0.154460 0.154027 0.153598 0.153172 0.152749 0.152329 0.151912 0.151499 0.151088 0.150680 0.150275 0.149873 0.149475
0.188189 0.179932 0.176949 0.175394 0.174298 0.173384 0.172561 0.171793 0.171065 0.170366 0.169692 0.169039 0.168404 0.167784 0.167179 0.166586 0.166004 0.165433 0.164871 0.164318 0.163773 0.163235 0.162704 0.162180 0.161662 0.161150 0.160643 0.160142 0.159646 0.159154 0.158668 0.158186 0.157709 0.157236 0.156767 0.156302 0.155842 0.155385 0.154933 0.154484 0.154039 0.153598 0.153161 0.152728 0.152298 0.151873 0.151451 0.151033 0.150620 0.150210
0.157480 0.169145 0.172462 0.173323 0.173320 0.172955 0.172422 0.171806 0.171153 0.170486 0.169819 0.169158 0.168507 0.167867 0.167241 0.166627 0.166024 0.165433 0.164853 0.164283 0.163722 0.163170 0.162626 0.162090 0.161561 0.161039 0.160523 0.160014 0.159511 0.159013 0.158521 0.158034 0.157552 0.157075 0.156603 0.156135 0.155672 0.155214 0.154760 0.154311 0.153865 0.153425 0.152988 0.152556 0.152129 0.151706 0.151288 0.150874 0.150466 0.150063
0.177953 0.172298 0.171577 0.171480 0.171262 0.170870 0.170361 0.169783 0.169172 0.168546 0.167917 0.167293 0.166676 0.166069 0.165473 0.164888 0.164312 0.163747 0.163192 0.162646 0.162108 0.161578 0.161056 0.160541 0.160033 0.159532 0.159036 0.158547 0.158063 0.157585 0.157112 0.156644 0.156181 0.155723 0.155270 0.154821 0.154377 0.153937 0.153502 0.153071 0.152645 0.152224 0.151807 0.151395 0.150988 0.150586 0.150190 0.149799 0.149415 0.149037
0.167717 0.170503 0.169881 0.168888 0.167997 0.167224 0.166533 0.165894 0.165288 0.164706 0.164142 0.163591 0.163051 0.162521 0.162000 0.161487 0.160981 0.160483 0.159991 0.159506 0.159026 0.158553 0.158085 0.157622 0.157164 0.156711 0.156263 0.155819 0.155380 0.154946 0.154515 0.154089 0.153667 0.153249 0.152835 0.152425 0.152020 0.151618 0.151221 0.150828 0.150440 0.150056 0.149677 0.149303 0.148935 0.148573 0.148217 0.147868 0.147528 0.147196
0.175591 0.168503 0.165371 0.163562 0.162357 0.161479 0.160789 0.160211 0.159699 0.159227 0.158780 0.158349 0.157927 0.157511 0.157100 0.156693 0.156288 0.155886 0.155487 0.155090 0.154695 0.154302 0.153912 0.153524 0.153139 0.152756 0.152376 0.151999 0.151624 0.151252 0.150883 0.150516 0.150153 0.149793 0.149435 0.149081 0.148731 0.148384 0.148041 0.147702 0.147368 0.147038 0.146713 0.146395 0.146082 0.145777 0.145480 0.145194 0.144919 0.144660
0.154724 0.155425 0.154966 0.154471 0.154056 0.153702 0.153387 0.153095 0.152816 0.152543 0.152272 0.151999 0.151724 0.151445 0.151163 0.150878 0.150589 0.150298 0.150004 0.149709 0.149411 0.149113 0.148814 0.148514 0.148214 0.147915 0.147615 0.147316 0.147018 0.146721 0.146425 0.146131 0.145838 0.145547 0.145258 0.144972 0.144689 0.144409 0.144132 0.143860 0.143592 0.143330 0.143073 0.142824 0.142583 0.142353 0.142135 0.141932 0.141750 0.141596
0.140157 0.141695 0.143294 0.144298 0.144864 0.145163 0.145303 0.145345 0.145324 0.145262 0.145170 0.145055 0.144923 0.144776 0.144618 0.144451 0.144274 0.144091 0.143902 0.143707 0.143508 0.143305 0.143098 0.142889 0.142677 0.142464 0.142249 0.142033 0.141816 0.141598 0.141381 0.141164 0.140947 0.140732 0.140519 0.140307 0.140098 0.139892 0.139690 0.139492 0.139300 0.139115 0.138938 0.138772 0.138617 0.138479 0.138361 0.138271 0.138220 0.138230
0.127165 0.132865 0.135081 0.136222 0.136907 0.137345 0.137629 0.137812 0.137923 0.137983 0.138005 0.137999 0.137971 0.137925 0.137865 0.137793 0.137710 0.137619 0.137520 0.137415 0.137303 0.137187 0.137065 0.136940 0.136811 0.136679 0.136545 0.136408 0.136270 0.136130 0.135990 0.135849 0.135709 0.135570 0.135432 0.135296 0.135163 0.135034 0.134910 0.134792 0.134682 0.134581 0.134493 0.134420 0.134368 0.134342 0.134353 0.134417 0.134563 0.134861
0.138189 0.132421 0.130939 0.130600 0.130598 0.130696 0.130812 0.130920 0.131010 0.131081 0.131135 0.131173 0.131198 0.131211 0.131214 0.131207 0.131193 0.131172 0.131143 0.131109 0.131069 0.131024 0.130975 0.130921 0.130864 0.130803 0.130740 0.130674 0.130606 0.130537 0.130468 0.130398 0.130328 0.130260 0.130194 0.130131 0.130071 0.130018 0.129971 0.129934 0.129908 0.129897 0.129904 0.129937 0.130003 0.130115 0.130295 0.130580 0.131052 0.131954
0.123228 0.125652 0.125452 0.125059 0.124802 0.124668 0.124613 0.124605 0.124624 0.124657 0.124698 0.124742 0.124785 0.124827 0.124865 0.124901 0.124932 0.124959 0.124981 0.125000 0.125014 0.125025 0.125031 0.125034 0.125034 0.125031 0.125026 0.125019 0.125010 0.125000 0.124991 0.124981 0.124973 0.124968 0.124965 0.124967 0.124976 0.124992 0.125018 0.125058 0.125115 0.125193 0.125301 0.125447 0.125648 0.125927 0.126330 0.126945 0.128005 0.130468
0.124016 0.119959 0.119262 0.119041 0.118888 0.118771 0.118694 0.118657 0.118651 0.118669 0.118706 0.118754 0.118810 0.118870 0.118932 0.118995 0.119057 0.119117 0.119175 0.119230 0.119282 0.119331 0.119378 0.119422 0.119464 0.119503 0.119541 0.119578 0.119615 0.119651 0.119688 0.119726 0.119767 0.119812 0.119862 0.119918 0.119983 0.120059 0.120149 0.120257 0.120389 0.120551 0.120755 0.121017 0.121360 0.121830 0.122512 0.123603 0.125739 0.132809
0.103543 0.111098 0.112641 0.112943 0.112985 0.112982 0.112985 0.113005 0.113042 0.113095 0.113160 0.113233 0.113312 0.113394 0.113478 0.113562 0.113645 0.113727 0.113807 0.113885 0.113961 0.114034 0.114106 0.114175 0.114243 0.114310 0.114375 0.114441 0.114507 0.114574 0.114642 0.114714 0.114789 0.114869 0.114956 0.115052 0.115159 0.115279 0.115417 0.115578 0.115769 0.115999 0.116282 0.116641 0.117112 0.117761 0.118730 0.120386 0.124180 0.141719
0.120472 0.110167 0.107909 0.107464 0.107447 0.107536 0.107651 0.107771 0.107891 0.108008 0.108122 0.108233 0.108341 0.108446 0.108548 0.108647 0.108742 0.108835 0.108925 0.109012 0.109097 0.109180 0.109261 0.109340 0.109419 0.109497 0.109575 0.109653 0.109733 0.109815 0.109899 0.109988 0.110081 0.110180 0.110288 0.110405 0.110535 0.110681 0.110846 0.111037 0.111261 0.111529 0.111858 0.112272 0.112814 0.113568 0.114709 0.116735 0.121842 0.147608
0.088583 0.098797 0.101241 0.102016 0.102416 0.102714 0.102965 0.103183 0.103375 0.103544 0.103696 0.103832 0.103956 0.104070 0.104176 0.104275 0.104368 0.104457 0.104542 0.104624 0.104703 0.104780 0.104856 0.104931 0.105006 0.105081 0.105157 0.105234 0.105313 0.105394 0.105479 0.105569 0.105664 0.105767 0.105877 0.105998 0.106132 0.106282 0.106451 0.106646 0.106873 0.107143 0.107471 0.107881 0.108413 0.109144 0.110234 0.112126 0.116685 0.139058
0.105512 0.098796 0.097939 0.098185 0.098573 0.098922 0.099211 0.099450 0.099648 0.099815 0.099957 0.100080 0.100187 0.100281 0.100366 0.100444 0.100516 0.100583 0.100646 0.100707 0.100766 0.100824 0.100882 0.100939 0.100998 0.101057 0.101118 0.101181 0.101247 0.101317 0.101390 0.101468 0.101552 0.101643 0.101742 0.101851 0.101972 0.102107 0.102261 0.102436 0.102639 0.102879 0.103167 0.103522 0.103975 0.104578 0.105441 0.106831 0.109696 0.120814
0.088189 0.093483 0.095016 0.095663 0.096033 0.096283 0.096466 0.096608 0.096719 0.096809 0.096882 0.096942 0.096993 0.097036 0.097073 0.097107 0.097137 0.097166 0.097193 0.097220 0.097248 0.097276 0.097306 0.097337 0.097370 0.097405 0.097443 0.097485 0.097529 0.097578 0.097631 0.097689 0.097753 0.097823 0.097901 0.097988 0.098085 0.098194 0.098318 0.098459 0.098623 0.098815 0.099042 0.099317 0.099660 0.100101 0.100700 0.101583 0.103112 0.107061
0.095669 0.094783 0.094721 0.094668 0.094598 0.094533 0.094478 0.094431 0.094389 0.094351 0.094315 0.094282 0.094250 0.094221 0.094194 0.094170 0.094148 0.094129 0.094113 0.094101 0.094091 0.094085 0.094083 0.094084 0.094088 0.094096 0.094108 0.094124 0.094144 0.094169 0.094198 0.094233 0.094273 0.094318 0.094371 0.094431 0.094500 0.094578 0.094668 0.094771 0.094891 0.095030 0.095194 0.095389 0.095628 0.095925 0.096309 0.096835 0.097628 0.099113
0.097638 0.096062 0.094704 0.093876 0.093359 0.093000 0.092728 0.092507 0.092320 0.092158 0.092016 0.091891 0.091779 0.091680 0.091592 0.091512 0.091442 0.091379 0.091323 0.091274 0.091231 0.091193 0.091162 0.091135 0.091113 0.091096 0.091084 0.091077 0.091074 0.091076 0.091083 0.091095 0.091112 0.091134 0.091162 0.091196 0.091237 0.091286 0.091344 0.091411 0.091490 0.091582 0.091691 0.091820 0.091975 0.092163 0.092399 0.092704 0.093122 0.093764
0.097638 0.093584 0.092429 0.091869 0.091446 0.091075 0.090743 0.090448 0.090186 0.089954 0.089749 0.089568 0.089406 0.089263 0.089135 0.089020 0.088918 0.088826 0.088744 0.088671 0.088605 0.088547 0.088495 0.088449 0.088409 0.088374 0.088344 0.088319 0.088299 0.088284 0.088273 0.088266 0.088264 0.088267 0.088275 0.088288 0.088306 0.088330 0.088361 0.088398 0.088444 0.088499 0.088564 0.088642 0.088736 0.088849 0.088988 0.089161 0.089385 0.089693
0.079134 0.086820 0.088761 0.089083 0.088932 0.088653 0.088354 0.088070 0.087811 0.087579 0.087371 0.087186 0.087020 0.086872 0.086739 0.086619 0.086511 0.086414 0.086326 0.086246 0.086174 0.086109 0.086050 0.085996 0.085948 0.085905 0.085867 0.085833 0.085803 0.085777 0.085755 0.085737 0.085722 0.085712 0.085705 0.085702 0.085703 0.085709 0.085719 0.085734 0.085755 0.085782 0.085816 0.085857 0.085909 0.085971 0.086047 0.086142 0.086261 0.086415
0.095276 0.089407 0.087473 0.086647 0.086183 0.085859 0.085603 0.085385 0.085195 0.085025 0.084872 0.084734 0.084609 0.084495 0.084391 0.084296 0.084209 0.084129 0.084056 0.083988 0.083926 0.083869 0.083816 0.083767 0.083722 0.083681 0.083643 0.083608 0.083576 0.083547 0.083521 0.083497 0.083476 0.083458 0.083443 0.083430 0.083421 0.083414 0.083410 0.083410 0.083413 0.083420 0.083432 0.083448 0.083470 0.083499 0.083536 0.083582 0.083641 0.083716
0.086614 0.084754 0.083653 0.083120 0.082862 0.082721 0.082627 0.082554 0.082488 0.082426 0.082367 0.082309 0.082254 0.082200 0.082148 0.082099 0.082051 0.082005 0.081961 0.081919 0.081879 0.081840 0.081804 0.081769 0.081735 0.081703 0.081672 0.081643 0.081616 0.081589 0.081565 0.081541 0.081519 0.081499 0.081480 0.081462 0.081446 0.081432 0.081420 0.081409 0.081401 0.081395 0.081391 0.081391 0.081393 0.081400 0.081410 0.081426 0.081449 0.081479
0.073228 0.076675 0.078280 0.079031 0.079416 0.079638 0.079782 0.079883 0.079956 0.080010 0.080049 0.080077 0.080096 0.080108 0.080114 0.080115 0.080112 0.080105 0.080096 0.080084 0.080071 0.080056 0.080040 0.080022 0.080004 0.079985 0.079966 0.079946 0.079926 0.079906 0.079885 0.079865 0.079845 0.079825 0.079805 0.079786 0.079767 0.079749 0.079731 0.079714 0.079698 0.079683 0.079669 0.079657 0.079646 0.079637 0.079631 0.079627 0.079626 0.079629
0.072047 0.074611 0.075824 0.076514 0.076963 0.077283 0.077526 0.077720 0.077877 0.078008 0.078117 0.078207 0.078283 0.078346 0.078397 0.078439 0.078473 0.078499 0.078520 0.078535 0.078545 0.078551 0.078553 0.078552 0.078548 0.078541 0.078533 0.078522 0.078510 0.078496 0.078481 0.078465 0.078447 0.078429 0.078409 0.078390 0.078369 0.078348 0.078327 0.078305 0.078284 0.078262 0.078241 0.078220 0.078199 0.078179 0.078160 0.078142 0.078125 0.078110
0.080709 0.076930 0.075802 0.075590 0.075682 0.075864 0.076060 0.076247 0.076416 0.076566 0.076699 0.076814 0.076915 0.077001 0.077076 0.077139 0.077193 0.077239 0.077276 0.077307 0.077332 0.077351 0.077365 0.077374 0.077380 0.077382 0.077380 0.077376 0.077368 0.077359 0.077346 0.077332 0.077316 0.077298 0.077278 0.077257 0.077235 0.077211 0.077186 0.077160 0.077134 0.077106 0.077078 0.077049 0.077020 0.076991 0.076962 0.076933 0.076904 0.076875
0.074016 0.074485 0.074709 0.074854 0.074992 0.075138 0.075289 0.075436 0.075576 0.075705 0.075823 0.075928 0.076021 0.076104 0.076176 0.076239 0.076294 0.076341 0.076380 0.076414 0.076441 0.076463 0.076479 0.076491 0.076499 0.076503 0.076503 0.076499 0.076492 0.076482 0.076469 0.076454 0.076436 0.076416 0.076393 0.076369 0.076343 0.076314 0.076285 0.076253 0.076221 0.076187 0.076152 0.076115 0.076078 0.076040 0.076002 0.075963 0.075923 0.075883
0.068898 0.072884 0.074148 0.074603 0.074817 0.074957 0.075072 0.075174 0.075266 0.075351 0.075428 0.075498 0.075561 0.075618 0.075668 0.075713 0.075752 0.075785 0.075814 0.075838 0.075856 0.075871 0.075881 0.075887 0.075889 0.075887 0.075882 0.075873 0.075861 0.075846 0.075828 0.075807 0.075784 0.075758 0.075729 0.075698 0.075666 0.075631 0.075594 0.075555 0.075515 0.075473 0.075429 0.075384 0.075338 0.075291 0.075243 0.075194 0.075144 0.075093
0.080709 0.076602 0.075461 0.075209 0.075199 0.075242 0.075286 0.075323 0.075353 0.075380 0.075404 0.075426 0.075446 0.075465 0.075483 0.075499 0.075512 0.075523 0.075531 0.075537 0.075539 0.075538 0.075534 0.075527 0.075517 0.075504 0.075487 0.075468 0.075446 0.075420 0.075392 0.075361 0.075328 0.075292 0.075254 0.075214 0.075171 0.075126 0.075080 0.075031 0.074981 0.074929 0.074875 0.074820 0.074764 0.074706 0.074648 0.074588 0.074527 0.074465
0.075197 0.075397 0.075652 0.075781 0.075816 0.075801 0.075764 0.075722 0.075681 0.075644 0.075613 0.075588 0.075566 0.075547 0.075531 0.075516 0.075501 0.075486 0.075470 0.075453 0.075435 0.075414 0.075391 0.075366 0.075339 0.075309 0.075276 0.075241 0.075204 0.075164 0.075122 0.075077 0.075030 0.074981 0.074929 0.074876 0.074821 0.074763 0.074704 0.074644 0.074581 0.074517 0.074452 0.074385 0.074317 0.074248 0.074178 0.074107 0.074035 0.073962
0.069685 0.075093 0.076486 0.076703 0.076608 0.076454 0.076308 0.076185 0.076084 0.076000 0.075930 0.075870 0.075817 0.075770 0.075727 0.075686 0.075646 0.075606 0.075566 0.075526 0.075484 0.075441 0.075397 0.075351 0.075302 0.075252 0.075200 0.075146 0.075090 0.075031 0.074971 0.074909 0.074845 0.074779 0.074712 0.074643 0.074572 0.074500 0.074427 0.074352 0.074276 0.074198 0.074120 0.074040 0.073959 0.073878 0.073795 0.073712 0.073628 0.073543
0.087795 0.081444 0.078891 0.077774 0.077218 0.076900 0.076695 0.076550 0.076437 0.076346 0.076267 0.076196 0.076130 0.076066 0.076005 0.075944 0.075882 0.075821 0.075758 0.075694 0.075628 0.075562 0.075493 0.075423 0.075352 0.075279 0.075204 0.075128 0.075050 0.074971 0.074891 0.074809 0.074726 0.074641 0.074556 0.074469 0.074382 0.074293 0.074204 0.074114 0.074022 0.073931 0.073838 0.073745 0.073651 0.073557 0.073462 0.073367 0.073271 0.073175
0.081890 0.078459 0.077502 0.077166 0.077011 0.076918 0.076848 0.076787 0.076728 0.076668 0.076605 0.076539 0.076470 0.076397 0.076321 0.076242 0.076160 0.076075 0.075989 0.075900 0.075809 0.075716 0.075622 0.075526 0.075430 0.075332 0.075233 0.075133 0.075032 0.074931 0.074828 0.074726 0.074622 0.074518 0.074414 0.074309 0.074204 0.074099 0.073994 0.073888 0.073782 0.073676 0.073569 0.073463 0.073356 0.073250 0.073143 0.073036 0.072930 0.072823
0.060630 0.071643 0.075034 0.076229 0.076716 0.076936 0.077036 0.077070 0.077065 0.077031 0.076978 0.076909 0.076828 0.076738 0.076641 0.076538 0.076430 0.076318 0.076203 0.076085 0.075966 0.075845 0.075723 0.075600 0.075477 0.075353 0.075229 0.075105 0.074981 0.074857 0.074733 0.074610 0.074487 0.074364 0.074242 0.074120 0.073998 0.073877 0.073757 0.073637 0.073517 0.073398 0.073279 0.073161 0.073043 0.072925 0.072809 0.072692 0.072576 0.072460
0.087008 0.078980 0.077404 0.077272 0.077397 0.077513 0.077572 0.077580 0.077547 0.077483 0.077397 0.077293 0.077176 0.077050 0.076916 0.076777 0.076633 0.076486 0.076338 0.076188 0.076037 0.075886 0.075735 0.075585 0.075435 0.075286 0.075138 0.074991 0.074845 0.074701 0.074558 0.074416 0.074276 0.074137 0.073999 0.073862 0.073727 0.073593 0.073460 0.073328 0.073197 0.073068 0.072939 0.072812 0.072685 0.072559 0.072435 0.072311 0.072187 0.072065
0.075197 0.078309 0.078733 0.078706 0.078614 0.078508 0.078389 0.078256 0.078110 0.077953 0.077786 0.077613 0.077433 0.077251 0.077066 0.076879 0.076693 0.076506 0.076321 0.076137 0.075955 0.075775 0.075597 0.075421 0.075248 0.075078 0.074910 0.074745 0.074582 0.074421 0.074263 0.074108 0.073954 0.073803 0.073654 0.073507 0.073363 0.073220 0.073078 0.072939 0.072801 0.072665 0.072531 0.072397 0.072266 0.072135 0.072006 0.071878 0.071751 0.071625
0.079921 0.080410 0.080423 0.080143 0.079785 0.079433 0.079105 0.078800 0.078513 0.078238 0.077973 0.077715 0.077464 0.077219 0.076979 0.076746 0.076517 0.076294 0.076076 0.075864 0.075656 0.075453 0.075255 0.075062 0.074873 0.074688 0.074507 0.074331 0.074158 0.073989 0.073823 0.073660 0.073500 0.073344 0.073190 0.073039 0.072890 0.072744 0.072600 0.072459 0.072319 0.072181 0.072045 0.071911 0.071778 0.071647 0.071517 0.071389 0.071262 0.071136
0.086220 0.083360 0.081871 0.080949 0.080280 0.079737 0.079266 0.078841 0.078450 0.078086 0.077745 0.077422 0.077115 0.076824 0.076545 0.076279 0.076023 0.075777 0.075541 0.075313 0.075093 0.074880 0.074675 0.074475 0.074282 0.074094 0.073912 0.073734 0.073561 0.073392 0.073228 0.073067 0.072909 0.072755 0.072604 0.072456 0.072310 0.072167 0.072027 0.071889 0.071753 0.071619 0.071486 0.071356 0.071227 0.071099 0.070973 0.070849 0.070725 0.070603
0.082677 0.081676 0.080772 0.080106 0.079550 0.079043 0.078567 0.078120 0.077701 0.077309 0.076943 0.076599 0.076277 0.075974 0.075688 0.075418 0.075162 0.074918 0.074685 0.074463 0.074251 0.074047 0.073850 0.073661 0.073478 0.073301 0.073130 0.072964 0.072802 0.072645 0.072492 0.072342 0.072196 0.072052 0.071912 0.071774 0.071639 0.071506 0.071376 0.071247 0.071120 0.070995 0.070871 0.070749 0.070628 0.070509 0.070391 0.070274 0.070158 0.070042
0.077953 0.077647 0.078061 0.078055 0.077779 0.077396 0.076989 0.076589 0.076211 0.075856 0.075525 0.075217 0.074930 0.074661 0.074409 0.074172 0.073948 0.073736 0.073535 0.073344 0.073161 0.072986 0.072818 0.072656 0.072500 0.072348 0.072202 0.072059 0.071920 0.071785 0.071653 0.071523 0.071396 0.071272 0.071149 0.071029 0.070910 0.070793 0.070678 0.070564 0.070451 0.070339 0.070228 0.070119 0.070010 0.069902 0.069794 0.069688 0.069582 0.069476
0.067717 0.075245 0.076130 0.075844 0.075420 0.075027 0.074680 0.074369 0.074089 0.073832 0.073595 0.073376 0.073172 0.072981 0.072802 0.072634 0.072474 0.072323 0.072179 0.072041 0.071908 0.071780 0.071657 0.071537 0.071420 0.071307 0.071195 0.071087 0.070980 0.070874 0.070771 0.070668 0.070567 0.070467 0.070368 0.070269 0.070172 0.070074 0.069978 0.069882 0.069786 0.069690 0.069595 0.069500 0.069406 0.069311 0.069217 0.069123 0.069028 0.068934
0.097244 0.079215 0.074388 0.072892 0.072318 0.072031 0.071848 0.071709 0.071591 0.071487 0.071390 0.071300 0.071215 0.071133 0.071055 0.070979 0.070905 0.070832 0.070761 0.070691 0.070621 0.070552 0.070483 0.070413 0.070344 0.070275 0.070205 0.070135 0.070064 0.069993 0.069922 0.069850 0.069777 0.069703 0.069629 0.069555 0.069480 0.069404 0.069327 0.069250 0.069173 0.069094 0.069016 0.068936 0.068856 0.068776 0.068695 0.068613 0.068531 0.068448
0.045276 0.062504 0.066867 0.068122 0.068573 0.068791 0.068929 0.069034 0.069119 0.069191 0.069253 0.069305 0.069348 0.069384 0.069413 0.069435 0.069450 0.069460 0.069464 0.069463 0.069457 0.069447 0.069432 0.069414 0.069391 0.069365 0.069336 0.069303 0.069268 0.069230 0.069189 0.069145 0.069099 0.069051 0.069001 0.068948 0.068894 0.068838 0.068780 0.068721 0.068660 0.068597 0.068533 0.068468 0.068401 0.068333 0.068264 0.068194 0.068122 0.068050
0.072835 0.065530 0.064908 0.065356 0.065853 0.066265 0.066605 0.066894 0.067144 0.067364 0.067558 0.067731 0.067883 0.068017 0.068135 0.068238 0.068328 0.068405 0.068472 0.068527 0.068574 0.068611 0.068640 0.068662 0.068677 0.068686 0.068689 0.068686 0.068678 0.068666 0.068649 0.068628 0.068603 0.068574 0.068542 0.068507 0.068469 0.068428 0.068384 0.068338 0.068290 0.068239 0.068186 0.068132 0.068075 0.068017 0.067956 0.067895 0.067832 0.067767
0.061417 0.063477 0.063888 0.064198 0.064570 0.064969 0.065359 0.065723 0.066055 0.066354 0.066623 0.066863 0.067077 0.067267 0.067436 0.067585 0.067717 0.067832 0.067933 0.068021 0.068096 0.068161 0.068215 0.068259 0.068295 0.068323 0.068344 0.068357 0.068365 0.068366 0.068363 0.068354 0.068340 0.068322 0.068300 0.068275 0.068245 0.068212 0.068177 0.068138 0.068096 0.068052 0.068005 0.067956 0.067905 0.067852 0.067796 0.067739 0.067681 0.067620
