0.016448 0.035394 0.053519 0.070629 0.086754 0.102001 0.116496 0.130359 0.143700 0.156616 0.169188 0.181492 0.193592 0.205545 0.217402 0.229209 0.241007 0.252831 0.264714 0.276684 0.288767 0.300985 0.313358 0.325904 0.338636 0.351567 0.364709 0.378069 0.391656 0.405473 0.419526 0.433816 0.448345 0.463113 0.478118 0.493360 0.508835 0.524538 0.540466 0.556614 0.572975 0.589543 0.606312 0.623274 0.640422 0.657748 0.675245 0.692904 0.710719 0.728680
0.016012 0.036140 0.054445 0.071437 0.087386 0.102478 0.116853 0.130627 0.143897 0.156749 0.169260 0.181501 0.193533 0.205412 0.217190 0.228911 0.240617 0.252344 0.264124 0.275987 0.287958 0.300060 0.312313 0.324734 0.337338 0.350138 0.363145 0.376367 0.389812 0.403485 0.417390 0.431530 0.445907 0.460520 0.475368 0.490450 0.505763 0.521303 0.537066 0.553047 0.569240 0.585640 0.602238 0.619030 0.636007 0.653162 0.670488 0.687976 0.705620 0.723412
0.017059 0.037038 0.055291 0.072174 0.088019 0.103028 0.117333 0.131037 0.144230 0.156995 0.169405 0.181529 0.193430 0.205164 0.216783 0.228334 0.239857 0.251391 0.262969 0.274620 0.286371 0.298244 0.310261 0.322439 0.334792 0.347335 0.360077 0.373029 0.386198 0.399589 0.413206 0.427053 0.441131 0.455440 0.469980 0.484750 0.499746 0.514966 0.530405 0.546059 0.561923 0.577991 0.594256 0.610713 0.627354 0.644173 0.661162 0.678315 0.695623 0.713081
0.016281 0.036785 0.055138 0.072240 0.088310 0.103476 0.117857 0.131565 0.144705 0.157368 0.169640 0.181595 0.193301 0.204818 0.216201 0.227498 0.238752 0.250003 0.261284 0.272626 0.284056 0.295598 0.307272 0.319097 0.331088 0.343258 0.355619 0.368180 0.380949 0.393932 0.407133 0.420555 0.434201 0.448071 0.462164 0.476481 0.491018 0.505773 0.520742 0.535922 0.551307 0.566892 0.582672 0.598642 0.614794 0.631123 0.647621 0.664284 0.681104 0.698074
0.016720 0.035848 0.054720 0.072403 0.088856 0.104226 0.118677 0.132359 0.145398 0.157905 0.169976 0.181695 0.193136 0.204363 0.215434 0.226400 0.237306 0.248192 0.259093 0.270041 0.281063 0.292184 0.303424 0.314803 0.326334 0.338034 0.349912 0.361978 0.374241 0.386706 0.399379 0.412263 0.425360 0.438672 0.452198 0.465938 0.479891 0.494054 0.508424 0.522999 0.537773 0.552742 0.567903 0.583249 0.598775 0.614476 0.630346 0.646380 0.662571 0.678915
0.015912 0.037049 0.056334 0.074029 0.090402 0.105656 0.119960 0.133460 0.146281 0.158538 0.170329 0.181740 0.192848 0.203720 0.214416 0.224988 0.235482 0.245940 0.256397 0.266884 0.277430 0.288059 0.298793 0.309650 0.320646 0.331794 0.343107 0.354595 0.366265 0.378124 0.390177 0.402429 0.414881 0.427536 0.440394 0.453456 0.466719 0.480184 0.493847 0.507705 0.521757 0.535997 0.550423 0.565029 0.579812 0.594767 0.609890 0.625175 0.640619 0.656216
0.019365 0.040335 0.058989 0.076241 0.092295 0.107278 0.121317 0.134542 0.147073 0.159018 0.170476 0.181534 0.192268 0.202746 0.213028 0.223168 0.233211 0.243198 0.253167 0.263149 0.273172 0.283261 0.293437 0.303718 0.314122 0.324662 0.335349 0.346195 0.357206 0.368391 0.379755 0.391302 0.403035 0.414956 0.427067 0.439369 0.451861 0.464542 0.477411 0.490466 0.503705 0.517125 0.530724 0.544497 0.558442 0.572555 0.586833 0.601272 0.615868 0.630618
0.017425 0.039387 0.059224 0.077057 0.093283 0.108220 0.122100 0.135100 0.147363 0.159008 0.170138 0.180841 0.191197 0.201275 0.211134 0.220828 0.230405 0.239905 0.249366 0.258819 0.268293 0.277813 0.287399 0.297072 0.306848 0.316740 0.326761 0.336921 0.347229 0.357692 0.368317 0.379107 0.390067 0.401200 0.412507 0.423990 0.435649 0.447485 0.459496 0.471682 0.484041 0.496573 0.509274 0.522143 0.535177 0.548375 0.561733 0.575250 0.588922 0.602748
0.016507 0.039058 0.059128 0.077081 0.093346 0.108245 0.122017 0.134850 0.146896 0.158283 0.169118 0.179495 0.189493 0.199185 0.208632 0.217888 0.227000 0.236013 0.244961 0.253878 0.262793 0.271731 0.280714 0.289761 0.298888 0.308111 0.317441 0.326890 0.336467 0.346179 0.356033 0.366035 0.376188 0.386496 0.396961 0.407586 0.418373 0.429321 0.440431 0.451704 0.463139 0.474735 0.486491 0.498407 0.510481 0.522712 0.535098 0.547639 0.560334 0.573180
0.019676 0.040747 0.059545 0.076882 0.092855 0.107576 0.121190 0.133849 0.145690 0.156838 0.167399 0.177469 0.187129 0.196450 0.205497 0.214324 0.222980 0.231509 0.239948 0.248330 0.256684 0.265037 0.273410 0.281824 0.290295 0.298839 0.307467 0.316193 0.325025 0.333971 0.343038 0.352233 0.361561 0.371025 0.380629 0.390376 0.400267 0.410305 0.420491 0.430826 0.441311 0.451945 0.462729 0.473663 0.484748 0.495982 0.507367 0.518901 0.530584 0.542417
0.020143 0.039824 0.058822 0.076161 0.091986 0.106510 0.119914 0.132349 0.143951 0.154837 0.165110 0.174864 0.184180 0.193129 0.201774 0.210173 0.218373 0.226418 0.234347 0.242194 0.249988 0.257755 0.265518 0.273297 0.281110 0.288972 0.296896 0.304895 0.312978 0.321154 0.329431 0.337815 0.346313 0.354928 0.363664 0.372526 0.381517 0.390639 0.399893 0.409283 0.418809 0.428473 0.438277 0.448221 0.458306 0.468534 0.478905 0.489420 0.500080 0.510887
0.017966 0.039931 0.058718 0.075677 0.091160 0.105370 0.118473 0.130610 0.141908 0.152477 0.162418 0.171820 0.180763 0.189315 0.197541 0.205496 0.213228 0.220782 0.228195 0.235502 0.242732 0.249911 0.257063 0.264208 0.271364 0.278547 0.285770 0.293045 0.300384 0.307794 0.315286 0.322864 0.330537 0.338309 0.346184 0.354169 0.362265 0.370477 0.378808 0.387260 0.395835 0.404537 0.413368 0.422329 0.431422 0.440650 0.450014 0.459516 0.469159 0.478943
0.020536 0.040458 0.058689 0.075256 0.090372 0.104226 0.116974 0.128752 0.139684 0.149878 0.159432 0.168433 0.176960 0.185081 0.192857 0.200344 0.207590 0.214637 0.221523 0.228281 0.234942 0.241532 0.248073 0.254586 0.261088 0.267596 0.274124 0.280685 0.287288 0.293944 0.300661 0.307447 0.314309 0.321253 0.328284 0.335408 0.342628 0.349949 0.357375 0.364909 0.372555 0.380316 0.388194 0.396193 0.404316 0.412565 0.420944 0.429455 0.438101 0.446885
0.021307 0.040578 0.058440 0.074704 0.089502 0.103004 0.115372 0.126751 0.137268 0.147037 0.156156 0.164713 0.172785 0.180441 0.187740 0.194736 0.201475 0.208001 0.214349 0.220552 0.226640 0.232639 0.238570 0.244454 0.250310 0.256153 0.261996 0.267854 0.273737 0.279655 0.285616 0.291630 0.297703 0.303842 0.310053 0.316341 0.322712 0.329171 0.335721 0.342368 0.349115 0.355966 0.362925 0.369995 0.377182 0.384487 0.391914 0.399468 0.407152 0.414970
0.019445 0.040202 0.058070 0.074072 0.088520 0.101623 0.113563 0.124497 0.134559 0.143866 0.152518 0.160603 0.168197 0.175367 0.182171 0.188662 0.194885 0.200881 0.206686 0.212332 0.217848 0.223258 0.228586 0.233850 0.239070 0.244260 0.249435 0.254608 0.259790 0.264991 0.270222 0.275489 0.280801 0.286164 0.291587 0.297073 0.302630 0.308262 0.313974 0.319772 0.325660 0.331643 0.337724 0.343909 0.350202 0.356607 0.363128 0.369770 0.376536 0.383432
0.022360 0.040606 0.057875 0.073405 0.087357 0.099957 0.111398 0.121842 0.131422 0.140251 0.148426 0.156033 0.163144 0.169824 0.176132 0.182117 0.187823 0.193292 0.198558 0.203652 0.208603 0.213435 0.218171 0.222829 0.227429 0.231986 0.236513 0.241024 0.245531 0.250044 0.254572 0.259124 0.263709 0.268333 0.273004 0.277728 0.282511 0.287359 0.292278 0.297273 0.302349 0.307511 0.312764 0.318114 0.323564 0.329121 0.334788 0.340570 0.346472 0.352499
0.020574 0.040877 0.057640 0.072458 0.085766 0.097794 0.108713 0.118666 0.127771 0.136134 0.143844 0.150983 0.157622 0.163823 0.169643 0.175131 0.180332 0.185284 0.190022 0.194577 0.198978 0.203248 0.207409 0.211482 0.215484 0.219431 0.223337 0.227215 0.231077 0.234933 0.238794 0.242669 0.246565 0.250490 0.254452 0.258458 0.262514 0.266626 0.270800 0.275043 0.279359 0.283754 0.288234 0.292804 0.297468 0.302233 0.307104 0.312085 0.317182 0.322400
0.024225 0.040859 0.056566 0.070725 0.083485 0.095023 0.105483 0.114991 0.123656 0.131577 0.138842 0.145530 0.151710 0.157446 0.162791 0.167796 0.172504 0.176955 0.181182 0.185217 0.189086 0.192816 0.196427 0.199939 0.203370 0.206736 0.210052 0.213330 0.216582 0.219819 0.223052 0.226289 0.229539 0.232811 0.236111 0.239447 0.242825 0.246253 0.249736 0.253280 0.256892 0.260577 0.264342 0.268190 0.272129 0.276164 0.280300 0.284542 0.288896 0.293367
0.022287 0.039733 0.054838 0.068469 0.080792 0.091918 0.101965 0.111052 0.119288 0.126774 0.133598 0.139839 0.145567 0.150844 0.155725 0.160260 0.164490 0.168456 0.172191 0.175726 0.179089 0.182302 0.185390 0.188370 0.191262 0.194080 0.196840 0.199555 0.202236 0.204895 0.207541 0.210185 0.212836 0.215500 0.218187 0.220904 0.223657 0.226454 0.229300 0.232204 0.235169 0.238203 0.241312 0.244501 0.247776 0.251143 0.254607 0.258175 0.261851 0.265641
0.023417 0.038595 0.053167 0.066416 0.078313 0.088980 0.098556 0.107171 0.114939 0.121962 0.128327 0.134111 0.139384 0.144206 0.148631 0.152707 0.156476 0.159975 0.163239 0.166298 0.169179 0.171905 0.174499 0.176980 0.179365 0.181672 0.183913 0.186103 0.188254 0.190377 0.192482 0.194579 0.196676 0.198783 0.200908 0.203057 0.205239 0.207460 0.209726 0.212045 0.214423 0.216866 0.219380 0.221971 0.224645 0.227407 0.230264 0.233221 0.236284 0.239459
0.021509 0.038077 0.052508 0.065173 0.076417 0.086458 0.095452 0.103524 0.110779 0.117311 0.123202 0.128525 0.133346 0.137721 0.141701 0.145334 0.148660 0.151715 0.154533 0.157142 0.159570 0.161839 0.163971 0.165987 0.167902 0.169734 0.171496 0.173202 0.174865 0.176496 0.178104 0.179701 0.181294 0.182893 0.184506 0.186141 0.187805 0.189504 0.191247 0.193040 0.194888 0.196799 0.198779 0.200833 0.202967 0.205188 0.207502 0.209913 0.212427 0.215051
0.023582 0.039264 0.052434 0.064170 0.074685 0.084100 0.092529 0.100075 0.106835 0.112896 0.118332 0.123214 0.127603 0.131553 0.135114 0.138329 0.141238 0.143876 0.146276 0.148466 0.150472 0.152318 0.154023 0.155609 0.157091 0.158487 0.159811 0.161075 0.162293 0.163475 0.164633 0.165777 0.166915 0.168056 0.169209 0.170381 0.171580 0.172814 0.174088 0.175411 0.176788 0.178225 0.179730 0.181308 0.182964 0.184706 0.186538 0.188466 0.190495 0.192633
0.023171 0.037582 0.050813 0.062413 0.072616 0.081641 0.089652 0.096778 0.103122 0.108773 0.113808 0.118294 0.122291 0.125854 0.129029 0.131860 0.134386 0.136641 0.138656 0.140461 0.142080 0.143537 0.144853 0.146046 0.147135 0.148135 0.149061 0.149926 0.150742 0.151522 0.152276 0.153013 0.153744 0.154477 0.155221 0.155983 0.156771 0.157592 0.158454 0.159362 0.160324 0.161347 0.162435 0.163595 0.164834 0.166156 0.167568 0.169074 0.170681 0.172395
0.023530 0.037420 0.049807 0.060857 0.070649 0.079310 0.086973 0.093753 0.099752 0.105058 0.109748 0.113889 0.117541 0.120758 0.123588 0.126074 0.128253 0.130161 0.131829 0.133285 0.134554 0.135661 0.136625 0.137466 0.138202 0.138847 0.139418 0.139928 0.140388 0.140811 0.141208 0.141588 0.141961 0.142336 0.142721 0.143125 0.143554 0.144017 0.144520 0.145070 0.145674 0.146337 0.147067 0.147868 0.148747 0.149709 0.150760 0.151906 0.153151 0.154501
0.023126 0.037287 0.049274 0.059806 0.069144 0.077422 0.084745 0.091208 0.096900 0.101902 0.106288 0.110125 0.113472 0.116383 0.118906 0.121083 0.122954 0.124553 0.125911 0.127058 0.128017 0.128814 0.129467 0.129998 0.130423 0.130759 0.131020 0.131219 0.131370 0.131484 0.131571 0.131643 0.131708 0.131776 0.131855 0.131952 0.132076 0.132234 0.132433 0.132680 0.132980 0.133341 0.133768 0.134267 0.134844 0.135505 0.136254 0.137097 0.138039 0.139086
0.026590 0.038054 0.049113 0.059157 0.068129 0.076084 0.083105 0.089279 0.094688 0.099412 0.103522 0.107085 0.110159 0.112798 0.115050 0.116957 0.118558 0.119888 0.120978 0.121857 0.122549 0.123079 0.123467 0.123733 0.123893 0.123965 0.123963 0.123901 0.123791 0.123645 0.123474 0.123289 0.123097 0.122910 0.122735 0.122579 0.122452 0.122359 0.122309 0.122306 0.122359 0.122473 0.122654 0.122907 0.123239 0.123654 0.124159 0.124757 0.125454 0.126256
0.023905 0.037212 0.048641 0.058681 0.067510 0.075257 0.082040 0.087963 0.093119 0.097593 0.101457 0.104778 0.107615 0.110020 0.112040 0.113719 0.115094 0.116199 0.117067 0.117724 0.118197 0.118508 0.118679 0.118729 0.118675 0.118534 0.118320 0.118047 0.117728 0.117375 0.116998 0.116607 0.116213 0.115824 0.115448 0.115094 0.114769 0.114480 0.114235 0.114039 0.113899 0.113821 0.113811 0.113874 0.114017 0.114243 0.114559 0.114969 0.115478 0.116090
0.023029 0.036741 0.048478 0.058566 0.067290 0.074861 0.081439 0.087148 0.092093 0.096360 0.100023 0.103150 0.105797 0.108018 0.109858 0.111359 0.112560 0.113493 0.114190 0.114679 0.114985 0.115131 0.115139 0.115026 0.114812 0.114512 0.114140 0.113711 0.113238 0.112731 0.112203 0.111662 0.111119 0.110583 0.110062 0.109564 0.109096 0.108666 0.108280 0.107945 0.107668 0.107453 0.107307 0.107235 0.107243 0.107335 0.107518 0.107794 0.108170 0.108649
0.025399 0.038027 0.049179 0.058904 0.067365 0.074726 0.081125 0.086675 0.091474 0.095603 0.099135 0.102135 0.104660 0.106760 0.108483 0.109869 0.110955 0.111776 0.112362 0.112742 0.112939 0.112978 0.112880 0.112663 0.112345 0.111942 0.111470 0.110941 0.110369 0.109766 0.109141 0.108507 0.107871 0.107243 0.106631 0.106044 0.105488 0.104971 0.104500 0.104080 0.103719 0.103421 0.103193 0.103040 0.102967 0.102979 0.103081 0.103277 0.103573 0.103973
0.026124 0.038841 0.049674 0.059110 0.067385 0.074632 0.080956 0.086450 0.091200 0.095282 0.098769 0.101723 0.104201 0.106254 0.107928 0.109266 0.110304 0.111077 0.111615 0.111947 0.112097 0.112089 0.111943 0.111681 0.111318 0.110871 0.110355 0.109784 0.109171 0.108526 0.107863 0.107189 0.106516 0.105851 0.105204 0.104581 0.103992 0.103442 0.102938 0.102487 0.102094 0.101766 0.101508 0.101326 0.101224 0.101207 0.101281 0.101450 0.101717 0.102089
0.026979 0.038896 0.049482 0.058940 0.067296 0.074623 0.081014 0.086564 0.091361 0.095484 0.099005 0.101988 0.104491 0.106566 0.108260 0.109615 0.110669 0.111456 0.112008 0.112352 0.112515 0.112519 0.112386 0.112136 0.111785 0.111351 0.110849 0.110291 0.109692 0.109062 0.108414 0.107756 0.107099 0.106451 0.105821 0.105216 0.104645 0.104114 0.103629 0.103198 0.102825 0.102518 0.102280 0.102119 0.102038 0.102042 0.102137 0.102327 0.102617 0.103010
0.026259 0.038109 0.049248 0.059049 0.067613 0.075089 0.081604 0.087265 0.092165 0.096385 0.099998 0.103068 0.105655 0.107811 0.109582 0.111012 0.112139 0.112998 0.113620 0.114034 0.114265 0.114337 0.114272 0.114089 0.113806 0.113439 0.113004 0.112513 0.111981 0.111419 0.110838 0.110248 0.109658 0.109078 0.108516 0.107980 0.107477 0.107014 0.106597 0.106234 0.105930 0.105691 0.105523 0.105430 0.105417 0.105491 0.105654 0.105913 0.106272 0.106734
0.026788 0.039583 0.050494 0.060186 0.068774 0.076340 0.082974 0.088765 0.093799 0.098153 0.101899 0.105101 0.107818 0.110102 0.111999 0.113554 0.114805 0.115786 0.116529 0.117064 0.117415 0.117606 0.117660 0.117596 0.117430 0.117181 0.116864 0.116491 0.116076 0.115630 0.115166 0.114692 0.114218 0.113754 0.113308 0.112887 0.112499 0.112151 0.111849 0.111601 0.111411 0.111286 0.111231 0.111252 0.111354 0.111541 0.111818 0.112191 0.112663 0.113239
0.026278 0.039849 0.051506 0.061629 0.070499 0.078289 0.085124 0.091105 0.096322 0.100857 0.104781 0.108159 0.111050 0.113507 0.115576 0.117302 0.118723 0.119874 0.120786 0.121488 0.122006 0.122365 0.122585 0.122686 0.122686 0.122602 0.122448 0.122239 0.121987 0.121704 0.121402 0.121090 0.120777 0.120474 0.120188 0.119926 0.119697 0.119508 0.119365 0.119274 0.119242 0.119274 0.119376 0.119553 0.119811 0.120155 0.120589 0.121118 0.121746 0.122479
0.027220 0.040732 0.052791 0.063387 0.072672 0.080810 0.087948 0.094202 0.099675 0.104454 0.108613 0.112222 0.115340 0.118020 0.120311 0.122256 0.123894 0.125261 0.126388 0.127304 0.128036 0.128606 0.129037 0.129348 0.129557 0.129682 0.129736 0.129733 0.129688 0.129610 0.129512 0.129404 0.129295 0.129194 0.129109 0.129049 0.129020 0.129031 0.129087 0.129195 0.129361 0.129591 0.129891 0.130266 0.130721 0.131262 0.131893 0.132619 0.133445 0.134376
0.028440 0.042348 0.054683 0.065618 0.075281 0.083803 0.091310 0.097917 0.103724 0.108821 0.113288 0.117193 0.120599 0.123561 0.126128 0.128345 0.130251 0.131883 0.133272 0.134448 0.135436 0.136262 0.136947 0.137511 0.137971 0.138345 0.138647 0.138893 0.139093 0.139261 0.139408 0.139543 0.139677 0.139817 0.139974 0.140154 0.140365 0.140615 0.140910 0.141256 0.141660 0.142128 0.142665 0.143277 0.143969 0.144747 0.145615 0.146579 0.147644 0.148813
0.029244 0.043586 0.056437 0.067880 0.078041 0.087048 0.095020 0.102070 0.108299 0.113798 0.118648 0.122922 0.126683 0.129989 0.132891 0.135434 0.137660 0.139605 0.141302 0.142782 0.144072 0.145195 0.146175 0.147031 0.147782 0.148445 0.149035 0.149566 0.150051 0.150503 0.150932 0.151349 0.151764 0.152185 0.152621 0.153080 0.153570 0.154098 0.154670 0.155293 0.155974 0.156719 0.157532 0.158421 0.159391 0.160446 0.161592 0.162834 0.164177 0.165627
0.026797 0.043285 0.057416 0.069781 0.080689 0.090344 0.098905 0.106499 0.113237 0.119217 0.124524 0.129233 0.133411 0.137118 0.140408 0.143327 0.145919 0.148223 0.150272 0.152097 0.153728 0.155188 0.156501 0.157687 0.158766 0.159755 0.160669 0.161524 0.162331 0.163104 0.163853 0.164590 0.165323 0.166063 0.166817 0.167594 0.168401 0.169246 0.170136 0.171077 0.172075 0.173137 0.174269 0.175476 0.176764 0.178138 0.179604 0.181167 0.182832 0.184604
0.027039 0.043627 0.058501 0.071671 0.083340 0.093698 0.102909 0.111108 0.118414 0.124928 0.130741 0.135932 0.140571 0.144721 0.148437 0.151771 0.154766 0.157463 0.159898 0.162104 0.164109 0.165939 0.167620 0.169171 0.170613 0.171963 0.173237 0.174451 0.175617 0.176748 0.177856 0.178950 0.180042 0.181140 0.182253 0.183389 0.184555 0.185760 0.187009 0.188310 0.189670 0.191093 0.192587 0.194157 0.195809 0.197548 0.199380 0.201310 0.203343 0.205485
0.027094 0.044559 0.059991 0.073794 0.086134 0.097158 0.107010 0.115819 0.123702 0.130765 0.137099 0.142787 0.147903 0.152513 0.156676 0.160443 0.163863 0.166976 0.169821 0.172431 0.174838 0.177067 0.179144 0.181091 0.182928 0.184673 0.186343 0.187952 0.189514 0.191043 0.192548 0.194042 0.195534 0.197033 0.198548 0.200088 0.201659 0.203269 0.204926 0.206635 0.208404 0.210238 0.212144 0.214127 0.216193 0.218347 0.220596 0.222945 0.225398 0.227961
0.027288 0.045138 0.061372 0.075921 0.088948 0.100620 0.111084 0.120473 0.128906 0.136492 0.143327 0.149497 0.155078 0.160140 0.164745 0.168947 0.172795 0.176333 0.179601 0.182633 0.185460 0.188111 0.190610 0.192982 0.195245 0.197418 0.199519 0.201561 0.203560 0.205527 0.207474 0.209412 0.211351 0.213299 0.215266 0.217259 0.219286 0.221354 0.223471 0.225643 0.227875 0.230176 0.232549 0.235002 0.237539 0.240167 0.242891 0.245717 0.248649 0.251693
0.025973 0.045330 0.062500 0.077838 0.091562 0.103856 0.114886 0.124799 0.133724 0.141777 0.149061 0.155667 0.161677 0.167162 0.172188 0.176810 0.181079 0.185041 0.188736 0.192200 0.195463 0.198556 0.201502 0.204326 0.207047 0.209684 0.212254 0.214771 0.217249 0.219701 0.222137 0.224569 0.227006 0.229457 0.231930 0.234433 0.236974 0.239560 0.242197 0.244892 0.247651 0.250480 0.253386 0.256372 0.259447 0.262614 0.265879 0.269249 0.272727 0.276320
0.023573 0.044882 0.063246 0.079411 0.093774 0.106600 0.118095 0.128430 0.137751 0.146186 0.153844 0.160824 0.167210 0.173078 0.178493 0.183513 0.188192 0.192573 0.196698 0.200602 0.204317 0.207871 0.211290 0.214596 0.217810 0.220948 0.224028 0.227064 0.230069 0.233056 0.236035 0.239016 0.242008 0.245021 0.248062 0.251139 0.254258 0.257427 0.260652 0.263939 0.267294 0.270723 0.274232 0.277825 0.281510 0.285290 0.289172 0.293160 0.297260 0.301477
0.026043 0.045974 0.064328 0.080772 0.095447 0.108568 0.120339 0.130940 0.140529 0.149238 0.157183 0.164466 0.171173 0.177380 0.183154 0.188553 0.193629 0.198427 0.202986 0.207342 0.211525 0.215565 0.219484 0.223305 0.227047 0.230728 0.234363 0.237965 0.241549 0.245124 0.248702 0.252291 0.255901 0.259539 0.263214 0.266932 0.270700 0.274523 0.278409 0.282363 0.286390 0.290496 0.294687 0.298967 0.303342 0.307817 0.312397 0.317088 0.321894 0.326820
0.024893 0.046459 0.065074 0.081545 0.096223 0.109367 0.121194 0.131888 0.141607 0.150484 0.158634 0.166155 0.173135 0.179647 0.185756 0.191520 0.196987 0.202202 0.207204 0.212026 0.216698 0.221246 0.225695 0.230064 0.234373 0.238637 0.242871 0.247089 0.251301 0.255519 0.259753 0.264011 0.268301 0.272630 0.277006 0.281435 0.285923 0.290476 0.295099 0.299797 0.304577 0.309442 0.314398 0.319449 0.324601 0.329858 0.335225 0.340708 0.346310 0.352036
0.026126 0.046861 0.065148 0.081285 0.095668 0.108594 0.120289 0.130932 0.140670 0.149630 0.157919 0.165632 0.172848 0.179639 0.186067 0.192185 0.198041 0.203677 0.209130 0.214431 0.219608 0.224688 0.229691 0.234639 0.239546 0.244431 0.249304 0.254180 0.259069 0.263980 0.268923 0.273906 0.278935 0.284017 0.289159 0.294367 0.299645 0.305000 0.310435 0.315957 0.321568 0.327274 0.333080 0.338989 0.345006 0.351135 0.357381 0.363748 0.370241 0.376864
0.028525 0.047598 0.064522 0.079757 0.093538 0.106060 0.117496 0.127991 0.137674 0.146658 0.155039 0.162905 0.170328 0.177375 0.184104 0.190565 0.196803 0.202857 0.208761 0.214546 0.220238 0.225861 0.231435 0.236979 0.242509 0.248039 0.253582 0.259149 0.264750 0.270394 0.276090 0.281843 0.287661 0.293550 0.299515 0.305561 0.311693 0.317916 0.324234 0.330650 0.337169 0.343795 0.350531 0.357382 0.364350 0.371441 0.378657 0.386002 0.393482 0.401098
0.029240 0.046615 0.062387 0.076758 0.089900 0.101960 0.113071 0.123356 0.132927 0.141882 0.150309 0.158285 0.165879 0.173150 0.180151 0.186931 0.193530 0.199984 0.206326 0.212583 0.218782 0.224943 0.231087 0.237230 0.243388 0.249573 0.255798 0.262072 0.268405 0.274806 0.281281 0.287836 0.294478 0.301212 0.308043 0.314975 0.322012 0.329157 0.336415 0.343789 0.351282 0.358897 0.366638 0.374507 0.382507 0.390642 0.398915 0.407329 0.415887 0.424593
0.029792 0.044897 0.059410 0.072916 0.085390 0.096929 0.107645 0.117647 0.127033 0.135892 0.144300 0.152327 0.160035 0.167479 0.174706 0.181760 0.188679 0.195495 0.202240 0.208939 0.215615 0.222290 0.228981 0.235704 0.242473 0.249301 0.256199 0.263176 0.270240 0.277400 0.284662 0.292031 0.299513 0.307112 0.314833 0.322680 0.330655 0.338762 0.347003 0.355382 0.363901 0.372562 0.381367 0.390320 0.399422 0.408675 0.418083 0.427647 0.437370 0.447254
0.026036 0.042259 0.056370 0.069110 0.080842 0.091754 0.101971 0.111593 0.120704 0.129381 0.137691 0.145694 0.153446 0.160994 0.168381 0.175647 0.182825 0.189947 0.197039 0.204127 0.211232 0.218372 0.225566 0.232828 0.240171 0.247607 0.255146 0.262798 0.270570 0.278470 0.286503 0.294676 0.302992 0.311455 0.320070 0.328840 0.337766 0.346853 0.356102 0.365515 0.375093 0.384840 0.394755 0.404841 0.415100 0.425532 0.436139 0.446923 0.457885 0.469027
0.028815 0.042280 0.054540 0.066028 0.076825 0.087001 0.096632 0.105793 0.114551 0.122971 0.131108 0.139014 0.146735 0.154313 0.161788 0.169193 0.176560 0.183916 0.191287 0.198696 0.206162 0.213704 0.221339 0.229079 0.236938 0.244928 0.253058 0.261337 0.269773 0.278372 0.287141 0.296084 0.305206 0.314510 0.324001 0.333680 0.343551 0.353615 0.363874 0.374329 0.384982 0.395833 0.406885 0.418136 0.429588 0.441242 0.453098 0.465156 0.477417 0.489881
0.031810 0.042036 0.052941 0.063432 0.073390 0.082860 0.091907 0.100592 0.108972 0.117097 0.125015 0.132769 0.140401 0.147947 0.155442 0.162917 0.170400 0.177917 0.185493 0.193148 0.200901 0.208771 0.216773 0.224920 0.233225 0.241700 0.250355 0.259197 0.268235 0.277475 0.286925 0.296587 0.306468 0.316571 0.326899 0.337455 0.348241 0.359259 0.370510 0.381996 0.393716 0.405672 0.417864 0.430292 0.442955 0.455854 0.468988 0.482356 0.495959 0.509794
0.028296 0.040802 0.051357 0.061131 0.070410 0.079297 0.087850 0.096120 0.104153 0.111995 0.119686 0.127267 0.134775 0.142244 0.149707 0.157193 0.164730 0.172342 0.180052 0.187881 0.195848 0.203971 0.212264 0.220742 0.229418 0.238303 0.247407 0.256739 0.266308 0.276120 0.286183 0.296501 0.307079 0.317922 0.329032 0.340414 0.352069 0.363998 0.376204 0.388688 0.401449 0.414488 0.427806 0.441400 0.455272 0.469419 0.483840 0.498535 0.513501 0.528737
0.030156 0.040005 0.049621 0.058854 0.067709 0.076221 0.084434 0.092395 0.100153 0.107753 0.115237 0.122646 0.130017 0.137386 0.144784 0.152240 0.159783 0.167436 0.175222 0.183164 0.191279 0.199585 0.208100 0.216836 0.225808 0.235027 0.244506 0.254252 0.264276 0.274585 0.285187 0.296087 0.307292 0.318805 0.330632 0.342775 0.355238 0.368022 0.381130 0.394562 0.408319 0.422402 0.436810 0.451543 0.466598 0.481976 0.497673 0.513689 0.530020 0.546663
0.028093 0.037907 0.047508 0.056657 0.065359 0.073675 0.081672 0.089415 0.096960 0.104361 0.111665 0.118917 0.126154 0.133414 0.140730 0.148132 0.155648 0.163304 0.171124 0.179129 0.187339 0.195773 0.204447 0.213379 0.222580 0.232066 0.241847 0.251936 0.262341 0.273072 0.284138 0.295545 0.307301 0.319411 0.331880 0.344713 0.357913 0.371484 0.385427 0.399746 0.414440 0.429510 0.444957 0.460780 0.476977 0.493548 0.510489 0.527799 0.545474 0.563511
0.026640 0.036587 0.046092 0.055094 0.063627 0.071763 0.079575 0.087134 0.094501 0.101734 0.108882 0.115993 0.123106 0.130261 0.137491 0.144828 0.152301 0.159938 0.167762 0.175797 0.184064 0.192582 0.201370 0.210444 0.219820 0.229513 0.239536 0.249902 0.260621 0.271705 0.283164 0.295005 0.307237 0.319868 0.332904 0.346350 0.360212 0.374494 0.389200 0.404331 0.419891 0.435880 0.452300 0.469150 0.486430 0.504138 0.522272 0.540830 0.559808 0.579202
0.024086 0.035380 0.045120 0.054039 0.062413 0.070375 0.078018 0.085415 0.092630 0.099720 0.106737 0.113727 0.120733 0.127794 0.134944 0.142218 0.149644 0.157251 0.165065 0.173110 0.181408 0.189981 0.198847 0.208026 0.217534 0.227387 0.237600 0.248188 0.259163 0.270538 0.282324 0.294532 0.307171 0.320251 0.333779 0.347763 0.362209 0.377124 0.392513 0.408378 0.424725 0.441556 0.458872 0.476674 0.494962 0.513737 0.532996 0.552736 0.572956 0.593651
0.025193 0.035103 0.044469 0.053221 0.061458 0.069287 0.076799 0.084070 0.091166 0.098144 0.105057 0.111952 0.118872 0.125855 0.132940 0.140158 0.147541 0.155119 0.162917 0.170963 0.179279 0.187887 0.196809 0.206065 0.215672 0.225649 0.236012 0.246778 0.257960 0.269573 0.281631 0.294145 0.307127 0.320588 0.334538 0.348987 0.363942 0.379412 0.395404 0.411922 0.428973 0.446561 0.464689 0.483358 0.502572 0.522329 0.542630 0.563473 0.584856 0.606775
0.025375 0.034971 0.044032 0.052578 0.060667 0.068375 0.075781 0.082955 0.089962 0.096858 0.103695 0.110519 0.117374 0.124299 0.131332 0.138507 0.145856 0.153409 0.161194 0.169238 0.177564 0.186198 0.195161 0.204475 0.214159 0.224233 0.234715 0.245623 0.256972 0.268779 0.281060 0.293827 0.307096 0.320878 0.335186 0.350031 0.365424 0.381374 0.397890 0.414980 0.432651 0.450909 0.469760 0.489207 0.509254 0.529901 0.551152 0.573004 0.595457 0.618508
0.025945 0.035077 0.043806 0.052102 0.060010 0.067587 0.074894 0.081988 0.088926 0.095762 0.102543 0.109316 0.116125 0.123009 0.130005 0.137149 0.144472 0.152007 0.159782 0.167824 0.176160 0.184813 0.193809 0.203168 0.212913 0.223063 0.233640 0.244661 0.256146 0.268111 0.280574 0.293550 0.307055 0.321105 0.335712 0.350891 0.366654 0.383013 0.399978 0.417561 0.435769 0.454612 0.474096 0.494227 0.515011 0.536452 0.558551 0.581310 0.604731 0.628810
0.025099 0.034705 0.043390 0.051560 0.059355 0.066843 0.074079 0.081116 0.088005 0.094796 0.101537 0.108273 0.115048 0.121902 0.128871 0.135993 0.143299 0.150822 0.158590 0.166633 0.174977 0.183647 0.192669 0.202065 0.211858 0.222070 0.232722 0.243835 0.255428 0.267521 0.280131 0.293277 0.306977 0.321246 0.336101 0.351557 0.367629 0.384330 0.401675 0.419674 0.438340 0.457683 0.477712 0.498436 0.519861 0.541993 0.564838 0.588398 0.612675 0.637671
0.025664 0.034215 0.042678 0.050819 0.058610 0.066086 0.073301 0.080309 0.087166 0.093926 0.100636 0.107344 0.114094 0.120925 0.127875 0.134981 0.142275 0.149790 0.157555 0.165600 0.173952 0.182637 0.191680 0.201106 0.210938 0.221199 0.231912 0.243097 0.254777 0.266971 0.279699 0.292982 0.306837 0.321284 0.336340 0.352022 0.368348 0.385332 0.402990 0.421337 0.440385 0.460148 0.480637 0.501862 0.523834 0.546559 0.570045 0.594297 0.619320 0.645116
0.023449 0.032770 0.041625 0.049963 0.057845 0.065354 0.072568 0.079561 0.086395 0.093130 0.099816 0.106503 0.113232 0.120047 0.126983 0.134078 0.141365 0.148875 0.156640 0.164688 0.173047 0.181743 0.190804 0.200253 0.210115 0.220414 0.231174 0.242416 0.254162 0.266436 0.279257 0.292646 0.306625 0.321212 0.336428 0.352291 0.368819 0.386031 0.403944 0.422573 0.441934 0.462042 0.482911 0.504554 0.526981 0.550203 0.574230 0.599068 0.624725 0.651205
0.020892 0.031579 0.040843 0.049304 0.057211 0.064708 0.071900 0.078868 0.085680 0.092394 0.099063 0.105735 0.112453 0.119257 0.126185 0.133274 0.140556 0.148064 0.155829 0.163879 0.172244 0.180949 0.190022 0.199488 0.209373 0.219700 0.230493 0.241777 0.253574 0.265906 0.278796 0.292267 0.306339 0.321034 0.336373 0.352376 0.369063 0.386453 0.404566 0.423419 0.443030 0.463415 0.484590 0.506570 0.529368 0.552998 0.577469 0.602793 0.628977 0.656028
0.022755 0.031886 0.040671 0.048911 0.056696 0.064123 0.071275 0.078219 0.085017 0.091722 0.098385 0.105052 0.111765 0.118566 0.125491 0.132577 0.139857 0.147363 0.155127 0.163178 0.171545 0.180255 0.189335 0.198812 0.208710 0.219054 0.229870 0.241182 0.253012 0.265386 0.278325 0.291853 0.305992 0.320766 0.336195 0.352302 0.369107 0.386633 0.404898 0.423922 0.443725 0.464326 0.485740 0.507986 0.531078 0.555032 0.579860 0.605575 0.632186 0.659704
0.022529 0.031915 0.040401 0.048452 0.056152 0.063548 0.070692 0.077639 0.084443 0.091154 0.097821 0.104491 0.111205 0.118005 0.124929 0.132012 0.139289 0.146792 0.154553 0.162601 0.170966 0.179675 0.188755 0.198234 0.208137 0.218489 0.229316 0.240642 0.252491 0.264889 0.277858 0.291423 0.305606 0.320432 0.335923 0.352102 0.368991 0.386612 0.404988 0.424138 0.444083 0.464844 0.486439 0.508887 0.532204 0.556408 0.581514 0.607534 0.634483 0.662371
0.022866 0.031260 0.039750 0.047890 0.055655 0.063093 0.070265 0.077231 0.084047 0.090766 0.097438 0.104108 0.110821 0.117617 0.124535 0.131611 0.138880 0.146375 0.154127 0.162167 0.170523 0.179224 0.188298 0.197771 0.207669 0.218019 0.228846 0.240174 0.252029 0.264436 0.277418 0.291001 0.305208 0.320064 0.335591 0.351815 0.368757 0.386441 0.404890 0.424126 0.444170 0.465045 0.486769 0.509363 0.532846 0.557236 0.582549 0.608802 0.636008 0.664181
0.021055 0.030815 0.039589 0.047779 0.055548 0.062983 0.070150 0.077110 0.083918 0.090628 0.097289 0.103948 0.110648 0.117431 0.124334 0.131396 0.138650 0.146129 0.153866 0.161890 0.170231 0.178918 0.187977 0.197436 0.207321 0.217659 0.228475 0.239795 0.251644 0.264046 0.277028 0.290613 0.304826 0.319692 0.335235 0.351480 0.368450 0.386169 0.404661 0.423950 0.444057 0.465005 0.486815 0.509509 0.533107 0.557628 0.583090 0.609511 0.636907 0.665291
0.023786 0.032015 0.040207 0.048177 0.055848 0.063226 0.070351 0.077276 0.084054 0.090737 0.097372 0.104006 0.110683 0.117443 0.124325 0.131364 0.138597 0.146054 0.153769 0.161772 0.170092 0.178757 0.187795 0.197233 0.207098 0.217417 0.228214 0.239516 0.251348 0.263736 0.276704 0.290278 0.304483 0.319344 0.334886 0.351134 0.368111 0.385843 0.404354 0.423668 0.443809 0.464799 0.486661 0.509417 0.533089 0.557697 0.583260 0.609797 0.637326 0.665862
0.021346 0.031171 0.040133 0.048405 0.056178 0.063578 0.070695 0.077599 0.084353 0.091009 0.097618 0.104227 0.110879 0.117614 0.124471 0.131486 0.138694 0.146127 0.153817 0.161795 0.170090 0.178729 0.187742 0.197155 0.206995 0.217288 0.228061 0.239338 0.251147 0.263512 0.276458 0.290012 0.304199 0.319043 0.334571 0.350807 0.367776 0.385505 0.404016 0.423336 0.443488 0.464495 0.486383 0.509172 0.532887 0.557547 0.583174 0.609788 0.637407 0.666048
0.020854 0.031074 0.040167 0.048549 0.056404 0.063858 0.071006 0.077925 0.084681 0.091333 0.097933 0.104528 0.111164 0.117881 0.124718 0.131712 0.138898 0.146308 0.153974 0.161927 0.170196 0.178809 0.187795 0.197181 0.206993 0.217258 0.228003 0.239252 0.251033 0.263370 0.276290 0.289817 0.303979 0.318799 0.334305 0.350521 0.367473 0.385186 0.403686 0.422997 0.443145 0.464155 0.486049 0.508852 0.532587 0.557276 0.582941 0.609603 0.637280 0.665992
0.022029 0.031357 0.040238 0.048605 0.056508 0.064021 0.071221 0.078180 0.084964 0.091633 0.098242 0.104839 0.111472 0.118182 0.125008 0.131988 0.139158 0.146549 0.154195 0.162126 0.170371 0.178960 0.187920 0.197279 0.207064 0.217301 0.228017 0.239238 0.250990 0.263298 0.276189 0.289689 0.303822 0.318616 0.334096 0.350288 0.367217 0.384910 0.403392 0.422688 0.442825 0.463827 0.485718 0.508524 0.532267 0.556970 0.582657 0.609348 0.637065 0.665826
0.021499 0.031175 0.040184 0.048623 0.056581 0.064142 0.071385 0.078381 0.085195 0.091888 0.098514 0.105123 0.111761 0.118472 0.125295 0.132268 0.139426 0.146805 0.154435 0.162347 0.170573 0.179141 0.188078 0.197413 0.207173 0.217385 0.228075 0.239269 0.250994 0.263275 0.276139 0.289612 0.303720 0.318488 0.333943 0.350111 0.367018 0.384691 0.403155 0.422436 0.442560 0.463552 0.485438 0.508242 0.531989 0.556702 0.582404 0.609119 0.636866 0.665667
0.022099 0.031607 0.040495 0.048857 0.056772 0.064317 0.071560 0.078566 0.085396 0.092104 0.098743 0.105363 0.112008 0.118721 0.125543 0.132512 0.139664 0.147033 0.154651 0.162549 0.170759 0.179309 0.188228 0.197544 0.207284 0.217474 0.228143 0.239315 0.251017 0.263277 0.276119 0.289570 0.303656 0.318404 0.333840 0.349989 0.366880 0.384537 0.402988 0.422258 0.442374 0.463362 0.485246 0.508053 0.531808 0.556534 0.582255 0.608994 0.636774 0.665615
0.023267 0.032272 0.040898 0.049122 0.056967 0.064480 0.071714 0.078721 0.085557 0.092273 0.098920 0.105544 0.112193 0.118907 0.125727 0.132692 0.139838 0.147198 0.154806 0.162694 0.170892 0.179429 0.188334 0.197636 0.207361 0.217536 0.228189 0.239346 0.251034 0.263278 0.276106 0.289544 0.303617 0.318353 0.333778 0.349919 0.366801 0.384453 0.402901 0.422170 0.442288 0.463281 0.485175 0.507996 0.531768 0.556517 0.582268 0.609043 0.636865 0.665757
0.021877 0.031573 0.040552 0.048960 0.056910 0.064488 0.071761 0.078794 0.085646 0.092370 0.099021 0.105647 0.112293 0.119004 0.125820 0.132779 0.139917 0.147271 0.154872 0.162751 0.170941 0.179470 0.188367 0.197660 0.207377 0.217545 0.228191 0.239341 0.251023 0.263262 0.276085 0.289519 0.303591 0.318326 0.333752 0.349896 0.366784 0.384443 0.402901 0.422184 0.442319 0.463332 0.485251 0.508101 0.531908 0.556697 0.582494 0.609322 0.637206 0.666167
0.019714 0.030366 0.039825 0.048533 0.056674 0.064366 0.071706 0.078774 0.085641 0.092371 0.099020 0.105641 0.112281 0.118985 0.125793 0.132746 0.139878 0.147226 0.154822 0.162698 0.170885 0.179411 0.188307 0.197599 0.207316 0.217485 0.228133 0.239287 0.250973 0.263218 0.276048 0.289491 0.303574 0.318322 0.333763 0.349924 0.366832 0.384515 0.402999 0.422313 0.442482 0.463534 0.485497 0.508396 0.532259 0.557110 0.582976 0.609882 0.637850 0.666906
0.021059 0.030479 0.039717 0.048410 0.056568 0.064271 0.071613 0.078675 0.085533 0.092251 0.098888 0.105498 0.112128 0.118824 0.125626 0.132574 0.139704 0.147051 0.154648 0.162526 0.170716 0.179247 0.188149 0.197449 0.207175 0.217355 0.228015 0.239183 0.250885 0.263147 0.275998 0.289463 0.303570 0.318345 0.333816 0.350011 0.366956 0.384680 0.403209 0.422572 0.442796 0.463909 0.485937 0.508909 0.532851 0.557790 0.583752 0.610762 0.638845 0.668026
0.021094 0.030987 0.040086 0.048582 0.056585 0.064181 0.071449 0.078461 0.085283 0.091977 0.098597 0.105194 0.111817 0.118509 0.125311 0.132260 0.139394 0.146747 0.154352 0.162240 0.170442 0.178987 0.187904 0.197221 0.206967 0.217167 0.227850 0.239043 0.250772 0.263065 0.275948 0.289448 0.303594 0.318411 0.333928 0.350172 0.367172 0.384954 0.403548 0.422980 0.443280 0.464476 0.486594 0.509664 0.533712 0.558766 0.584853 0.611998 0.640228 0.669568
0.020745 0.031011 0.040079 0.048462 0.056355 0.063867 0.071074 0.078046 0.084842 0.091520 0.098133 0.104729 0.111354 0.118052 0.124863 0.131824 0.138971 0.146340 0.153962 0.161869 0.170092 0.178659 0.187601 0.196944 0.206718 0.216949 0.227665 0.238893 0.250661 0.262995 0.275922 0.289470 0.303668 0.318541 0.334119 0.350428 0.367499 0.385358 0.404034 0.423557 0.443955 0.465255 0.487488 0.510681 0.534863 0.560062 0.586305 0.613619 0.642032 0.671568
0.021143 0.030492 0.039418 0.047800 0.055708 0.063229 0.070442 0.077419 0.084222 0.090909 0.097533 0.104143 0.110785 0.117501 0.124331 0.131314 0.138484 0.145876 0.153524 0.161458 0.169709 0.178307 0.187280 0.196658 0.206467 0.216737 0.227495 0.238767 0.250582 0.262966 0.275949 0.289556 0.303817 0.318759 0.334411 0.350801 0.367958 0.385910 0.404688 0.424321 0.444837 0.466266 0.488637 0.511980 0.536323 0.561697 0.588128 0.615646 0.644277 0.674050
0.020608 0.029804 0.038632 0.047003 0.054929 0.062474 0.069711 0.076710 0.083535 0.090245 0.096892 0.103526 0.110193 0.116934 0.123791 0.130800 0.137998 0.145420 0.153098 0.161063 0.169347 0.177980 0.186990 0.196406 0.206258 0.216571 0.227376 0.238699 0.250567 0.263011 0.276056 0.289731 0.304065 0.319087 0.334825 0.351308 0.368566 0.386628 0.405524 0.425285 0.445939 0.467518 0.490052 0.513571 0.538104 0.563682 0.590335 0.618091 0.646979 0.677029
0.019188 0.029199 0.038171 0.046497 0.054366 0.061877 0.069101 0.076102 0.082938 0.089664 0.096330 0.102986 0.109676 0.116442 0.123324 0.130360 0.137586 0.145036 0.152744 0.160742 0.169059 0.177727 0.186775 0.196231 0.206125 0.216485 0.227340 0.238716 0.250644 0.263150 0.276264 0.290014 0.304429 0.319539 0.335373 0.351960 0.369332 0.387517 0.406548 0.426454 0.447267 0.469017 0.491737 0.515456 0.540207 0.566021 0.592928 0.620958 0.650143 0.680510
0.021379 0.029899 0.038251 0.046323 0.054074 0.061524 0.068717 0.075703 0.082536 0.089265 0.095940 0.102608 0.109313 0.116095 0.122996 0.130052 0.137300 0.144774 0.152507 0.160532 0.168879 0.177579 0.186662 0.196157 0.206092 0.216498 0.227402 0.238833 0.250821 0.263393 0.276579 0.290409 0.304911 0.320116 0.336055 0.352757 0.370253 0.388575 0.407754 0.427823 0.448812 0.470755 0.493683 0.517629 0.542626 0.568706 0.595900 0.624241 0.653760 0.684486
0.019725 0.029039 0.037814 0.046059 0.053873 0.061342 0.068537 0.075521 0.082351 0.089079 0.095754 0.102425 0.109134 0.115923 0.122833 0.129900 0.137160 0.144649 0.152400 0.160445 0.168815 0.177541 0.186654 0.196182 0.206156 0.216604 0.227557 0.239042 0.251089 0.263729 0.276990 0.290902 0.305496 0.320803 0.336853 0.353679 0.371311 0.389782 0.409124 0.429371 0.450556 0.472711 0.495872 0.520070 0.545341 0.571717 0.599233 0.627920 0.657810 0.688929
0.018611 0.028530 0.037520 0.045890 0.053783 0.061297 0.068517 0.075511 0.082342 0.089068 0.095740 0.102407 0.109113 0.115900 0.122809 0.129877 0.137141 0.144636 0.152396 0.160453 0.168839 0.177584 0.186721 0.196278 0.206285 0.216773 0.227771 0.239309 0.251416 0.264124 0.277461 0.291460 0.306151 0.321565 0.337735 0.354693 0.372472 0.391105 0.410625 0.431068 0.452466 0.474856 0.498271 0.522748 0.548321 0.575025 0.602895 0.631961 0.662249 0.693775
0.019125 0.028583 0.037497 0.045884 0.053809 0.061351 0.068588 0.075591 0.082426 0.089150 0.095816 0.102475 0.109173 0.115951 0.122853 0.129915 0.137175 0.144669 0.152431 0.160493 0.168888 0.177647 0.186803 0.196384 0.206422 0.216947 0.227989 0.239579 0.251748 0.264525 0.277943 0.292032 0.306825 0.322354 0.338653 0.355753 0.373691 0.392499 0.412213 0.432868 0.454500 0.477145 0.500840 0.525621 0.551525 0.578587 0.606838 0.636300 0.666981 0.698864
0.018458 0.028359 0.037449 0.045894 0.053841 0.061397 0.068644 0.075653 0.082489 0.089210 0.095869 0.102519 0.109204 0.115971 0.122860 0.129912 0.137163 0.144651 0.152410 0.160473 0.168874 0.177644 0.186816 0.196421 0.206489 0.217051 0.228139 0.239783 0.252015 0.264866 0.278368 0.292555 0.307457 0.323110 0.339547 0.356803 0.374912 0.393910 0.413834 0.434721 0.456607 0.479531 0.503530 0.528642 0.554903 0.582343 0.610979 0.640805 0.671780 0.703814
0.019282 0.028623 0.037448 0.045807 0.053741 0.061304 0.068562 0.075578 0.082414 0.089130 0.095780 0.102416 0.109087 0.115839 0.122713 0.129752 0.136992 0.144472 0.152227 0.160291 0.168698 0.177480 0.186669 0.196298 0.206399 0.217001 0.228139 0.239842 0.252143 0.265075 0.278670 0.292962 0.307984 0.323772 0.340359 0.357783 0.376078 0.395283 0.415435 0.436572 0.458734 0.481959 0.506286 0.531751 0.558382 0.586188 0.615142 0.645169 0.676140 0.707869
0.018207 0.027860 0.036892 0.045372 0.053376 0.060980 0.068256 0.075275 0.082105 0.088807 0.095441 0.102058 0.108710 0.115444 0.122301 0.129326 0.136556 0.144029 0.151782 0.159850 0.168265 0.177063 0.186275 0.195935 0.206073 0.216723 0.227917 0.239687 0.252066 0.265088 0.278786 0.293194 0.308348 0.324282 0.341034 0.358640 0.377138 0.396566 0.416964 0.438372 0.460829 0.484376 0.509049 0.534871 0.561838 0.589898 0.618922 0.648734 0.679230 0.710494
0.016775 0.026849 0.036144 0.044766 0.052829 0.060443 0.067705 0.074699 0.081499 0.088170 0.094772 0.101361 0.107988 0.114699 0.121539 0.128551 0.135773 0.143243 0.150999 0.159076 0.167508 0.176328 0.185571 0.195269 0.205454 0.216161 0.227421 0.239268 0.251736 0.264859 0.278671 0.293208 0.308506 0.324601 0.341531 0.359334 0.378049 0.397717 0.418378 0.440073 0.462844 0.486726 0.511738 0.537857 0.564988 0.592962 0.621572 0.650893 0.680954 0.711786
0.016271 0.026472 0.035733 0.044252 0.052205 0.059720 0.066895 0.073814 0.080550 0.087166 0.093722 0.100273 0.106869 0.113557 0.120381 0.127382 0.134601 0.142075 0.149842 0.157936 0.166392 0.175245 0.184528 0.194275 0.204518 0.215292 0.226629 0.238565 0.251133 0.264369 0.278307 0.292985 0.308438 0.324706 0.341827 0.359841 0.378787 0.398708 0.419645 0.441642 0.464734 0.488933 0.514194 0.540372 0.567225 0.594706 0.622880 0.651772 0.681419 0.711852
0.017434 0.026852 0.035522 0.043672 0.051382 0.058722 0.065764 0.072577 0.079227 0.085775 0.092277 0.098786 0.105351 0.112017 0.118828 0.125826 0.133049 0.140535 0.148321 0.156442 0.164934 0.173829 0.183163 0.192969 0.203281 0.214133 0.225558 0.237593 0.250272 0.263630 0.277704 0.292533 0.308152 0.324603 0.341924 0.360157 0.379343 0.399526 0.420748 0.443049 0.466433 0.490825 0.516022 0.541784 0.568185 0.595251 0.623019 0.651523 0.680793 0.710862
0.017320 0.026174 0.034641 0.042619 0.050165 0.057356 0.064270 0.070978 0.077542 0.084022 0.090472 0.096943 0.103482 0.110133 0.116940 0.123942 0.131179 0.138686 0.146501 0.154659 0.163195 0.172143 0.181538 0.191412 0.201801 0.212740 0.224262 0.236403 0.249199 0.262688 0.276905 0.291889 0.307680 0.324318 0.341843 0.360298 0.379727 0.400173 0.421678 0.444248 0.467773 0.491974 0.516722 0.542088 0.568099 0.594793 0.622203 0.650360 0.679295 0.709038
0.015947 0.025063 0.033454 0.041267 0.048646 0.055691 0.062483 0.069091 0.075578 0.081998 0.088405 0.094847 0.101369 0.108016 0.114828 0.121844 0.129102 0.136640 0.144493 0.152696 0.161284 0.170292 0.179753 0.189703 0.200175 0.211204 0.222827 0.235078 0.247995 0.261614 0.275974 0.291115 0.307076 0.323898 0.341624 0.360297 0.379962 0.400663 0.422416 0.445092 0.468340 0.492138 0.516527 0.541542 0.567220 0.593591 0.620690 0.648547 0.677191 0.706653
0.016117 0.024584 0.032400 0.039857 0.047003 0.053883 0.060552 0.067067 0.073485 0.079856 0.086230 0.092653 0.099170 0.105821 0.112646 0.119685 0.126973 0.134548 0.142444 0.150697 0.159342 0.168412 0.177942 0.187968 0.198523 0.209643 0.221364 0.233723 0.246756 0.260502 0.274999 0.290288 0.306409 0.323405 0.341319 0.360196 0.380080 0.401008 0.422855 0.445234 0.468147 0.491627 0.515713 0.540437 0.565835 0.591937 0.618776 0.646381 0.674782 0.704008
0.015564 0.023309 0.031006 0.038332 0.045334 0.052085 0.058651 0.065088 0.071450 0.077784 0.084137 0.090553 0.097072 0.103735 0.110580 0.117646 0.124967 0.132581 0.140522 0.148825 0.157525 0.166656 0.176252 0.186349 0.196982 0.208186 0.219998 0.232454 0.245592 0.259451 0.274071 0.289492 0.305756 0.322906 0.340986 0.360041 0.380119 0.401167 0.422762 0.444865 0.467512 0.490740 0.514584 0.539076 0.564250 0.590137 0.616767 0.644171 0.672378 0.701414
0.013885 0.022324 0.029871 0.037003 0.043852 0.050490 0.056973 0.063353 0.069676 0.075987 0.082329 0.088745 0.095272 0.101951 0.108819 0.115911 0.123265 0.130916 0.138897 0.147245 0.155993 0.165176 0.174829 0.184987 0.195685 0.206959 0.218846 0.231383 0.244608 0.258561 0.273281 0.288810 0.305190 0.322464 0.340679 0.359879 0.380101 0.401004 0.422383 0.444279 0.466729 0.489768 0.513431 0.537749 0.562756 0.588482 0.614957 0.642211 0.670271 0.699166
0.014769 0.021919 0.029048 0.035981 0.042713 0.049275 0.055707 0.062053 0.068355 0.074656 0.080996 0.087416 0.093954 0.100647 0.107533 0.114648 0.122028 0.129706 0.137719 0.146100 0.154885 0.164107 0.173801 0.184003 0.194749 0.206073 0.218014 0.230609 0.243896 0.257915 0.272706 0.288312 0.304774 0.322137 0.340446 0.359748 0.379989 0.400736 0.421971 0.443730 0.466049 0.488963 0.512506 0.536709 0.561605 0.587224 0.613596 0.640749 0.668713 0.697513
0.013479 0.021125 0.028374 0.035329 0.042053 0.048599 0.055017 0.061352 0.067648 0.073946 0.080287 0.086711 0.093256 0.099958 0.106855 0.113983 0.121376 0.129071 0.137100 0.145499 0.154303 0.163545 0.173262 0.183487 0.194257 0.205609 0.217578 0.230203 0.243522 0.257576 0.272404 0.288049 0.304554 0.321962 0.340321 0.359676 0.379880 0.400551 0.421714 0.443405 0.465659 0.488511 0.511994 0.536140 0.560981 0.586547 0.612867 0.639970 0.667885 0.696639
