0.092620 0.094624 0.095780 0.096651 0.097427 0.098172 0.098909 0.099644 0.100377 0.101107 0.101828 0.102537 0.103228 0.103898 0.104541 0.105152 0.105726 0.106258 0.106743 0.107174 0.107545 0.107852 0.108088 0.108245 0.108319 0.108301 0.108186 0.107965 0.107631 0.107178 0.106596 0.105878 0.105016 0.104001 0.102825 0.101478 0.099952 0.098237 0.096324 0.094204 0.091866 0.089301 0.086499 0.083449 0.080141 0.076564 0.072708 0.068563 0.064117 0.059360
0.097901 0.096443 0.096429 0.096892 0.097525 0.098225 0.098955 0.099698 0.100442 0.101184 0.101916 0.102634 0.103335 0.104012 0.104661 0.105278 0.105858 0.106394 0.106883 0.107318 0.107694 0.108005 0.108245 0.108407 0.108485 0.108472 0.108362 0.108146 0.107818 0.107370 0.106795 0.106083 0.105228 0.104220 0.103051 0.101713 0.100195 0.098489 0.096586 0.094476 0.092148 0.089594 0.086803 0.083765 0.080469 0.076905 0.073063 0.068932 0.064500 0.059758
0.094420 0.095401 0.096103 0.096801 0.097533 0.098292 0.099064 0.099840 0.100612 0.101376 0.102127 0.102861 0.103574 0.104263 0.104922 0.105548 0.106136 0.106681 0.107177 0.107619 0.108003 0.108321 0.108569 0.108739 0.108825 0.108821 0.108720 0.108514 0.108197 0.107760 0.107197 0.106498 0.105656 0.104663 0.103509 0.102186 0.100685 0.098997 0.097113 0.095022 0.092715 0.090182 0.087413 0.084399 0.081128 0.077589 0.073774 0.069670 0.065267 0.060555
0.092514 0.094483 0.095737 0.096740 0.097647 0.098509 0.099346 0.100163 0.100965 0.101750 0.102518 0.103265 0.103990 0.104688 0.105356 0.105991 0.106586 0.107139 0.107643 0.108094 0.108487 0.108814 0.109072 0.109253 0.109351 0.109359 0.109271 0.109080 0.108778 0.108357 0.107811 0.107131 0.106309 0.105336 0.104204 0.102905 0.101429 0.099767 0.097909 0.095847 0.093571 0.091070 0.088334 0.085354 0.082119 0.078619 0.074843 0.070780 0.066420 0.061751
0.095684 0.095594 0.096372 0.097302 0.098219 0.099100 0.099950 0.100776 0.101582 0.102370 0.103140 0.103890 0.104617 0.105318 0.105990 0.106629 0.107230 0.107789 0.108300 0.108760 0.109161 0.109499 0.109768 0.109962 0.110074 0.110097 0.110026 0.109852 0.109569 0.109170 0.108646 0.107989 0.107193 0.106247 0.105144 0.103875 0.102431 0.100803 0.098982 0.096957 0.094720 0.092260 0.089568 0.086634 0.083446 0.079995 0.076270 0.072261 0.067956 0.063345
0.094304 0.096390 0.097575 0.098489 0.099322 0.100128 0.100922 0.101708 0.102486 0.103254 0.104009 0.104748 0.105467 0.106164 0.106834 0.107473 0.108076 0.108639 0.109156 0.109623 0.110034 0.110383 0.110664 0.110872 0.111000 0.111041 0.110989 0.110837 0.110578 0.110203 0.109706 0.109079 0.108313 0.107400 0.106332 0.105100 0.103695 0.102109 0.100331 0.098352 0.096163 0.093754 0.091115 0.088235 0.085105 0.081714 0.078051 0.074107 0.069869 0.065328
0.098875 0.099226 0.099612 0.100139 0.100762 0.101442 0.102155 0.102884 0.103621 0.104358 0.105090 0.105813 0.106521 0.107209 0.107875 0.108512 0.109116 0.109682 0.110205 0.110679 0.111100 0.111462 0.111757 0.111982 0.112128 0.112190 0.112161 0.112033 0.111801 0.111456 0.110990 0.110396 0.109667 0.108792 0.107765 0.106577 0.105218 0.103679 0.101952 0.100027 0.097894 0.095543 0.092965 0.090150 0.087087 0.083765 0.080175 0.076305 0.072146 0.067685
0.103116 0.101234 0.101157 0.101572 0.102149 0.102794 0.103476 0.104178 0.104891 0.105608 0.106325 0.107035 0.107735 0.108418 0.109081 0.109718 0.110325 0.110896 0.111427 0.111911 0.112345 0.112721 0.113034 0.113277 0.113445 0.113531 0.113528 0.113430 0.113228 0.112917 0.112487 0.111932 0.111243 0.110413 0.109432 0.108293 0.106985 0.105501 0.103832 0.101967 0.099897 0.097612 0.095103 0.092360 0.089372 0.086128 0.082619 0.078834 0.074762 0.070392
0.096208 0.100172 0.101709 0.102626 0.103380 0.104093 0.104801 0.105512 0.106226 0.106943 0.107657 0.108365 0.109064 0.109749 0.110414 0.111057 0.111671 0.112252 0.112794 0.113293 0.113742 0.114137 0.114471 0.114737 0.114931 0.115045 0.115072 0.115006 0.114840 0.114566 0.114177 0.113665 0.113022 0.112240 0.111311 0.110225 0.108975 0.107552 0.105945 0.104146 0.102145 0.099933 0.097500 0.094835 0.091929 0.088771 0.085351 0.081658 0.077681 0.073410
0.104151 0.102963 0.103323 0.103989 0.104708 0.105432 0.106156 0.106881 0.107605 0.108330 0.109051 0.109767 0.110473 0.111166 0.111842 0.112495 0.113122 0.113718 0.114277 0.114794 0.115264 0.115681 0.116039 0.116333 0.116556 0.116701 0.116763 0.116733 0.116606 0.116374 0.116029 0.115565 0.114972 0.114242 0.113369 0.112342 0.111153 0.109794 0.108255 0.106528 0.104601 0.102467 0.100114 0.097534 0.094716 0.091649 0.088323 0.084728 0.080853 0.076688
0.102997 0.104102 0.104776 0.105440 0.106132 0.106843 0.107565 0.108294 0.109027 0.109761 0.110493 0.111220 0.111938 0.112645 0.113335 0.114004 0.114649 0.115263 0.115842 0.116382 0.116876 0.117319 0.117705 0.118029 0.118285 0.118465 0.118564 0.118574 0.118489 0.118302 0.118005 0.117590 0.117050 0.116377 0.115562 0.114598 0.113474 0.112183 0.110716 0.109063 0.107215 0.105162 0.102894 0.100402 0.097675 0.094704 0.091477 0.087985 0.084217 0.080161
0.104702 0.105503 0.106220 0.106907 0.107597 0.108301 0.109018 0.109747 0.110485 0.111227 0.111970 0.112709 0.113442 0.114164 0.114871 0.115558 0.116222 0.116857 0.117460 0.118023 0.118544 0.119015 0.119432 0.119788 0.120078 0.120295 0.120433 0.120485 0.120444 0.120304 0.120056 0.119694 0.119209 0.118594 0.117840 0.116939 0.115883 0.114663 0.113269 0.111693 0.109925 0.107956 0.105776 0.103374 0.100742 0.097869 0.094744 0.091357 0.087698 0.083756
0.106971 0.107190 0.107761 0.108403 0.109074 0.109770 0.110486 0.111218 0.111962 0.112713 0.113467 0.114219 0.114965 0.115702 0.116425 0.117130 0.117813 0.118470 0.119094 0.119683 0.120229 0.120729 0.121176 0.121565 0.121890 0.122144 0.122322 0.122416 0.122420 0.122327 0.122129 0.121820 0.121391 0.120834 0.120142 0.119306 0.118318 0.117169 0.115850 0.114351 0.112665 0.110780 0.108688 0.106378 0.103841 0.101067 0.098045 0.094765 0.091216 0.087387
0.107170 0.108510 0.109198 0.109834 0.110505 0.111210 0.111939 0.112684 0.113439 0.114200 0.114963 0.115725 0.116482 0.117231 0.117968 0.118688 0.119388 0.120062 0.120707 0.121318 0.121889 0.122416 0.122892 0.123312 0.123671 0.123961 0.124178 0.124313 0.124361 0.124315 0.124167 0.123909 0.123535 0.123037 0.122406 0.121634 0.120713 0.119634 0.118389 0.116967 0.115361 0.113560 0.111555 0.109337 0.106894 0.104218 0.101298 0.098123 0.094684 0.090969
0.111337 0.110204 0.110506 0.111148 0.111873 0.112619 0.113374 0.114134 0.114897 0.115664 0.116431 0.117197 0.117959 0.118714 0.119459 0.120190 0.120902 0.121591 0.122254 0.122884 0.123477 0.124027 0.124530 0.124980 0.125370 0.125694 0.125947 0.126122 0.126212 0.126210 0.126109 0.125902 0.125581 0.125139 0.124566 0.123857 0.123001 0.121990 0.120816 0.119470 0.117941 0.116222 0.114302 0.112172 0.109822 0.107242 0.104421 0.101349 0.098016 0.094412
0.106890 0.110011 0.111468 0.112449 0.113278 0.114053 0.114810 0.115562 0.116315 0.117071 0.117830 0.118590 0.119349 0.120104 0.120852 0.121588 0.122308 0.123008 0.123684 0.124330 0.124942 0.125514 0.126040 0.126516 0.126935 0.127291 0.127577 0.127789 0.127918 0.127957 0.127901 0.127741 0.127470 0.127080 0.126564 0.125913 0.125119 0.124173 0.123067 0.121792 0.120338 0.118697 0.116858 0.114813 0.112551 0.110062 0.107336 0.104364 0.101134 0.097635
0.113210 0.113047 0.113550 0.114188 0.114853 0.115529 0.116217 0.116919 0.117635 0.118364 0.119102 0.119848 0.120598 0.121348 0.122094 0.122832 0.123557 0.124266 0.124952 0.125612 0.126240 0.126830 0.127377 0.127876 0.128321 0.128705 0.129022 0.129266 0.129431 0.129509 0.129493 0.129377 0.129152 0.128811 0.128346 0.127750 0.127013 0.126128 0.125085 0.123876 0.122492 0.120923 0.119161 0.117195 0.115016 0.112613 0.109978 0.107098 0.103965 0.100568
0.115493 0.115302 0.115476 0.115836 0.116308 0.116854 0.117453 0.118093 0.118765 0.119463 0.120179 0.120910 0.121651 0.122395 0.123140 0.123880 0.124610 0.125325 0.126021 0.126692 0.127334 0.127940 0.128506 0.129025 0.129492 0.129901 0.130246 0.130520 0.130716 0.130828 0.130849 0.130771 0.130588 0.130291 0.129873 0.129326 0.128641 0.127810 0.126826 0.125677 0.124357 0.122855 0.121163 0.119270 0.117167 0.114844 0.112291 0.109498 0.106455 0.103151
0.115195 0.116148 0.116517 0.116865 0.117288 0.117788 0.118351 0.118965 0.119618 0.120302 0.121010 0.121735 0.122473 0.123217 0.123963 0.124706 0.125442 0.126164 0.126869 0.127551 0.128205 0.128825 0.129407 0.129944 0.130430 0.130861 0.131228 0.131527 0.131751 0.131892 0.131945 0.131901 0.131754 0.131495 0.131118 0.130614 0.129976 0.129194 0.128260 0.127166 0.125902 0.124460 0.122830 0.121003 0.118969 0.116718 0.114241 0.111526 0.108565 0.105346
0.117984 0.116783 0.116841 0.117221 0.117713 0.118267 0.118867 0.119505 0.120175 0.120870 0.121586 0.122318 0.123062 0.123811 0.124563 0.125312 0.126053 0.126783 0.127495 0.128186 0.128850 0.129482 0.130076 0.130628 0.131130 0.131578 0.131964 0.132284 0.132530 0.132695 0.132774 0.132758 0.132641 0.132415 0.132072 0.131605 0.131006 0.130265 0.129376 0.128328 0.127114 0.125724 0.124149 0.122379 0.120406 0.118219 0.115808 0.113163 0.110275 0.107133
0.112886 0.115323 0.116385 0.117121 0.117785 0.118444 0.119113 0.119799 0.120502 0.121221 0.121954 0.122698 0.123450 0.124207 0.124964 0.125718 0.126464 0.127199 0.127917 0.128615 0.129285 0.129925 0.130528 0.131089 0.131603 0.132063 0.132463 0.132798 0.133060 0.133244 0.133343 0.133349 0.133256 0.133055 0.132740 0.132303 0.131735 0.131029 0.130176 0.129167 0.127994 0.126648 0.125120 0.123399 0.121478 0.119346 0.116993 0.114409 0.111585 0.108510
0.116480 0.116056 0.116514 0.117168 0.117861 0.118564 0.119271 0.119985 0.120708 0.121441 0.122183 0.122933 0.123688 0.124447 0.125206 0.125961 0.126709 0.127444 0.128164 0.128862 0.129535 0.130178 0.130785 0.131350 0.131869 0.132336 0.132745 0.133089 0.133362 0.133558 0.133670 0.133692 0.133615 0.133434 0.133139 0.132724 0.132181 0.131501 0.130677 0.129699 0.128560 0.127249 0.125759 0.124080 0.122202 0.120116 0.117812 0.115281 0.112511 0.109494
0.115148 0.115971 0.116688 0.117387 0.118077 0.118765 0.119459 0.120161 0.120873 0.121597 0.122331 0.123074 0.123823 0.124575 0.125328 0.126077 0.126819 0.127550 0.128265 0.128959 0.129629 0.130269 0.130873 0.131438 0.131957 0.132425 0.132835 0.133183 0.133460 0.133662 0.133782 0.133812 0.133746 0.133576 0.133295 0.132896 0.132370 0.131710 0.130907 0.129953 0.128839 0.127557 0.126097 0.124451 0.122608 0.120560 0.118297 0.115810 0.113087 0.110119
0.114918 0.116343 0.117178 0.117826 0.118433 0.119046 0.119681 0.120337 0.121015 0.121712 0.122424 0.123148 0.123880 0.124618 0.125357 0.126094 0.126824 0.127543 0.128247 0.128932 0.129592 0.130224 0.130821 0.131379 0.131892 0.132355 0.132762 0.133107 0.133384 0.133586 0.133706 0.133739 0.133677 0.133514 0.133240 0.132850 0.132336 0.131688 0.130901 0.129963 0.128869 0.127608 0.126172 0.124552 0.122738 0.120721 0.118492 0.116040 0.113357 0.110431
0.118375 0.117969 0.118034 0.118337 0.118771 0.119284 0.119852 0.120462 0.121103 0.121770 0.122456 0.123157 0.123868 0.124586 0.125307 0.126025 0.126738 0.127441 0.128130 0.128800 0.129446 0.130065 0.130650 0.131196 0.131699 0.132152 0.132551 0.132889 0.133159 0.133356 0.133474 0.133505 0.133442 0.133280 0.133009 0.132623 0.132115 0.131475 0.130697 0.129772 0.128692 0.127447 0.126029 0.124430 0.122639 0.120648 0.118447 0.116026 0.113377 0.110488
0.118789 0.118072 0.118100 0.118404 0.118834 0.119338 0.119893 0.120485 0.121108 0.121754 0.122418 0.123098 0.123787 0.124483 0.125182 0.125880 0.126572 0.127255 0.127925 0.128576 0.129205 0.129807 0.130376 0.130908 0.131397 0.131838 0.132224 0.132551 0.132813 0.133002 0.133113 0.133139 0.133073 0.132908 0.132636 0.132252 0.131746 0.131111 0.130340 0.129423 0.128353 0.127121 0.125718 0.124136 0.122365 0.120396 0.118220 0.115827 0.113208 0.110352
0.114576 0.116510 0.117452 0.118102 0.118678 0.119247 0.119828 0.120425 0.121040 0.121670 0.122315 0.122972 0.123639 0.124311 0.124986 0.125660 0.126330 0.126991 0.127639 0.128270 0.128880 0.129463 0.130014 0.130529 0.131003 0.131429 0.131803 0.132118 0.132369 0.132549 0.132651 0.132671 0.132599 0.132431 0.132158 0.131773 0.131269 0.130637 0.129871 0.128962 0.127901 0.126681 0.125292 0.123726 0.121973 0.120025 0.117873 0.115507 0.112916 0.110093
0.116768 0.117011 0.117490 0.118046 0.118616 0.119188 0.119762 0.120344 0.120937 0.121543 0.122160 0.122789 0.123428 0.124073 0.124722 0.125371 0.126016 0.126654 0.127280 0.127890 0.128480 0.129044 0.129578 0.130076 0.130534 0.130947 0.131307 0.131611 0.131851 0.132022 0.132117 0.132130 0.132055 0.131883 0.131609 0.131224 0.130722 0.130095 0.129335 0.128434 0.127384 0.126176 0.124802 0.123254 0.121521 0.119596 0.117469 0.115131 0.112571 0.109782
0.118040 0.117483 0.117778 0.118244 0.118737 0.119238 0.119749 0.120274 0.120817 0.121379 0.121957 0.122551 0.123157 0.123772 0.124393 0.125016 0.125637 0.126252 0.126857 0.127447 0.128018 0.128565 0.129082 0.129566 0.130011 0.130410 0.130760 0.131054 0.131286 0.131450 0.131540 0.131549 0.131471 0.131299 0.131026 0.130645 0.130148 0.129528 0.128777 0.127887 0.126851 0.125659 0.124304 0.122776 0.121068 0.119169 0.117071 0.114765 0.112242 0.109491
0.114723 0.117288 0.118148 0.118587 0.118945 0.119316 0.119723 0.120167 0.120647 0.121158 0.121694 0.122251 0.122826 0.123412 0.124008 0.124607 0.125206 0.125801 0.126387 0.126959 0.127514 0.128046 0.128550 0.129021 0.129455 0.129845 0.130187 0.130474 0.130701 0.130861 0.130949 0.130959 0.130882 0.130714 0.130447 0.130073 0.129586 0.128978 0.128241 0.127368 0.126351 0.125181 0.123850 0.122349 0.120671 0.118805 0.116744 0.114477 0.111996 0.109291
0.121623 0.119598 0.118998 0.118881 0.118987 0.119224 0.119550 0.119939 0.120378 0.120854 0.121362 0.121893 0.122444 0.123008 0.123583 0.124163 0.124744 0.125322 0.125892 0.126451 0.126992 0.127512 0.128006 0.128469 0.128895 0.129279 0.129617 0.129901 0.130128 0.130289 0.130380 0.130394 0.130325 0.130166 0.129909 0.129549 0.129078 0.128488 0.127773 0.126923 0.125932 0.124791 0.123492 0.122027 0.120387 0.118563 0.116546 0.114328 0.111899 0.109250
0.119264 0.118677 0.118364 0.118357 0.118534 0.118819 0.119173 0.119576 0.120017 0.120488 0.120986 0.121505 0.122041 0.122591 0.123150 0.123715 0.124282 0.124847 0.125405 0.125952 0.126483 0.126995 0.127482 0.127939 0.128362 0.128745 0.129082 0.129369 0.129599 0.129766 0.129866 0.129890 0.129834 0.129690 0.129451 0.129112 0.128664 0.128100 0.127414 0.126596 0.125640 0.124538 0.123280 0.121860 0.120269 0.118497 0.116537 0.114380 0.112015 0.109435
0.115200 0.115975 0.116749 0.117355 0.117857 0.118313 0.118756 0.119203 0.119663 0.120140 0.120634 0.121144 0.121669 0.122206 0.122751 0.123303 0.123857 0.124410 0.124958 0.125495 0.126020 0.126525 0.127008 0.127464 0.127886 0.128271 0.128613 0.128906 0.129146 0.129325 0.129439 0.129480 0.129443 0.129322 0.129109 0.128798 0.128381 0.127852 0.127204 0.126428 0.125518 0.124464 0.123260 0.121897 0.120366 0.118660 0.116770 0.114686 0.112400 0.109904
0.112022 0.115004 0.116337 0.117106 0.117659 0.118128 0.118567 0.119003 0.119448 0.119907 0.120382 0.120873 0.121378 0.121897 0.122426 0.122963 0.123503 0.124044 0.124581 0.125111 0.125629 0.126131 0.126613 0.127070 0.127496 0.127887 0.128238 0.128543 0.128797 0.128994 0.129128 0.129193 0.129183 0.129092 0.128913 0.128639 0.128263 0.127779 0.127179 0.126456 0.125602 0.124610 0.123471 0.122178 0.120722 0.119096 0.117290 0.115297 0.113106 0.110711
0.120252 0.118386 0.117941 0.117942 0.118117 0.118378 0.118690 0.119040 0.119422 0.119831 0.120265 0.120722 0.121198 0.121692 0.122198 0.122716 0.123240 0.123768 0.124296 0.124818 0.125332 0.125833 0.126317 0.126777 0.127211 0.127613 0.127978 0.128300 0.128574 0.128795 0.128956 0.129053 0.129077 0.129025 0.128888 0.128661 0.128337 0.127908 0.127368 0.126709 0.125925 0.125007 0.123948 0.122739 0.121374 0.119844 0.118140 0.116254 0.114178 0.111903
0.120032 0.119435 0.118907 0.118675 0.118653 0.118764 0.118961 0.119221 0.119531 0.119881 0.120267 0.120682 0.121124 0.121588 0.122071 0.122568 0.123077 0.123592 0.124111 0.124628 0.125140 0.125643 0.126131 0.126600 0.127046 0.127463 0.127847 0.128192 0.128493 0.128744 0.128941 0.129076 0.129144 0.129139 0.129055 0.128884 0.128622 0.128260 0.127792 0.127212 0.126510 0.125681 0.124717 0.123610 0.122352 0.120936 0.119352 0.117594 0.115653 0.113520
0.119331 0.118757 0.118780 0.118850 0.118933 0.119050 0.119215 0.119429 0.119690 0.119996 0.120341 0.120721 0.121132 0.121571 0.122032 0.122512 0.123007 0.123513 0.124026 0.124541 0.125055 0.125563 0.126060 0.126542 0.127005 0.127443 0.127852 0.128226 0.128561 0.128850 0.129089 0.129272 0.129392 0.129445 0.129423 0.129321 0.129133 0.128851 0.128469 0.127980 0.127377 0.126653 0.125800 0.124812 0.123680 0.122398 0.120956 0.119348 0.117564 0.115598
0.114991 0.117941 0.118765 0.119033 0.119165 0.119284 0.119432 0.119622 0.119857 0.120135 0.120454 0.120811 0.121201 0.121621 0.122067 0.122536 0.123023 0.123524 0.124035 0.124553 0.125073 0.125591 0.126102 0.126603 0.127088 0.127553 0.127993 0.128404 0.128779 0.129115 0.129405 0.129644 0.129827 0.129948 0.130001 0.129979 0.129877 0.129688 0.129407 0.129025 0.128537 0.127935 0.127213 0.126363 0.125378 0.124251 0.122974 0.121540 0.119940 0.118168
0.124364 0.120923 0.119897 0.119574 0.119499 0.119539 0.119650 0.119819 0.120037 0.120300 0.120605 0.120947 0.121325 0.121734 0.122172 0.122634 0.123117 0.123618 0.124133 0.124657 0.125188 0.125721 0.126251 0.126776 0.127289 0.127788 0.128267 0.128721 0.129145 0.129536 0.129887 0.130193 0.130449 0.130649 0.130788 0.130860 0.130859 0.130779 0.130613 0.130356 0.130001 0.129540 0.128969 0.128279 0.127464 0.126517 0.125430 0.124196 0.122809 0.121260
0.119053 0.119884 0.119853 0.119762 0.119739 0.119787 0.119897 0.120059 0.120268 0.120522 0.120815 0.121147 0.121515 0.121916 0.122347 0.122805 0.123288 0.123792 0.124313 0.124848 0.125394 0.125946 0.126501 0.127055 0.127603 0.128142 0.128666 0.129172 0.129655 0.130110 0.130531 0.130915 0.131256 0.131549 0.131788 0.131968 0.132083 0.132127 0.132096 0.131981 0.131779 0.131481 0.131083 0.130576 0.129956 0.129215 0.128347 0.127344 0.126200 0.124907
0.119440 0.119652 0.119858 0.119970 0.120050 0.120139 0.120256 0.120410 0.120605 0.120840 0.121116 0.121431 0.121784 0.122173 0.122596 0.123050 0.123532 0.124039 0.124569 0.125118 0.125682 0.126259 0.126843 0.127432 0.128022 0.128608 0.129187 0.129754 0.130304 0.130833 0.131337 0.131811 0.132250 0.132649 0.133003 0.133307 0.133555 0.133743 0.133864 0.133914 0.133885 0.133774 0.133573 0.133277 0.132879 0.132374 0.131755 0.131015 0.130150 0.129151
0.120572 0.120684 0.120700 0.120705 0.120718 0.120752 0.120820 0.120927 0.121077 0.121272 0.121513 0.121799 0.122128 0.122499 0.122909 0.123357 0.123838 0.124351 0.124891 0.125457 0.126045 0.126651 0.127271 0.127903 0.128542 0.129185 0.129827 0.130464 0.131093 0.131709 0.132308 0.132886 0.133437 0.133958 0.134444 0.134890 0.135290 0.135641 0.135937 0.136173 0.136343 0.136443 0.136467 0.136410 0.136266 0.136029 0.135694 0.135254 0.134706 0.134041
0.123418 0.122612 0.122174 0.121895 0.121711 0.121600 0.121554 0.121570 0.121645 0.121780 0.121972 0.122219 0.122518 0.122868 0.123265 0.123707 0.124190 0.124712 0.125269 0.125858 0.126476 0.127119 0.127784 0.128467 0.129165 0.129874 0.130591 0.131312 0.132032 0.132749 0.133458 0.134154 0.134835 0.135496 0.136131 0.136739 0.137313 0.137849 0.138343 0.138791 0.139187 0.139527 0.139806 0.140019 0.140162 0.140229 0.140216 0.140117 0.139928 0.139643
0.124413 0.124041 0.123520 0.123065 0.122708 0.122449 0.122281 0.122200 0.122198 0.122273 0.122418 0.122631 0.122907 0.123243 0.123635 0.124080 0.124574 0.125114 0.125697 0.126319 0.126977 0.127668 0.128388 0.129135 0.129904 0.130693 0.131498 0.132316 0.133143 0.133976 0.134811 0.135644 0.136472 0.137292 0.138099 0.138889 0.139660 0.140406 0.141125 0.141812 0.142463 0.143074 0.143641 0.144161 0.144628 0.145039 0.145389 0.145675 0.145891 0.146035
0.126391 0.125184 0.124431 0.123846 0.123384 0.123037 0.122798 0.122660 0.122617 0.122661 0.122786 0.122988 0.123262 0.123603 0.124007 0.124471 0.124991 0.125564 0.126186 0.126855 0.127568 0.128320 0.129110 0.129934 0.130789 0.131673 0.132582 0.133512 0.134463 0.135429 0.136408 0.137398 0.138394 0.139394 0.140394 0.141393 0.142385 0.143369 0.144340 0.145297 0.146235 0.147152 0.148043 0.148907 0.149739 0.150536 0.151296 0.152013 0.152687 0.153311
0.125373 0.125221 0.124620 0.124043 0.123580 0.123240 0.123012 0.122889 0.122862 0.122924 0.123070 0.123295 0.123595 0.123966 0.124405 0.124909 0.125473 0.126096 0.126775 0.127507 0.128289 0.129118 0.129993 0.130910 0.131867 0.132861 0.133890 0.134952 0.136043 0.137162 0.138306 0.139472 0.140658 0.141862 0.143081 0.144313 0.145555 0.146805 0.148061 0.149320 0.150580 0.151839 0.153094 0.154343 0.155584 0.156814 0.158031 0.159232 0.160414 0.161576
0.127066 0.125182 0.124284 0.123753 0.123401 0.123168 0.123034 0.122991 0.123031 0.123154 0.123355 0.123633 0.123985 0.124409 0.124902 0.125463 0.126089 0.126778 0.127528 0.128338 0.129205 0.130126 0.131101 0.132126 0.133201 0.134323 0.135490 0.136700 0.137951 0.139242 0.140572 0.141937 0.143336 0.144769 0.146233 0.147726 0.149247 0.150796 0.152369 0.153966 0.155586 0.157227 0.158887 0.160566 0.162261 0.163972 0.165696 0.167433 0.169180 0.170935
0.123212 0.123462 0.123446 0.123340 0.123235 0.123169 0.123160 0.123216 0.123340 0.123536 0.123804 0.124145 0.124558 0.125045 0.125603 0.126231 0.126930 0.127696 0.128530 0.129430 0.130394 0.131421 0.132509 0.133658 0.134865 0.136131 0.137453 0.138830 0.140261 0.141745 0.143281 0.144869 0.146507 0.148194 0.149931 0.151716 0.153548 0.155428 0.157354 0.159327 0.161346 0.163410 0.165519 0.167672 0.169869 0.172108 0.174390 0.176713 0.179076 0.181478
0.122330 0.123479 0.123689 0.123696 0.123677 0.123683 0.123736 0.123847 0.124022 0.124268 0.124586 0.124980 0.125449 0.125996 0.126618 0.127317 0.128092 0.128942 0.129866 0.130864 0.131936 0.133079 0.134294 0.135579 0.136935 0.138360 0.139854 0.141416 0.143047 0.144745 0.146512 0.148346 0.150248 0.152219 0.154258 0.156365 0.158542 0.160789 0.163105 0.165492 0.167950 0.170478 0.173078 0.175749 0.178491 0.181305 0.184188 0.187142 0.190166 0.193259
0.128836 0.126230 0.125446 0.125138 0.124990 0.124930 0.124947 0.125041 0.125215 0.125472 0.125813 0.126239 0.126750 0.127347 0.128029 0.128797 0.129649 0.130586 0.131606 0.132710 0.133897 0.135168 0.136520 0.137956 0.139474 0.141075 0.142759 0.144526 0.146377 0.148312 0.150333 0.152440 0.154634 0.156917 0.159289 0.161753 0.164308 0.166957 0.169700 0.172539 0.175473 0.178504 0.181633 0.184858 0.188182 0.191603 0.195122 0.198737 0.202450 0.206258
0.125695 0.127448 0.127505 0.127240 0.126980 0.126803 0.126730 0.126764 0.126904 0.127147 0.127493 0.127939 0.128485 0.129129 0.129869 0.130706 0.131639 0.132668 0.133791 0.135010 0.136323 0.137732 0.139236 0.140836 0.142533 0.144327 0.146220 0.148212 0.150306 0.152502 0.154803 0.157210 0.159726 0.162352 0.165090 0.167942 0.170909 0.173993 0.177196 0.180518 0.183959 0.187521 0.191203 0.195007 0.198931 0.202975 0.207139 0.211423 0.215826 0.220346
0.133955 0.131602 0.130502 0.129800 0.129320 0.129013 0.128859 0.128845 0.128961 0.129202 0.129561 0.130036 0.130623 0.131321 0.132128 0.133043 0.134066 0.135197 0.136434 0.137779 0.139232 0.140794 0.142465 0.144247 0.146141 0.148149 0.150272 0.152513 0.154874 0.157358 0.159967 0.162703 0.165570 0.168568 0.171702 0.174971 0.178378 0.181923 0.185608 0.189431 0.193394 0.197495 0.201735 0.206114 0.210630 0.215282 0.220070 0.224992 0.230048 0.235238
0.134763 0.133813 0.132802 0.132057 0.131554 0.131246 0.131103 0.131109 0.131254 0.131530 0.131934 0.132462 0.133112 0.133883 0.134774 0.135783 0.136912 0.138161 0.139529 0.141017 0.142627 0.144360 0.146217 0.148201 0.150314 0.152558 0.154936 0.157451 0.160106 0.162904 0.165849 0.168943 0.172188 0.175585 0.179136 0.182842 0.186702 0.190716 0.194883 0.199202 0.203671 0.208290 0.213058 0.217973 0.223033 0.228236 0.233582 0.239070 0.244699 0.250470
0.136366 0.134950 0.134305 0.133884 0.133599 0.133441 0.133409 0.133505 0.133730 0.134083 0.134565 0.135175 0.135913 0.136780 0.137776 0.138901 0.140156 0.141542 0.143060 0.144712 0.146500 0.148425 0.150491 0.152700 0.155055 0.157560 0.160219 0.163035 0.166012 0.169152 0.172457 0.175930 0.179570 0.183378 0.187352 0.191489 0.195790 0.200250 0.204866 0.209636 0.214558 0.219631 0.224854 0.230222 0.235734 0.241387 0.247182 0.253119 0.259202 0.265430
0.134199 0.135697 0.135936 0.135895 0.135829 0.135822 0.135909 0.136109 0.136431 0.136879 0.137459 0.138172 0.139019 0.140003 0.141124 0.142385 0.143786 0.145331 0.147020 0.148857 0.150844 0.152984 0.155282 0.157741 0.160364 0.163157 0.166123 0.169265 0.172586 0.176086 0.179766 0.183623 0.187654 0.191856 0.196223 0.200753 0.205440 0.210280 0.215266 0.220398 0.225676 0.231100 0.236663 0.242362 0.248196 0.254167 0.260279 0.266533 0.272933 0.279480
0.141409 0.139529 0.138944 0.138689 0.138583 0.138600 0.138742 0.139014 0.139421 0.139965 0.140648 0.141474 0.142444 0.143560 0.144823 0.146237 0.147804 0.149526 0.151406 0.153449 0.155658 0.158037 0.160590 0.163323 0.166239 0.169343 0.172638 0.176123 0.179797 0.183657 0.187696 0.191909 0.196287 0.200821 0.205508 0.210343 0.215317 0.220424 0.225663 0.231038 0.236551 0.242202 0.247976 0.253878 0.259916 0.266092 0.272409 0.278871 0.285479 0.292238
0.141956 0.142579 0.142251 0.141917 0.141744 0.141747 0.141917 0.142247 0.142732 0.143371 0.144163 0.145110 0.146212 0.147471 0.148891 0.150473 0.152220 0.154137 0.156228 0.158496 0.160947 0.163585 0.166416 0.169445 0.172674 0.176104 0.179733 0.183555 0.187561 0.191738 0.196077 0.200567 0.205194 0.209953 0.214845 0.219867 0.225002 0.230258 0.235643 0.241160 0.246812 0.252602 0.258530 0.264595 0.270799 0.277145 0.283635 0.290272 0.297058 0.303996
0.149237 0.146720 0.145708 0.145250 0.145087 0.145140 0.145379 0.145791 0.146371 0.147116 0.148027 0.149103 0.150347 0.151761 0.153347 0.155110 0.157053 0.159179 0.161495 0.164006 0.166716 0.169633 0.172759 0.176097 0.179644 0.183392 0.187327 0.191434 0.195695 0.200091 0.204621 0.209265 0.214018 0.218892 0.223890 0.229017 0.234272 0.239653 0.245163 0.250805 0.256583 0.262498 0.268554 0.274752 0.281093 0.287580 0.294215 0.300999 0.307936 0.315028
0.148360 0.148638 0.148573 0.148521 0.148578 0.148778 0.149137 0.149661 0.150354 0.151219 0.152258 0.153474 0.154869 0.156446 0.158210 0.160163 0.162312 0.164661 0.167216 0.169984 0.172969 0.176176 0.179604 0.183243 0.187077 0.191084 0.195236 0.199520 0.203907 0.208403 0.213019 0.217757 0.222613 0.227589 0.232689 0.237915 0.243270 0.248756 0.254373 0.260124 0.266012 0.272039 0.278207 0.284520 0.290979 0.297586 0.304344 0.311255 0.318321 0.325545
0.151146 0.151943 0.152195 0.152322 0.152504 0.152812 0.153275 0.153908 0.154716 0.155704 0.156876 0.158237 0.159788 0.161536 0.163484 0.165637 0.168001 0.170582 0.173388 0.176423 0.179690 0.183185 0.186888 0.190770 0.194801 0.198941 0.203184 0.207542 0.212015 0.216602 0.221305 0.226127 0.231071 0.236137 0.241327 0.246644 0.252090 0.257668 0.263379 0.269227 0.275212 0.281338 0.287607 0.294022 0.300584 0.307297 0.314163 0.321184 0.328363 0.335701
0.158928 0.157595 0.157019 0.156859 0.156971 0.157301 0.157830 0.158552 0.159466 0.160575 0.161880 0.163387 0.165099 0.167020 0.169158 0.171516 0.174103 0.176925 0.179989 0.183295 0.186831 0.190566 0.194458 0.198454 0.202555 0.206768 0.211092 0.215527 0.220076 0.224741 0.229523 0.234424 0.239447 0.244593 0.249865 0.255264 0.260793 0.266455 0.272251 0.278185 0.284258 0.290474 0.296833 0.303340 0.309996 0.316804 0.323766 0.330885 0.338164 0.345605
0.163597 0.162221 0.161691 0.161578 0.161742 0.162137 0.162744 0.163557 0.164577 0.165804 0.167243 0.168896 0.170770 0.172869 0.175200 0.177769 0.180585 0.183653 0.186974 0.190527 0.194264 0.198117 0.202072 0.206137 0.210309 0.214591 0.218984 0.223490 0.228110 0.232846 0.237699 0.242673 0.247768 0.252988 0.258334 0.263809 0.269415 0.275154 0.281029 0.287042 0.293195 0.299492 0.305935 0.312525 0.319266 0.326161 0.333211 0.340420 0.347789 0.355322
0.164456 0.165743 0.166147 0.166399 0.166738 0.167246 0.167951 0.168863 0.169991 0.171338 0.172910 0.174712 0.176749 0.179028 0.181557 0.184342 0.187391 0.190702 0.194247 0.197955 0.201760 0.205674 0.209694 0.213822 0.218058 0.222404 0.226861 0.231432 0.236117 0.240918 0.245838 0.250879 0.256042 0.261331 0.266746 0.272291 0.277967 0.283778 0.289726 0.295812 0.302041 0.308413 0.314932 0.321601 0.328421 0.335395 0.342527 0.349818 0.357271 0.364889
0.172225 0.171712 0.171585 0.171714 0.172061 0.172622 0.173401 0.174404 0.175636 0.177102 0.178809 0.180762 0.182966 0.185430 0.188160 0.191165 0.194445 0.197963 0.201622 0.205382 0.209248 0.213220 0.217299 0.221486 0.225781 0.230187 0.234704 0.239335 0.244081 0.248944 0.253927 0.259030 0.264257 0.269609 0.275090 0.280700 0.286443 0.292321 0.298337 0.304493 0.310791 0.317235 0.323826 0.330567 0.337461 0.344510 0.351718 0.359085 0.366617 0.374313
0.179358 0.177702 0.177223 0.177240 0.177569 0.178160 0.179000 0.180088 0.181424 0.183013 0.184858 0.186966 0.189343 0.191995 0.194933 0.198157 0.201633 0.205240 0.208951 0.212768 0.216690 0.220717 0.224852 0.229095 0.233446 0.237908 0.242482 0.247170 0.251974 0.256895 0.261936 0.267099 0.272385 0.277799 0.283340 0.289013 0.294819 0.300761 0.306841 0.313063 0.319427 0.325938 0.332596 0.339407 0.346370 0.353490 0.360769 0.368210 0.375814 0.383585
0.180746 0.182096 0.182392 0.182621 0.183035 0.183698 0.184623 0.185811 0.187264 0.188985 0.190978 0.193248 0.195803 0.198649 0.201795 0.205213 0.208770 0.212431 0.216196 0.220066 0.224041 0.228122 0.232310 0.236606 0.241010 0.245526 0.250154 0.254896 0.259754 0.264731 0.269828 0.275047 0.280391 0.285862 0.291462 0.297194 0.303060 0.309063 0.315204 0.321488 0.327916 0.334490 0.341214 0.348089 0.355119 0.362307 0.369654 0.377163 0.384837 0.392679
0.189639 0.188159 0.187780 0.187907 0.188378 0.189143 0.190185 0.191501 0.193090 0.194956 0.197105 0.199543 0.202279 0.205322 0.208662 0.212169 0.215778 0.219491 0.223308 0.227229 0.231255 0.235387 0.239625 0.243970 0.248426 0.252992 0.257672 0.262466 0.267376 0.272406 0.277556 0.282829 0.288228 0.293754 0.299410 0.305199 0.311123 0.317184 0.323385 0.329728 0.336216 0.342852 0.349637 0.356576 0.363669 0.370921 0.378333 0.385908 0.393649 0.401558
0.193149 0.192512 0.192517 0.192896 0.193563 0.194494 0.195687 0.197147 0.198880 0.200894 0.203198 0.205802 0.208717 0.211947 0.215399 0.218954 0.222613 0.226374 0.230239 0.234207 0.238280 0.242459 0.246745 0.251138 0.255642 0.260257 0.264985 0.269829 0.274790 0.279870 0.285071 0.290397 0.295848 0.301428 0.307138 0.312982 0.318961 0.325078 0.331335 0.337736 0.344282 0.350977 0.357822 0.364821 0.371976 0.379289 0.386764 0.394402 0.402207 0.410181
0.194448 0.196251 0.197155 0.197921 0.198799 0.199879 0.201199 0.202779 0.204634 0.206777 0.209221 0.211977 0.215058 0.218429 0.221924 0.225522 0.229223 0.233028 0.236936 0.240948 0.245065 0.249288 0.253619 0.258058 0.262607 0.267269 0.272045 0.276936 0.281945 0.287074 0.292325 0.297701 0.303203 0.308834 0.314597 0.320493 0.326526 0.332697 0.339010 0.345466 0.352069 0.358820 0.365723 0.372780 0.379994 0.387366 0.394901 0.402600 0.410466 0.418502
0.203235 0.202737 0.202924 0.203473 0.204298 0.205386 0.206743 0.208382 0.210315 0.212554 0.215112 0.218001 0.221228 0.224653 0.228183 0.231817 0.235556 0.239399 0.243347 0.247400 0.251558 0.255824 0.260197 0.264680 0.269274 0.273980 0.278801 0.283739 0.288795 0.293971 0.299271 0.304695 0.310247 0.315928 0.321741 0.327689 0.333773 0.339997 0.346363 0.352873 0.359530 0.366336 0.373294 0.380407 0.387678 0.395108 0.402700 0.410458 0.418383 0.426478
0.209830 0.208871 0.208754 0.209112 0.209819 0.210840 0.212174 0.213826 0.215803 0.218115 0.220771 0.223781 0.227103 0.230554 0.234115 0.237783 0.241557 0.245437 0.249423 0.253515 0.257714 0.262020 0.266435 0.270961 0.275598 0.280348 0.285214 0.290196 0.295298 0.300521 0.305867 0.311339 0.316939 0.322668 0.328531 0.334528 0.340663 0.346937 0.353354 0.359916 0.366625 0.373485 0.380496 0.387663 0.394988 0.402472 0.410120 0.417933 0.425914 0.434066
0.212828 0.213569 0.213909 0.214299 0.214940 0.215907 0.217223 0.218895 0.220925 0.223318 0.226078 0.229213 0.232583 0.236067 0.239662 0.243366 0.247178 0.251097 0.255122 0.259254 0.263493 0.267841 0.272298 0.276866 0.281546 0.286339 0.291249 0.296276 0.301422 0.306690 0.312082 0.317600 0.323246 0.329023 0.334933 0.340978 0.347161 0.353485 0.359951 0.366562 0.373321 0.380231 0.387294 0.394512 0.401888 0.409425 0.417125 0.424990 0.433025 0.441230
0.218966 0.218916 0.218638 0.218745 0.219298 0.220275 0.221650 0.223409 0.225545 0.228058 0.230952 0.234208 0.237623 0.241152 0.244790 0.248537 0.252391 0.256352 0.260419 0.264593 0.268874 0.273264 0.277763 0.282373 0.287095 0.291932 0.296884 0.301954 0.307144 0.312456 0.317892 0.323455 0.329146 0.334968 0.340923 0.347014 0.353243 0.359613 0.366125 0.372784 0.379590 0.386548 0.393658 0.400924 0.408349 0.415934 0.423683 0.431598 0.439682 0.447936
0.227066 0.222774 0.221734 0.221884 0.222645 0.223840 0.225416 0.227356 0.229660 0.232336 0.235393 0.238751 0.242226 0.245808 0.249498 0.253293 0.257193 0.261198 0.265308 0.269525 0.273848 0.278280 0.282820 0.287472 0.292236 0.297114 0.302108 0.307219 0.312451 0.317805 0.323283 0.328888 0.334621 0.340486 0.346484 0.352618 0.358890 0.365303 0.371859 0.378561 0.385412 0.392413 0.399567 0.406878 0.414347 0.421977 0.429770 0.437730 0.445859 0.454159
0.216437 0.220776 0.222649 0.224004 0.225377 0.226946 0.228784 0.230932 0.233416 0.236258 0.239474 0.242905 0.246438 0.250074 0.253813 0.257654 0.261599 0.265647 0.269800 0.274057 0.278421 0.282893 0.287473 0.292164 0.296967 0.301885 0.306918 0.312069 0.317339 0.322732 0.328250 0.333893 0.339666 0.345570 0.351607 0.357780 0.364091 0.370544 0.377139 0.383881 0.390770 0.397811 0.405005 0.412355 0.419864 0.427533 0.435366 0.443366 0.451534 0.459874
0.223638 0.224340 0.225649 0.227019 0.228499 0.230181 0.232129 0.234387 0.236985 0.239947 0.243269 0.246743 0.250318 0.253994 0.257773 0.261653 0.265636 0.269722 0.273912 0.278207 0.282608 0.287116 0.291732 0.296459 0.301298 0.306251 0.311319 0.316505 0.321811 0.327239 0.332791 0.338470 0.344277 0.350215 0.356287 0.362494 0.368840 0.375327 0.381956 0.388732 0.395656 0.402730 0.409958 0.417342 0.424884 0.432587 0.440454 0.448486 0.456688 0.465061
0.230137 0.230155 0.230349 0.231030 0.232146 0.233650 0.235528 0.237780 0.240415 0.243443 0.246809 0.250299 0.253896 0.257598 0.261404 0.265314 0.269328 0.273445 0.277666 0.281992 0.286424 0.290963 0.295611 0.300369 0.305239 0.310222 0.315321 0.320537 0.325873 0.331330 0.336911 0.342619 0.348455 0.354422 0.360522 0.366758 0.373132 0.379646 0.386304 0.393107 0.400058 0.407159 0.414414 0.421825 0.429393 0.437123 0.445016 0.453075 0.461302 0.469701
0.237583 0.234933 0.234344 0.234639 0.235522 0.236891 0.238704 0.240943 0.243601 0.246682 0.250061 0.253559 0.257170 0.260890 0.264718 0.268651 0.272688 0.276830 0.281076 0.285427 0.289885 0.294449 0.299122 0.303905 0.308799 0.313806 0.318929 0.324168 0.329527 0.335008 0.340612 0.346342 0.352200 0.358188 0.364310 0.370567 0.376961 0.383496 0.390173 0.396996 0.403967 0.411088 0.418361 0.425791 0.433378 0.441126 0.449036 0.457113 0.465358 0.473774
0.233027 0.235460 0.236229 0.236963 0.238026 0.239495 0.241382 0.243690 0.246421 0.249580 0.252978 0.256495 0.260126 0.263866 0.267713 0.271666 0.275724 0.279886 0.284152 0.288522 0.292999 0.297582 0.302272 0.307073 0.311984 0.317008 0.322147 0.327402 0.332777 0.338272 0.343891 0.349635 0.355506 0.361508 0.367642 0.373912 0.380318 0.386865 0.393554 0.400387 0.407369 0.414500 0.421783 0.429222 0.436819 0.444575 0.452495 0.460580 0.468833 0.477256
0.239750 0.237558 0.237671 0.238547 0.239851 0.241526 0.243577 0.246017 0.248865 0.252118 0.255557 0.259106 0.262764 0.266527 0.270395 0.274366 0.278440 0.282617 0.286897 0.291280 0.295768 0.300362 0.305063 0.309872 0.314792 0.319824 0.324970 0.330233 0.335613 0.341115 0.346738 0.352487 0.358363 0.364368 0.370506 0.376778 0.383187 0.389736 0.396426 0.403261 0.410243 0.417375 0.424659 0.432097 0.439693 0.447448 0.455367 0.463450 0.471700 0.480121
0.234586 0.237067 0.238532 0.239910 0.241473 0.243323 0.245512 0.248073 0.251030 0.254365 0.257843 0.261424 0.265106 0.268889 0.272772 0.276755 0.280839 0.285023 0.289308 0.293695 0.298186 0.302781 0.307483 0.312292 0.317211 0.322241 0.327384 0.332644 0.338020 0.343517 0.349136 0.354879 0.360749 0.366748 0.372879 0.379143 0.385544 0.392085 0.398766 0.405592 0.412564 0.419685 0.426959 0.434386 0.441970 0.449714 0.457620 0.465691 0.473929 0.482337
0.238458 0.239597 0.240612 0.241805 0.243303 0.245154 0.247379 0.249995 0.253018 0.256394 0.259889 0.263483 0.267174 0.270963 0.274849 0.278832 0.282913 0.287092 0.291372 0.295752 0.300234 0.304819 0.309510 0.314308 0.319214 0.324232 0.329362 0.334607 0.339969 0.345450 0.351053 0.356780 0.362633 0.368614 0.374727 0.380973 0.387355 0.393876 0.400538 0.407343 0.414295 0.421395 0.428647 0.436052 0.443615 0.451336 0.459219 0.467266 0.475481 0.483865
0.245162 0.243271 0.243103 0.243843 0.245167 0.246954 0.249166 0.251795 0.254847 0.258222 0.261704 0.265285 0.268963 0.272736 0.276606 0.280572 0.284635 0.288796 0.293055 0.297414 0.301875 0.306438 0.311106 0.315881 0.320763 0.325756 0.330862 0.336081 0.341417 0.346872 0.352448 0.358147 0.363972 0.369925 0.376008 0.382225 0.388577 0.395068 0.401699 0.408473 0.415393 0.422461 0.429680 0.437053 0.444582 0.452271 0.460120 0.468134 0.476315 0.484665
0.243252 0.243426 0.244162 0.245253 0.246703 0.248533 0.250758 0.253393 0.256453 0.259795 0.263239 0.266782 0.270422 0.274160 0.277994 0.281925 0.285954 0.290080 0.294305 0.298630 0.303056 0.307585 0.312218 0.316957 0.321805 0.326762 0.331831 0.337013 0.342312 0.347729 0.353267 0.358927 0.364713 0.370627 0.376671 0.382847 0.389158 0.395608 0.402197 0.408929 0.415807 0.422833 0.430010 0.437340 0.444827 0.452472 0.460278 0.468248 0.476385 0.484692
0.239849 0.243444 0.245107 0.246474 0.248003 0.249846 0.252061 0.254680 0.257724 0.261005 0.264389 0.267874 0.271459 0.275144 0.278927 0.282809 0.286789 0.290868 0.295047 0.299326 0.303707 0.308190 0.312778 0.317471 0.322272 0.327183 0.332205 0.337340 0.342591 0.347960 0.353449 0.359061 0.364797 0.370661 0.376654 0.382780 0.389041 0.395439 0.401978 0.408659 0.415486 0.422460 0.429585 0.436864 0.444298 0.451892 0.459646 0.467565 0.475650 0.483905
0.250441 0.247333 0.247064 0.247799 0.249080 0.250799 0.252937 0.255502 0.258499 0.261703 0.265014 0.268431 0.271952 0.275575 0.279299 0.283124 0.287048 0.291072 0.295196 0.299421 0.303747 0.308176 0.312708 0.317347 0.322092 0.326947 0.331912 0.336991 0.342184 0.347496 0.352927 0.358480 0.364158 0.369963 0.375898 0.381965 0.388166 0.394506 0.400985 0.407607 0.414374 0.421290 0.428356 0.435576 0.442952 0.450487 0.458184 0.466044 0.474072 0.482270
0.245412 0.246807 0.247432 0.248247 0.249448 0.251075 0.253139 0.255649 0.258593 0.261720 0.264961 0.268314 0.271773 0.275336 0.279001 0.282767 0.286633 0.290598 0.294663 0.298828 0.303093 0.307461 0.311931 0.316506 0.321188 0.325979 0.330879 0.335893 0.341021 0.346267 0.351632 0.357120 0.362732 0.368471 0.374340 0.380342 0.386478 0.392752 0.399167 0.405724 0.412427 0.419279 0.426282 0.433439 0.440752 0.448225 0.455859 0.463659 0.471626 0.479763
0.246239 0.246428 0.246871 0.247640 0.248802 0.250393 0.252430 0.254924 0.257838 0.260915 0.264108 0.267412 0.270821 0.274333 0.277945 0.281655 0.285462 0.289367 0.293369 0.297469 0.301668 0.305967 0.310369 0.314875 0.319486 0.324206 0.329035 0.333977 0.339034 0.344209 0.349503 0.354920 0.360461 0.366131 0.371930 0.377863 0.383931 0.390137 0.396484 0.402975 0.409612 0.416398 0.423337 0.430429 0.437679 0.445089 0.452661 0.460399 0.468305 0.476381
0.246425 0.245153 0.245168 0.245832 0.246995 0.248621 0.250702 0.253238 0.256165 0.259228 0.262399 0.265673 0.269045 0.272512 0.276072 0.279726 0.283472 0.287311 0.291245 0.295274 0.299400 0.303626 0.307953 0.312383 0.316918 0.321562 0.326316 0.331183 0.336166 0.341266 0.346488 0.351832 0.357303 0.362902 0.368632 0.374496 0.380497 0.386637 0.392918 0.399345 0.405918 0.412642 0.419518 0.426549 0.433739 0.441089 0.448603 0.456283 0.464131 0.472151
0.239753 0.241106 0.241777 0.242710 0.244057 0.245832 0.248033 0.250663 0.253630 0.256699 0.259858 0.263104 0.266435 0.269850 0.273350 0.276937 0.280612 0.284376 0.288232 0.292182 0.296229 0.300374 0.304621 0.308972 0.313430 0.317996 0.322675 0.327467 0.332377 0.337407 0.342558 0.347835 0.353239 0.358772 0.364439 0.370240 0.376180 0.382260 0.388483 0.394852 0.401369 0.408036 0.414858 0.421836 0.428972 0.436271 0.443733 0.451362 0.459161 0.467131
0.238763 0.237083 0.237579 0.238776 0.240382 0.242350 0.244683 0.247396 0.250377 0.253426 0.256543 0.259730 0.262991 0.266328 0.269745 0.273244 0.276830 0.280506 0.284274 0.288137 0.292099 0.296162 0.300329 0.304603 0.308986 0.313480 0.318090 0.322816 0.327662 0.332629 0.337721 0.342940 0.348288 0.353768 0.359383 0.365134 0.371024 0.377056 0.383232 0.389556 0.396028 0.402653 0.409431 0.416367 0.423463 0.430720 0.438143 0.445733 0.453492 0.461425
0.226663 0.230961 0.233028 0.234731 0.236535 0.238581 0.240927 0.243611 0.246505 0.249450 0.252453 0.255522 0.258664 0.261884 0.265187 0.268578 0.272060 0.275638 0.279314 0.283091 0.286972 0.290960 0.295058 0.299266 0.303588 0.308027 0.312583 0.317259 0.322059 0.326982 0.332033 0.337213 0.342524 0.347968 0.353549 0.359268 0.365127 0.371128 0.377276 0.383570 0.390015 0.396612 0.403364 0.410274 0.417343 0.424575 0.431973 0.439537 0.447272 0.455179
0.231131 0.229600 0.230138 0.231313 0.232827 0.234640 0.236767 0.239237 0.241903 0.244636 0.247443 0.250334 0.253316 0.256392 0.259567 0.262845 0.266227 0.269717 0.273317 0.277027 0.280850 0.284788 0.288841 0.293011 0.297300 0.301710 0.306241 0.310896 0.315676 0.320583 0.325619 0.330786 0.336085 0.341519 0.347089 0.352799 0.358649 0.364643 0.370782 0.377069 0.383505 0.390095 0.396839 0.403740 0.410801 0.418025 0.425413 0.432968 0.440694 0.448591
0.225122 0.226290 0.226892 0.227630 0.228649 0.230000 0.231716 0.233824 0.236169 0.238631 0.241213 0.243918 0.246747 0.249700 0.252778 0.255978 0.259302 0.262748 0.266316 0.270006 0.273816 0.277748 0.281802 0.285977 0.290275 0.294696 0.299241 0.303911 0.308708 0.313633 0.318687 0.323872 0.329189 0.334641 0.340229 0.345956 0.351823 0.357832 0.363986 0.370287 0.376737 0.383338 0.390094 0.397006 0.404076 0.411308 0.418704 0.426266 0.433997 0.441900
0.223408 0.222781 0.222464 0.222453 0.222828 0.223640 0.224914 0.226664 0.228741 0.231004 0.233444 0.236054 0.238825 0.241749 0.244821 0.248034 0.251384 0.254868 0.258481 0.262221 0.266087 0.270077 0.274190 0.278425 0.282783 0.287264 0.291868 0.296597 0.301450 0.306429 0.311535 0.316771 0.322137 0.327636 0.333269 0.339038 0.344945 0.350993 0.357183 0.363518 0.370001 0.376633 0.383418 0.390357 0.397453 0.404708 0.412126 0.419709 0.427459 0.435380
0.218379 0.216299 0.214860 0.214107 0.213992 0.214483 0.215555 0.217187 0.219249 0.221552 0.224071 0.226786 0.229679 0.232738 0.235951 0.239309 0.242803 0.246430 0.250183 0.254060 0.258057 0.262174 0.266409 0.270761 0.275231 0.279818 0.284524 0.289348 0.294293 0.299359 0.304548 0.309862 0.315302 0.320871 0.326570 0.332402 0.338369 0.344473 0.350716 0.357101 0.363631 0.370308 0.377134 0.384112 0.391246 0.398536 0.405987 0.413600 0.421379 0.429326
0.206683 0.203531 0.201933 0.201267 0.201371 0.202158 0.203564 0.205541 0.207993 0.210691 0.213590 0.216666 0.219900 0.223279 0.226790 0.230426 0.234180 0.238048 0.242026 0.246113 0.250306 0.254605 0.259010 0.263521 0.268139 0.272865 0.277701 0.282647 0.287706 0.292879 0.298169 0.303577 0.309106 0.314758 0.320535 0.326441 0.332477 0.338646 0.344951 0.351394 0.357978 0.364705 0.371580 0.378603 0.385779 0.393110 0.400598 0.408247 0.416059 0.424037
0.182928 0.183739 0.183939 0.184650 0.185978 0.187861 0.190232 0.193049 0.196270 0.199683 0.203216 0.206853 0.210587 0.214412 0.218323 0.222318 0.226396 0.230557 0.234802 0.239130 0.243545 0.248047 0.252638 0.257321 0.262097 0.266970 0.271940 0.277012 0.282187 0.287469 0.292859 0.298362 0.303979 0.309713 0.315567 0.321545 0.327648 0.333880 0.340244 0.346743 0.353380 0.360156 0.367077 0.374144 0.381360 0.388729 0.396254 0.403937 0.411781 0.419789
0.164142 0.163007 0.164971 0.167881 0.171151 0.174633 0.178303 0.182179 0.186286 0.190502 0.194716 0.198938 0.203177 0.207440 0.211736 0.216070 0.220448 0.224876 0.229360 0.233904 0.238512 0.243190 0.247941 0.252769 0.257678 0.262673 0.267755 0.272931 0.278201 0.283571 0.289044 0.294622 0.300310 0.306110 0.312026 0.318060 0.324217 0.330500 0.336911 0.343453 0.350131 0.356946 0.363903 0.371004 0.378253 0.385652 0.393204 0.400914 0.408783 0.416815
0.134258 0.143950 0.150904 0.156623 0.161719 0.166498 0.171143 0.175774 0.180482 0.185232 0.189892 0.194489 0.199047 0.203584 0.208116 0.212656 0.217215 0.221803 0.226429 0.231099 0.235821 0.240600 0.245444 0.250355 0.255341 0.260405 0.265551 0.270785 0.276110 0.281529 0.287047 0.292668 0.298395 0.304232 0.310182 0.316248 0.322435 0.328745 0.335182 0.341749 0.348449 0.355286 0.362262 0.369382 0.376648 0.384064 0.391632 0.399356 0.407239 0.415284
