0.047210 0.047404 0.047519 0.047591 0.047636 0.047664 0.047680 0.047687 0.047685 0.047678 0.047665 0.047648 0.047627 0.047603 0.047575 0.047545 0.047513 0.047478 0.047441 0.047402 0.047362 0.047319 0.047275 0.047229 0.047181 0.047132 0.047081 0.047029 0.046975 0.046920 0.046864 0.046806 0.046748 0.046687 0.046626 0.046563 0.046500 0.046435 0.046369 0.046302 0.046234 0.046165 0.046095 0.046023 0.045951 0.045878 0.045805 0.045730 0.045654 0.045578
0.047961 0.047888 0.047861 0.047855 0.047853 0.047850 0.047844 0.047833 0.047819 0.047801 0.047781 0.047757 0.047731 0.047702 0.047671 0.047638 0.047603 0.047566 0.047527 0.047486 0.047444 0.047400 0.047354 0.047307 0.047258 0.047207 0.047156 0.047102 0.047048 0.046992 0.046935 0.046876 0.046816 0.046755 0.046693 0.046630 0.046565 0.046500 0.046433 0.046365 0.046297 0.046227 0.046156 0.046084 0.046012 0.045938 0.045864 0.045788 0.045712 0.045635
0.048515 0.048360 0.048286 0.048235 0.048194 0.048157 0.048123 0.048090 0.048058 0.048026 0.047994 0.047961 0.047926 0.047891 0.047854 0.047816 0.047777 0.047735 0.047693 0.047649 0.047604 0.047557 0.047509 0.047459 0.047408 0.047355 0.047301 0.047246 0.047190 0.047132 0.047073 0.047013 0.046951 0.046889 0.046825 0.046760 0.046694 0.046627 0.046559 0.046490 0.046420 0.046349 0.046277 0.046204 0.046130 0.046056 0.045980 0.045903 0.045826 0.045748
0.048599 0.048709 0.048686 0.048629 0.048567 0.048509 0.048456 0.048407 0.048362 0.048318 0.048276 0.048235 0.048193 0.048151 0.048109 0.048065 0.048021 0.047976 0.047929 0.047881 0.047833 0.047782 0.047731 0.047678 0.047624 0.047569 0.047512 0.047455 0.047396 0.047336 0.047274 0.047212 0.047148 0.047083 0.047018 0.046951 0.046883 0.046814 0.046744 0.046673 0.046601 0.046528 0.046455 0.046380 0.046304 0.046228 0.046151 0.046073 0.045994 0.045914
0.049401 0.049219 0.049088 0.048992 0.048917 0.048853 0.048797 0.048745 0.048696 0.048649 0.048603 0.048557 0.048511 0.048465 0.048418 0.048371 0.048323 0.048274 0.048223 0.048172 0.048120 0.048066 0.048011 0.047955 0.047898 0.047840 0.047780 0.047720 0.047658 0.047595 0.047531 0.047466 0.047400 0.047333 0.047264 0.047195 0.047125 0.047054 0.046981 0.046908 0.046834 0.046759 0.046683 0.046607 0.046529 0.046451 0.046372 0.046292 0.046211 0.046129
0.049818 0.049467 0.049335 0.049267 0.049219 0.049175 0.049133 0.049090 0.049047 0.049003 0.048958 0.048912 0.048865 0.048818 0.048769 0.048719 0.048668 0.048616 0.048563 0.048509 0.048453 0.048396 0.048339 0.048280 0.048219 0.048158 0.048096 0.048032 0.047968 0.047902 0.047835 0.047767 0.047698 0.047629 0.047558 0.047486 0.047413 0.047340 0.047265 0.047189 0.047113 0.047036 0.046958 0.046879 0.046799 0.046719 0.046637 0.046555 0.046472 0.046389
0.048896 0.049320 0.049464 0.049511 0.049518 0.049505 0.049482 0.049451 0.049416 0.049377 0.049335 0.049291 0.049245 0.049198 0.049148 0.049097 0.049045 0.048991 0.048935 0.048879 0.048821 0.048762 0.048701 0.048640 0.048577 0.048513 0.048448 0.048382 0.048315 0.048246 0.048177 0.048107 0.048035 0.047963 0.047890 0.047815 0.047740 0.047664 0.047587 0.047510 0.047431 0.047351 0.047271 0.047190 0.047108 0.047025 0.046942 0.046858 0.046773 0.046687
0.049787 0.049812 0.049869 0.049895 0.049898 0.049887 0.049866 0.049839 0.049808 0.049772 0.049732 0.049690 0.049644 0.049597 0.049547 0.049495 0.049442 0.049387 0.049330 0.049271 0.049212 0.049151 0.049088 0.049025 0.048960 0.048894 0.048827 0.048759 0.048689 0.048619 0.048547 0.048475 0.048401 0.048327 0.048252 0.048175 0.048098 0.048020 0.047941 0.047861 0.047780 0.047699 0.047616 0.047533 0.047449 0.047364 0.047279 0.047193 0.047106 0.047018
0.050473 0.050513 0.050439 0.050381 0.050343 0.050312 0.050283 0.050253 0.050219 0.050182 0.050142 0.050099 0.050054 0.050006 0.049955 0.049903 0.049849 0.049793 0.049735 0.049676 0.049615 0.049553 0.049489 0.049424 0.049358 0.049291 0.049222 0.049153 0.049082 0.049010 0.048937 0.048863 0.048788 0.048712 0.048636 0.048558 0.048479 0.048399 0.048318 0.048237 0.048154 0.048071 0.047987 0.047902 0.047816 0.047730 0.047643 0.047555 0.047466 0.047376
0.051897 0.051112 0.050892 0.050813 0.050770 0.050737 0.050705 0.050671 0.050634 0.050595 0.050553 0.050509 0.050462 0.050413 0.050362 0.050309 0.050255 0.050198 0.050140 0.050081 0.050020 0.049958 0.049894 0.049829 0.049763 0.049695 0.049626 0.049556 0.049485 0.049412 0.049339 0.049264 0.049188 0.049112 0.049034 0.048955 0.048875 0.048794 0.048712 0.048630 0.048546 0.048462 0.048376 0.048290 0.048203 0.048115 0.048026 0.047937 0.047847 0.047756
0.049764 0.050805 0.051084 0.051154 0.051159 0.051140 0.051109 0.051073 0.051034 0.050992 0.050948 0.050902 0.050855 0.050806 0.050755 0.050703 0.050650 0.050594 0.050537 0.050479 0.050419 0.050358 0.050296 0.050231 0.050166 0.050099 0.050031 0.049961 0.049891 0.049818 0.049745 0.049671 0.049595 0.049518 0.049440 0.049361 0.049281 0.049200 0.049117 0.049034 0.048950 0.048865 0.048778 0.048691 0.048604 0.048515 0.048425 0.048335 0.048244 0.048152
0.052283 0.051729 0.051621 0.051585 0.051553 0.051517 0.051478 0.051438 0.051396 0.051353 0.051310 0.051266 0.051220 0.051174 0.051126 0.051076 0.051026 0.050973 0.050919 0.050864 0.050807 0.050748 0.050688 0.050626 0.050562 0.050497 0.050431 0.050363 0.050294 0.050223 0.050151 0.050077 0.050003 0.049927 0.049849 0.049771 0.049691 0.049610 0.049528 0.049445 0.049360 0.049275 0.049189 0.049102 0.049013 0.048924 0.048834 0.048743 0.048651 0.048559
0.051995 0.052116 0.052030 0.051944 0.051878 0.051826 0.051782 0.051741 0.051703 0.051666 0.051628 0.051590 0.051550 0.051510 0.051468 0.051424 0.051378 0.051331 0.051282 0.051231 0.051178 0.051124 0.051067 0.051009 0.050949 0.050887 0.050823 0.050758 0.050691 0.050623 0.050552 0.050481 0.050408 0.050333 0.050257 0.050180 0.050101 0.050021 0.049940 0.049857 0.049774 0.049689 0.049603 0.049516 0.049428 0.049339 0.049249 0.049158 0.049066 0.048973
0.052751 0.052332 0.052181 0.052105 0.052059 0.052026 0.051999 0.051975 0.051951 0.051927 0.051902 0.051875 0.051846 0.051816 0.051782 0.051747 0.051709 0.051669 0.051626 0.051581 0.051534 0.051485 0.051433 0.051380 0.051324 0.051266 0.051206 0.051144 0.051081 0.051015 0.050948 0.050879 0.050808 0.050735 0.050661 0.050586 0.050509 0.050430 0.050351 0.050269 0.050187 0.050103 0.050018 0.049932 0.049845 0.049756 0.049667 0.049577 0.049485 0.049393
0.051665 0.051943 0.052047 0.052098 0.052127 0.052144 0.052154 0.052159 0.052159 0.052154 0.052146 0.052134 0.052118 0.052099 0.052077 0.052051 0.052022 0.051990 0.051955 0.051917 0.051877 0.051833 0.051787 0.051739 0.051688 0.051635 0.051579 0.051521 0.051461 0.051399 0.051335 0.051269 0.051201 0.051132 0.051060 0.050987 0.050912 0.050836 0.050758 0.050679 0.050598 0.050516 0.050432 0.050347 0.050261 0.050174 0.050086 0.049996 0.049905 0.049814
0.051655 0.051871 0.052030 0.052138 0.052213 0.052268 0.052308 0.052338 0.052359 0.052373 0.052380 0.052383 0.052380 0.052372 0.052360 0.052344 0.052324 0.052300 0.052273 0.052242 0.052208 0.052171 0.052131 0.052088 0.052042 0.051994 0.051943 0.051889 0.051834 0.051775 0.051715 0.051652 0.051588 0.051521 0.051453 0.051382 0.051310 0.051236 0.051161 0.051084 0.051005 0.050925 0.050843 0.050760 0.050676 0.050590 0.050503 0.050415 0.050326 0.050235
0.052125 0.052193 0.052258 0.052329 0.052395 0.052454 0.052504 0.052545 0.052578 0.052604 0.052623 0.052636 0.052643 0.052645 0.052642 0.052634 0.052622 0.052605 0.052585 0.052561 0.052533 0.052502 0.052467 0.052429 0.052389 0.052345 0.052299 0.052250 0.052198 0.052144 0.052087 0.052028 0.051967 0.051904 0.051839 0.051772 0.051702 0.051631 0.051559 0.051484 0.051408 0.051330 0.051251 0.051170 0.051088 0.051004 0.050919 0.050833 0.050745 0.050657
0.052713 0.052537 0.052543 0.052587 0.052640 0.052693 0.052742 0.052786 0.052824 0.052855 0.052880 0.052900 0.052913 0.052922 0.052925 0.052924 0.052918 0.052907 0.052893 0.052874 0.052852 0.052826 0.052797 0.052764 0.052728 0.052689 0.052647 0.052603 0.052555 0.052505 0.052453 0.052398 0.052340 0.052281 0.052219 0.052155 0.052089 0.052021 0.051951 0.051880 0.051806 0.051731 0.051655 0.051576 0.051497 0.051415 0.051333 0.051249 0.051163 0.051077
0.052072 0.052597 0.052748 0.052828 0.052892 0.052949 0.053000 0.053046 0.053086 0.053120 0.053149 0.053172 0.053190 0.053202 0.053210 0.053214 0.053213 0.053207 0.053198 0.053184 0.053167 0.053146 0.053121 0.053093 0.053062 0.053027 0.052990 0.052949 0.052906 0.052860 0.052812 0.052761 0.052707 0.052651 0.052593 0.052533 0.052471 0.052406 0.052340 0.052271 0.052201 0.052129 0.052055 0.051980 0.051903 0.051825 0.051745 0.051664 0.051581 0.051497
0.053667 0.053037 0.053000 0.053065 0.053138 0.053203 0.053259 0.053308 0.053350 0.053387 0.053418 0.053445 0.053466 0.053482 0.053494 0.053502 0.053505 0.053504 0.053499 0.053490 0.053477 0.053460 0.053440 0.053417 0.053390 0.053360 0.053327 0.053291 0.053252 0.053210 0.053166 0.053119 0.053069 0.053018 0.052963 0.052907 0.052848 0.052787 0.052724 0.052660 0.052593 0.052524 0.052454 0.052382 0.052309 0.052233 0.052156 0.052078 0.051998 0.051917
0.051593 0.052800 0.053156 0.053302 0.053390 0.053457 0.053514 0.053565 0.053609 0.053649 0.053683 0.053713 0.053737 0.053758 0.053774 0.053785 0.053793 0.053796 0.053795 0.053791 0.053782 0.053770 0.053755 0.053736 0.053713 0.053688 0.053659 0.053628 0.053593 0.053556 0.053516 0.053473 0.053428 0.053380 0.053330 0.053278 0.053223 0.053166 0.053108 0.053047 0.052984 0.052919 0.052852 0.052784 0.052714 0.052642 0.052569 0.052494 0.052418 0.052340
0.054719 0.053803 0.053619 0.053613 0.053653 0.053705 0.053759 0.053810 0.053857 0.053900 0.053938 0.053972 0.054001 0.054026 0.054047 0.054063 0.054075 0.054083 0.054087 0.054087 0.054083 0.054076 0.054065 0.054051 0.054033 0.054013 0.053989 0.053962 0.053932 0.053899 0.053864 0.053826 0.053785 0.053742 0.053696 0.053648 0.053598 0.053545 0.053491 0.053434 0.053375 0.053314 0.053252 0.053187 0.053121 0.053053 0.052984 0.052913 0.052840 0.052766
0.053240 0.053639 0.053738 0.053799 0.053860 0.053922 0.053982 0.054039 0.054092 0.054141 0.054184 0.054224 0.054258 0.054288 0.054314 0.054335 0.054352 0.054365 0.054374 0.054380 0.054381 0.054379 0.054373 0.054364 0.054352 0.054336 0.054317 0.054295 0.054270 0.054242 0.054212 0.054178 0.054142 0.054104 0.054063 0.054020 0.053974 0.053926 0.053876 0.053824 0.053769 0.053713 0.053655 0.053595 0.053533 0.053469 0.053404 0.053337 0.053268 0.053198
0.053553 0.053656 0.053811 0.053935 0.054033 0.054117 0.054191 0.054257 0.054318 0.054374 0.054424 0.054469 0.054510 0.054545 0.054577 0.054604 0.054627 0.054645 0.054660 0.054671 0.054678 0.054681 0.054681 0.054677 0.054670 0.054660 0.054646 0.054629 0.054610 0.054587 0.054562 0.054534 0.054503 0.054469 0.054434 0.054395 0.054354 0.054311 0.054266 0.054219 0.054169 0.054118 0.054064 0.054009 0.053951 0.053892 0.053832 0.053769 0.053705 0.053639
0.053528 0.053832 0.053999 0.054123 0.054226 0.054316 0.054398 0.054472 0.054541 0.054603 0.054660 0.054712 0.054759 0.054801 0.054838 0.054872 0.054901 0.054925 0.054946 0.054963 0.054976 0.054985 0.054991 0.054993 0.054991 0.054987 0.054979 0.054968 0.054954 0.054937 0.054917 0.054894 0.054869 0.054841 0.054810 0.054777 0.054742 0.054704 0.054664 0.054622 0.054577 0.054531 0.054482 0.054432 0.054379 0.054325 0.054269 0.054211 0.054152 0.054091
0.054302 0.054236 0.054271 0.054346 0.054434 0.054522 0.054608 0.054688 0.054763 0.054832 0.054896 0.054955 0.055008 0.055057 0.055102 0.055142 0.055177 0.055208 0.055236 0.055259 0.055278 0.055294 0.055306 0.055314 0.055319 0.055320 0.055318 0.055313 0.055305 0.055294 0.055280 0.055263 0.055244 0.055221 0.055196 0.055169 0.055139 0.055107 0.055072 0.055035 0.054996 0.054955 0.054912 0.054866 0.054819 0.054770 0.054719 0.054667 0.054612 0.054556
0.054353 0.054332 0.054416 0.054520 0.054624 0.054724 0.054817 0.054905 0.054987 0.055064 0.055135 0.055201 0.055262 0.055318 0.055370 0.055417 0.055460 0.055498 0.055532 0.055562 0.055588 0.055611 0.055629 0.055644 0.055655 0.055663 0.055668 0.055669 0.055667 0.055662 0.055654 0.055644 0.055630 0.055614 0.055595 0.055573 0.055549 0.055522 0.055493 0.055462 0.055429 0.055393 0.055355 0.055316 0.055274 0.055230 0.055185 0.055137 0.055088 0.055038
0.053754 0.054278 0.054528 0.054689 0.054817 0.054928 0.055031 0.055126 0.055216 0.055301 0.055380 0.055454 0.055523 0.055587 0.055646 0.055701 0.055751 0.055797 0.055839 0.055876 0.055909 0.055939 0.055964 0.055986 0.056004 0.056019 0.056030 0.056038 0.056043 0.056044 0.056043 0.056038 0.056031 0.056021 0.056008 0.055992 0.055974 0.055953 0.055931 0.055905 0.055878 0.055848 0.055816 0.055782 0.055746 0.055708 0.055668 0.055626 0.055583 0.055538
0.054851 0.054748 0.054818 0.054924 0.055035 0.055145 0.055252 0.055355 0.055453 0.055546 0.055634 0.055717 0.055795 0.055867 0.055935 0.055998 0.056056 0.056110 0.056159 0.056204 0.056245 0.056282 0.056314 0.056343 0.056369 0.056390 0.056408 0.056423 0.056434 0.056442 0.056447 0.056449 0.056448 0.056444 0.056438 0.056429 0.056417 0.056403 0.056386 0.056367 0.056345 0.056321 0.056296 0.056268 0.056238 0.056206 0.056172 0.056136 0.056098 0.056059
0.054773 0.054942 0.055030 0.055130 0.055243 0.055361 0.055478 0.055592 0.055701 0.055805 0.055903 0.055995 0.056083 0.056164 0.056241 0.056312 0.056379 0.056440 0.056498 0.056550 0.056599 0.056643 0.056683 0.056719 0.056751 0.056780 0.056805 0.056826 0.056844 0.056859 0.056871 0.056879 0.056885 0.056888 0.056888 0.056885 0.056880 0.056872 0.056862 0.056849 0.056834 0.056816 0.056797 0.056775 0.056751 0.056726 0.056698 0.056668 0.056637 0.056604
0.055177 0.055018 0.055126 0.055277 0.055431 0.055577 0.055715 0.055846 0.055969 0.056084 0.056194 0.056296 0.056393 0.056483 0.056568 0.056648 0.056723 0.056792 0.056857 0.056917 0.056973 0.057024 0.057072 0.057115 0.057154 0.057190 0.057222 0.057250 0.057275 0.057297 0.057316 0.057331 0.057344 0.057353 0.057360 0.057364 0.057365 0.057364 0.057360 0.057354 0.057346 0.057335 0.057322 0.057307 0.057290 0.057271 0.057249 0.057226 0.057202 0.057175
0.053859 0.054787 0.055195 0.055454 0.055657 0.055833 0.055990 0.056136 0.056270 0.056396 0.056514 0.056626 0.056730 0.056829 0.056922 0.057009 0.057091 0.057168 0.057240 0.057307 0.057370 0.057429 0.057483 0.057533 0.057580 0.057622 0.057661 0.057697 0.057729 0.057758 0.057783 0.057806 0.057825 0.057842 0.057856 0.057867 0.057875 0.057881 0.057884 0.057885 0.057884 0.057880 0.057874 0.057866 0.057856 0.057844 0.057829 0.057813 0.057796 0.057776
0.055796 0.055512 0.055631 0.055816 0.055999 0.056170 0.056329 0.056476 0.056615 0.056746 0.056870 0.056987 0.057098 0.057203 0.057302 0.057396 0.057485 0.057568 0.057647 0.057722 0.057792 0.057857 0.057918 0.057976 0.058029 0.058079 0.058125 0.058168 0.058207 0.058243 0.058276 0.058306 0.058333 0.058357 0.058378 0.058397 0.058412 0.058426 0.058436 0.058445 0.058451 0.058455 0.058456 0.058455 0.058453 0.058448 0.058441 0.058433 0.058423 0.058410
0.055382 0.055903 0.056115 0.056274 0.056425 0.056573 0.056719 0.056861 0.056999 0.057131 0.057257 0.057378 0.057494 0.057604 0.057709 0.057809 0.057904 0.057994 0.058080 0.058161 0.058238 0.058310 0.058379 0.058443 0.058504 0.058561 0.058615 0.058665 0.058712 0.058756 0.058797 0.058834 0.058869 0.058901 0.058930 0.058956 0.058980 0.059002 0.059020 0.059037 0.059051 0.059063 0.059072 0.059080 0.059085 0.059089 0.059090 0.059090 0.059087 0.059083
0.056889 0.056607 0.056627 0.056724 0.056848 0.056984 0.057124 0.057264 0.057402 0.057537 0.057667 0.057793 0.057913 0.058029 0.058140 0.058246 0.058347 0.058444 0.058536 0.058624 0.058708 0.058789 0.058865 0.058937 0.059006 0.059071 0.059133 0.059192 0.059247 0.059299 0.059348 0.059394 0.059438 0.059478 0.059516 0.059551 0.059583 0.059613 0.059641 0.059666 0.059689 0.059710 0.059728 0.059745 0.059759 0.059771 0.059781 0.059790 0.059796 0.059801
0.056287 0.056695 0.056884 0.057043 0.057200 0.057357 0.057513 0.057664 0.057811 0.057954 0.058091 0.058223 0.058350 0.058472 0.058590 0.058703 0.058812 0.058916 0.059016 0.059113 0.059205 0.059294 0.059379 0.059460 0.059538 0.059612 0.059683 0.059751 0.059815 0.059877 0.059936 0.059991 0.060044 0.060094 0.060141 0.060186 0.060228 0.060268 0.060305 0.060340 0.060373 0.060403 0.060431 0.060457 0.060481 0.060503 0.060523 0.060541 0.060558 0.060572
0.056890 0.056870 0.057078 0.057306 0.057520 0.057715 0.057896 0.058065 0.058226 0.058378 0.058525 0.058666 0.058801 0.058932 0.059059 0.059181 0.059299 0.059413 0.059522 0.059629 0.059731 0.059830 0.059925 0.060017 0.060105 0.060190 0.060271 0.060350 0.060425 0.060497 0.060566 0.060633 0.060696 0.060757 0.060815 0.060871 0.060923 0.060974 0.061022 0.061067 0.061111 0.061152 0.061191 0.061227 0.061262 0.061295 0.061325 0.061354 0.061381 0.061406
0.056171 0.056944 0.057362 0.057659 0.057901 0.058112 0.058305 0.058484 0.058653 0.058816 0.058972 0.059123 0.059270 0.059412 0.059549 0.059683 0.059813 0.059939 0.060061 0.060179 0.060294 0.060405 0.060512 0.060616 0.060716 0.060813 0.060907 0.060998 0.061085 0.061170 0.061251 0.061330 0.061405 0.061478 0.061548 0.061615 0.061680 0.061742 0.061802 0.061860 0.061915 0.061968 0.062018 0.062067 0.062113 0.062158 0.062200 0.062240 0.062279 0.062316
0.057795 0.057811 0.057987 0.058182 0.058373 0.058560 0.058743 0.058922 0.059098 0.059270 0.059438 0.059602 0.059762 0.059919 0.060072 0.060220 0.060365 0.060506 0.060643 0.060776 0.060905 0.061031 0.061153 0.061271 0.061386 0.061497 0.061605 0.061709 0.061811 0.061909 0.062004 0.062096 0.062185 0.062271 0.062354 0.062435 0.062513 0.062588 0.062661 0.062732 0.062800 0.062866 0.062929 0.062990 0.063050 0.063107 0.063162 0.063215 0.063267 0.063316
0.058265 0.058469 0.058562 0.058680 0.058830 0.059001 0.059182 0.059369 0.059558 0.059746 0.059932 0.060116 0.060295 0.060471 0.060643 0.060811 0.060974 0.061133 0.061288 0.061439 0.061585 0.061728 0.061866 0.062001 0.062132 0.062259 0.062383 0.062503 0.062619 0.062732 0.062842 0.062949 0.063053 0.063154 0.063252 0.063347 0.063439 0.063529 0.063616 0.063701 0.063783 0.063863 0.063940 0.064016 0.064089 0.064160 0.064229 0.064296 0.064362 0.064425
0.059193 0.058817 0.058844 0.058992 0.059183 0.059393 0.059611 0.059831 0.060051 0.060268 0.060482 0.060692 0.060897 0.061097 0.061292 0.061482 0.061667 0.061847 0.062022 0.062192 0.062358 0.062519 0.062676 0.062829 0.062977 0.063122 0.063262 0.063399 0.063532 0.063662 0.063788 0.063911 0.064031 0.064148 0.064261 0.064372 0.064480 0.064585 0.064688 0.064787 0.064885 0.064980 0.065073 0.065163 0.065251 0.065338 0.065422 0.065504 0.065585 0.065663
0.057537 0.058365 0.058835 0.059195 0.059512 0.059808 0.060090 0.060363 0.060628 0.060884 0.061133 0.061374 0.061608 0.061835 0.062056 0.062270 0.062478 0.062680 0.062876 0.063067 0.063253 0.063434 0.063610 0.063782 0.063949 0.064112 0.064270 0.064425 0.064576 0.064723 0.064866 0.065006 0.065143 0.065276 0.065407 0.065534 0.065658 0.065780 0.065899 0.066015 0.066128 0.066240 0.066349 0.066455 0.066560 0.066663 0.066763 0.066862 0.066959 0.067054
0.058236 0.058725 0.059211 0.059645 0.060037 0.060400 0.060740 0.061062 0.061369 0.061662 0.061944 0.062216 0.062477 0.062731 0.062976 0.063213 0.063444 0.063668 0.063885 0.064097 0.064303 0.064504 0.064699 0.064890 0.065076 0.065258 0.065435 0.065608 0.065776 0.065941 0.066103 0.066260 0.066415 0.066566 0.066713 0.066858 0.067000 0.067138 0.067275 0.067408 0.067539 0.067668 0.067794 0.067918 0.068040 0.068160 0.068278 0.068395 0.068510 0.068623
0.059264 0.059683 0.060088 0.060501 0.060907 0.061295 0.061665 0.062015 0.062349 0.062668 0.062974 0.063268 0.063552 0.063827 0.064093 0.064351 0.064602 0.064846 0.065083 0.065315 0.065540 0.065760 0.065975 0.066184 0.066389 0.066589 0.066785 0.066976 0.067163 0.067347 0.067526 0.067702 0.067874 0.068043 0.068209 0.068372 0.068531 0.068688 0.068843 0.068994 0.069144 0.069291 0.069436 0.069578 0.069719 0.069858 0.069996 0.070132 0.070266 0.070399
0.060746 0.060929 0.061316 0.061736 0.062147 0.062539 0.062913 0.063270 0.063612 0.063942 0.064260 0.064569 0.064868 0.065159 0.065441 0.065717 0.065985 0.066247 0.066502 0.066752 0.066996 0.067234 0.067467 0.067695 0.067918 0.068136 0.068350 0.068560 0.068765 0.068967 0.069165 0.069359 0.069550 0.069738 0.069922 0.070103 0.070282 0.070458 0.070632 0.070803 0.070971 0.071138 0.071303 0.071466 0.071628 0.071787 0.071946 0.072103 0.072260 0.072416
0.061316 0.062281 0.062884 0.063346 0.063748 0.064121 0.064479 0.064826 0.065165 0.065495 0.065819 0.066136 0.066446 0.066749 0.067046 0.067336 0.067620 0.067898 0.068170 0.068437 0.068698 0.068954 0.069204 0.069450 0.069691 0.069927 0.070159 0.070387 0.070611 0.070831 0.071048 0.071261 0.071470 0.071677 0.071881 0.072082 0.072281 0.072477 0.072671 0.072862 0.073052 0.073241 0.073427 0.073613 0.073797 0.073980 0.074163 0.074345 0.074526 0.074708
0.064348 0.064712 0.065023 0.065335 0.065656 0.065984 0.066318 0.066653 0.066989 0.067322 0.067652 0.067978 0.068299 0.068615 0.068926 0.069231 0.069530 0.069824 0.070112 0.070395 0.070672 0.070945 0.071213 0.071476 0.071734 0.071988 0.072238 0.072484 0.072727 0.072966 0.073201 0.073434 0.073663 0.073890 0.074114 0.074336 0.074556 0.074774 0.074990 0.075204 0.075418 0.075630 0.075841 0.076052 0.076262 0.076472 0.076682 0.076893 0.077105 0.077320
0.067705 0.067207 0.067227 0.067434 0.067719 0.068039 0.068377 0.068723 0.069071 0.069419 0.069764 0.070105 0.070442 0.070773 0.071099 0.071420 0.071735 0.072044 0.072348 0.072647 0.072941 0.073230 0.073515 0.073795 0.074071 0.074343 0.074611 0.074876 0.075137 0.075396 0.075651 0.075904 0.076155 0.076403 0.076649 0.076894 0.077137 0.077379 0.077620 0.077860 0.078100 0.078340 0.078580 0.078820 0.079061 0.079303 0.079547 0.079794 0.080046 0.080306
0.067852 0.068623 0.069090 0.069493 0.069885 0.070277 0.070666 0.071052 0.071433 0.071808 0.072176 0.072538 0.072893 0.073242 0.073585 0.073922 0.074253 0.074578 0.074898 0.075213 0.075523 0.075829 0.076131 0.076428 0.076722 0.077012 0.077299 0.077583 0.077865 0.078144 0.078421 0.078696 0.078970 0.079242 0.079513 0.079784 0.080054 0.080324 0.080594 0.080864 0.081136 0.081408 0.081683 0.081959 0.082238 0.082521 0.082808 0.083104 0.083413 0.083752
0.070078 0.070680 0.071285 0.071840 0.072351 0.072828 0.073279 0.073711 0.074127 0.074530 0.074922 0.075304 0.075678 0.076043 0.076402 0.076754 0.077100 0.077440 0.077775 0.078106 0.078432 0.078755 0.079074 0.079389 0.079702 0.080012 0.080319 0.080625 0.080929 0.081231 0.081533 0.081833 0.082133 0.082434 0.082734 0.083035 0.083337 0.083641 0.083946 0.084254 0.084564 0.084878 0.085195 0.085518 0.085847 0.086183 0.086532 0.086904 0.087323 0.087853
0.072822 0.073517 0.074183 0.074787 0.075337 0.075844 0.076320 0.076772 0.077205 0.077622 0.078028 0.078422 0.078808 0.079186 0.079557 0.079922 0.080281 0.080636 0.080986 0.081332 0.081675 0.082015 0.082353 0.082688 0.083022 0.083354 0.083685 0.084015 0.084345 0.084675 0.085005 0.085337 0.085669 0.086003 0.086340 0.086678 0.087020 0.087366 0.087716 0.088071 0.088431 0.088799 0.089173 0.089558 0.089955 0.090371 0.090823 0.091352 0.092057 0.093186
0.076429 0.077284 0.077880 0.078400 0.078889 0.079356 0.079807 0.080244 0.080669 0.081084 0.081489 0.081887 0.082278 0.082664 0.083044 0.083420 0.083791 0.084160 0.084526 0.084889 0.085251 0.085611 0.085971 0.086329 0.086688 0.087047 0.087406 0.087767 0.088129 0.088493 0.088860 0.089229 0.089602 0.089980 0.090362 0.090749 0.091142 0.091543 0.091951 0.092369 0.092796 0.093236 0.093689 0.094162 0.094665 0.095223 0.095902 0.096864 0.098514 0.101837
0.081954 0.081846 0.082092 0.082444 0.082835 0.083239 0.083647 0.084055 0.084462 0.084865 0.085265 0.085663 0.086057 0.086449 0.086839 0.087226 0.087613 0.087998 0.088383 0.088768 0.089153 0.089538 0.089925 0.090313 0.090703 0.091096 0.091492 0.091891 0.092295 0.092703 0.093116 0.093536 0.093962 0.094395 0.094838 0.095289 0.095751 0.096225 0.096713 0.097215 0.097736 0.098277 0.098847 0.099463 0.100164 0.101054 0.102396 0.104848 0.110023 0.121810
0.085337 0.085826 0.086197 0.086557 0.086928 0.087309 0.087697 0.088092 0.088489 0.088889 0.089290 0.089693 0.090096 0.090500 0.090905 0.091311 0.091718 0.092127 0.092538 0.092951 0.093367 0.093787 0.094210 0.094637 0.095070 0.095507 0.095951 0.096401 0.096859 0.097326 0.097801 0.098286 0.098783 0.099292 0.099815 0.100354 0.100910 0.101485 0.102082 0.102705 0.103359 0.104056 0.104820 0.105715 0.106907 0.108816 0.112510 0.120617 0.139489 0.184126
0.089297 0.089814 0.090249 0.090654 0.091052 0.091451 0.091852 0.092258 0.092668 0.093082 0.093499 0.093920 0.094344 0.094772 0.095203 0.095638 0.096077 0.096521 0.096969 0.097423 0.097883 0.098348 0.098821 0.099301 0.099790 0.100288 0.100795 0.101314 0.101845 0.102389 0.102947 0.103522 0.104114 0.104726 0.105360 0.106018 0.106704 0.107421 0.108176 0.108976 0.109838 0.110801 0.111963 0.113586 0.116344 0.121958 0.134694 0.164881 0.236672 0.402531
0.093776 0.093963 0.094341 0.094763 0.095193 0.095627 0.096063 0.096502 0.096944 0.097391 0.097843 0.098299 0.098760 0.099227 0.099700 0.100180 0.100665 0.101159 0.101660 0.102169 0.102688 0.103217 0.103756 0.104308 0.104872 0.105450 0.106043 0.106653 0.107282 0.107930 0.108601 0.109297 0.110019 0.110772 0.111560 0.112386 0.113257 0.114181 0.115170 0.116250 0.117479 0.119011 0.121253 0.125281 0.133854 0.153850 0.201899 0.316248 0.570849 0.993451
0.097047 0.097837 0.098375 0.098864 0.099346 0.099828 0.100313 0.100801 0.101294 0.101791 0.102294 0.102803 0.103319 0.103843 0.104374 0.104915 0.105465 0.106026 0.106598 0.107183 0.107781 0.108393 0.109021 0.109667 0.110331 0.111016 0.111723 0.112455 0.113215 0.114004 0.114827 0.115687 0.116590 0.117539 0.118543 0.119610 0.120752 0.121988 0.123355 0.124942 0.126984 0.130116 0.136034 0.149135 0.180436 0.256319 0.434075 0.791291 1.238614 1.688103
0.101875 0.101999 0.102452 0.102973 0.103510 0.104053 0.104600 0.105151 0.105708 0.106271 0.106841 0.107420 0.108007 0.108605 0.109213 0.109834 0.110468 0.111117 0.111781 0.112463 0.113164 0.113885 0.114629 0.115397 0.116193 0.117018 0.117876 0.118770 0.119705 0.120684 0.121714 0.122801 0.123953 0.125181 0.126496 0.127918 0.129474 0.131220 0.133289 0.136033 0.140433 0.149142 0.169105 0.217728 0.335884 0.601322 1.026856 1.474002 1.926344 2.379679
0.104550 0.105699 0.106431 0.107071 0.107689 0.108306 0.108927 0.109553 0.110187 0.110829 0.111481 0.112144 0.112820 0.113509 0.114212 0.114933 0.115672 0.116430 0.117211 0.118016 0.118847 0.119707 0.120598 0.121525 0.122491 0.123500 0.124556 0.125665 0.126835 0.128072 0.129386 0.130788 0.132294 0.133923 0.135701 0.137672 0.139915 0.142625 0.146330 0.152519 0.165297 0.195513 0.270197 0.449137 0.808381 1.252734 1.701130 2.153879 2.606101 3.057804
0.109857 0.110012 0.110573 0.111226 0.111905 0.112595 0.113296 0.114007 0.114728 0.115462 0.116209 0.116971 0.117750 0.118547 0.119365 0.120206 0.121072 0.121966 0.122889 0.123847 0.124841 0.125876 0.126956 0.128085 0.129270 0.130518 0.131835 0.133230 0.134716 0.136304 0.138012 0.139862 0.141881 0.144109 0.146608 0.149498 0.153058 0.158060 0.166733 0.185335 0.230526 0.343110 0.602191 1.021753 1.466550 1.917144 2.368719 2.819879 3.270241 3.719589
0.112748 0.113816 0.114608 0.115365 0.116128 0.116906 0.117696 0.118500 0.119319 0.120154 0.121009 0.121884 0.122782 0.123706 0.124658 0.125642 0.126661 0.127717 0.128816 0.129961 0.131158 0.132411 0.133728 0.135116 0.136584 0.138142 0.139802 0.141580 0.143495 0.145569 0.147834 0.150331 0.153117 0.156286 0.160005 0.164672 0.171395 0.183438 0.210166 0.276595 0.441099 0.783430 1.222072 1.668094 2.118650 2.568968 3.018810 3.467711 3.915587 4.362368
0.117249 0.117837 0.118626 0.119469 0.120330 0.121204 0.122092 0.122997 0.123922 0.124870 0.125844 0.126847 0.127883 0.128954 0.130064 0.131217 0.132418 0.133670 0.134981 0.136356 0.137802 0.139328 0.140944 0.142660 0.144492 0.146455 0.148570 0.150863 0.153367 0.156124 0.159194 0.162660 0.166655 0.171418 0.177501 0.186445 0.202914 0.240570 0.335800 0.565359 0.965425 1.406230 1.853848 2.303109 2.752135 3.200447 3.647802 4.094116 4.539339 4.983451
0.120521 0.121521 0.122532 0.123506 0.124467 0.125435 0.126421 0.127432 0.128472 0.129546 0.130656 0.131806 0.133000 0.134242 0.135537 0.136891 0.138308 0.139796 0.141364 0.143018 0.144772 0.146636 0.148626 0.150760 0.153060 0.155553 0.158274 0.161268 0.164593 0.168332 0.172603 0.177591 0.183632 0.191470 0.203184 0.225210 0.276825 0.408456 0.705872 1.130829 1.572520 2.019979 2.467809 2.915330 3.362024 3.807760 4.252455 4.696075 5.138602 5.580028
0.123772 0.125383 0.126446 0.127435 0.128445 0.129491 0.130577 0.131705 0.132877 0.134095 0.135363 0.136684 0.138064 0.139507 0.141020 0.142610 0.144285 0.146055 0.147930 0.149924 0.152053 0.154336 0.156794 0.159458 0.162361 0.165550 0.169083 0.173040 0.177532 0.182720 0.188860 0.196405 0.206333 0.221337 0.249915 0.318114 0.491459 0.842559 1.274200 1.716934 2.163123 2.609498 3.055380 3.500426 3.944513 4.387578 4.829590 5.270533 5.710399 6.149186
0.130033 0.129424 0.130016 0.130962 0.132045 0.133205 0.134425 0.135701 0.137033 0.138425 0.139880 0.141403 0.143000 0.144679 0.146447 0.148315 0.150292 0.152394 0.154636 0.157038 0.159621 0.162416 0.165456 0.168788 0.172467 0.176570 0.181200 0.186501 0.192686 0.200093 0.209317 0.221599 0.240262 0.275915 0.361805 0.576328 0.959190 1.392329 1.835037 2.279746 2.724577 3.168823 3.612243 4.054719 4.496198 4.936653 5.376067 5.814434 6.251747 6.688006
0.128302 0.130868 0.132431 0.133778 0.135103 0.136460 0.137867 0.139333 0.140862 0.142462 0.144137 0.145894 0.147743 0.149692 0.151753 0.153940 0.156267 0.158755 0.161426 0.164308 0.167435 0.170849 0.174605 0.178774 0.183447 0.188754 0.194873 0.202076 0.210787 0.221752 0.236487 0.258870 0.301252 0.403149 0.650264 1.047384 1.480930 1.922692 2.365971 2.809272 3.251978 3.693874 4.134853 4.574864 5.013880 5.451886 5.888874 6.324836 6.759772 7.193678
0.132562 0.133372 0.134731 0.136198 0.137713 0.139277 0.140897 0.142581 0.144336 0.146171 0.148093 0.150112 0.152240 0.154490 0.156878 0.159422 0.162143 0.165069 0.168231 0.171669 0.175432 0.179585 0.184210 0.189416 0.195355 0.202242 0.210399 0.220336 0.232940 0.249963 0.275674 0.323302 0.435964 0.701207 1.102243 1.535381 1.975872 2.417823 2.859749 3.301103 3.741670 4.181348 4.620087 5.057860 5.494651 5.930449 6.365248 6.799044 7.231835 7.663619
0.133083 0.135004 0.136598 0.138234 0.139942 0.141717 0.143559 0.145473 0.147466 0.149549 0.151732 0.154028 0.156453 0.159025 0.161763 0.164693 0.167844 0.171252 0.174961 0.179028 0.183523 0.188538 0.194198 0.200674 0.208208 0.217164 0.228118 0.242058 0.260892 0.289022 0.339386 0.454569 0.721318 1.119726 1.551482 1.990688 2.431492 2.872307 3.312588 3.752109 4.190767 4.628511 5.065311 5.501150 5.936018 6.369906 6.802811 7.234728 7.665656 8.095592
0.135622 0.136401 0.138064 0.139922 0.141854 0.143847 0.145907 0.148044 0.150269 0.152595 0.155038 0.157612 0.160338 0.163239 0.166340 0.169674 0.173279 0.177203 0.181506 0.186264 0.191577 0.197577 0.204447 0.212447 0.221964 0.233607 0.248405 0.268297 0.297519 0.347637 0.456232 0.707447 1.096567 1.525722 1.963662 2.403572 2.843615 3.283177 3.722010 4.160001 4.597093 5.033257 5.468472 5.902727 6.336015 6.768330 7.199669 7.630027 8.059403 8.487796
0.133012 0.136797 0.139236 0.141396 0.143530 0.145708 0.147957 0.150291 0.152728 0.155281 0.157968 0.160811 0.163831 0.167058 0.170523 0.174266 0.178337 0.182797 0.187725 0.193222 0.199424 0.206517 0.214763 0.224551 0.236484 0.251564 0.271621 0.300454 0.347601 0.442515 0.661639 1.031132 1.455534 1.892035 2.331300 2.770939 3.210182 3.648731 4.086455 4.523289 4.959198 5.394161 5.828167 6.261206 6.693274 7.124365 7.554479 7.983611 8.411761 8.838926
0.138775 0.139011 0.140671 0.142723 0.144928 0.147233 0.149634 0.152141 0.154766 0.157528 0.160445 0.163542 0.166845 0.170387 0.174208 0.178356 0.182891 0.187891 0.193456 0.199718 0.206855 0.215122 0.224884 0.236704 0.251496 0.270871 0.298009 0.340247 0.418349 0.592828 0.925015 1.339746 1.774035 2.212766 2.652335 3.091659 3.530342 3.968216 4.405202 4.841258 5.276362 5.710499 6.143662 6.575844 7.007041 7.437252 7.866474 8.294706 8.721946 9.148195
0.135449 0.138642 0.141081 0.143414 0.145786 0.148239 0.150793 0.153466 0.156274 0.159237 0.162375 0.165716 0.169290 0.173134 0.177296 0.181834 0.186819 0.192345 0.198537 0.205560 0.213644 0.223120 0.234485 0.248522 0.266568 0.291120 0.327504 0.389283 0.516593 0.786786 1.179526 1.609180 2.047076 2.486775 2.926522 3.365725 3.804147 4.241682 4.678278 5.113906 5.548551 5.982203 6.414856 6.846508 7.277156 7.706798 8.135435 8.563065 8.989690 9.415308
0.136516 0.138637 0.141017 0.143466 0.145987 0.148600 0.151324 0.154177 0.157176 0.160341 0.163698 0.167274 0.171106 0.175237 0.179720 0.184621 0.190026 0.196047 0.202830 0.210578 0.219575 0.230239 0.243212 0.259546 0.281106 0.311579 0.359418 0.447754 0.638561 0.981183 1.398868 1.834519 2.274213 2.714585 3.154613 3.593923 4.032359 4.469845 4.906345 5.341839 5.776315 6.209769 6.642196 7.073595 7.503965 7.933307 8.361621 8.788908 9.215168 9.640404
0.135399 0.137764 0.140234 0.142824 0.145521 0.148325 0.151245 0.154294 0.157492 0.160862 0.164430 0.168230 0.172301 0.176693 0.181464 0.186691 0.192472 0.198933 0.206245 0.214646 0.224473 0.236234 0.250723 0.269283 0.294385 0.331158 0.392098 0.512335 0.764872 1.148381 1.576950 2.015647 2.456541 2.897548 3.337987 3.777594 4.216254 4.653911 5.090538 5.526121 5.960652 6.394127 6.826545 7.257907 7.688213 8.117465 8.545664 8.972813 9.398913 9.823966
0.132815 0.135895 0.138768 0.141647 0.144586 0.147607 0.150728 0.153969 0.157354 0.160909 0.164666 0.168662 0.172941 0.177556 0.182572 0.188074 0.194169 0.200997 0.208752 0.217700 0.228229 0.240926 0.256733 0.277274 0.305635 0.348488 0.422807 0.575408 0.874856 1.279356 1.713380 2.153953 2.595802 3.037448 3.478384 3.918405 4.357422 4.795389 5.232287 5.668104 6.102835 6.536480 6.969037 7.400510 7.830900 8.260209 8.688441 9.115599 9.541685 9.966703
0.132462 0.134590 0.137432 0.140459 0.143565 0.146744 0.150014 0.153400 0.156928 0.160628 0.164533 0.168682 0.173123 0.177911 0.183118 0.188832 0.195168 0.202278 0.210370 0.219734 0.230799 0.244214 0.261043 0.283148 0.314149 0.362114 0.448121 0.627680 0.957117 1.372387 1.809452 2.251309 2.693950 3.136203 3.577652 4.018126 4.457549 4.895886 5.333117 5.769236 6.204240 6.638128 7.070903 7.502567 7.933123 8.362576 8.790929 9.218186 9.644351 10.069428
0.128569 0.132878 0.136268 0.139455 0.142639 0.145888 0.149234 0.152702 0.156320 0.160114 0.164120 0.168375 0.172929 0.177838 0.183176 0.189034 0.195533 0.202830 0.211143 0.220779 0.232188 0.246065 0.263550 0.286665 0.319399 0.370794 0.464810 0.661847 1.007473 1.428077 1.866856 2.309587 2.752849 3.195618 3.637523 4.078413 4.518218 4.956906 5.394463 5.830882 6.266161 6.700303 7.133310 7.565185 7.995934 8.425559 8.854067 9.281461 9.707747 10.132929
0.130434 0.132666 0.135485 0.138523 0.141684 0.144954 0.148340 0.151859 0.155533 0.159388 0.163457 0.167780 0.172402 0.177383 0.182796 0.188734 0.195317 0.202707 0.211124 0.220880 0.232435 0.246498 0.264236 0.287731 0.321104 0.373762 0.470739 0.674040 1.025080 1.447570 1.887124 2.330359 2.774033 3.217170 3.659413 4.100617 4.540716 4.979679 5.417494 5.854154 6.289659 6.724012 7.157215 7.589274 8.020192 8.449975 8.878628 9.306157 9.732567 10.157863
0.128011 0.130907 0.134000 0.137179 0.140435 0.143779 0.147228 0.150802 0.154526 0.158426 0.162537 0.166897 0.171554 0.176565 0.182003 0.187960 0.194555 0.201948 0.210355 0.220084 0.231588 0.245562 0.263149 0.286379 0.319258 0.370878 0.465359 0.663453 1.010362 1.431856 1.871332 2.314684 2.758525 3.201837 3.644255 4.085629 4.525893 4.965014 5.402980 5.839785 6.275430 6.709916 7.143247 7.575428 8.006465 8.436361 8.865124 9.292757 9.719268 10.144662
0.124483 0.128605 0.132125 0.135521 0.138917 0.142360 0.145883 0.149514 0.153281 0.157215 0.161349 0.165722 0.170382 0.175385 0.180802 0.186722 0.193261 0.200571 0.208861 0.218425 0.229692 0.243319 0.260376 0.282746 0.314094 0.362605 0.449727 0.631796 0.964310 1.381504 1.819941 2.262983 2.706714 3.149988 3.592398 4.033779 4.474059 4.913204 5.351199 5.788038 6.223722 6.658251 7.091629 7.523861 7.954952 8.384907 8.813732 9.241432 9.668013 10.093480
0.124440 0.127184 0.130487 0.133888 0.137326 0.140812 0.144372 0.148031 0.151818 0.155760 0.159891 0.164249 0.168880 0.173837 0.179188 0.185017 0.191433 0.198581 0.206654 0.215924 0.226785 0.239834 0.256033 0.277041 0.306026 0.349867 0.426150 0.583218 0.888712 1.296679 1.732762 2.174985 2.618315 3.061334 3.503557 3.944789 4.384947 4.823990 5.261901 5.698673 6.134304 6.568795 7.002148 7.434369 7.865462 8.295430 8.724281 9.152018 9.578646 10.004172
0.121532 0.125527 0.128948 0.132307 0.135706 0.139171 0.142718 0.146367 0.150139 0.154058 0.158156 0.162467 0.167032 0.171903 0.177141 0.182825 0.189056 0.195965 0.203727 0.212587 0.222895 0.235173 0.250248 0.269517 0.295570 0.333824 0.397587 0.524281 0.787483 1.177505 1.609050 2.049775 2.492386 2.934952 3.376838 3.817800 4.257730 4.696582 5.134331 5.570968 6.006489 6.440893 6.874184 7.306362 7.737433 8.167400 8.596268 9.024041 9.450723 9.876320
0.122207 0.124295 0.127287 0.130533 0.133889 0.137328 0.140851 0.144470 0.148204 0.152075 0.156110 0.160339 0.164803 0.169546 0.174625 0.180113 0.186097 0.192696 0.200065 0.208416 0.218048 0.229403 0.243163 0.260452 0.283278 0.315661 0.366938 0.462888 0.669448 1.025215 1.447828 1.885941 2.327451 2.769386 3.210833 3.651456 4.091114 4.529743 4.967310 5.403802 5.839211 6.273536 6.706776 7.138933 7.570009 8.000008 8.428932 8.856784 9.283569 9.709290
0.116373 0.121068 0.124787 0.128267 0.131705 0.135165 0.138678 0.142265 0.145947 0.149748 0.153692 0.157809 0.162135 0.166711 0.171588 0.176829 0.182513 0.188741 0.195645 0.203406 0.212270 0.222598 0.234930 0.250132 0.269689 0.296423 0.336468 0.405760 0.550742 0.845400 1.248711 1.681902 2.121698 2.562816 3.003775 3.444065 3.883482 4.321934 4.759378 5.195790 5.631160 6.065483 6.498756 6.930979 7.362152 7.792277 8.221357 8.649391 9.076384 9.502337
0.116127 0.119022 0.122362 0.125780 0.129215 0.132667 0.136152 0.139689 0.143299 0.147005 0.150831 0.154805 0.158960 0.163333 0.167969 0.172921 0.178259 0.184066 0.190453 0.197567 0.205606 0.214853 0.225720 0.238847 0.255286 0.276929 0.307590 0.356343 0.449370 0.656132 1.014370 1.436600 1.873335 2.313323 2.753770 3.193803 3.633097 4.071510 4.508978 4.945465 5.380955 5.815438 6.248907 6.681361 7.112798 7.543218 7.972620 8.401005 8.828374 9.254729
0.113350 0.116352 0.119629 0.123006 0.126406 0.129813 0.133234 0.136688 0.140195 0.143776 0.147455 0.151258 0.155213 0.159353 0.163716 0.168349 0.173307 0.178660 0.184497 0.190934 0.198126 0.206286 0.215719 0.226879 0.240486 0.257756 0.280968 0.315025 0.372734 0.493726 0.759029 1.151468 1.581242 2.019257 2.459086 2.898980 3.338346 3.776949 4.214682 4.651492 5.087351 5.522242 5.956157 6.389088 6.821033 7.251988 7.681952 8.110924 8.538904 8.965890
0.107788 0.112463 0.116306 0.119823 0.123208 0.126541 0.129862 0.133198 0.136570 0.140000 0.143508 0.147117 0.150851 0.154738 0.158809 0.163102 0.167662 0.172545 0.177821 0.183578 0.189933 0.197043 0.205126 0.214495 0.225624 0.239274 0.256767 0.280681 0.316923 0.382437 0.530299 0.837924 1.246718 1.679894 2.118549 2.558348 2.998020 3.437111 3.875435 4.312900 4.749461 5.185092 5.619778 6.053509 6.486277 6.918078 7.348908 7.778766 8.207648 8.635553
0.106750 0.109886 0.113154 0.116399 0.119607 0.122792 0.125972 0.129163 0.132383 0.135647 0.138972 0.142376 0.145879 0.149502 0.153272 0.157218 0.161376 0.165789 0.170510 0.175605 0.181162 0.187291 0.194144 0.201931 0.210958 0.221690 0.234880 0.251868 0.275362 0.311999 0.382330 0.548836 0.880609 1.297134 1.732201 2.171489 2.611607 3.051502 3.490790 3.929305 4.366967 4.803735 5.239581 5.674492 6.108457 6.541469 6.973522 7.404612 7.834737 8.263894
0.103963 0.106569 0.109441 0.112432 0.115459 0.118495 0.121535 0.124584 0.127653 0.130751 0.133892 0.137089 0.140357 0.143715 0.147182 0.150782 0.154542 0.158495 0.162682 0.167152 0.171966 0.177202 0.182965 0.189393 0.196677 0.205099 0.215085 0.227333 0.243104 0.265040 0.300058 0.370609 0.542635 0.883048 1.303098 1.739502 2.179662 2.620535 3.061136 3.501112 3.940305 4.378639 4.816073 5.252582 5.688152 6.122772 6.556435 6.989137 7.420872 7.851639
0.098237 0.101550 0.104716 0.107767 0.110754 0.113708 0.116643 0.119568 0.122495 0.125431 0.128386 0.131373 0.134403 0.137492 0.140655 0.143911 0.147282 0.150793 0.154475 0.158363 0.162501 0.166943 0.171760 0.177042 0.182908 0.189526 0.197138 0.206110 0.217049 0.231058 0.250546 0.282185 0.347979 0.511382 0.846031 1.267122 1.704512 2.145855 2.587904 3.029669 3.470794 3.911118 4.350565 4.789095 5.226683 5.663315 6.098983 6.533679 6.967399 7.400140
0.092795 0.096649 0.099884 0.102911 0.105839 0.108708 0.111535 0.114329 0.117102 0.119860 0.122614 0.125375 0.128153 0.130962 0.133816 0.136729 0.139721 0.142810 0.146020 0.149376 0.152910 0.156660 0.160672 0.165005 0.169734 0.174958 0.180815 0.187503 0.195319 0.204755 0.216724 0.233289 0.260421 0.317645 0.460972 0.773649 1.193243 1.631051 2.073858 2.517406 2.960723 3.403382 3.845221 4.286157 4.726149 5.165173 5.603217 6.040272 6.476332 6.911396
0.090795 0.092887 0.095562 0.098336 0.101095 0.103809 0.106473 0.109087 0.111660 0.114198 0.116714 0.119216 0.121718 0.124230 0.126767 0.129341 0.131966 0.134658 0.137435 0.140316 0.143322 0.146481 0.149823 0.153386 0.157217 0.161376 0.165942 0.171023 0.176771 0.183419 0.191343 0.201260 0.214855 0.237111 0.283972 0.401071 0.674014 1.086297 1.523841 1.968154 2.413404 2.858550 3.303032 3.746677 4.189392 4.631133 5.071878 5.511612 5.950331 6.388033
0.085925 0.088835 0.091494 0.094107 0.096667 0.099159 0.101582 0.103941 0.106245 0.108505 0.110735 0.112945 0.115147 0.117353 0.119573 0.121819 0.124102 0.126434 0.128828 0.131298 0.133859 0.136530 0.139330 0.142284 0.145422 0.148780 0.152404 0.156354 0.160712 0.165592 0.171164 0.177708 0.185767 0.196658 0.214301 0.250894 0.341158 0.561253 0.951278 1.388392 1.833570 2.280681 2.727778 3.174272 3.619918 4.064615 4.508312 4.950986 5.392629 5.833246
0.082482 0.085121 0.087743 0.090199 0.092502 0.094686 0.096779 0.098804 0.100777 0.102716 0.104632 0.106537 0.108441 0.110352 0.112280 0.114233 0.116218 0.118244 0.120321 0.122456 0.124661 0.126948 0.129329 0.131820 0.134440 0.137211 0.140160 0.143322 0.146740 0.150475 0.154610 0.159265 0.164644 0.171145 0.179764 0.193439 0.221054 0.287642 0.453136 0.795152 1.230392 1.675146 2.124156 2.573191 3.021794 3.469552 3.916362 4.362165 4.806952 5.250762
0.079071 0.082101 0.084465 0.086502 0.088359 0.090110 0.091797 0.093448 0.095079 0.096702 0.098328 0.099962 0.101612 0.103281 0.104974 0.106696 0.108452 0.110246 0.112084 0.113971 0.115914 0.117920 0.119997 0.122155 0.124406 0.126763 0.129242 0.131865 0.134655 0.137646 0.140879 0.144414 0.148337 0.152790 0.158062 0.164884 0.175377 0.195780 0.243470 0.362027 0.632957 1.054319 1.498388 1.948622 2.399607 2.850312 3.300263 3.749324 4.197501 4.644955
0.078699 0.079958 0.081197 0.082451 0.083720 0.085010 0.086323 0.087661 0.089028 0.090424 0.091848 0.093303 0.094787 0.096301 0.097846 0.099423 0.101034 0.102681 0.104367 0.106094 0.107866 0.109687 0.111563 0.113500 0.115504 0.117585 0.119753 0.122019 0.124398 0.126910 0.129577 0.132429 0.135509 0.138877 0.142632 0.146982 0.152448 0.160522 0.175473 0.209051 0.291341 0.488286 0.864931 1.308971 1.758812 2.211827 2.664649 3.117118 3.569240 4.021634
0.076249 0.075931 0.076381 0.077147 0.078087 0.079144 0.080288 0.081502 0.082773 0.084092 0.085452 0.086849 0.088280 0.089742 0.091234 0.092755 0.094306 0.095887 0.097499 0.099145 0.100825 0.102543 0.104302 0.106107 0.107961 0.109871 0.111843 0.113885 0.116006 0.118218 0.120534 0.122971 0.125552 0.128306 0.131275 0.134532 0.138220 0.142710 0.149025 0.160037 0.183548 0.239717 0.376330 0.675853 1.111109 1.560188 2.015137 2.471334 2.929444 3.391064
0.066970 0.068548 0.069595 0.070622 0.071729 0.072920 0.074181 0.075497 0.076856 0.078251 0.079675 0.081124 0.082597 0.084091 0.085605 0.087139 0.088694 0.090269 0.091866 0.093487 0.095133 0.096807 0.098510 0.100247 0.102020 0.103834 0.105693 0.107603 0.109571 0.111603 0.113709 0.115900 0.118189 0.120592 0.123131 0.125837 0.128762 0.132008 0.135832 0.140931 0.149216 0.165816 0.204042 0.296692 0.513313 0.909630 1.361322 1.821938 2.293899 2.777276
0.060850 0.061573 0.062921 0.064421 0.065957 0.067500 0.069045 0.070589 0.072135 0.073682 0.075231 0.076784 0.078341 0.079904 0.081473 0.083051 0.084638 0.086237 0.087849 0.089475 0.091118 0.092781 0.094465 0.096173 0.097909 0.099675 0.101476 0.103316 0.105201 0.107135 0.109125 0.111179 0.113307 0.115519 0.117828 0.120253 0.122816 0.125557 0.128550 0.131979 0.136317 0.142844 0.154959 0.181496 0.244772 0.397685 0.729165 1.198220 1.707599 2.239421
0.053290 0.056108 0.058430 0.060514 0.062456 0.064301 0.066077 0.067804 0.069495 0.071158 0.072802 0.074432 0.076053 0.077667 0.079280 0.080892 0.082507 0.084127 0.085754 0.087391 0.089039 0.090703 0.092383 0.094082 0.095804 0.097552 0.099330 0.101141 0.102989 0.104880 0.106820 0.108814 0.110870 0.112998 0.115207 0.117510 0.119924 0.122470 0.125183 0.128129 0.131459 0.135564 0.141473 0.151914 0.174048 0.226728 0.361876 0.715169 1.295240 1.897473
