0.103206 0.382867 0.205347 0.105082
0.103396 0.383292 0.205927 0.105089
0.103766 0.384118 0.207058 0.105104
0.104301 0.385301 0.208682 0.105133
0.104975 0.386780 0.210719 0.105180
0.105762 0.388477 0.213078 0.105249
0.106635 0.390309 0.215660 0.105343
0.107565 0.392190 0.218371 0.105462
0.108530 0.394035 0.221124 0.105604
0.109512 0.395764 0.223848 0.105762
0.110495 0.397306 0.226487 0.105926
0.111473 0.398602 0.229002 0.106085
0.112441 0.399603 0.231371 0.106224
0.113400 0.400269 0.233585 0.106327
0.114350 0.400573 0.235648 0.106379
0.115298 0.400493 0.237575 0.106361
0.116247 0.400015 0.239385 0.106258
0.117204 0.399129 0.241102 0.106052
0.118173 0.397826 0.242751 0.105728
0.119159 0.396102 0.244358 0.105269
0.120167 0.393951 0.245947 0.104663
0.121201 0.391368 0.247538 0.103898
0.122266 0.388347 0.249149 0.102962
0.123364 0.384883 0.250793 0.101848
0.124502 0.380970 0.252484 0.100548
0.125682 0.376605 0.254229 0.099057
0.126910 0.371782 0.256035 0.097373
0.128191 0.366503 0.257905 0.095495
0.129529 0.360766 0.259840 0.093428
0.130928 0.354577 0.261831 0.091181
0.132391 0.347943 0.263864 0.088768
0.133918 0.340873 0.265913 0.086212
0.135507 0.333384 0.267942 0.083544
0.137156 0.325492 0.269898 0.080803
0.138857 0.317221 0.271716 0.078038
0.140601 0.308599 0.273315 0.075304
0.142376 0.299660 0.274602 0.072666
0.144167 0.290443 0.275473 0.070193
0.145956 0.280993 0.275816 0.067959
0.147722 0.271364 0.275511 0.066043
0.149442 0.261613 0.274440 0.064520
0.151089 0.251806 0.272485 0.063468
0.152634 0.242011 0.269533 0.062961
0.154044 0.232303 0.265480 0.063069
0.155286 0.222755 0.260231 0.063855
0.156321 0.213444 0.253704 0.065380
0.157110 0.204443 0.245829 0.067696
0.157611 0.195823 0.236551 0.070848
0.157780 0.187650 0.225829 0.074878
0.157573 0.179983 0.213635 0.079820
0.156946 0.172876 0.199954 0.085703
0.155852 0.166373 0.184787 0.092554
0.154249 0.160511 0.168151 0.100390
0.152096 0.155322 0.150090 0.109228
0.149359 0.150830 0.130685 0.119069
0.146014 0.147053 0.110085 0.129900
0.142054 0.144009 0.088560 0.141670
0.137500 0.141711 0.066597 0.154267
0.132415 0.140180 0.045028 0.167478
0.126913 0.139436 0.025217 0.180948
0.121159 0.139507 0.009215 0.194174
0.115336 0.140409 0.000001 0.206586
0.109568 0.142127 0.000001 0.217793
0.103800 0.144558 0.000001 0.227983
0.097997 0.147612 0.000001 0.237301
0.092138 0.151199 0.000001 0.245865
0.086218 0.155232 0.000001 0.253767
0.080249 0.159627 0.000001 0.261076
0.074255 0.164300 0.000001 0.267840
0.068269 0.169168 0.000001 0.274095
0.062335 0.174147 0.000001 0.279859
0.056500 0.179157 0.000001 0.285139
0.050816 0.184116 0.000001 0.289929
0.045335 0.188944 0.000001 0.294216
0.040109 0.193565 0.000001 0.297975
0.035187 0.197903 0.000001 0.301174
0.030614 0.201886 0.000001 0.303774
0.026430 0.205445 0.000001 0.305734
0.022669 0.208516 0.000001 0.307011
0.019357 0.211043 0.000001 0.307560
0.016514 0.212977 0.000001 0.307344
0.014151 0.214277 0.000001 0.306331
0.012272 0.214915 0.000001 0.304500
0.010868 0.214874 0.000001 0.301844
0.009926 0.214152 0.000001 0.298374
0.009420 0.212761 0.000001 0.294119
0.009320 0.210733 0.000001 0.289132
0.009584 0.208114 0.000001 0.283487
0.010165 0.204969 0.000001 0.277283
0.011009 0.201384 0.000001 0.270645
0.012059 0.197461 0.000001 0.263718
0.013254 0.193319 0.000001 0.256670
0.014529 0.189094 0.000001 0.249686
0.015820 0.184932 0.000001 0.242965
0.017067 0.180985 0.000001 0.236710
0.018209 0.177406 0.000001 0.231121
0.019195 0.174338 0.000001 0.226387
0.019977 0.171912 0.000001 0.222675
0.020519 0.170232 0.000001 0.220121
0.020797 0.169373 0.000001 0.218819
