0.045484 0.044472 0.043524 0.042594 0.041654 0.040692 0.039699 0.038676 0.037619 0.036529 0.035405 0.034246 0.033052 0.031822 0.030556 0.029251 0.027907 0.026524 0.025100 0.023634 0.022124 0.020570 0.018971 0.017325 0.015631 0.013888 0.012095 0.010250 0.008353 0.006401 0.004395 0.002332 0.000212 0.000001 0.000001 0.000001 0.000001 0.000001 0.000001 0.000001 0.000001 0.000001 0.000001 0.000001 0.000001 0.000001 0.000001 0.000001 0.000001 0.000001
0.045153 0.044454 0.043684 0.042834 0.041919 0.040955 0.039951 0.038911 0.037837 0.036729 0.035588 0.034413 0.033203 0.031958 0.030677 0.029359 0.028002 0.026606 0.025170 0.023692 0.022172 0.020608 0.018998 0.017342 0.015639 0.013886 0.012083 0.010230 0.008323 0.006363 0.004347 0.002276 0.000147 0.000001 0.000001 0.000001 0.000001 0.000001 0.000001 0.000001 0.000001 0.000001 0.000001 0.000001 0.000001 0.000001 0.000001 0.000001 0.000001 0.000001
0.045508 0.045176 0.044433 0.043529 0.042551 0.041529 0.040473 0.039386 0.038270 0.037124 0.035947 0.034738 0.033497 0.032222 0.030913 0.029568 0.028187 0.026767 0.025308 0.023808 0.022267 0.020682 0.019053 0.017377 0.015655 0.013884 0.012064 0.010192 0.008268 0.006291 0.004259 0.002170 0.000026 0.000001 0.000001 0.000001 0.000001 0.000001 0.000001 0.000001 0.000001 0.000001 0.000001 0.000001 0.000001 0.000001 0.000001 0.000001 0.000001 0.000001
0.048985 0.047238 0.045875 0.044668 0.043516 0.042378 0.041233 0.040072 0.038891 0.037687 0.036458 0.035201 0.033915 0.032598 0.031250 0.029868 0.028451 0.026998 0.025507 0.023977 0.022406 0.020793 0.019136 0.017434 0.015686 0.013889 0.012043 0.010147 0.008198 0.006196 0.004140 0.002027 0.000001 0.000001 0.000001 0.000001 0.000001 0.000001 0.000001 0.000001 0.000001 0.000001 0.000001 0.000001 0.000001 0.000001 0.000001 0.000001 0.000001 0.000001
0.050040 0.048434 0.047079 0.045813 0.044578 0.043352 0.042124 0.040886 0.039633 0.038363 0.037073 0.035760 0.034422 0.033057 0.031664 0.030239 0.028781 0.027289 0.025761 0.024194 0.022589 0.020942 0.019252 0.017517 0.015737 0.013909 0.012032 0.010105 0.008126 0.006094 0.004007 0.001864 0.000001 0.000001 0.000001 0.000001 0.000001 0.000001 0.000001 0.000001 0.000001 0.000001 0.000001 0.000001 0.000001 0.000001 0.000001 0.000001 0.000001 0.000001
0.049578 0.049040 0.048026 0.046843 0.045594 0.044318 0.043027 0.041724 0.040409 0.039079 0.037732 0.036366 0.034978 0.033565 0.032126 0.030658 0.029158 0.027626 0.026059 0.024455 0.022812 0.021128 0.019402 0.017633 0.015817 0.013955 0.012043 0.010081 0.008068 0.006001 0.003879 0.001702 0.000001 0.000001 0.000001 0.000001 0.000001 0.000001 0.000001 0.000001 0.000001 0.000001 0.000001 0.000001 0.000001 0.000001 0.000001 0.000001 0.000001 0.000001
0.051758 0.050449 0.049155 0.047846 0.046525 0.045195 0.043855 0.042505 0.041145 0.039771 0.038381 0.036973 0.035544 0.034091 0.032613 0.031106 0.029569 0.028000 0.026396 0.024755 0.023076 0.021357 0.019595 0.017789 0.015938 0.014039 0.012091 0.010092 0.008042 0.005938 0.003779 0.001563 0.000001 0.000001 0.000001 0.000001 0.000001 0.000001 0.000001 0.000001 0.000001 0.000001 0.000001 0.000001 0.000001 0.000001 0.000001 0.000001 0.000001 0.000001
0.053471 0.051611 0.050075 0.048660 0.047287 0.045925 0.044561 0.043190 0.041807 0.040409 0.038994 0.037559 0.036102 0.034621 0.033113 0.031577 0.030009 0.028408 0.026772 0.025099 0.023387 0.021634 0.019838 0.017997 0.016110 0.014176 0.012192 0.010156 0.008068 0.005926 0.003728 0.001473 0.000001 0.000001 0.000001 0.000001 0.000001 0.000001 0.000001 0.000001 0.000001 0.000001 0.000001 0.000001 0.000001 0.000001 0.000001 0.000001 0.000001 0.000001
0.052815 0.051777 0.050521 0.049205 0.047870 0.046524 0.045167 0.043796 0.042409 0.041005 0.039580 0.038132 0.036659 0.035160 0.033632 0.032074 0.030482 0.028856 0.027194 0.025493 0.023752 0.021969 0.020142 0.018269 0.016349 0.014380 0.012361 0.010290 0.008165 0.005985 0.003748 0.001454 0.000001 0.000001 0.000001 0.000001 0.000001 0.000001 0.000001 0.000001 0.000001 0.000001 0.000001 0.000001 0.000001 0.000001 0.000001 0.000001 0.000001 0.000001
0.053759 0.052318 0.051014 0.049720 0.048412 0.047087 0.045745 0.044383 0.043002 0.041599 0.040172 0.038719 0.037238 0.035728 0.034186 0.032611 0.031002 0.029356 0.027672 0.025948 0.024182 0.022373 0.020518 0.018616 0.016666 0.014666 0.012614 0.010509 0.008349 0.006133 0.003860 0.001527 0.000001 0.000001 0.000001 0.000001 0.000001 0.000001 0.000001 0.000001 0.000001 0.000001 0.000001 0.000001 0.000001 0.000001 0.000001 0.000001 0.000001 0.000001
0.053575 0.052754 0.051577 0.050310 0.049013 0.047699 0.046366 0.045013 0.043637 0.042236 0.040808 0.039351 0.037864 0.036345 0.034793 0.033206 0.031582 0.029920 0.028218 0.026474 0.024687 0.022855 0.020976 0.019049 0.017072 0.015044 0.012963 0.010827 0.008635 0.006385 0.004076 0.001708 0.000001 0.000001 0.000001 0.000001 0.000001 0.000001 0.000001 0.000001 0.000001 0.000001 0.000001 0.000001 0.000001 0.000001 0.000001 0.000001 0.000001 0.000001
0.055949 0.053832 0.052336 0.051001 0.049700 0.048393 0.047068 0.045719 0.044344 0.042942 0.041510 0.040048 0.038554 0.037027 0.035465 0.033867 0.032230 0.030554 0.028837 0.027077 0.025272 0.023421 0.021522 0.019573 0.017573 0.015520 0.013413 0.011250 0.009029 0.006750 0.004410 0.002009 0.000001 0.000001 0.000001 0.000001 0.000001 0.000001 0.000001 0.000001 0.000001 0.000001 0.000001 0.000001 0.000001 0.000001 0.000001 0.000001 0.000001 0.000001
0.054148 0.053845 0.052866 0.051700 0.050460 0.049175 0.047856 0.046507 0.045127 0.043718 0.042279 0.040809 0.039307 0.037771 0.036200 0.034592 0.032945 0.031258 0.029528 0.027755 0.025936 0.024070 0.022155 0.020189 0.018170 0.016097 0.013969 0.011783 0.009539 0.007234 0.004868 0.002439 0.000001 0.000001 0.000001 0.000001 0.000001 0.000001 0.000001 0.000001 0.000001 0.000001 0.000001 0.000001 0.000001 0.000001 0.000001 0.000001 0.000001 0.000001
0.056826 0.055093 0.053845 0.052625 0.051362 0.050059 0.048722 0.047355 0.045962 0.044541 0.043092 0.041614 0.040104 0.038562 0.036984 0.035369 0.033716 0.032021 0.030284 0.028503 0.026674 0.024798 0.022872 0.020893 0.018861 0.016774 0.014630 0.012428 0.010165 0.007841 0.005454 0.003002 0.000485 0.000001 0.000001 0.000001 0.000001 0.000001 0.000001 0.000001 0.000001 0.000001 0.000001 0.000001 0.000001 0.000001 0.000001 0.000001 0.000001 0.000001
0.056496 0.056134 0.055003 0.053693 0.052342 0.050978 0.049601 0.048210 0.046801 0.045371 0.043916 0.042434 0.040922 0.039378 0.037799 0.036183 0.034529 0.032833 0.031094 0.029310 0.027478 0.025598 0.023666 0.021682 0.019643 0.017548 0.015394 0.013181 0.010907 0.008569 0.006168 0.003700 0.001166 0.000001 0.000001 0.000001 0.000001 0.000001 0.000001 0.000001 0.000001 0.000001 0.000001 0.000001 0.000001 0.000001 0.000001 0.000001 0.000001 0.000001
0.060655 0.058028 0.056194 0.054641 0.053195 0.051789 0.050396 0.048999 0.047591 0.046164 0.044716 0.043241 0.041737 0.040200 0.038629 0.037020 0.035372 0.033683 0.031949 0.030169 0.028342 0.026464 0.024534 0.022551 0.020512 0.018415 0.016260 0.014043 0.011764 0.009421 0.007012 0.004536 0.001991 0.000001 0.000001 0.000001 0.000001 0.000001 0.000001 0.000001 0.000001 0.000001 0.000001 0.000001 0.000001 0.000001 0.000001 0.000001 0.000001 0.000001
0.059401 0.057838 0.056440 0.055085 0.053741 0.052398 0.051048 0.049685 0.048306 0.046905 0.045479 0.044025 0.042540 0.041022 0.039468 0.037875 0.036242 0.034566 0.032845 0.031077 0.029261 0.027393 0.025473 0.023498 0.021466 0.019376 0.017225 0.015013 0.012737 0.010395 0.007987 0.005510 0.002964 0.000373 0.000001 0.000001 0.000001 0.000001 0.000001 0.000001 0.000001 0.000001 0.000001 0.000001 0.000001 0.000001 0.000001 0.000001 0.000001 0.000001
0.057034 0.057183 0.056400 0.055317 0.054125 0.052882 0.051606 0.050302 0.048970 0.047610 0.046219 0.044797 0.043341 0.041849 0.040320 0.038751 0.037140 0.035485 0.033784 0.032036 0.030238 0.028388 0.026484 0.024524 0.022507 0.020431 0.018293 0.016093 0.013827 0.011496 0.009096 0.006627 0.004087 0.001475 0.000001 0.000001 0.000001 0.000001 0.000001 0.000001 0.000001 0.000001 0.000001 0.000001 0.000001 0.000001 0.000001 0.000001 0.000001 0.000001
0.060265 0.058258 0.056914 0.055735 0.054574 0.053390 0.052173 0.050922 0.049637 0.048319 0.046967 0.045580 0.044157 0.042697 0.041198 0.039658 0.038076 0.036448 0.034774 0.033052 0.031279 0.029453 0.027573 0.025636 0.023641 0.021586 0.019469 0.017288 0.015041 0.012727 0.010344 0.007891 0.005365 0.002767 0.000189 0.000001 0.000001 0.000001 0.000001 0.000001 0.000001 0.000001 0.000001 0.000001 0.000001 0.000001 0.000001 0.000001 0.000001 0.000001
0.059342 0.058315 0.057302 0.056246 0.055143 0.053998 0.052816 0.051599 0.050349 0.049065 0.047748 0.046396 0.045008 0.043583 0.042118 0.040611 0.039062 0.037467 0.035825 0.034134 0.032392 0.030597 0.028747 0.026840 0.024874 0.022847 0.020758 0.018604 0.016383 0.014095 0.011737 0.009308 0.006805 0.004228 0.001581 0.000001 0.000001 0.000001 0.000001 0.000001 0.000001 0.000001 0.000001 0.000001 0.000001 0.000001 0.000001 0.000001 0.000001 0.000001
0.058807 0.058798 0.058008 0.056978 0.055866 0.054715 0.053539 0.052339 0.051113 0.049859 0.048575 0.047258 0.045906 0.044518 0.043090 0.041621 0.040109 0.038552 0.036947 0.035293 0.033588 0.031830 0.030016 0.028145 0.026214 0.024223 0.022168 0.020048 0.017861 0.015606 0.013281 0.010883 0.008412 0.005866 0.003243 0.000634 0.000001 0.000001 0.000001 0.000001 0.000001 0.000001 0.000001 0.000001 0.000001 0.000001 0.000001 0.000001 0.000001 0.000001
0.062921 0.060633 0.059103 0.057816 0.056617 0.055447 0.054280 0.053104 0.051910 0.050692 0.049446 0.048169 0.046858 0.045511 0.044125 0.042698 0.041229 0.039713 0.038151 0.036539 0.034876 0.033160 0.031388 0.029558 0.027670 0.025719 0.023706 0.021627 0.019481 0.017267 0.014982 0.012624 0.010192 0.007685 0.005100 0.002443 0.000001 0.000001 0.000001 0.000001 0.000001 0.000001 0.000001 0.000001 0.000001 0.000001 0.000001 0.000001 0.000001 0.000001
0.061839 0.060614 0.059411 0.058278 0.057179 0.056088 0.054988 0.053870 0.052730 0.051563 0.050366 0.049137 0.047873 0.046572 0.045233 0.043853 0.042429 0.040961 0.039445 0.037880 0.036263 0.034594 0.032869 0.031087 0.029245 0.027343 0.025377 0.023346 0.021248 0.019081 0.016843 0.014533 0.012148 0.009688 0.007150 0.004534 0.001867 0.000001 0.000001 0.000001 0.000001 0.000001 0.000001 0.000001 0.000001 0.000001 0.000001 0.000001 0.000001 0.000001
0.060343 0.059960 0.059349 0.058567 0.057680 0.056726 0.055723 0.054682 0.053606 0.052496 0.051353 0.050176 0.048962 0.047712 0.046422 0.045091 0.043717 0.042298 0.040833 0.039319 0.037753 0.036135 0.034463 0.032733 0.030944 0.029095 0.027182 0.025205 0.023161 0.021049 0.018866 0.016611 0.014282 0.011877 0.009394 0.006833 0.004194 0.001552 0.000001 0.000001 0.000001 0.000001 0.000001 0.000001 0.000001 0.000001 0.000001 0.000001 0.000001 0.000001
0.060484 0.060511 0.060010 0.059290 0.058456 0.057553 0.056601 0.055609 0.054581 0.053520 0.052426 0.051298 0.050134 0.048933 0.047694 0.046414 0.045093 0.043727 0.042315 0.040855 0.039345 0.037782 0.036166 0.034493 0.032763 0.030972 0.029119 0.027203 0.025220 0.023169 0.021048 0.018856 0.016590 0.014249 0.011830 0.009333 0.006756 0.004105 0.001501 0.000001 0.000001 0.000001 0.000001 0.000001 0.000001 0.000001 0.000001 0.000001 0.000001 0.000001
0.064430 0.062707 0.061519 0.060504 0.059543 0.058592 0.057633 0.056656 0.055657 0.054633 0.053580 0.052496 0.051380 0.050229 0.049041 0.047815 0.046547 0.045237 0.043882 0.042479 0.041028 0.039526 0.037971 0.036361 0.034694 0.032968 0.031181 0.029331 0.027416 0.025434 0.023383 0.021262 0.019067 0.016798 0.014452 0.012029 0.009525 0.006941 0.004289 0.001702 0.000001 0.000001 0.000001 0.000001 0.000001 0.000001 0.000001 0.000001 0.000001 0.000001
0.065035 0.063805 0.062650 0.061596 0.060605 0.059645 0.058695 0.057740 0.056773 0.055787 0.054777 0.053741 0.052675 0.051576 0.050443 0.049272 0.048063 0.046812 0.045517 0.044178 0.042791 0.041354 0.039866 0.038324 0.036727 0.035072 0.033357 0.031581 0.029741 0.027835 0.025862 0.023819 0.021704 0.019516 0.017252 0.014911 0.012492 0.009991 0.007410 0.004764 0.002170 0.000066 0.000001 0.000001 0.000001 0.000001 0.000001 0.000001 0.000001 0.000001
0.064579 0.063900 0.063120 0.062280 0.061417 0.060543 0.059660 0.058765 0.057854 0.056923 0.055969 0.054990 0.053981 0.052942 0.051869 0.050761 0.049615 0.048429 0.047202 0.045930 0.044613 0.043248 0.041833 0.040366 0.038845 0.037268 0.035633 0.033937 0.032180 0.030358 0.028471 0.026515 0.024489 0.022390 0.020218 0.017970 0.015643 0.013238 0.010750 0.008182 0.005550 0.002946 0.000730 0.000001 0.000001 0.000001 0.000001 0.000001 0.000001 0.000001
0.064427 0.064030 0.063429 0.062755 0.062036 0.061282 0.060500 0.059692 0.058860 0.058002 0.057119 0.056209 0.055269 0.054298 0.053295 0.052256 0.051181 0.050068 0.048914 0.047718 0.046478 0.045191 0.043856 0.042471 0.041033 0.039541 0.037993 0.036387 0.034720 0.032991 0.031197 0.029337 0.027408 0.025409 0.023337 0.021191 0.018968 0.016667 0.014286 0.011823 0.009279 0.006668 0.004060 0.001681 0.000001 0.000001 0.000001 0.000001 0.000001 0.000001
0.065294 0.064399 0.063795 0.063211 0.062595 0.061943 0.061257 0.060540 0.059794 0.059019 0.058216 0.057383 0.056521 0.055628 0.054701 0.053741 0.052745 0.051712 0.050639 0.049526 0.048370 0.047169 0.045921 0.044625 0.043278 0.041879 0.040426 0.038916 0.037348 0.035719 0.034028 0.032272 0.030449 0.028558 0.026596 0.024561 0.022452 0.020266 0.018000 0.015655 0.013227 0.010718 0.008138 0.005531 0.003018 0.000942 0.000001 0.000001 0.000001 0.000001
0.064495 0.064586 0.064214 0.063717 0.063170 0.062589 0.061980 0.061344 0.060679 0.059987 0.059267 0.058517 0.057738 0.056928 0.056086 0.055211 0.054301 0.053354 0.052370 0.051346 0.050280 0.049172 0.048019 0.046819 0.045570 0.044271 0.042920 0.041514 0.040052 0.038532 0.036951 0.035307 0.033599 0.031825 0.029981 0.028067 0.026080 0.024018 0.021879 0.019661 0.017362 0.014981 0.012517 0.009979 0.007392 0.004836 0.002469 0.000586 0.000001 0.000001
0.066233 0.065385 0.064800 0.064274 0.063756 0.063230 0.062687 0.062124 0.061538 0.060927 0.060290 0.059626 0.058933 0.058210 0.057456 0.056670 0.055851 0.054997 0.054106 0.053177 0.052209 0.051199 0.050146 0.049049 0.047905 0.046712 0.045469 0.044174 0.042825 0.041420 0.039957 0.038433 0.036847 0.035196 0.033480 0.031694 0.029838 0.027909 0.025905 0.023824 0.021664 0.019423 0.017100 0.014693 0.012207 0.009658 0.007087 0.004592 0.002340 0.000550
0.066409 0.065724 0.065206 0.064747 0.064301 0.063849 0.063382 0.062896 0.062390 0.061861 0.061308 0.060729 0.060123 0.059489 0.058827 0.058133 0.057408 0.056649 0.055856 0.055026 0.054159 0.053253 0.052305 0.051315 0.050280 0.049200 0.048071 0.046892 0.045662 0.044377 0.043037 0.041640 0.040182 0.038663 0.037079 0.035430 0.033712 0.031924 0.030063 0.028127 0.026114 0.024023 0.021850 0.019594 0.017255 0.014833 0.012338 0.009794 0.007246 0.004794
0.065269 0.065540 0.065414 0.065148 0.064824 0.064467 0.064085 0.063682 0.063257 0.062810 0.062340 0.061847 0.061329 0.060785 0.060214 0.059615 0.058985 0.058324 0.057631 0.056903 0.056140 0.055340 0.054501 0.053622 0.052700 0.051735 0.050724 0.049666 0.048558 0.047399 0.046187 0.044920 0.043596 0.042213 0.040768 0.039260 0.037687 0.036045 0.034334 0.032550 0.030692 0.028757 0.026744 0.024649 0.022471 0.020209 0.017862 0.015436 0.012942 0.010406
0.066548 0.066174 0.065932 0.065694 0.065431 0.065145 0.064836 0.064508 0.064161 0.063795 0.063408 0.063000 0.062570 0.062116 0.061636 0.061131 0.060598 0.060036 0.059444 0.058819 0.058162 0.057469 0.056740 0.055973 0.055167 0.054319 0.053429 0.052493 0.051511 0.050481 0.049400 0.048267 0.047080 0.045837 0.044535 0.043172 0.041747 0.040257 0.038700 0.037073 0.035375 0.033603 0.031754 0.029827 0.027820 0.025729 0.023553 0.021292 0.018947 0.016523
0.067160 0.066855 0.066610 0.066374 0.066138 0.065897 0.065648 0.065389 0.065116 0.064829 0.064524 0.064201 0.063858 0.063493 0.063106 0.062695 0.062258 0.061795 0.061303 0.060782 0.060230 0.059646 0.059028 0.058374 0.057683 0.056954 0.056185 0.055373 0.054518 0.053617 0.052669 0.051672 0.050623 0.049521 0.048364 0.047149 0.045875 0.044539 0.043139 0.041673 0.040139 0.038533 0.036854 0.035100 0.033267 0.031354 0.029359 0.027278 0.025111 0.022858
0.067433 0.067482 0.067274 0.067058 0.066862 0.066679 0.066498 0.066314 0.066120 0.065914 0.065693 0.065456 0.065201 0.064926 0.064631 0.064313 0.063973 0.063607 0.063216 0.062797 0.062350 0.061873 0.061365 0.060823 0.060248 0.059636 0.058987 0.058299 0.057570 0.056799 0.055983 0.055121 0.054211 0.053251 0.052239 0.051173 0.050051 0.048870 0.047629 0.046325 0.044955 0.043518 0.042012 0.040433 0.038779 0.037047 0.035236 0.033343 0.031365 0.029300
0.069074 0.068042 0.067738 0.067612 0.067529 0.067452 0.067369 0.067276 0.067171 0.067053 0.066919 0.066770 0.066603 0.066418 0.066214 0.065989 0.065743 0.065474 0.065181 0.064864 0.064519 0.064148 0.063747 0.063316 0.062854 0.062358 0.061827 0.061261 0.060656 0.060013 0.059328 0.058600 0.057827 0.057007 0.056139 0.055221 0.054249 0.053223 0.052140 0.050998 0.049794 0.048526 0.047192 0.045789 0.044315 0.042767 0.041143 0.039439 0.037654 0.035785
0.066086 0.067427 0.067897 0.068102 0.068206 0.068262 0.068289 0.068294 0.068281 0.068252 0.068206 0.068144 0.068065 0.067968 0.067853 0.067719 0.067565 0.067390 0.067193 0.066974 0.066730 0.066460 0.066164 0.065841 0.065488 0.065105 0.064690 0.064242 0.063759 0.063240 0.062683 0.062086 0.061447 0.060766 0.060039 0.059265 0.058442 0.057568 0.056641 0.055659 0.054619 0.053518 0.052356 0.051128 0.049833 0.048468 0.047031 0.045518 0.043927 0.042255
0.068660 0.068547 0.068720 0.068908 0.069069 0.069201 0.069309 0.069396 0.069466 0.069518 0.069555 0.069575 0.069580 0.069568 0.069539 0.069492 0.069427 0.069342 0.069238 0.069112 0.068964 0.068794 0.068599 0.068379 0.068132 0.067858 0.067554 0.067220 0.066855 0.066456 0.066022 0.065552 0.065044 0.064496 0.063907 0.063274 0.062596 0.061871 0.061096 0.060270 0.059391 0.058455 0.057461 0.056406 0.055288 0.054104 0.052851 0.051527 0.050130 0.048655
0.069594 0.069674 0.069781 0.069932 0.070101 0.070270 0.070432 0.070582 0.070720 0.070844 0.070955 0.071052 0.071134 0.071201 0.071253 0.071288 0.071307 0.071309 0.071292 0.071256 0.071201 0.071124 0.071026 0.070904 0.070759 0.070588 0.070392 0.070167 0.069914 0.069631 0.069316 0.068968 0.068585 0.068166 0.067709 0.067213 0.066675 0.066093 0.065466 0.064791 0.064067 0.063292 0.062462 0.061575 0.060629 0.059622 0.058551 0.057413 0.056205 0.054925
0.070440 0.070562 0.070752 0.070959 0.071175 0.071391 0.071605 0.071812 0.072011 0.072200 0.072378 0.072545 0.072699 0.072840 0.072967 0.073080 0.073178 0.073261 0.073327 0.073376 0.073408 0.073420 0.073413 0.073385 0.073336 0.073264 0.073169 0.073049 0.072903 0.072730 0.072528 0.072296 0.072033 0.071738 0.071407 0.071041 0.070637 0.070193 0.069708 0.069179 0.068605 0.067983 0.067311 0.066587 0.065809 0.064973 0.064078 0.063120 0.062097 0.061006
0.070710 0.071259 0.071620 0.071928 0.072216 0.072494 0.072766 0.073031 0.073290 0.073541 0.073782 0.074015 0.074236 0.074447 0.074645 0.074831 0.075004 0.075163 0.075307 0.075437 0.075550 0.075647 0.075726 0.075787 0.075829 0.075850 0.075851 0.075830 0.075785 0.075716 0.075621 0.075500 0.075351 0.075172 0.074962 0.074719 0.074442 0.074129 0.073779 0.073389 0.072958 0.072483 0.071962 0.071394 0.070776 0.070104 0.069378 0.068594 0.067749 0.066841
0.072056 0.072189 0.072507 0.072850 0.073191 0.073527 0.073858 0.074183 0.074503 0.074815 0.075119 0.075415 0.075702 0.075979 0.076245 0.076500 0.076744 0.076975 0.077194 0.077399 0.077590 0.077766 0.077927 0.078072 0.078199 0.078309 0.078401 0.078472 0.078523 0.078552 0.078559 0.078542 0.078499 0.078430 0.078333 0.078207 0.078051 0.077862 0.077639 0.077380 0.077083 0.076748 0.076370 0.075949 0.075482 0.074967 0.074401 0.073782 0.073107 0.072374
0.072166 0.072821 0.073251 0.073646 0.074041 0.074436 0.074829 0.075217 0.075600 0.075976 0.076343 0.076703 0.077054 0.077395 0.077727 0.078049 0.078360 0.078661 0.078950 0.079227 0.079492 0.079744 0.079982 0.080205 0.080414 0.080607 0.080783 0.080942 0.081083 0.081204 0.081306 0.081386 0.081443 0.081477 0.081486 0.081470 0.081425 0.081352 0.081248 0.081112 0.080942 0.080736 0.080492 0.080209 0.079885 0.079516 0.079101 0.078637 0.078121 0.077552
0.073366 0.073424 0.073786 0.074233 0.074703 0.075174 0.075640 0.076098 0.076547 0.076988 0.077419 0.077842 0.078256 0.078661 0.079057 0.079443 0.079820 0.080187 0.080544 0.080890 0.081225 0.081549 0.081860 0.082158 0.082443 0.082714 0.082970 0.083211 0.083435 0.083643 0.083832 0.084003 0.084153 0.084283 0.084390 0.084474 0.084534 0.084568 0.084574 0.084551 0.084498 0.084413 0.084293 0.084138 0.083945 0.083711 0.083436 0.083116 0.082748 0.082331
0.072432 0.073268 0.073961 0.074590 0.075180 0.075743 0.076285 0.076813 0.077327 0.077831 0.078325 0.078810 0.079285 0.079753 0.080211 0.080661 0.081101 0.081533 0.081955 0.082367 0.082768 0.083159 0.083540 0.083908 0.084264 0.084608 0.084939 0.085256 0.085558 0.085845 0.086115 0.086369 0.086606 0.086823 0.087021 0.087197 0.087352 0.087484 0.087590 0.087671 0.087725 0.087749 0.087743 0.087704 0.087631 0.087521 0.087373 0.087184 0.086952 0.086674
0.072301 0.073343 0.074183 0.074903 0.075559 0.076180 0.076780 0.077364 0.077936 0.078499 0.079052 0.079597 0.080133 0.080661 0.081180 0.081691 0.082193 0.082686 0.083170 0.083645 0.084110 0.084565 0.085010 0.085444 0.085867 0.086278 0.086677 0.087064 0.087437 0.087797 0.088142 0.088471 0.088785 0.089082 0.089361 0.089621 0.089862 0.090081 0.090279 0.090453 0.090602 0.090725 0.090820 0.090885 0.090919 0.090920 0.090886 0.090815 0.090704 0.090550
0.073235 0.073962 0.074586 0.075212 0.075847 0.076484 0.077119 0.077750 0.078375 0.078993 0.079604 0.080207 0.080802 0.081389 0.081967 0.082537 0.083098 0.083650 0.084193 0.084726 0.085250 0.085764 0.086269 0.086763 0.087246 0.087719 0.088181 0.088630 0.089068 0.089493 0.089904 0.090302 0.090685 0.091052 0.091404 0.091738 0.092054 0.092352 0.092629 0.092885 0.093118 0.093327 0.093511 0.093668 0.093797 0.093894 0.093960 0.093991 0.093986 0.093941
0.074512 0.074304 0.074693 0.075274 0.075924 0.076600 0.077284 0.077970 0.078652 0.079328 0.079997 0.080658 0.081310 0.081954 0.082588 0.083213 0.083829 0.084435 0.085032 0.085619 0.086197 0.086765 0.087323 0.087871 0.088409 0.088936 0.089453 0.089958 0.090452 0.090935 0.091404 0.091861 0.092304 0.092733 0.093147 0.093546 0.093928 0.094292 0.094638 0.094964 0.095269 0.095553 0.095812 0.096047 0.096256 0.096436 0.096586 0.096704 0.096788 0.096836
0.071763 0.073198 0.074149 0.074973 0.075759 0.076531 0.077295 0.078051 0.078797 0.079535 0.080262 0.080978 0.081685 0.082380 0.083066 0.083741 0.084405 0.085060 0.085705 0.086339 0.086964 0.087579 0.088184 0.088780 0.089365 0.089939 0.090504 0.091057 0.091600 0.092131 0.092650 0.093157 0.093651 0.094132 0.094599 0.095051 0.095488 0.095908 0.096310 0.096695 0.097060 0.097404 0.097726 0.098025 0.098299 0.098547 0.098766 0.098955 0.099111 0.099234
0.071897 0.072757 0.073709 0.074633 0.075524 0.076388 0.077231 0.078056 0.078864 0.079658 0.080437 0.081202 0.081955 0.082696 0.083424 0.084142 0.084848 0.085544 0.086229 0.086904 0.087569 0.088224 0.088868 0.089503 0.090128 0.090742 0.091346 0.091940 0.092522 0.093094 0.093654 0.094202 0.094738 0.095261 0.095770 0.096265 0.096746 0.097210 0.097658 0.098089 0.098501 0.098893 0.099264 0.099612 0.099937 0.100236 0.100508 0.100751 0.100963 0.101142
0.071435 0.072475 0.073452 0.074416 0.075360 0.076280 0.077175 0.078048 0.078900 0.079734 0.080551 0.081354 0.082142 0.082918 0.083681 0.084432 0.085172 0.085902 0.086620 0.087328 0.088025 0.088713 0.089390 0.090057 0.090714 0.091360 0.091996 0.092622 0.093236 0.093840 0.094432 0.095012 0.095580 0.096136 0.096678 0.097206 0.097719 0.098217 0.098698 0.099163 0.099609 0.100035 0.100441 0.100825 0.101186 0.101521 0.101830 0.102110 0.102360 0.102577
0.071520 0.072356 0.073342 0.074331 0.075296 0.076235 0.077148 0.078040 0.078913 0.079769 0.080610 0.081437 0.082251 0.083052 0.083841 0.084619 0.085386 0.086142 0.086887 0.087622 0.088346 0.089060 0.089763 0.090456 0.091139 0.091810 0.092471 0.093121 0.093760 0.094388 0.095004 0.095608 0.096199 0.096777 0.097342 0.097893 0.098428 0.098948 0.099452 0.099938 0.100406 0.100854 0.101281 0.101686 0.102068 0.102424 0.102753 0.103054 0.103324 0.103561
0.070764 0.072212 0.073320 0.074315 0.075264 0.076186 0.077092 0.077984 0.078863 0.079731 0.080587 0.081432 0.082266 0.083089 0.083901 0.084702 0.085493 0.086272 0.087040 0.087797 0.088544 0.089279 0.090004 0.090717 0.091420 0.092111 0.092791 0.093459 0.094115 0.094760 0.095392 0.096011 0.096617 0.097209 0.097788 0.098351 0.098899 0.099430 0.099945 0.100441 0.100918 0.101375 0.101810 0.102223 0.102611 0.102973 0.103307 0.103612 0.103884 0.104123
0.071822 0.072495 0.073328 0.074205 0.075098 0.075996 0.076896 0.077792 0.078685 0.079570 0.080447 0.081316 0.082174 0.083021 0.083858 0.084683 0.085496 0.086298 0.087088 0.087866 0.088632 0.089387 0.090129 0.090859 0.091577 0.092282 0.092976 0.093656 0.094324 0.094978 0.095619 0.096247 0.096860 0.097458 0.098041 0.098608 0.099158 0.099691 0.100206 0.100701 0.101176 0.101630 0.102060 0.102467 0.102847 0.103200 0.103524 0.103816 0.104075 0.104298
0.071273 0.071989 0.072808 0.073688 0.074601 0.075531 0.076468 0.077405 0.078338 0.079263 0.080178 0.081082 0.081974 0.082853 0.083719 0.084572 0.085412 0.086238 0.087050 0.087848 0.088633 0.089404 0.090161 0.090905 0.091634 0.092350 0.093052 0.093739 0.094412 0.095071 0.095715 0.096343 0.096955 0.097552 0.098131 0.098693 0.099237 0.099762 0.100267 0.100751 0.101212 0.101651 0.102064 0.102452 0.102811 0.103141 0.103439 0.103704 0.103932 0.104122
0.069471 0.070598 0.071659 0.072711 0.073760 0.074802 0.075834 0.076851 0.077854 0.078841 0.079810 0.080763 0.081698 0.082617 0.083518 0.084402 0.085269 0.086120 0.086954 0.087772 0.088574 0.089359 0.090129 0.090882 0.091620 0.092341 0.093047 0.093737 0.094410 0.095067 0.095707 0.096329 0.096935 0.097522 0.098090 0.098639 0.099167 0.099675 0.100160 0.100623 0.101060 0.101473 0.101858 0.102214 0.102540 0.102833 0.103091 0.103313 0.103496 0.103636
0.067766 0.069024 0.070322 0.071590 0.072815 0.073997 0.075143 0.076255 0.077337 0.078392 0.079421 0.080425 0.081406 0.082364 0.083300 0.084215 0.085109 0.085983 0.086837 0.087672 0.088488 0.089284 0.090063 0.090822 0.091564 0.092287 0.092992 0.093678 0.094346 0.094996 0.095626 0.096237 0.096828 0.097399 0.097948 0.098476 0.098981 0.099463 0.099920 0.100351 0.100756 0.101131 0.101477 0.101790 0.102070 0.102313 0.102519 0.102684 0.102806 0.102881
0.066071 0.067771 0.069319 0.070747 0.072088 0.073364 0.074588 0.075769 0.076912 0.078020 0.079097 0.080143 0.081162 0.082153 0.083118 0.084059 0.084975 0.085867 0.086737 0.087584 0.088409 0.089213 0.089995 0.090756 0.091497 0.092217 0.092916 0.093594 0.094251 0.094887 0.095502 0.096095 0.096666 0.097213 0.097737 0.098237 0.098711 0.099159 0.099579 0.099971 0.100332 0.100661 0.100956 0.101216 0.101438 0.101620 0.101760 0.101854 0.101901 0.101896
0.065675 0.067524 0.069028 0.070417 0.071746 0.073031 0.074275 0.075482 0.076655 0.077793 0.078898 0.079972 0.081015 0.082029 0.083014 0.083971 0.084902 0.085806 0.086684 0.087538 0.088367 0.089172 0.089953 0.090711 0.091446 0.092157 0.092845 0.093510 0.094151 0.094769 0.095362 0.095931 0.096475 0.096994 0.097486 0.097950 0.098386 0.098792 0.099168 0.099511 0.099820 0.100093 0.100329 0.100525 0.100678 0.100787 0.100849 0.100860 0.100818 0.100719
0.067620 0.068107 0.069187 0.070416 0.071678 0.072935 0.074173 0.075384 0.076567 0.077718 0.078838 0.079927 0.080983 0.082009 0.083005 0.083972 0.084909 0.085818 0.086700 0.087554 0.088381 0.089183 0.089958 0.090707 0.091431 0.092128 0.092801 0.093447 0.094068 0.094662 0.095229 0.095769 0.096281 0.096764 0.097217 0.097640 0.098031 0.098389 0.098712 0.098999 0.099248 0.099457 0.099624 0.099746 0.099821 0.099846 0.099818 0.099735 0.099591 0.099384
0.065601 0.067596 0.069028 0.070351 0.071647 0.072925 0.074179 0.075405 0.076600 0.077763 0.078893 0.079991 0.081056 0.082089 0.083090 0.084060 0.085000 0.085909 0.086789 0.087640 0.088461 0.089255 0.090020 0.090756 0.091465 0.092146 0.092798 0.093422 0.094017 0.094583 0.095119 0.095625 0.096100 0.096543 0.096952 0.097328 0.097668 0.097971 0.098235 0.098458 0.098640 0.098776 0.098865 0.098905 0.098891 0.098822 0.098694 0.098504 0.098247 0.097919
0.066732 0.067475 0.068796 0.070201 0.071584 0.072926 0.074225 0.075482 0.076700 0.077881 0.079025 0.080133 0.081207 0.082246 0.083252 0.084224 0.085164 0.086072 0.086948 0.087793 0.088607 0.089390 0.090142 0.090864 0.091555 0.092215 0.092844 0.093442 0.094008 0.094543 0.095044 0.095512 0.095945 0.096343 0.096704 0.097027 0.097310 0.097552 0.097751 0.097905 0.098011 0.098067 0.098071 0.098019 0.097908 0.097736 0.097497 0.097189 0.096807 0.096346
0.064000 0.066579 0.068451 0.070066 0.071553 0.072958 0.074301 0.075592 0.076836 0.078039 0.079201 0.080324 0.081409 0.082458 0.083470 0.084447 0.085388 0.086295 0.087168 0.088007 0.088813 0.089584 0.090323 0.091028 0.091699 0.092337 0.092941 0.093511 0.094046 0.094545 0.095009 0.095435 0.095823 0.096171 0.096479 0.096745 0.096967 0.097142 0.097270 0.097348 0.097372 0.097341 0.097252 0.097101 0.096884 0.096599 0.096240 0.095804 0.095286 0.094681
0.065609 0.067078 0.068646 0.070170 0.071634 0.073045 0.074406 0.075721 0.076990 0.078217 0.079401 0.080543 0.081645 0.082707 0.083730 0.084714 0.085660 0.086569 0.087440 0.088274 0.089071 0.089832 0.090556 0.091244 0.091895 0.092510 0.093087 0.093626 0.094128 0.094590 0.095012 0.095394 0.095733 0.096029 0.096280 0.096484 0.096640 0.096744 0.096795 0.096791 0.096728 0.096603 0.096414 0.096156 0.095825 0.095419 0.094931 0.094357 0.093692 0.092932
0.066193 0.067504 0.068872 0.070289 0.071716 0.073128 0.074509 0.075851 0.077151 0.078407 0.079619 0.080786 0.081910 0.082990 0.084026 0.085021 0.085973 0.086885 0.087755 0.088585 0.089375 0.090125 0.090835 0.091505 0.092135 0.092725 0.093274 0.093782 0.094248 0.094671 0.095050 0.095384 0.095672 0.095912 0.096102 0.096241 0.096326 0.096354 0.096324 0.096233 0.096076 0.095852 0.095555 0.095184 0.094732 0.094195 0.093570 0.092849 0.092029 0.091103
0.065953 0.067199 0.068655 0.070168 0.071676 0.073154 0.074592 0.075983 0.077327 0.078621 0.079865 0.081061 0.082208 0.083307 0.084359 0.085365 0.086325 0.087240 0.088110 0.088936 0.089718 0.090456 0.091151 0.091803 0.092411 0.092974 0.093494 0.093968 0.094396 0.094778 0.095112 0.095396 0.095629 0.095810 0.095936 0.096006 0.096016 0.095965 0.095849 0.095665 0.095410 0.095080 0.094671 0.094179 0.093598 0.092925 0.092154 0.091279 0.090294 0.089193
0.063926 0.066197 0.068162 0.069946 0.071614 0.073197 0.074710 0.076159 0.077549 0.078882 0.080159 0.081381 0.082550 0.083667 0.084732 0.085747 0.086712 0.087629 0.088497 0.089317 0.090090 0.090815 0.091494 0.092125 0.092709 0.093245 0.093733 0.094172 0.094561 0.094899 0.095184 0.095416 0.095592 0.095711 0.095770 0.095767 0.095699 0.095564 0.095358 0.095077 0.094719 0.094278 0.093751 0.093132 0.092418 0.091601 0.090678 0.089641 0.088484 0.087200
0.063856 0.066211 0.068214 0.070042 0.071758 0.073387 0.074942 0.076428 0.077851 0.079212 0.080512 0.081754 0.082939 0.084068 0.085141 0.086161 0.087128 0.088043 0.088906 0.089718 0.090479 0.091189 0.091849 0.092458 0.093016 0.093522 0.093976 0.094378 0.094725 0.095017 0.095252 0.095429 0.095546 0.095600 0.095589 0.095510 0.095361 0.095138 0.094838 0.094456 0.093990 0.093434 0.092784 0.092035 0.091180 0.090216 0.089134 0.087929 0.086595 0.085122
0.065885 0.067184 0.068779 0.070450 0.072110 0.073728 0.075289 0.076789 0.078226 0.079601 0.080914 0.082167 0.083360 0.084495 0.085572 0.086592 0.087557 0.088466 0.089320 0.090121 0.090867 0.091560 0.092199 0.092783 0.093313 0.093788 0.094207 0.094569 0.094872 0.095116 0.095299 0.095419 0.095473 0.095460 0.095376 0.095219 0.094985 0.094672 0.094274 0.093789 0.093212 0.092537 0.091761 0.090876 0.089879 0.088761 0.087518 0.086141 0.084625 0.082960
0.065739 0.067362 0.069073 0.070785 0.072464 0.074093 0.075664 0.077174 0.078621 0.080005 0.081326 0.082584 0.083781 0.084918 0.085995 0.087012 0.087972 0.088873 0.089718 0.090505 0.091235 0.091908 0.092524 0.093082 0.093583 0.094024 0.094406 0.094726 0.094984 0.095178 0.095307 0.095367 0.095357 0.095275 0.095116 0.094878 0.094558 0.094152 0.093655 0.093064 0.092373 0.091578 0.090672 0.089651 0.088507 0.087236 0.085828 0.084278 0.082577 0.080718
0.064455 0.066990 0.069061 0.070935 0.072696 0.074371 0.075972 0.077502 0.078965 0.080361 0.081692 0.082958 0.084160 0.085299 0.086376 0.087391 0.088345 0.089239 0.090072 0.090846 0.091559 0.092211 0.092804 0.093335 0.093804 0.094211 0.094554 0.094832 0.095043 0.095186 0.095259 0.095259 0.095183 0.095030 0.094795 0.094475 0.094068 0.093567 0.092970 0.092272 0.091466 0.090549 0.089514 0.088355 0.087066 0.085640 0.084069 0.082346 0.080463 0.078412
0.065404 0.067182 0.069118 0.071001 0.072801 0.074517 0.076154 0.077715 0.079203 0.080620 0.081967 0.083247 0.084459 0.085605 0.086685 0.087701 0.088652 0.089539 0.090362 0.091122 0.091818 0.092451 0.093019 0.093522 0.093960 0.094332 0.094635 0.094870 0.095034 0.095125 0.095141 0.095079 0.094937 0.094713 0.094401 0.094000 0.093504 0.092910 0.092212 0.091407 0.090488 0.089450 0.088288 0.086993 0.085561 0.083983 0.082252 0.080360 0.078299 0.076061
0.064603 0.066964 0.069000 0.070920 0.072757 0.074514 0.076192 0.077792 0.079314 0.080761 0.082134 0.083434 0.084662 0.085819 0.086906 0.087925 0.088875 0.089757 0.090571 0.091319 0.091998 0.092610 0.093154 0.093630 0.094036 0.094372 0.094635 0.094826 0.094942 0.094981 0.094940 0.094817 0.094609 0.094314 0.093926 0.093444 0.092861 0.092175 0.091379 0.090470 0.089441 0.088286 0.086999 0.085574 0.084003 0.082279 0.080395 0.078342 0.076112 0.073696
0.065060 0.066780 0.068736 0.070688 0.072576 0.074386 0.076113 0.077758 0.079320 0.080801 0.082203 0.083526 0.084773 0.085943 0.087039 0.088061 0.089010 0.089887 0.090692 0.091426 0.092089 0.092679 0.093199 0.093645 0.094019 0.094318 0.094542 0.094689 0.094757 0.094743 0.094647 0.094464 0.094191 0.093827 0.093365 0.092804 0.092138 0.091363 0.090474 0.089465 0.088330 0.087065 0.085661 0.084112 0.082412 0.080552 0.078525 0.076322 0.073935 0.071355
0.063671 0.066104 0.068307 0.070376 0.072340 0.074208 0.075985 0.077671 0.079270 0.080782 0.082208 0.083551 0.084812 0.085991 0.087092 0.088114 0.089059 0.089928 0.090721 0.091439 0.092082 0.092650 0.093142 0.093559 0.093900 0.094162 0.094346 0.094449 0.094469 0.094405 0.094254 0.094013 0.093678 0.093248 0.092716 0.092081 0.091337 0.090479 0.089502 0.088400 0.087169 0.085801 0.084290 0.082629 0.080811 0.078828 0.076672 0.074335 0.071808 0.069082
0.063127 0.065766 0.068050 0.070169 0.072174 0.074078 0.075884 0.077597 0.079216 0.080744 0.082182 0.083533 0.084797 0.085976 0.087072 0.088087 0.089021 0.089876 0.090652 0.091350 0.091970 0.092512 0.092976 0.093361 0.093667 0.093892 0.094036 0.094096 0.094071 0.093959 0.093756 0.093460 0.093068 0.092576 0.091980 0.091277 0.090461 0.089528 0.088473 0.087289 0.085972 0.084514 0.082909 0.081150 0.079229 0.077140 0.074873 0.072421 0.069776 0.066927
0.064358 0.066051 0.068090 0.070148 0.072140 0.074043 0.075851 0.077563 0.079180 0.080703 0.082134 0.083475 0.084727 0.085893 0.086974 0.087971 0.088886 0.089720 0.090473 0.091145 0.091739 0.092252 0.092685 0.093038 0.093309 0.093498 0.093603 0.093623 0.093555 0.093397 0.093147 0.092801 0.092357 0.091811 0.091159 0.090396 0.089519 0.088521 0.087399 0.086146 0.084756 0.083223 0.081540 0.079700 0.077697 0.075521 0.073166 0.070623 0.067883 0.064939
0.063299 0.065878 0.068110 0.070199 0.072181 0.074064 0.075849 0.077535 0.079127 0.080624 0.082030 0.083345 0.084572 0.085713 0.086768 0.087740 0.088628 0.089435 0.090160 0.090804 0.091368 0.091851 0.092253 0.092574 0.092812 0.092966 0.093035 0.093017 0.092911 0.092713 0.092422 0.092034 0.091546 0.090954 0.090255 0.089444 0.088516 0.087468 0.086292 0.084985 0.083539 0.081949 0.080207 0.078307 0.076242 0.074004 0.071585 0.068978 0.066173 0.063163
0.063834 0.066017 0.068181 0.070240 0.072188 0.074030 0.075773 0.077419 0.078971 0.080431 0.081801 0.083083 0.084277 0.085386 0.086411 0.087352 0.088211 0.088988 0.089684 0.090300 0.090834 0.091288 0.091660 0.091950 0.092158 0.092281 0.092319 0.092270 0.092131 0.091901 0.091576 0.091155 0.090632 0.090006 0.089271 0.088425 0.087461 0.086376 0.085164 0.083820 0.082337 0.080709 0.078930 0.076994 0.074892 0.072618 0.070163 0.067521 0.064683 0.061640
0.063540 0.065929 0.068088 0.070099 0.071995 0.073789 0.075487 0.077092 0.078606 0.080030 0.081366 0.082615 0.083778 0.084856 0.085852 0.086764 0.087595 0.088345 0.089014 0.089603 0.090111 0.090539 0.090885 0.091150 0.091333 0.091431 0.091444 0.091371 0.091208 0.090953 0.090605 0.090160 0.089615 0.088966 0.088210 0.087342 0.086359 0.085254 0.084023 0.082661 0.081161 0.079518 0.077726 0.075777 0.073665 0.071383 0.068923 0.066277 0.063437 0.060396
0.063661 0.065699 0.067677 0.069598 0.071444 0.073206 0.074878 0.076459 0.077950 0.079350 0.080663 0.081888 0.083027 0.084082 0.085054 0.085943 0.086751 0.087479 0.088126 0.088693 0.089180 0.089587 0.089914 0.090159 0.090323 0.090404 0.090400 0.090311 0.090133 0.089865 0.089504 0.089047 0.088492 0.087834 0.087071 0.086198 0.085210 0.084104 0.082873 0.081514 0.080019 0.078384 0.076602 0.074667 0.072573 0.070311 0.067875 0.065257 0.062450 0.059446
0.062868 0.064668 0.066652 0.068603 0.070473 0.072247 0.073923 0.075503 0.076987 0.078378 0.079678 0.080889 0.082012 0.083050 0.084005 0.084876 0.085667 0.086377 0.087007 0.087558 0.088029 0.088422 0.088735 0.088969 0.089121 0.089192 0.089180 0.089084 0.088901 0.088630 0.088267 0.087812 0.087259 0.086607 0.085852 0.084989 0.084015 0.082925 0.081714 0.080378 0.078911 0.077306 0.075560 0.073664 0.071614 0.069401 0.067019 0.064461 0.061720 0.058787
0.059924 0.062885 0.065219 0.067301 0.069228 0.071028 0.072715 0.074296 0.075775 0.077157 0.078446 0.079643 0.080752 0.081775 0.082714 0.083571 0.084347 0.085043 0.085660 0.086198 0.086659 0.087043 0.087348 0.087576 0.087724 0.087793 0.087781 0.087687 0.087508 0.087244 0.086892 0.086449 0.085913 0.085280 0.084548 0.083711 0.082768 0.081712 0.080540 0.079247 0.077828 0.076277 0.074589 0.072758 0.070777 0.068640 0.066341 0.063873 0.061228 0.058400
0.060387 0.062059 0.064089 0.066082 0.067968 0.069738 0.071398 0.072952 0.074406 0.075763 0.077027 0.078201 0.079288 0.080290 0.081210 0.082049 0.082808 0.083490 0.084095 0.084623 0.085076 0.085454 0.085756 0.085982 0.086133 0.086206 0.086201 0.086118 0.085953 0.085706 0.085375 0.084957 0.084449 0.083848 0.083152 0.082358 0.081460 0.080456 0.079340 0.078109 0.076758 0.075281 0.073673 0.071928 0.070042 0.068006 0.065816 0.063464 0.060944 0.058249
0.058303 0.061028 0.063129 0.065026 0.066805 0.068483 0.070065 0.071552 0.072947 0.074252 0.075470 0.076604 0.077655 0.078626 0.079517 0.080332 0.081071 0.081735 0.082326 0.082844 0.083289 0.083663 0.083965 0.084194 0.084351 0.084435 0.084444 0.084378 0.084236 0.084015 0.083714 0.083330 0.082862 0.082306 0.081659 0.080919 0.080082 0.079143 0.078100 0.076948 0.075681 0.074296 0.072788 0.071150 0.069378 0.067465 0.065406 0.063194 0.060823 0.058286
0.059615 0.060804 0.062423 0.064085 0.065699 0.067244 0.068711 0.070100 0.071409 0.072640 0.073793 0.074870 0.075871 0.076798 0.077652 0.078435 0.079148 0.079791 0.080365 0.080871 0.081310 0.081681 0.081984 0.082219 0.082387 0.082485 0.082514 0.082473 0.082359 0.082172 0.081909 0.081569 0.081150 0.080649 0.080062 0.079388 0.078623 0.077764 0.076806 0.075746 0.074579 0.073301 0.071908 0.070393 0.068752 0.066980 0.065070 0.063017 0.060815 0.058456
0.057815 0.059802 0.061468 0.063019 0.064498 0.065912 0.067259 0.068540 0.069753 0.070899 0.071976 0.072986 0.073929 0.074805 0.075617 0.076364 0.077046 0.077666 0.078222 0.078716 0.079148 0.079517 0.079824 0.080069 0.080250 0.080368 0.080422 0.080410 0.080331 0.080184 0.079967 0.079679 0.079316 0.078878 0.078361 0.077762 0.077079 0.076308 0.075446 0.074489 0.073433 0.072274 0.071007 0.069627 0.068131 0.066512 0.064764 0.062884 0.060864 0.058699
0.057356 0.058849 0.060310 0.061720 0.063077 0.064376 0.065617 0.066798 0.067920 0.068982 0.069985 0.070928 0.071812 0.072638 0.073406 0.074116 0.074770 0.075366 0.075906 0.076389 0.076816 0.077187 0.077501 0.077758 0.077958 0.078100 0.078182 0.078205 0.078166 0.078065 0.077900 0.077668 0.077369 0.077000 0.076559 0.076042 0.075448 0.074773 0.074014 0.073167 0.072229 0.071196 0.070064 0.068827 0.067483 0.066025 0.064449 0.062749 0.060920 0.058956
0.056178 0.057422 0.058770 0.060093 0.061362 0.062573 0.063727 0.064825 0.065868 0.066858 0.067795 0.068679 0.069511 0.070292 0.071022 0.071700 0.072328 0.072906 0.073433 0.073911 0.074337 0.074714 0.075039 0.075313 0.075535 0.075705 0.075821 0.075883 0.075889 0.075838 0.075729 0.075560 0.075329 0.075033 0.074672 0.074242 0.073741 0.073166 0.072514 0.071781 0.070965 0.070062 0.069067 0.067977 0.066787 0.065493 0.064091 0.062574 0.060939 0.059179
0.053723 0.055472 0.056894 0.058176 0.059376 0.060511 0.061591 0.062620 0.063598 0.064528 0.065411 0.066248 0.067038 0.067783 0.068483 0.069138 0.069749 0.070315 0.070836 0.071313 0.071746 0.072133 0.072475 0.072771 0.073020 0.073222 0.073376 0.073481 0.073536 0.073539 0.073489 0.073385 0.073224 0.073005 0.072726 0.072384 0.071978 0.071504 0.070959 0.070341 0.069647 0.068873 0.068015 0.067070 0.066034 0.064903 0.063671 0.062335 0.060889 0.059330
0.052747 0.053808 0.054960 0.056095 0.057192 0.058247 0.059258 0.060226 0.061151 0.062034 0.062875 0.063675 0.064435 0.065156 0.065836 0.066477 0.067079 0.067642 0.068165 0.068649 0.069094 0.069498 0.069862 0.070185 0.070466 0.070705 0.070900 0.071051 0.071157 0.071216 0.071228 0.071189 0.071100 0.070957 0.070760 0.070506 0.070192 0.069817 0.069378 0.068872 0.068296 0.067647 0.066922 0.066117 0.065228 0.064252 0.063185 0.062021 0.060757 0.059388
0.050640 0.051768 0.052812 0.053844 0.054859 0.055847 0.056801 0.057720 0.058603 0.059450 0.060261 0.061036 0.061776 0.062482 0.063153 0.063789 0.064391 0.064959 0.065492 0.065990 0.066453 0.066880 0.067270 0.067625 0.067941 0.068220 0.068459 0.068658 0.068816 0.068931 0.069003 0.069030 0.069011 0.068943 0.068825 0.068655 0.068430 0.068150 0.067811 0.067410 0.066946 0.066415 0.065813 0.065139 0.064388 0.063557 0.062642 0.061638 0.060542 0.059350
0.048799 0.049515 0.050487 0.051487 0.052465 0.053411 0.054325 0.055208 0.056059 0.056880 0.057670 0.058430 0.059160 0.059860 0.060530 0.061170 0.061780 0.062359 0.062908 0.063425 0.063911 0.064365 0.064786 0.065174 0.065528 0.065847 0.066131 0.066378 0.066587 0.066757 0.066888 0.066977 0.067023 0.067025 0.066981 0.066889 0.066748 0.066554 0.066307 0.066003 0.065641 0.065216 0.064728 0.064171 0.063545 0.062844 0.062066 0.061206 0.060262 0.059228
0.045280 0.046979 0.048182 0.049212 0.050167 0.051080 0.051961 0.052814 0.053642 0.054445 0.055223 0.055976 0.056703 0.057405 0.058081 0.058731 0.059354 0.059950 0.060518 0.061058 0.061570 0.062052 0.062505 0.062927 0.063318 0.063677 0.064003 0.064295 0.064552 0.064774 0.064958 0.065104 0.065210 0.065275 0.065298 0.065276 0.065208 0.065091 0.064925 0.064706 0.064433 0.064102 0.063711 0.063258 0.062739 0.062152 0.061493 0.060758 0.059944 0.059046
0.044822 0.045528 0.046377 0.047254 0.048130 0.048992 0.049840 0.050670 0.051482 0.052275 0.053048 0.053801 0.054532 0.055241 0.055927 0.056590 0.057229 0.057843 0.058433 0.058996 0.059533 0.060044 0.060526 0.060980 0.061405 0.061800 0.062164 0.062497 0.062796 0.063062 0.063294 0.063489 0.063646 0.063765 0.063844 0.063881 0.063875 0.063824 0.063725 0.063577 0.063378 0.063125 0.062816 0.062448 0.062019 0.061525 0.060963 0.060331 0.059624 0.058839
0.043633 0.044075 0.044787 0.045589 0.046419 0.047253 0.048082 0.048901 0.049707 0.050498 0.051273 0.052030 0.052768 0.053487 0.054185 0.054862 0.055517 0.056149 0.056757 0.057342 0.057902 0.058436 0.058944 0.059425 0.059878 0.060303 0.060699 0.061064 0.061398 0.061700 0.061969 0.062203 0.062401 0.062563 0.062686 0.062770 0.062812 0.062811 0.062765 0.062672 0.062530 0.062338 0.062091 0.061789 0.061428 0.061006 0.060520 0.059966 0.059341 0.058642
0.041122 0.042425 0.043396 0.044277 0.045132 0.045974 0.046807 0.047628 0.048437 0.049232 0.050012 0.050776 0.051522 0.052250 0.052959 0.053647 0.054315 0.054960 0.055584 0.056184 0.056761 0.057313 0.057840 0.058340 0.058814 0.059260 0.059678 0.060067 0.060425 0.060752 0.061047 0.061308 0.061535 0.061726 0.061880 0.061996 0.062071 0.062104 0.062095 0.062039 0.061937 0.061785 0.061581 0.061324 0.061009 0.060636 0.060200 0.059699 0.059130 0.058489
0.041106 0.041844 0.042699 0.043572 0.044437 0.045291 0.046131 0.046959 0.047773 0.048573 0.049357 0.050125 0.050877 0.051610 0.052325 0.053020 0.053694 0.054348 0.054979 0.055588 0.056174 0.056735 0.057272 0.057783 0.058267 0.058725 0.059154 0.059555 0.059925 0.060265 0.060574 0.060849 0.061091 0.061297 0.061466 0.061598 0.061690 0.061741 0.061750 0.061714 0.061631 0.061500 0.061318 0.061082 0.060792 0.060443 0.060033 0.059559 0.059017 0.058406
