0.036175 0.042984 0.050048 0.057108 0.064086 0.070963 0.077745 0.084446 0.091080 0.097661 0.104201 0.110711 0.117201 0.123680 0.130157 0.136639 0.143134 0.149648 0.156187 0.162758 0.169366 0.176015 0.182711 0.189459 0.196263 0.203126 0.210083 0.217202 0.224481 0.231919 0.239513 0.247262 0.255163 0.263216 0.271419 0.279772 0.288273 0.296922 0.305718 0.314662 0.323752 0.332988 0.342370 0.351898 0.361570 0.371388 0.381350 0.391457 0.401707 0.412101
0.034680 0.042845 0.050323 0.057507 0.064522 0.071421 0.078230 0.084963 0.091635 0.098255 0.104833 0.111379 0.117902 0.124412 0.130915 0.137421 0.143936 0.150468 0.157023 0.163607 0.170225 0.176885 0.183589 0.190344 0.197153 0.204023 0.211001 0.218139 0.225435 0.232888 0.240494 0.248254 0.256164 0.264225 0.272435 0.280794 0.289301 0.297955 0.306755 0.315703 0.324796 0.334035 0.343420 0.352950 0.362625 0.372445 0.382408 0.392517 0.402768 0.413164
0.036087 0.043475 0.050863 0.058097 0.065201 0.072203 0.079117 0.085954 0.092722 0.099430 0.106089 0.112707 0.119293 0.125859 0.132412 0.138960 0.145513 0.152077 0.158660 0.165268 0.171907 0.178584 0.185304 0.192072 0.198893 0.205780 0.212800 0.219975 0.227304 0.234784 0.242414 0.250194 0.258123 0.266200 0.274425 0.282796 0.291314 0.299978 0.308788 0.317743 0.326844 0.336090 0.345480 0.355016 0.364696 0.374520 0.384488 0.394600 0.404855 0.415254
0.035079 0.043401 0.051126 0.058649 0.066031 0.073282 0.080410 0.087429 0.094351 0.101190 0.107961 0.114676 0.121347 0.127985 0.134600 0.141204 0.147804 0.154410 0.161029 0.167668 0.174335 0.181036 0.187777 0.194563 0.201403 0.208333 0.215411 0.222636 0.230008 0.237526 0.245191 0.253001 0.260957 0.269059 0.277305 0.285696 0.294231 0.302911 0.311736 0.320704 0.329817 0.339074 0.348475 0.358020 0.367709 0.377541 0.387517 0.397636 0.407898 0.418303
0.035830 0.043597 0.051659 0.059612 0.067361 0.074907 0.082273 0.089486 0.096569 0.103546 0.110433 0.117248 0.124006 0.130720 0.137402 0.144064 0.150715 0.157366 0.164025 0.170701 0.177399 0.184128 0.190894 0.197704 0.204579 0.211582 0.218726 0.226011 0.233436 0.241003 0.248711 0.256561 0.264553 0.272687 0.280962 0.289381 0.297941 0.306644 0.315490 0.324478 0.333609 0.342883 0.352300 0.361860 0.371563 0.381409 0.391397 0.401528 0.411801 0.422217
0.036485 0.044978 0.053476 0.061681 0.069612 0.077313 0.084820 0.092162 0.099364 0.106447 0.113430 0.120330 0.127165 0.133948 0.140693 0.147411 0.154114 0.160811 0.167512 0.174226 0.180959 0.187720 0.194517 0.201363 0.208313 0.215397 0.222615 0.229967 0.237454 0.245078 0.252839 0.260737 0.268774 0.276949 0.285263 0.293717 0.302310 0.311045 0.319919 0.328935 0.338092 0.347391 0.356831 0.366413 0.376137 0.386002 0.396010 0.406159 0.416449 0.426882
0.037502 0.047809 0.056448 0.064618 0.072553 0.080299 0.087874 0.095294 0.102574 0.109735 0.116792 0.123764 0.130665 0.137510 0.144313 0.151086 0.157840 0.164585 0.171332 0.178087 0.184861 0.191660 0.198498 0.205417 0.212462 0.219633 0.226931 0.234359 0.241917 0.249606 0.257429 0.265384 0.273475 0.281701 0.290062 0.298561 0.307198 0.315972 0.324885 0.333938 0.343130 0.352461 0.361933 0.371546 0.381298 0.391192 0.401226 0.411401 0.421717 0.432173
0.044149 0.051028 0.059201 0.067452 0.075530 0.083400 0.091079 0.098587 0.105949 0.113185 0.120313 0.127353 0.134320 0.141228 0.148091 0.154922 0.161731 0.168530 0.175327 0.182131 0.188952 0.195800 0.202711 0.209737 0.216881 0.224145 0.231532 0.239044 0.246681 0.254445 0.262338 0.270361 0.278515 0.286802 0.295222 0.303776 0.312465 0.321290 0.330251 0.339350 0.348587 0.357961 0.367475 0.377127 0.386918 0.396849 0.406919 0.417129 0.427478 0.437967
0.041112 0.051787 0.061224 0.070001 0.078356 0.086404 0.094213 0.101828 0.109282 0.116603 0.123811 0.130927 0.137967 0.144946 0.151877 0.158774 0.165647 0.172508 0.179364 0.186226 0.193106 0.200030 0.207056 0.214193 0.221444 0.228809 0.236293 0.243896 0.251621 0.259469 0.267442 0.275542 0.283770 0.292128 0.300615 0.309235 0.317987 0.326873 0.335894 0.345049 0.354341 0.363769 0.373333 0.383035 0.392875 0.402853 0.412969 0.423223 0.433615 0.444146
0.044899 0.055105 0.064231 0.072902 0.081260 0.089361 0.097244 0.104942 0.112483 0.119890 0.127185 0.134386 0.141508 0.148567 0.155577 0.162549 0.169496 0.176427 0.183352 0.190283 0.197242 0.204289 0.211438 0.218692 0.226055 0.233528 0.241116 0.248819 0.256639 0.264580 0.272643 0.280829 0.289140 0.297578 0.306144 0.314839 0.323664 0.332621 0.341710 0.350933 0.360289 0.369780 0.379406 0.389168 0.399067 0.409101 0.419272 0.429580 0.440025 0.450607
0.051920 0.059164 0.067503 0.075899 0.084159 0.092247 0.100167 0.107929 0.115548 0.123041 0.130425 0.137714 0.144924 0.152070 0.159163 0.166216 0.173242 0.180250 0.187251 0.194266 0.201348 0.208526 0.215801 0.223177 0.230657 0.238244 0.245941 0.253750 0.261673 0.269714 0.277873 0.286153 0.294556 0.303082 0.311735 0.320514 0.329421 0.338458 0.347625 0.356923 0.366354 0.375917 0.385614 0.395445 0.405411 0.415511 0.425746 0.436117 0.446624 0.457266
0.051686 0.061370 0.070084 0.078547 0.086850 0.094997 0.102989 0.110832 0.118537 0.126118 0.133589 0.140966 0.148261 0.155490 0.162665 0.169799 0.176903 0.183989 0.191073 0.198205 0.205423 0.212731 0.220133 0.227632 0.235231 0.242935 0.250744 0.258664 0.266694 0.274840 0.283101 0.291481 0.299980 0.308602 0.317347 0.326217 0.335214 0.344337 0.353590 0.362971 0.372484 0.382127 0.391902 0.401809 0.411850 0.422024 0.432331 0.442772 0.453347 0.464057
0.054312 0.063112 0.072093 0.080861 0.089390 0.097702 0.105821 0.113769 0.121566 0.129230 0.136780 0.144231 0.151600 0.158902 0.166149 0.173354 0.180530 0.187692 0.194881 0.202146 0.209495 0.216929 0.224455 0.232075 0.239793 0.247612 0.255535 0.263565 0.271705 0.279957 0.288323 0.296805 0.305406 0.314127 0.322969 0.331934 0.341024 0.350239 0.359582 0.369052 0.378651 0.388379 0.398238 0.408228 0.418349 0.428602 0.438987 0.449504 0.460154 0.470937
0.054225 0.064738 0.074360 0.083467 0.092209 0.100666 0.108889 0.116916 0.124777 0.132498 0.140101 0.147605 0.155027 0.162383 0.169687 0.176951 0.184190 0.191437 0.198751 0.206141 0.213611 0.221165 0.228809 0.236545 0.244378 0.252310 0.260344 0.268484 0.276731 0.285089 0.293560 0.302145 0.310847 0.319668 0.328608 0.337670 0.346855 0.356165 0.365600 0.375161 0.384849 0.394666 0.404612 0.414687 0.424892 0.435227 0.445693 0.456291 0.467019 0.477879
0.059098 0.068740 0.078030 0.087014 0.095710 0.104150 0.112367 0.120395 0.128264 0.135999 0.143621 0.151151 0.158604 0.165996 0.173341 0.180652 0.187957 0.195315 0.202743 0.210246 0.217829 0.225496 0.233250 0.241096 0.249037 0.257077 0.265217 0.273462 0.281814 0.290275 0.298847 0.307533 0.316334 0.325252 0.334290 0.343448 0.352727 0.362130 0.371657 0.381309 0.391087 0.400992 0.411025 0.421186 0.431476 0.441895 0.452444 0.463122 0.473930 0.484869
0.064941 0.073674 0.082552 0.091270 0.099778 0.108084 0.116211 0.124180 0.132014 0.139733 0.147354 0.154894 0.162365 0.169783 0.177161 0.184520 0.191918 0.199382 0.206915 0.214522 0.222209 0.229978 0.237835 0.245783 0.253825 0.261965 0.270205 0.278548 0.286998 0.295556 0.304224 0.313005 0.321901 0.330913 0.340044 0.349293 0.358664 0.368157 0.377773 0.387514 0.397379 0.407371 0.417489 0.427734 0.438107 0.448609 0.459239 0.469997 0.480884 0.491900
0.068819 0.078173 0.087036 0.095613 0.103979 0.112176 0.120227 0.128150 0.135961 0.143671 0.151296 0.158847 0.166338 0.173781 0.181196 0.188633 0.196129 0.203689 0.211318 0.219020 0.226801 0.234664 0.242614 0.250654 0.258788 0.267019 0.275350 0.283784 0.292324 0.300971 0.309728 0.318597 0.327581 0.336680 0.345897 0.355233 0.364689 0.374267 0.383967 0.393791 0.403739 0.413813 0.424012 0.434338 0.444791 0.455371 0.466079 0.476914 0.487878 0.498969
0.072218 0.082141 0.091109 0.099685 0.108048 0.116253 0.124321 0.132265 0.140097 0.147830 0.155478 0.163052 0.170568 0.178042 0.185521 0.193049 0.200634 0.208281 0.215995 0.223781 0.231646 0.239592 0.247624 0.255745 0.263961 0.272272 0.280684 0.289198 0.297818 0.306545 0.315382 0.324330 0.333393 0.342572 0.351867 0.361281 0.370816 0.380471 0.390249 0.400150 0.410175 0.420324 0.430599 0.441000 0.451527 0.462181 0.472962 0.483870 0.494905 0.506067
0.079832 0.086914 0.095210 0.103736 0.112195 0.120507 0.128661 0.136669 0.144548 0.152315 0.159988 0.167584 0.175122 0.182643 0.190201 0.197806 0.205465 0.213184 0.220970 0.228827 0.236761 0.244776 0.252877 0.261068 0.269352 0.277733 0.286214 0.294797 0.303486 0.312282 0.321189 0.330207 0.339340 0.348588 0.357954 0.367438 0.377042 0.386767 0.396614 0.406585 0.416679 0.426898 0.437241 0.447710 0.458306 0.469027 0.479875 0.490849 0.501950 0.513177
0.078812 0.089666 0.099254 0.108284 0.116963 0.125376 0.133577 0.141604 0.149487 0.157251 0.164919 0.172510 0.180062 0.187639 0.195252 0.202911 0.210623 0.218396 0.226234 0.234145 0.242133 0.250202 0.258358 0.266605 0.274945 0.283382 0.291920 0.300561 0.309308 0.318164 0.327130 0.336208 0.345401 0.354710 0.364136 0.373681 0.383347 0.393133 0.403042 0.413074 0.423230 0.433510 0.443915 0.454446 0.465102 0.475884 0.486792 0.497826 0.508987 0.520273
0.086820 0.096275 0.105522 0.114358 0.122874 0.131149 0.139233 0.147163 0.154965 0.162661 0.170271 0.177826 0.185393 0.192991 0.200629 0.208316 0.216058 0.223863 0.231736 0.239683 0.247708 0.255818 0.264015 0.272303 0.280687 0.289170 0.297754 0.306442 0.315237 0.324142 0.333158 0.342287 0.351531 0.360892 0.370371 0.379969 0.389688 0.399528 0.409491 0.419577 0.429787 0.440122 0.450581 0.461166 0.471876 0.482712 0.493674 0.504761 0.515975 0.527313
0.096337 0.104988 0.113251 0.121436 0.129530 0.137512 0.145379 0.153139 0.160804 0.168388 0.175909 0.183429 0.190982 0.198574 0.206213 0.213907 0.221660 0.229481 0.237373 0.245342 0.253393 0.261531 0.269758 0.278079 0.286497 0.295016 0.303637 0.312365 0.321200 0.330146 0.339204 0.348377 0.357665 0.367071 0.376595 0.386240 0.396005 0.405892 0.415902 0.426036 0.436293 0.446676 0.457183 0.467815 0.478573 0.489456 0.500465 0.511599 0.522859 0.534244
0.103851 0.111887 0.120032 0.128072 0.135994 0.143805 0.151514 0.159133 0.166674 0.174151 0.181605 0.189093 0.196621 0.204198 0.211828 0.219519 0.227276 0.235104 0.243008 0.250993 0.259063 0.267222 0.275473 0.283821 0.292268 0.300817 0.309471 0.318232 0.327103 0.336085 0.345181 0.354392 0.363719 0.373165 0.382729 0.392415 0.402221 0.412150 0.422202 0.432377 0.442677 0.453101 0.463650 0.474324 0.485123 0.496047 0.507097 0.518272 0.529573 0.540997
0.109840 0.117748 0.125903 0.133962 0.141862 0.149617 0.157253 0.164793 0.172257 0.179667 0.187096 0.194565 0.202080 0.209648 0.217275 0.224968 0.232730 0.240568 0.248485 0.256487 0.264576 0.272756 0.281032 0.289406 0.297881 0.306460 0.315145 0.323938 0.332842 0.341858 0.350989 0.360235 0.369599 0.379081 0.388683 0.398405 0.408249 0.418215 0.428304 0.438517 0.448854 0.459315 0.469901 0.480611 0.491447 0.502407 0.513493 0.524703 0.536037 0.547496
0.112138 0.122396 0.131091 0.139221 0.147093 0.154806 0.162402 0.169905 0.177333 0.184731 0.192162 0.199635 0.207157 0.214734 0.222374 0.230081 0.237861 0.245718 0.253657 0.261682 0.269797 0.278005 0.286310 0.294714 0.303219 0.311830 0.320548 0.329374 0.338312 0.347362 0.356527 0.365808 0.375207 0.384723 0.394360 0.404117 0.413995 0.423995 0.434118 0.444365 0.454735 0.465229 0.475847 0.486589 0.497456 0.508447 0.519563 0.530803 0.542166 0.553654
0.122002 0.128599 0.136128 0.143871 0.151608 0.159273 0.166853 0.174350 0.181778 0.189201 0.196659 0.204160 0.211711 0.219319 0.226989 0.234728 0.242541 0.250431 0.258405 0.266464 0.274614 0.282858 0.291198 0.299637 0.308179 0.316825 0.325579 0.334441 0.343414 0.352499 0.361699 0.371014 0.380447 0.389997 0.399666 0.409455 0.419365 0.429397 0.439551 0.449827 0.460226 0.470749 0.481395 0.492164 0.503058 0.514075 0.525215 0.536479 0.547867 0.559376
0.123696 0.131406 0.139379 0.147331 0.155182 0.162916 0.170542 0.178076 0.185540 0.193012 0.200520 0.208070 0.215670 0.223326 0.231045 0.238832 0.246691 0.254628 0.262647 0.270751 0.278945 0.287231 0.295613 0.304093 0.312675 0.321361 0.330152 0.339051 0.348060 0.357181 0.366415 0.375764 0.385228 0.394810 0.404510 0.414329 0.424267 0.434327 0.444507 0.454809 0.465233 0.475780 0.486449 0.497241 0.508156 0.519193 0.530353 0.541635 0.553040 0.564567
0.121502 0.132388 0.141500 0.149902 0.157955 0.165800 0.173502 0.181098 0.188625 0.196165 0.203738 0.211354 0.219018 0.226738 0.234517 0.242363 0.250279 0.258271 0.266342 0.274496 0.282738 0.291071 0.299497 0.308021 0.316643 0.325368 0.334197 0.343132 0.352176 0.361330 0.370596 0.379975 0.389468 0.399078 0.408804 0.418648 0.428611 0.438693 0.448895 0.459218 0.469662 0.480227 0.490913 0.501721 0.512651 0.523702 0.534875 0.546170 0.557586 0.569123
0.128871 0.136054 0.144098 0.152197 0.160189 0.168061 0.175823 0.183490 0.191094 0.198714 0.206366 0.214057 0.221793 0.229580 0.237424 0.245331 0.253305 0.261351 0.269474 0.277677 0.285965 0.294341 0.302809 0.311371 0.320031 0.328790 0.337652 0.346619 0.355692 0.364874 0.374166 0.383569 0.393086 0.402717 0.412463 0.422326 0.432307 0.442405 0.452623 0.462959 0.473415 0.483992 0.494689 0.505506 0.516444 0.527503 0.538682 0.549981 0.561401 0.572941
0.128544 0.137387 0.145623 0.153741 0.161786 0.169742 0.177600 0.185362 0.193055 0.200758 0.208488 0.216249 0.224051 0.231898 0.239798 0.247756 0.255778 0.263868 0.272032 0.280275 0.288599 0.297009 0.305508 0.314100 0.322787 0.331572 0.340457 0.349446 0.358539 0.367740 0.377049 0.386468 0.396000 0.405644 0.415402 0.425275 0.435265 0.445372 0.455596 0.465938 0.476399 0.486978 0.497677 0.508496 0.519434 0.530492 0.541669 0.552966 0.564382 0.575918
0.129473 0.137568 0.146105 0.154580 0.162888 0.171025 0.179012 0.186870 0.194638 0.202403 0.210185 0.217992 0.225834 0.233717 0.241650 0.249638 0.257687 0.265803 0.273990 0.282254 0.290598 0.299025 0.307541 0.316148 0.324848 0.333645 0.342542 0.351540 0.360642 0.369850 0.379165 0.388589 0.398124 0.407770 0.417530 0.427404 0.437393 0.447497 0.457718 0.468057 0.478513 0.489087 0.499779 0.510590 0.521520 0.532568 0.543735 0.555021 0.566425 0.577947
0.126335 0.137163 0.146701 0.155558 0.164023 0.172231 0.180253 0.188131 0.195909 0.203679 0.211463 0.219273 0.227116 0.235002 0.242936 0.250925 0.258976 0.267092 0.275281 0.283544 0.291888 0.300316 0.308830 0.317435 0.326133 0.334928 0.343821 0.352814 0.361911 0.371113 0.380422 0.389838 0.399365 0.409002 0.418752 0.428615 0.438593 0.448685 0.458893 0.469217 0.479659 0.490217 0.500893 0.511687 0.522599 0.533628 0.544776 0.556042 0.567425 0.578926
0.132508 0.140671 0.148928 0.157169 0.165312 0.173333 0.181235 0.189030 0.196742 0.204455 0.212192 0.219962 0.227771 0.235626 0.243533 0.251498 0.259526 0.267623 0.275791 0.284037 0.292362 0.300772 0.309270 0.317858 0.326539 0.335316 0.344192 0.353168 0.362247 0.371430 0.380720 0.390117 0.399624 0.409241 0.418970 0.428811 0.438766 0.448835 0.459020 0.469320 0.479737 0.490270 0.500920 0.511687 0.522572 0.533574 0.544693 0.555930 0.567284 0.578755
0.134788 0.142126 0.149982 0.157928 0.165847 0.173699 0.181473 0.189170 0.196800 0.204436 0.212108 0.219821 0.227579 0.235389 0.243255 0.251183 0.259175 0.267238 0.275375 0.283590 0.291886 0.300267 0.308735 0.317295 0.325948 0.334697 0.343544 0.352492 0.361542 0.370696 0.379956 0.389324 0.398800 0.408386 0.418083 0.427893 0.437816 0.447853 0.458004 0.468270 0.478652 0.489151 0.499766 0.510497 0.521346 0.532311 0.543394 0.554593 0.565909 0.577342
0.130343 0.139969 0.148567 0.156772 0.164773 0.172639 0.180401 0.188077 0.195682 0.203273 0.210901 0.218573 0.226293 0.234065 0.241895 0.249787 0.257745 0.265774 0.273877 0.282058 0.290320 0.298667 0.307101 0.315626 0.324245 0.332958 0.341770 0.350681 0.359694 0.368811 0.378033 0.387362 0.396799 0.406346 0.416003 0.425772 0.435653 0.445648 0.455757 0.465981 0.476320 0.486775 0.497346 0.508033 0.518837 0.529758 0.540795 0.551949 0.563220 0.574607
0.129048 0.137060 0.145435 0.153719 0.161847 0.169828 0.177683 0.185433 0.193096 0.200704 0.208335 0.216003 0.223713 0.231471 0.239284 0.247155 0.255090 0.263094 0.271169 0.279320 0.287551 0.295865 0.304264 0.312753 0.321333 0.330008 0.338779 0.347649 0.356619 0.365692 0.374870 0.384153 0.393544 0.403043 0.412653 0.422373 0.432205 0.442150 0.452209 0.462382 0.472670 0.483073 0.493592 0.504227 0.514979 0.525846 0.536831 0.547932 0.559149 0.570483
0.122005 0.131425 0.140207 0.148736 0.157077 0.165251 0.173275 0.181170 0.188955 0.196651 0.204326 0.212025 0.219756 0.227527 0.235343 0.243212 0.251138 0.259127 0.267183 0.275311 0.283514 0.291798 0.300163 0.308615 0.317156 0.325789 0.334516 0.343340 0.352263 0.361287 0.370414 0.379645 0.388983 0.398428 0.407982 0.417646 0.427422 0.437309 0.447310 0.457424 0.467653 0.477997 0.488456 0.499031 0.509722 0.520530 0.531454 0.542494 0.553652 0.564925
0.115168 0.124147 0.133230 0.142101 0.150730 0.159142 0.167369 0.175440 0.183378 0.191207 0.198957 0.206706 0.214475 0.222272 0.230104 0.237980 0.245905 0.253886 0.261927 0.270034 0.278212 0.286464 0.294794 0.303207 0.311705 0.320291 0.328969 0.337742 0.346611 0.355579 0.364648 0.373820 0.383096 0.392480 0.401970 0.411571 0.421281 0.431103 0.441037 0.451085 0.461247 0.471523 0.481915 0.492423 0.503046 0.513786 0.524642 0.535615 0.546705 0.557911
0.105032 0.115583 0.125264 0.134449 0.143302 0.151903 0.160303 0.168532 0.176617 0.184579 0.192438 0.200235 0.208038 0.215857 0.223702 0.231581 0.239500 0.247467 0.255488 0.263567 0.271711 0.279924 0.288211 0.296576 0.305022 0.313553 0.322173 0.330884 0.339690 0.348592 0.357593 0.366696 0.375903 0.385214 0.394632 0.404159 0.413795 0.423543 0.433402 0.443374 0.453460 0.463661 0.473977 0.484408 0.494956 0.505620 0.516402 0.527300 0.538315 0.549448
0.098297 0.107957 0.117248 0.126327 0.135208 0.143900 0.152415 0.160767 0.168972 0.177048 0.185010 0.192877 0.200690 0.208509 0.216344 0.224205 0.232098 0.240031 0.248012 0.256045 0.264137 0.272294 0.280520 0.288820 0.297198 0.305658 0.314205 0.322840 0.331568 0.340391 0.349312 0.358333 0.367456 0.376683 0.386017 0.395459 0.405010 0.414672 0.424446 0.434332 0.444333 0.454448 0.464679 0.475026 0.485490 0.496070 0.506768 0.517584 0.528517 0.539569
0.091192 0.099479 0.108509 0.117594 0.126558 0.135357 0.143982 0.152441 0.160744 0.168907 0.176944 0.184872 0.192710 0.200494 0.208278 0.216083 0.223913 0.231778 0.239685 0.247641 0.255653 0.263725 0.271864 0.280074 0.288361 0.296728 0.305179 0.313719 0.322350 0.331075 0.339898 0.348820 0.357845 0.366973 0.376208 0.385551 0.395004 0.404568 0.414244 0.424033 0.433938 0.443957 0.454093 0.464346 0.474716 0.485204 0.495810 0.506535 0.517379 0.528341
0.077512 0.088741 0.098785 0.108339 0.117576 0.126554 0.135307 0.143858 0.152230 0.160442 0.168513 0.176461 0.184303 0.192060 0.199763 0.207453 0.215172 0.222922 0.230712 0.238549 0.246440 0.254391 0.262409 0.270498 0.278662 0.286908 0.295238 0.303657 0.312167 0.320773 0.329476 0.338280 0.347188 0.356200 0.365319 0.374548 0.383887 0.393339 0.402904 0.412583 0.422379 0.432291 0.442321 0.452468 0.462735 0.473121 0.483626 0.494252 0.504997 0.515863
0.068929 0.079368 0.089610 0.099419 0.108840 0.117935 0.126756 0.135339 0.143718 0.151917 0.159961 0.167869 0.175662 0.183358 0.190977 0.198545 0.206097 0.213671 0.221293 0.228962 0.236687 0.244475 0.252332 0.260262 0.268270 0.276362 0.284541 0.292810 0.301174 0.309635 0.318196 0.326860 0.335630 0.344506 0.353492 0.362589 0.371798 0.381122 0.390561 0.400117 0.409791 0.419583 0.429495 0.439526 0.449678 0.459952 0.470347 0.480863 0.491502 0.502262
0.060810 0.071663 0.081808 0.091516 0.100865 0.109895 0.118645 0.127148 0.135435 0.143535 0.151472 0.159270 0.166950 0.174529 0.182026 0.189460 0.196851 0.204227 0.211620 0.219068 0.226580 0.234159 0.241813 0.249546 0.257362 0.265266 0.273261 0.281352 0.289542 0.297832 0.306227 0.314728 0.323338 0.332058 0.340891 0.349838 0.358901 0.368081 0.377379 0.386797 0.396335 0.405994 0.415775 0.425679 0.435706 0.445856 0.456130 0.466528 0.477050 0.487697
0.056176 0.065692 0.075281 0.084664 0.093764 0.102574 0.111115 0.119416 0.127507 0.135414 0.143164 0.150780 0.158281 0.165686 0.173012 0.180276 0.187493 0.194681 0.201861 0.209059 0.216303 0.223630 0.231040 0.238535 0.246123 0.253806 0.261587 0.269470 0.277457 0.285551 0.293755 0.302070 0.310499 0.319043 0.327704 0.336483 0.345383 0.354403 0.363545 0.372809 0.382198 0.391711 0.401349 0.411113 0.421002 0.431018 0.441161 0.451430 0.461827 0.472350
0.049291 0.059671 0.069389 0.078601 0.087421 0.095922 0.104154 0.112158 0.119965 0.127603 0.135097 0.142468 0.149735 0.156917 0.164030 0.171087 0.178103 0.185090 0.192064 0.199041 0.206039 0.213085 0.220204 0.227428 0.234752 0.242181 0.249718 0.257364 0.265122 0.272995 0.280985 0.289092 0.297319 0.305667 0.314137 0.322731 0.331450 0.340294 0.349264 0.358362 0.367587 0.376940 0.386423 0.396034 0.405775 0.415646 0.425647 0.435777 0.446038 0.456428
0.045411 0.055471 0.064710 0.073441 0.081804 0.089878 0.097714 0.105347 0.112809 0.120123 0.127312 0.134396 0.141391 0.148313 0.155179 0.162000 0.168789 0.175557 0.182316 0.189078 0.195854 0.202660 0.209513 0.216439 0.223461 0.230607 0.237869 0.245252 0.252756 0.260384 0.268136 0.276014 0.284019 0.292152 0.300413 0.308804 0.317326 0.325978 0.334762 0.343677 0.352726 0.361907 0.371221 0.380668 0.390249 0.399963 0.409811 0.419792 0.429907 0.440155
0.044550 0.052903 0.061080 0.069049 0.076811 0.084375 0.091759 0.098982 0.106063 0.113023 0.119878 0.126647 0.133343 0.139983 0.146579 0.153142 0.159685 0.166217 0.172749 0.179289 0.185846 0.192431 0.199054 0.205730 0.212476 0.219314 0.226269 0.233363 0.240588 0.247947 0.255440 0.263068 0.270831 0.278730 0.286764 0.294936 0.303244 0.311689 0.320271 0.328991 0.337849 0.346844 0.355977 0.365248 0.374657 0.384203 0.393887 0.403709 0.413668 0.423763
0.043564 0.050486 0.057780 0.065099 0.072312 0.079384 0.086316 0.093117 0.099804 0.106393 0.112898 0.119335 0.125718 0.132059 0.138370 0.144662 0.150946 0.157229 0.163521 0.169831 0.176164 0.182530 0.188936 0.195389 0.201901 0.208484 0.215155 0.221936 0.228853 0.235921 0.243133 0.250489 0.257991 0.265637 0.273427 0.281362 0.289440 0.297663 0.306029 0.314540 0.323193 0.331990 0.340930 0.350012 0.359238 0.368605 0.378115 0.387766 0.397558 0.407491
0.039224 0.047191 0.054564 0.061578 0.068365 0.074986 0.081475 0.087854 0.094140 0.100349 0.106495 0.112591 0.118650 0.124684 0.130702 0.136713 0.142728 0.148755 0.154800 0.160871 0.166975 0.173118 0.179305 0.185544 0.191840 0.198202 0.204637 0.211160 0.217786 0.224537 0.231443 0.238508 0.245728 0.253103 0.260631 0.268312 0.276145 0.284131 0.292267 0.300553 0.308989 0.317575 0.326309 0.335192 0.344222 0.353400 0.362724 0.372194 0.381810 0.391571
0.038489 0.045801 0.052478 0.058898 0.065155 0.071289 0.077322 0.083272 0.089154 0.094981 0.100767 0.106522 0.112257 0.117981 0.123703 0.129433 0.135176 0.140942 0.146736 0.152565 0.158435 0.164351 0.170319 0.176342 0.182427 0.188578 0.194801 0.201103 0.207492 0.213982 0.220589 0.227336 0.234255 0.241339 0.248588 0.255999 0.263571 0.271304 0.279195 0.287245 0.295451 0.303813 0.312330 0.321002 0.329826 0.338803 0.347932 0.357211 0.366641 0.376220
0.040514 0.045496 0.051122 0.056863 0.062576 0.068228 0.073820 0.079359 0.084856 0.090319 0.095760 0.101187 0.106608 0.112032 0.117467 0.122920 0.128397 0.133905 0.139450 0.145037 0.150673 0.156361 0.162107 0.167915 0.173789 0.179732 0.185750 0.191846 0.198026 0.204296 0.210664 0.217144 0.223756 0.230527 0.237480 0.244605 0.251901 0.259367 0.267001 0.274801 0.282765 0.290892 0.299182 0.307631 0.316240 0.325007 0.333931 0.343012 0.352247 0.361636
0.038437 0.044045 0.049580 0.055003 0.060339 0.065612 0.070838 0.076027 0.081188 0.086331 0.091463 0.096592 0.101726 0.106872 0.112037 0.117227 0.122450 0.127710 0.133014 0.138366 0.143772 0.149237 0.154764 0.160358 0.166022 0.171760 0.177576 0.183472 0.189453 0.195521 0.201683 0.207944 0.214314 0.220807 0.227447 0.234271 0.241278 0.248465 0.255830 0.263369 0.271081 0.278965 0.287017 0.295237 0.303622 0.312171 0.320883 0.329757 0.338790 0.347982
0.035302 0.042354 0.047990 0.053217 0.058297 0.063302 0.068259 0.073181 0.078078 0.082959 0.087832 0.092706 0.097589 0.102487 0.107409 0.112360 0.117347 0.122376 0.127453 0.132582 0.137769 0.143018 0.148333 0.153719 0.159179 0.164716 0.170333 0.176034 0.181821 0.187698 0.193667 0.199732 0.205898 0.212172 0.218564 0.225094 0.231798 0.238697 0.245783 0.253054 0.260507 0.268140 0.275949 0.283932 0.292088 0.300415 0.308910 0.317572 0.326399 0.335389
0.039428 0.042319 0.046785 0.051600 0.056455 0.061276 0.066050 0.070782 0.075480 0.080157 0.084821 0.089483 0.094153 0.098837 0.103545 0.108283 0.113058 0.117877 0.122745 0.127668 0.132650 0.137697 0.142812 0.148000 0.153264 0.158608 0.164034 0.169547 0.175147 0.180839 0.186625 0.192507 0.198487 0.204571 0.210761 0.217068 0.223506 0.230109 0.236913 0.243911 0.251102 0.258480 0.266044 0.273789 0.281714 0.289816 0.298092 0.306540 0.315159 0.323946
0.033975 0.039899 0.045081 0.050035 0.054862 0.059591 0.064242 0.068831 0.073375 0.077887 0.082380 0.086865 0.091354 0.095855 0.100378 0.104930 0.109518 0.114150 0.118831 0.123566 0.128362 0.133223 0.138154 0.143158 0.148239 0.153402 0.158649 0.163983 0.169407 0.174923 0.180535 0.186243 0.192051 0.197960 0.203974 0.210096 0.216332 0.222696 0.229218 0.235947 0.242876 0.250003 0.257323 0.264832 0.272528 0.280407 0.288467 0.296704 0.305116 0.313701
0.032586 0.038556 0.043925 0.048923 0.053699 0.058333 0.062866 0.067325 0.071731 0.076100 0.080445 0.084779 0.089113 0.093458 0.097821 0.102211 0.106637 0.111104 0.115620 0.120191 0.124820 0.129515 0.134279 0.139117 0.144033 0.149030 0.154112 0.159281 0.164542 0.169895 0.175344 0.180891 0.186537 0.192286 0.198138 0.204097 0.210164 0.216346 0.222652 0.229119 0.235796 0.242679 0.249763 0.257044 0.264519 0.272182 0.280031 0.288063 0.296275 0.304664
0.034012 0.038918 0.043735 0.048432 0.053010 0.057487 0.061879 0.066205 0.070480 0.074718 0.078932 0.083134 0.087335 0.091544 0.095771 0.100023 0.104310 0.108636 0.113010 0.117437 0.121923 0.126472 0.131091 0.135782 0.140551 0.145401 0.150335 0.155357 0.160469 0.165675 0.170976 0.176376 0.181875 0.187477 0.193182 0.198993 0.204911 0.210940 0.217082 0.223350 0.229789 0.236443 0.243305 0.250372 0.257638 0.265098 0.272748 0.280586 0.288607 0.296808
0.035266 0.039380 0.043758 0.048184 0.052570 0.056894 0.061152 0.065355 0.069512 0.073635 0.077736 0.081826 0.085913 0.090009 0.094121 0.098258 0.102428 0.106636 0.110891 0.115197 0.119560 0.123987 0.128481 0.133047 0.137689 0.142411 0.147218 0.152110 0.157093 0.162169 0.167340 0.172609 0.177977 0.183447 0.189021 0.194700 0.200485 0.206380 0.212385 0.218505 0.224753 0.231200 0.237863 0.244734 0.251809 0.259082 0.266550 0.274208 0.282052 0.290080
0.034113 0.038843 0.043409 0.047835 0.052152 0.056383 0.060545 0.064651 0.068714 0.072744 0.076754 0.080752 0.084748 0.088752 0.092772 0.096816 0.100891 0.105003 0.109160 0.113368 0.117632 0.121957 0.126348 0.130810 0.135347 0.139963 0.144661 0.149444 0.154317 0.159282 0.164340 0.169496 0.174750 0.180106 0.185564 0.191127 0.196797 0.202574 0.208460 0.214458 0.220571 0.226842 0.233330 0.240031 0.246938 0.254046 0.261350 0.268847 0.276532 0.284401
0.032869 0.038306 0.043021 0.047441 0.051707 0.055873 0.059967 0.064005 0.067999 0.071961 0.075902 0.079831 0.083759 0.087693 0.091642 0.095614 0.099615 0.103654 0.107735 0.111866 0.116051 0.120295 0.124605 0.128983 0.133435 0.137964 0.142573 0.147268 0.152049 0.156921 0.161886 0.166947 0.172105 0.177363 0.182723 0.188187 0.193756 0.199432 0.205216 0.211110 0.217116 0.223253 0.229598 0.236156 0.242920 0.249887 0.257051 0.264407 0.271951 0.279681
0.035040 0.038696 0.042833 0.047043 0.051216 0.055326 0.059374 0.063367 0.067318 0.071235 0.075130 0.079012 0.082892 0.086777 0.090675 0.094595 0.098544 0.102528 0.106553 0.110625 0.114751 0.118934 0.123181 0.127494 0.131880 0.136340 0.140880 0.145503 0.150211 0.155008 0.159897 0.164880 0.169959 0.175136 0.180414 0.185795 0.191279 0.196870 0.202567 0.208373 0.214290 0.220327 0.226559 0.233004 0.239653 0.246504 0.253549 0.260787 0.268211 0.275821
0.033221 0.037767 0.042149 0.046428 0.050616 0.054723 0.058758 0.062734 0.066662 0.070556 0.074424 0.078279 0.082129 0.085982 0.089848 0.093733 0.097645 0.101591 0.105577 0.109608 0.113690 0.117828 0.122028 0.126293 0.130628 0.135037 0.139523 0.144089 0.148740 0.153478 0.158306 0.163226 0.168241 0.173353 0.178565 0.183877 0.189291 0.194811 0.200436 0.206169 0.212010 0.217970 0.224120 0.230478 0.237038 0.243796 0.250746 0.257886 0.265211 0.272719
0.031524 0.036703 0.041358 0.045757 0.049998 0.054126 0.058167 0.062142 0.066064 0.069948 0.073805 0.077646 0.081479 0.085315 0.089160 0.093024 0.096913 0.100833 0.104791 0.108794 0.112845 0.116951 0.121117 0.125346 0.129643 0.134013 0.138458 0.142982 0.147588 0.152280 0.157060 0.161931 0.166895 0.171955 0.177112 0.182368 0.187726 0.193187 0.198753 0.204425 0.210205 0.216105 0.222198 0.228493 0.234986 0.241672 0.248548 0.255609 0.262854 0.270278
0.032283 0.036519 0.040944 0.045288 0.049517 0.053644 0.057687 0.061662 0.065584 0.069465 0.073316 0.077149 0.080974 0.084798 0.088631 0.092480 0.096353 0.100256 0.104195 0.108177 0.112207 0.116289 0.120429 0.124632 0.128901 0.133240 0.137654 0.142145 0.146717 0.151373 0.156116 0.160947 0.165871 0.170889 0.176003 0.181215 0.186527 0.191940 0.197457 0.203080 0.208809 0.214667 0.220721 0.226972 0.233416 0.240048 0.246867 0.253868 0.261048 0.268405
0.031160 0.036197 0.040715 0.045044 0.049254 0.053368 0.057403 0.061371 0.065286 0.069160 0.073004 0.076829 0.080644 0.084459 0.088281 0.092118 0.095978 0.099867 0.103791 0.107756 0.111769 0.115832 0.119953 0.124134 0.128381 0.132697 0.137086 0.141551 0.146096 0.150724 0.155436 0.160237 0.165129 0.170113 0.175192 0.180368 0.185642 0.191017 0.196495 0.202076 0.207763 0.213597 0.219626 0.225847 0.232256 0.238850 0.245625 0.252579 0.259709 0.267013
0.032258 0.036489 0.040835 0.045106 0.049278 0.053361 0.057369 0.061314 0.065210 0.069066 0.072895 0.076706 0.080508 0.084309 0.088118 0.091942 0.095788 0.099663 0.103573 0.107524 0.111521 0.115568 0.119672 0.123836 0.128064 0.132361 0.136729 0.141173 0.145696 0.150300 0.154989 0.159764 0.164629 0.169586 0.174636 0.179782 0.185026 0.190370 0.195814 0.201362 0.207018 0.212841 0.218855 0.225056 0.231441 0.238007 0.244750 0.251668 0.258759 0.266021
0.032672 0.037062 0.041331 0.045500 0.049589 0.053607 0.057566 0.061472 0.065336 0.069167 0.072973 0.076764 0.080548 0.084332 0.088126 0.091935 0.095767 0.099628 0.103524 0.107460 0.111443 0.115476 0.119564 0.123712 0.127925 0.132204 0.136556 0.140982 0.145485 0.150070 0.154738 0.159492 0.164335 0.169269 0.174295 0.179417 0.184635 0.189952 0.195369 0.200889 0.206527 0.212346 0.218352 0.224541 0.230910 0.237455 0.244174 0.251065 0.258126 0.265355
0.033685 0.037844 0.041913 0.045964 0.049979 0.053949 0.057869 0.061745 0.065583 0.069391 0.073178 0.076950 0.080717 0.084487 0.088266 0.092061 0.095879 0.099727 0.103610 0.107533 0.111502 0.115522 0.119597 0.123732 0.127930 0.132195 0.136531 0.140941 0.145429 0.149996 0.154647 0.159383 0.164207 0.169121 0.174127 0.179228 0.184424 0.189719 0.195113 0.200609 0.206243 0.212062 0.218064 0.224245 0.230603 0.237133 0.243835 0.250706 0.257743 0.264946
0.033313 0.037610 0.041910 0.046102 0.050191 0.054195 0.058131 0.062012 0.065848 0.069651 0.073431 0.077195 0.080954 0.084714 0.088483 0.092269 0.096077 0.099915 0.103788 0.107701 0.111659 0.115668 0.119732 0.123855 0.128041 0.132293 0.136616 0.141013 0.145487 0.150040 0.154675 0.159396 0.164203 0.169100 0.174089 0.179171 0.184349 0.189624 0.194999 0.200477 0.206116 0.211938 0.217938 0.224115 0.230465 0.236985 0.243674 0.250529 0.257548 0.264730
0.032054 0.037050 0.041658 0.046028 0.050231 0.054310 0.058295 0.062208 0.066065 0.069882 0.073669 0.077438 0.081198 0.084958 0.088725 0.092508 0.096313 0.100145 0.104012 0.107918 0.111870 0.115871 0.119926 0.124040 0.128216 0.132459 0.136771 0.141157 0.145618 0.150159 0.154781 0.159488 0.164282 0.169164 0.174137 0.179204 0.184366 0.189624 0.194982 0.200452 0.206098 0.211923 0.217924 0.224098 0.230443 0.236956 0.243635 0.250477 0.257482 0.264647
0.032065 0.037025 0.041628 0.046019 0.050257 0.054375 0.058395 0.062339 0.066222 0.070059 0.073862 0.077644 0.081414 0.085180 0.088953 0.092738 0.096544 0.100377 0.104242 0.108146 0.112093 0.116089 0.120139 0.124246 0.128416 0.132650 0.136954 0.141330 0.145782 0.150312 0.154923 0.159618 0.164400 0.169269 0.174230 0.179283 0.184430 0.189674 0.195016 0.200489 0.206141 0.211970 0.217973 0.224146 0.230488 0.236995 0.243666 0.250498 0.257491 0.264642
0.033386 0.037546 0.041863 0.046144 0.050342 0.054450 0.058477 0.062434 0.066333 0.070187 0.074006 0.077802 0.081584 0.085361 0.089141 0.092933 0.096743 0.100579 0.104445 0.108349 0.112295 0.116289 0.120335 0.124438 0.128601 0.132830 0.137127 0.141495 0.145939 0.150460 0.155062 0.159747 0.164518 0.169376 0.174325 0.179366 0.184501 0.189733 0.195063 0.200544 0.206202 0.212035 0.218040 0.224213 0.230552 0.237055 0.243720 0.250545 0.257528 0.264668
0.033189 0.037661 0.042000 0.046252 0.050423 0.054517 0.058540 0.062501 0.066409 0.070274 0.074105 0.077913 0.081705 0.085491 0.089279 0.093077 0.096892 0.100730 0.104598 0.108503 0.112448 0.116440 0.120483 0.124583 0.128742 0.132965 0.137256 0.141618 0.146054 0.150568 0.155162 0.159838 0.164600 0.169449 0.174388 0.179418 0.184543 0.189763 0.195088 0.200577 0.206242 0.212079 0.218086 0.224259 0.230597 0.237096 0.243756 0.250574 0.257549 0.264679
0.032908 0.037504 0.041921 0.046217 0.050413 0.054523 0.058558 0.062530 0.066448 0.070322 0.074162 0.077977 0.081775 0.085567 0.089359 0.093160 0.096976 0.100815 0.104684 0.108587 0.112531 0.116520 0.120560 0.124656 0.128811 0.133029 0.137314 0.141670 0.146100 0.150607 0.155194 0.159862 0.164616 0.169456 0.174386 0.179408 0.184523 0.189733 0.195058 0.200555 0.206226 0.212067 0.218076 0.224250 0.230586 0.237082 0.243738 0.250550 0.257517 0.264639
0.032348 0.037065 0.041640 0.046046 0.050312 0.054466 0.058530 0.062520 0.066449 0.070330 0.074173 0.077989 0.081789 0.085579 0.089370 0.093169 0.096983 0.100820 0.104685 0.108585 0.112525 0.116510 0.120546 0.124637 0.128787 0.133000 0.137280 0.141630 0.146054 0.150554 0.155134 0.159796 0.164542 0.169375 0.174297 0.179311 0.184417 0.189619 0.194949 0.200453 0.206129 0.211973 0.217984 0.224158 0.230492 0.236986 0.243637 0.250444 0.257405 0.264519
0.031608 0.036797 0.041485 0.045938 0.050235 0.054411 0.058488 0.062483 0.066413 0.070291 0.074130 0.077940 0.081732 0.085515 0.089299 0.093091 0.096899 0.100729 0.104588 0.108481 0.112415 0.116395 0.120426 0.124511 0.128655 0.132863 0.137137 0.141482 0.145899 0.150394 0.154967 0.159623 0.164362 0.169188 0.174103 0.179109 0.184209 0.189403 0.194740 0.200250 0.205930 0.211777 0.217789 0.223962 0.230296 0.236786 0.243433 0.250234 0.257188 0.264294
0.033399 0.037388 0.041693 0.046008 0.050246 0.054388 0.058441 0.062416 0.066327 0.070188 0.074010 0.077805 0.081584 0.085355 0.089127 0.092909 0.096707 0.100528 0.104379 0.108266 0.112193 0.116167 0.120191 0.124270 0.128409 0.132610 0.136879 0.141218 0.145630 0.150119 0.154686 0.159335 0.164068 0.168888 0.173796 0.178795 0.183887 0.189077 0.194420 0.199935 0.205618 0.211467 0.217479 0.223651 0.229982 0.236469 0.243111 0.249906 0.256853 0.263950
0.032793 0.037285 0.041713 0.046026 0.050224 0.054320 0.058330 0.062268 0.066148 0.069983 0.073783 0.077560 0.081322 0.085080 0.088840 0.092611 0.096399 0.100212 0.104055 0.107935 0.111855 0.115822 0.119841 0.123914 0.128047 0.132243 0.136507 0.140840 0.145246 0.149729 0.154290 0.158933 0.163660 0.168473 0.173375 0.178367 0.183451 0.188638 0.193985 0.199503 0.205188 0.211038 0.217048 0.223218 0.229545 0.236027 0.242662 0.249450 0.256388 0.263476
0.031178 0.036768 0.041492 0.045857 0.050035 0.054095 0.058069 0.061975 0.065829 0.069643 0.073425 0.077187 0.080937 0.084684 0.088435 0.092197 0.095978 0.099785 0.103622 0.107495 0.111410 0.115372 0.119384 0.123453 0.127580 0.131771 0.136029 0.140356 0.144756 0.149233 0.153788 0.158424 0.163144 0.167949 0.172843 0.177827 0.182903 0.188088 0.193438 0.198957 0.204641 0.210488 0.216495 0.222660 0.228981 0.235456 0.242083 0.248861 0.255789 0.262866
0.033135 0.037139 0.041360 0.045545 0.049649 0.053674 0.057627 0.061520 0.065364 0.069168 0.072943 0.076699 0.080443 0.084184 0.087930 0.091688 0.095465 0.099266 0.103098 0.106967 0.110877 0.114833 0.118841 0.122904 0.127025 0.131210 0.135461 0.139782 0.144175 0.148644 0.153191 0.157819 0.162530 0.167327 0.172211 0.177185 0.182251 0.187433 0.192782 0.198299 0.203980 0.209822 0.215823 0.221981 0.228293 0.234757 0.241374 0.248140 0.255054 0.262117
0.032874 0.036800 0.040878 0.044999 0.049084 0.053107 0.057064 0.060960 0.064806 0.068612 0.072387 0.076141 0.079884 0.083623 0.087365 0.091120 0.094892 0.098689 0.102516 0.106380 0.110284 0.114234 0.118235 0.122290 0.126404 0.130581 0.134823 0.139135 0.143518 0.147977 0.152514 0.157131 0.161831 0.166616 0.171488 0.176450 0.181504 0.186680 0.192026 0.197537 0.203210 0.209044 0.215035 0.221181 0.227481 0.233932 0.240534 0.247285 0.254183 0.261228
0.030878 0.035566 0.040044 0.044333 0.048487 0.052537 0.056505 0.060405 0.064252 0.068056 0.071828 0.075579 0.079317 0.083050 0.086788 0.090536 0.094301 0.098091 0.101910 0.105765 0.109660 0.113600 0.117591 0.121636 0.125739 0.129903 0.134134 0.138432 0.142803 0.147248 0.151771 0.156373 0.161058 0.165827 0.170684 0.175629 0.180666 0.185836 0.191172 0.196673 0.202335 0.208156 0.214133 0.220264 0.226547 0.232981 0.239565 0.246296 0.253174 0.260198
0.029941 0.035086 0.039640 0.043937 0.048080 0.052114 0.056064 0.059948 0.063778 0.067568 0.071327 0.075065 0.078790 0.082511 0.086236 0.089971 0.093724 0.097500 0.101306 0.105146 0.109027 0.112953 0.116928 0.120957 0.125043 0.129191 0.133404 0.137685 0.142038 0.146464 0.150968 0.155551 0.160216 0.164965 0.169801 0.174726 0.179743 0.184900 0.190223 0.195709 0.201355 0.207158 0.213116 0.219227 0.225490 0.231902 0.238463 0.245170 0.252024 0.259024
0.031639 0.035583 0.039727 0.043840 0.047883 0.051853 0.055757 0.059605 0.063405 0.067168 0.070903 0.074617 0.078321 0.082021 0.085725 0.089440 0.093172 0.096928 0.100713 0.104533 0.108393 0.112297 0.116251 0.120257 0.124322 0.128447 0.132636 0.136894 0.141222 0.145625 0.150104 0.154662 0.159302 0.164026 0.168837 0.173736 0.178730 0.183869 0.189174 0.194640 0.200265 0.206045 0.211980 0.218067 0.224304 0.230690 0.237223 0.243903 0.250729 0.257699
0.031643 0.035660 0.039698 0.043727 0.047711 0.051638 0.055506 0.059321 0.063091 0.066824 0.070530 0.074217 0.077893 0.081566 0.085243 0.088931 0.092636 0.096365 0.100123 0.103915 0.107747 0.111623 0.115548 0.119527 0.123562 0.127658 0.131819 0.136047 0.140346 0.144718 0.149167 0.153696 0.158306 0.163000 0.167780 0.172649 0.177615 0.182733 0.188014 0.193455 0.199054 0.204808 0.210715 0.216773 0.222980 0.229336 0.235839 0.242488 0.249281 0.256219
0.030404 0.034940 0.039239 0.043389 0.047423 0.051362 0.055224 0.059023 0.062771 0.066479 0.070158 0.073817 0.077463 0.081106 0.084752 0.088409 0.092082 0.095778 0.099503 0.103262 0.107061 0.110904 0.114795 0.118739 0.122740 0.126802 0.130928 0.135121 0.139386 0.143724 0.148138 0.152632 0.157207 0.161867 0.166613 0.171448 0.176384 0.181475 0.186729 0.192141 0.197710 0.203434 0.209309 0.215335 0.221510 0.227832 0.234301 0.240915 0.247674 0.254577
0.029428 0.034236 0.038742 0.042993 0.047067 0.051017 0.054875 0.058661 0.062391 0.066078 0.069732 0.073363 0.076979 0.080590 0.084203 0.087826 0.091464 0.095124 0.098812 0.102534 0.106295 0.110100 0.113953 0.117859 0.121821 0.125845 0.129932 0.134087 0.138313 0.142613 0.146990 0.151446 0.155983 0.160606 0.165315 0.170113 0.175017 0.180079 0.185302 0.190683 0.196220 0.201910 0.207751 0.213743 0.219883 0.226170 0.232603 0.239181 0.245904 0.252770
0.029861 0.034382 0.038599 0.042693 0.046691 0.050603 0.054437 0.058203 0.061912 0.065576 0.069203 0.072806 0.076391 0.079969 0.083547 0.087132 0.090733 0.094354 0.098003 0.101685 0.105406 0.109170 0.112982 0.116847 0.120769 0.124751 0.128798 0.132913 0.137099 0.141359 0.145696 0.150112 0.154611 0.159195 0.163866 0.168627 0.173498 0.178529 0.183720 0.189068 0.194571 0.200227 0.206034 0.211990 0.218094 0.224346 0.230742 0.237284 0.243970 0.250800
0.030858 0.034309 0.038231 0.042225 0.046181 0.050067 0.053879 0.057623 0.061307 0.064942 0.068540 0.072109 0.075659 0.079200 0.082740 0.086286 0.089846 0.093427 0.097034 0.100675 0.104353 0.108076 0.111846 0.115670 0.119550 0.123492 0.127498 0.131572 0.135718 0.139938 0.144235 0.148613 0.153074 0.157620 0.162253 0.166977 0.171817 0.176817 0.181976 0.187292 0.192762 0.198385 0.204158 0.210080 0.216149 0.222365 0.228727 0.235234 0.241884 0.248678
0.027829 0.032866 0.037311 0.041492 0.045509 0.049402 0.053198 0.056913 0.060563 0.064161 0.067719 0.071247 0.074756 0.078255 0.081752 0.085256 0.088773 0.092311 0.095877 0.099475 0.103112 0.106793 0.110523 0.114306 0.118146 0.122048 0.126015 0.130051 0.134158 0.138341 0.142602 0.146943 0.151368 0.155879 0.160478 0.165167 0.169978 0.174949 0.180079 0.185365 0.190804 0.196395 0.202136 0.208026 0.214064 0.220247 0.226576 0.233050 0.239668 0.246429
0.027797 0.032350 0.036708 0.040852 0.044828 0.048674 0.052418 0.056080 0.059677 0.063223 0.066729 0.070207 0.073668 0.077119 0.080570 0.084029 0.087502 0.090998 0.094521 0.098078 0.101675 0.105317 0.109008 0.112754 0.116557 0.120423 0.124354 0.128355 0.132429 0.136578 0.140806 0.145115 0.149508 0.153987 0.158556 0.163216 0.168001 0.172947 0.178051 0.183310 0.188722 0.194286 0.199999 0.205861 0.211869 0.218024 0.224324 0.230769 0.237357 0.244089
0.028412 0.032413 0.036402 0.040320 0.044145 0.047880 0.051533 0.055117 0.058643 0.062123 0.065569 0.068991 0.072398 0.075799 0.079202 0.082615 0.086045 0.089499 0.092982 0.096502 0.100062 0.103668 0.107325 0.111037 0.114808 0.118642 0.122543 0.126515 0.130559 0.134680 0.138881 0.143163 0.147530 0.151984 0.156528 0.161163 0.165928 0.170853 0.175936 0.181173 0.186562 0.192103 0.197793 0.203631 0.209615 0.215746 0.222021 0.228441 0.235005 0.241712
0.027529 0.031829 0.035791 0.039604 0.043318 0.046949 0.050510 0.054010 0.057461 0.060873 0.064256 0.067619 0.070973 0.074324 0.077681 0.081051 0.084440 0.087856 0.091304 0.094790 0.098318 0.101894 0.105522 0.109206 0.112951 0.116760 0.120636 0.124584 0.128606 0.132705 0.136884 0.141146 0.145493 0.149927 0.154452 0.159069 0.163819 0.168729 0.173795 0.179015 0.184387 0.189910 0.195581 0.201400 0.207366 0.213477 0.219733 0.226134 0.232678 0.239365
0.027798 0.031266 0.035002 0.038708 0.042334 0.045883 0.049363 0.052787 0.056168 0.059514 0.062838 0.066147 0.069450 0.072756 0.076071 0.079402 0.082757 0.086140 0.089558 0.093016 0.096518 0.100070 0.103675 0.107338 0.111063 0.114853 0.118712 0.122642 0.126648 0.130731 0.134895 0.139143 0.143476 0.147897 0.152408 0.157013 0.161754 0.166653 0.171707 0.176916 0.182275 0.187785 0.193443 0.199249 0.205200 0.211297 0.217539 0.223924 0.230454 0.237126
0.025895 0.030237 0.034088 0.037753 0.041305 0.044774 0.048177 0.051529 0.054842 0.058129 0.061398 0.064658 0.067918 0.071184 0.074464 0.077764 0.081090 0.084447 0.087842 0.091278 0.094761 0.098295 0.101884 0.105533 0.109244 0.113021 0.116868 0.120787 0.124782 0.128856 0.133010 0.137248 0.141573 0.145986 0.150490 0.155088 0.159823 0.164716 0.169764 0.174965 0.180317 0.185818 0.191468 0.197264 0.203206 0.209293 0.215525 0.221900 0.228418 0.235080
0.025941 0.029730 0.033403 0.036940 0.040378 0.043747 0.047064 0.050342 0.053592 0.056824 0.060045 0.063263 0.066486 0.069721 0.072973 0.076248 0.079552 0.082891 0.086269 0.089690 0.093160 0.096682 0.100261 0.103900 0.107603 0.111372 0.115212 0.119125 0.123115 0.127183 0.131333 0.135567 0.139887 0.144296 0.148796 0.153391 0.158125 0.163015 0.168060 0.173257 0.178605 0.184102 0.189746 0.195537 0.201473 0.207554 0.213779 0.220147 0.226659 0.233314
0.026735 0.029799 0.033050 0.036344 0.039627 0.042886 0.046119 0.049331 0.052526 0.055712 0.058894 0.062080 0.065275 0.068486 0.071717 0.074975 0.078264 0.081590 0.084957 0.088369 0.091831 0.095346 0.098919 0.102553 0.106251 0.110017 0.113854 0.117764 0.121751 0.125817 0.129965 0.134198 0.138517 0.142925 0.147424 0.152018 0.156753 0.161643 0.166687 0.171883 0.177229 0.182723 0.188365 0.194153 0.200086 0.206163 0.212385 0.218749 0.225257 0.231907
0.025793 0.029265 0.032561 0.035807 0.039029 0.042231 0.045414 0.048583 0.051743 0.054898 0.058055 0.061218 0.064395 0.067590 0.070808 0.074055 0.077335 0.080653 0.084013 0.087420 0.090878 0.094390 0.097959 0.101591 0.105287 0.109052 0.112888 0.116797 0.120784 0.124850 0.128998 0.133230 0.137549 0.141958 0.146457 0.151052 0.155788 0.160679 0.165723 0.170919 0.176265 0.181758 0.187399 0.193185 0.199117 0.205193 0.211412 0.217775 0.224280 0.230929
0.025400 0.028790 0.032141 0.035427 0.038661 0.041858 0.045028 0.048181 0.051325 0.054466 0.057611 0.060764 0.063931 0.067119 0.070331 0.073572 0.076848 0.080162 0.083520 0.086924 0.090380 0.093890 0.097459 0.101090 0.104786 0.108550 0.112386 0.116295 0.120282 0.124348 0.128496 0.132729 0.137049 0.141457 0.145957 0.150553 0.155289 0.160181 0.165226 0.170422 0.175768 0.181261 0.186902 0.192688 0.198619 0.204694 0.210913 0.217274 0.223779 0.230426
