0.088255 0.089726 0.091479 0.093047 0.094409 0.095605 0.096673 0.097638 0.098519 0.099326 0.100069 0.100752 0.101381 0.101958 0.102487 0.102970 0.103410 0.103808 0.104168 0.104491 0.104780 0.105037 0.105265 0.105466 0.105645 0.105803 0.105945 0.106074 0.106193 0.106306 0.106417 0.106530 0.106649 0.106779 0.106923 0.107086 0.107272 0.107486 0.107731 0.108012 0.108333 0.108698 0.109111 0.109575 0.110095 0.110674 0.111315 0.112021 0.112796 0.113643
0.089243 0.093051 0.094561 0.095599 0.096523 0.097396 0.098225 0.099011 0.099752 0.100449 0.101102 0.101711 0.102278 0.102803 0.103288 0.103734 0.104142 0.104513 0.104850 0.105153 0.105426 0.105670 0.105887 0.106080 0.106252 0.106406 0.106545 0.106673 0.106792 0.106907 0.107021 0.107138 0.107262 0.107398 0.107549 0.107720 0.107915 0.108139 0.108394 0.108686 0.109018 0.109395 0.109821 0.110299 0.110832 0.111425 0.112080 0.112802 0.113592 0.114453
0.105479 0.100364 0.099374 0.099422 0.099786 0.100268 0.100800 0.101349 0.101897 0.102434 0.102953 0.103449 0.103919 0.104362 0.104776 0.105161 0.105516 0.105843 0.106142 0.106413 0.106660 0.106882 0.107082 0.107262 0.107424 0.107572 0.107708 0.107834 0.107956 0.108075 0.108196 0.108323 0.108458 0.108607 0.108773 0.108961 0.109174 0.109416 0.109692 0.110006 0.110362 0.110763 0.111214 0.111718 0.112279 0.112900 0.113584 0.114334 0.115155 0.116047
0.095867 0.101172 0.102331 0.102720 0.103019 0.103345 0.103706 0.104092 0.104491 0.104892 0.105290 0.105678 0.106054 0.106414 0.106755 0.107077 0.107378 0.107658 0.107917 0.108156 0.108374 0.108575 0.108758 0.108926 0.109081 0.109225 0.109361 0.109491 0.109620 0.109749 0.109883 0.110026 0.110180 0.110349 0.110539 0.110752 0.110993 0.111265 0.111573 0.111920 0.112311 0.112749 0.113237 0.113781 0.114382 0.115045 0.115772 0.116567 0.117432 0.118370
0.110847 0.106059 0.105393 0.105540 0.105836 0.106155 0.106479 0.106804 0.107132 0.107460 0.107784 0.108104 0.108416 0.108718 0.109008 0.109284 0.109546 0.109792 0.110023 0.110239 0.110440 0.110627 0.110801 0.110965 0.111120 0.111268 0.111411 0.111553 0.111696 0.111844 0.111999 0.112166 0.112347 0.112548 0.112770 0.113019 0.113298 0.113610 0.113961 0.114353 0.114791 0.115278 0.115818 0.116413 0.117069 0.117787 0.118571 0.119424 0.120348 0.121347
0.099793 0.105368 0.107001 0.107724 0.108196 0.108581 0.108929 0.109259 0.109579 0.109893 0.110200 0.110499 0.110791 0.111073 0.111345 0.111605 0.111853 0.112089 0.112312 0.112523 0.112722 0.112911 0.113091 0.113263 0.113429 0.113592 0.113754 0.113918 0.114086 0.114262 0.114449 0.114650 0.114869 0.115110 0.115376 0.115671 0.115999 0.116364 0.116769 0.117218 0.117715 0.118263 0.118865 0.119526 0.120249 0.121036 0.121890 0.122815 0.123813 0.124886
0.112981 0.109904 0.109654 0.109923 0.110281 0.110651 0.111018 0.111379 0.111733 0.112077 0.112412 0.112736 0.113049 0.113349 0.113637 0.113913 0.114176 0.114426 0.114664 0.114891 0.115108 0.115315 0.115516 0.115711 0.115903 0.116094 0.116287 0.116484 0.116689 0.116904 0.117133 0.117380 0.117648 0.117940 0.118261 0.118613 0.119001 0.119429 0.119899 0.120417 0.120984 0.121605 0.122283 0.123022 0.123824 0.124692 0.125630 0.126640 0.127724 0.128885
0.107872 0.110597 0.111193 0.111533 0.111903 0.112313 0.112742 0.113172 0.113595 0.114006 0.114403 0.114783 0.115147 0.115494 0.115825 0.116140 0.116440 0.116725 0.116998 0.117259 0.117509 0.117751 0.117987 0.118219 0.118450 0.118681 0.118917 0.119159 0.119411 0.119677 0.119960 0.120263 0.120589 0.120944 0.121329 0.121749 0.122208 0.122710 0.123257 0.123853 0.124502 0.125208 0.125973 0.126800 0.127693 0.128655 0.129688 0.130795 0.131978 0.133239
0.115110 0.112299 0.112098 0.112511 0.113064 0.113636 0.114199 0.114741 0.115262 0.115759 0.116233 0.116683 0.117111 0.117518 0.117904 0.118271 0.118620 0.118952 0.119271 0.119576 0.119872 0.120159 0.120441 0.120720 0.120999 0.121281 0.121569 0.121866 0.122175 0.122501 0.122846 0.123215 0.123610 0.124036 0.124496 0.124994 0.125533 0.126118 0.126751 0.127436 0.128177 0.128977 0.129839 0.130766 0.131761 0.132826 0.133965 0.135179 0.136472 0.137845
0.106240 0.110174 0.112075 0.113265 0.114171 0.114942 0.115638 0.116284 0.116890 0.117463 0.118004 0.118517 0.119004 0.119465 0.119904 0.120321 0.120719 0.121100 0.121467 0.121821 0.122165 0.122503 0.122836 0.123167 0.123501 0.123839 0.124186 0.124545 0.124919 0.125312 0.125728 0.126170 0.126641 0.127147 0.127689 0.128273 0.128901 0.129577 0.130305 0.131088 0.131929 0.132832 0.133800 0.134835 0.135940 0.137118 0.138372 0.139703 0.141115 0.142609
0.110636 0.112867 0.114081 0.115006 0.115825 0.116584 0.117299 0.117976 0.118617 0.119226 0.119805 0.120355 0.120878 0.121378 0.121854 0.122311 0.122750 0.123173 0.123583 0.123982 0.124374 0.124761 0.125146 0.125533 0.125924 0.126322 0.126733 0.127157 0.127601 0.128066 0.128558 0.129078 0.129632 0.130223 0.130854 0.131530 0.132253 0.133028 0.133857 0.134744 0.135692 0.136705 0.137785 0.138935 0.140158 0.141456 0.142831 0.144287 0.145825 0.147447
0.121794 0.117737 0.117042 0.117319 0.117887 0.118537 0.119198 0.119847 0.120474 0.121078 0.121658 0.122215 0.122751 0.123267 0.123764 0.124246 0.124713 0.125169 0.125615 0.126054 0.126490 0.126924 0.127360 0.127800 0.128249 0.128709 0.129184 0.129678 0.130193 0.130735 0.131305 0.131908 0.132549 0.133229 0.133953 0.134725 0.135548 0.136425 0.137361 0.138357 0.139417 0.140544 0.141741 0.143011 0.144356 0.145779 0.147282 0.148867 0.150536 0.152291
0.112313 0.116692 0.118297 0.119195 0.119906 0.120559 0.121186 0.121793 0.122383 0.122956 0.123514 0.124058 0.124587 0.125104 0.125610 0.126106 0.126594 0.127075 0.127552 0.128028 0.128504 0.128983 0.129468 0.129962 0.130469 0.130991 0.131532 0.132096 0.132685 0.133303 0.133955 0.134643 0.135372 0.136145 0.136964 0.137835 0.138760 0.139743 0.140787 0.141894 0.143069 0.144313 0.145630 0.147023 0.148493 0.150043 0.151675 0.153392 0.155194 0.157085
0.119547 0.119826 0.120561 0.121283 0.121934 0.122535 0.123106 0.123660 0.124204 0.124741 0.125272 0.125799 0.126320 0.126836 0.127349 0.127858 0.128365 0.128872 0.129380 0.129891 0.130408 0.130933 0.131468 0.132017 0.132582 0.133167 0.133775 0.134409 0.135073 0.135770 0.136504 0.137278 0.138096 0.138962 0.139878 0.140848 0.141876 0.142965 0.144117 0.145337 0.146626 0.147988 0.149426 0.150941 0.152536 0.154214 0.155976 0.157824 0.159761 0.161788
0.124089 0.122837 0.122938 0.123333 0.123794 0.124276 0.124769 0.125273 0.125785 0.126303 0.126825 0.127350 0.127877 0.128406 0.128936 0.129468 0.130003 0.130542 0.131087 0.131639 0.132201 0.132774 0.133363 0.133968 0.134594 0.135244 0.135920 0.136625 0.137365 0.138141 0.138957 0.139817 0.140724 0.141681 0.142693 0.143762 0.144892 0.146085 0.147345 0.148675 0.150078 0.151555 0.153111 0.154747 0.156465 0.158268 0.160158 0.162136 0.164204 0.166365
0.119616 0.123375 0.124282 0.124687 0.125068 0.125499 0.125976 0.126485 0.127014 0.127557 0.128107 0.128663 0.129223 0.129786 0.130353 0.130924 0.131500 0.132082 0.132673 0.133274 0.133887 0.134515 0.135161 0.135827 0.136516 0.137232 0.137977 0.138755 0.139570 0.140424 0.141321 0.142266 0.143260 0.144308 0.145413 0.146578 0.147806 0.149101 0.150466 0.151902 0.153414 0.155004 0.156674 0.158426 0.160263 0.162187 0.164200 0.166303 0.168498 0.170788
0.131267 0.125974 0.124991 0.125105 0.125539 0.126084 0.126674 0.127282 0.127898 0.128517 0.129136 0.129756 0.130375 0.130995 0.131617 0.132243 0.132873 0.133511 0.134157 0.134814 0.135486 0.136173 0.136880 0.137609 0.138363 0.139146 0.139961 0.140811 0.141700 0.142631 0.143607 0.144633 0.145712 0.146846 0.148040 0.149297 0.150620 0.152012 0.153475 0.155014 0.156629 0.158325 0.160103 0.161966 0.163915 0.165953 0.168082 0.170303 0.172618 0.175029
0.115503 0.121221 0.123279 0.124479 0.125432 0.126284 0.127083 0.127846 0.128584 0.129305 0.130013 0.130712 0.131405 0.132094 0.132782 0.133471 0.134164 0.134863 0.135570 0.136289 0.137021 0.137771 0.138540 0.139333 0.140152 0.141002 0.141884 0.142804 0.143764 0.144768 0.145820 0.146924 0.148082 0.149298 0.150575 0.151918 0.153329 0.154810 0.156366 0.157999 0.159711 0.161505 0.163383 0.165348 0.167401 0.169545 0.171781 0.174111 0.176537 0.179059
0.122910 0.122095 0.123267 0.124544 0.125675 0.126679 0.127598 0.128462 0.129289 0.130091 0.130874 0.131645 0.132406 0.133162 0.133915 0.134668 0.135422 0.136182 0.136950 0.137729 0.138522 0.139332 0.140162 0.141016 0.141897 0.142809 0.143755 0.144740 0.145767 0.146839 0.147960 0.149134 0.150365 0.151655 0.153009 0.154430 0.155920 0.157484 0.159123 0.160841 0.162640 0.164523 0.166491 0.168548 0.170695 0.172934 0.175266 0.177694 0.180218 0.182841
0.119223 0.123077 0.124641 0.125707 0.126652 0.127555 0.128437 0.129302 0.130154 0.130994 0.131824 0.132645 0.133460 0.134270 0.135077 0.135885 0.136694 0.137509 0.138331 0.139163 0.140010 0.140874 0.141758 0.142667 0.143603 0.144571 0.145574 0.146616 0.147701 0.148833 0.150015 0.151252 0.152547 0.153903 0.155323 0.156813 0.158373 0.160008 0.161720 0.163513 0.165388 0.167348 0.169395 0.171532 0.173760 0.176081 0.178497 0.181010 0.183619 0.186328
0.130199 0.127471 0.127040 0.127348 0.127952 0.128692 0.129498 0.130336 0.131188 0.132044 0.132901 0.133756 0.134608 0.135458 0.136306 0.137156 0.138008 0.138865 0.139730 0.140605 0.141495 0.142402 0.143330 0.144283 0.145264 0.146277 0.147327 0.148416 0.149550 0.150731 0.151964 0.153253 0.154601 0.156011 0.157488 0.159034 0.160652 0.162347 0.164120 0.165974 0.167912 0.169937 0.172049 0.174252 0.176548 0.178937 0.181422 0.184004 0.186684 0.189463
0.126062 0.126966 0.127518 0.128175 0.128930 0.129746 0.130595 0.131463 0.132340 0.133222 0.134103 0.134983 0.135861 0.136737 0.137613 0.138489 0.139368 0.140252 0.141145 0.142049 0.142967 0.143904 0.144862 0.145846 0.146859 0.147905 0.148988 0.150112 0.151282 0.152500 0.153771 0.155099 0.156487 0.157939 0.159458 0.161048 0.162711 0.164452 0.166272 0.168174 0.170160 0.172234 0.174397 0.176650 0.178997 0.181438 0.183975 0.186609 0.189342 0.192174
0.123941 0.125693 0.127356 0.128672 0.129782 0.130791 0.131751 0.132687 0.133608 0.134518 0.135421 0.136317 0.137207 0.138094 0.138979 0.139865 0.140753 0.141648 0.142551 0.143466 0.144397 0.145347 0.146319 0.147318 0.148348 0.149412 0.150514 0.151659 0.152850 0.154091 0.155386 0.156738 0.158152 0.159631 0.161178 0.162797 0.164490 0.166261 0.168112 0.170045 0.172064 0.174170 0.176366 0.178653 0.181033 0.183508 0.186079 0.188747 0.191513 0.194379
0.122896 0.126914 0.128724 0.129996 0.131103 0.132137 0.133127 0.134087 0.135022 0.135939 0.136841 0.137731 0.138613 0.139490 0.140364 0.141238 0.142116 0.143001 0.143896 0.144805 0.145730 0.146676 0.147646 0.148645 0.149675 0.150741 0.151847 0.152997 0.154194 0.155442 0.156745 0.158107 0.159531 0.161021 0.162579 0.164210 0.165916 0.167700 0.169564 0.171512 0.173545 0.175666 0.177876 0.180177 0.182571 0.185060 0.187644 0.190325 0.193104 0.195982
0.136231 0.131973 0.131493 0.132048 0.132898 0.133823 0.134754 0.135670 0.136567 0.137446 0.138311 0.139164 0.140009 0.140850 0.141690 0.142532 0.143380 0.144237 0.145106 0.145990 0.146894 0.147820 0.148772 0.149754 0.150769 0.151822 0.152915 0.154054 0.155241 0.156480 0.157775 0.159129 0.160546 0.162029 0.163582 0.165207 0.166907 0.168686 0.170545 0.172487 0.174514 0.176629 0.178833 0.181127 0.183514 0.185995 0.188571 0.191243 0.194012 0.196878
0.126366 0.130891 0.132664 0.133790 0.134741 0.135626 0.136478 0.137307 0.138119 0.138919 0.139710 0.140495 0.141278 0.142061 0.142848 0.143641 0.144443 0.145256 0.146085 0.146931 0.147798 0.148690 0.149610 0.150561 0.151547 0.152571 0.153637 0.154748 0.155909 0.157123 0.158392 0.159721 0.161114 0.162572 0.164100 0.165700 0.167375 0.169128 0.170961 0.172876 0.174876 0.176963 0.179138 0.181404 0.183760 0.186210 0.188754 0.191392 0.194127 0.196958
0.133724 0.133807 0.134833 0.135780 0.136597 0.137343 0.138056 0.138757 0.139454 0.140151 0.140851 0.141554 0.142263 0.142979 0.143704 0.144439 0.145186 0.145948 0.146727 0.147526 0.148348 0.149195 0.150071 0.150978 0.151921 0.152903 0.153927 0.154996 0.156114 0.157285 0.158512 0.159798 0.161146 0.162560 0.164043 0.165597 0.167225 0.168931 0.170715 0.172582 0.174532 0.176567 0.178690 0.180902 0.183205 0.185598 0.188085 0.190664 0.193339 0.196108
0.134741 0.136663 0.137221 0.137637 0.138093 0.138598 0.139139 0.139708 0.140298 0.140904 0.141524 0.142156 0.142800 0.143456 0.144123 0.144802 0.145496 0.146206 0.146933 0.147680 0.148450 0.149244 0.150067 0.150921 0.151810 0.152736 0.153703 0.154714 0.155773 0.156884 0.158049 0.159272 0.160556 0.161905 0.163321 0.164807 0.166367 0.168002 0.169715 0.171508 0.173383 0.175343 0.177388 0.179521 0.181743 0.184055 0.186457 0.188952 0.191539 0.194220
0.142942 0.139225 0.138305 0.138239 0.138492 0.138888 0.139359 0.139875 0.140420 0.140985 0.141566 0.142159 0.142764 0.143378 0.144003 0.144638 0.145286 0.145947 0.146623 0.147316 0.148029 0.148765 0.149526 0.150316 0.151137 0.151994 0.152889 0.153826 0.154809 0.155840 0.156924 0.158064 0.159263 0.160524 0.161851 0.163246 0.164712 0.166252 0.167868 0.169563 0.171338 0.173196 0.175138 0.177165 0.179280 0.181483 0.183775 0.186157 0.188630 0.191194
0.131961 0.135024 0.136178 0.136873 0.137460 0.138027 0.138596 0.139171 0.139752 0.140337 0.140924 0.141515 0.142107 0.142702 0.143299 0.143901 0.144508 0.145123 0.145747 0.146383 0.147034 0.147702 0.148392 0.149105 0.149845 0.150617 0.151423 0.152268 0.153154 0.154087 0.155068 0.156102 0.157193 0.158343 0.159557 0.160836 0.162184 0.163603 0.165097 0.166667 0.168316 0.170045 0.171857 0.173752 0.175732 0.177799 0.179953 0.182195 0.184526 0.186947
0.131696 0.132663 0.133805 0.134784 0.135626 0.136386 0.137094 0.137769 0.138421 0.139054 0.139672 0.140276 0.140869 0.141452 0.142027 0.142596 0.143161 0.143725 0.144290 0.144860 0.145438 0.146026 0.146628 0.147249 0.147891 0.148559 0.149257 0.149988 0.150757 0.151568 0.152423 0.153329 0.154287 0.155301 0.156376 0.157514 0.158718 0.159991 0.161336 0.162756 0.164251 0.165826 0.167480 0.169217 0.171036 0.172940 0.174929 0.177005 0.179167 0.181417
0.130348 0.131087 0.131918 0.132788 0.133642 0.134457 0.135231 0.135964 0.136660 0.137324 0.137957 0.138563 0.139144 0.139703 0.140242 0.140765 0.141273 0.141771 0.142261 0.142747 0.143232 0.143721 0.144217 0.144724 0.145246 0.145788 0.146355 0.146949 0.147577 0.148241 0.148947 0.149698 0.150499 0.151353 0.152263 0.153235 0.154269 0.155370 0.156541 0.157784 0.159101 0.160495 0.161967 0.163519 0.165152 0.166868 0.168667 0.170551 0.172520 0.174575
0.128770 0.129417 0.130129 0.130913 0.131716 0.132506 0.133267 0.133991 0.134675 0.135320 0.135927 0.136497 0.137033 0.137536 0.138010 0.138458 0.138883 0.139288 0.139677 0.140053 0.140421 0.140784 0.141148 0.141516 0.141894 0.142285 0.142695 0.143128 0.143589 0.144082 0.144613 0.145185 0.145804 0.146472 0.147194 0.147974 0.148814 0.149719 0.150692 0.151734 0.152849 0.154038 0.155304 0.156648 0.158072 0.159577 0.161164 0.162833 0.164586 0.166422
0.126922 0.127411 0.128254 0.129080 0.129860 0.130598 0.131297 0.131954 0.132569 0.133140 0.133668 0.134154 0.134599 0.135005 0.135374 0.135710 0.136016 0.136294 0.136549 0.136784 0.137005 0.137214 0.137418 0.137620 0.137825 0.138039 0.138266 0.138513 0.138782 0.139081 0.139412 0.139782 0.140195 0.140655 0.141166 0.141732 0.142357 0.143044 0.143797 0.144618 0.145509 0.146474 0.147513 0.148630 0.149824 0.151098 0.152452 0.153888 0.155405 0.157005
0.122840 0.125448 0.126584 0.127381 0.128075 0.128714 0.129304 0.129846 0.130341 0.130787 0.131187 0.131540 0.131848 0.132113 0.132336 0.132521 0.132670 0.132787 0.132875 0.132938 0.132980 0.133006 0.133021 0.133030 0.133038 0.133050 0.133071 0.133107 0.133164 0.133245 0.133357 0.133505 0.133692 0.133924 0.134205 0.134540 0.134931 0.135383 0.135898 0.136481 0.137132 0.137855 0.138652 0.139524 0.140473 0.141501 0.142607 0.143793 0.145060 0.146408
0.127629 0.125399 0.125328 0.125764 0.126277 0.126763 0.127198 0.127579 0.127908 0.128187 0.128416 0.128597 0.128730 0.128816 0.128859 0.128859 0.128819 0.128743 0.128635 0.128497 0.128335 0.128153 0.127956 0.127750 0.127539 0.127328 0.127125 0.126933 0.126758 0.126607 0.126483 0.126393 0.126340 0.126331 0.126369 0.126458 0.126603 0.126807 0.127073 0.127404 0.127804 0.128274 0.128816 0.129433 0.130126 0.130895 0.131743 0.132669 0.133674 0.134760
0.119066 0.121976 0.123217 0.123866 0.124282 0.124586 0.124821 0.125001 0.125130 0.125210 0.125241 0.125222 0.125154 0.125038 0.124874 0.124666 0.124415 0.124126 0.123800 0.123442 0.123058 0.122651 0.122226 0.121789 0.121345 0.120900 0.120459 0.120028 0.119613 0.119218 0.118850 0.118513 0.118213 0.117955 0.117742 0.117579 0.117471 0.117420 0.117430 0.117504 0.117646 0.117856 0.118138 0.118493 0.118922 0.119427 0.120010 0.120669 0.121407 0.122224
0.120319 0.121566 0.121841 0.121912 0.121943 0.121957 0.121949 0.121907 0.121826 0.121699 0.121522 0.121295 0.121016 0.120686 0.120307 0.119880 0.119408 0.118894 0.118343 0.117757 0.117142 0.116503 0.115845 0.115172 0.114491 0.113807 0.113126 0.112454 0.111795 0.111157 0.110543 0.109959 0.109411 0.108903 0.108439 0.108024 0.107662 0.107356 0.107110 0.106926 0.106808 0.106758 0.106778 0.106870 0.107034 0.107274 0.107589 0.107980 0.108448 0.108994
0.126105 0.121180 0.119588 0.118992 0.118705 0.118505 0.118311 0.118088 0.117822 0.117505 0.117133 0.116705 0.116221 0.115682 0.115090 0.114448 0.113757 0.113023 0.112249 0.111439 0.110598 0.109731 0.108844 0.107941 0.107029 0.106112 0.105197 0.104290 0.103396 0.102519 0.101667 0.100844 0.100054 0.099303 0.098595 0.097934 0.097324 0.096769 0.096272 0.095836 0.095463 0.095157 0.094918 0.094750 0.094654 0.094630 0.094680 0.094805 0.095006 0.095283
0.109838 0.113258 0.114125 0.114296 0.114229 0.114045 0.113777 0.113435 0.113023 0.112543 0.111996 0.111385 0.110711 0.109978 0.109187 0.108343 0.107449 0.106508 0.105525 0.104505 0.103453 0.102373 0.101272 0.100154 0.099025 0.097892 0.096759 0.095631 0.094516 0.093417 0.092341 0.091292 0.090275 0.089294 0.088355 0.087461 0.086615 0.085823 0.085085 0.084407 0.083790 0.083237 0.082749 0.082330 0.081980 0.081700 0.081493 0.081359 0.081299 0.081314
0.108066 0.108419 0.108908 0.109096 0.109038 0.108806 0.108447 0.107986 0.107435 0.106804 0.106097 0.105320 0.104476 0.103568 0.102599 0.101575 0.100498 0.099372 0.098204 0.096996 0.095755 0.094486 0.093193 0.091883 0.090561 0.089233 0.087904 0.086579 0.085264 0.083964 0.082685 0.081430 0.080206 0.079016 0.077864 0.076754 0.075691 0.074678 0.073717 0.072812 0.071966 0.071181 0.070458 0.069801 0.069211 0.068690 0.068239 0.067859 0.067551 0.067317
0.104907 0.104573 0.104172 0.103823 0.103440 0.102984 0.102443 0.101818 0.101112 0.100329 0.099472 0.098544 0.097547 0.096486 0.095363 0.094183 0.092949 0.091666 0.090339 0.088971 0.087569 0.086137 0.084682 0.083207 0.081719 0.080224 0.078725 0.077230 0.075742 0.074268 0.072811 0.071377 0.069970 0.068594 0.067254 0.065953 0.064695 0.063483 0.062321 0.061212 0.060158 0.059161 0.058225 0.057352 0.056543 0.055801 0.055127 0.054523 0.053991 0.053531
0.101415 0.099451 0.098560 0.097865 0.097193 0.096497 0.095756 0.094959 0.094099 0.093173 0.092179 0.091117 0.089989 0.088797 0.087544 0.086233 0.084869 0.083455 0.081996 0.080498 0.078963 0.077399 0.075810 0.074201 0.072577 0.070944 0.069307 0.067671 0.066041 0.064422 0.062817 0.061233 0.059673 0.058141 0.056641 0.055178 0.053754 0.052373 0.051039 0.049754 0.048522 0.047345 0.046227 0.045169 0.044174 0.043245 0.042384 0.041592 0.040871 0.040224
0.089680 0.091747 0.091544 0.090857 0.090061 0.089225 0.088350 0.087426 0.086445 0.085402 0.084294 0.083120 0.081882 0.080581 0.079220 0.077802 0.076332 0.074812 0.073249 0.071646 0.070007 0.068339 0.066646 0.064933 0.063204 0.061465 0.059721 0.057977 0.056236 0.054505 0.052786 0.051085 0.049406 0.047753 0.046130 0.044540 0.042988 0.041476 0.040009 0.038591 0.037223 0.035911 0.034657 0.033464 0.032335 0.031273 0.030279 0.029358 0.028512 0.027741
0.090389 0.085682 0.083985 0.082982 0.082112 0.081233 0.080303 0.079309 0.078247 0.077116 0.075916 0.074650 0.073319 0.071926 0.070475 0.068970 0.067414 0.065811 0.064166 0.062484 0.060768 0.059023 0.057254 0.055466 0.053663 0.051851 0.050033 0.048214 0.046399 0.044593 0.042799 0.041021 0.039265 0.037534 0.035833 0.034164 0.032534 0.030945 0.029402 0.027909 0.026470 0.025091 0.023775 0.022525 0.021342 0.020229 0.019193 0.018239 0.017366 0.016570
0.071665 0.074465 0.074737 0.074313 0.073625 0.072787 0.071836 0.070789 0.069656 0.068445 0.067162 0.065811 0.064397 0.062924 0.061397 0.059819 0.058195 0.056528 0.054823 0.053084 0.051315 0.049520 0.047705 0.045872 0.044028 0.042177 0.040322 0.038469 0.036621 0.034784 0.032962 0.031159 0.029380 0.027630 0.025912 0.024232 0.022597 0.021010 0.019474 0.017997 0.016588 0.015252 0.013989 0.012798 0.011678 0.010648 0.009719 0.008883 0.008127 0.007443
0.068317 0.067162 0.066620 0.065996 0.065207 0.064274 0.063222 0.062072 0.060838 0.059528 0.058151 0.056714 0.055220 0.053674 0.052081 0.050445 0.048768 0.047056 0.045311 0.043538 0.041742 0.039926 0.038095 0.036254 0.034407 0.032558 0.030713 0.028875 0.027050 0.025242 0.023456 0.021698 0.019974 0.018286 0.016642 0.015055 0.013527 0.012061 0.010657 0.009344 0.008132 0.007011 0.005969 0.004997 0.004118 0.003412 0.002819 0.002303 0.001845 0.001431
0.061231 0.060204 0.059200 0.058153 0.057040 0.055856 0.054604 0.053287 0.051912 0.050482 0.049002 0.047475 0.045905 0.044295 0.042649 0.040968 0.039258 0.037520 0.035761 0.033983 0.032191 0.030391 0.028587 0.026783 0.024984 0.023196 0.021425 0.019675 0.017948 0.016254 0.014602 0.012998 0.011442 0.009939 0.008521 0.007194 0.005948 0.004772 0.003701 0.002825 0.002073 0.001400 0.000787 0.000219 0.000001 0.000001 0.000001 0.000001 0.000001 0.000001
0.053923 0.053197 0.051829 0.050371 0.048913 0.047455 0.045984 0.044491 0.042972 0.041424 0.039847 0.038242 0.036610 0.034951 0.033270 0.031566 0.029846 0.028114 0.026373 0.024630 0.022891 0.021162 0.019447 0.017750 0.016079 0.014442 0.012846 0.011289 0.009776 0.008336 0.006978 0.005692 0.004467 0.003361 0.002444 0.001639 0.000906 0.000226 0.000001 0.000001 0.000001 0.000001 0.000001 0.000001 0.000001 0.000001 0.000001 0.000001 0.000001 0.000001
0.049448 0.046165 0.044077 0.042312 0.040648 0.039020 0.037402 0.035784 0.034160 0.032527 0.030883 0.029226 0.027557 0.025877 0.024187 0.022494 0.020803 0.019123 0.017459 0.015819 0.014214 0.012649 0.011124 0.009642 0.008231 0.006898 0.005632 0.004421 0.003317 0.002396 0.001581 0.000834 0.000134 0.000001 0.000001 0.000001 0.000001 0.000001 0.000001 0.000001 0.000001 0.000001 0.000001 0.000001 0.000001 0.000001 0.000001 0.000001 0.000001 0.000001
0.037865 0.037136 0.035702 0.034097 0.032443 0.030773 0.029098 0.027424 0.025750 0.024077 0.022404 0.020732 0.019059 0.017391 0.015736 0.014107 0.012520 0.010981 0.009493 0.008085 0.006763 0.005516 0.004330 0.003256 0.002360 0.001567 0.000839 0.000155 0.000001 0.000001 0.000001 0.000001 0.000001 0.000001 0.000001 0.000001 0.000001 0.000001 0.000001 0.000001 0.000001 0.000001 0.000001 0.000001 0.000001 0.000001 0.000001 0.000001 0.000001 0.000001
0.030867 0.029567 0.028126 0.026542 0.024886 0.023200 0.021507 0.019816 0.018133 0.016458 0.014793 0.013138 0.011499 0.009899 0.008358 0.006919 0.005586 0.004345 0.003228 0.002314 0.001521 0.000804 0.000138 0.000001 0.000001 0.000001 0.000001 0.000001 0.000001 0.000001 0.000001 0.000001 0.000001 0.000001 0.000001 0.000001 0.000001 0.000001 0.000001 0.000001 0.000001 0.000001 0.000001 0.000001 0.000001 0.000001 0.000001 0.000001 0.000001 0.000001
0.025545 0.023875 0.022088 0.020307 0.018549 0.016813 0.015098 0.013406 0.011734 0.010083 0.008452 0.006845 0.005316 0.003913 0.002699 0.001742 0.000932 0.000214 0.000001 0.000001 0.000001 0.000001 0.000001 0.000001 0.000001 0.000001 0.000001 0.000001 0.000001 0.000001 0.000001 0.000001 0.000001 0.000001 0.000001 0.000001 0.000001 0.000001 0.000001 0.000001 0.000001 0.000001 0.000001 0.000001 0.000001 0.000001 0.000001 0.000001 0.000001 0.000001
0.022924 0.019899 0.017588 0.015576 0.013710 0.011928 0.010204 0.008526 0.006887 0.005283 0.003712 0.002234 0.001093 0.000186 0.000001 0.000001 0.000001 0.000001 0.000001 0.000001 0.000001 0.000001 0.000001 0.000001 0.000001 0.000001 0.000001 0.000001 0.000001 0.000001 0.000001 0.000001 0.000001 0.000001 0.000001 0.000001 0.000001 0.000001 0.000001 0.000001 0.000001 0.000001 0.000001 0.000001 0.000001 0.000001 0.000001 0.000001 0.000001 0.000001
0.017845 0.015959 0.014022 0.012142 0.010336 0.008601 0.006931 0.005317 0.003756 0.002241 0.000784 0.000001 0.000001 0.000001 0.000001 0.000001 0.000001 0.000001 0.000001 0.000001 0.000001 0.000001 0.000001 0.000001 0.000001 0.000001 0.000001 0.000001 0.000001 0.000001 0.000001 0.000001 0.000001 0.000001 0.000001 0.000001 0.000001 0.000001 0.000001 0.000001 0.000001 0.000001 0.000001 0.000001 0.000001 0.000001 0.000001 0.000001 0.000001 0.000001
0.014357 0.013099 0.011550 0.009923 0.008306 0.006732 0.005211 0.003746 0.002334 0.000973 0.000001 0.000001 0.000001 0.000001 0.000001 0.000001 0.000001 0.000001 0.000001 0.000001 0.000001 0.000001 0.000001 0.000001 0.000001 0.000001 0.000001 0.000001 0.000001 0.000001 0.000001 0.000001 0.000001 0.000001 0.000001 0.000001 0.000001 0.000001 0.000001 0.000001 0.000001 0.000001 0.000001 0.000001 0.000001 0.000001 0.000001 0.000001 0.000001 0.000001
0.013296 0.011731 0.010276 0.008869 0.007503 0.006180 0.004906 0.003682 0.002506 0.001377 0.000306 0.000001 0.000001 0.000001 0.000001 0.000001 0.000001 0.000001 0.000001 0.000001 0.000001 0.000001 0.000001 0.000001 0.000001 0.000001 0.000001 0.000001 0.000001 0.000001 0.000001 0.000001 0.000001 0.000001 0.000001 0.000001 0.000001 0.000001 0.000001 0.000001 0.000001 0.000001 0.000001 0.000001 0.000001 0.000001 0.000001 0.000001 0.000001 0.000001
0.012647 0.011205 0.009972 0.008849 0.007799 0.006804 0.005858 0.004955 0.004093 0.003270 0.002483 0.001821 0.001421 0.001174 0.001018 0.000923 0.000870 0.000846 0.000844 0.000857 0.000881 0.000912 0.000946 0.000980 0.001012 0.001040 0.001061 0.001073 0.001075 0.001064 0.001039 0.000998 0.000937 0.000857 0.000753 0.000625 0.000469 0.000283 0.000065 0.000001 0.000001 0.000001 0.000001 0.000001 0.000001 0.000001 0.000001 0.000001 0.000001 0.000001
0.012126 0.011183 0.010366 0.009653 0.009009 0.008417 0.007866 0.007351 0.006866 0.006410 0.005980 0.005581 0.005263 0.005042 0.004906 0.004837 0.004821 0.004845 0.004900 0.004977 0.005070 0.005173 0.005281 0.005389 0.005494 0.005591 0.005676 0.005747 0.005800 0.005831 0.005838 0.005815 0.005761 0.005671 0.005541 0.005368 0.005147 0.004875 0.004546 0.004177 0.003807 0.003412 0.002978 0.002498 0.001965 0.001372 0.000714 0.000001 0.000001 0.000001
0.011115 0.011220 0.011145 0.011011 0.010876 0.010758 0.010663 0.010588 0.010533 0.010494 0.010468 0.010454 0.010460 0.010498 0.010576 0.010692 0.010843 0.011023 0.011225 0.011444 0.011674 0.011910 0.012146 0.012378 0.012601 0.012812 0.013004 0.013175 0.013320 0.013435 0.013515 0.013555 0.013551 0.013499 0.013392 0.013227 0.012997 0.012697 0.012320 0.011862 0.011330 0.010725 0.010040 0.009268 0.008398 0.007424 0.006336 0.005124 0.003905 0.002719
0.011924 0.012074 0.012371 0.012729 0.013114 0.013513 0.013922 0.014337 0.014756 0.015175 0.015593 0.016009 0.016420 0.016832 0.017247 0.017669 0.018098 0.018534 0.018974 0.019416 0.019856 0.020289 0.020713 0.021123 0.021515 0.021884 0.022227 0.022538 0.022813 0.023048 0.023236 0.023374 0.023455 0.023473 0.023424 0.023300 0.023095 0.022803 0.022416 0.021926 0.021328 0.020618 0.019791 0.018838 0.017753 0.016523 0.015140 0.013591 0.011879 0.010034
0.011450 0.012432 0.013415 0.014404 0.015388 0.016363 0.017324 0.018269 0.019197 0.020106 0.020997 0.021868 0.022719 0.023550 0.024362 0.025156 0.025935 0.026698 0.027445 0.028175 0.028886 0.029575 0.030241 0.030879 0.031486 0.032058 0.032591 0.033081 0.033522 0.033909 0.034237 0.034501 0.034695 0.034811 0.034843 0.034785 0.034629 0.034368 0.033992 0.033494 0.032864 0.032096 0.031179 0.030107 0.028869 0.027454 0.025851 0.024048 0.022032 0.019799
0.010554 0.012433 0.014202 0.015892 0.017520 0.019098 0.020630 0.022119 0.023569 0.024979 0.026353 0.027690 0.028992 0.030258 0.031489 0.032685 0.033848 0.034977 0.036072 0.037133 0.038159 0.039147 0.040096 0.041003 0.041864 0.042676 0.043435 0.044136 0.044775 0.045345 0.045842 0.046258 0.046589 0.046825 0.046961 0.046988 0.046899 0.046685 0.046336 0.045845 0.045200 0.044392 0.043411 0.042246 0.040888 0.039324 0.037542 0.035529 0.033271 0.030754
0.010283 0.012667 0.015005 0.017280 0.019485 0.021621 0.023690 0.025698 0.027649 0.029545 0.031388 0.033182 0.034927 0.036624 0.038274 0.039878 0.041434 0.042944 0.044406 0.045821 0.047185 0.048499 0.049759 0.050963 0.052107 0.053189 0.054202 0.055143 0.056006 0.056786 0.057476 0.058070 0.058560 0.058939 0.059199 0.059331 0.059326 0.059176 0.058870 0.058399 0.057753 0.056920 0.055889 0.054650 0.053191 0.051499 0.049563 0.047370 0.044904 0.042151
0.009853 0.012868 0.015755 0.018539 0.021235 0.023850 0.026391 0.028861 0.031265 0.033606 0.035886 0.038107 0.040272 0.042380 0.044434 0.046433 0.048376 0.050264 0.052095 0.053867 0.055580 0.057231 0.058817 0.060336 0.061782 0.063152 0.064441 0.065644 0.066755 0.067768 0.068675 0.069469 0.070142 0.070687 0.071093 0.071352 0.071454 0.071389 0.071147 0.070717 0.070088 0.069250 0.068190 0.066897 0.065360 0.063566 0.061503 0.059157 0.056517 0.053566
0.009913 0.013172 0.016421 0.019595 0.022686 0.025696 0.028630 0.031493 0.034288 0.037018 0.039685 0.042292 0.044838 0.047325 0.049754 0.052124 0.054435 0.056685 0.058873 0.060997 0.063055 0.065043 0.066959 0.068798 0.070555 0.072227 0.073807 0.075289 0.076666 0.077932 0.079078 0.080096 0.080977 0.081712 0.082291 0.082705 0.082941 0.082991 0.082842 0.082483 0.081903 0.081091 0.080034 0.078722 0.077141 0.075282 0.073131 0.070676 0.067906 0.064807
0.009152 0.013217 0.016881 0.020377 0.023773 0.027091 0.030339 0.033520 0.036638 0.039695 0.042691 0.045630 0.048511 0.051334 0.054100 0.056807 0.059455 0.062042 0.064565 0.067023 0.069411 0.071727 0.073966 0.076123 0.078193 0.080171 0.082050 0.083822 0.085480 0.087016 0.088422 0.089687 0.090802 0.091756 0.092539 0.093140 0.093547 0.093748 0.093732 0.093487 0.093000 0.092260 0.091255 0.089974 0.088404 0.086534 0.084354 0.081852 0.079016 0.075837
0.010582 0.013781 0.017320 0.020921 0.024499 0.028030 0.031507 0.034929 0.038298 0.041614 0.044878 0.048090 0.051252 0.054361 0.057417 0.060419 0.063366 0.066254 0.069081 0.071844 0.074540 0.077163 0.079709 0.082173 0.084549 0.086829 0.089006 0.091074 0.093022 0.094842 0.096524 0.098057 0.099432 0.100635 0.101656 0.102482 0.103101 0.103500 0.103667 0.103588 0.103252 0.102645 0.101756 0.100573 0.099085 0.097280 0.095149 0.092681 0.089867 0.086696
0.009611 0.013543 0.017373 0.021143 0.024863 0.028539 0.032171 0.035761 0.039310 0.042819 0.046286 0.049711 0.053094 0.056433 0.059727 0.062974 0.066172 0.069318 0.072409 0.075441 0.078410 0.081311 0.084139 0.086887 0.089550 0.092120 0.094588 0.096947 0.099187 0.101297 0.103267 0.105087 0.106742 0.108223 0.109515 0.110606 0.111481 0.112128 0.112533 0.112681 0.112561 0.112159 0.111463 0.110460 0.109139 0.107490 0.105503 0.103169 0.100478 0.097423
0.008888 0.013285 0.017293 0.021152 0.024942 0.028692 0.032411 0.036103 0.039767 0.043403 0.047009 0.050585 0.054128 0.057638 0.061111 0.064547 0.067943 0.071295 0.074600 0.077854 0.081054 0.084193 0.087266 0.090267 0.093189 0.096025 0.098765 0.101401 0.103923 0.106321 0.108582 0.110695 0.112648 0.114427 0.116018 0.117407 0.118580 0.119523 0.120221 0.120660 0.120824 0.120702 0.120280 0.119545 0.118486 0.117093 0.115355 0.113264 0.110813 0.107993
0.010316 0.013693 0.017349 0.021082 0.024834 0.028588 0.032334 0.036069 0.039788 0.043490 0.047173 0.050836 0.054478 0.058095 0.061687 0.065252 0.068785 0.072285 0.075749 0.079172 0.082549 0.085877 0.089150 0.092361 0.095503 0.098569 0.101550 0.104437 0.107220 0.109889 0.112431 0.114835 0.117087 0.119173 0.121080 0.122792 0.124295 0.125573 0.126612 0.127395 0.127908 0.128137 0.128067 0.127686 0.126982 0.125944 0.124561 0.122826 0.120730 0.118269
0.010115 0.013599 0.017192 0.020872 0.024588 0.028316 0.032045 0.035770 0.039488 0.043199 0.046900 0.050590 0.054268 0.057932 0.061580 0.065211 0.068821 0.072408 0.075969 0.079501 0.082999 0.086459 0.089877 0.093245 0.096557 0.099807 0.102986 0.106085 0.109095 0.112005 0.114803 0.117478 0.120016 0.122403 0.124626 0.126669 0.128517 0.130154 0.131565 0.132733 0.133643 0.134279 0.134628 0.134675 0.134407 0.133813 0.132883 0.131607 0.129977 0.127987
0.009041 0.013046 0.016871 0.020597 0.024281 0.027952 0.031619 0.035286 0.038953 0.042619 0.046284 0.049946 0.053604 0.057256 0.060901 0.064538 0.068164 0.071776 0.075374 0.078953 0.082511 0.086042 0.089544 0.093011 0.096437 0.099815 0.103138 0.106399 0.109587 0.112694 0.115708 0.118618 0.121412 0.124076 0.126595 0.128957 0.131144 0.133142 0.134935 0.136505 0.137838 0.138918 0.139728 0.140255 0.140485 0.140405 0.140003 0.139270 0.138198 0.136778
0.009974 0.013411 0.016900 0.020420 0.023957 0.027508 0.031070 0.034639 0.038216 0.041797 0.045381 0.048968 0.052557 0.056146 0.059736 0.063323 0.066908 0.070489 0.074064 0.077631 0.081187 0.084729 0.088254 0.091757 0.095234 0.098679 0.102086 0.105449 0.108758 0.112006 0.115182 0.118277 0.121279 0.124175 0.126953 0.129598 0.132097 0.134433 0.136592 0.138556 0.140311 0.141840 0.143127 0.144157 0.144916 0.145389 0.145565 0.145432 0.144980 0.144201
0.009996 0.013330 0.016673 0.020059 0.023477 0.026914 0.030363 0.033819 0.037281 0.040747 0.044217 0.047692 0.051171 0.054655 0.058143 0.061634 0.065129 0.068626 0.072125 0.075624 0.079122 0.082616 0.086104 0.089583 0.093050 0.096499 0.099927 0.103327 0.106693 0.110018 0.113294 0.116511 0.119660 0.122730 0.125709 0.128585 0.131344 0.133972 0.136455 0.138777 0.140923 0.142877 0.144623 0.146146 0.147430 0.148462 0.149228 0.149715 0.149913 0.149811
0.009320 0.012688 0.016092 0.019473 0.022832 0.026174 0.029507 0.032834 0.036158 0.039483 0.042810 0.046141 0.049477 0.052819 0.056167 0.059523 0.062886 0.066256 0.069633 0.073017 0.076407 0.079801 0.083199 0.086598 0.089996 0.093390 0.096776 0.100151 0.103508 0.106844 0.110151 0.113422 0.116649 0.119823 0.122934 0.125971 0.128923 0.131777 0.134520 0.137138 0.139616 0.141941 0.144096 0.146068 0.147840 0.149398 0.150728 0.151817 0.152652 0.153223
0.009079 0.012445 0.015747 0.018998 0.022209 0.025394 0.028561 0.031718 0.034871 0.038023 0.041177 0.044335 0.047500 0.050671 0.053850 0.057039 0.060236 0.063445 0.066664 0.069894 0.073135 0.076386 0.079648 0.082920 0.086199 0.089484 0.092774 0.096065 0.099354 0.102637 0.105909 0.109165 0.112399 0.115603 0.118770 0.121891 0.124957 0.127956 0.130879 0.133712 0.136444 0.139061 0.141549 0.143894 0.146082 0.148099 0.149931 0.151564 0.152985 0.154182
0.009653 0.012773 0.015761 0.018713 0.021656 0.024597 0.027539 0.030483 0.033430 0.036382 0.039339 0.042302 0.045273 0.048252 0.051240 0.054238 0.057247 0.060269 0.063303 0.066351 0.069413 0.072489 0.075581 0.078687 0.081808 0.084942 0.088089 0.091247 0.094414 0.097588 0.100765 0.103943 0.107116 0.110279 0.113428 0.116554 0.119652 0.122712 0.125727 0.128685 0.131576 0.134390 0.137115 0.139738 0.142246 0.144626 0.146866 0.148952 0.150871 0.152611
0.010898 0.013193 0.015725 0.018340 0.020998 0.023681 0.026384 0.029101 0.031831 0.034570 0.037319 0.040076 0.042841 0.045615 0.048399 0.051194 0.054000 0.056819 0.059652 0.062500 0.065364 0.068244 0.071141 0.074056 0.076989 0.079940 0.082910 0.085896 0.088900 0.091920 0.094953 0.097998 0.101052 0.104113 0.107175 0.110235 0.113287 0.116326 0.119345 0.122336 0.125292 0.128203 0.131060 0.133853 0.136570 0.139202 0.141735 0.144159 0.146462 0.148631
0.010056 0.012732 0.015198 0.017638 0.020092 0.022566 0.025058 0.027566 0.030087 0.032618 0.035158 0.037707 0.040265 0.042831 0.045407 0.047994 0.050592 0.053203 0.055827 0.058466 0.061121 0.063793 0.066482 0.069191 0.071919 0.074667 0.077436 0.080225 0.083036 0.085868 0.088721 0.091592 0.094482 0.097389 0.100310 0.103243 0.106184 0.109130 0.112076 0.115017 0.117946 0.120859 0.123747 0.126603 0.129418 0.132183 0.134889 0.137526 0.140083 0.142550
0.010425 0.012334 0.014502 0.016744 0.019016 0.021307 0.023612 0.025928 0.028253 0.030585 0.032924 0.035270 0.037623 0.039984 0.042355 0.044735 0.047125 0.049528 0.051943 0.054372 0.056816 0.059276 0.061754 0.064249 0.066764 0.069300 0.071857 0.074435 0.077037 0.079661 0.082310 0.084981 0.087676 0.090394 0.093134 0.095894 0.098674 0.101470 0.104281 0.107102 0.109931 0.112763 0.115593 0.118416 0.121226 0.124015 0.126777 0.129504 0.132187 0.134819
0.009556 0.011660 0.013727 0.015810 0.017910 0.020023 0.022146 0.024276 0.026411 0.028549 0.030693 0.032841 0.034996 0.037157 0.039327 0.041505 0.043693 0.045891 0.048102 0.050325 0.052562 0.054814 0.057082 0.059367 0.061671 0.063994 0.066337 0.068701 0.071088 0.073498 0.075932 0.078391 0.080875 0.083384 0.085919 0.088479 0.091063 0.093672 0.096303 0.098956 0.101628 0.104316 0.107019 0.109731 0.112450 0.115171 0.117890 0.120599 0.123294 0.125968
0.008964 0.011042 0.013003 0.014931 0.016860 0.018795 0.020737 0.022682 0.024629 0.026578 0.028530 0.030487 0.032449 0.034417 0.036392 0.038376 0.040369 0.042372 0.044385 0.046411 0.048450 0.050502 0.052569 0.054652 0.056752 0.058870 0.061006 0.063162 0.065339 0.067538 0.069759 0.072005 0.074274 0.076569 0.078890 0.081237 0.083611 0.086012 0.088439 0.090893 0.093372 0.095876 0.098402 0.100950 0.103517 0.106101 0.108698 0.111306 0.113919 0.116534
0.009420 0.010810 0.012436 0.014151 0.015897 0.017655 0.019417 0.021180 0.022944 0.024709 0.026477 0.028249 0.030027 0.031811 0.033603 0.035403 0.037211 0.039030 0.040859 0.042699 0.044551 0.046416 0.048295 0.050188 0.052096 0.054020 0.055962 0.057921 0.059899 0.061897 0.063916 0.065956 0.068019 0.070105 0.072216 0.074352 0.076513 0.078702 0.080917 0.083160 0.085430 0.087727 0.090052 0.092404 0.094781 0.097183 0.099609 0.102056 0.104522 0.107004
0.008394 0.010155 0.011805 0.013416 0.015012 0.016601 0.018188 0.019775 0.021362 0.022953 0.024549 0.026149 0.027757 0.029371 0.030993 0.032624 0.034263 0.035912 0.037571 0.039241 0.040921 0.042614 0.044319 0.046037 0.047769 0.049515 0.051276 0.053054 0.054848 0.056659 0.058489 0.060338 0.062208 0.064098 0.066010 0.067945 0.069903 0.071886 0.073894 0.075928 0.077989 0.080077 0.082192 0.084336 0.086507 0.088706 0.090932 0.093186 0.095465 0.097769
0.008516 0.009952 0.011391 0.012803 0.014208 0.015616 0.017031 0.018453 0.019880 0.021314 0.022755 0.024202 0.025658 0.027121 0.028591 0.030071 0.031558 0.033055 0.034561 0.036077 0.037603 0.039139 0.040687 0.042247 0.043818 0.045402 0.047000 0.048612 0.050238 0.051879 0.053537 0.055211 0.056903 0.058613 0.060342 0.062091 0.063861 0.065653 0.067467 0.069304 0.071166 0.073052 0.074964 0.076902 0.078868 0.080860 0.082881 0.084929 0.087006 0.089110
0.008605 0.009923 0.011050 0.012207 0.013414 0.014657 0.015925 0.017208 0.018501 0.019803 0.021112 0.022429 0.023754 0.025086 0.026425 0.027772 0.029126 0.030489 0.031860 0.033239 0.034627 0.036025 0.037432 0.038849 0.040277 0.041715 0.043166 0.044628 0.046103 0.047591 0.049093 0.050609 0.052140 0.053687 0.055250 0.056831 0.058429 0.060046 0.061683 0.063340 0.065018 0.066718 0.068441 0.070187 0.071958 0.073753 0.075575 0.077422 0.079297 0.081199
0.009603 0.009658 0.010448 0.011466 0.012571 0.013718 0.014887 0.016069 0.017259 0.018455 0.019657 0.020865 0.022079 0.023299 0.024524 0.025756 0.026994 0.028239 0.029491 0.030750 0.032016 0.033290 0.034572 0.035862 0.037162 0.038471 0.039789 0.041118 0.042457 0.043807 0.045169 0.046544 0.047931 0.049331 0.050746 0.052175 0.053619 0.055080 0.056557 0.058051 0.059564 0.061095 0.062646 0.064218 0.065810 0.067425 0.069063 0.070724 0.072409 0.074119
0.006452 0.008262 0.009543 0.010688 0.011799 0.012903 0.014007 0.015112 0.016218 0.017326 0.018437 0.019551 0.020669 0.021791 0.022917 0.024047 0.025183 0.026324 0.027470 0.028621 0.029779 0.030943 0.032114 0.033291 0.034476 0.035669 0.036870 0.038079 0.039297 0.040525 0.041763 0.043010 0.044269 0.045539 0.046821 0.048115 0.049422 0.050743 0.052078 0.053427 0.054792 0.056173 0.057571 0.058986 0.060420 0.061872 0.063344 0.064837 0.066350 0.067886
0.007091 0.008159 0.009244 0.010298 0.011334 0.012363 0.013389 0.014415 0.015439 0.016463 0.017489 0.018517 0.019547 0.020580 0.021616 0.022655 0.023698 0.024744 0.025795 0.026851 0.027911 0.028977 0.030048 0.031124 0.032207 0.033296 0.034392 0.035495 0.036606 0.037724 0.038851 0.039987 0.041131 0.042285 0.043450 0.044624 0.045810 0.047007 0.048217 0.049438 0.050673 0.051921 0.053184 0.054461 0.055754 0.057063 0.058389 0.059732 0.061093 0.062473
0.008108 0.008699 0.009465 0.010318 0.011213 0.012131 0.013061 0.013996 0.014934 0.015875 0.016817 0.017762 0.018709 0.019659 0.020611 0.021566 0.022523 0.023485 0.024449 0.025418 0.026390 0.027367 0.028348 0.029335 0.030326 0.031323 0.032326 0.033335 0.034350 0.035372 0.036401 0.037437 0.038481 0.039534 0.040595 0.041665 0.042744 0.043833 0.044932 0.046041 0.047162 0.048294 0.049438 0.050595 0.051765 0.052949 0.054147 0.055360 0.056588 0.057832
0.008407 0.009043 0.009742 0.010495 0.011289 0.012112 0.012953 0.013803 0.014659 0.015519 0.016383 0.017249 0.018118 0.018990 0.019865 0.020742 0.021622 0.022506 0.023392 0.024283 0.025176 0.026074 0.026976 0.027882 0.028793 0.029709 0.030629 0.031555 0.032487 0.033424 0.034368 0.035318 0.036274 0.037238 0.038209 0.039188 0.040174 0.041169 0.042172 0.043185 0.044207 0.045239 0.046281 0.047333 0.048397 0.049473 0.050560 0.051661 0.052774 0.053901
0.008548 0.009252 0.009951 0.010673 0.011419 0.012183 0.012959 0.013741 0.014528 0.015319 0.016112 0.016909 0.017709 0.018512 0.019318 0.020126 0.020938 0.021753 0.022572 0.023393 0.024219 0.025048 0.025881 0.026717 0.027558 0.028404 0.029254 0.030108 0.030968 0.031833 0.032703 0.033578 0.034460 0.035347 0.036241 0.037141 0.038048 0.038963 0.039884 0.040814 0.041751 0.042697 0.043652 0.044616 0.045589 0.046572 0.047566 0.048570 0.049585 0.050612
0.008703 0.009353 0.010067 0.010792 0.011520 0.012251 0.012984 0.013716 0.014450 0.015185 0.015923 0.016663 0.017406 0.018152 0.018901 0.019653 0.020408 0.021166 0.021928 0.022693 0.023461 0.024233 0.025008 0.025787 0.026570 0.027357 0.028148 0.028943 0.029742 0.030546 0.031354 0.032168 0.032986 0.033809 0.034638 0.035473 0.036313 0.037160 0.038013 0.038872 0.039739 0.040613 0.041494 0.042383 0.043280 0.044185 0.045100 0.046023 0.046957 0.047900
0.008506 0.009371 0.010129 0.010849 0.011556 0.012258 0.012956 0.013652 0.014347 0.015042 0.015740 0.016439 0.017140 0.017844 0.018551 0.019261 0.019973 0.020689 0.021407 0.022128 0.022853 0.023580 0.024310 0.025044 0.025781 0.026521 0.027264 0.028012 0.028762 0.029517 0.030275 0.031038 0.031805 0.032576 0.033352 0.034133 0.034919 0.035710 0.036506 0.037308 0.038116 0.038931 0.039751 0.040579 0.041413 0.042255 0.043104 0.043961 0.044826 0.045700
0.008915 0.009543 0.010177 0.010826 0.011487 0.012155 0.012826 0.013497 0.014169 0.014841 0.015515 0.016190 0.016868 0.017547 0.018227 0.018910 0.019595 0.020282 0.020971 0.021662 0.022356 0.023051 0.023749 0.024449 0.025152 0.025857 0.026565 0.027276 0.027989 0.028706 0.029426 0.030149 0.030876 0.031606 0.032340 0.033078 0.033821 0.034568 0.035319 0.036075 0.036837 0.037603 0.038375 0.039153 0.039937 0.040728 0.041524 0.042328 0.043139 0.043957
0.009228 0.009515 0.010025 0.010621 0.011257 0.011910 0.012572 0.013237 0.013904 0.014571 0.015239 0.015908 0.016577 0.017246 0.017916 0.018586 0.019257 0.019929 0.020602 0.021275 0.021949 0.022625 0.023301 0.023979 0.024659 0.025340 0.026023 0.026707 0.027394 0.028083 0.028774 0.029468 0.030165 0.030865 0.031567 0.032273 0.032983 0.033696 0.034413 0.035134 0.035859 0.036589 0.037324 0.038064 0.038809 0.039560 0.040316 0.041078 0.041847 0.042622
0.008031 0.008845 0.009530 0.010197 0.010870 0.011548 0.012229 0.012909 0.013588 0.014266 0.014943 0.015618 0.016291 0.016962 0.017632 0.018301 0.018968 0.019635 0.020300 0.020965 0.021630 0.022294 0.022959 0.023624 0.024289 0.024955 0.025621 0.026289 0.026958 0.027628 0.028300 0.028973 0.029649 0.030327 0.031008 0.031691 0.032377 0.033066 0.033758 0.034454 0.035153 0.035857 0.036565 0.037277 0.037993 0.038715 0.039442 0.040174 0.040912 0.041656
0.007620 0.008289 0.009012 0.009739 0.010461 0.011179 0.011892 0.012598 0.013299 0.013995 0.014686 0.015373 0.016056 0.016735 0.017410 0.018082 0.018751 0.019418 0.020082 0.020745 0.021406 0.022066 0.022724 0.023382 0.024040 0.024697 0.025354 0.026012 0.026670 0.027329 0.027989 0.028650 0.029313 0.029977 0.030643 0.031312 0.031983 0.032656 0.033333 0.034012 0.034695 0.035381 0.036072 0.036766 0.037464 0.038167 0.038875 0.039587 0.040305 0.041028
0.007182 0.007944 0.008698 0.009452 0.010204 0.010948 0.011683 0.012408 0.013125 0.013834 0.014537 0.015232 0.015922 0.016607 0.017287 0.017962 0.018634 0.019302 0.019967 0.020630 0.021290 0.021948 0.022604 0.023260 0.023914 0.024567 0.025221 0.025874 0.026527 0.027180 0.027835 0.028490 0.029146 0.029804 0.030464 0.031125 0.031789 0.032455 0.033124 0.033795 0.034470 0.035148 0.035829 0.036514 0.037204 0.037897 0.038595 0.039298 0.040006 0.040719
