0.168376 0.158211 0.147613 0.136830 0.126066 0.115455 0.105067 0.094932 0.085051 0.075409 0.065982 0.056742 0.047655 0.038686 0.029799 0.020954 0.012109 0.003235 0.000001 0.000001 0.000001 0.000001 0.000001 0.000001 0.000001 0.000001 0.000001 0.000001 0.000001 0.000001 0.000001 0.000001 0.000001 0.000001 0.000001 0.000001 0.000001 0.000001 0.000001 0.000001 0.000001 0.000001 0.000001 0.000001 0.000001 0.000001 0.000001 0.000001 0.000001 0.000001
0.178224 0.165596 0.153278 0.141432 0.130112 0.119281 0.108881 0.098855 0.089155 0.079741 0.070575 0.061623 0.052852 0.044229 0.035717 0.027283 0.018888 0.010494 0.002709 0.000001 0.000001 0.000001 0.000001 0.000001 0.000001 0.000001 0.000001 0.000001 0.000001 0.000001 0.000001 0.000001 0.000001 0.000001 0.000001 0.000001 0.000001 0.000001 0.000001 0.000001 0.000001 0.000001 0.000001 0.000676 0.002349 0.004662 0.007467 0.010700 0.014331 0.018344
0.189400 0.173937 0.159985 0.147546 0.136192 0.125599 0.115566 0.105975 0.096752 0.087848 0.079228 0.070860 0.062716 0.054771 0.046996 0.039365 0.031849 0.024417 0.017092 0.010616 0.006069 0.002792 0.000354 0.000001 0.000001 0.000001 0.000001 0.000001 0.000001 0.000001 0.000001 0.000030 0.000591 0.001652 0.003073 0.004791 0.006778 0.009017 0.011497 0.014211 0.017154 0.020325 0.023727 0.027436 0.031708 0.036626 0.042199 0.048415 0.055261 0.062718
0.191984 0.175365 0.163222 0.152632 0.142737 0.133283 0.124190 0.115434 0.107002 0.098885 0.091072 0.083553 0.076316 0.069347 0.062633 0.056158 0.049906 0.043861 0.038010 0.032440 0.027547 0.023551 0.020440 0.018342 0.017307 0.017000 0.017247 0.017944 0.019019 0.020420 0.022108 0.024057 0.026325 0.029024 0.032169 0.035752 0.039760 0.044178 0.048991 0.054191 0.059776 0.065746 0.072109 0.078879 0.086125 0.093936 0.102384 0.111506 0.121296 0.131741
0.171752 0.171082 0.165799 0.158576 0.150621 0.142494 0.134460 0.126651 0.119136 0.111950 0.105112 0.098631 0.092513 0.086758 0.081366 0.076338 0.071672 0.067370 0.063431 0.059870 0.056771 0.054281 0.052497 0.051475 0.051293 0.051921 0.053271 0.055250 0.057776 0.060785 0.064233 0.068086 0.072333 0.077003 0.082129 0.087732 0.093806 0.100336 0.107316 0.114748 0.122638 0.130996 0.139836 0.149171 0.159027 0.169446 0.180478 0.192115 0.204313 0.217089
0.185189 0.183267 0.176825 0.169166 0.161298 0.153571 0.146131 0.139052 0.132376 0.126128 0.120327 0.114989 0.110125 0.105748 0.101870 0.098505 0.095670 0.093382 0.091661 0.090524 0.089990 0.090089 0.090841 0.092246 0.094306 0.097020 0.100345 0.104217 0.108588 0.113427 0.118714 0.124438 0.130596 0.137196 0.144258 0.151785 0.159737 0.168114 0.176932 0.186209 0.195963 0.206210 0.216969 0.228256 0.240089 0.252491 0.265477 0.278895 0.292780 0.307190
0.230340 0.206549 0.192440 0.181964 0.173146 0.165303 0.158184 0.151691 0.145789 0.140469 0.135733 0.131593 0.128064 0.125166 0.122923 0.121364 0.120521 0.120430 0.121124 0.122615 0.124875 0.127847 0.131436 0.135558 0.140175 0.145254 0.150711 0.156527 0.162714 0.169287 0.176262 0.183651 0.191467 0.199724 0.208439 0.217534 0.226994 0.236865 0.247173 0.257940 0.269184 0.280921 0.293168 0.305940 0.319251 0.333119 0.347558 0.362559 0.378097 0.394178
0.218183 0.209516 0.200049 0.191124 0.183030 0.175764 0.169272 0.163514 0.158468 0.154127 0.150498 0.147598 0.145451 0.144086 0.143541 0.143859 0.145092 0.147287 0.150457 0.154544 0.159416 0.164905 0.170812 0.177077 0.183696 0.190571 0.197643 0.204995 0.212671 0.220701 0.229106 0.237909 0.247125 0.256772 0.266865 0.277412 0.288395 0.299822 0.311704 0.324058 0.336897 0.350235 0.364086 0.378462 0.393377 0.408841 0.424868 0.441466 0.458633 0.476368
0.210535 0.210273 0.204384 0.197417 0.190617 0.184366 0.178792 0.173949 0.169867 0.166572 0.164090 0.162455 0.161704 0.161883 0.163046 0.165255 0.168572 0.173015 0.178481 0.184701 0.191468 0.198490 0.205723 0.213251 0.221109 0.229306 0.237816 0.246645 0.255810 0.265333 0.275233 0.285530 0.296241 0.307382 0.318970 0.331018 0.343533 0.356521 0.369988 0.383944 0.398400 0.413365 0.428850 0.444865 0.461420 0.478523 0.496183 0.514409 0.533205 0.552574
0.240131 0.220339 0.210435 0.203194 0.197017 0.191596 0.186910 0.182996 0.179897 0.177656 0.176318 0.175933 0.176556 0.178250 0.181086 0.185141 0.190451 0.196844 0.203934 0.211274 0.218944 0.226981 0.235347 0.244045 0.253093 0.262506 0.272290 0.282447 0.292984 0.303911 0.315241 0.326988 0.339164 0.351785 0.364862 0.378410 0.392440 0.406960 0.421978 0.437503 0.453541 0.470102 0.487192 0.504819 0.522989 0.541710 0.560986 0.580824 0.601228 0.622200
0.214154 0.218020 0.213593 0.207913 0.202547 0.197860 0.193959 0.190899 0.188726 0.187492 0.187251 0.188065 0.190003 0.193145 0.197579 0.203373 0.210346 0.217844 0.225673 0.233881 0.242451 0.251402 0.260740 0.270464 0.280581 0.291099 0.302027 0.313372 0.325140 0.337339 0.349976 0.363061 0.376604 0.390615 0.405105 0.420082 0.435558 0.451542 0.468040 0.485061 0.502611 0.520696 0.539322 0.558493 0.578214 0.598490 0.619323 0.640717 0.662673 0.685193
0.241735 0.226977 0.218720 0.212541 0.207500 0.203398 0.200202 0.197929 0.196620 0.196325 0.197109 0.199044 0.202213 0.206710 0.212635 0.219887 0.227683 0.235864 0.244432 0.253400 0.262773 0.272558 0.282763 0.293396 0.304461 0.315966 0.327918 0.340324 0.353192 0.366528 0.380339 0.394633 0.409416 0.424696 0.440482 0.456780 0.473598 0.490944 0.508823 0.527242 0.546205 0.565718 0.585784 0.606406 0.627587 0.649329 0.671633 0.694499 0.717928 0.741918
0.233369 0.227286 0.221238 0.216050 0.211767 0.208381 0.205908 0.204390 0.203881 0.204450 0.206173 0.209136 0.213436 0.219183 0.226420 0.234430 0.242833 0.251646 0.260878 0.270536 0.280630 0.291166 0.302154 0.313601 0.325513 0.337900 0.350767 0.364123 0.377973 0.392326 0.407187 0.422563 0.438460 0.454884 0.471842 0.489338 0.507379 0.525969 0.545114 0.564817 0.585083 0.605913 0.627311 0.649277 0.671812 0.694917 0.718591 0.742832 0.767638 0.793006
0.229685 0.227369 0.223402 0.219436 0.216001 0.213311 0.211489 0.210631 0.210824 0.212155 0.214715 0.218604 0.223932 0.230813 0.238902 0.247427 0.256380 0.265768 0.275601 0.285887 0.296635 0.307853 0.319549 0.331732 0.344410 0.357590 0.371281 0.385489 0.400222 0.415487 0.431290 0.447636 0.464532 0.481984 0.499995 0.518572 0.537717 0.557435 0.577728 0.598600 0.620052 0.642086 0.664702 0.687900 0.711680 0.736040 0.760976 0.786487 0.812568 0.839214
0.242186 0.233440 0.228277 0.224259 0.221045 0.218681 0.217264 0.216889 0.217647 0.219627 0.222926 0.227648 0.233911 0.241757 0.250321 0.259329 0.268787 0.278705 0.289091 0.299954 0.311302 0.323144 0.335488 0.348344 0.361719 0.375621 0.390059 0.405040 0.420571 0.436659 0.453311 0.470532 0.488329 0.506705 0.525666 0.545216 0.565357 0.586092 0.607424 0.629354 0.651883 0.675010 0.698735 0.723057 0.747973 0.773480 0.799574 0.826251 0.853504 0.881328
0.239378 0.238649 0.234267 0.229998 0.226611 0.224286 0.223092 0.223086 0.224329 0.226898 0.230881 0.236382 0.243520 0.252022 0.261022 0.270487 0.280423 0.290840 0.301745 0.313146 0.325053 0.337474 0.350419 0.363895 0.377911 0.392476 0.407598 0.423285 0.439543 0.456381 0.473804 0.491819 0.510431 0.529645 0.549465 0.569894 0.590936 0.612592 0.634864 0.657752 0.681256 0.705375 0.730108 0.755451 0.781401 0.807954 0.835105 0.862847 0.891174 0.920078
0.263468 0.248065 0.240179 0.235008 0.231481 0.229331 0.228485 0.228941 0.230736 0.233932 0.238615 0.244892 0.252874 0.261837 0.271272 0.281187 0.291588 0.302484 0.313884 0.325797 0.338230 0.351195 0.364699 0.378753 0.393364 0.408541 0.424294 0.440630 0.457557 0.475081 0.493210 0.511950 0.531305 0.551282 0.571883 0.593112 0.614971 0.637463 0.660587 0.684345 0.708735 0.733755 0.759402 0.785674 0.812566 0.840072 0.868186 0.896901 0.926210 0.956102
0.244071 0.244797 0.240939 0.237284 0.234713 0.233359 0.233244 0.234407 0.236904 0.240820 0.246254 0.253328 0.262041 0.271440 0.281315 0.291677 0.302533 0.313893 0.325768 0.338166 0.351099 0.364575 0.378604 0.393197 0.408362 0.424108 0.440446 0.457382 0.474924 0.493081 0.511858 0.531263 0.551299 0.571973 0.593288 0.615247 0.637853 0.661106 0.685008 0.709557 0.734753 0.760593 0.787074 0.814192 0.841941 0.870315 0.899308 0.928911 0.959115 0.989910
0.257082 0.245566 0.241006 0.238630 0.237397 0.237158 0.237977 0.239959 0.243220 0.247881 0.254071 0.261930 0.271239 0.281069 0.291375 0.302168 0.313460 0.325262 0.337587 0.350444 0.363845 0.377801 0.392321 0.407417 0.423098 0.439373 0.456252 0.473744 0.491856 0.510596 0.529972 0.549988 0.570652 0.591966 0.613936 0.636565 0.659853 0.683803 0.708415 0.733688 0.759620 0.786208 0.813449 0.841338 0.869869 0.899035 0.928829 0.959242 0.990263 1.021884
0.236021 0.240840 0.241803 0.241681 0.241637 0.242214 0.243709 0.246321 0.250205 0.255505 0.262365 0.270937 0.280694 0.290914 0.301612 0.312803 0.324497 0.336710 0.349452 0.362735 0.376572 0.390973 0.405949 0.421512 0.437672 0.454437 0.471819 0.489825 0.508465 0.527744 0.547672 0.568253 0.589494 0.611399 0.633972 0.657215 0.681131 0.705720 0.730983 0.756918 0.783524 0.810796 0.838732 0.867325 0.896569 0.926458 0.956982 0.988133 1.019900 1.052272
0.248126 0.251651 0.250666 0.249386 0.248828 0.249290 0.250912 0.253805 0.258077 0.263849 0.271253 0.280410 0.290484 0.301034 0.312073 0.323614 0.335669 0.348252 0.361374 0.375048 0.389285 0.404097 0.419495 0.435491 0.452093 0.469313 0.487160 0.505644 0.524771 0.544550 0.564989 0.586092 0.607867 0.630316 0.653444 0.677253 0.701746 0.726923 0.752783 0.779325 0.806547 0.834445 0.863015 0.892251 0.922147 0.952694 0.983883 1.015706 1.048151 1.081207
0.295337 0.271876 0.262884 0.258862 0.257266 0.257363 0.258948 0.261992 0.266544 0.272694 0.280560 0.290158 0.300491 0.311320 0.322654 0.334504 0.346881 0.359798 0.373266 0.387297 0.401903 0.417094 0.432882 0.449278 0.466292 0.483933 0.502213 0.521139 0.540719 0.560962 0.581873 0.603460 0.625727 0.648680 0.672320 0.696651 0.721674 0.747390 0.773798 0.800896 0.828682 0.857152 0.886300 0.916122 0.946609 0.977754 1.009548 1.041979 1.075038 1.108712
0.258646 0.267318 0.266718 0.265126 0.264379 0.264892 0.266789 0.270145 0.275044 0.281591 0.289910 0.299870 0.310444 0.321529 0.333133 0.345267 0.357942 0.371169 0.384958 0.399322 0.414270 0.429815 0.445967 0.462737 0.480135 0.498170 0.516853 0.536191 0.556193 0.576866 0.598216 0.620251 0.642974 0.666390 0.690503 0.715313 0.740823 0.767033 0.793942 0.821548 0.849847 0.878836 0.908510 0.938862 0.969885 1.001569 1.033907 1.066886 1.100496 1.134724
0.282757 0.274123 0.271506 0.270476 0.270480 0.271605 0.274000 0.277799 0.283128 0.290120 0.298918 0.309202 0.320026 0.331370 0.343242 0.355655 0.368618 0.382142 0.396239 0.410920 0.426195 0.442075 0.458572 0.475695 0.493455 0.511860 0.530920 0.550643 0.571038 0.592111 0.613869 0.636317 0.659461 0.683304 0.707849 0.733099 0.759053 0.785713 0.813076 0.841141 0.869905 0.899362 0.929508 0.960335 0.991837 1.024003 1.056825 1.090291 1.124390 1.159108
0.276618 0.277622 0.276565 0.275945 0.276294 0.277802 0.280600 0.284813 0.290573 0.298019 0.307304 0.317885 0.328977 0.340591 0.352740 0.365434 0.378686 0.392505 0.406905 0.421895 0.437486 0.453689 0.470515 0.487974 0.506075 0.524828 0.544242 0.564325 0.585084 0.606527 0.628661 0.651489 0.675017 0.699249 0.724187 0.749834 0.776189 0.803253 0.831023 0.859499 0.888675 0.918548 0.949111 0.980358 1.012281 1.044870 1.078115 1.112006 1.146529 1.181673
0.290203 0.285204 0.282533 0.281478 0.281816 0.283503 0.286578 0.291132 0.297278 0.305155 0.314910 0.325766 0.337135 0.349030 0.361462 0.374443 0.387985 0.402099 0.416796 0.432088 0.447985 0.464498 0.481637 0.499413 0.517835 0.536912 0.556653 0.577067 0.598161 0.619941 0.642414 0.665586 0.689459 0.714039 0.739327 0.765326 0.792035 0.819454 0.847582 0.876415 0.905950 0.936183 0.967107 0.998714 1.030997 1.063946 1.097552 1.131802 1.166684 1.202184
0.294573 0.289001 0.286660 0.285948 0.286555 0.288487 0.291831 0.296695 0.303203 0.311493 0.321676 0.332806 0.344454 0.356629 0.369343 0.382608 0.396435 0.410834 0.425818 0.441397 0.457582 0.474385 0.491814 0.509881 0.528596 0.547967 0.568003 0.588713 0.610104 0.632182 0.654954 0.678425 0.702600 0.727480 0.753070 0.779370 0.806381 0.834102 0.862531 0.891666 0.921501 0.952034 0.983256 1.015161 1.047740 1.080984 1.114882 1.149422 1.184593 1.220380
0.285718 0.289390 0.289608 0.289671 0.290591 0.292751 0.296346 0.301514 0.308381 0.317084 0.327664 0.339061 0.350977 0.363420 0.376402 0.389933 0.404023 0.418685 0.433929 0.449767 0.466210 0.483268 0.500953 0.519274 0.538242 0.557865 0.578153 0.599114 0.620755 0.643084 0.666105 0.689825 0.714246 0.739374 0.765209 0.791754 0.819008 0.846970 0.875639 0.905012 0.935084 0.965851 0.997305 1.029439 1.062245 1.095714 1.129833 1.164592 1.199978 1.235977
0.304566 0.297403 0.294394 0.293421 0.294090 0.296335 0.300177 0.305678 0.312934 0.322068 0.333016 0.344659 0.356816 0.369495 0.382708 0.396464 0.410776 0.425656 0.441114 0.457163 0.473814 0.491078 0.508967 0.527489 0.546657 0.566478 0.586963 0.608118 0.629952 0.652472 0.675683 0.699590 0.724198 0.749509 0.775526 0.802250 0.829682 0.857819 0.886661 0.916203 0.946442 0.977373 1.008987 1.041279 1.074239 1.107857 1.142123 1.177025 1.212549 1.248683
0.303004 0.299294 0.296349 0.295484 0.296484 0.299154 0.303443 0.309388 0.317083 0.326656 0.337911 0.349750 0.362090 0.374943 0.388321 0.402237 0.416704 0.431733 0.447338 0.463530 0.480321 0.497724 0.515748 0.534405 0.553705 0.573656 0.594269 0.615552 0.637511 0.660153 0.683485 0.707511 0.732235 0.757660 0.783789 0.810622 0.838159 0.866399 0.895340 0.924979 0.955311 0.986330 1.018030 1.050403 1.083440 1.117131 1.151465 1.186431 1.222015 1.258203
0.303523 0.295866 0.294933 0.295962 0.298221 0.301724 0.306607 0.313019 0.321114 0.331057 0.342491 0.354426 0.366850 0.379778 0.393227 0.407209 0.421739 0.436830 0.452494 0.468746 0.485596 0.503055 0.521136 0.539849 0.559203 0.579209 0.599874 0.621208 0.643216 0.665906 0.689284 0.713354 0.738119 0.763584 0.789748 0.816615 0.844182 0.872449 0.901414 0.931072 0.961419 0.992450 1.024157 1.056533 1.089569 1.123254 1.157577 1.192527 1.228089 1.264251
0.272135 0.289479 0.295111 0.298176 0.301233 0.305144 0.310291 0.316908 0.325185 0.335305 0.346716 0.358601 0.370975 0.383857 0.397260 0.411201 0.425692 0.440747 0.456378 0.472598 0.489418 0.506849 0.524902 0.543588 0.562916 0.582895 0.603534 0.624839 0.646819 0.669480 0.692826 0.716863 0.741593 0.767020 0.793144 0.819967 0.847488 0.875705 0.904615 0.934216 0.964502 0.995466 1.027103 1.059404 1.092359 1.125959 1.160192 1.195046 1.230508 1.266564
0.322258 0.308249 0.304614 0.304508 0.306289 0.309599 0.314420 0.320844 0.329003 0.339049 0.350241 0.361927 0.374121 0.386837 0.400088 0.413886 0.428242 0.443169 0.458678 0.474780 0.491487 0.508808 0.526754 0.545334 0.564557 0.584433 0.604968 0.626171 0.648047 0.670603 0.693843 0.717772 0.742392 0.767706 0.793716 0.820420 0.847819 0.875911 0.904693 0.934160 0.964308 0.995131 1.026621 1.058770 1.091569 1.125007 1.159073 1.193754 1.229038 1.264910
0.316783 0.313243 0.310566 0.309808 0.310838 0.313532 0.317872 0.323916 0.331771 0.341557 0.352426 0.363822 0.375751 0.388220 0.401240 0.414819 0.428968 0.443695 0.459012 0.474927 0.491451 0.508594 0.526364 0.544771 0.563822 0.583526 0.603891 0.624922 0.646626 0.669008 0.692074 0.715825 0.740266 0.765398 0.791222 0.817738 0.844945 0.872841 0.901423 0.930685 0.960624 0.991233 1.022504 1.054428 1.086998 1.120201 1.154026 1.188462 1.223493 1.259108
0.310618 0.312030 0.311851 0.311874 0.312921 0.315349 0.319339 0.325024 0.332534 0.341995 0.352540 0.363630 0.375269 0.387462 0.400216 0.413538 0.427437 0.441920 0.456998 0.472678 0.488971 0.505883 0.523425 0.541604 0.560428 0.579904 0.600041 0.620842 0.642315 0.664464 0.687294 0.710807 0.735006 0.759894 0.785469 0.811732 0.838682 0.866317 0.894632 0.923624 0.953287 0.983614 1.014599 1.046231 1.078503 1.111402 1.144919 1.179039 1.213750 1.249037
0.317776 0.314113 0.312199 0.311578 0.312272 0.314396 0.318076 0.323436 0.330610 0.339736 0.350013 0.360834 0.372203 0.384127 0.396613 0.409669 0.423302 0.437521 0.452334 0.467749 0.483777 0.500424 0.517698 0.535609 0.554163 0.573367 0.593228 0.613752 0.634944 0.656808 0.679350 0.702571 0.726474 0.751060 0.776330 0.802283 0.828918 0.856231 0.884221 0.912881 0.942207 0.972191 1.002827 1.034105 1.066016 1.098549 1.131692 1.165434 1.199759 1.234655
0.318805 0.313170 0.309898 0.308520 0.308762 0.310550 0.313919 0.318957 0.325784 0.334542 0.344606 0.355198 0.366327 0.378001 0.390229 0.403020 0.416384 0.430328 0.444862 0.459994 0.475734 0.492089 0.509068 0.526678 0.544927 0.563822 0.583368 0.603573 0.624441 0.645977 0.668184 0.691065 0.714623 0.738858 0.763772 0.789362 0.815628 0.842567 0.870176 0.898449 0.927382 0.956967 0.987196 1.018062 1.049555 1.081663 1.114375 1.147679 1.181561 1.216007
0.310730 0.306211 0.303603 0.302382 0.302521 0.304079 0.307148 0.311835 0.318268 0.326591 0.336429 0.346804 0.357699 0.369127 0.381098 0.393621 0.406707 0.420365 0.434605 0.449436 0.464866 0.480905 0.497561 0.514842 0.532754 0.551306 0.570503 0.590351 0.610856 0.632022 0.653852 0.676350 0.699517 0.723355 0.747865 0.773044 0.798892 0.825407 0.852584 0.880419 0.908906 0.938039 0.967811 0.998211 1.029232 1.060861 1.093088 1.125901 1.159285 1.193226
0.296649 0.296832 0.295426 0.294408 0.294395 0.295651 0.298336 0.302585 0.308533 0.316329 0.325839 0.335970 0.346610 0.357771 0.369463 0.381698 0.394485 0.407835 0.421757 0.436261 0.451356 0.467051 0.483353 0.500273 0.517816 0.535989 0.554800 0.574255 0.594357 0.615113 0.636525 0.658597 0.681330 0.704726 0.728786 0.753509 0.778892 0.804935 0.831632 0.858980 0.886974 0.915606 0.944869 0.974754 1.005253 1.036354 1.068046 1.100317 1.133153 1.166541
0.298402 0.291464 0.287839 0.285848 0.285200 0.285908 0.288054 0.291747 0.297108 0.304277 0.313303 0.323138 0.333476 0.344328 0.355703 0.367612 0.380065 0.393072 0.406642 0.420784 0.435509 0.450824 0.466738 0.483259 0.500395 0.518153 0.536539 0.555559 0.575219 0.595523 0.616475 0.638077 0.660333 0.683244 0.706810 0.731030 0.755903 0.781428 0.807599 0.834414 0.861867 0.889951 0.918659 0.947982 0.977912 1.008438 1.039549 1.071232 1.103475 1.136263
0.285875 0.282507 0.278873 0.276299 0.275029 0.275131 0.276672 0.279740 0.284443 0.290912 0.299284 0.308766 0.318748 0.329240 0.340249 0.351786 0.363860 0.376480 0.389655 0.403395 0.417707 0.432602 0.448086 0.464169 0.480856 0.498157 0.516076 0.534620 0.553795 0.573604 0.594053 0.615143 0.636878 0.659259 0.682286 0.705959 0.730278 0.755239 0.780840 0.807077 0.833944 0.861435 0.889544 0.918261 0.947578 0.977485 1.007971 1.039024 1.070630 1.102776
0.281188 0.273512 0.268772 0.265665 0.263906 0.263475 0.264432 0.266867 0.270886 0.276617 0.284203 0.293257 0.302833 0.312916 0.323512 0.334631 0.346280 0.358469 0.371206 0.384499 0.398357 0.412789 0.427802 0.443403 0.459601 0.476402 0.493812 0.511838 0.530485 0.549758 0.569660 0.590195 0.611366 0.633174 0.655619 0.678703 0.702423 0.726778 0.751765 0.777381 0.803620 0.830476 0.857943 0.886012 0.914675 0.943923 0.973743 1.004126 1.035057 1.066523
0.264223 0.260787 0.257161 0.254132 0.252067 0.251163 0.251554 0.253356 0.256686 0.261668 0.268439 0.276920 0.286054 0.295691 0.305836 0.316499 0.327687 0.339407 0.351668 0.364478 0.377845 0.391775 0.406278 0.421361 0.437031 0.453293 0.470156 0.487625 0.505705 0.524401 0.543717 0.563656 0.584222 0.605416 0.627240 0.649692 0.672774 0.696483 0.720816 0.745770 0.771341 0.797523 0.824309 0.851692 0.879663 0.908214 0.937333 0.967009 0.997230 1.027982
0.254466 0.250649 0.246262 0.242556 0.239880 0.238381 0.238164 0.239327 0.241972 0.246212 0.252175 0.259953 0.268627 0.277800 0.287476 0.297663 0.308368 0.319597 0.331359 0.343660 0.356509 0.369912 0.383877 0.398412 0.413522 0.429216 0.445499 0.462377 0.479856 0.497941 0.516636 0.535945 0.555871 0.576415 0.597580 0.619366 0.641773 0.664799 0.688442 0.712699 0.737566 0.763038 0.789109 0.815771 0.843017 0.870838 0.899223 0.928161 0.957641 0.987650
0.253608 0.242154 0.235295 0.230467 0.227065 0.224961 0.224164 0.224729 0.226735 0.230278 0.235473 0.242448 0.250674 0.259392 0.268606 0.278321 0.288543 0.299279 0.310537 0.322321 0.334641 0.347503 0.360915 0.374883 0.389416 0.404519 0.420199 0.436463 0.453316 0.470764 0.488810 0.507460 0.526717 0.546582 0.567059 0.588148 0.609849 0.632161 0.655084 0.678613 0.702746 0.727478 0.752804 0.778716 0.805208 0.832270 0.859893 0.888067 0.916780 0.946020
0.229471 0.226451 0.221295 0.216620 0.212986 0.210534 0.209328 0.209426 0.210901 0.213840 0.218345 0.224538 0.232268 0.240573 0.249358 0.258630 0.268393 0.278654 0.289419 0.300696 0.312492 0.324814 0.337670 0.351067 0.365014 0.379516 0.394581 0.410216 0.426427 0.443220 0.460599 0.478570 0.497136 0.516300 0.536066 0.556434 0.577406 0.598980 0.621157 0.643934 0.667309 0.691277 0.715833 0.740971 0.766685 0.792966 0.819805 0.847193 0.875118 0.903569
0.222354 0.212425 0.206086 0.201249 0.197561 0.194995 0.193589 0.193398 0.194490 0.196947 0.200867 0.206362 0.213508 0.221465 0.229878 0.238753 0.248096 0.257914 0.268214 0.279005 0.290293 0.302087 0.314396 0.327228 0.340590 0.354491 0.368938 0.383939 0.399500 0.415628 0.432329 0.449608 0.467470 0.485919 0.504957 0.524588 0.544813 0.565633 0.587046 0.609053 0.631650 0.654835 0.678603 0.702949 0.727867 0.753349 0.779388 0.805974 0.833096 0.860744
0.197311 0.193657 0.188800 0.184501 0.181088 0.178648 0.177238 0.176920 0.177764 0.179854 0.183283 0.188161 0.194607 0.202268 0.210369 0.218898 0.227865 0.237276 0.247143 0.257472 0.268275 0.279560 0.291336 0.303613 0.316399 0.329704 0.343537 0.357904 0.372815 0.388276 0.404295 0.420876 0.438027 0.455752 0.474055 0.492938 0.512406 0.532458 0.553096 0.574319 0.596127 0.618516 0.641483 0.665025 0.689135 0.713806 0.739033 0.764805 0.791114 0.817949
0.183991 0.176300 0.171387 0.167545 0.164517 0.162311 0.160985 0.160613 0.161271 0.163047 0.166033 0.170337 0.176075 0.183276 0.191107 0.199329 0.207952 0.216988 0.226446 0.236338 0.246675 0.257468 0.268726 0.280461 0.292683 0.305401 0.318625 0.332365 0.346628 0.361425 0.376761 0.392645 0.409083 0.426081 0.443643 0.461775 0.480479 0.499758 0.519614 0.540047 0.561057 0.582643 0.604801 0.627530 0.650824 0.674678 0.699085 0.724038 0.749527 0.775544
0.159144 0.158302 0.155143 0.151928 0.149187 0.147100 0.145768 0.145274 0.145700 0.147132 0.149658 0.153380 0.158407 0.164854 0.172408 0.180339 0.188635 0.197310 0.206376 0.215846 0.225731 0.236044 0.246797 0.258001 0.269668 0.281808 0.294432 0.307550 0.321172 0.335308 0.349966 0.365155 0.380882 0.397153 0.413975 0.431354 0.449293 0.467797 0.486868 0.506508 0.526717 0.547496 0.568843 0.590755 0.613230 0.636262 0.659847 0.683977 0.708645 0.733841
0.156450 0.147810 0.142861 0.139134 0.136156 0.133871 0.132315 0.131545 0.131625 0.132629 0.134635 0.137733 0.142022 0.147614 0.154561 0.162204 0.170173 0.178489 0.187167 0.196220 0.205661 0.215503 0.225758 0.236440 0.247559 0.259129 0.271161 0.283665 0.296653 0.310134 0.324120 0.338618 0.353637 0.369186 0.385271 0.401899 0.419075 0.436805 0.455092 0.473938 0.493347 0.513318 0.533852 0.554948 0.576603 0.598813 0.621575 0.644883 0.668730 0.693108
0.137571 0.136299 0.132510 0.128692 0.125398 0.122763 0.120842 0.119677 0.119318 0.119821 0.121251 0.123686 0.127211 0.131926 0.137937 0.145137 0.152768 0.160722 0.169011 0.177649 0.186648 0.196023 0.205787 0.215952 0.226533 0.237540 0.248986 0.260884 0.273245 0.286080 0.299399 0.313213 0.327532 0.342363 0.357716 0.373598 0.390016 0.406975 0.424481 0.442537 0.461148 0.480314 0.500037 0.520318 0.541155 0.562545 0.584487 0.606975 0.630004 0.653568
0.138824 0.130338 0.124687 0.120191 0.116483 0.113482 0.111181 0.109601 0.108778 0.108757 0.109593 0.111353 0.114112 0.117957 0.122988 0.129284 0.136551 0.144138 0.152037 0.160261 0.168823 0.177737 0.187016 0.196673 0.206722 0.217176 0.228046 0.239347 0.251090 0.263287 0.275949 0.289088 0.302713 0.316836 0.331464 0.346607 0.362272 0.378467 0.395198 0.412469 0.430286 0.448652 0.467569 0.487039 0.507062 0.527637 0.548762 0.570434 0.592650 0.615403
0.127971 0.122424 0.117293 0.112813 0.108959 0.105719 0.103108 0.101152 0.099888 0.099360 0.099619 0.100724 0.102741 0.105747 0.109831 0.115090 0.121557 0.128796 0.136312 0.144131 0.152264 0.160727 0.169531 0.178690 0.188219 0.198130 0.208437 0.219152 0.230289 0.241860 0.253877 0.266351 0.279295 0.292719 0.306633 0.321046 0.335969 0.351408 0.367372 0.383866 0.400897 0.418469 0.436587 0.455252 0.474467 0.494232 0.514546 0.535409 0.556816 0.578765
0.119117 0.115302 0.110991 0.106752 0.102854 0.099423 0.096528 0.094218 0.092537 0.091528 0.091240 0.091724 0.093042 0.095259 0.098455 0.102715 0.108131 0.114684 0.121849 0.129277 0.136997 0.145022 0.153367 0.162045 0.171069 0.180454 0.190212 0.200358 0.210904 0.221865 0.233251 0.245077 0.257353 0.270093 0.283306 0.297004 0.311196 0.325891 0.341100 0.356828 0.373083 0.389872 0.407199 0.425068 0.443483 0.462446 0.481957 0.502017 0.522624 0.543776
0.117972 0.112401 0.107301 0.102620 0.098382 0.094626 0.091388 0.088705 0.086610 0.085140 0.084336 0.084243 0.084911 0.086401 0.088777 0.092117 0.096508 0.102026 0.108609 0.115676 0.123003 0.130613 0.138519 0.146735 0.155276 0.164155 0.173386 0.182983 0.192959 0.203329 0.214105 0.225301 0.236930 0.249004 0.261534 0.274533 0.288012 0.301981 0.316449 0.331426 0.346920 0.362938 0.379487 0.396573 0.414199 0.432370 0.451089 0.470355 0.490171 0.510534
0.118335 0.111259 0.105239 0.099947 0.095249 0.091098 0.087488 0.084425 0.081930 0.080026 0.078745 0.078123 0.078201 0.079029 0.080665 0.083173 0.086629 0.091115 0.096699 0.103270 0.110232 0.117452 0.124945 0.132726 0.140808 0.149207 0.157936 0.167010 0.176442 0.186247 0.196439 0.207030 0.218035 0.229467 0.241339 0.253662 0.266449 0.279712 0.293461 0.307706 0.322457 0.337723 0.353511 0.369829 0.386682 0.404075 0.422014 0.440499 0.459535 0.479120
0.115841 0.109345 0.103317 0.097812 0.092840 0.088395 0.084476 0.081088 0.078242 0.075956 0.074254 0.073163 0.072718 0.072961 0.073939 0.075708 0.078332 0.081885 0.086448 0.092074 0.098606 0.105465 0.112575 0.119951 0.127606 0.135556 0.143815 0.152396 0.161316 0.170587 0.180224 0.190242 0.200653 0.211473 0.222715 0.234391 0.246515 0.259099 0.272154 0.285693 0.299725 0.314261 0.329310 0.344881 0.360980 0.377614 0.394790 0.412511 0.430782 0.449604
0.113254 0.107227 0.101337 0.095821 0.090749 0.086147 0.082027 0.078401 0.075281 0.072684 0.070629 0.069140 0.068246 0.067983 0.068390 0.069516 0.071414 0.074149 0.077793 0.082423 0.088080 0.094562 0.101322 0.108328 0.115592 0.123129 0.130954 0.139080 0.147523 0.156297 0.165417 0.174897 0.184752 0.194996 0.205642 0.216706 0.228200 0.240138 0.252533 0.265396 0.278739 0.292574 0.306912 0.321761 0.337131 0.353030 0.369465 0.386442 0.403966 0.422043
0.112285 0.105510 0.099521 0.093996 0.088890 0.084208 0.079964 0.076171 0.072845 0.070003 0.067662 0.065844 0.064575 0.063885 0.063807 0.064383 0.065660 0.067691 0.070540 0.074277 0.078976 0.084665 0.091096 0.097769 0.104683 0.111848 0.119280 0.126992 0.135001 0.143320 0.151965 0.160950 0.170289 0.179998 0.190091 0.200583 0.211487 0.222818 0.234589 0.246813 0.259503 0.272672 0.286331 0.300490 0.315161 0.330353 0.346074 0.362333 0.379135 0.396487
0.109346 0.103800 0.098020 0.092499 0.087343 0.082582 0.078230 0.074301 0.070809 0.067768 0.065194 0.063108 0.061529 0.060485 0.060004 0.060120 0.060873 0.062310 0.064484 0.067456 0.071298 0.076078 0.081810 0.088198 0.094803 0.101641 0.108726 0.116071 0.123692 0.131603 0.139819 0.148354 0.157225 0.166445 0.176030 0.185995 0.196354 0.207121 0.218312 0.229939 0.242017 0.254559 0.267577 0.281084 0.295091 0.309610 0.324649 0.340219 0.356327 0.372982
0.111032 0.103506 0.097171 0.091431 0.086139 0.081259 0.076788 0.072728 0.069089 0.065881 0.063117 0.060811 0.058982 0.057649 0.056837 0.056575 0.056896 0.057839 0.059451 0.061784 0.064898 0.068864 0.073747 0.079543 0.085899 0.092459 0.099244 0.106271 0.113552 0.121104 0.128940 0.137076 0.145527 0.154307 0.163433 0.172919 0.182781 0.193032 0.203689 0.214766 0.226276 0.238235 0.250656 0.263551 0.276934 0.290817 0.305211 0.320126 0.335573 0.351561
0.108250 0.102271 0.096234 0.090488 0.085111 0.080128 0.075548 0.071375 0.067616 0.064276 0.061362 0.058884 0.056857 0.055295 0.054219 0.053652 0.053623 0.054164 0.055315 0.057121 0.059634 0.062915 0.067032 0.072048 0.077936 0.084275 0.090811 0.097567 0.104559 0.111800 0.119307 0.127093 0.135173 0.143564 0.152281 0.161338 0.170752 0.180536 0.190708 0.201282 0.212273 0.223695 0.235563 0.247891 0.260693 0.273982 0.287770 0.302069 0.316891 0.332246
0.107864 0.101476 0.095369 0.089558 0.084112 0.079064 0.074420 0.070183 0.066349 0.062922 0.059904 0.057303 0.055127 0.053390 0.052109 0.051302 0.050994 0.051213 0.051993 0.053372 0.055396 0.058117 0.061596 0.065901 0.071089 0.077096 0.083429 0.089962 0.096710 0.103688 0.110912 0.118395 0.126154 0.134203 0.142559 0.151236 0.160250 0.169617 0.179352 0.189471 0.199990 0.210923 0.222285 0.234092 0.246357 0.259095 0.272320 0.286044 0.300279 0.315038
0.107684 0.100954 0.094492 0.088538 0.083065 0.078028 0.073399 0.069163 0.065313 0.061847 0.058770 0.056087 0.053806 0.051939 0.050501 0.049508 0.048982 0.048947 0.049432 0.050471 0.052103 0.054374 0.057338 0.061055 0.065591 0.071000 0.077121 0.083470 0.090015 0.096772 0.103755 0.110979 0.118459 0.126211 0.134250 0.142592 0.151253 0.160248 0.169593 0.179304 0.189397 0.199887 0.210789 0.222120 0.233894 0.246125 0.258829 0.272019 0.285708 0.299909
0.107932 0.099630 0.093079 0.087319 0.082043 0.077153 0.072619 0.068436 0.064604 0.061130 0.058019 0.055280 0.052923 0.050958 0.049400 0.048264 0.047568 0.047334 0.047588 0.048359 0.049683 0.051599 0.054154 0.057402 0.061405 0.066229 0.071910 0.078109 0.084485 0.091053 0.097830 0.104830 0.112068 0.119561 0.127323 0.135370 0.143718 0.152383 0.161381 0.170727 0.180437 0.190528 0.201015 0.211914 0.223239 0.235007 0.247232 0.259929 0.273112 0.286795
0.100641 0.096357 0.091479 0.086446 0.081506 0.076779 0.072324 0.068172 0.064342 0.060848 0.057702 0.054912 0.052489 0.050445 0.048791 0.047542 0.046714 0.046327 0.046403 0.046968 0.048053 0.049694 0.051932 0.054815 0.058398 0.062745 0.067921 0.073879 0.080106 0.086510 0.093106 0.099909 0.106935 0.114199 0.121717 0.129503 0.137574 0.145946 0.154633 0.163653 0.173021 0.182753 0.192865 0.203372 0.214290 0.225635 0.237422 0.249667 0.262383 0.275585
0.100268 0.097130 0.092228 0.087057 0.082002 0.077185 0.072657 0.068441 0.064553 0.061003 0.057800 0.054952 0.052467 0.050353 0.048621 0.047283 0.046354 0.045850 0.045791 0.046201 0.047106 0.048540 0.050538 0.053144 0.056407 0.060385 0.065142 0.070736 0.076827 0.083080 0.089513 0.096139 0.102974 0.110033 0.117332 0.124885 0.132709 0.140818 0.149229 0.157956 0.167016 0.176424 0.186197 0.196350 0.206898 0.217858 0.229244 0.241073 0.253358 0.266116
0.113519 0.102358 0.094949 0.088791 0.083249 0.078148 0.073435 0.069089 0.065104 0.061477 0.058208 0.055301 0.052758 0.050586 0.048793 0.047388 0.046383 0.045794 0.045638 0.045935 0.046710 0.047992 0.049814 0.052215 0.055240 0.058941 0.063377 0.068616 0.074536 0.080646 0.086925 0.093387 0.100047 0.106920 0.114021 0.121364 0.128964 0.136837 0.144998 0.153461 0.162244 0.171360 0.180826 0.190656 0.200868 0.211475 0.222494 0.233940 0.245828 0.258173
0.106493 0.102170 0.096066 0.090004 0.084332 0.079088 0.074258 0.069822 0.065766 0.062083 0.058766 0.055816 0.053232 0.051020 0.049185 0.047734 0.046679 0.046032 0.045808 0.046027 0.046711 0.047886 0.049582 0.051835 0.054686 0.058184 0.062381 0.067342 0.073057 0.079029 0.085162 0.091471 0.097969 0.104670 0.111589 0.118740 0.126137 0.133796 0.141729 0.149954 0.158483 0.167333 0.176519 0.186055 0.195957 0.206241 0.216921 0.228013 0.239531 0.251491
0.111042 0.103132 0.096534 0.090492 0.084882 0.079676 0.074861 0.070426 0.066363 0.062667 0.059336 0.056369 0.053767 0.051535 0.049676 0.048199 0.047113 0.046429 0.046162 0.046329 0.046951 0.048051 0.049658 0.051805 0.054530 0.057877 0.061896 0.066646 0.072164 0.078002 0.083998 0.090162 0.096509 0.103052 0.109804 0.116778 0.123989 0.131450 0.139176 0.147180 0.155477 0.164082 0.173008 0.182272 0.191888 0.201870 0.212233 0.222993 0.234164 0.245761
0.109182 0.102496 0.096276 0.090489 0.085067 0.079992 0.075260 0.070876 0.066844 0.063165 0.059841 0.056876 0.054272 0.052033 0.050165 0.048674 0.047570 0.046863 0.046568 0.046700 0.047278 0.048324 0.049866 0.051933 0.054561 0.057792 0.061672 0.066255 0.071596 0.077311 0.083178 0.089209 0.095416 0.101811 0.108408 0.115218 0.122256 0.129534 0.137065 0.144864 0.152943 0.161318 0.170002 0.179008 0.188352 0.198048 0.208110 0.218552 0.229389 0.240636
0.107485 0.101769 0.096101 0.090575 0.085284 0.080281 0.075595 0.071242 0.067230 0.063566 0.060252 0.057291 0.054689 0.052448 0.050574 0.049075 0.047958 0.047234 0.046916 0.047019 0.047560 0.048561 0.050047 0.052046 0.054592 0.057722 0.061481 0.065920 0.071096 0.076699 0.082448 0.088355 0.094431 0.100689 0.107139 0.113794 0.120668 0.127771 0.135117 0.142719 0.150590 0.158743 0.167191 0.175948 0.185028 0.194444 0.204210 0.214341 0.224849 0.235750
0.108250 0.102643 0.096785 0.091092 0.085692 0.080628 0.075912 0.071545 0.067529 0.063863 0.060549 0.057587 0.054982 0.052735 0.050852 0.049341 0.048208 0.047464 0.047120 0.047191 0.047693 0.048646 0.050074 0.052003 0.054464 0.057493 0.061131 0.065426 0.070431 0.075929 0.081568 0.087358 0.093310 0.099435 0.105744 0.112248 0.118960 0.125892 0.133055 0.140462 0.148125 0.156056 0.164268 0.172774 0.181587 0.190720 0.200186 0.209999 0.220172 0.230718
0.112067 0.104342 0.097634 0.091577 0.086016 0.080879 0.076127 0.071743 0.067716 0.064041 0.060718 0.057746 0.055128 0.052867 0.050967 0.049434 0.048275 0.047501 0.047121 0.047149 0.047600 0.048493 0.049850 0.051695 0.054057 0.056969 0.060470 0.064603 0.069419 0.074798 0.080330 0.086005 0.091832 0.097824 0.103989 0.110340 0.116888 0.123642 0.130616 0.137820 0.145266 0.152965 0.160929 0.169171 0.177703 0.186538 0.195687 0.205164 0.214981 0.225153
0.111268 0.103912 0.097423 0.091506 0.086029 0.080936 0.076203 0.071821 0.067786 0.064098 0.060756 0.057763 0.055120 0.052831 0.050900 0.049332 0.048134 0.047314 0.046882 0.046850 0.047233 0.048046 0.049310 0.051047 0.053285 0.056053 0.059386 0.063325 0.067917 0.073136 0.078556 0.084110 0.089806 0.095655 0.101667 0.107853 0.114222 0.120785 0.127552 0.134535 0.141743 0.149188 0.156881 0.164833 0.173056 0.181562 0.190364 0.199472 0.208902 0.218664
0.108034 0.102485 0.096848 0.091314 0.085997 0.080959 0.076231 0.071831 0.067767 0.064045 0.060667 0.057635 0.054952 0.052621 0.050643 0.049025 0.047771 0.046888 0.046385 0.046273 0.046563 0.047272 0.048416 0.050016 0.052095 0.054682 0.057808 0.061509 0.065826 0.070799 0.076095 0.081513 0.087061 0.092750 0.098589 0.104586 0.110753 0.117097 0.123629 0.130358 0.137294 0.144449 0.151831 0.159453 0.167326 0.175460 0.183869 0.192564 0.201558 0.210864
0.108126 0.102990 0.097320 0.091661 0.086217 0.081069 0.076249 0.071772 0.067643 0.063862 0.060429 0.057345 0.054609 0.052222 0.050186 0.048503 0.047177 0.046214 0.045621 0.045406 0.045580 0.046156 0.047149 0.048576 0.050460 0.052823 0.055693 0.059102 0.063087 0.067689 0.072809 0.078066 0.083440 0.088939 0.094572 0.100347 0.106273 0.112357 0.118609 0.125039 0.131655 0.138468 0.145487 0.152724 0.160190 0.167897 0.175856 0.184080 0.192581 0.201374
0.113417 0.105387 0.098443 0.092160 0.086378 0.081030 0.076082 0.071514 0.067315 0.063476 0.059991 0.056854 0.054063 0.051617 0.049515 0.047758 0.046349 0.045290 0.044588 0.044249 0.044281 0.044695 0.045504 0.046722 0.048367 0.050459 0.053021 0.056080 0.059667 0.063817 0.068550 0.073619 0.078779 0.084047 0.089428 0.094931 0.100562 0.106330 0.112243 0.118310 0.124542 0.130948 0.137538 0.144323 0.151316 0.158529 0.165974 0.173664 0.181611 0.189830
0.113344 0.105151 0.098063 0.091680 0.085837 0.080453 0.075482 0.070897 0.066680 0.062819 0.059306 0.056133 0.053298 0.050796 0.048627 0.046791 0.045288 0.044120 0.043291 0.042806 0.042672 0.042895 0.043486 0.044456 0.045819 0.047590 0.049789 0.052436 0.055555 0.059174 0.063324 0.067978 0.072891 0.077862 0.082933 0.088096 0.093360 0.098736 0.104237 0.109868 0.115639 0.121562 0.127647 0.133909 0.140361 0.147014 0.153882 0.160977 0.168314 0.175903
0.107525 0.102018 0.095957 0.090067 0.084502 0.079291 0.074432 0.069920 0.065746 0.061905 0.058391 0.055200 0.052330 0.049776 0.047539 0.045617 0.044009 0.042718 0.041744 0.041092 0.040764 0.040766 0.041104 0.041786 0.042822 0.044223 0.046001 0.048172 0.050752 0.053761 0.057222 0.061152 0.065502 0.070117 0.074800 0.079524 0.084331 0.089238 0.094244 0.099353 0.104581 0.109943 0.115454 0.121128 0.126978 0.133018 0.139260 0.145717 0.152399 0.159315
0.107461 0.099921 0.093838 0.088227 0.082922 0.077908 0.073189 0.068772 0.064657 0.060845 0.057336 0.054127 0.051218 0.048606 0.046290 0.044269 0.042541 0.041108 0.039968 0.039123 0.038574 0.038322 0.038372 0.038727 0.039390 0.040369 0.041669 0.043299 0.045268 0.047587 0.050268 0.053328 0.056772 0.060559 0.064595 0.068771 0.073058 0.077427 0.081841 0.086340 0.090951 0.095693 0.100579 0.105625 0.110842 0.116242 0.121837 0.127636 0.133639 0.139851
0.100923 0.097290 0.092109 0.086789 0.081635 0.076721 0.072072 0.067697 0.063602 0.059788 0.056256 0.053005 0.050035 0.047343 0.044928 0.042786 0.040917 0.039318 0.037986 0.036921 0.036120 0.035583 0.035307 0.035292 0.035538 0.036044 0.036809 0.037835 0.039122 0.040673 0.042493 0.044590 0.046976 0.049657 0.052618 0.055817 0.059214 0.062786 0.066494 0.070326 0.074291 0.078397 0.082656 0.087078 0.091671 0.096444 0.101408 0.106550 0.111850 0.117331
0.106264 0.097963 0.091738 0.086153 0.080910 0.075949 0.071260 0.066844 0.062701 0.058830 0.055230 0.051899 0.048834 0.046032 0.043488 0.041199 0.039161 0.037369 0.035818 0.034504 0.033420 0.032563 0.031925 0.031500 0.031283 0.031265 0.031440 0.031801 0.032342 0.033060 0.033956 0.035039 0.036324 0.037835 0.039598 0.041624 0.043906 0.046436 0.049198 0.052162 0.055311 0.058636 0.062132 0.065800 0.069640 0.073657 0.077853 0.082234 0.086785 0.091503
0.101766 0.097242 0.091630 0.086018 0.080640 0.075543 0.070733 0.066205 0.061955 0.057977 0.054267 0.050818 0.047625 0.044681 0.041982 0.039519 0.037285 0.035274 0.033476 0.031884 0.030488 0.029277 0.028241 0.027367 0.026642 0.026053 0.025586 0.025231 0.024981 0.024836 0.024807 0.024913 0.025181 0.025658 0.026383 0.027370 0.028630 0.030163 0.031951 0.033969 0.036197 0.038618 0.041218 0.043988 0.046923 0.050021 0.053283 0.056717 0.060322 0.064096
0.106230 0.098749 0.092205 0.086189 0.080568 0.075290 0.070325 0.065656 0.061272 0.057161 0.053314 0.049724 0.046380 0.043274 0.040396 0.037738 0.035287 0.033034 0.030966 0.029070 0.027333 0.025738 0.024268 0.022907 0.021634 0.020432 0.019289 0.018201 0.017177 0.016244 0.015432 0.014778 0.014322 0.014131 0.014195 0.014496 0.015023 0.015767 0.016721 0.017871 0.019204 0.020705 0.022363 0.024165 0.026104 0.028182 0.030409 0.032794 0.035339 0.038042
0.106695 0.098783 0.092122 0.086030 0.080316 0.074928 0.069843 0.065049 0.060535 0.056289 0.052302 0.048562 0.045059 0.041779 0.038712 0.035843 0.033160 0.030647 0.028288 0.026066 0.023961 0.021953 0.020018 0.018134 0.016281 0.014450 0.012657 0.010927 0.009335 0.007942 0.006765 0.005818 0.005178 0.004808 0.004633 0.004615 0.004734 0.004980 0.005344 0.005820 0.006404 0.007086 0.007861 0.008721 0.009667 0.010739 0.011959 0.013323 0.014824 0.016456
0.100737 0.096829 0.091297 0.085491 0.079809 0.074366 0.069194 0.064298 0.059670 0.055301 0.051180 0.047294 0.043630 0.040173 0.036909 0.033822 0.030894 0.028106 0.025439 0.022869 0.020373 0.017923 0.015494 0.013064 0.010642 0.008274 0.006068 0.004108 0.002641 0.001530 0.000647 0.000001 0.000001 0.000001 0.000001 0.000001 0.000001 0.000001 0.000001 0.000001 0.000001 0.000001 0.000001 0.000001 0.000075 0.000361 0.000790 0.001323 0.001944 0.002642
0.106701 0.098315 0.091392 0.085102 0.079212 0.073648 0.068379 0.063387 0.058656 0.054175 0.049927 0.045900 0.042077 0.038441 0.034976 0.031662 0.028478 0.025402 0.022408 0.019469 0.016556 0.013640 0.010702 0.007770 0.004973 0.002589 0.000759 0.000001 0.000001 0.000001 0.000001 0.000001 0.000001 0.000001 0.000001 0.000001 0.000001 0.000001 0.000001 0.000001 0.000001 0.000001 0.000001 0.000001 0.000001 0.000001 0.000001 0.000001 0.000001 0.000001
0.105586 0.097714 0.090725 0.084336 0.078367 0.072733 0.067390 0.062316 0.057493 0.052904 0.048534 0.044366 0.040382 0.036564 0.032891 0.029340 0.025887 0.022506 0.019166 0.015837 0.012486 0.009097 0.005734 0.002673 0.000320 0.000001 0.000001 0.000001 0.000001 0.000001 0.000001 0.000001 0.000001 0.000001 0.000001 0.000001 0.000001 0.000001 0.000001 0.000001 0.000001 0.000001 0.000001 0.000001 0.000001 0.000001 0.000001 0.000001 0.000001 0.000001
0.100704 0.095071 0.089090 0.083083 0.077228 0.071598 0.066212 0.061068 0.056156 0.051462 0.046968 0.042657 0.038508 0.034500 0.030609 0.026810 0.023074 0.019371 0.015666 0.011927 0.008136 0.004392 0.001204 0.000001 0.000001 0.000001 0.000001 0.000001 0.000001 0.000001 0.000001 0.000001 0.000001 0.000001 0.000001 0.000001 0.000001 0.000001 0.000001 0.000001 0.000001 0.000001 0.000001 0.000001 0.000001 0.000001 0.000001 0.000001 0.000001 0.000001
0.099406 0.094117 0.088008 0.081888 0.075955 0.070258 0.064803 0.059580 0.054577 0.049775 0.045156 0.040699 0.036380 0.032175 0.028058 0.024000 0.019969 0.015930 0.011847 0.007700 0.003612 0.000269 0.000001 0.000001 0.000001 0.000001 0.000001 0.000001 0.000001 0.000001 0.000001 0.000001 0.000001 0.000001 0.000001 0.000001 0.000001 0.000001 0.000001 0.000001 0.000001 0.000001 0.000001 0.000001 0.000001 0.000001 0.000001 0.000001 0.000001 0.000001
0.104729 0.094650 0.087075 0.080460 0.074334 0.068540 0.063013 0.057720 0.052634 0.047734 0.042995 0.038395 0.033908 0.029507 0.025162 0.020841 0.016509 0.012127 0.007672 0.003275 0.000001 0.000001 0.000001 0.000001 0.000001 0.000001 0.000001 0.000001 0.000001 0.000001 0.000001 0.000001 0.000001 0.000001 0.000001 0.000001 0.000001 0.000001 0.000001 0.000001 0.000001 0.000001 0.000001 0.000001 0.000001 0.000001 0.000001 0.000001 0.000001 0.000001
0.095762 0.090312 0.084115 0.077929 0.071945 0.066197 0.060673 0.055355 0.050219 0.045243 0.040404 0.035676 0.031032 0.026443 0.021877 0.017298 0.012670 0.007958 0.003273 0.000001 0.000001 0.000001 0.000001 0.000001 0.000001 0.000001 0.000001 0.000001 0.000001 0.000001 0.000001 0.000001 0.000001 0.000001 0.000001 0.000001 0.000001 0.000001 0.000001 0.000001 0.000001 0.000001 0.000001 0.000001 0.000001 0.000001 0.000001 0.000001 0.000001 0.000001
0.091996 0.086658 0.080692 0.074723 0.068900 0.063254 0.057787 0.052485 0.047333 0.042310 0.037394 0.032558 0.027776 0.023016 0.018246 0.013427 0.008520 0.003576 0.000001 0.000001 0.000001 0.000001 0.000001 0.000001 0.000001 0.000001 0.000001 0.000001 0.000001 0.000001 0.000001 0.000001 0.000001 0.000001 0.000001 0.000001 0.000001 0.000001 0.000001 0.000001 0.000001 0.000001 0.000001 0.000001 0.000001 0.000001 0.000001 0.000001 0.000001 0.000001
0.093013 0.083988 0.077294 0.071272 0.065529 0.059969 0.054562 0.049291 0.044140 0.039088 0.034114 0.029191 0.024292 0.019384 0.014433 0.009399 0.004265 0.000001 0.000001 0.000001 0.000001 0.000001 0.000001 0.000001 0.000001 0.000001 0.000001 0.000001 0.000001 0.000001 0.000001 0.000001 0.000001 0.000001 0.000001 0.000001 0.000001 0.000001 0.000001 0.000001 0.000001 0.000001 0.000001 0.000001 0.000001 0.000001 0.000001 0.000001 0.000001 0.000001
0.081599 0.078627 0.073417 0.067796 0.062192 0.056701 0.051335 0.046086 0.040935 0.035861 0.030841 0.025849 0.020853 0.015822 0.010719 0.005502 0.000487 0.000001 0.000001 0.000001 0.000001 0.000001 0.000001 0.000001 0.000001 0.000001 0.000001 0.000001 0.000001 0.000001 0.000001 0.000001 0.000001 0.000001 0.000001 0.000001 0.000001 0.000001 0.000001 0.000001 0.000001 0.000001 0.000001 0.000001 0.000001 0.000001 0.000001 0.000001 0.000001 0.000001
0.085406 0.077360 0.070920 0.064992 0.059321 0.053828 0.048475 0.043234 0.038079 0.032987 0.027932 0.022884 0.017814 0.012686 0.007464 0.002109 0.000001 0.000001 0.000001 0.000001 0.000001 0.000001 0.000001 0.000001 0.000001 0.000001 0.000001 0.000001 0.000001 0.000001 0.000001 0.000001 0.000001 0.000001 0.000001 0.000001 0.000001 0.000001 0.000001 0.000001 0.000001 0.000001 0.000001 0.000001 0.000001 0.000001 0.000001 0.000001 0.000001 0.000001
0.081317 0.074773 0.068570 0.062710 0.057087 0.051633 0.046307 0.041080 0.035927 0.030824 0.025744 0.020658 0.015536 0.010341 0.005036 0.000001 0.000001 0.000001 0.000001 0.000001 0.000001 0.000001 0.000001 0.000001 0.000001 0.000001 0.000001 0.000001 0.000001 0.000001 0.000001 0.000001 0.000001 0.000001 0.000001 0.000001 0.000001 0.000001 0.000001 0.000001 0.000001 0.000001 0.000001 0.000001 0.000001 0.000001 0.000001 0.000001 0.000001 0.000001
0.077221 0.072095 0.066691 0.061214 0.055772 0.050405 0.045121 0.039914 0.034767 0.029660 0.024568 0.019463 0.014314 0.009085 0.003737 0.000001 0.000001 0.000001 0.000001 0.000001 0.000001 0.000001 0.000001 0.000001 0.000001 0.000001 0.000001 0.000001 0.000001 0.000001 0.000001 0.000001 0.000001 0.000001 0.000001 0.000001 0.000001 0.000001 0.000001 0.000001 0.000001 0.000001 0.000001 0.000001 0.000001 0.000001 0.000001 0.000001 0.000001 0.000001
