0.049715 0.045967 0.042790 0.039858 0.037029 0.034237 0.031449 0.028646 0.025820 0.022964 0.020074 0.017148 0.014183 0.011177 0.008131 0.005052 0.001972 0.000001 0.000001 0.000001 0.000001 0.000001 0.000001 0.000001 0.000001 0.000001 0.000001 0.000001 0.000001 0.000001 0.000001 0.000001 0.000001 0.000001 0.000001 0.000001 0.000001 0.000001 0.000001 0.000001 0.000001 0.000001 0.000001 0.000001 0.000001 0.000001 0.000001 0.000001 0.000001 0.000001
0.043356 0.042012 0.039956 0.037591 0.035072 0.032463 0.029791 0.027066 0.024293 0.021475 0.018612 0.015705 0.012753 0.009758 0.006731 0.003709 0.000848 0.000001 0.000001 0.000001 0.000001 0.000001 0.000001 0.000001 0.000001 0.000001 0.000001 0.000001 0.000001 0.000001 0.000001 0.000001 0.000001 0.000001 0.000001 0.000001 0.000001 0.000001 0.000001 0.000001 0.000001 0.000001 0.000001 0.000001 0.000001 0.000001 0.000001 0.000001 0.000001 0.000001
0.040335 0.038663 0.036683 0.034462 0.032078 0.029576 0.026984 0.024318 0.021588 0.018799 0.015956 0.013060 0.010116 0.007140 0.004190 0.001449 0.000001 0.000001 0.000001 0.000001 0.000001 0.000001 0.000001 0.000001 0.000001 0.000001 0.000001 0.000001 0.000001 0.000001 0.000001 0.000001 0.000001 0.000001 0.000001 0.000001 0.000001 0.000001 0.000001 0.000001 0.000001 0.000001 0.000001 0.000001 0.000001 0.000001 0.000001 0.000001 0.000001 0.000001
0.039333 0.036593 0.033999 0.031471 0.028929 0.026341 0.023696 0.020991 0.018229 0.015410 0.012537 0.009613 0.006658 0.003766 0.001216 0.000001 0.000001 0.000001 0.000001 0.000001 0.000001 0.000001 0.000001 0.000001 0.000001 0.000001 0.000001 0.000001 0.000001 0.000001 0.000001 0.000001 0.000001 0.000001 0.000001 0.000001 0.000001 0.000001 0.000001 0.000001 0.000001 0.000001 0.000001 0.000001 0.000001 0.000001 0.000001 0.000001 0.000001 0.000001
0.037837 0.034491 0.031604 0.028812 0.026036 0.023249 0.020437 0.017591 0.014707 0.011780 0.008811 0.005813 0.002912 0.000558 0.000001 0.000001 0.000001 0.000001 0.000001 0.000001 0.000001 0.000001 0.000001 0.000001 0.000001 0.000001 0.000001 0.000001 0.000001 0.000001 0.000001 0.000001 0.000001 0.000001 0.000001 0.000001 0.000001 0.000001 0.000001 0.000001 0.000001 0.000001 0.000001 0.000001 0.000001 0.000001 0.000001 0.000001 0.000001 0.000001
0.034463 0.032391 0.029543 0.026550 0.023530 0.020504 0.017471 0.014424 0.011357 0.008263 0.005145 0.002153 0.000001 0.000001 0.000001 0.000001 0.000001 0.000001 0.000001 0.000001 0.000001 0.000001 0.000001 0.000001 0.000001 0.000001 0.000001 0.000001 0.000001 0.000001 0.000001 0.000001 0.000001 0.000001 0.000001 0.000001 0.000001 0.000001 0.000001 0.000001 0.000001 0.000001 0.000001 0.000001 0.000001 0.000001 0.000001 0.000001 0.000001 0.000001
0.035703 0.031380 0.027924 0.024628 0.021366 0.018116 0.014867 0.011612 0.008345 0.005059 0.001849 0.000001 0.000001 0.000001 0.000001 0.000001 0.000001 0.000001 0.000001 0.000001 0.000001 0.000001 0.000001 0.000001 0.000001 0.000001 0.000001 0.000001 0.000001 0.000001 0.000001 0.000001 0.000001 0.000001 0.000001 0.000001 0.000001 0.000001 0.000001 0.000001 0.000001 0.000001 0.000001 0.000001 0.000001 0.000001 0.000001 0.000001 0.000001 0.000001
0.031898 0.029478 0.026232 0.022847 0.019441 0.016030 0.012610 0.009177 0.005725 0.002264 0.000001 0.000001 0.000001 0.000001 0.000001 0.000001 0.000001 0.000001 0.000001 0.000001 0.000001 0.000001 0.000001 0.000001 0.000001 0.000001 0.000001 0.000001 0.000001 0.000001 0.000001 0.000001 0.000001 0.000001 0.000001 0.000001 0.000001 0.000001 0.000001 0.000001 0.000001 0.000001 0.000001 0.000001 0.000001 0.000001 0.000001 0.000001 0.000001 0.000001
0.032509 0.028346 0.024765 0.021266 0.017764 0.014241 0.010690 0.007107 0.003488 0.000056 0.000001 0.000001 0.000001 0.000001 0.000001 0.000001 0.000001 0.000001 0.000001 0.000001 0.000001 0.000001 0.000001 0.000001 0.000001 0.000001 0.000001 0.000001 0.000001 0.000001 0.000001 0.000001 0.000001 0.000001 0.000001 0.000001 0.000001 0.000001 0.000001 0.000001 0.000001 0.000001 0.000001 0.000001 0.000001 0.000001 0.000001 0.000001 0.000001 0.000001
0.030619 0.027116 0.023537 0.019973 0.016389 0.012765 0.009090 0.005364 0.001590 0.000001 0.000001 0.000001 0.000001 0.000001 0.000001 0.000001 0.000001 0.000001 0.000001 0.000001 0.000001 0.000001 0.000001 0.000001 0.000001 0.000001 0.000001 0.000001 0.000001 0.000001 0.000001 0.000001 0.000001 0.000001 0.000001 0.000001 0.000001 0.000001 0.000001 0.000001 0.000001 0.000001 0.000001 0.000001 0.000001 0.000001 0.000001 0.000001 0.000001 0.000001
0.028848 0.025817 0.022465 0.018931 0.015282 0.011548 0.007740 0.003864 0.000033 0.000001 0.000001 0.000001 0.000001 0.000001 0.000001 0.000001 0.000001 0.000001 0.000001 0.000001 0.000001 0.000001 0.000001 0.000001 0.000001 0.000001 0.000001 0.000001 0.000001 0.000001 0.000001 0.000001 0.000001 0.000001 0.000001 0.000001 0.000001 0.000001 0.000001 0.000001 0.000001 0.000001 0.000001 0.000001 0.000001 0.000001 0.000001 0.000001 0.000001 0.000001
0.029313 0.025489 0.021849 0.018149 0.014357 0.010480 0.006524 0.002493 0.000001 0.000001 0.000001 0.000001 0.000001 0.000001 0.000001 0.000001 0.000001 0.000001 0.000001 0.000001 0.000001 0.000001 0.000001 0.000001 0.000001 0.000001 0.000001 0.000001 0.000001 0.000001 0.000001 0.000001 0.000001 0.000001 0.000001 0.000001 0.000001 0.000001 0.000001 0.000001 0.000001 0.000001 0.000001 0.000001 0.000001 0.000001 0.000001 0.000001 0.000001 0.000001
0.027797 0.024884 0.021260 0.017423 0.013482 0.009457 0.005353 0.001173 0.000001 0.000001 0.000001 0.000001 0.000001 0.000001 0.000001 0.000001 0.000001 0.000001 0.000001 0.000001 0.000001 0.000001 0.000001 0.000001 0.000001 0.000001 0.000001 0.000001 0.000001 0.000001 0.000001 0.000001 0.000001 0.000001 0.000001 0.000001 0.000001 0.000001 0.000001 0.000001 0.000001 0.000001 0.000001 0.000001 0.000001 0.000001 0.000001 0.000001 0.000001 0.000001
0.029681 0.025024 0.020873 0.016792 0.012675 0.008490 0.004230 0.000001 0.000001 0.000001 0.000001 0.000001 0.000001 0.000001 0.000001 0.000001 0.000001 0.000001 0.000001 0.000001 0.000001 0.000001 0.000001 0.000001 0.000001 0.000001 0.000001 0.000001 0.000001 0.000001 0.000001 0.000001 0.000001 0.000001 0.000001 0.000001 0.000001 0.000001 0.000001 0.000001 0.000001 0.000001 0.000001 0.000001 0.000001 0.000001 0.000001 0.000001 0.000001 0.000001
0.029379 0.024935 0.020623 0.016331 0.012009 0.007635 0.003194 0.000001 0.000001 0.000001 0.000001 0.000001 0.000001 0.000001 0.000001 0.000001 0.000001 0.000001 0.000001 0.000001 0.000001 0.000001 0.000001 0.000001 0.000001 0.000001 0.000001 0.000001 0.000001 0.000001 0.000001 0.000001 0.000001 0.000001 0.000001 0.000001 0.000001 0.000001 0.000001 0.000001 0.000001 0.000001 0.000001 0.000001 0.000001 0.000001 0.000001 0.000001 0.000001 0.000001
0.028363 0.024609 0.020325 0.015895 0.011400 0.006848 0.002231 0.000001 0.000001 0.000001 0.000001 0.000001 0.000001 0.000001 0.000001 0.000001 0.000001 0.000001 0.000001 0.000001 0.000001 0.000001 0.000001 0.000001 0.000001 0.000001 0.000001 0.000001 0.000001 0.000001 0.000001 0.000001 0.000001 0.000001 0.000001 0.000001 0.000001 0.000001 0.000001 0.000001 0.000001 0.000001 0.000001 0.000001 0.000001 0.000001 0.000001 0.000001 0.000001 0.000001
0.028981 0.024313 0.019840 0.015324 0.010731 0.006056 0.001296 0.000001 0.000001 0.000001 0.000001 0.000001 0.000001 0.000001 0.000001 0.000001 0.000001 0.000001 0.000001 0.000001 0.000001 0.000001 0.000001 0.000001 0.000001 0.000001 0.000001 0.000001 0.000001 0.000001 0.000001 0.000001 0.000001 0.000001 0.000001 0.000001 0.000001 0.000001 0.000001 0.000001 0.000001 0.000001 0.000001 0.000001 0.000001 0.000001 0.000001 0.000001 0.000001 0.000001
0.028221 0.023804 0.019320 0.014751 0.010076 0.005292 0.000405 0.000001 0.000001 0.000001 0.000001 0.000001 0.000001 0.000001 0.000001 0.000001 0.000001 0.000001 0.000001 0.000001 0.000001 0.000001 0.000001 0.000001 0.000001 0.000001 0.000001 0.000001 0.000001 0.000001 0.000001 0.000001 0.000001 0.000001 0.000001 0.000001 0.000001 0.000001 0.000001 0.000001 0.000001 0.000001 0.000001 0.000001 0.000001 0.000001 0.000001 0.000001 0.000001 0.000001
0.027788 0.023588 0.019074 0.014381 0.009558 0.004619 0.000001 0.000001 0.000001 0.000001 0.000001 0.000001 0.000001 0.000001 0.000001 0.000001 0.000001 0.000001 0.000001 0.000001 0.000001 0.000001 0.000001 0.000001 0.000001 0.000001 0.000001 0.000001 0.000001 0.000001 0.000001 0.000001 0.000001 0.000001 0.000001 0.000001 0.000001 0.000001 0.000001 0.000001 0.000001 0.000001 0.000001 0.000001 0.000001 0.000001 0.000001 0.000001 0.000001 0.000001
0.029065 0.024087 0.019140 0.014169 0.009131 0.004004 0.000001 0.000001 0.000001 0.000001 0.000001 0.000001 0.000001 0.000001 0.000001 0.000001 0.000001 0.000001 0.000001 0.000001 0.000001 0.000001 0.000001 0.000001 0.000001 0.000001 0.000001 0.000001 0.000001 0.000001 0.000001 0.000001 0.000001 0.000001 0.000001 0.000001 0.000001 0.000001 0.000001 0.000001 0.000001 0.000001 0.000001 0.000001 0.000001 0.000001 0.000001 0.000001 0.000001 0.000001
0.029150 0.023927 0.018889 0.013805 0.008630 0.003350 0.000001 0.000001 0.000001 0.000001 0.000001 0.000001 0.000001 0.000001 0.000001 0.000001 0.000001 0.000001 0.000001 0.000001 0.000001 0.000001 0.000001 0.000001 0.000001 0.000001 0.000001 0.000001 0.000001 0.000001 0.000001 0.000001 0.000001 0.000001 0.000001 0.000001 0.000001 0.000001 0.000001 0.000001 0.000001 0.000001 0.000001 0.000001 0.000001 0.000001 0.000001 0.000001 0.000001 0.000001
0.027364 0.023267 0.018435 0.013342 0.008076 0.002662 0.000001 0.000001 0.000001 0.000001 0.000001 0.000001 0.000001 0.000001 0.000001 0.000001 0.000001 0.000001 0.000001 0.000001 0.000001 0.000001 0.000001 0.000001 0.000001 0.000001 0.000001 0.000001 0.000001 0.000001 0.000001 0.000001 0.000001 0.000001 0.000001 0.000001 0.000001 0.000001 0.000001 0.000001 0.000001 0.000001 0.000001 0.000001 0.000001 0.000001 0.000001 0.000001 0.000001 0.000001
0.029263 0.023654 0.018422 0.013098 0.007628 0.002010 0.000001 0.000001 0.000001 0.000001 0.000001 0.000001 0.000001 0.000001 0.000001 0.000001 0.000001 0.000001 0.000001 0.000001 0.000001 0.000001 0.000001 0.000001 0.000001 0.000001 0.000001 0.000001 0.000001 0.000001 0.000001 0.000001 0.000001 0.000001 0.000001 0.000001 0.000001 0.000001 0.000001 0.000001 0.000001 0.000001 0.000001 0.000001 0.000001 0.000001 0.000001 0.000001 0.000001 0.000001
0.029714 0.024393 0.018717 0.013003 0.007221 0.001329 0.000001 0.000001 0.000001 0.000001 0.000001 0.000001 0.000001 0.000001 0.000001 0.000001 0.000001 0.000001 0.000001 0.000001 0.000001 0.000001 0.000001 0.000001 0.000001 0.000001 0.000001 0.000001 0.000001 0.000001 0.000001 0.000001 0.000001 0.000001 0.000001 0.000001 0.000001 0.000001 0.000001 0.000001 0.000001 0.000001 0.000001 0.000001 0.000001 0.000001 0.000001 0.000001 0.000001 0.000001
0.030240 0.024115 0.018356 0.012513 0.006531 0.000426 0.000001 0.000001 0.000001 0.000001 0.000001 0.000001 0.000001 0.000001 0.000001 0.000001 0.000001 0.000001 0.000001 0.000001 0.000001 0.000001 0.000001 0.000001 0.000001 0.000001 0.000001 0.000001 0.000001 0.000001 0.000001 0.000001 0.000001 0.000001 0.000001 0.000001 0.000001 0.000001 0.000001 0.000001 0.000001 0.000001 0.000001 0.000001 0.000001 0.000001 0.000001 0.000001 0.000001 0.000001
0.027853 0.023132 0.017547 0.011619 0.005471 0.000001 0.000001 0.000001 0.000001 0.000001 0.000001 0.000001 0.000001 0.000001 0.000001 0.000001 0.000001 0.000001 0.000001 0.000001 0.000001 0.000001 0.000001 0.000001 0.000001 0.000001 0.000001 0.000001 0.000001 0.000001 0.000001 0.000001 0.000001 0.000001 0.000001 0.000001 0.000001 0.000001 0.000001 0.000001 0.000001 0.000001 0.000001 0.000001 0.000001 0.000001 0.000001 0.000001 0.000001 0.000001
0.028894 0.022857 0.016788 0.010567 0.004175 0.000001 0.000001 0.000001 0.000001 0.000001 0.000001 0.000001 0.000001 0.000001 0.000001 0.000001 0.000001 0.000001 0.000001 0.000001 0.000001 0.000001 0.000001 0.000001 0.000001 0.000001 0.000001 0.000001 0.000001 0.000001 0.000001 0.000001 0.000001 0.000001 0.000001 0.000001 0.000001 0.000001 0.000001 0.000001 0.000001 0.000001 0.000001 0.000001 0.000001 0.000001 0.000001 0.000001 0.000001 0.000001
0.029674 0.022711 0.016104 0.009496 0.002799 0.000001 0.000001 0.000001 0.000001 0.000001 0.000001 0.000001 0.000001 0.000001 0.000001 0.000001 0.000001 0.000001 0.000001 0.000001 0.000001 0.000001 0.000001 0.000001 0.000001 0.000001 0.000001 0.000001 0.000001 0.000001 0.000001 0.000001 0.000001 0.000001 0.000001 0.000001 0.000001 0.000001 0.000001 0.000001 0.000001 0.000001 0.000001 0.000001 0.000001 0.000001 0.000001 0.000001 0.000001 0.000001
0.028216 0.021918 0.015165 0.008325 0.001402 0.000001 0.000001 0.000001 0.000001 0.000001 0.000001 0.000001 0.000001 0.000001 0.000001 0.000001 0.000001 0.000001 0.000001 0.000001 0.000001 0.000001 0.000001 0.000001 0.000001 0.000001 0.000001 0.000001 0.000001 0.000001 0.000001 0.000001 0.000001 0.000001 0.000001 0.000001 0.000001 0.000001 0.000001 0.000001 0.000001 0.000001 0.000001 0.000001 0.000001 0.000001 0.000001 0.000001 0.000001 0.000073
0.027107 0.020517 0.013918 0.007108 0.000126 0.000001 0.000001 0.000001 0.000001 0.000001 0.000001 0.000001 0.000001 0.000001 0.000001 0.000001 0.000001 0.000001 0.000001 0.000001 0.000001 0.000001 0.000001 0.000001 0.000001 0.000001 0.000001 0.000001 0.000001 0.000001 0.000001 0.000001 0.000001 0.000001 0.000001 0.000001 0.000001 0.000001 0.000001 0.000001 0.000001 0.000001 0.000001 0.000001 0.000001 0.000001 0.000001 0.000001 0.000002 0.000254
0.027228 0.020308 0.013372 0.006378 0.000001 0.000001 0.000001 0.000001 0.000001 0.000001 0.000001 0.000001 0.000001 0.000001 0.000001 0.000001 0.000001 0.000001 0.000001 0.000001 0.000001 0.000001 0.000001 0.000001 0.000001 0.000001 0.000001 0.000001 0.000001 0.000001 0.000001 0.000001 0.000001 0.000001 0.000001 0.000001 0.000001 0.000001 0.000001 0.000001 0.000001 0.000001 0.000001 0.000001 0.000001 0.000001 0.000001 0.000001 0.000034 0.000447
0.026300 0.019928 0.013171 0.006122 0.000001 0.000001 0.000001 0.000001 0.000001 0.000001 0.000001 0.000001 0.000001 0.000001 0.000001 0.000001 0.000001 0.000001 0.000001 0.000001 0.000001 0.000001 0.000001 0.000001 0.000001 0.000001 0.000001 0.000001 0.000001 0.000001 0.000001 0.000001 0.000001 0.000001 0.000001 0.000001 0.000001 0.000001 0.000001 0.000001 0.000001 0.000001 0.000001 0.000001 0.000001 0.000001 0.000001 0.000001 0.000053 0.000582
0.027694 0.020781 0.013592 0.006289 0.000001 0.000001 0.000001 0.000001 0.000001 0.000001 0.000001 0.000001 0.000001 0.000001 0.000001 0.000001 0.000001 0.000001 0.000001 0.000001 0.000001 0.000001 0.000001 0.000001 0.000001 0.000001 0.000001 0.000001 0.000001 0.000001 0.000001 0.000001 0.000001 0.000001 0.000001 0.000001 0.000001 0.000001 0.000001 0.000001 0.000001 0.000001 0.000001 0.000001 0.000001 0.000001 0.000001 0.000001 0.000030 0.000601
0.029087 0.021289 0.013863 0.006488 0.000001 0.000001 0.000001 0.000001 0.000001 0.000001 0.000001 0.000001 0.000001 0.000001 0.000001 0.000001 0.000001 0.000001 0.000001 0.000001 0.000001 0.000001 0.000001 0.000001 0.000001 0.000001 0.000001 0.000001 0.000001 0.000001 0.000001 0.000001 0.000001 0.000001 0.000001 0.000001 0.000001 0.000001 0.000001 0.000001 0.000001 0.000001 0.000001 0.000001 0.000001 0.000001 0.000001 0.000001 0.000001 0.000470
0.027729 0.020884 0.013820 0.006650 0.000001 0.000001 0.000001 0.000001 0.000001 0.000001 0.000001 0.000001 0.000001 0.000001 0.000001 0.000001 0.000001 0.000001 0.000001 0.000001 0.000001 0.000001 0.000001 0.000001 0.000001 0.000001 0.000001 0.000001 0.000001 0.000001 0.000001 0.000001 0.000001 0.000001 0.000001 0.000001 0.000001 0.000001 0.000001 0.000001 0.000001 0.000001 0.000001 0.000001 0.000001 0.000001 0.000001 0.000001 0.000001 0.000220
0.027477 0.020729 0.013894 0.006957 0.000001 0.000001 0.000001 0.000001 0.000001 0.000001 0.000001 0.000001 0.000001 0.000001 0.000001 0.000001 0.000001 0.000001 0.000001 0.000001 0.000001 0.000001 0.000001 0.000001 0.000001 0.000001 0.000001 0.000001 0.000001 0.000001 0.000001 0.000001 0.000001 0.000001 0.000001 0.000001 0.000001 0.000001 0.000001 0.000001 0.000001 0.000001 0.000001 0.000001 0.000001 0.000001 0.000001 0.000001 0.000001 0.000004
0.026919 0.020575 0.014055 0.007409 0.000647 0.000001 0.000001 0.000001 0.000001 0.000001 0.000001 0.000001 0.000001 0.000001 0.000001 0.000001 0.000001 0.000001 0.000001 0.000001 0.000001 0.000001 0.000001 0.000001 0.000001 0.000001 0.000001 0.000001 0.000001 0.000001 0.000001 0.000001 0.000001 0.000001 0.000001 0.000001 0.000001 0.000001 0.000001 0.000001 0.000001 0.000001 0.000001 0.000001 0.000001 0.000001 0.000001 0.000001 0.000001 0.000001
0.026764 0.020545 0.014306 0.007969 0.001512 0.000001 0.000001 0.000001 0.000001 0.000001 0.000001 0.000001 0.000001 0.000001 0.000001 0.000001 0.000001 0.000001 0.000001 0.000001 0.000001 0.000001 0.000001 0.000001 0.000001 0.000001 0.000001 0.000001 0.000001 0.000001 0.000001 0.000001 0.000001 0.000001 0.000001 0.000001 0.000001 0.000001 0.000001 0.000001 0.000001 0.000001 0.000001 0.000001 0.000001 0.000001 0.000001 0.000001 0.000001 0.000001
0.026268 0.020509 0.014630 0.008604 0.002456 0.000001 0.000001 0.000001 0.000001 0.000001 0.000001 0.000001 0.000001 0.000001 0.000001 0.000001 0.000001 0.000001 0.000001 0.000001 0.000001 0.000001 0.000001 0.000001 0.000001 0.000001 0.000001 0.000001 0.000001 0.000001 0.000001 0.000001 0.000001 0.000001 0.000001 0.000001 0.000001 0.000001 0.000001 0.000001 0.000001 0.000001 0.000001 0.000001 0.000001 0.000001 0.000001 0.000001 0.000001 0.000001
0.025793 0.020668 0.015046 0.009285 0.003448 0.000001 0.000001 0.000001 0.000001 0.000001 0.000001 0.000001 0.000001 0.000001 0.000001 0.000001 0.000001 0.000001 0.000001 0.000001 0.000001 0.000001 0.000001 0.000001 0.000001 0.000001 0.000001 0.000001 0.000001 0.000001 0.000001 0.000001 0.000001 0.000001 0.000001 0.000001 0.000001 0.000001 0.000001 0.000001 0.000001 0.000001 0.000001 0.000001 0.000001 0.000001 0.000001 0.000001 0.000001 0.000001
0.027372 0.021094 0.015485 0.010002 0.004523 0.000001 0.000001 0.000001 0.000001 0.000001 0.000001 0.000001 0.000001 0.000001 0.000001 0.000001 0.000001 0.000001 0.000001 0.000001 0.000001 0.000001 0.000001 0.000001 0.000001 0.000001 0.000001 0.000001 0.000001 0.000001 0.000001 0.000001 0.000001 0.000001 0.000001 0.000001 0.000001 0.000001 0.000001 0.000001 0.000001 0.000001 0.000001 0.000001 0.000001 0.000001 0.000001 0.000001 0.000001 0.000001
0.025397 0.020834 0.015874 0.010842 0.005788 0.000744 0.000001 0.000001 0.000001 0.000001 0.000001 0.000001 0.000001 0.000001 0.000001 0.000001 0.000001 0.000001 0.000001 0.000001 0.000001 0.000001 0.000001 0.000001 0.000001 0.000001 0.000001 0.000001 0.000001 0.000001 0.000001 0.000001 0.000001 0.000001 0.000001 0.000001 0.000001 0.000001 0.000001 0.000001 0.000001 0.000001 0.000001 0.000001 0.000001 0.000001 0.000001 0.000001 0.000001 0.000001
0.025623 0.021093 0.016512 0.011907 0.007296 0.002681 0.000001 0.000001 0.000001 0.000001 0.000001 0.000001 0.000001 0.000001 0.000001 0.000001 0.000001 0.000001 0.000001 0.000001 0.000001 0.000001 0.000001 0.000001 0.000001 0.000001 0.000001 0.000001 0.000001 0.000001 0.000001 0.000001 0.000001 0.000001 0.000001 0.000001 0.000001 0.000001 0.000001 0.000001 0.000001 0.000001 0.000001 0.000001 0.000001 0.000001 0.000001 0.000001 0.000001 0.000001
0.026531 0.021619 0.017273 0.013096 0.008969 0.004851 0.000874 0.000001 0.000001 0.000001 0.000001 0.000001 0.000001 0.000001 0.000001 0.000001 0.000001 0.000001 0.000001 0.000001 0.000001 0.000001 0.000001 0.000001 0.000001 0.000001 0.000001 0.000001 0.000001 0.000001 0.000001 0.000001 0.000001 0.000001 0.000001 0.000001 0.000001 0.000001 0.000001 0.000001 0.000001 0.000001 0.000001 0.000001 0.000001 0.000001 0.000001 0.000001 0.000001 0.000001
0.023416 0.020947 0.017697 0.014235 0.010700 0.007127 0.003534 0.000366 0.000001 0.000001 0.000001 0.000001 0.000001 0.000001 0.000001 0.000001 0.000001 0.000001 0.000001 0.000001 0.000001 0.000001 0.000001 0.000001 0.000001 0.000001 0.000001 0.000001 0.000001 0.000001 0.000001 0.000001 0.000001 0.000001 0.000001 0.000001 0.000001 0.000001 0.000001 0.000001 0.000001 0.000001 0.000001 0.000001 0.000001 0.000001 0.000001 0.000001 0.000001 0.000001
0.025382 0.021628 0.018549 0.015547 0.012520 0.009457 0.006362 0.003284 0.000705 0.000001 0.000001 0.000001 0.000001 0.000001 0.000001 0.000001 0.000001 0.000001 0.000001 0.000001 0.000001 0.000001 0.000001 0.000001 0.000001 0.000001 0.000001 0.000001 0.000001 0.000001 0.000001 0.000001 0.000001 0.000001 0.000001 0.000001 0.000001 0.000001 0.000001 0.000001 0.000001 0.000001 0.000001 0.000001 0.000001 0.000001 0.000001 0.000001 0.000001 0.000001
0.023386 0.021834 0.019475 0.016950 0.014376 0.011772 0.009139 0.006483 0.003871 0.001609 0.000001 0.000001 0.000001 0.000001 0.000001 0.000001 0.000001 0.000001 0.000001 0.000001 0.000001 0.000001 0.000001 0.000001 0.000001 0.000001 0.000001 0.000001 0.000001 0.000001 0.000001 0.000001 0.000001 0.000001 0.000001 0.000001 0.000001 0.000001 0.000001 0.000001 0.000001 0.000001 0.000001 0.000001 0.000001 0.000001 0.000001 0.000001 0.000001 0.000001
0.025854 0.022847 0.020528 0.018342 0.016168 0.013979 0.011766 0.009527 0.007269 0.005046 0.002993 0.001371 0.000162 0.000001 0.000001 0.000001 0.000001 0.000001 0.000001 0.000001 0.000001 0.000001 0.000001 0.000001 0.000001 0.000001 0.000001 0.000001 0.000001 0.000001 0.000001 0.000001 0.000001 0.000001 0.000001 0.000001 0.000001 0.000001 0.000001 0.000001 0.000001 0.000001 0.000001 0.000001 0.000001 0.000001 0.000001 0.000001 0.000001 0.000001
0.024361 0.023008 0.021347 0.019601 0.017816 0.016002 0.014161 0.012295 0.010401 0.008490 0.006594 0.004783 0.003145 0.001793 0.000779 0.000001 0.000001 0.000001 0.000001 0.000001 0.000001 0.000001 0.000001 0.000001 0.000001 0.000001 0.000001 0.000001 0.000001 0.000001 0.000001 0.000001 0.000001 0.000001 0.000001 0.000001 0.000001 0.000001 0.000001 0.000001 0.000001 0.000001 0.000001 0.000001 0.000001 0.000001 0.000001 0.000001 0.000001 0.000001
0.024631 0.023517 0.022169 0.020741 0.019273 0.017778 0.016257 0.014710 0.013137 0.011540 0.009924 0.008307 0.006724 0.005215 0.003841 0.002608 0.001617 0.000847 0.000205 0.000001 0.000001 0.000001 0.000001 0.000001 0.000001 0.000001 0.000001 0.000001 0.000001 0.000001 0.000001 0.000001 0.000001 0.000001 0.000001 0.000001 0.000001 0.000001 0.000001 0.000001 0.000001 0.000001 0.000001 0.000001 0.000001 0.000001 0.000001 0.000001 0.000001 0.000001
0.025934 0.024208 0.022909 0.021691 0.020476 0.019243 0.017990 0.016715 0.015416 0.014094 0.012749 0.011385 0.010010 0.008641 0.007302 0.006016 0.004806 0.003707 0.002715 0.001850 0.001178 0.000622 0.000140 0.000001 0.000001 0.000001 0.000001 0.000001 0.000001 0.000001 0.000001 0.000001 0.000001 0.000001 0.000001 0.000001 0.000001 0.000001 0.000001 0.000001 0.000001 0.000001 0.000001 0.000001 0.000001 0.000001 0.000001 0.000001 0.000001 0.000001
0.024561 0.024133 0.023284 0.022331 0.021347 0.020343 0.019321 0.018278 0.017214 0.016129 0.015021 0.013891 0.012741 0.011577 0.010406 0.009240 0.008091 0.006976 0.005908 0.004894 0.003960 0.003110 0.002335 0.001653 0.001115 0.000662 0.000265 0.000001 0.000001 0.000001 0.000001 0.000001 0.000001 0.000001 0.000001 0.000001 0.000001 0.000001 0.000001 0.000001 0.000001 0.000001 0.000001 0.000001 0.000001 0.000001 0.000001 0.000001 0.000001 0.000001
0.025351 0.024294 0.023446 0.022655 0.021869 0.021070 0.020252 0.019413 0.018552 0.017670 0.016765 0.015840 0.014893 0.013926 0.012943 0.011948 0.010945 0.009943 0.008950 0.007974 0.007024 0.006111 0.005238 0.004409 0.003641 0.002939 0.002294 0.001699 0.001214 0.000813 0.000463 0.000147 0.000001 0.000001 0.000001 0.000001 0.000001 0.000001 0.000001 0.000001 0.000001 0.000001 0.000001 0.000001 0.000001 0.000001 0.000001 0.000001 0.000001 0.000001
0.024490 0.023741 0.023209 0.022673 0.022101 0.021494 0.020856 0.020192 0.019503 0.018791 0.018058 0.017303 0.016529 0.015734 0.014921 0.014091 0.013246 0.012390 0.011526 0.010660 0.009795 0.008938 0.008095 0.007270 0.006467 0.005695 0.004957 0.004251 0.003586 0.002974 0.002409 0.001884 0.001405 0.001016 0.000687 0.000395 0.000127 0.000001 0.000001 0.000001 0.000001 0.000001 0.000001 0.000001 0.000001 0.000001 0.000001 0.000001 0.000001 0.000001
0.022175 0.023037 0.022977 0.022653 0.022232 0.021762 0.021258 0.020727 0.020172 0.019595 0.018998 0.018382 0.017747 0.017093 0.016422 0.015735 0.015031 0.014313 0.013582 0.012840 0.012090 0.011335 0.010579 0.009824 0.009074 0.008334 0.007605 0.006892 0.006197 0.005525 0.004880 0.004261 0.003668 0.003112 0.002597 0.002120 0.001672 0.001260 0.000925 0.000638 0.000383 0.000148 0.000001 0.000001 0.000001 0.000001 0.000001 0.000001 0.000001 0.000001
0.025572 0.023954 0.023277 0.022821 0.022410 0.021997 0.021569 0.021125 0.020663 0.020184 0.019688 0.019176 0.018648 0.018105 0.017547 0.016974 0.016386 0.015785 0.015171 0.014544 0.013906 0.013259 0.012603 0.011941 0.011276 0.010608 0.009941 0.009278 0.008619 0.007968 0.007327 0.006699 0.006084 0.005485 0.004907 0.004350 0.003816 0.003302 0.002818 0.002368 0.001949 0.001555 0.001186 0.000881 0.000622 0.000391 0.000179 0.000001 0.000001 0.000001
0.023318 0.023583 0.023317 0.022964 0.022597 0.022223 0.021840 0.021447 0.021044 0.020630 0.020205 0.019768 0.019319 0.018859 0.018387 0.017902 0.017407 0.016899 0.016379 0.015849 0.015307 0.014755 0.014194 0.013624 0.013046 0.012462 0.011873 0.011281 0.010686 0.010091 0.009497 0.008906 0.008320 0.007739 0.007166 0.006602 0.006050 0.005509 0.004982 0.004472 0.003980 0.003507 0.003050 0.002617 0.002213 0.001836 0.001481 0.001144 0.000857 0.000616
0.024381 0.023767 0.023442 0.023120 0.022779 0.022428 0.022071 0.021710 0.021345 0.020974 0.020598 0.020214 0.019823 0.019423 0.019015 0.018598 0.018171 0.017736 0.017291 0.016837 0.016373 0.015901 0.015419 0.014929 0.014430 0.013924 0.013411 0.012892 0.012368 0.011840 0.011308 0.010773 0.010238 0.009702 0.009168 0.008636 0.008107 0.007583 0.007064 0.006552 0.006049 0.005555 0.005071 0.004599 0.004140 0.003697 0.003269 0.002857 0.002461 0.002091
0.023562 0.023849 0.023609 0.023271 0.022922 0.022578 0.022240 0.021904 0.021568 0.021231 0.020892 0.020548 0.020199 0.019844 0.019484 0.019117 0.018744 0.018363 0.017976 0.017581 0.017179 0.016769 0.016351 0.015927 0.015494 0.015055 0.014609 0.014156 0.013697 0.013233 0.012763 0.012289 0.011811 0.011330 0.010846 0.010361 0.009875 0.009388 0.008903 0.008419 0.007937 0.007459 0.006985 0.006516 0.006053 0.005598 0.005150 0.004711 0.004281 0.003863
0.025789 0.024392 0.023732 0.023301 0.022951 0.022632 0.022324 0.022020 0.021716 0.021410 0.021102 0.020790 0.020475 0.020155 0.019831 0.019503 0.019170 0.018831 0.018488 0.018138 0.017783 0.017422 0.017056 0.016683 0.016304 0.015919 0.015528 0.015131 0.014728 0.014320 0.013906 0.013487 0.013064 0.012636 0.012205 0.011769 0.011331 0.010891 0.010448 0.010004 0.009559 0.009114 0.008670 0.008226 0.007784 0.007345 0.006908 0.006476 0.006047 0.005624
0.023390 0.023445 0.023287 0.023077 0.022845 0.022598 0.022340 0.022074 0.021802 0.021525 0.021244 0.020959 0.020671 0.020379 0.020084 0.019786 0.019484 0.019177 0.018867 0.018553 0.018235 0.017912 0.017585 0.017252 0.016915 0.016574 0.016227 0.015875 0.015518 0.015157 0.014790 0.014419 0.014044 0.013664 0.013279 0.012891 0.012499 0.012103 0.011705 0.011303 0.010900 0.010494 0.010086 0.009678 0.009268 0.008858 0.008449 0.008040 0.007632 0.007225
0.022344 0.022842 0.022980 0.022925 0.022774 0.022573 0.022347 0.022106 0.021855 0.021599 0.021338 0.021074 0.020807 0.020537 0.020265 0.019990 0.019712 0.019431 0.019147 0.018860 0.018570 0.018277 0.017980 0.017679 0.017375 0.017067 0.016755 0.016439 0.016120 0.015796 0.015468 0.015136 0.014800 0.014460 0.014116 0.013769 0.013418 0.013063 0.012705 0.012343 0.011979 0.011612 0.011242 0.010871 0.010497 0.010121 0.009744 0.009366 0.008987 0.008608
0.023695 0.023513 0.023303 0.023082 0.022853 0.022617 0.022378 0.022136 0.021892 0.021646 0.021398 0.021149 0.020898 0.020645 0.020390 0.020134 0.019875 0.019614 0.019351 0.019085 0.018817 0.018547 0.018274 0.017998 0.017719 0.017437 0.017153 0.016865 0.016575 0.016281 0.015984 0.015683 0.015379 0.015072 0.014762 0.014449 0.014132 0.013812 0.013489 0.013163 0.012834 0.012502 0.012167 0.011830 0.011490 0.011149 0.010805 0.010459 0.010111 0.009762
0.025249 0.024255 0.023673 0.023265 0.022940 0.022658 0.022398 0.022150 0.021909 0.021670 0.021433 0.021195 0.020957 0.020717 0.020477 0.020235 0.019991 0.019745 0.019498 0.019249 0.018999 0.018746 0.018491 0.018234 0.017975 0.017714 0.017451 0.017185 0.016918 0.016647 0.016374 0.016099 0.015821 0.015541 0.015257 0.014972 0.014683 0.014392 0.014098 0.013802 0.013503 0.013202 0.012898 0.012591 0.012282 0.011971 0.011658 0.011342 0.011025 0.010705
0.024078 0.023817 0.023464 0.023144 0.022861 0.022605 0.022363 0.022130 0.021901 0.021675 0.021448 0.021222 0.020994 0.020766 0.020536 0.020305 0.020073 0.019839 0.019604 0.019368 0.019131 0.018892 0.018651 0.018409 0.018166 0.017920 0.017674 0.017425 0.017175 0.016923 0.016670 0.016414 0.016157 0.015897 0.015636 0.015373 0.015107 0.014840 0.014570 0.014298 0.014024 0.013748 0.013470 0.013190 0.012907 0.012623 0.012336 0.012048 0.011758 0.011465
0.023298 0.023083 0.022977 0.022844 0.022680 0.022496 0.022299 0.022095 0.021885 0.021672 0.021456 0.021239 0.021020 0.020799 0.020577 0.020355 0.020131 0.019906 0.019680 0.019454 0.019226 0.018998 0.018768 0.018538 0.018306 0.018073 0.017840 0.017605 0.017369 0.017132 0.016893 0.016653 0.016412 0.016170 0.015926 0.015680 0.015433 0.015185 0.014935 0.014683 0.014430 0.014175 0.013918 0.013659 0.013399 0.013138 0.012874 0.012609 0.012342 0.012074
0.021939 0.022600 0.022740 0.022712 0.022605 0.022455 0.022279 0.022087 0.021886 0.021678 0.021467 0.021254 0.021039 0.020823 0.020607 0.020389 0.020171 0.019953 0.019734 0.019515 0.019295 0.019074 0.018853 0.018631 0.018409 0.018187 0.017963 0.017739 0.017514 0.017289 0.017062 0.016835 0.016607 0.016378 0.016148 0.015917 0.015685 0.015452 0.015218 0.014983 0.014746 0.014508 0.014269 0.014029 0.013788 0.013545 0.013301 0.013055 0.012808 0.012560
0.024153 0.023372 0.023108 0.022921 0.022733 0.022535 0.022330 0.022120 0.021908 0.021695 0.021481 0.021267 0.021053 0.020839 0.020625 0.020412 0.020198 0.019984 0.019770 0.019556 0.019342 0.019128 0.018914 0.018700 0.018485 0.018270 0.018055 0.017840 0.017624 0.017408 0.017192 0.016975 0.016757 0.016539 0.016321 0.016102 0.015882 0.015662 0.015441 0.015219 0.014996 0.014773 0.014548 0.014323 0.014097 0.013870 0.013642 0.013413 0.013183 0.012952
0.023355 0.023737 0.023510 0.023199 0.022904 0.022636 0.022387 0.022152 0.021925 0.021703 0.021486 0.021270 0.021057 0.020844 0.020632 0.020422 0.020211 0.020001 0.019792 0.019583 0.019374 0.019166 0.018957 0.018749 0.018541 0.018333 0.018125 0.017917 0.017709 0.017501 0.017293 0.017084 0.016876 0.016667 0.016458 0.016249 0.016040 0.015830 0.015620 0.015409 0.015198 0.014987 0.014774 0.014562 0.014348 0.014135 0.013920 0.013705 0.013489 0.013272
0.025899 0.024393 0.023677 0.023230 0.022895 0.022615 0.022363 0.022128 0.021903 0.021683 0.021468 0.021256 0.021045 0.020836 0.020628 0.020420 0.020214 0.020008 0.019803 0.019599 0.019395 0.019191 0.018988 0.018786 0.018583 0.018381 0.018180 0.017978 0.017777 0.017576 0.017375 0.017174 0.016974 0.016773 0.016572 0.016372 0.016171 0.015970 0.015769 0.015568 0.015367 0.015165 0.014963 0.014761 0.014558 0.014356 0.014152 0.013949 0.013744 0.013540
0.023238 0.023175 0.023021 0.022843 0.022653 0.022456 0.022253 0.022049 0.021843 0.021637 0.021431 0.021226 0.021021 0.020817 0.020614 0.020411 0.020209 0.020008 0.019808 0.019608 0.019409 0.019210 0.019012 0.018815 0.018618 0.018422 0.018226 0.018031 0.017836 0.017641 0.017447 0.017253 0.017059 0.016865 0.016672 0.016479 0.016285 0.016092 0.015899 0.015706 0.015513 0.015320 0.015127 0.014934 0.014741 0.014547 0.014353 0.014159 0.013965 0.013771
0.021292 0.022159 0.022466 0.022516 0.022445 0.022314 0.022152 0.021972 0.021783 0.021589 0.021392 0.021194 0.020995 0.020796 0.020598 0.020400 0.020203 0.020006 0.019811 0.019616 0.019421 0.019228 0.019035 0.018843 0.018652 0.018461 0.018271 0.018081 0.017892 0.017703 0.017515 0.017327 0.017139 0.016952 0.016765 0.016578 0.016392 0.016206 0.016020 0.015834 0.015648 0.015462 0.015277 0.015091 0.014906 0.014720 0.014535 0.014349 0.014163 0.013978
0.023090 0.022934 0.022789 0.022644 0.022487 0.022316 0.022136 0.021948 0.021757 0.021562 0.021367 0.021171 0.020976 0.020780 0.020586 0.020392 0.020199 0.020008 0.019817 0.019627 0.019437 0.019249 0.019062 0.018875 0.018689 0.018503 0.018318 0.018134 0.017951 0.017767 0.017585 0.017403 0.017221 0.017039 0.016858 0.016678 0.016497 0.016317 0.016137 0.015958 0.015778 0.015599 0.015420 0.015241 0.015063 0.014884 0.014705 0.014527 0.014348 0.014170
0.024996 0.023848 0.023283 0.022921 0.022641 0.022398 0.022175 0.021962 0.021756 0.021554 0.021355 0.021159 0.020964 0.020772 0.020581 0.020391 0.020203 0.020016 0.019830 0.019645 0.019461 0.019278 0.019096 0.018915 0.018734 0.018554 0.018374 0.018195 0.018017 0.017839 0.017662 0.017485 0.017308 0.017132 0.016957 0.016781 0.016606 0.016432 0.016257 0.016083 0.015910 0.015736 0.015563 0.015390 0.015217 0.015044 0.014872 0.014699 0.014527 0.014355
0.023270 0.023470 0.023247 0.022955 0.022674 0.022417 0.022179 0.021957 0.021745 0.021541 0.021343 0.021148 0.020957 0.020769 0.020583 0.020399 0.020216 0.020035 0.019855 0.019675 0.019497 0.019319 0.019143 0.018967 0.018791 0.018616 0.018442 0.018268 0.018095 0.017922 0.017750 0.017578 0.017406 0.017235 0.017064 0.016893 0.016723 0.016553 0.016384 0.016215 0.016046 0.015877 0.015709 0.015541 0.015373 0.015205 0.015038 0.014871 0.014704 0.014537
0.023835 0.023326 0.023024 0.022773 0.022540 0.022318 0.022106 0.021901 0.021703 0.021510 0.021321 0.021136 0.020954 0.020773 0.020595 0.020418 0.020242 0.020068 0.019894 0.019721 0.019548 0.019376 0.019205 0.019034 0.018864 0.018694 0.018524 0.018355 0.018187 0.018018 0.017850 0.017682 0.017515 0.017348 0.017182 0.017015 0.016849 0.016684 0.016518 0.016353 0.016189 0.016024 0.015860 0.015696 0.015533 0.015370 0.015207 0.015044 0.014882 0.014720
0.022994 0.022761 0.022611 0.022468 0.022315 0.022152 0.021984 0.021814 0.021642 0.021471 0.021300 0.021130 0.020960 0.020791 0.020623 0.020455 0.020287 0.020120 0.019952 0.019785 0.019619 0.019452 0.019286 0.019120 0.018954 0.018789 0.018623 0.018458 0.018293 0.018129 0.017964 0.017800 0.017637 0.017473 0.017310 0.017148 0.016985 0.016823 0.016661 0.016500 0.016339 0.016178 0.016017 0.015857 0.015698 0.015538 0.015379 0.015220 0.015062 0.014904
0.021768 0.022210 0.022288 0.022241 0.022145 0.022025 0.021893 0.021753 0.021608 0.021458 0.021305 0.021151 0.020994 0.020836 0.020677 0.020518 0.020357 0.020196 0.020035 0.019873 0.019711 0.019549 0.019386 0.019224 0.019062 0.018900 0.018738 0.018576 0.018414 0.018252 0.018091 0.017930 0.017769 0.017609 0.017449 0.017289 0.017129 0.016970 0.016811 0.016653 0.016495 0.016337 0.016179 0.016023 0.015866 0.015710 0.015554 0.015399 0.015244 0.015089
0.022897 0.022553 0.022377 0.022251 0.022137 0.022022 0.021902 0.021776 0.021645 0.021508 0.021366 0.021221 0.021073 0.020922 0.020769 0.020614 0.020458 0.020301 0.020143 0.019984 0.019825 0.019665 0.019505 0.019345 0.019185 0.019025 0.018865 0.018705 0.018546 0.018386 0.018227 0.018068 0.017909 0.017751 0.017593 0.017435 0.017278 0.017121 0.016965 0.016809 0.016653 0.016498 0.016343 0.016189 0.016036 0.015882 0.015729 0.015577 0.015425 0.015274
0.023222 0.022774 0.022555 0.022407 0.022281 0.022160 0.022037 0.021910 0.021777 0.021639 0.021497 0.021352 0.021203 0.021052 0.020899 0.020744 0.020588 0.020431 0.020273 0.020115 0.019956 0.019796 0.019637 0.019478 0.019318 0.019159 0.019000 0.018841 0.018682 0.018524 0.018366 0.018208 0.018051 0.017895 0.017738 0.017582 0.017427 0.017272 0.017118 0.016964 0.016811 0.016658 0.016506 0.016354 0.016203 0.016052 0.015902 0.015752 0.015603 0.015455
0.022330 0.022738 0.022756 0.022673 0.022556 0.022425 0.022286 0.022142 0.021993 0.021842 0.021688 0.021532 0.021375 0.021217 0.021057 0.020897 0.020737 0.020576 0.020415 0.020254 0.020093 0.019933 0.019772 0.019612 0.019452 0.019292 0.019133 0.018974 0.018816 0.018658 0.018501 0.018345 0.018189 0.018033 0.017878 0.017724 0.017570 0.017417 0.017265 0.017113 0.016962 0.016811 0.016661 0.016512 0.016363 0.016215 0.016068 0.015921 0.015775 0.015629
0.023993 0.023456 0.023259 0.023104 0.022942 0.022772 0.022598 0.022422 0.022247 0.022073 0.021900 0.021728 0.021557 0.021387 0.021218 0.021051 0.020883 0.020717 0.020551 0.020387 0.020223 0.020059 0.019897 0.019735 0.019574 0.019414 0.019254 0.019095 0.018937 0.018780 0.018624 0.018468 0.018313 0.018159 0.018006 0.017853 0.017701 0.017550 0.017400 0.017250 0.017101 0.016953 0.016806 0.016659 0.016513 0.016368 0.016223 0.016079 0.015936 0.015793
0.023584 0.023902 0.023774 0.023553 0.023320 0.023093 0.022876 0.022666 0.022464 0.022268 0.022078 0.021891 0.021708 0.021527 0.021350 0.021174 0.021001 0.020830 0.020660 0.020492 0.020325 0.020160 0.019996 0.019833 0.019671 0.019511 0.019351 0.019193 0.019036 0.018880 0.018725 0.018570 0.018417 0.018265 0.018113 0.017963 0.017813 0.017665 0.017517 0.017370 0.017224 0.017078 0.016934 0.016790 0.016647 0.016505 0.016364 0.016223 0.016083 0.015944
0.025684 0.024711 0.024182 0.023812 0.023512 0.023250 0.023010 0.022786 0.022573 0.022367 0.022169 0.021975 0.021786 0.021601 0.021420 0.021241 0.021065 0.020891 0.020720 0.020551 0.020384 0.020218 0.020054 0.019892 0.019732 0.019572 0.019414 0.019258 0.019103 0.018949 0.018796 0.018644 0.018493 0.018344 0.018195 0.018048 0.017901 0.017756 0.017611 0.017468 0.017325 0.017183 0.017042 0.016902 0.016762 0.016624 0.016486 0.016349 0.016213 0.016077
0.024588 0.024218 0.023904 0.023633 0.023388 0.023161 0.022944 0.022736 0.022533 0.022336 0.022143 0.021954 0.021769 0.021587 0.021407 0.021231 0.021058 0.020886 0.020718 0.020551 0.020386 0.020224 0.020063 0.019904 0.019746 0.019590 0.019436 0.019283 0.019131 0.018981 0.018832 0.018684 0.018537 0.018392 0.018247 0.018104 0.017961 0.017820 0.017679 0.017540 0.017401 0.017264 0.017127 0.016991 0.016856 0.016721 0.016588 0.016455 0.016323 0.016192
0.022928 0.023251 0.023271 0.023181 0.023043 0.022884 0.022713 0.022536 0.022358 0.022180 0.022002 0.021825 0.021651 0.021478 0.021308 0.021140 0.020973 0.020809 0.020647 0.020487 0.020328 0.020172 0.020017 0.019864 0.019712 0.019562 0.019413 0.019265 0.019119 0.018974 0.018831 0.018688 0.018547 0.018406 0.018267 0.018129 0.017992 0.017855 0.017720 0.017586 0.017452 0.017319 0.017188 0.017057 0.016926 0.016797 0.016668 0.016540 0.016413 0.016287
0.023124 0.022924 0.022861 0.022783 0.022675 0.022544 0.022399 0.022246 0.022089 0.021929 0.021768 0.021607 0.021447 0.021288 0.021130 0.020973 0.020818 0.020665 0.020513 0.020362 0.020213 0.020065 0.019919 0.019774 0.019630 0.019488 0.019346 0.019206 0.019067 0.018930 0.018793 0.018657 0.018522 0.018389 0.018256 0.018124 0.017993 0.017863 0.017734 0.017605 0.017477 0.017351 0.017224 0.017099 0.016974 0.016850 0.016727 0.016604 0.016482 0.016361
0.022615 0.022743 0.022638 0.022496 0.022350 0.022203 0.022057 0.021910 0.021763 0.021617 0.021471 0.021325 0.021180 0.021036 0.020892 0.020749 0.020608 0.020467 0.020327 0.020188 0.020050 0.019913 0.019777 0.019642 0.019508 0.019375 0.019243 0.019112 0.018981 0.018852 0.018723 0.018596 0.018469 0.018342 0.018217 0.018092 0.017968 0.017845 0.017722 0.017601 0.017479 0.017359 0.017239 0.017120 0.017001 0.016883 0.016766 0.016649 0.016532 0.016417
0.023513 0.022779 0.022423 0.022186 0.021998 0.021834 0.021683 0.021541 0.021403 0.021269 0.021136 0.021005 0.020875 0.020745 0.020616 0.020488 0.020360 0.020233 0.020106 0.019980 0.019854 0.019729 0.019604 0.019480 0.019357 0.019234 0.019112 0.018990 0.018869 0.018749 0.018629 0.018509 0.018391 0.018273 0.018155 0.018038 0.017922 0.017806 0.017691 0.017576 0.017462 0.017348 0.017234 0.017122 0.017009 0.016898 0.016786 0.016675 0.016565 0.016455
0.021929 0.021996 0.021858 0.021696 0.021543 0.021402 0.021270 0.021144 0.021023 0.020904 0.020787 0.020671 0.020555 0.020440 0.020325 0.020211 0.020097 0.019982 0.019868 0.019754 0.019641 0.019527 0.019414 0.019301 0.019188 0.019075 0.018963 0.018851 0.018739 0.018628 0.018517 0.018407 0.018297 0.018187 0.018077 0.017968 0.017859 0.017751 0.017643 0.017535 0.017428 0.017321 0.017215 0.017108 0.017003 0.016897 0.016792 0.016687 0.016583 0.016479
0.021510 0.021317 0.021215 0.021127 0.021036 0.020941 0.020844 0.020745 0.020645 0.020545 0.020444 0.020343 0.020242 0.020141 0.020039 0.019937 0.019835 0.019733 0.019630 0.019527 0.019425 0.019322 0.019219 0.019116 0.019013 0.018910 0.018807 0.018705 0.018602 0.018500 0.018397 0.018295 0.018193 0.018091 0.017990 0.017888 0.017787 0.017686 0.017585 0.017484 0.017384 0.017284 0.017184 0.017084 0.016984 0.016885 0.016786 0.016687 0.016588 0.016490
0.020613 0.020625 0.020643 0.020630 0.020590 0.020532 0.020462 0.020385 0.020303 0.020218 0.020132 0.020044 0.019954 0.019864 0.019773 0.019682 0.019590 0.019497 0.019405 0.019311 0.019218 0.019124 0.019031 0.018937 0.018843 0.018749 0.018654 0.018560 0.018466 0.018371 0.018277 0.018182 0.018088 0.017993 0.017899 0.017805 0.017710 0.017616 0.017522 0.017428 0.017334 0.017240 0.017146 0.017052 0.016959 0.016865 0.016772 0.016678 0.016585 0.016492
0.019911 0.020276 0.020350 0.020335 0.020288 0.020229 0.020163 0.020092 0.020019 0.019942 0.019864 0.019784 0.019703 0.019620 0.019538 0.019454 0.019370 0.019285 0.019200 0.019115 0.019029 0.018943 0.018857 0.018771 0.018684 0.018597 0.018510 0.018423 0.018336 0.018249 0.018161 0.018074 0.017986 0.017898 0.017810 0.017722 0.017634 0.017546 0.017458 0.017370 0.017282 0.017193 0.017105 0.017017 0.016929 0.016841 0.016752 0.016664 0.016576 0.016488
0.021099 0.020579 0.020338 0.020199 0.020100 0.020017 0.019941 0.019867 0.019793 0.019719 0.019643 0.019567 0.019491 0.019413 0.019336 0.019257 0.019179 0.019100 0.019021 0.018942 0.018863 0.018783 0.018703 0.018623 0.018542 0.018462 0.018381 0.018300 0.018219 0.018137 0.018056 0.017974 0.017892 0.017810 0.017727 0.017645 0.017562 0.017480 0.017397 0.017314 0.017231 0.017148 0.017065 0.016981 0.016898 0.016814 0.016731 0.016647 0.016564 0.016480
0.020568 0.020295 0.020126 0.020013 0.019924 0.019843 0.019765 0.019688 0.019613 0.019537 0.019463 0.019388 0.019314 0.019239 0.019165 0.019091 0.019017 0.018943 0.018868 0.018794 0.018719 0.018645 0.018570 0.018495 0.018419 0.018344 0.018268 0.018192 0.018116 0.018039 0.017963 0.017886 0.017809 0.017731 0.017654 0.017576 0.017498 0.017420 0.017341 0.017263 0.017184 0.017105 0.017026 0.016947 0.016868 0.016789 0.016709 0.016629 0.016550 0.016470
0.019434 0.019696 0.019799 0.019801 0.019754 0.019686 0.019611 0.019534 0.019458 0.019383 0.019309 0.019236 0.019164 0.019092 0.019021 0.018951 0.018881 0.018810 0.018740 0.018670 0.018600 0.018529 0.018458 0.018387 0.018316 0.018245 0.018173 0.018101 0.018029 0.017957 0.017884 0.017811 0.017738 0.017665 0.017591 0.017517 0.017443 0.017368 0.017294 0.017219 0.017144 0.017068 0.016993 0.016917 0.016841 0.016765 0.016689 0.016613 0.016536 0.016459
0.019313 0.019738 0.019774 0.019714 0.019633 0.019549 0.019467 0.019389 0.019314 0.019241 0.019171 0.019102 0.019034 0.018967 0.018901 0.018834 0.018768 0.018702 0.018636 0.018569 0.018502 0.018436 0.018368 0.018301 0.018233 0.018165 0.018097 0.018029 0.017960 0.017890 0.017821 0.017751 0.017681 0.017611 0.017540 0.017469 0.017398 0.017326 0.017254 0.017182 0.017110 0.017038 0.016965 0.016892 0.016819 0.016745 0.016672 0.016598 0.016524 0.016450
0.021514 0.020313 0.019852 0.019628 0.019491 0.019393 0.019312 0.019241 0.019174 0.019110 0.019048 0.018986 0.018925 0.018864 0.018803 0.018741 0.018679 0.018617 0.018554 0.018491 0.018428 0.018364 0.018300 0.018236 0.018171 0.018105 0.018040 0.017974 0.017907 0.017840 0.017773 0.017706 0.017638 0.017570 0.017501 0.017433 0.017364 0.017294 0.017225 0.017155 0.017084 0.017014 0.016943 0.016872 0.016801 0.016730 0.016658 0.016586 0.016514 0.016442
0.019075 0.019378 0.019364 0.019305 0.019248 0.019196 0.019148 0.019100 0.019051 0.019001 0.018950 0.018897 0.018843 0.018788 0.018731 0.018674 0.018616 0.018558 0.018498 0.018438 0.018377 0.018316 0.018254 0.018191 0.018128 0.018065 0.018001 0.017937 0.017872 0.017807 0.017741 0.017675 0.017609 0.017543 0.017476 0.017408 0.017341 0.017273 0.017204 0.017136 0.017067 0.016998 0.016929 0.016859 0.016789 0.016719 0.016649 0.016578 0.016507 0.016436
0.018556 0.018750 0.018909 0.018998 0.019037 0.019045 0.019033 0.019008 0.018975 0.018936 0.018893 0.018847 0.018798 0.018747 0.018694 0.018639 0.018584 0.018527 0.018469 0.018411 0.018351 0.018291 0.018231 0.018169 0.018107 0.018045 0.017982 0.017918 0.017855 0.017790 0.017725 0.017660 0.017595 0.017529 0.017463 0.017396 0.017329 0.017262 0.017194 0.017127 0.017058 0.016990 0.016921 0.016852 0.016783 0.016714 0.016644 0.016574 0.016504 0.016434
