0.115488 0.117869 0.120859 0.124098 0.127490 0.131004 0.134631 0.138368 0.142219 0.146185 0.150271 0.154480 0.158816 0.163284 0.167888 0.172633 0.177523 0.182562 0.187755 0.193106 0.198620 0.204302 0.210156 0.216187 0.222401 0.228800 0.235392 0.242179 0.249168 0.256363 0.263769 0.271390 0.279231 0.287272 0.295487 0.303881 0.312456 0.321215 0.330160 0.339296 0.348624 0.358147 0.367869 0.377792 0.387919 0.398253 0.408796 0.419552 0.430523 0.441712
0.112603 0.117268 0.120881 0.124314 0.127768 0.131296 0.134919 0.138647 0.142484 0.146438 0.150511 0.154710 0.159037 0.163498 0.168095 0.172835 0.177720 0.182755 0.187944 0.193293 0.198805 0.204484 0.210337 0.216367 0.222579 0.228978 0.235568 0.242355 0.249344 0.256538 0.263944 0.271565 0.279406 0.287449 0.295667 0.304064 0.312642 0.321404 0.330352 0.339491 0.348821 0.358347 0.368072 0.377997 0.388127 0.398463 0.409009 0.419767 0.430740 0.441932
0.117253 0.118739 0.121703 0.124985 0.128381 0.131871 0.135460 0.139157 0.142968 0.146899 0.150953 0.155135 0.159448 0.163896 0.168484 0.173214 0.178092 0.183121 0.188306 0.193650 0.199159 0.204836 0.210686 0.216714 0.222924 0.229322 0.235911 0.242697 0.249685 0.256879 0.264284 0.271905 0.279746 0.287794 0.296019 0.304422 0.313005 0.321773 0.330727 0.339871 0.349207 0.358738 0.368468 0.378398 0.388533 0.398874 0.409425 0.420187 0.431165 0.442361
0.113589 0.119050 0.122608 0.125876 0.129187 0.132605 0.136142 0.139801 0.143583 0.147491 0.151526 0.155693 0.159993 0.164431 0.169010 0.173734 0.178606 0.183630 0.188811 0.194152 0.199657 0.205332 0.211181 0.217207 0.223416 0.229813 0.236401 0.243187 0.250174 0.257368 0.264773 0.272393 0.280234 0.288289 0.296523 0.304935 0.313527 0.322303 0.331266 0.340418 0.349762 0.359301 0.369038 0.378976 0.389118 0.399466 0.410024 0.420794 0.431778 0.442980
0.122194 0.121687 0.123843 0.126746 0.129942 0.133312 0.136823 0.140465 0.144235 0.148133 0.152161 0.156322 0.160618 0.165052 0.169629 0.174350 0.179221 0.184244 0.189424 0.194764 0.200270 0.205944 0.211793 0.217819 0.224029 0.230425 0.237014 0.243800 0.250787 0.257981 0.265386 0.273007 0.280848 0.288909 0.297155 0.305578 0.314182 0.322969 0.331942 0.341105 0.350459 0.360009 0.369756 0.379704 0.389855 0.400213 0.410780 0.421558 0.432552 0.443762
0.114488 0.120078 0.123755 0.127094 0.130440 0.133873 0.137417 0.141077 0.144861 0.148769 0.152806 0.156975 0.161278 0.165719 0.170300 0.175027 0.179902 0.184929 0.190112 0.195456 0.200964 0.206642 0.212492 0.218520 0.224731 0.231129 0.237719 0.244506 0.251494 0.258689 0.266095 0.273716 0.281558 0.289624 0.297884 0.306321 0.314938 0.323738 0.332725 0.341900 0.351267 0.360829 0.370588 0.380548 0.390711 0.401080 0.411658 0.422447 0.433451 0.444673
0.119184 0.121089 0.124178 0.127486 0.130881 0.134365 0.137950 0.141645 0.145457 0.149390 0.153449 0.157636 0.161955 0.166409 0.171003 0.175740 0.180624 0.185659 0.190850 0.196199 0.201713 0.207394 0.213248 0.219280 0.225494 0.231894 0.238486 0.245274 0.252264 0.259460 0.266867 0.274489 0.282332 0.290400 0.298675 0.307128 0.315760 0.324576 0.333577 0.342766 0.352148 0.361724 0.371497 0.381470 0.391646 0.402029 0.412619 0.423422 0.434439 0.445672
0.117209 0.121392 0.124704 0.127987 0.131371 0.134871 0.138484 0.142212 0.146055 0.150017 0.154101 0.158310 0.162648 0.167119 0.171727 0.176476 0.181370 0.186414 0.191612 0.196968 0.202487 0.208173 0.214032 0.220067 0.226284 0.232686 0.239281 0.246071 0.253062 0.260260 0.267668 0.275291 0.283135 0.291204 0.299492 0.307961 0.316610 0.325442 0.334459 0.343665 0.353062 0.362654 0.372442 0.382430 0.392622 0.403019 0.413624 0.424441 0.435472 0.446719
0.121294 0.122552 0.125298 0.128492 0.131887 0.135417 0.139064 0.142823 0.146693 0.150679 0.154783 0.159009 0.163361 0.167845 0.172463 0.177221 0.182123 0.187173 0.192376 0.197737 0.203260 0.208950 0.214811 0.220849 0.227068 0.233473 0.240069 0.246861 0.253854 0.261052 0.268462 0.276086 0.283931 0.292001 0.300297 0.308784 0.317451 0.326300 0.335334 0.344557 0.353971 0.363579 0.373384 0.383388 0.393596 0.404009 0.414630 0.425462 0.436509 0.447771
0.116775 0.121649 0.125398 0.128925 0.132455 0.136049 0.139731 0.143510 0.147395 0.151389 0.155499 0.159730 0.164086 0.168572 0.173193 0.177953 0.182856 0.187908 0.193113 0.198475 0.204000 0.209691 0.215554 0.221593 0.227813 0.234220 0.240817 0.247610 0.254604 0.261803 0.269213 0.276839 0.284684 0.292755 0.301054 0.309559 0.318244 0.327110 0.336163 0.345403 0.354835 0.364460 0.374283 0.384305 0.394529 0.404959 0.415597 0.426446 0.437509 0.448788
0.120105 0.122957 0.126296 0.129744 0.133255 0.136838 0.140507 0.144272 0.148142 0.152123 0.156220 0.160440 0.164787 0.169265 0.173879 0.178634 0.183533 0.188582 0.193785 0.199146 0.204669 0.210360 0.216223 0.222263 0.228484 0.234891 0.241489 0.248283 0.255277 0.262478 0.269889 0.277515 0.285361 0.293433 0.301733 0.310253 0.318956 0.327841 0.336911 0.346170 0.355619 0.365263 0.375103 0.385143 0.395386 0.405833 0.416489 0.427355 0.438435 0.449731
0.121385 0.124421 0.127553 0.130824 0.134212 0.137708 0.141311 0.145025 0.148853 0.152801 0.156872 0.161069 0.165398 0.169862 0.174466 0.179212 0.184105 0.189149 0.194349 0.199708 0.205231 0.210921 0.216785 0.222825 0.229047 0.235455 0.242055 0.248850 0.255846 0.263047 0.270459 0.278087 0.285934 0.294006 0.302307 0.310837 0.319558 0.328461 0.337550 0.346827 0.356295 0.365957 0.375815 0.385873 0.396133 0.406599 0.417272 0.428156 0.439253 0.450566
0.122609 0.125538 0.128584 0.131738 0.135014 0.138419 0.141950 0.145607 0.149393 0.153306 0.157351 0.161530 0.165844 0.170297 0.174893 0.179634 0.184525 0.189568 0.194767 0.200127 0.205652 0.211345 0.217210 0.223253 0.229478 0.235889 0.242491 0.249288 0.256286 0.263490 0.270903 0.278531 0.286379 0.294452 0.302753 0.311287 0.320026 0.328948 0.338055 0.347350 0.356836 0.366516 0.376392 0.386468 0.396746 0.407228 0.417919 0.428820 0.439934 0.451263
0.123045 0.126095 0.129051 0.132132 0.135358 0.138722 0.142223 0.145859 0.149628 0.153532 0.157571 0.161748 0.166063 0.170519 0.175119 0.179865 0.184762 0.189811 0.195017 0.200384 0.205914 0.211614 0.217485 0.223534 0.229763 0.236179 0.242784 0.249585 0.256586 0.263791 0.271206 0.278835 0.286684 0.294756 0.303056 0.311589 0.320344 0.329283 0.338407 0.347720 0.357223 0.366920 0.376814 0.386906 0.397201 0.407700 0.418407 0.429324 0.440453 0.451798
0.123928 0.125852 0.128701 0.131825 0.135101 0.138507 0.142043 0.145710 0.149509 0.153440 0.157505 0.161705 0.166043 0.170520 0.175139 0.179904 0.184817 0.189881 0.195101 0.200480 0.206022 0.211731 0.217611 0.223667 0.229903 0.236324 0.242934 0.249739 0.256742 0.263949 0.271364 0.278993 0.286840 0.294910 0.303208 0.311738 0.320499 0.329455 0.338596 0.347924 0.357443 0.367156 0.377065 0.387172 0.397482 0.407995 0.418716 0.429647 0.440790 0.452149
0.119108 0.123988 0.127585 0.130956 0.134362 0.137869 0.141492 0.145236 0.149102 0.153093 0.157211 0.161457 0.165835 0.170348 0.174998 0.179789 0.184725 0.189810 0.195048 0.200442 0.205997 0.211717 0.217606 0.223670 0.229912 0.236337 0.242950 0.249756 0.256760 0.263966 0.271379 0.279005 0.286848 0.294913 0.303204 0.311727 0.320486 0.329455 0.338610 0.347952 0.357484 0.367210 0.377131 0.387251 0.397573 0.408098 0.418831 0.429773 0.440927 0.452296
0.122546 0.123906 0.126696 0.129963 0.133443 0.137061 0.140793 0.144634 0.148585 0.152647 0.156825 0.161123 0.165544 0.170092 0.174773 0.179591 0.184549 0.189652 0.194904 0.200311 0.205876 0.211603 0.217498 0.223565 0.229809 0.236235 0.242847 0.249650 0.256650 0.263851 0.271257 0.278875 0.286709 0.294764 0.303045 0.311556 0.320302 0.329276 0.338441 0.347793 0.357335 0.367070 0.377001 0.387130 0.397460 0.407993 0.418734 0.429683 0.440844 0.452220
0.117874 0.121687 0.125311 0.128948 0.132640 0.136401 0.140237 0.144159 0.148173 0.152286 0.156505 0.160835 0.165283 0.169853 0.174552 0.179382 0.184351 0.189461 0.194719 0.200128 0.205694 0.211421 0.217313 0.223377 0.229615 0.236034 0.242638 0.249432 0.256420 0.263609 0.271003 0.278606 0.286425 0.294463 0.302726 0.311219 0.319945 0.328909 0.338080 0.347438 0.356985 0.366725 0.376660 0.386793 0.397127 0.407664 0.418408 0.429360 0.440524 0.451903
0.115740 0.120651 0.124765 0.128620 0.132412 0.136219 0.140079 0.144012 0.148030 0.152144 0.156361 0.160688 0.165131 0.169696 0.174387 0.179210 0.184170 0.189272 0.194519 0.199918 0.205472 0.211186 0.217065 0.223114 0.229337 0.235740 0.242327 0.249102 0.256072 0.263241 0.270613 0.278194 0.285989 0.294004 0.302241 0.310708 0.319408 0.328345 0.337511 0.346869 0.356417 0.366156 0.376091 0.386223 0.396556 0.407092 0.417834 0.428784 0.439945 0.451321
0.120171 0.122634 0.125873 0.129351 0.132938 0.136611 0.140370 0.144222 0.148174 0.152232 0.156400 0.160684 0.165089 0.169619 0.174278 0.179072 0.184004 0.189079 0.194300 0.199673 0.205202 0.210892 0.216746 0.222770 0.228967 0.235344 0.241904 0.248652 0.255594 0.262733 0.270076 0.277627 0.285390 0.293372 0.301576 0.310008 0.318673 0.327574 0.336715 0.346068 0.355609 0.365343 0.375271 0.385397 0.395723 0.406252 0.416986 0.427929 0.439082 0.450449
0.120944 0.124177 0.127267 0.130464 0.133803 0.137278 0.140880 0.144606 0.148453 0.152421 0.156513 0.160731 0.165077 0.169553 0.174164 0.178913 0.183803 0.188838 0.194022 0.199359 0.204852 0.210506 0.216326 0.222315 0.228478 0.234820 0.241345 0.248057 0.254962 0.262065 0.269369 0.276881 0.284605 0.292546 0.300708 0.309098 0.317718 0.326575 0.335673 0.345006 0.354536 0.364257 0.374174 0.384287 0.394600 0.405116 0.415837 0.426766 0.437906 0.449258
0.122854 0.125416 0.128225 0.131236 0.134420 0.137759 0.141243 0.144864 0.148619 0.152507 0.156526 0.160678 0.164964 0.169385 0.173945 0.178645 0.183489 0.188480 0.193620 0.198915 0.204367 0.209980 0.215759 0.221707 0.227829 0.234129 0.240612 0.247282 0.254144 0.261202 0.268461 0.275927 0.283603 0.291496 0.299609 0.307948 0.316517 0.325321 0.334365 0.343652 0.353164 0.362868 0.372766 0.382862 0.393157 0.403654 0.414356 0.425265 0.436385 0.447717
0.122880 0.125301 0.128161 0.131212 0.134400 0.137718 0.141167 0.144746 0.148457 0.152299 0.156273 0.160381 0.164623 0.169001 0.173518 0.178176 0.182978 0.187926 0.193025 0.198277 0.203687 0.209257 0.214993 0.220897 0.226974 0.233228 0.239664 0.246287 0.253100 0.260108 0.267316 0.274729 0.282352 0.290189 0.298246 0.306527 0.315037 0.323781 0.332764 0.341989 0.351457 0.361139 0.371015 0.381086 0.391357 0.401830 0.412507 0.423392 0.434485 0.445792
0.120047 0.123896 0.127220 0.130447 0.133720 0.137086 0.140561 0.144154 0.147867 0.151702 0.155664 0.159752 0.163971 0.168323 0.172811 0.177437 0.182204 0.187117 0.192178 0.197391 0.202759 0.208287 0.213979 0.219838 0.225868 0.232074 0.238461 0.245032 0.251792 0.258746 0.265898 0.273254 0.280817 0.288593 0.296588 0.304804 0.313248 0.321925 0.330839 0.339994 0.349394 0.359036 0.368883 0.378926 0.389167 0.399610 0.410257 0.421110 0.432173 0.443448
0.120440 0.123146 0.126105 0.129265 0.132567 0.135985 0.139508 0.143139 0.146877 0.150728 0.154695 0.158781 0.162991 0.167328 0.171795 0.176397 0.181136 0.186017 0.191044 0.196220 0.201549 0.207036 0.212683 0.218496 0.224478 0.230634 0.236968 0.243485 0.250188 0.257084 0.264176 0.271469 0.278968 0.286678 0.294604 0.302750 0.311122 0.319724 0.328562 0.337639 0.346961 0.356530 0.366337 0.376346 0.386553 0.396960 0.407572 0.418389 0.429415 0.440652
0.119623 0.121503 0.124465 0.127727 0.131118 0.134601 0.138172 0.141835 0.145595 0.149457 0.153428 0.157511 0.161711 0.166033 0.170481 0.175059 0.179771 0.184621 0.189613 0.194752 0.200041 0.205484 0.211086 0.216850 0.222782 0.228885 0.235164 0.241623 0.248266 0.255100 0.262127 0.269353 0.276783 0.284421 0.292273 0.300343 0.308636 0.317157 0.325912 0.334904 0.344139 0.353620 0.363350 0.373316 0.383484 0.393851 0.404422 0.415197 0.426181 0.437376
0.112747 0.118616 0.122603 0.126155 0.129634 0.133144 0.136720 0.140379 0.144130 0.147981 0.151936 0.156000 0.160179 0.164476 0.168897 0.173444 0.178123 0.182937 0.187890 0.192988 0.198232 0.203629 0.209181 0.214894 0.220771 0.226817 0.233037 0.239434 0.246013 0.252779 0.259737 0.266891 0.274246 0.281807 0.289579 0.297566 0.305774 0.314208 0.322872 0.331772 0.340912 0.350297 0.359931 0.369815 0.379935 0.390257 0.400781 0.411510 0.422446 0.433593
0.118412 0.119161 0.121846 0.124995 0.128306 0.131720 0.135229 0.138834 0.142539 0.146347 0.150262 0.154288 0.158429 0.162687 0.167068 0.171575 0.176211 0.180981 0.185888 0.190937 0.196132 0.201475 0.206973 0.212629 0.218446 0.224430 0.230585 0.236915 0.243424 0.250118 0.257001 0.264077 0.271352 0.278829 0.286515 0.294414 0.302530 0.310870 0.319437 0.328237 0.337275 0.346555 0.356083 0.365861 0.375890 0.386157 0.396630 0.407307 0.418191 0.429283
0.112674 0.117374 0.120619 0.123719 0.126908 0.130213 0.133632 0.137162 0.140801 0.144549 0.148408 0.152381 0.156470 0.160677 0.165007 0.169463 0.174048 0.178765 0.183618 0.188611 0.193748 0.199033 0.204470 0.210062 0.215814 0.221729 0.227814 0.234071 0.240504 0.247120 0.253922 0.260914 0.268102 0.275490 0.283084 0.290887 0.298905 0.307143 0.315606 0.324299 0.333227 0.342394 0.351806 0.361467 0.371381 0.381547 0.391955 0.402576 0.413401 0.424434
0.116078 0.116749 0.119187 0.122103 0.125215 0.128457 0.131814 0.135281 0.138858 0.142545 0.146345 0.150260 0.154291 0.158442 0.162714 0.167112 0.171638 0.176296 0.181088 0.186020 0.191093 0.196312 0.201681 0.207203 0.212883 0.218725 0.224733 0.230911 0.237263 0.243794 0.250508 0.257411 0.264506 0.271798 0.279292 0.286993 0.294906 0.303036 0.311387 0.319966 0.328775 0.337822 0.347110 0.356644 0.366430 0.376470 0.386765 0.397306 0.408069 0.419037
0.108663 0.113353 0.116800 0.119984 0.123157 0.126392 0.129717 0.133140 0.136667 0.140302 0.144047 0.147906 0.151879 0.155971 0.160184 0.164521 0.168985 0.173579 0.178306 0.183170 0.188174 0.193323 0.198619 0.204066 0.209669 0.215431 0.221356 0.227449 0.233713 0.240154 0.246775 0.253581 0.260577 0.267767 0.275156 0.282748 0.290549 0.298563 0.306796 0.315252 0.323937 0.332854 0.342011 0.351410 0.361058 0.370958 0.381115 0.391528 0.402193 0.413093
0.109223 0.111862 0.114764 0.117778 0.120880 0.124072 0.127357 0.130740 0.134223 0.137811 0.141507 0.145312 0.149231 0.153265 0.157418 0.161693 0.166093 0.170621 0.175280 0.180073 0.185005 0.190078 0.195297 0.200665 0.206185 0.211862 0.217700 0.223702 0.229874 0.236218 0.242741 0.249445 0.256335 0.263416 0.270693 0.278171 0.285853 0.293745 0.301853 0.310180 0.318732 0.327513 0.336530 0.345787 0.355288 0.365039 0.375044 0.385308 0.395831 0.406611
0.108504 0.110005 0.112505 0.115357 0.118379 0.121519 0.124762 0.128104 0.131546 0.135090 0.138738 0.142493 0.146357 0.150335 0.154428 0.158641 0.162975 0.167435 0.172024 0.176745 0.181601 0.186596 0.191733 0.197017 0.202451 0.208039 0.213784 0.219692 0.225765 0.232009 0.238427 0.245023 0.251803 0.258770 0.265930 0.273286 0.280844 0.288608 0.296584 0.304776 0.313188 0.321827 0.330698 0.339804 0.349151 0.358745 0.368590 0.378691 0.389052 0.399674
0.101875 0.106303 0.109541 0.112573 0.115625 0.118751 0.121965 0.125271 0.128672 0.132171 0.135771 0.139475 0.143285 0.147205 0.151237 0.155385 0.159653 0.164043 0.168559 0.173204 0.177981 0.182895 0.187948 0.193145 0.198489 0.203983 0.209633 0.215441 0.221412 0.227550 0.233859 0.240343 0.247008 0.253856 0.260893 0.268124 0.275552 0.283183 0.291021 0.299072 0.307340 0.315830 0.324548 0.333498 0.342685 0.352115 0.361792 0.371721 0.381908 0.392356
0.102970 0.104256 0.106844 0.109738 0.112747 0.115842 0.119021 0.122287 0.125644 0.129095 0.132643 0.136292 0.140044 0.143903 0.147872 0.151953 0.156151 0.160469 0.164909 0.169475 0.174171 0.179001 0.183967 0.189073 0.194324 0.199722 0.205272 0.210977 0.216842 0.222871 0.229067 0.235436 0.241981 0.248706 0.255617 0.262717 0.270011 0.277504 0.285201 0.293106 0.301225 0.309561 0.318121 0.326909 0.335931 0.345191 0.354694 0.364446 0.374452 0.384716
0.096406 0.100741 0.103861 0.106812 0.109794 0.112846 0.115978 0.119195 0.122500 0.125896 0.129387 0.132976 0.136666 0.140460 0.144361 0.148373 0.152498 0.156740 0.161101 0.165587 0.170199 0.174941 0.179817 0.184830 0.189984 0.195283 0.200731 0.206331 0.212087 0.218004 0.224084 0.230334 0.236756 0.243355 0.250136 0.257103 0.264260 0.271612 0.279164 0.286920 0.294885 0.303065 0.311463 0.320086 0.328938 0.338024 0.347350 0.356920 0.366739 0.376814
0.097881 0.098736 0.101140 0.103907 0.106806 0.109794 0.112866 0.116023 0.119267 0.122602 0.126030 0.129554 0.133178 0.136903 0.140733 0.144671 0.148720 0.152884 0.157164 0.161566 0.166091 0.170744 0.175528 0.180446 0.185502 0.190700 0.196043 0.201535 0.207181 0.212983 0.218947 0.225075 0.231373 0.237844 0.244493 0.251324 0.258342 0.265551 0.272955 0.280560 0.288371 0.296391 0.304626 0.313081 0.321761 0.330671 0.339816 0.349201 0.358832 0.368713
0.090113 0.094901 0.098039 0.100894 0.103753 0.106679 0.109686 0.112778 0.115958 0.119228 0.122590 0.126046 0.129600 0.133254 0.137011 0.140874 0.144845 0.148928 0.153126 0.157442 0.161880 0.166442 0.171132 0.175954 0.180911 0.186006 0.191244 0.196628 0.202161 0.207849 0.213694 0.219700 0.225873 0.232215 0.238732 0.245426 0.252304 0.259369 0.266626 0.274079 0.281734 0.289594 0.297665 0.305952 0.314460 0.323193 0.332157 0.341357 0.350798 0.360485
0.093056 0.093228 0.095316 0.097887 0.100634 0.103487 0.106431 0.109461 0.112579 0.115785 0.119081 0.122470 0.125955 0.129537 0.133220 0.137006 0.140899 0.144902 0.149017 0.153247 0.157596 0.162067 0.166664 0.171389 0.176247 0.181240 0.186372 0.191648 0.197070 0.202643 0.208370 0.214255 0.220302 0.226516 0.232901 0.239460 0.246199 0.253121 0.260231 0.267534 0.275034 0.282735 0.290644 0.298764 0.307100 0.315658 0.324442 0.333458 0.342711 0.352206
0.084307 0.088869 0.091874 0.094623 0.097383 0.100206 0.103105 0.106084 0.109145 0.112290 0.115523 0.118847 0.122263 0.125775 0.129385 0.133096 0.136912 0.140834 0.144867 0.149013 0.153275 0.157656 0.162160 0.166790 0.171550 0.176442 0.181470 0.186639 0.191951 0.197411 0.203021 0.208787 0.214712 0.220800 0.227054 0.233481 0.240082 0.246864 0.253830 0.260985 0.268333 0.275879 0.283628 0.291584 0.299753 0.308139 0.316747 0.325583 0.334651 0.343958
0.085580 0.086476 0.088776 0.091390 0.094108 0.096896 0.099751 0.102680 0.105686 0.108773 0.111944 0.115203 0.118553 0.121996 0.125536 0.129174 0.132914 0.136759 0.140712 0.144775 0.148952 0.153246 0.157660 0.162198 0.166862 0.171656 0.176583 0.181648 0.186853 0.192202 0.197700 0.203349 0.209155 0.215120 0.221249 0.227546 0.234015 0.240660 0.247486 0.254498 0.261699 0.269094 0.276689 0.284487 0.292493 0.300713 0.309152 0.317814 0.326704 0.335829
0.078627 0.082619 0.085508 0.088199 0.090886 0.093621 0.096419 0.099289 0.102236 0.105263 0.108374 0.111571 0.114857 0.118234 0.121706 0.125275 0.128943 0.132714 0.136590 0.140574 0.144670 0.148880 0.153208 0.157656 0.162228 0.166928 0.171758 0.176723 0.181825 0.187069 0.192459 0.197997 0.203688 0.209535 0.215544 0.221717 0.228059 0.234574 0.241267 0.248142 0.255202 0.262454 0.269901 0.277549 0.285401 0.293463 0.301740 0.310237 0.318959 0.327910
0.079156 0.080522 0.082748 0.085198 0.087756 0.090400 0.093125 0.095932 0.098819 0.101789 0.104842 0.107981 0.111207 0.114523 0.117932 0.121435 0.125036 0.128737 0.132541 0.136451 0.140470 0.144601 0.148846 0.153211 0.157696 0.162307 0.167046 0.171916 0.176922 0.182066 0.187353 0.192786 0.198370 0.204107 0.210001 0.216058 0.222281 0.228674 0.235241 0.241987 0.248917 0.256034 0.263343 0.270849 0.278557 0.286472 0.294598 0.302940 0.311504 0.320295
0.074611 0.077395 0.079733 0.082114 0.084598 0.087182 0.089856 0.092614 0.095454 0.098375 0.101379 0.104467 0.107639 0.110900 0.114251 0.117694 0.121232 0.124869 0.128606 0.132447 0.136395 0.140452 0.144622 0.148909 0.153314 0.157842 0.162496 0.167279 0.172195 0.177248 0.182440 0.187776 0.193260 0.198895 0.204685 0.210634 0.216747 0.223027 0.229479 0.236107 0.242915 0.249909 0.257091 0.264468 0.272044 0.279823 0.287811 0.296013 0.304433 0.313077
0.073049 0.074313 0.076466 0.078863 0.081372 0.083961 0.086624 0.089361 0.092171 0.095057 0.098021 0.101064 0.104190 0.107401 0.110700 0.114088 0.117570 0.121149 0.124825 0.128604 0.132487 0.136478 0.140580 0.144796 0.149129 0.153582 0.158160 0.162864 0.167699 0.172668 0.177775 0.183024 0.188417 0.193960 0.199656 0.205508 0.211522 0.217701 0.224049 0.230571 0.237271 0.244153 0.251222 0.258484 0.265941 0.273600 0.281465 0.289541 0.297833 0.306347
0.066337 0.070163 0.073004 0.075629 0.078225 0.080846 0.083512 0.086236 0.089022 0.091877 0.094806 0.097810 0.100894 0.104061 0.107313 0.110654 0.114087 0.117613 0.121237 0.124961 0.128788 0.132720 0.136762 0.140916 0.145186 0.149574 0.154084 0.158719 0.163483 0.168380 0.173412 0.178584 0.183899 0.189361 0.194974 0.200742 0.206669 0.212759 0.219017 0.225446 0.232052 0.238838 0.245809 0.252970 0.260325 0.267880 0.275639 0.283607 0.291789 0.300192
0.066554 0.068028 0.070347 0.072840 0.075386 0.077973 0.080608 0.083300 0.086053 0.088874 0.091766 0.094734 0.097781 0.100909 0.104122 0.107422 0.110812 0.114296 0.117875 0.121553 0.125332 0.129216 0.133208 0.137310 0.141527 0.145860 0.150313 0.154891 0.159595 0.164430 0.169399 0.174507 0.179756 0.185150 0.190694 0.196391 0.202246 0.208262 0.214444 0.220796 0.227322 0.234028 0.240917 0.247995 0.255266 0.262734 0.270406 0.278285 0.286378 0.294689
0.062241 0.065469 0.067971 0.070385 0.072836 0.075345 0.077920 0.080562 0.083274 0.086059 0.088918 0.091854 0.094869 0.097967 0.101148 0.104417 0.107775 0.111225 0.114769 0.118412 0.122155 0.126001 0.129953 0.134015 0.138189 0.142479 0.146888 0.151419 0.156077 0.160863 0.165783 0.170839 0.176035 0.181376 0.186864 0.192505 0.198302 0.204260 0.210382 0.216673 0.223138 0.229781 0.236606 0.243619 0.250824 0.258226 0.265830 0.273641 0.281665 0.289906
0.062854 0.063904 0.065852 0.068067 0.070411 0.072852 0.075377 0.077981 0.080663 0.083423 0.086260 0.089176 0.092172 0.095249 0.098411 0.101660 0.104997 0.108425 0.111947 0.115565 0.119283 0.123103 0.127028 0.131061 0.135206 0.139465 0.143842 0.148341 0.152964 0.157715 0.162599 0.167617 0.172776 0.178077 0.183526 0.189127 0.194882 0.200797 0.206877 0.213124 0.219545 0.226143 0.232923 0.239890 0.247049 0.254405 0.261963 0.269727 0.277704 0.285899
0.058044 0.060957 0.063285 0.065580 0.067944 0.070389 0.072915 0.075520 0.078202 0.080960 0.083795 0.086708 0.089700 0.092773 0.095929 0.099171 0.102499 0.105918 0.109429 0.113036 0.116741 0.120547 0.124457 0.128475 0.132603 0.136844 0.141203 0.145681 0.150284 0.155015 0.159876 0.164872 0.170008 0.175286 0.180710 0.186286 0.192017 0.197907 0.203960 0.210182 0.216577 0.223149 0.229903 0.236845 0.243978 0.251309 0.258841 0.266581 0.274534 0.282705
0.057025 0.058515 0.060678 0.063030 0.065471 0.067980 0.070556 0.073198 0.075909 0.078690 0.081544 0.084472 0.087476 0.090558 0.093722 0.096969 0.100302 0.103724 0.107237 0.110844 0.114548 0.118353 0.122261 0.126275 0.130398 0.134635 0.138988 0.143461 0.148057 0.152780 0.157634 0.162623 0.167750 0.173020 0.178437 0.184004 0.189726 0.195608 0.201654 0.207868 0.214256 0.220821 0.227569 0.234505 0.241633 0.248959 0.256488 0.264226 0.272177 0.280348
0.052370 0.055411 0.058044 0.060598 0.063158 0.065751 0.068391 0.071086 0.073840 0.076657 0.079541 0.082496 0.085524 0.088627 0.091809 0.095073 0.098422 0.101857 0.105383 0.109002 0.112717 0.116531 0.120448 0.124471 0.128603 0.132847 0.137208 0.141688 0.146291 0.151021 0.155882 0.160878 0.166012 0.171289 0.176713 0.182288 0.188019 0.193910 0.199966 0.206190 0.212589 0.219166 0.225927 0.232877 0.240021 0.247363 0.254910 0.262667 0.270639 0.278831
0.050956 0.053466 0.056021 0.058594 0.061195 0.063834 0.066519 0.069256 0.072049 0.074903 0.077821 0.080807 0.083864 0.086996 0.090204 0.093493 0.096866 0.100324 0.103872 0.107513 0.111249 0.115084 0.119022 0.123065 0.127217 0.131481 0.135861 0.140361 0.144985 0.149735 0.154617 0.159634 0.164790 0.170090 0.175537 0.181136 0.186892 0.192808 0.198890 0.205143 0.211570 0.218178 0.224971 0.231954 0.239132 0.246511 0.254096 0.261893 0.269906 0.278142
0.049947 0.052086 0.054492 0.057015 0.059609 0.062262 0.064969 0.067734 0.070558 0.073444 0.076395 0.079414 0.082503 0.085667 0.088908 0.092228 0.095632 0.099122 0.102701 0.106372 0.110139 0.114005 0.117973 0.122047 0.126230 0.130526 0.134939 0.139471 0.144127 0.148912 0.153828 0.158880 0.164072 0.169408 0.174893 0.180532 0.186327 0.192286 0.198411 0.204708 0.211181 0.217837 0.224679 0.231713 0.238945 0.246379 0.254021 0.261876 0.269949 0.278247
0.047919 0.050588 0.053133 0.055692 0.058303 0.060971 0.063700 0.066491 0.069344 0.072262 0.075246 0.078301 0.081426 0.084627 0.087905 0.091264 0.094706 0.098234 0.101852 0.105563 0.109370 0.113277 0.117286 0.121401 0.125626 0.129965 0.134421 0.138997 0.143699 0.148529 0.153492 0.158592 0.163834 0.169221 0.174758 0.180449 0.186300 0.192315 0.198498 0.204855 0.211391 0.218110 0.225018 0.232120 0.239421 0.246927 0.254642 0.262572 0.270722 0.279096
0.047103 0.049471 0.051968 0.054541 0.057180 0.059880 0.062643 0.065469 0.068359 0.071316 0.074341 0.077436 0.080605 0.083849 0.087172 0.090576 0.094064 0.097639 0.101305 0.105064 0.108920 0.112876 0.116936 0.121103 0.125380 0.129772 0.134282 0.138914 0.143672 0.148559 0.153581 0.158742 0.164045 0.169495 0.175097 0.180855 0.186774 0.192859 0.199114 0.205545 0.212157 0.218954 0.225942 0.233126 0.240512 0.248103 0.255906 0.263924 0.272161 0.280620
0.045799 0.048262 0.050833 0.053474 0.056172 0.058928 0.061743 0.064619 0.067559 0.070565 0.073640 0.076786 0.080006 0.083302 0.086678 0.090135 0.093678 0.097309 0.101031 0.104847 0.108761 0.112776 0.116896 0.121123 0.125463 0.129917 0.134492 0.139189 0.144013 0.148969 0.154061 0.159293 0.164668 0.170193 0.175871 0.181707 0.187706 0.193873 0.200213 0.206730 0.213429 0.220317 0.227397 0.234676 0.242156 0.249844 0.257743 0.265855 0.274183 0.282726
0.044224 0.047030 0.049761 0.052500 0.055275 0.058098 0.060976 0.063914 0.066914 0.069980 0.073115 0.076321 0.079601 0.082959 0.086396 0.089916 0.093522 0.097217 0.101004 0.104886 0.108866 0.112948 0.117136 0.121433 0.125843 0.130370 0.135017 0.139788 0.144689 0.149722 0.154892 0.160204 0.165662 0.171271 0.177035 0.182959 0.189048 0.195307 0.201740 0.208353 0.215151 0.222138 0.229320 0.236701 0.244284 0.252074 0.260070 0.268273 0.276681 0.285291
0.043521 0.046177 0.048904 0.051682 0.054513 0.057398 0.060341 0.063345 0.066413 0.069547 0.072750 0.076025 0.079374 0.082801 0.086308 0.089899 0.093575 0.097341 0.101200 0.105155 0.109209 0.113365 0.117629 0.122002 0.126490 0.131095 0.135822 0.140675 0.145659 0.150776 0.156033 0.161433 0.166981 0.172681 0.178539 0.184558 0.190745 0.197103 0.203638 0.210354 0.217257 0.224351 0.231640 0.239127 0.246814 0.254699 0.262782 0.271056 0.279513 0.288151
0.042831 0.045442 0.048173 0.050990 0.053875 0.056825 0.059837 0.062912 0.066053 0.069262 0.072540 0.075890 0.079315 0.082817 0.086400 0.090067 0.093820 0.097663 0.101599 0.105632 0.109765 0.114001 0.118345 0.122800 0.127370 0.132060 0.136872 0.141812 0.146884 0.152091 0.157439 0.162933 0.168576 0.174373 0.180329 0.186450 0.192739 0.199202 0.205843 0.212668 0.219680 0.226883 0.234278 0.241867 0.249644 0.257605 0.265741 0.274044 0.282506 0.291135
0.041776 0.044596 0.047458 0.050370 0.053340 0.056370 0.059462 0.062618 0.065839 0.069128 0.072486 0.075916 0.079420 0.083002 0.086664 0.090410 0.094243 0.098165 0.102182 0.106295 0.110510 0.114829 0.119256 0.123796 0.128451 0.133228 0.138129 0.143158 0.148321 0.153622 0.159065 0.164654 0.170396 0.176293 0.182351 0.188576 0.194970 0.201541 0.208291 0.215225 0.222345 0.229653 0.237144 0.244813 0.252649 0.260641 0.268785 0.277090 0.285557 0.294190
0.040852 0.043860 0.046843 0.049859 0.052926 0.056050 0.059232 0.062475 0.065781 0.069153 0.072592 0.076103 0.079687 0.083348 0.087090 0.090915 0.094827 0.098830 0.102927 0.107121 0.111418 0.115819 0.120331 0.124955 0.129697 0.134561 0.139551 0.144671 0.149926 0.155321 0.160859 0.166546 0.172387 0.178385 0.184546 0.190875 0.197376 0.204053 0.210911 0.217951 0.225171 0.232565 0.240121 0.247826 0.255676 0.263679 0.271836 0.280152 0.288628 0.297270
0.040506 0.043383 0.046411 0.049519 0.052684 0.055902 0.059175 0.062504 0.065892 0.069344 0.072861 0.076448 0.080109 0.083846 0.087663 0.091565 0.095553 0.099633 0.103808 0.108081 0.112457 0.116940 0.121533 0.126241 0.131068 0.136018 0.141096 0.146305 0.151651 0.157139 0.162771 0.168555 0.174493 0.180591 0.186854 0.193285 0.199890 0.206672 0.213631 0.220763 0.228056 0.235496 0.243072 0.250793 0.258662 0.266680 0.274853 0.283183 0.291674 0.300329
0.039808 0.042983 0.046180 0.049404 0.052664 0.055966 0.059315 0.062717 0.066176 0.069696 0.073282 0.076937 0.080666 0.084472 0.088359 0.092330 0.096390 0.100543 0.104791 0.109139 0.113591 0.118151 0.122822 0.127610 0.132519 0.137552 0.142715 0.148011 0.153445 0.159022 0.164747 0.170623 0.176657 0.182851 0.189212 0.195743 0.202447 0.209324 0.216366 0.223556 0.230877 0.238336 0.245934 0.253675 0.261563 0.269601 0.277792 0.286139 0.294646 0.303317
0.039626 0.043009 0.046296 0.049582 0.052894 0.056245 0.059644 0.063096 0.066606 0.070180 0.073822 0.077535 0.081323 0.085189 0.089139 0.093174 0.097299 0.101518 0.105835 0.110252 0.114775 0.119407 0.124153 0.129017 0.134003 0.139115 0.144358 0.149736 0.155254 0.160917 0.166729 0.172695 0.178819 0.185106 0.191560 0.198184 0.204977 0.211927 0.219011 0.226222 0.233566 0.241047 0.248667 0.256429 0.264337 0.272395 0.280605 0.288972 0.297497 0.306185
0.040526 0.043539 0.046737 0.049999 0.053310 0.056674 0.060094 0.063576 0.067124 0.070740 0.074427 0.078189 0.082029 0.085950 0.089955 0.094049 0.098233 0.102513 0.106892 0.111374 0.115963 0.120663 0.125477 0.130412 0.135469 0.140655 0.145974 0.151430 0.157027 0.162771 0.168665 0.174715 0.180924 0.187297 0.193838 0.200544 0.207401 0.214380 0.221485 0.228720 0.236086 0.243589 0.251230 0.259013 0.266942 0.275020 0.283250 0.291635 0.300179 0.308885
0.040717 0.044026 0.047228 0.050457 0.053751 0.057117 0.060555 0.064065 0.067648 0.071303 0.075034 0.078842 0.082730 0.086701 0.090758 0.094905 0.099144 0.103480 0.107917 0.112458 0.117107 0.121869 0.126747 0.131747 0.136871 0.142126 0.147515 0.153042 0.158713 0.164531 0.170502 0.176630 0.182918 0.189372 0.195988 0.202749 0.209628 0.216630 0.223757 0.231013 0.238401 0.245924 0.253585 0.261389 0.269337 0.277434 0.285682 0.294085 0.302647 0.311370
0.041582 0.044472 0.047528 0.050730 0.054043 0.057446 0.060927 0.064482 0.068110 0.071812 0.075589 0.079443 0.083378 0.087397 0.091503 0.095698 0.099988 0.104376 0.108865 0.113460 0.118165 0.122983 0.127920 0.132979 0.138165 0.143482 0.148935 0.154529 0.160267 0.166154 0.172196 0.178395 0.184756 0.191279 0.197944 0.204725 0.211625 0.218646 0.225793 0.233069 0.240476 0.248017 0.255697 0.263519 0.271485 0.279599 0.287864 0.296284 0.304862 0.313601
0.041413 0.044130 0.047336 0.050697 0.054134 0.057631 0.061187 0.064804 0.068487 0.072239 0.076063 0.079963 0.083942 0.088005 0.092155 0.096396 0.100731 0.105165 0.109702 0.114346 0.119101 0.123970 0.128960 0.134073 0.139314 0.144689 0.150200 0.155853 0.161653 0.167602 0.173707 0.179971 0.186396 0.192966 0.199649 0.206448 0.213366 0.220405 0.227568 0.234860 0.242284 0.249842 0.257537 0.265374 0.273355 0.281484 0.289764 0.298198 0.306789 0.315541
0.038553 0.043158 0.047001 0.050622 0.054192 0.057774 0.061394 0.065063 0.068792 0.072585 0.076449 0.080387 0.084405 0.088506 0.092695 0.096975 0.101350 0.105825 0.110404 0.115091 0.119889 0.124805 0.129841 0.135002 0.140293 0.145718 0.151282 0.156988 0.162842 0.168848 0.175010 0.181331 0.187803 0.194389 0.201087 0.207900 0.214832 0.221885 0.229062 0.236367 0.243803 0.251374 0.259082 0.266931 0.274924 0.283064 0.291354 0.299799 0.308400 0.317162
0.041055 0.044057 0.047401 0.050865 0.054392 0.057970 0.061601 0.065289 0.069039 0.072857 0.076747 0.080713 0.084760 0.088891 0.093110 0.097422 0.101831 0.106341 0.110955 0.115679 0.120516 0.125471 0.130548 0.135751 0.141085 0.146555 0.152164 0.157917 0.163819 0.169874 0.176085 0.182453 0.188942 0.195539 0.202248 0.209071 0.216013 0.223075 0.230262 0.237576 0.245021 0.252600 0.260316 0.268173 0.276173 0.284320 0.292617 0.301068 0.309676 0.318443
0.041792 0.044593 0.047784 0.051149 0.054616 0.058161 0.061777 0.065461 0.069216 0.073044 0.076948 0.080932 0.084999 0.089152 0.093395 0.097733 0.102169 0.106707 0.111352 0.116106 0.120976 0.125964 0.131075 0.136314 0.141685 0.147193 0.152841 0.158635 0.164577 0.170674 0.176927 0.183316 0.189811 0.196414 0.203129 0.209958 0.216904 0.223971 0.231163 0.238481 0.245930 0.253512 0.261232 0.269091 0.277093 0.285243 0.293542 0.301994 0.310602 0.319370
0.040339 0.044279 0.047787 0.051227 0.054702 0.058240 0.061849 0.065532 0.069290 0.073125 0.077040 0.081037 0.085119 0.089289 0.093552 0.097910 0.102368 0.106929 0.111597 0.116377 0.121272 0.126288 0.131427 0.136696 0.142097 0.147636 0.153316 0.159142 0.165119 0.171249 0.177530 0.183921 0.190417 0.197021 0.203735 0.210564 0.217510 0.224577 0.231767 0.239084 0.246531 0.254111 0.261827 0.269683 0.277683 0.285828 0.294123 0.302570 0.311173 0.319935
0.041585 0.044493 0.047750 0.051140 0.054613 0.058161 0.061782 0.065476 0.069246 0.073093 0.077020 0.081030 0.085126 0.089311 0.093589 0.097964 0.102438 0.107017 0.111704 0.116503 0.121419 0.126455 0.131617 0.136908 0.142332 0.147895 0.153600 0.159452 0.165454 0.171610 0.177895 0.184281 0.190771 0.197369 0.204078 0.210900 0.217840 0.224899 0.232082 0.239390 0.246829 0.254400 0.262107 0.269954 0.277943 0.286077 0.294361 0.302796 0.311388 0.320137
0.040742 0.044049 0.047412 0.050856 0.054371 0.057954 0.061602 0.065319 0.069108 0.072970 0.076911 0.080934 0.085041 0.089238 0.093527 0.097913 0.102400 0.106991 0.111691 0.116503 0.121433 0.126483 0.131660 0.136966 0.142407 0.147986 0.153708 0.159577 0.165597 0.171764 0.178037 0.184412 0.190890 0.197475 0.204171 0.210980 0.217905 0.224950 0.232118 0.239411 0.246834 0.254389 0.262080 0.269909 0.277880 0.285997 0.294261 0.302678 0.311249 0.319978
0.039921 0.043467 0.046991 0.050529 0.054101 0.057720 0.061393 0.065127 0.068929 0.072802 0.076751 0.080781 0.084895 0.089098 0.093393 0.097784 0.102277 0.106873 0.111579 0.116398 0.121334 0.126392 0.131576 0.136890 0.142339 0.147927 0.153658 0.159536 0.165564 0.171721 0.177975 0.184330 0.190789 0.197354 0.204029 0.210817 0.217721 0.224743 0.231888 0.239159 0.246558 0.254088 0.261754 0.269558 0.277503 0.285593 0.293830 0.302219 0.310762 0.319462
0.039777 0.043311 0.046841 0.050380 0.053949 0.057562 0.061231 0.064962 0.068761 0.072631 0.076578 0.080605 0.084717 0.088918 0.093211 0.097600 0.102090 0.106685 0.111390 0.116207 0.121142 0.126199 0.131383 0.136697 0.142146 0.147734 0.153465 0.159343 0.165367 0.171497 0.177725 0.184053 0.190484 0.197021 0.203667 0.210425 0.217299 0.224291 0.231405 0.238643 0.246010 0.253508 0.261140 0.268909 0.276820 0.284874 0.293075 0.301427 0.309932 0.318594
0.040287 0.043627 0.046996 0.050430 0.053931 0.057501 0.061138 0.064846 0.068625 0.072480 0.076413 0.080427 0.084527 0.088716 0.092998 0.097377 0.101857 0.106442 0.111136 0.115944 0.120870 0.125918 0.131092 0.136398 0.141838 0.147417 0.153139 0.159009 0.165009 0.171105 0.177298 0.183590 0.189985 0.196485 0.203093 0.209814 0.216649 0.223602 0.230675 0.237873 0.245198 0.252654 0.260244 0.267970 0.275836 0.283845 0.292001 0.300307 0.308765 0.317379
0.040865 0.043897 0.047130 0.050489 0.053941 0.057472 0.061078 0.064758 0.068512 0.072343 0.076254 0.080247 0.084327 0.088496 0.092759 0.097119 0.101580 0.106147 0.110823 0.115613 0.120522 0.125552 0.130709 0.135997 0.141420 0.146982 0.152687 0.158537 0.164498 0.170551 0.176700 0.182948 0.189298 0.195753 0.202315 0.208989 0.215776 0.222680 0.229705 0.236853 0.244128 0.251532 0.259069 0.266743 0.274555 0.282510 0.290611 0.298860 0.307261 0.315818
0.040432 0.043691 0.047042 0.050447 0.053907 0.057428 0.061015 0.064671 0.068400 0.072204 0.076087 0.080053 0.084106 0.088248 0.092485 0.096818 0.101254 0.105795 0.110446 0.115210 0.120093 0.125098 0.130230 0.135493 0.140890 0.146427 0.152106 0.157921 0.163831 0.169834 0.175931 0.182127 0.188423 0.194824 0.201331 0.207949 0.214680 0.221527 0.228494 0.235583 0.242798 0.250141 0.257617 0.265228 0.272977 0.280868 0.288903 0.297087 0.305421 0.313910
0.039808 0.043524 0.046987 0.050416 0.053872 0.057376 0.060938 0.064567 0.068265 0.072038 0.075890 0.079824 0.083844 0.087954 0.092157 0.096459 0.100862 0.105370 0.109989 0.114721 0.119572 0.124545 0.129644 0.134874 0.140239 0.145742 0.151387 0.157151 0.163003 0.168947 0.174984 0.181119 0.187354 0.193692 0.200137 0.206690 0.213356 0.220137 0.227036 0.234057 0.241203 0.248477 0.255882 0.263421 0.271098 0.278915 0.286876 0.294984 0.303242 0.311654
0.041178 0.043962 0.047143 0.050459 0.053852 0.057309 0.060832 0.064422 0.068083 0.071820 0.075634 0.079531 0.083514 0.087587 0.091753 0.096017 0.100382 0.104853 0.109433 0.114127 0.118939 0.123874 0.128934 0.134125 0.139450 0.144913 0.150514 0.156214 0.162001 0.167878 0.173849 0.179915 0.186081 0.192349 0.198721 0.205202 0.211794 0.218501 0.225325 0.232269 0.239337 0.246533 0.253858 0.261316 0.268911 0.276645 0.284522 0.292546 0.300718 0.309043
0.040402 0.043864 0.047136 0.050423 0.053767 0.057177 0.060655 0.064202 0.067822 0.071518 0.075292 0.079148 0.083090 0.087121 0.091246 0.095467 0.099791 0.104219 0.108756 0.113408 0.118176 0.123067 0.128083 0.133229 0.138508 0.143925 0.149467 0.155096 0.160811 0.166615 0.172510 0.178501 0.184590 0.190780 0.197073 0.203474 0.209985 0.216609 0.223349 0.230209 0.237191 0.244299 0.251536 0.258905 0.266409 0.274053 0.281837 0.289767 0.297845 0.306075
0.040869 0.043847 0.047008 0.050250 0.053557 0.056929 0.060367 0.063873 0.067451 0.071104 0.074835 0.078648 0.082546 0.086533 0.090613 0.094789 0.099066 0.103448 0.107939 0.112543 0.117264 0.122106 0.127073 0.132169 0.137398 0.142762 0.148231 0.153782 0.159418 0.165142 0.170956 0.176864 0.182869 0.188974 0.195181 0.201494 0.207916 0.214450 0.221099 0.227866 0.234755 0.241768 0.248909 0.256181 0.263588 0.271132 0.278816 0.286645 0.294620 0.302746
0.040455 0.043546 0.046709 0.049932 0.053212 0.056550 0.059950 0.063417 0.066952 0.070561 0.074248 0.078015 0.081866 0.085806 0.089838 0.093966 0.098194 0.102526 0.106967 0.111520 0.116189 0.120978 0.125892 0.130933 0.136106 0.141406 0.146793 0.152260 0.157811 0.163448 0.169175 0.174994 0.180908 0.186921 0.193035 0.199253 0.205580 0.212017 0.218567 0.225235 0.232024 0.238935 0.245973 0.253142 0.260443 0.267881 0.275458 0.283178 0.291044 0.299060
0.039851 0.043120 0.046311 0.049514 0.052758 0.056055 0.059411 0.062832 0.066322 0.069884 0.073522 0.077240 0.081042 0.084932 0.088913 0.092990 0.097166 0.101446 0.105832 0.110331 0.114944 0.119677 0.124533 0.129515 0.134627 0.139848 0.145146 0.150523 0.155982 0.161527 0.167159 0.172883 0.178700 0.184615 0.190630 0.196748 0.202972 0.209306 0.215753 0.222315 0.228997 0.235801 0.242730 0.249788 0.256979 0.264304 0.271768 0.279374 0.287125 0.295024
0.039912 0.042856 0.045911 0.049032 0.052212 0.055453 0.058757 0.062126 0.065564 0.069075 0.072661 0.076328 0.080077 0.083913 0.087841 0.091863 0.095984 0.100207 0.104536 0.108976 0.113530 0.118202 0.122996 0.127914 0.132957 0.138085 0.143288 0.148569 0.153931 0.159377 0.164909 0.170532 0.176247 0.182058 0.187968 0.193980 0.200097 0.206323 0.212660 0.219112 0.225682 0.232373 0.239189 0.246132 0.253206 0.260415 0.267761 0.275249 0.282880 0.290659
0.039565 0.042436 0.045397 0.048443 0.051560 0.054743 0.057990 0.061305 0.064688 0.068144 0.071676 0.075287 0.078980 0.082760 0.086630 0.090594 0.094656 0.098819 0.103087 0.107464 0.111954 0.116561 0.121287 0.126137 0.131093 0.136122 0.141224 0.146403 0.151662 0.157004 0.162431 0.167948 0.173555 0.179258 0.185058 0.190960 0.196966 0.203079 0.209303 0.215640 0.222095 0.228670 0.235368 0.242193 0.249149 0.256238 0.263463 0.270829 0.278338 0.285994
0.038837 0.041713 0.044688 0.047715 0.050794 0.053929 0.057123 0.060382 0.063709 0.067108 0.070582 0.074135 0.077770 0.081490 0.085299 0.089201 0.093199 0.097297 0.101499 0.105808 0.110229 0.114765 0.119419 0.124191 0.129045 0.133969 0.138965 0.144038 0.149189 0.154422 0.159740 0.165146 0.170643 0.176233 0.181921 0.187709 0.193600 0.199598 0.205706 0.211927 0.218264 0.224721 0.231300 0.238006 0.244841 0.251809 0.258913 0.266156 0.273542 0.281074
0.037701 0.040904 0.043932 0.046936 0.049967 0.053046 0.056184 0.059385 0.062653 0.065992 0.069406 0.072897 0.076468 0.080124 0.083867 0.087701 0.091630 0.095658 0.099788 0.104024 0.108370 0.112830 0.117406 0.122083 0.126828 0.131642 0.136529 0.141491 0.146531 0.151653 0.156859 0.162152 0.167535 0.173012 0.178586 0.184259 0.190035 0.195917 0.201908 0.208012 0.214232 0.220570 0.227031 0.233618 0.240333 0.247181 0.254164 0.261286 0.268550 0.275960
0.037980 0.040557 0.043320 0.046186 0.049126 0.052134 0.055206 0.058344 0.061549 0.064825 0.068173 0.071596 0.075099 0.078684 0.082355 0.086115 0.089969 0.093920 0.097972 0.102129 0.106395 0.110772 0.115262 0.119829 0.124462 0.129165 0.133940 0.138790 0.143718 0.148727 0.153820 0.159000 0.164271 0.169634 0.175094 0.180654 0.186316 0.192084 0.197961 0.203950 0.210054 0.216277 0.222623 0.229093 0.235692 0.242422 0.249288 0.256292 0.263438 0.270730
0.037417 0.039909 0.042596 0.045390 0.048264 0.051207 0.054215 0.057288 0.060426 0.063631 0.066906 0.070254 0.073679 0.077185 0.080776 0.084455 0.088227 0.092095 0.096064 0.100137 0.104318 0.108610 0.113000 0.117454 0.121976 0.126567 0.131230 0.135970 0.140787 0.145686 0.150669 0.155740 0.160900 0.166154 0.171504 0.176954 0.182507 0.188165 0.193932 0.199811 0.205805 0.211918 0.218152 0.224512 0.230999 0.237619 0.244373 0.251266 0.258300 0.265478
0.035958 0.038943 0.041754 0.044560 0.047403 0.050294 0.053238 0.056238 0.059298 0.062422 0.065613 0.068876 0.072215 0.075634 0.079137 0.082729 0.086414 0.090196 0.094078 0.098065 0.102160 0.106365 0.110646 0.114991 0.119405 0.123889 0.128446 0.133080 0.137792 0.142587 0.147466 0.152433 0.157490 0.162641 0.167888 0.173235 0.178685 0.184241 0.189905 0.195682 0.201573 0.207584 0.213715 0.219972 0.226357 0.232873 0.239524 0.246313 0.253243 0.260318
0.035965 0.038416 0.041092 0.043833 0.046610 0.049425 0.052284 0.055193 0.058159 0.061187 0.064283 0.067451 0.070697 0.074024 0.077437 0.080941 0.084539 0.088235 0.092034 0.095938 0.099951 0.104064 0.108243 0.112488 0.116803 0.121189 0.125649 0.130186 0.134803 0.139502 0.144287 0.149160 0.154124 0.159181 0.164336 0.169590 0.174947 0.180411 0.185983 0.191667 0.197466 0.203384 0.209423 0.215587 0.221879 0.228302 0.234860 0.241555 0.248392 0.255373
0.035088 0.037914 0.040577 0.043219 0.045879 0.048575 0.051316 0.054112 0.056969 0.059892 0.062888 0.065961 0.069115 0.072355 0.075684 0.079106 0.082625 0.086244 0.089967 0.093798 0.097738 0.101764 0.105855 0.110013 0.114242 0.118543 0.122919 0.127373 0.131907 0.136525 0.141228 0.146020 0.150902 0.155880 0.160954 0.166128 0.171405 0.176787 0.182279 0.187883 0.193602 0.199439 0.205398 0.211481 0.217692 0.224035 0.230511 0.237125 0.243881 0.250780
0.035541 0.037786 0.040160 0.042595 0.045085 0.047633 0.050244 0.052923 0.055675 0.058504 0.061412 0.064404 0.067482 0.070649 0.073910 0.077267 0.080722 0.084281 0.087944 0.091716 0.095596 0.099550 0.103570 0.107659 0.111818 0.116051 0.120359 0.124746 0.129213 0.133764 0.138400 0.143126 0.147942 0.152853 0.157861 0.162968 0.168179 0.173495 0.178921 0.184458 0.190110 0.195880 0.201771 0.207787 0.213931 0.220205 0.226614 0.233160 0.239846 0.246677
0.035055 0.037211 0.039413 0.041688 0.044041 0.046475 0.048991 0.051590 0.054271 0.057037 0.059889 0.062829 0.065859 0.068980 0.072197 0.075511 0.078925 0.082442 0.086066 0.089797 0.093632 0.097534 0.101503 0.105541 0.109650 0.113832 0.118090 0.122426 0.126842 0.131342 0.135928 0.140602 0.145368 0.150227 0.155183 0.160239 0.165398 0.170662 0.176035 0.181519 0.187118 0.192836 0.198674 0.204636 0.210725 0.216946 0.223300 0.229791 0.236423 0.243199
0.033931 0.036038 0.038176 0.040398 0.042713 0.045119 0.047614 0.050193 0.052858 0.055608 0.058443 0.061366 0.064378 0.067481 0.070679 0.073974 0.077368 0.080864 0.084465 0.088175 0.091980 0.095850 0.099786 0.103791 0.107866 0.112014 0.116238 0.120539 0.124921 0.129385 0.133935 0.138573 0.143302 0.148125 0.153044 0.158062 0.163183 0.168409 0.173744 0.179190 0.184750 0.190428 0.196226 0.202149 0.208198 0.214378 0.220692 0.227143 0.233734 0.240469
0.032706 0.034557 0.036697 0.038981 0.041362 0.043823 0.046361 0.048974 0.051663 0.054431 0.057279 0.060209 0.063226 0.066331 0.069527 0.072818 0.076207 0.079696 0.083289 0.086989 0.090779 0.094632 0.098550 0.102536 0.106592 0.110720 0.114924 0.119204 0.123564 0.128006 0.132534 0.137149 0.141855 0.146654 0.151550 0.156544 0.161641 0.166842 0.172152 0.177572 0.183107 0.188759 0.194532 0.200428 0.206452 0.212605 0.218892 0.225316 0.231880 0.238587
0.030492 0.033052 0.035519 0.037980 0.040470 0.043006 0.045597 0.048249 0.050968 0.053757 0.056622 0.059565 0.062590 0.065702 0.068902 0.072195 0.075585 0.079073 0.082665 0.086362 0.090145 0.093991 0.097902 0.101880 0.105927 0.110047 0.114240 0.118511 0.122861 0.127293 0.131810 0.136415 0.141110 0.145897 0.150781 0.155764 0.160849 0.166038 0.171335 0.176744 0.182266 0.187905 0.193665 0.199549 0.205559 0.211699 0.217973 0.224383 0.230934 0.237627
