0.047210 0.047283 0.047278 0.047224 0.047138 0.047029 0.046902 0.046759 0.046603 0.046434 0.046253 0.046061 0.045858 0.045643 0.045417 0.045179 0.044930 0.044668 0.044394 0.044106 0.043805 0.043489 0.043158 0.042811 0.042446 0.042064 0.041663 0.041241 0.040797 0.040329 0.039837 0.039318 0.038769 0.038189 0.037574 0.036922 0.036229 0.035491 0.034703 0.033860 0.032956 0.031983 0.030932 0.029794 0.028555 0.027200 0.025711 0.024063 0.022227 0.020166
0.047961 0.047775 0.047624 0.047488 0.047353 0.047211 0.047061 0.046901 0.046731 0.046552 0.046363 0.046164 0.045955 0.045735 0.045505 0.045264 0.045011 0.044746 0.044469 0.044179 0.043875 0.043556 0.043223 0.042873 0.042506 0.042121 0.041716 0.041291 0.040845 0.040374 0.039878 0.039355 0.038803 0.038218 0.037599 0.036943 0.036245 0.035501 0.034707 0.033858 0.032946 0.031965 0.030905 0.029756 0.028505 0.027137 0.025631 0.023964 0.022106 0.020017
0.048515 0.048238 0.048041 0.047861 0.047686 0.047510 0.047331 0.047148 0.046960 0.046766 0.046565 0.046355 0.046137 0.045910 0.045673 0.045426 0.045168 0.044898 0.044615 0.044320 0.044011 0.043688 0.043349 0.042994 0.042622 0.042232 0.041822 0.041391 0.040938 0.040462 0.039959 0.039429 0.038869 0.038277 0.037650 0.036984 0.036276 0.035521 0.034715 0.033853 0.032927 0.031929 0.030851 0.029681 0.028407 0.027010 0.025473 0.023768 0.021865 0.019720
0.048599 0.048588 0.048436 0.048246 0.048049 0.047852 0.047654 0.047455 0.047253 0.047046 0.046834 0.046616 0.046389 0.046154 0.045910 0.045655 0.045390 0.045113 0.044824 0.044523 0.044207 0.043877 0.043532 0.043170 0.042790 0.042393 0.041975 0.041536 0.041075 0.040589 0.040077 0.039537 0.038967 0.038363 0.037723 0.037044 0.036321 0.035551 0.034727 0.033845 0.032898 0.031876 0.030771 0.029570 0.028260 0.026823 0.025237 0.023476 0.021504 0.019276
0.049401 0.049085 0.048830 0.048604 0.048394 0.048191 0.047989 0.047785 0.047579 0.047367 0.047149 0.046924 0.046692 0.046450 0.046199 0.045938 0.045666 0.045382 0.045086 0.044777 0.044454 0.044116 0.043763 0.043392 0.043004 0.042598 0.042170 0.041722 0.041250 0.040753 0.040229 0.039676 0.039092 0.038473 0.037818 0.037121 0.036380 0.035589 0.034743 0.033836 0.032860 0.031807 0.030666 0.029425 0.028068 0.026577 0.024927 0.023090 0.021026 0.018686
0.049818 0.049349 0.049086 0.048885 0.048699 0.048513 0.048323 0.048127 0.047924 0.047714 0.047495 0.047268 0.047032 0.046786 0.046529 0.046263 0.045984 0.045694 0.045390 0.045074 0.044743 0.044396 0.044034 0.043654 0.043257 0.042839 0.042401 0.041941 0.041457 0.040947 0.040409 0.039842 0.039241 0.038606 0.037931 0.037214 0.036451 0.035635 0.034762 0.033825 0.032815 0.031724 0.030540 0.029249 0.027834 0.026276 0.024547 0.022615 0.020436 0.017954
0.048896 0.049198 0.049217 0.049133 0.049002 0.048846 0.048673 0.048488 0.048291 0.048083 0.047865 0.047637 0.047399 0.047150 0.046889 0.046617 0.046333 0.046036 0.045726 0.045401 0.045062 0.044707 0.044336 0.043947 0.043539 0.043111 0.042661 0.042188 0.041691 0.041167 0.040614 0.040030 0.039413 0.038758 0.038062 0.037322 0.036533 0.035690 0.034786 0.033814 0.032765 0.031630 0.030395 0.029046 0.027564 0.025926 0.024103 0.022057 0.019739 0.017085
0.049787 0.049693 0.049623 0.049518 0.049384 0.049230 0.049060 0.048876 0.048681 0.048474 0.048256 0.048026 0.047785 0.047532 0.047268 0.046991 0.046701 0.046398 0.046081 0.045750 0.045403 0.045040 0.044660 0.044261 0.043843 0.043404 0.042943 0.042458 0.041947 0.041409 0.040840 0.040239 0.039602 0.038927 0.038209 0.037445 0.036628 0.035755 0.034816 0.033806 0.032714 0.031529 0.030238 0.028823 0.027264 0.025535 0.023603 0.021426 0.018946 0.016088
0.050473 0.050387 0.050190 0.050004 0.049829 0.049656 0.049476 0.049287 0.049089 0.048878 0.048657 0.048424 0.048180 0.047923 0.047654 0.047373 0.047078 0.046770 0.046447 0.046110 0.045756 0.045386 0.044998 0.044590 0.044163 0.043714 0.043242 0.042745 0.042221 0.041668 0.041084 0.040465 0.039810 0.039113 0.038372 0.037582 0.036737 0.035830 0.034856 0.033805 0.032666 0.031427 0.030074 0.028587 0.026943 0.025113 0.023059 0.020733 0.018068 0.014976
0.051897 0.050999 0.050652 0.050439 0.050258 0.050079 0.049894 0.049700 0.049496 0.049282 0.049056 0.048819 0.048571 0.048311 0.048039 0.047754 0.047455 0.047143 0.046816 0.046473 0.046115 0.045738 0.045343 0.044929 0.044493 0.044035 0.043553 0.043045 0.042509 0.041942 0.041343 0.040708 0.040033 0.039316 0.038552 0.037735 0.036860 0.035921 0.034909 0.033814 0.032626 0.031331 0.029911 0.028347 0.026611 0.024671 0.022484 0.019992 0.017121 0.013764
0.049764 0.050685 0.050839 0.050776 0.050641 0.050474 0.050289 0.050092 0.049884 0.049665 0.049436 0.049197 0.048947 0.048685 0.048411 0.048125 0.047825 0.047510 0.047181 0.046836 0.046473 0.046093 0.045694 0.045274 0.044832 0.044366 0.043875 0.043357 0.042810 0.042231 0.041617 0.040966 0.040274 0.039536 0.038749 0.037906 0.037002 0.036029 0.034979 0.033840 0.032602 0.031247 0.029759 0.028113 0.026280 0.024222 0.021891 0.019221 0.016123 0.012473
0.052283 0.051606 0.051368 0.051197 0.051023 0.050840 0.050646 0.050444 0.050233 0.050014 0.049785 0.049547 0.049299 0.049039 0.048767 0.048481 0.048183 0.047869 0.047540 0.047194 0.046831 0.046449 0.046046 0.045623 0.045176 0.044705 0.044207 0.043681 0.043124 0.042534 0.041907 0.041241 0.040532 0.039775 0.038966 0.038098 0.037165 0.036159 0.035071 0.033888 0.032598 0.031184 0.029625 0.027895 0.025961 0.023781 0.021298 0.018437 0.015095 0.011126
0.051995 0.051989 0.051770 0.051546 0.051338 0.051138 0.050940 0.050739 0.050533 0.050320 0.050098 0.049867 0.049625 0.049371 0.049105 0.048825 0.048530 0.048220 0.047894 0.047550 0.047188 0.046806 0.046403 0.045977 0.045527 0.045052 0.044549 0.044016 0.043451 0.042851 0.042214 0.041534 0.040809 0.040035 0.039204 0.038313 0.037352 0.036314 0.035189 0.033963 0.032623 0.031149 0.029520 0.027705 0.025668 0.023362 0.020722 0.017662 0.014062 0.009752
0.052751 0.052200 0.051915 0.051703 0.051515 0.051336 0.051158 0.050975 0.050786 0.050589 0.050381 0.050162 0.049932 0.049688 0.049431 0.049159 0.048871 0.048567 0.048245 0.047905 0.047546 0.047165 0.046763 0.046337 0.045886 0.045408 0.044901 0.044363 0.043792 0.043184 0.042536 0.041845 0.041106 0.040315 0.039466 0.038552 0.037566 0.036498 0.035337 0.034070 0.032681 0.031149 0.029450 0.027551 0.025412 0.022979 0.020179 0.016915 0.013049 0.008382
0.051665 0.051811 0.051786 0.051703 0.051595 0.051469 0.051331 0.051179 0.051016 0.050840 0.050651 0.050448 0.050231 0.050000 0.049753 0.049490 0.049211 0.048914 0.048598 0.048263 0.047907 0.047530 0.047129 0.046704 0.046253 0.045773 0.045264 0.044722 0.044145 0.043531 0.042875 0.042174 0.041423 0.040617 0.039751 0.038817 0.037807 0.036711 0.035518 0.034212 0.032777 0.031190 0.029424 0.027444 0.025205 0.022647 0.019690 0.016221 0.012085 0.007053
0.051655 0.051754 0.051787 0.051766 0.051708 0.051624 0.051518 0.051395 0.051254 0.051098 0.050926 0.050738 0.050535 0.050315 0.050079 0.049825 0.049553 0.049263 0.048953 0.048624 0.048272 0.047898 0.047500 0.047077 0.046626 0.046146 0.045636 0.045092 0.044511 0.043892 0.043229 0.042520 0.041759 0.040941 0.040061 0.039109 0.038078 0.036958 0.035735 0.034394 0.032916 0.031278 0.029450 0.027395 0.025061 0.022384 0.019273 0.015605 0.011203 0.005807
0.052125 0.052079 0.052032 0.051985 0.051925 0.051850 0.051757 0.051647 0.051521 0.051377 0.051217 0.051041 0.050847 0.050637 0.050409 0.050163 0.049899 0.049615 0.049311 0.048986 0.048640 0.048269 0.047875 0.047454 0.047005 0.046526 0.046016 0.045471 0.044888 0.044265 0.043599 0.042883 0.042115 0.041288 0.040395 0.039430 0.038382 0.037240 0.035992 0.034620 0.033105 0.031422 0.029538 0.027413 0.024993 0.022205 0.018952 0.015095 0.010439 0.004694
0.052713 0.052443 0.052344 0.052275 0.052206 0.052127 0.052036 0.051930 0.051810 0.051673 0.051520 0.051351 0.051165 0.050962 0.050741 0.050502 0.050244 0.049966 0.049669 0.049349 0.049007 0.048642 0.048251 0.047834 0.047388 0.046912 0.046403 0.045859 0.045276 0.044652 0.043984 0.043265 0.042492 0.041658 0.040758 0.039781 0.038720 0.037562 0.036294 0.034897 0.033352 0.031630 0.029699 0.027514 0.025018 0.022133 0.018752 0.014725 0.009837 0.003769
0.052072 0.052515 0.052566 0.052535 0.052478 0.052406 0.052319 0.052218 0.052102 0.051970 0.051823 0.051660 0.051480 0.051283 0.051069 0.050837 0.050586 0.050315 0.050023 0.049710 0.049374 0.049015 0.048629 0.048217 0.047776 0.047303 0.046798 0.046257 0.045677 0.045055 0.044386 0.043668 0.042893 0.042057 0.041152 0.040170 0.039100 0.037931 0.036649 0.035234 0.033666 0.031915 0.029947 0.027714 0.025157 0.022191 0.018703 0.014533 0.009446 0.003099
0.053667 0.052947 0.052811 0.052769 0.052725 0.052664 0.052585 0.052491 0.052381 0.052256 0.052115 0.051959 0.051786 0.051597 0.051391 0.051166 0.050922 0.050659 0.050375 0.050070 0.049742 0.049389 0.049011 0.048605 0.048171 0.047705 0.047205 0.046670 0.046095 0.045477 0.044813 0.044097 0.043325 0.042490 0.041585 0.040602 0.039530 0.038357 0.037067 0.035642 0.034060 0.032291 0.030298 0.028033 0.025432 0.022407 0.018840 0.014560 0.009320 0.002753
0.051593 0.052700 0.052953 0.052991 0.052964 0.052910 0.052837 0.052749 0.052646 0.052529 0.052396 0.052249 0.052085 0.051905 0.051707 0.051492 0.051258 0.051004 0.050729 0.050433 0.050114 0.049770 0.049401 0.049005 0.048579 0.048122 0.047631 0.047103 0.046536 0.045927 0.045270 0.044561 0.043796 0.042967 0.042068 0.041089 0.040021 0.038850 0.037561 0.036136 0.034551 0.032776 0.030773 0.028492 0.025868 0.022811 0.019198 0.014851 0.009514 0.002806
0.054719 0.053699 0.053409 0.053294 0.053221 0.053154 0.053082 0.052999 0.052904 0.052796 0.052674 0.052536 0.052383 0.052213 0.052027 0.051822 0.051599 0.051356 0.051092 0.050807 0.050499 0.050167 0.049809 0.049423 0.049009 0.048563 0.048083 0.047567 0.047012 0.046413 0.045768 0.045070 0.044316 0.043499 0.042611 0.041643 0.040585 0.039425 0.038146 0.036731 0.035154 0.033387 0.031391 0.029115 0.026492 0.023433 0.019812 0.015448 0.010082 0.003324
0.053240 0.053536 0.053532 0.053487 0.053438 0.053384 0.053323 0.053251 0.053167 0.053070 0.052959 0.052833 0.052691 0.052533 0.052358 0.052166 0.051955 0.051725 0.051474 0.051201 0.050906 0.050587 0.050243 0.049871 0.049470 0.049038 0.048573 0.048071 0.047530 0.046947 0.046317 0.045635 0.044897 0.044097 0.043226 0.042275 0.041236 0.040095 0.038836 0.037441 0.035887 0.034142 0.032171 0.029921 0.027327 0.024299 0.020712 0.016388 0.011067 0.004362
0.053553 0.053565 0.053622 0.053645 0.053639 0.053612 0.053569 0.053513 0.053442 0.053358 0.053259 0.053146 0.053017 0.052873 0.052711 0.052532 0.052335 0.052119 0.051882 0.051625 0.051345 0.051041 0.050712 0.050356 0.049972 0.049557 0.049109 0.048625 0.048102 0.047538 0.046927 0.046266 0.045550 0.044771 0.043924 0.042998 0.041985 0.040872 0.039643 0.038280 0.036761 0.035056 0.033128 0.030927 0.028390 0.025429 0.021921 0.017694 0.012497 0.005953
0.053528 0.053750 0.053833 0.053866 0.053873 0.053861 0.053833 0.053791 0.053735 0.053665 0.053580 0.053481 0.053367 0.053237 0.053090 0.052927 0.052745 0.052545 0.052324 0.052083 0.051820 0.051534 0.051223 0.050886 0.050521 0.050126 0.049698 0.049235 0.048735 0.048194 0.047607 0.046972 0.046281 0.045531 0.044713 0.043820 0.042841 0.041764 0.040576 0.039258 0.037788 0.036138 0.034272 0.032144 0.029691 0.026831 0.023447 0.019376 0.014379 0.008102
0.054302 0.054169 0.054132 0.054128 0.054130 0.054125 0.054111 0.054083 0.054043 0.053989 0.053920 0.053837 0.053740 0.053626 0.053497 0.053351 0.053187 0.053004 0.052803 0.052581 0.052338 0.052071 0.051781 0.051465 0.051122 0.050750 0.050346 0.049908 0.049434 0.048919 0.048362 0.047756 0.047098 0.046381 0.045599 0.044745 0.043808 0.042777 0.041639 0.040377 0.038969 0.037390 0.035605 0.033571 0.031229 0.028503 0.025285 0.021422 0.016696 0.010782
0.054353 0.054285 0.054306 0.054341 0.054369 0.054387 0.054392 0.054384 0.054362 0.054326 0.054277 0.054213 0.054135 0.054041 0.053931 0.053805 0.053661 0.053500 0.053319 0.053119 0.052898 0.052654 0.052388 0.052096 0.051778 0.051432 0.051055 0.050646 0.050201 0.049718 0.049192 0.048621 0.048000 0.047323 0.046583 0.045775 0.044887 0.043911 0.042832 0.041637 0.040303 0.038809 0.037121 0.035200 0.032994 0.030430 0.027413 0.023804 0.019408 0.013934
0.053754 0.054229 0.054433 0.054541 0.054607 0.054651 0.054679 0.054692 0.054692 0.054678 0.054650 0.054608 0.054552 0.054480 0.054393 0.054289 0.054168 0.054030 0.053874 0.053698 0.053501 0.053284 0.053043 0.052779 0.052489 0.052172 0.051825 0.051447 0.051036 0.050587 0.050099 0.049567 0.048987 0.048355 0.047663 0.046906 0.046075 0.045160 0.044150 0.043029 0.041781 0.040383 0.038807 0.037016 0.034964 0.032586 0.029797 0.026476 0.022453 0.017476
0.054851 0.054718 0.054748 0.054811 0.054875 0.054931 0.054978 0.055013 0.055036 0.055046 0.055043 0.055025 0.054993 0.054946 0.054884 0.054805 0.054710 0.054598 0.054467 0.054318 0.054149 0.053959 0.053748 0.053513 0.053254 0.052968 0.052655 0.052312 0.051936 0.051526 0.051078 0.050589 0.050055 0.049471 0.048832 0.048132 0.047363 0.046516 0.045580 0.044544 0.043389 0.042098 0.040644 0.038995 0.037110 0.034934 0.032393 0.029383 0.025758 0.021308
0.054773 0.054918 0.054985 0.055058 0.055139 0.055217 0.055289 0.055351 0.055400 0.055437 0.055460 0.055469 0.055464 0.055444 0.055408 0.055356 0.055288 0.055203 0.055101 0.054980 0.054840 0.054680 0.054499 0.054296 0.054070 0.053819 0.053541 0.053235 0.052899 0.052530 0.052125 0.051682 0.051197 0.050666 0.050083 0.049444 0.048741 0.047967 0.047112 0.046164 0.045110 0.043931 0.042607 0.041108 0.039400 0.037435 0.035151 0.032461 0.029244 0.025328
0.055177 0.055019 0.055117 0.055254 0.055389 0.055511 0.055620 0.055714 0.055794 0.055860 0.055911 0.055948 0.055970 0.055976 0.055968 0.055944 0.055904 0.055848 0.055774 0.055683 0.055574 0.055445 0.055297 0.055127 0.054935 0.054720 0.054480 0.054213 0.053918 0.053592 0.053233 0.052839 0.052405 0.051929 0.051406 0.050831 0.050198 0.049500 0.048728 0.047873 0.046923 0.045861 0.044670 0.043326 0.041798 0.040047 0.038021 0.035649 0.032834 0.029437
0.053859 0.054800 0.055217 0.055480 0.055683 0.055851 0.055996 0.056122 0.056231 0.056324 0.056402 0.056466 0.056514 0.056548 0.056567 0.056571 0.056559 0.056531 0.056488 0.056427 0.056349 0.056252 0.056137 0.056002 0.055846 0.055667 0.055466 0.055240 0.054987 0.054707 0.054395 0.054051 0.053671 0.053252 0.052790 0.052281 0.051720 0.051100 0.050414 0.049654 0.048809 0.047866 0.046809 0.045619 0.044270 0.042730 0.040956 0.038892 0.036460 0.033552
0.055796 0.055542 0.055688 0.055896 0.056096 0.056278 0.056441 0.056587 0.056718 0.056834 0.056936 0.057024 0.057098 0.057158 0.057203 0.057234 0.057251 0.057252 0.057238 0.057208 0.057161 0.057097 0.057016 0.056916 0.056796 0.056656 0.056495 0.056310 0.056101 0.055866 0.055604 0.055311 0.054986 0.054625 0.054225 0.053784 0.053295 0.052754 0.052154 0.051489 0.050749 0.049924 0.048999 0.047960 0.046785 0.045448 0.043915 0.042142 0.040067 0.037607
0.055382 0.055956 0.056212 0.056410 0.056595 0.056772 0.056940 0.057099 0.057246 0.057382 0.057506 0.057617 0.057715 0.057800 0.057872 0.057930 0.057975 0.058005 0.058021 0.058021 0.058007 0.057976 0.057929 0.057865 0.057782 0.057681 0.057560 0.057418 0.057254 0.057065 0.056852 0.056611 0.056341 0.056039 0.055703 0.055328 0.054912 0.054450 0.053936 0.053364 0.052728 0.052017 0.051222 0.050328 0.049320 0.048175 0.046868 0.045362 0.043613 0.041557
0.056889 0.056675 0.056760 0.056915 0.057091 0.057273 0.057454 0.057629 0.057796 0.057953 0.058099 0.058234 0.058357 0.058468 0.058566 0.058652 0.058725 0.058785 0.058831 0.058863 0.058881 0.058884 0.058872 0.058844 0.058800 0.058738 0.058658 0.058559 0.058440 0.058299 0.058135 0.057947 0.057732 0.057489 0.057216 0.056908 0.056564 0.056179 0.055750 0.055270 0.054734 0.054134 0.053462 0.052707 0.051855 0.050890 0.049791 0.048531 0.047075 0.045376
0.056287 0.056782 0.057051 0.057285 0.057513 0.057734 0.057949 0.058154 0.058348 0.058532 0.058704 0.058865 0.059015 0.059153 0.059279 0.059394 0.059496 0.059586 0.059664 0.059728 0.059780 0.059818 0.059842 0.059851 0.059845 0.059824 0.059786 0.059731 0.059657 0.059564 0.059451 0.059315 0.059156 0.058972 0.058761 0.058520 0.058246 0.057938 0.057590 0.057199 0.056760 0.056267 0.055712 0.055087 0.054382 0.053584 0.052675 0.051637 0.050441 0.049055
0.056890 0.056970 0.057277 0.057599 0.057900 0.058178 0.058435 0.058676 0.058903 0.059116 0.059317 0.059506 0.059684 0.059851 0.060007 0.060152 0.060285 0.060408 0.060518 0.060617 0.060703 0.060778 0.060839 0.060887 0.060921 0.060941 0.060946 0.060935 0.060908 0.060863 0.060800 0.060717 0.060614 0.060488 0.060339 0.060163 0.059960 0.059725 0.059457 0.059152 0.058806 0.058414 0.057970 0.057468 0.056899 0.056254 0.055519 0.054679 0.053714 0.052600
0.056171 0.057066 0.057596 0.058001 0.058347 0.058658 0.058945 0.059214 0.059468 0.059709 0.059939 0.060157 0.060366 0.060564 0.060751 0.060929 0.061096 0.061252 0.061398 0.061533 0.061656 0.061768 0.061868 0.061956 0.062032 0.062094 0.062143 0.062178 0.062198 0.062202 0.062190 0.062160 0.062112 0.062045 0.061957 0.061846 0.061710 0.061548 0.061358 0.061135 0.060878 0.060582 0.060243 0.059856 0.059413 0.058907 0.058330 0.057668 0.056908 0.056030
0.057795 0.057941 0.058250 0.058572 0.058885 0.059189 0.059483 0.059769 0.060046 0.060315 0.060574 0.060824 0.061066 0.061298 0.061521 0.061734 0.061937 0.062130 0.062314 0.062487 0.062650 0.062801 0.062942 0.063072 0.063190 0.063296 0.063390 0.063471 0.063539 0.063593 0.063632 0.063656 0.063663 0.063654 0.063626 0.063578 0.063510 0.063419 0.063303 0.063160 0.062988 0.062784 0.062544 0.062263 0.061937 0.061561 0.061126 0.060624 0.060044 0.059373
0.058265 0.058622 0.058861 0.059120 0.059407 0.059710 0.060019 0.060330 0.060637 0.060938 0.061234 0.061521 0.061800 0.062071 0.062332 0.062585 0.062827 0.063061 0.063284 0.063498 0.063702 0.063896 0.064079 0.064252 0.064414 0.064565 0.064705 0.064833 0.064949 0.065053 0.065144 0.065221 0.065284 0.065332 0.065364 0.065379 0.065376 0.065354 0.065311 0.065245 0.065155 0.065038 0.064891 0.064711 0.064494 0.064237 0.063932 0.063575 0.063156 0.062666
0.059193 0.058984 0.059174 0.059479 0.059823 0.060180 0.060541 0.060900 0.061254 0.061602 0.061943 0.062274 0.062597 0.062911 0.063215 0.063510 0.063795 0.064070 0.064336 0.064592 0.064839 0.065076 0.065303 0.065520 0.065727 0.065924 0.066111 0.066287 0.066452 0.066606 0.066749 0.066880 0.066998 0.067103 0.067194 0.067271 0.067333 0.067378 0.067406 0.067415 0.067403 0.067369 0.067311 0.067227 0.067112 0.066965 0.066780 0.066554 0.066279 0.065950
0.057537 0.058548 0.059194 0.059725 0.060209 0.060667 0.061109 0.061537 0.061952 0.062356 0.062748 0.063129 0.063499 0.063859 0.064208 0.064546 0.064875 0.065194 0.065503 0.065802 0.066092 0.066373 0.066644 0.066906 0.067159 0.067403 0.067636 0.067861 0.068075 0.068280 0.068475 0.068659 0.068832 0.068994 0.069144 0.069282 0.069408 0.069519 0.069616 0.069698 0.069762 0.069809 0.069836 0.069842 0.069824 0.069780 0.069707 0.069601 0.069459 0.069275
0.058236 0.058918 0.059594 0.060214 0.060788 0.061329 0.061844 0.062337 0.062811 0.063269 0.063712 0.064141 0.064557 0.064961 0.065354 0.065736 0.066108 0.066469 0.066821 0.067164 0.067497 0.067822 0.068137 0.068444 0.068743 0.069033 0.069314 0.069587 0.069851 0.070106 0.070353 0.070590 0.070818 0.071037 0.071246 0.071445 0.071633 0.071810 0.071975 0.072128 0.072267 0.072392 0.072502 0.072595 0.072669 0.072723 0.072756 0.072763 0.072742 0.072691
0.059264 0.059888 0.060496 0.061109 0.061711 0.062293 0.062853 0.063391 0.063910 0.064410 0.064894 0.065364 0.065821 0.066265 0.066698 0.067120 0.067533 0.067935 0.068329 0.068713 0.069089 0.069457 0.069817 0.070168 0.070512 0.070848 0.071177 0.071498 0.071812 0.072118 0.072416 0.072708 0.072991 0.073266 0.073534 0.073793 0.074044 0.074286 0.074519 0.074742 0.074955 0.075157 0.075348 0.075526 0.075690 0.075839 0.075973 0.076088 0.076182 0.076254
0.060746 0.061147 0.061751 0.062385 0.063008 0.063610 0.064190 0.064750 0.065294 0.065822 0.066336 0.066837 0.067327 0.067807 0.068276 0.068735 0.069185 0.069627 0.070060 0.070486 0.070904 0.071314 0.071717 0.072113 0.072502 0.072884 0.073260 0.073630 0.073993 0.074350 0.074701 0.075046 0.075385 0.075718 0.076045 0.076365 0.076679 0.076987 0.077287 0.077581 0.077868 0.078147 0.078418 0.078681 0.078934 0.079177 0.079409 0.079629 0.079835 0.080027
0.061316 0.062515 0.063350 0.064042 0.064671 0.065269 0.065849 0.066416 0.066972 0.067518 0.068054 0.068582 0.069101 0.069612 0.070114 0.070609 0.071096 0.071575 0.072048 0.072513 0.072972 0.073424 0.073870 0.074311 0.074745 0.075174 0.075598 0.076016 0.076430 0.076839 0.077243 0.077642 0.078038 0.078429 0.078815 0.079198 0.079576 0.079951 0.080321 0.080687 0.081049 0.081406 0.081759 0.082107 0.082450 0.082788 0.083119 0.083444 0.083762 0.084072
0.064348 0.064963 0.065523 0.066081 0.066645 0.067214 0.067785 0.068356 0.068926 0.069491 0.070052 0.070607 0.071156 0.071699 0.072235 0.072765 0.073289 0.073806 0.074318 0.074823 0.075323 0.075818 0.076308 0.076793 0.077273 0.077749 0.078221 0.078690 0.079155 0.079616 0.080075 0.080531 0.080984 0.081435 0.081884 0.082331 0.082776 0.083220 0.083662 0.084103 0.084543 0.084982 0.085420 0.085857 0.086294 0.086729 0.087164 0.087598 0.088030 0.088461
0.067705 0.067480 0.067764 0.068231 0.068774 0.069351 0.069943 0.070541 0.071140 0.071738 0.072332 0.072922 0.073506 0.074085 0.074658 0.075225 0.075787 0.076344 0.076895 0.077442 0.077984 0.078522 0.079056 0.079586 0.080114 0.080638 0.081160 0.081680 0.082198 0.082715 0.083230 0.083745 0.084259 0.084774 0.085288 0.085803 0.086319 0.086836 0.087355 0.087876 0.088399 0.088925 0.089454 0.089986 0.090522 0.091062 0.091607 0.092157 0.092713 0.093274
0.067852 0.068906 0.069654 0.070334 0.071002 0.071667 0.072328 0.072985 0.073636 0.074280 0.074918 0.075548 0.076173 0.076791 0.077403 0.078010 0.078611 0.079208 0.079801 0.080390 0.080975 0.081558 0.082138 0.082715 0.083292 0.083867 0.084441 0.085015 0.085589 0.086164 0.086740 0.087318 0.087897 0.088479 0.089064 0.089652 0.090245 0.090842 0.091444 0.092052 0.092666 0.093287 0.093916 0.094553 0.095199 0.095856 0.096523 0.097202 0.097893 0.098599
0.070078 0.070975 0.071875 0.072725 0.073528 0.074297 0.075039 0.075761 0.076467 0.077161 0.077843 0.078516 0.079180 0.079838 0.080490 0.081136 0.081778 0.082416 0.083051 0.083683 0.084314 0.084943 0.085571 0.086198 0.086826 0.087455 0.088086 0.088718 0.089353 0.089990 0.090632 0.091278 0.091929 0.092585 0.093248 0.093917 0.094595 0.095281 0.095976 0.096682 0.097398 0.098127 0.098869 0.099625 0.100397 0.101186 0.101993 0.102821 0.103670 0.104544
0.072822 0.073828 0.074804 0.075718 0.076578 0.077396 0.078183 0.078945 0.079689 0.080419 0.081137 0.081845 0.082546 0.083240 0.083929 0.084614 0.085296 0.085976 0.086654 0.087332 0.088009 0.088687 0.089367 0.090048 0.090732 0.091419 0.092111 0.092807 0.093509 0.094216 0.094931 0.095654 0.096384 0.097125 0.097876 0.098638 0.099412 0.100199 0.101002 0.101820 0.102655 0.103508 0.104382 0.105278 0.106198 0.107144 0.108118 0.109124 0.110163 0.111241
0.076429 0.077609 0.078533 0.079383 0.080201 0.080999 0.081781 0.082550 0.083307 0.084056 0.084797 0.085533 0.086263 0.086990 0.087715 0.088438 0.089161 0.089884 0.090608 0.091333 0.092062 0.092793 0.093529 0.094270 0.095016 0.095769 0.096529 0.097297 0.098075 0.098862 0.099660 0.100470 0.101294 0.102131 0.102984 0.103853 0.104740 0.105647 0.106575 0.107526 0.108502 0.109505 0.110538 0.111602 0.112702 0.113840 0.115020 0.116246 0.117524 0.118859
0.081954 0.082194 0.082786 0.083487 0.084226 0.084980 0.085740 0.086501 0.087262 0.088023 0.088782 0.089542 0.090301 0.091061 0.091823 0.092587 0.093353 0.094123 0.094897 0.095677 0.096463 0.097255 0.098055 0.098863 0.099681 0.100509 0.101348 0.102200 0.103065 0.103945 0.104840 0.105753 0.106685 0.107636 0.108610 0.109607 0.110629 0.111679 0.112759 0.113871 0.115019 0.116205 0.117433 0.118706 0.120031 0.121411 0.122852 0.124363 0.125950 0.127626
0.085337 0.086196 0.086935 0.087663 0.088402 0.089153 0.089914 0.090683 0.091458 0.092239 0.093024 0.093814 0.094608 0.095408 0.096213 0.097024 0.097842 0.098668 0.099501 0.100344 0.101196 0.102059 0.102934 0.103821 0.104722 0.105639 0.106571 0.107521 0.108490 0.109480 0.110491 0.111527 0.112588 0.113677 0.114796 0.115947 0.117134 0.118359 0.119625 0.120936 0.122297 0.123713 0.125187 0.126728 0.128341 0.130035 0.131821 0.133710 0.135718 0.137862
0.089297 0.090203 0.091025 0.091818 0.092606 0.093396 0.094193 0.094996 0.095808 0.096626 0.097453 0.098287 0.099130 0.099981 0.100842 0.101713 0.102594 0.103486 0.104391 0.105309 0.106242 0.107189 0.108153 0.109135 0.110136 0.111158 0.112201 0.113269 0.114362 0.115483 0.116634 0.117818 0.119036 0.120292 0.121589 0.122930 0.124319 0.125761 0.127260 0.128823 0.130454 0.132163 0.133956 0.135844 0.137839 0.139954 0.142207 0.144620 0.147220 0.150045
0.093776 0.094365 0.095150 0.095980 0.096822 0.097670 0.098524 0.099384 0.100252 0.101129 0.102015 0.102911 0.103818 0.104737 0.105669 0.106614 0.107573 0.108549 0.109540 0.110550 0.111578 0.112627 0.113699 0.114794 0.115914 0.117062 0.118239 0.119448 0.120691 0.121972 0.123292 0.124655 0.126065 0.127527 0.129043 0.130620 0.132262 0.133977 0.135772 0.137655 0.139637 0.141727 0.143941 0.146293 0.148805 0.151501 0.154411 0.157578 0.161055 0.164922
0.097047 0.098257 0.099218 0.100135 0.101048 0.101966 0.102890 0.103822 0.104763 0.105714 0.106676 0.107651 0.108639 0.109642 0.110661 0.111697 0.112752 0.113827 0.114923 0.116042 0.117186 0.118357 0.119556 0.120786 0.122049 0.123348 0.124686 0.126065 0.127490 0.128963 0.130489 0.132073 0.133719 0.135434 0.137224 0.139095 0.141058 0.143121 0.145295 0.147594 0.150033 0.152632 0.155411 0.158400 0.161633 0.165155 0.169027 0.173329 0.178182 0.183760
0.101875 0.102436 0.103330 0.104297 0.105284 0.106281 0.107286 0.108301 0.109327 0.110366 0.111418 0.112486 0.113570 0.114673 0.115795 0.116939 0.118106 0.119298 0.120517 0.121766 0.123046 0.124360 0.125710 0.127101 0.128534 0.130014 0.131543 0.133127 0.134771 0.136478 0.138255 0.140109 0.142046 0.144076 0.146207 0.148451 0.150820 0.153330 0.155997 0.158844 0.161894 0.165179 0.168738 0.172621 0.176891 0.181635 0.186976 0.193088 0.200243 0.208867
0.104550 0.106153 0.107344 0.108444 0.109527 0.110614 0.111709 0.112816 0.113937 0.115074 0.116227 0.117400 0.118593 0.119808 0.121048 0.122315 0.123611 0.124939 0.126300 0.127698 0.129137 0.130618 0.132146 0.133725 0.135359 0.137052 0.138811 0.140640 0.142546 0.144536 0.146619 0.148804 0.151101 0.153523 0.156084 0.158800 0.161691 0.164780 0.168095 0.171670 0.175548 0.179782 0.184441 0.189615 0.195430 0.202061 0.209770 0.218959 0.230275 0.244787
0.109857 0.110483 0.111512 0.112636 0.113791 0.114964 0.116153 0.117358 0.118581 0.119823 0.121086 0.122373 0.123685 0.125025 0.126396 0.127801 0.129241 0.130721 0.132244 0.133813 0.135433 0.137107 0.138841 0.140639 0.142508 0.144453 0.146482 0.148603 0.150824 0.153156 0.155611 0.158202 0.160944 0.163855 0.166957 0.170276 0.173840 0.177687 0.181863 0.186424 0.191443 0.197014 0.203264 0.210368 0.218578 0.228271 0.240035 0.254830 0.274247 0.300943
0.112748 0.114285 0.115554 0.116792 0.118042 0.119310 0.120597 0.121904 0.123233 0.124585 0.125964 0.127372 0.128812 0.130288 0.131801 0.133357 0.134958 0.136608 0.138312 0.140074 0.141900 0.143794 0.145764 0.147816 0.149957 0.152197 0.154545 0.157011 0.159609 0.162352 0.165258 0.168346 0.171637 0.175160 0.178947 0.183035 0.187474 0.192321 0.197653 0.203566 0.210186 0.217686 0.226308 0.236401 0.248497 0.263432 0.282583 0.308243 0.344218 0.396563
0.117249 0.118307 0.119573 0.120900 0.122250 0.123617 0.125003 0.126411 0.127847 0.129312 0.130810 0.132346 0.133922 0.135542 0.137210 0.138930 0.140707 0.142546 0.144451 0.146430 0.148487 0.150632 0.152870 0.155213 0.157669 0.160251 0.162972 0.165845 0.168890 0.172127 0.175578 0.179272 0.183242 0.187529 0.192181 0.197258 0.202838 0.209015 0.215916 0.223708 0.232618 0.242970 0.255237 0.270141 0.288835 0.313216 0.346451 0.393716 0.462914 0.564463
0.120521 0.121994 0.123477 0.124927 0.126368 0.127821 0.129297 0.130803 0.132345 0.133925 0.135548 0.137219 0.138939 0.140715 0.142551 0.144451 0.146421 0.148467 0.150596 0.152815 0.155132 0.157557 0.160101 0.162774 0.165591 0.168568 0.171721 0.175071 0.178644 0.182467 0.186573 0.191005 0.195809 0.201048 0.206795 0.213145 0.220219 0.228175 0.237226 0.247667 0.259913 0.274582 0.292623 0.315553 0.345876 0.387745 0.447780 0.535470 0.661561 0.832746
0.123772 0.125842 0.127366 0.128818 0.130291 0.131806 0.133364 0.134969 0.136621 0.138325 0.140083 0.141898 0.143777 0.145722 0.147740 0.149836 0.152018 0.154292 0.156667 0.159152 0.161757 0.164496 0.167380 0.170427 0.173653 0.177079 0.180730 0.184633 0.188823 0.193338 0.198227 0.203549 0.209375 0.215795 0.222923 0.230907 0.239940 0.250286 0.262307 0.276524 0.293709 0.315052 0.342461 0.379076 0.430034 0.503253 0.609150 0.757252 0.949701 1.178839
0.130033 0.129861 0.130889 0.132272 0.133794 0.135396 0.137060 0.138783 0.140565 0.142408 0.144316 0.146293 0.148344 0.150475 0.152691 0.155001 0.157412 0.159934 0.162577 0.165353 0.168274 0.171358 0.174620 0.178081 0.181765 0.185698 0.189914 0.194451 0.199354 0.204678 0.210491 0.216878 0.223942 0.231817 0.240677 0.250752 0.262352 0.275911 0.292049 0.311691 0.336262 0.368040 0.410745 0.470364 0.555753 0.677469 0.842876 1.050187 1.289732 1.550956
0.128302 0.131268 0.133231 0.134981 0.136710 0.138473 0.140287 0.142158 0.144093 0.146096 0.148172 0.150326 0.152565 0.154895 0.157325 0.159864 0.162521 0.165308 0.168238 0.171326 0.174589 0.178045 0.181718 0.185633 0.189821 0.194318 0.199166 0.204416 0.210132 0.216387 0.223277 0.230920 0.239468 0.249117 0.260129 0.272858 0.287799 0.305661 0.327498 0.354932 0.390539 0.438483 0.505343 0.600475 0.734034 0.911277 1.127955 1.373800 1.638968 1.916462
0.132562 0.133722 0.135439 0.137267 0.139142 0.141064 0.143040 0.145076 0.147179 0.149355 0.151609 0.153951 0.156387 0.158926 0.161579 0.164355 0.167269 0.170333 0.173564 0.176980 0.180602 0.184454 0.188565 0.192967 0.197700 0.202809 0.208350 0.214391 0.221015 0.228323 0.236446 0.245549 0.255846 0.267625 0.281272 0.297328 0.316566 0.340132 0.369776 0.408258 0.459986 0.531815 0.633216 0.773833 0.957588 1.179132 1.428174 1.695340 1.974062 2.260137
0.133083 0.135309 0.137211 0.139152 0.141161 0.143233 0.145366 0.147565 0.149834 0.152181 0.154615 0.157143 0.159775 0.162523 0.165399 0.168415 0.171587 0.174932 0.178470 0.182222 0.186214 0.190476 0.195043 0.199956 0.205263 0.211024 0.217309 0.224206 0.231823 0.240297 0.249801 0.260563 0.272883 0.287167 0.303979 0.324126 0.348791 0.379771 0.419868 0.473510 0.547509 0.651179 0.793862 0.979164 1.201697 1.451351 1.718910 1.997897 2.284157 2.575075
0.135622 0.136665 0.138567 0.140658 0.142821 0.145038 0.147316 0.149660 0.152079 0.154583 0.157181 0.159883 0.162702 0.165649 0.168740 0.171988 0.175414 0.179035 0.182876 0.186963 0.191326 0.196001 0.201030 0.206465 0.212364 0.218800 0.225864 0.233664 0.242341 0.252072 0.263086 0.275686 0.290283 0.307440 0.327959 0.353006 0.384338 0.424660 0.478207 0.551459 0.653364 0.793236 0.975339 1.195163 1.442949 1.709357 1.987678 2.273579 2.564327 2.858187
0.133012 0.136964 0.139576 0.141901 0.144192 0.146518 0.148904 0.151363 0.153905 0.156542 0.159284 0.162142 0.165130 0.168261 0.171552 0.175020 0.178686 0.182572 0.186705 0.191116 0.195841 0.200921 0.206408 0.212361 0.218852 0.225969 0.233824 0.242551 0.252326 0.263372 0.275986 0.290562 0.307644 0.327994 0.352712 0.383435 0.422655 0.474237 0.544096 0.640586 0.773093 0.947280 1.160477 1.403652 1.667161 1.943751 2.228657 2.518871 2.812486 3.108274
0.138775 0.139092 0.140833 0.142965 0.145244 0.147616 0.150073 0.152619 0.155262 0.158011 0.160877 0.163874 0.167014 0.170312 0.173787 0.177458 0.181347 0.185481 0.189889 0.194606 0.199674 0.205141 0.211066 0.217519 0.224584 0.232367 0.240999 0.250646 0.261519 0.273896 0.288146 0.304770 0.324466 0.348229 0.377520 0.414536 0.462653 0.527038 0.615209 0.736407 0.897987 1.100109 1.335289 1.593654 1.867113 2.150176 2.439351 2.732434 3.028013 3.325163
0.135449 0.138632 0.141056 0.143378 0.145742 0.148181 0.150710 0.153338 0.156073 0.158926 0.161908 0.165031 0.168311 0.171763 0.175406 0.179262 0.183356 0.187716 0.192377 0.197376 0.202761 0.208586 0.214918 0.221836 0.229439 0.237849 0.247219 0.257742 0.269672 0.283341 0.299197 0.317854 0.340181 0.367430 0.401463 0.445106 0.502683 0.580640 0.687609 0.832270 1.018292 1.241092 1.491197 1.759522 2.039502 2.326883 2.618979 2.914085 3.211097 3.509279
0.136516 0.138515 0.140796 0.143162 0.145601 0.148124 0.150742 0.153464 0.156299 0.159258 0.162354 0.165599 0.169009 0.172602 0.176399 0.180422 0.184700 0.189263 0.194148 0.199399 0.205066 0.211210 0.217906 0.225242 0.233329 0.242304 0.252342 0.263666 0.276566 0.291431 0.308786 0.329362 0.354199 0.384818 0.423495 0.473695 0.540667 0.631913 0.756464 0.921261 1.126124 1.363524 1.623707 1.898703 2.183109 2.473488 2.767673 3.064274 3.362383 3.661388
0.135399 0.137545 0.139865 0.142307 0.144845 0.147476 0.150203 0.153034 0.155977 0.159045 0.162252 0.165612 0.169142 0.172862 0.176795 0.180965 0.185402 0.190139 0.195218 0.200683 0.206590 0.213007 0.220012 0.227704 0.236204 0.245664 0.256277 0.268291 0.282033 0.297940 0.316613 0.338888 0.365971 0.399635 0.442550 0.498777 0.574362 0.677541 0.817096 0.997772 1.216332 1.463795 1.730799 2.010338 2.297816 2.590332 2.886051 3.183789 3.482763 3.782444
0.132815 0.135707 0.138337 0.140965 0.143650 0.146407 0.149247 0.152183 0.155227 0.158393 0.161697 0.165156 0.168788 0.172615 0.176660 0.180951 0.185517 0.190397 0.195630 0.201268 0.207368 0.214002 0.221255 0.229231 0.238061 0.247907 0.258979 0.271546 0.285964 0.302712 0.322452 0.346114 0.375041 0.411225 0.457672 0.518939 0.601692 0.714574 0.865775 1.058027 1.286045 1.540263 1.811835 2.094458 2.384071 2.678114 2.974964 3.273567 3.573224 3.873457
0.132462 0.134309 0.136839 0.139542 0.142317 0.145157 0.148074 0.151082 0.154196 0.157432 0.160807 0.164338 0.168046 0.171951 0.176079 0.180459 0.185121 0.190104 0.195452 0.201216 0.207456 0.214248 0.221679 0.229860 0.238927 0.249051 0.260451 0.273413 0.288314 0.305665 0.326170 0.350827 0.381085 0.419097 0.468118 0.533062 0.621013 0.740799 0.899997 1.099871 1.333925 1.592415 1.866900 2.151529 2.442567 2.737661 3.035315 3.334555 3.634731 3.935398
0.128569 0.132438 0.135425 0.138224 0.141021 0.143875 0.146810 0.149843 0.152988 0.156259 0.159672 0.163245 0.166997 0.170950 0.175130 0.179564 0.184286 0.189334 0.194752 0.200593 0.206919 0.213805 0.221344 0.229646 0.238852 0.249138 0.260728 0.273916 0.289091 0.306781 0.327716 0.352930 0.383932 0.422965 0.473425 0.540426 0.631272 0.754865 0.918393 1.122318 1.359561 1.620329 1.896404 2.182165 2.474038 2.769773 3.067940 3.367602 3.668137 3.969114
0.130434 0.132095 0.134424 0.137000 0.139712 0.142530 0.145452 0.148483 0.151632 0.154912 0.158338 0.161926 0.165695 0.169668 0.173868 0.178324 0.183070 0.188143 0.193588 0.199458 0.205814 0.212734 0.220307 0.228648 0.237894 0.248224 0.259863 0.273105 0.288341 0.306099 0.327114 0.352427 0.383553 0.422748 0.473431 0.540746 0.632040 0.756239 0.920494 1.125157 1.363046 1.624341 1.900840 2.186951 2.479118 2.775111 3.073506 3.373376 3.674100 3.975255
0.128011 0.130309 0.132818 0.135451 0.138183 0.141010 0.143934 0.146965 0.150113 0.153390 0.156813 0.160397 0.164161 0.168128 0.172322 0.176771 0.181508 0.186569 0.192000 0.197852 0.204186 0.211078 0.218617 0.226913 0.236104 0.246364 0.257913 0.271040 0.286126 0.303688 0.324442 0.349401 0.380040 0.418550 0.468251 0.534154 0.623465 0.745101 0.906534 1.108690 1.344748 1.604862 1.880644 2.166330 2.458254 2.754114 3.052446 3.352298 3.653034 3.954220
0.124483 0.127930 0.130839 0.133638 0.136446 0.139308 0.142246 0.145277 0.148418 0.151684 0.155090 0.158655 0.162397 0.166337 0.170501 0.174915 0.179612 0.184628 0.190005 0.195795 0.202057 0.208863 0.216300 0.224474 0.233518 0.243599 0.254927 0.267779 0.282518 0.299635 0.319808 0.343994 0.373580 0.410623 0.458237 0.521139 0.606208 0.722255 0.877340 1.073626 1.305210 1.562298 1.836125 2.120552 2.411651 2.706959 3.004917 3.304510 3.605066 3.906126
0.124440 0.126513 0.129130 0.131863 0.134651 0.137498 0.140420 0.143433 0.146550 0.149788 0.153163 0.156691 0.160391 0.164285 0.168396 0.172749 0.177377 0.182314 0.187602 0.193287 0.199429 0.206094 0.213366 0.221346 0.230157 0.239956 0.250943 0.263373 0.277585 0.294033 0.313341 0.336385 0.364428 0.399336 0.443926 0.502482 0.581359 0.689078 0.834342 1.021132 1.245199 1.497076 1.767480 2.049666 2.339269 2.633551 2.930784 3.229854 3.530023 3.830793
0.121532 0.124766 0.127446 0.130092 0.132799 0.135583 0.138455 0.141421 0.144494 0.147686 0.151011 0.154484 0.158124 0.161950 0.165984 0.170252 0.174783 0.179609 0.184771 0.190313 0.196288 0.202762 0.209810 0.217526 0.226025 0.235452 0.245987 0.257866 0.271394 0.286981 0.305185 0.326783 0.352889 0.385139 0.425988 0.479180 0.550364 0.647482 0.779661 0.953029 1.165910 1.409798 1.674892 1.953591 2.240865 2.533547 2.829649 3.127896 3.427452 3.727756
0.122207 0.123411 0.125614 0.128110 0.130738 0.133463 0.136279 0.139191 0.142207 0.145339 0.148598 0.151999 0.155559 0.159296 0.163232 0.167389 0.171795 0.176480 0.181482 0.186842 0.192609 0.198843 0.205612 0.213004 0.221120 0.230093 0.240083 0.251299 0.264014 0.278584 0.295496 0.315419 0.339305 0.368536 0.405176 0.452367 0.514907 0.599843 0.716208 0.872111 1.069357 1.301560 1.558754 1.832265 2.116099 2.406442 2.700906 2.997972 3.296657 3.596302
0.116373 0.120156 0.123018 0.125682 0.128338 0.131043 0.133819 0.136679 0.139634 0.142696 0.145877 0.149190 0.152653 0.156281 0.160096 0.164118 0.168372 0.172889 0.177699 0.182842 0.188362 0.194312 0.200755 0.207767 0.215441 0.223890 0.233258 0.243724 0.255524 0.268962 0.284451 0.302549 0.324043 0.350064 0.382281 0.423222 0.476770 0.548812 0.647614 0.782443 0.958947 1.174511 1.420084 1.685932 1.964735 2.251710 2.543856 2.839284 3.136781 3.435548
0.116127 0.118095 0.120503 0.123043 0.125650 0.128315 0.131044 0.133845 0.136730 0.139710 0.142799 0.146009 0.149357 0.152858 0.156531 0.160396 0.164476 0.168796 0.173387 0.178282 0.183521 0.189151 0.195227 0.201816 0.208997 0.216869 0.225555 0.235208 0.246024 0.258258 0.272248 0.288449 0.307491 0.330267 0.358081 0.392880 0.437655 0.497020 0.577880 0.689356 0.840101 1.032722 1.261258 1.515657 1.786990 2.069053 2.357895 2.651043 2.946930 3.244538
0.113350 0.115277 0.117610 0.120100 0.122661 0.125272 0.127936 0.130661 0.133459 0.136341 0.139322 0.142414 0.145631 0.148988 0.152502 0.156191 0.160076 0.164179 0.168526 0.173147 0.178078 0.183358 0.189035 0.195166 0.201819 0.209077 0.217043 0.225843 0.235639 0.246637 0.259109 0.273413 0.290040 0.309674 0.333295 0.362349 0.399027 0.446727 0.510713 0.598731 0.720381 0.883240 1.087202 1.324242 1.584164 1.858827 2.142808 2.432695 2.726346 3.022396
0.107788 0.111379 0.114219 0.116819 0.119356 0.121896 0.124471 0.127098 0.129790 0.132559 0.135418 0.138378 0.141451 0.144651 0.147993 0.151492 0.155165 0.159034 0.163119 0.167448 0.172049 0.176958 0.182213 0.187864 0.193966 0.200589 0.207816 0.215750 0.224521 0.234292 0.245275 0.257746 0.272077 0.288775 0.308555 0.332451 0.362003 0.399573 0.448859 0.515620 0.608215 0.736479 0.907012 1.117828 1.359791 1.622813 1.899295 2.184285 2.474684 2.768541
0.106750 0.108792 0.111058 0.113388 0.115755 0.118163 0.120618 0.123130 0.125705 0.128353 0.131083 0.133904 0.136826 0.139861 0.143020 0.146318 0.149769 0.153390 0.157201 0.161223 0.165481 0.170003 0.174824 0.179983 0.185526 0.191509 0.197999 0.205077 0.212846 0.221433 0.230998 0.241749 0.253961 0.268002 0.284378 0.303804 0.327326 0.356509 0.393787 0.443004 0.510191 0.604078 0.734692 0.908210 1.121768 1.365696 1.629933 1.907103 2.192454 2.483014
0.103963 0.105489 0.107396 0.109505 0.111723 0.114011 0.116358 0.118762 0.121226 0.123755 0.126356 0.129036 0.131804 0.134667 0.137637 0.140726 0.143945 0.147309 0.150835 0.154540 0.158446 0.162576 0.166958 0.171624 0.176612 0.181965 0.187737 0.193991 0.200807 0.208279 0.216530 0.225711 0.236022 0.247723 0.261164 0.276830 0.295407 0.317901 0.345835 0.381588 0.428969 0.494013 0.585553 0.713878 0.885553 1.097904 1.341114 1.604922 1.881832 2.167026
0.098237 0.100555 0.102804 0.105017 0.107236 0.109479 0.111758 0.114077 0.116442 0.118858 0.121330 0.123865 0.126471 0.129155 0.131927 0.134796 0.137773 0.140872 0.144105 0.147488 0.151038 0.154776 0.158724 0.162907 0.167355 0.172103 0.177193 0.182673 0.188603 0.195055 0.202118 0.209902 0.218548 0.228239 0.239212 0.251789 0.266413 0.283714 0.304615 0.330524 0.363655 0.407585 0.468066 0.553712 0.675068 0.839882 1.046888 1.286600 1.548304 1.824007
0.092795 0.095731 0.098138 0.100390 0.102596 0.104798 0.107011 0.109244 0.111504 0.113797 0.116128 0.118505 0.120934 0.123424 0.125983 0.128620 0.131345 0.134169 0.137105 0.140165 0.143363 0.146717 0.150243 0.153963 0.157900 0.162082 0.166540 0.171312 0.176441 0.181981 0.187996 0.194566 0.201790 0.209792 0.218733 0.228824 0.240349 0.253695 0.269416 0.288322 0.311651 0.341357 0.380627 0.434654 0.511458 0.621574 0.774373 0.971343 1.204262 1.461854
0.090795 0.092108 0.093998 0.096041 0.098128 0.100228 0.102334 0.104445 0.106566 0.108703 0.110863 0.113053 0.115281 0.117555 0.119884 0.122277 0.124742 0.127289 0.129928 0.132671 0.135530 0.138517 0.141647 0.144937 0.148405 0.152071 0.155961 0.160101 0.164525 0.169272 0.174387 0.179928 0.185964 0.192578 0.199880 0.208007 0.217139 0.227515 0.239466 0.253456 0.270168 0.290638 0.316510 0.350471 0.396961 0.463040 0.558694 0.694638 0.876157 1.098018
0.085925 0.088060 0.090020 0.091982 0.093945 0.095899 0.097839 0.099769 0.101697 0.103631 0.105580 0.107551 0.109553 0.111595 0.113683 0.115827 0.118034 0.120311 0.122668 0.125114 0.127658 0.130310 0.133082 0.135987 0.139039 0.142253 0.145648 0.149245 0.153068 0.157144 0.161508 0.166199 0.171265 0.176764 0.182769 0.189369 0.196680 0.204850 0.214078 0.224632 0.236892 0.251409 0.269018 0.291037 0.319627 0.358381 0.413159 0.492788 0.608326 0.768748
0.082482 0.084402 0.086372 0.088249 0.090042 0.091777 0.093478 0.095162 0.096844 0.098535 0.100244 0.101980 0.103750 0.105560 0.107417 0.109327 0.111296 0.113330 0.115436 0.117620 0.119890 0.122253 0.124719 0.127297 0.129997 0.132832 0.135814 0.138960 0.142288 0.145817 0.149571 0.153579 0.157875 0.162497 0.167496 0.172930 0.178874 0.185422 0.192695 0.200852 0.210107 0.220761 0.233245 0.248210 0.266675 0.290302 0.321868 0.365973 0.429878 0.523775
0.079071 0.081440 0.083240 0.084797 0.086245 0.087648 0.089038 0.090437 0.091856 0.093303 0.094786 0.096308 0.097873 0.099486 0.101150 0.102868 0.104643 0.106481 0.108385 0.110360 0.112412 0.114545 0.116766 0.119083 0.121503 0.124036 0.126691 0.129480 0.132416 0.135514 0.138791 0.142268 0.145968 0.149919 0.154155 0.158715 0.163650 0.169018 0.174897 0.181383 0.188603 0.196724 0.205980 0.216703 0.229385 0.244794 0.264168 0.289571 0.324452 0.374428
0.078699 0.079414 0.080218 0.081113 0.082085 0.083124 0.084225 0.085386 0.086603 0.087876 0.089202 0.090581 0.092013 0.093496 0.095033 0.096624 0.098270 0.099975 0.101740 0.103568 0.105464 0.107431 0.109475 0.111600 0.113813 0.116120 0.118529 0.121049 0.123690 0.126463 0.129381 0.132459 0.135714 0.139166 0.142838 0.146759 0.150961 0.155486 0.160383 0.165712 0.171553 0.178003 0.185196 0.193311 0.202600 0.213433 0.226376 0.242335 0.262805 0.290288
0.076249 0.075583 0.075754 0.076287 0.077030 0.077917 0.078916 0.080004 0.081167 0.082396 0.083683 0.085024 0.086415 0.087856 0.089345 0.090882 0.092469 0.094106 0.095795 0.097539 0.099341 0.101204 0.103132 0.105129 0.107200 0.109351 0.111588 0.113918 0.116349 0.118889 0.121549 0.124340 0.127275 0.130369 0.133639 0.137106 0.140793 0.144729 0.148947 0.153488 0.158403 0.163756 0.169625 0.176116 0.183367 0.191573 0.201011 0.212101 0.225499 0.242279
0.066970 0.068418 0.069334 0.070239 0.071233 0.072317 0.073479 0.074704 0.075982 0.077304 0.078667 0.080067 0.081504 0.082975 0.084483 0.086027 0.087610 0.089232 0.090897 0.092606 0.094363 0.096171 0.098034 0.099955 0.101940 0.103992 0.106118 0.108323 0.110614 0.112998 0.115484 0.118080 0.120798 0.123649 0.126647 0.129807 0.133147 0.136688 0.140456 0.144479 0.148793 0.153442 0.158477 0.163966 0.169995 0.176676 0.184161 0.192667 0.202509 0.214175
0.060850 0.061583 0.062920 0.064387 0.065874 0.067360 0.068841 0.070320 0.071800 0.073286 0.074780 0.076285 0.077805 0.079342 0.080899 0.082480 0.084086 0.085722 0.087391 0.089095 0.090838 0.092624 0.094456 0.096339 0.098277 0.100274 0.102335 0.104467 0.106674 0.108964 0.111344 0.113822 0.116406 0.119108 0.121938 0.124909 0.128037 0.131337 0.134831 0.138541 0.142495 0.146725 0.151270 0.156180 0.161513 0.167346 0.173775 0.180932 0.188996 0.198224
0.053290 0.056189 0.058555 0.060653 0.062583 0.064398 0.066132 0.067808 0.069443 0.071051 0.072643 0.074226 0.075808 0.077394 0.078991 0.080601 0.082230 0.083881 0.085559 0.087267 0.089009 0.090788 0.092610 0.094478 0.096395 0.098368 0.100401 0.102499 0.104668 0.106914 0.109244 0.111666 0.114187 0.116818 0.119569 0.122450 0.125477 0.128664 0.132028 0.135591 0.139376 0.143411 0.147730 0.152373 0.157390 0.162842 0.168805 0.175379 0.182693 0.190926
