1.351950
0.885110
0.966733
1.221230
1.249645
1.491927
1.160982
1.099808
1.012561
1.089001
0.973910
0.887986
0.533981
1.484140
0.172509
0.366881
0.805761
0.129828
0.391489
0.660916
0.802876
0.356488
0.148805
0.453752
0.543945
0.519910
0.282686
0.362492
1.105025
0.534588
-2.978684
-0.748872
-0.020294
0.316818
-0.669083
-0.527954
1.654254
-2.445084
2.938273
-2.035257
15.331842
-3.857624
2.479264
9.591086
-3.513098
2.744702
7.210860
2.529618
2.817490
3.629209
3.549616
-16.326680
2.189606
2.045810
-6.495537
2.569350
0.557091
