0.085179 0.087107 0.088567 0.089750 0.090708 0.091458 0.092001 0.092335 0.092458 0.092363 0.092045 0.091495 0.090705 0.089665 0.088364 0.086788 0.084925 0.082760 0.080275 0.077455 0.074279 0.070728 0.066779 0.062410 0.057595 0.052308 0.046520 0.040200 0.033318 0.025837 0.017722 0.008932 0.000001 0.000001 0.000001 0.000001 0.000001 0.000001 0.000001 0.000001 0.000001 0.000001 0.000001 0.000001 0.000001 0.000001 0.000001 0.000001 0.000001 0.000001
0.086903 0.087704 0.088888 0.090022 0.090988 0.091756 0.092316 0.092665 0.092799 0.092714 0.092404 0.091861 0.091077 0.090043 0.088748 0.087178 0.085321 0.083162 0.080684 0.077871 0.074703 0.071160 0.067220 0.062860 0.058056 0.052779 0.047003 0.040696 0.033827 0.026360 0.018259 0.009486 0.000001 0.000001 0.000001 0.000001 0.000001 0.000001 0.000001 0.000001 0.000001 0.000001 0.000001 0.000001 0.000001 0.000001 0.000001 0.000001 0.000001 0.000001
0.085058 0.087562 0.089246 0.090545 0.091579 0.092383 0.092967 0.093334 0.093483 0.093410 0.093110 0.092577 0.091804 0.090780 0.089494 0.087936 0.086091 0.083944 0.081480 0.078681 0.075529 0.072002 0.068080 0.063739 0.058954 0.053700 0.047946 0.041664 0.034821 0.027382 0.019312 0.010570 0.001116 0.000001 0.000001 0.000001 0.000001 0.000001 0.000001 0.000001 0.000001 0.000001 0.000001 0.000001 0.000001 0.000001 0.000001 0.000001 0.000001 0.000001
0.087506 0.088905 0.090311 0.091543 0.092565 0.093370 0.093958 0.094330 0.094485 0.094420 0.094129 0.093607 0.092845 0.091834 0.090563 0.089020 0.087192 0.085064 0.082620 0.079842 0.076712 0.073211 0.069315 0.065002 0.060248 0.055025 0.049306 0.043061 0.036257 0.028860 0.020834 0.012140 0.002737 0.000001 0.000001 0.000001 0.000001 0.000001 0.000001 0.000001 0.000001 0.000001 0.000001 0.000001 0.000001 0.000001 0.000001 0.000001 0.000001 0.000001
0.088786 0.090305 0.091679 0.092870 0.093860 0.094643 0.095217 0.095583 0.095738 0.095676 0.095394 0.094883 0.094136 0.093141 0.091890 0.090368 0.088563 0.086460 0.084042 0.081294 0.078195 0.074726 0.070865 0.066590 0.061876 0.056696 0.051023 0.044826 0.038074 0.030733 0.022767 0.014136 0.004801 0.000001 0.000001 0.000001 0.000001 0.000001 0.000001 0.000001 0.000001 0.000001 0.000001 0.000001 0.000001 0.000001 0.000001 0.000001 0.000001 0.000001
0.089863 0.091669 0.093119 0.094305 0.095272 0.096036 0.096602 0.096968 0.097129 0.097079 0.096813 0.096322 0.095596 0.094626 0.093401 0.091907 0.090133 0.088062 0.085679 0.082966 0.079906 0.076479 0.072662 0.068434 0.063770 0.058643 0.053027 0.046891 0.040204 0.032932 0.025040 0.016488 0.007236 0.000001 0.000001 0.000001 0.000001 0.000001 0.000001 0.000001 0.000001 0.000001 0.000001 0.000001 0.000001 0.000001 0.000001 0.000001 0.000001 0.000001
0.091527 0.093153 0.094486 0.095629 0.096594 0.097374 0.097965 0.098359 0.098551 0.098533 0.098299 0.097840 0.097148 0.096212 0.095022 0.093565 0.091828 0.089797 0.087456 0.084788 0.081775 0.078397 0.074634 0.070462 0.065858 0.060796 0.055247 0.049184 0.042575 0.035385 0.027581 0.019123 0.009972 0.000214 0.000001 0.000001 0.000001 0.000001 0.000001 0.000001 0.000001 0.000001 0.000001 0.000001 0.000001 0.000001 0.000001 0.000001 0.000001 0.000001
0.093145 0.094140 0.095429 0.096650 0.097708 0.098575 0.099240 0.099699 0.099947 0.099981 0.099794 0.099379 0.098730 0.097837 0.096689 0.095276 0.093585 0.091601 0.089309 0.086694 0.083736 0.080416 0.076715 0.072609 0.068075 0.063087 0.057618 0.051640 0.045120 0.038027 0.030325 0.021976 0.012940 0.003180 0.000001 0.000001 0.000001 0.000001 0.000001 0.000001 0.000001 0.000001 0.000001 0.000001 0.000001 0.000001 0.000001 0.000001 0.000001 0.000001
0.091263 0.094065 0.095996 0.097513 0.098745 0.099730 0.100485 0.101016 0.101325 0.101413 0.101275 0.100908 0.100305 0.099458 0.098358 0.096993 0.095353 0.093422 0.091186 0.088630 0.085735 0.082482 0.078852 0.074821 0.070367 0.065464 0.060086 0.054204 0.047787 0.040803 0.033216 0.024991 0.016087 0.006462 0.000001 0.000001 0.000001 0.000001 0.000001 0.000001 0.000001 0.000001 0.000001 0.000001 0.000001 0.000001 0.000001 0.000001 0.000001 0.000001
0.093904 0.095498 0.097194 0.098700 0.099967 0.100994 0.101789 0.102358 0.102706 0.102831 0.102733 0.102407 0.101847 0.101046 0.099994 0.098681 0.097096 0.095224 0.093051 0.090560 0.087736 0.084559 0.081008 0.077062 0.072698 0.067891 0.062615 0.056840 0.050538 0.043676 0.036219 0.028131 0.019374 0.009904 0.000001 0.000001 0.000001 0.000001 0.000001 0.000001 0.000001 0.000001 0.000001 0.000001 0.000001 0.000001 0.000001 0.000001 0.000001 0.000001
0.095001 0.097041 0.098729 0.100164 0.101371 0.102361 0.103139 0.103707 0.104065 0.104211 0.104141 0.103850 0.103331 0.102577 0.101576 0.100320 0.098794 0.096987 0.094884 0.092468 0.089722 0.086629 0.083167 0.079315 0.075051 0.070351 0.065187 0.059532 0.053356 0.046628 0.039313 0.031377 0.022779 0.013480 0.003447 0.000001 0.000001 0.000001 0.000001 0.000001 0.000001 0.000001 0.000001 0.000001 0.000001 0.000001 0.000001 0.000001 0.000001 0.000001
0.096696 0.098695 0.100261 0.101581 0.102705 0.103645 0.104398 0.104961 0.105330 0.105499 0.105461 0.105211 0.104740 0.104039 0.103097 0.101904 0.100447 0.098713 0.096688 0.094355 0.091697 0.088696 0.085332 0.081584 0.077430 0.072845 0.067804 0.062278 0.056240 0.049657 0.042497 0.034724 0.026299 0.017184 0.007336 0.000001 0.000001 0.000001 0.000001 0.000001 0.000001 0.000001 0.000001 0.000001 0.000001 0.000001 0.000001 0.000001 0.000001 0.000001
0.099193 0.100098 0.101347 0.102582 0.103694 0.104648 0.105429 0.106028 0.106440 0.106658 0.106675 0.106483 0.106074 0.105440 0.104569 0.103451 0.102073 0.100422 0.098483 0.096241 0.093680 0.090780 0.087522 0.083887 0.079850 0.075390 0.070480 0.065094 0.059203 0.052776 0.045780 0.038182 0.029942 0.021024 0.011383 0.001159 0.000001 0.000001 0.000001 0.000001 0.000001 0.000001 0.000001 0.000001 0.000001 0.000001 0.000001 0.000001 0.000001 0.000001
0.097425 0.099745 0.101519 0.103006 0.104275 0.105348 0.106230 0.106920 0.107417 0.107716 0.107813 0.107701 0.107372 0.106819 0.106031 0.104998 0.103708 0.102149 0.100305 0.098161 0.095703 0.092911 0.089767 0.086250 0.082339 0.078011 0.073240 0.068001 0.062265 0.056002 0.049181 0.041767 0.033723 0.025012 0.015591 0.005425 0.000001 0.000001 0.000001 0.000001 0.000001 0.000001 0.000001 0.000001 0.000001 0.000001 0.000001 0.000001 0.000001 0.000001
0.097546 0.099707 0.101629 0.103300 0.104737 0.105955 0.106965 0.107770 0.108372 0.108770 0.108961 0.108941 0.108702 0.108238 0.107540 0.106598 0.105401 0.103936 0.102192 0.100151 0.097800 0.095121 0.092094 0.088701 0.084921 0.080730 0.076105 0.071019 0.065446 0.059355 0.052716 0.045495 0.037656 0.029163 0.019974 0.010046 0.000001 0.000001 0.000001 0.000001 0.000001 0.000001 0.000001 0.000001 0.000001 0.000001 0.000001 0.000001 0.000001 0.000001
0.098075 0.100143 0.102101 0.103862 0.105405 0.106733 0.107847 0.108753 0.109450 0.109939 0.110219 0.110285 0.110133 0.109755 0.109145 0.108293 0.107188 0.105820 0.104175 0.102239 0.099996 0.097431 0.094525 0.091259 0.087613 0.083564 0.079089 0.074162 0.068757 0.062845 0.056396 0.049376 0.041752 0.033487 0.024540 0.014870 0.004463 0.000001 0.000001 0.000001 0.000001 0.000001 0.000001 0.000001 0.000001 0.000001 0.000001 0.000001 0.000001 0.000001
0.098310 0.100900 0.103009 0.104842 0.106444 0.107831 0.109007 0.109976 0.110739 0.111295 0.111644 0.111781 0.111703 0.111402 0.110872 0.110104 0.109087 0.107811 0.106263 0.104430 0.102297 0.099847 0.097063 0.093927 0.090418 0.086514 0.082194 0.077432 0.072202 0.066476 0.060224 0.053415 0.046015 0.037987 0.029294 0.019894 0.009745 0.000001 0.000001 0.000001 0.000001 0.000001 0.000001 0.000001 0.000001 0.000001 0.000001 0.000001 0.000001 0.000001
0.100738 0.102520 0.104448 0.106239 0.107838 0.109235 0.110431 0.111428 0.112226 0.112825 0.113222 0.113414 0.113396 0.113162 0.112704 0.112013 0.111081 0.109894 0.108442 0.106712 0.104687 0.102354 0.099695 0.096691 0.093324 0.089571 0.085411 0.080820 0.075772 0.070240 0.064195 0.057605 0.050439 0.042661 0.034234 0.025117 0.015269 0.004699 0.000001 0.000001 0.000001 0.000001 0.000001 0.000001 0.000001 0.000001 0.000001 0.000001 0.000001 0.000001
0.101114 0.103880 0.105996 0.107807 0.109394 0.110782 0.111979 0.112987 0.113807 0.114437 0.114874 0.115114 0.115152 0.114980 0.114591 0.113977 0.113127 0.112031 0.110676 0.109050 0.107138 0.104926 0.102396 0.099530 0.096310 0.092714 0.088722 0.084310 0.079453 0.074125 0.068296 0.061938 0.055019 0.047503 0.039355 0.030536 0.021005 0.010722 0.000330 0.000001 0.000001 0.000001 0.000001 0.000001 0.000001 0.000001 0.000001 0.000001 0.000001 0.000001
0.104033 0.105721 0.107578 0.109311 0.110872 0.112256 0.113464 0.114494 0.115345 0.116014 0.116498 0.116792 0.116890 0.116785 0.116471 0.115938 0.115176 0.114175 0.112924 0.111408 0.109616 0.107531 0.105137 0.102417 0.099353 0.095924 0.092109 0.087887 0.083231 0.078118 0.072519 0.066405 0.059745 0.052507 0.044654 0.036150 0.026954 0.017024 0.006368 0.000001 0.000001 0.000001 0.000001 0.000001 0.000001 0.000001 0.000001 0.000001 0.000001 0.000001
0.104207 0.106706 0.108699 0.110470 0.112067 0.113495 0.114751 0.115833 0.116740 0.117469 0.118016 0.118378 0.118550 0.118524 0.118294 0.117852 0.117188 0.116292 0.115153 0.113758 0.112093 0.110145 0.107898 0.105334 0.102437 0.099185 0.095560 0.091539 0.087098 0.082213 0.076857 0.071003 0.064619 0.057673 0.050133 0.041961 0.033119 0.023566 0.013261 0.002598 0.000001 0.000001 0.000001 0.000001 0.000001 0.000001 0.000001 0.000001 0.000001 0.000001
0.105576 0.107401 0.109383 0.111256 0.112960 0.114483 0.115826 0.116989 0.117974 0.118781 0.119408 0.119853 0.120111 0.120176 0.120043 0.119703 0.119148 0.118368 0.117352 0.116088 0.114563 0.112763 0.110674 0.108278 0.105559 0.102498 0.099075 0.095268 0.091056 0.086414 0.081317 0.075737 0.069645 0.063011 0.055801 0.047981 0.039513 0.030358 0.020474 0.009848 0.000001 0.000001 0.000001 0.000001 0.000001 0.000001 0.000001 0.000001 0.000001 0.000001
0.104623 0.107442 0.109809 0.111884 0.113720 0.115346 0.116778 0.118025 0.119094 0.119985 0.120700 0.121236 0.121590 0.121757 0.121730 0.121503 0.121067 0.120413 0.119531 0.118409 0.117035 0.115395 0.113476 0.111260 0.108732 0.105874 0.102667 0.099089 0.095120 0.090736 0.085913 0.080625 0.074843 0.068537 0.061677 0.054229 0.046157 0.037422 0.027985 0.017804 0.006968 0.000001 0.000001 0.000001 0.000001 0.000001 0.000001 0.000001 0.000001 0.000001
0.105446 0.108190 0.110574 0.112670 0.114538 0.116210 0.117699 0.119014 0.120159 0.121134 0.121939 0.122571 0.123027 0.123302 0.123390 0.123284 0.122977 0.122459 0.121720 0.120750 0.119537 0.118068 0.116329 0.114305 0.111981 0.109338 0.106359 0.103025 0.099313 0.095203 0.090670 0.085690 0.080235 0.074278 0.067787 0.060731 0.053075 0.044783 0.035817 0.026135 0.015704 0.004907 0.000001 0.000001 0.000001 0.000001 0.000001 0.000001 0.000001 0.000001
0.107271 0.109513 0.111589 0.113550 0.115382 0.117070 0.118607 0.119987 0.121209 0.122271 0.123171 0.123904 0.124467 0.124856 0.125065 0.125088 0.124916 0.124541 0.123954 0.123145 0.122102 0.120814 0.119266 0.117445 0.115335 0.112920 0.110183 0.107104 0.103665 0.099843 0.095616 0.090960 0.085850 0.080259 0.074156 0.067513 0.060296 0.052470 0.043998 0.034841 0.024959 0.014344 0.003754 0.000001 0.000001 0.000001 0.000001 0.000001 0.000001 0.000001
0.108513 0.110170 0.112174 0.114184 0.116092 0.117863 0.119486 0.120956 0.122271 0.123431 0.124432 0.125274 0.125951 0.126460 0.126795 0.126952 0.126921 0.126697 0.126269 0.125628 0.124763 0.123664 0.122316 0.120708 0.118824 0.116648 0.114164 0.111355 0.108201 0.104682 0.100776 0.096462 0.091713 0.086506 0.080811 0.074601 0.067843 0.060505 0.052552 0.043946 0.034648 0.024619 0.013899 0.003502 0.000001 0.000001 0.000001 0.000001 0.000001 0.000001
0.106169 0.109544 0.112260 0.114616 0.116728 0.118645 0.120387 0.121966 0.123387 0.124652 0.125762 0.126716 0.127510 0.128143 0.128610 0.128904 0.129021 0.128951 0.128688 0.128222 0.127544 0.126641 0.125503 0.124116 0.122467 0.120542 0.118323 0.115795 0.112940 0.109738 0.106169 0.102212 0.097842 0.093037 0.087769 0.082012 0.075735 0.068908 0.061497 0.053467 0.044780 0.035397 0.025283 0.014528 0.004204 0.000001 0.000001 0.000001 0.000001 0.000001
0.107048 0.110244 0.112955 0.115373 0.117571 0.119579 0.121415 0.123088 0.124606 0.125972 0.127187 0.128252 0.129164 0.129922 0.130522 0.130958 0.131225 0.131315 0.131223 0.130938 0.130452 0.129754 0.128833 0.127678 0.126275 0.124610 0.122668 0.120434 0.117891 0.115020 0.111803 0.108218 0.104245 0.099859 0.095037 0.089753 0.083978 0.077684 0.070838 0.063409 0.055359 0.046652 0.037249 0.027122 0.016384 0.005974 0.000001 0.000001 0.000001 0.000001
0.110285 0.112008 0.114242 0.116514 0.118685 0.120718 0.122604 0.124345 0.125941 0.127395 0.128708 0.129879 0.130908 0.131791 0.132524 0.133104 0.133525 0.133781 0.133864 0.133767 0.133481 0.132996 0.132302 0.131387 0.130239 0.128846 0.127194 0.125266 0.123048 0.120523 0.117672 0.114477 0.110916 0.106968 0.102611 0.097819 0.092567 0.086827 0.080570 0.073765 0.066377 0.058374 0.049716 0.040365 0.030301 0.019631 0.009024 0.000365 0.000001 0.000001
0.109258 0.112615 0.115287 0.117676 0.119888 0.121953 0.123881 0.125677 0.127344 0.128880 0.130288 0.131565 0.132710 0.133719 0.134590 0.135319 0.135899 0.136326 0.136591 0.136689 0.136611 0.136347 0.135889 0.135225 0.134344 0.133235 0.131883 0.130275 0.128396 0.126231 0.123762 0.120971 0.117840 0.114348 0.110473 0.106194 0.101485 0.096320 0.090674 0.084515 0.077815 0.070539 0.062653 0.054120 0.044904 0.034984 0.024444 0.013739 0.004386 0.000001
0.111417 0.113918 0.116424 0.118797 0.121031 0.123137 0.125120 0.126984 0.128729 0.130357 0.131865 0.133255 0.134522 0.135665 0.136681 0.137564 0.138311 0.138916 0.139373 0.139675 0.139814 0.139782 0.139569 0.139167 0.138564 0.137750 0.136712 0.135436 0.133911 0.132119 0.130047 0.127677 0.124992 0.121973 0.118599 0.114850 0.110703 0.106135 0.101119 0.095630 0.089638 0.083114 0.076024 0.068335 0.060011 0.051015 0.041329 0.031008 0.020349 0.010146
0.112117 0.114787 0.117275 0.119671 0.121966 0.124150 0.126221 0.128178 0.130025 0.131760 0.133385 0.134899 0.136301 0.137588 0.138757 0.139806 0.140729 0.141522 0.142180 0.142695 0.143061 0.143271 0.143315 0.143186 0.142873 0.142366 0.141654 0.140724 0.139565 0.138162 0.136501 0.134567 0.132343 0.129812 0.126955 0.123754 0.120187 0.116233 0.111868 0.107067 0.101804 0.096051 0.089779 0.082956 0.075548 0.067520 0.058839 0.049481 0.039474 0.028980
0.112487 0.114977 0.117646 0.120220 0.122661 0.124973 0.127164 0.129240 0.131206 0.133066 0.134822 0.136473 0.138020 0.139462 0.140796 0.142019 0.143129 0.144120 0.144988 0.145727 0.146330 0.146792 0.147104 0.147259 0.147247 0.147058 0.146684 0.146112 0.145331 0.144329 0.143093 0.141607 0.139859 0.137831 0.135506 0.132868 0.129896 0.126571 0.122872 0.118776 0.114258 0.109294 0.103856 0.097916 0.091443 0.084404 0.076766 0.068495 0.059566 0.049983
0.110790 0.114812 0.117932 0.120702 0.123277 0.125708 0.128016 0.130212 0.132303 0.134293 0.136185 0.137981 0.139682 0.141286 0.142792 0.144199 0.145503 0.146701 0.147788 0.148759 0.149609 0.150333 0.150922 0.151369 0.151668 0.151808 0.151781 0.151577 0.151186 0.150595 0.149794 0.148768 0.147506 0.145992 0.144211 0.142147 0.139782 0.137099 0.134078 0.130698 0.126938 0.122774 0.118183 0.113137 0.107610 0.101572 0.094992 0.087837 0.080074 0.071675
0.113999 0.116087 0.118698 0.121362 0.123957 0.126456 0.128854 0.131154 0.133360 0.135476 0.137504 0.139447 0.141303 0.143074 0.144758 0.146354 0.147858 0.149269 0.150582 0.151792 0.152896 0.153887 0.154760 0.155508 0.156124 0.156601 0.156929 0.157100 0.157105 0.156934 0.156575 0.156017 0.155249 0.154256 0.153026 0.151543 0.149793 0.147758 0.145422 0.142765 0.139769 0.136412 0.132672 0.128527 0.123950 0.118916 0.113396 0.107362 0.100781 0.093622
0.113224 0.116355 0.119236 0.121996 0.124655 0.127222 0.129700 0.132095 0.134410 0.136648 0.138810 0.140897 0.142911 0.144851 0.146715 0.148502 0.150211 0.151838 0.153380 0.154834 0.156195 0.157458 0.158619 0.159671 0.160608 0.161424 0.162111 0.162661 0.163066 0.163317 0.163404 0.163317 0.163045 0.162577 0.161899 0.161000 0.159866 0.158481 0.156830 0.154897 0.152664 0.150112 0.147222 0.143973 0.140342 0.136307 0.131842 0.126921 0.121515 0.115595
0.113159 0.116661 0.119744 0.122608 0.125342 0.127984 0.130547 0.133040 0.135466 0.137827 0.140125 0.142359 0.144531 0.146640 0.148685 0.150665 0.152578 0.154421 0.156193 0.157890 0.159508 0.161044 0.162492 0.163848 0.165107 0.166262 0.167307 0.168235 0.169039 0.169711 0.170242 0.170623 0.170845 0.170898 0.170770 0.170450 0.169927 0.169186 0.168214 0.166996 0.165518 0.163762 0.161711 0.159346 0.156648 0.153596 0.150169 0.146341 0.142089 0.137386
0.114994 0.117617 0.120414 0.123229 0.126005 0.128727 0.131390 0.133995 0.136542 0.139033 0.141470 0.143853 0.146183 0.148460 0.150684 0.152854 0.154968 0.157026 0.159024 0.160960 0.162832 0.164636 0.166368 0.168023 0.169598 0.171087 0.172485 0.173785 0.174982 0.176067 0.177035 0.177877 0.178584 0.179149 0.179560 0.179808 0.179883 0.179773 0.179466 0.178948 0.178207 0.177228 0.175995 0.174492 0.172703 0.170608 0.168188 0.165423 0.162290 0.158767
0.114745 0.117739 0.120747 0.123714 0.126625 0.129473 0.132260 0.134990 0.137665 0.140289 0.142864 0.145393 0.147878 0.150318 0.152715 0.155068 0.157378 0.159642 0.161859 0.164027 0.166145 0.168209 0.170215 0.172162 0.174044 0.175857 0.177597 0.179258 0.180836 0.182323 0.183714 0.185002 0.186180 0.187240 0.188173 0.188971 0.189624 0.190123 0.190457 0.190614 0.190583 0.190352 0.189907 0.189233 0.188315 0.187139 0.185686 0.183938 0.181876 0.179481
0.113991 0.117729 0.121098 0.124281 0.127346 0.130323 0.133228 0.136073 0.138864 0.141609 0.144312 0.146976 0.149604 0.152197 0.154756 0.157283 0.159777 0.162237 0.164663 0.167052 0.169404 0.171716 0.173985 0.176209 0.178385 0.180508 0.182575 0.184581 0.186523 0.188394 0.190189 0.191902 0.193528 0.195060 0.196490 0.197810 0.199014 0.200091 0.201034 0.201832 0.202475 0.202953 0.203252 0.203362 0.203269 0.202960 0.202418 0.201629 0.200576 0.199242
0.115447 0.118742 0.122020 0.125211 0.128316 0.131349 0.134322 0.137245 0.140125 0.142969 0.145780 0.148562 0.151319 0.154051 0.156760 0.159448 0.162113 0.164756 0.167377 0.169973 0.172545 0.175090 0.177606 0.180091 0.182542 0.184956 0.187330 0.189660 0.191942 0.194173 0.196346 0.198458 0.200504 0.202476 0.204370 0.206179 0.207896 0.209513 0.211023 0.212417 0.213687 0.214822 0.215814 0.216651 0.217322 0.217815 0.218116 0.218214 0.218092 0.217736
0.116971 0.120114 0.123238 0.126340 0.129411 0.132446 0.135447 0.138419 0.141364 0.144287 0.147191 0.150077 0.152949 0.155807 0.158653 0.161488 0.164311 0.167123 0.169923 0.172711 0.175485 0.178245 0.180988 0.183713 0.186417 0.189099 0.191755 0.194382 0.196977 0.199537 0.202057 0.204534 0.206962 0.209338 0.211655 0.213909 0.216093 0.218201 0.220227 0.222163 0.224001 0.225734 0.227353 0.228848 0.230209 0.231427 0.232490 0.233387 0.234104 0.234629
0.117810 0.121005 0.124152 0.127256 0.130331 0.133386 0.136423 0.139445 0.142454 0.145453 0.148443 0.151426 0.154405 0.157379 0.160350 0.163319 0.166286 0.169250 0.172213 0.175174 0.178131 0.181083 0.184030 0.186971 0.189902 0.192822 0.195730 0.198622 0.201496 0.204348 0.207177 0.209977 0.212745 0.215478 0.218170 0.220817 0.223414 0.225956 0.228436 0.230849 0.233188 0.235445 0.237614 0.239686 0.241653 0.243506 0.245235 0.246829 0.248278 0.249570
0.117995 0.121368 0.124586 0.127752 0.130891 0.134011 0.137116 0.140210 0.143296 0.146376 0.149453 0.152530 0.155608 0.158688 0.161772 0.164861 0.167955 0.171054 0.174159 0.177270 0.180385 0.183505 0.186629 0.189754 0.192880 0.196006 0.199129 0.202248 0.205360 0.208463 0.211554 0.214629 0.217687 0.220722 0.223733 0.226713 0.229660 0.232568 0.235432 0.238247 0.241008 0.243707 0.246338 0.248895 0.251370 0.253755 0.256040 0.258218 0.260278 0.262210
0.118363 0.121387 0.124623 0.127881 0.131119 0.134332 0.137522 0.140698 0.143863 0.147024 0.150182 0.153343 0.156508 0.159679 0.162859 0.166048 0.169247 0.172458 0.175680 0.178913 0.182158 0.185413 0.188679 0.191955 0.195239 0.198530 0.201827 0.205128 0.208431 0.211735 0.215035 0.218331 0.221620 0.224897 0.228161 0.231407 0.234631 0.237830 0.240998 0.244131 0.247225 0.250272 0.253268 0.256207 0.259080 0.261881 0.264603 0.267236 0.269773 0.272203
0.117084 0.120921 0.124464 0.127869 0.131199 0.134483 0.137737 0.140971 0.144195 0.147413 0.150631 0.153853 0.157081 0.160319 0.163567 0.166829 0.170105 0.173396 0.176702 0.180025 0.183363 0.186717 0.190087 0.193471 0.196869 0.200280 0.203703 0.207135 0.210577 0.214024 0.217477 0.220931 0.224385 0.227836 0.231280 0.234716 0.238138 0.241543 0.244928 0.248287 0.251615 0.254909 0.258161 0.261367 0.264519 0.267612 0.270637 0.273588 0.276455 0.279230
0.117527 0.121218 0.124669 0.128023 0.131326 0.134599 0.137853 0.141095 0.144331 0.147567 0.150806 0.154052 0.157308 0.160577 0.163860 0.167159 0.170475 0.173809 0.177162 0.180533 0.183924 0.187334 0.190762 0.194208 0.197672 0.201151 0.204646 0.208154 0.211675 0.215205 0.218744 0.222289 0.225838 0.229387 0.232934 0.236477 0.240010 0.243531 0.247036 0.250520 0.253978 0.257407 0.260799 0.264150 0.267453 0.270702 0.273889 0.277007 0.280047 0.283002
0.119588 0.122159 0.125168 0.128309 0.131488 0.134676 0.137867 0.141061 0.144260 0.147467 0.150684 0.153913 0.157156 0.160416 0.163693 0.166988 0.170304 0.173639 0.176995 0.180373 0.183770 0.187189 0.190627 0.194084 0.197560 0.201053 0.204563 0.208086 0.211623 0.215170 0.218727 0.222290 0.225856 0.229424 0.232991 0.236552 0.240104 0.243644 0.247168 0.250670 0.254146 0.257592 0.261000 0.264367 0.267684 0.270946 0.274145 0.277273 0.280322 0.283283
0.118837 0.122171 0.125315 0.128405 0.131486 0.134574 0.137673 0.140785 0.143910 0.147050 0.150206 0.153379 0.156570 0.159781 0.163012 0.166264 0.169537 0.172832 0.176148 0.179485 0.182843 0.186221 0.189618 0.193034 0.196467 0.199916 0.203380 0.206856 0.210343 0.213838 0.217339 0.220844 0.224349 0.227852 0.231350 0.234838 0.238313 0.241771 0.245206 0.248616 0.251993 0.255333 0.258629 0.261876 0.265066 0.268192 0.271247 0.274221 0.277106 0.279892
0.118845 0.122180 0.125215 0.128189 0.131160 0.134143 0.137140 0.140152 0.143182 0.146230 0.149296 0.152383 0.155490 0.158617 0.161766 0.164937 0.168128 0.171341 0.174574 0.177826 0.181098 0.184387 0.187693 0.191014 0.194349 0.197695 0.201052 0.204416 0.207785 0.211157 0.214529 0.217898 0.221261 0.224614 0.227952 0.231273 0.234572 0.237843 0.241083 0.244284 0.247443 0.250551 0.253604 0.256592 0.259510 0.262348 0.265097 0.267750 0.270295 0.272722
0.120182 0.122109 0.124736 0.127549 0.130413 0.133293 0.136185 0.139089 0.142008 0.144944 0.147900 0.150875 0.153870 0.156885 0.159921 0.162976 0.166051 0.169143 0.172253 0.175379 0.178519 0.181672 0.184837 0.188010 0.191191 0.194377 0.197565 0.200753 0.203938 0.207116 0.210285 0.213439 0.216577 0.219693 0.222782 0.225841 0.228863 0.231844 0.234777 0.237656 0.240474 0.243225 0.245899 0.248490 0.250988 0.253384 0.255667 0.257828 0.259855 0.261736
0.116754 0.120517 0.123607 0.126478 0.129273 0.132043 0.134810 0.137586 0.140376 0.143182 0.146005 0.148847 0.151707 0.154584 0.157478 0.160388 0.163312 0.166249 0.169198 0.172156 0.175122 0.178093 0.181068 0.184043 0.187016 0.189984 0.192944 0.195893 0.198826 0.201741 0.204632 0.207495 0.210326 0.213120 0.215871 0.218573 0.221220 0.223806 0.226324 0.228766 0.231124 0.233390 0.235554 0.237608 0.239541 0.241341 0.242998 0.244499 0.245831 0.246979
0.117513 0.120161 0.122759 0.125328 0.127896 0.130478 0.133077 0.135695 0.138332 0.140986 0.143657 0.146344 0.149045 0.151759 0.154484 0.157218 0.159960 0.162707 0.165458 0.168209 0.170959 0.173704 0.176441 0.179168 0.181881 0.184576 0.187249 0.189896 0.192514 0.195096 0.197638 0.200134 0.202580 0.204968 0.207293 0.209547 0.211722 0.213813 0.215809 0.217702 0.219483 0.221141 0.222667 0.224048 0.225273 0.226329 0.227202 0.227878 0.228342 0.228576
0.118574 0.119893 0.121794 0.123962 0.126262 0.128634 0.131050 0.133496 0.135963 0.138448 0.140946 0.143455 0.145972 0.148495 0.151022 0.153550 0.156076 0.158598 0.161114 0.163619 0.166111 0.168586 0.171041 0.173471 0.175872 0.178240 0.180571 0.182858 0.185097 0.187281 0.189406 0.191463 0.193447 0.195351 0.197166 0.198883 0.200496 0.201993 0.203366 0.204604 0.205696 0.206629 0.207392 0.207972 0.208352 0.208520 0.208459 0.208152 0.207582 0.206731
0.115673 0.117847 0.119977 0.122142 0.124345 0.126579 0.128835 0.131108 0.133393 0.135688 0.137989 0.140293 0.142597 0.144899 0.147196 0.149485 0.151762 0.154024 0.156267 0.158487 0.160681 0.162844 0.164972 0.167059 0.169101 0.171091 0.173025 0.174896 0.176698 0.178424 0.180067 0.181618 0.183070 0.184414 0.185641 0.186741 0.187704 0.188519 0.189174 0.189657 0.189955 0.190053 0.189938 0.189594 0.189003 0.188149 0.187013 0.185576 0.183820 0.181724
0.113281 0.115836 0.118158 0.120336 0.122447 0.124530 0.126605 0.128678 0.130752 0.132826 0.134898 0.136965 0.139025 0.141074 0.143109 0.145125 0.147119 0.149085 0.151021 0.152920 0.154778 0.156589 0.158348 0.160050 0.161687 0.163254 0.164743 0.166148 0.167460 0.168671 0.169773 0.170757 0.171612 0.172330 0.172899 0.173307 0.173542 0.173593 0.173444 0.173082 0.172491 0.171654 0.170556 0.169177 0.167499 0.165501 0.163165 0.160469 0.157396 0.153927
0.113291 0.115375 0.117233 0.119051 0.120862 0.122674 0.124489 0.126305 0.128123 0.129937 0.131746 0.133545 0.135330 0.137096 0.138839 0.140553 0.142233 0.143873 0.145469 0.147014 0.148503 0.149928 0.151284 0.152562 0.153756 0.154859 0.155861 0.156754 0.157530 0.158179 0.158690 0.159053 0.159257 0.159289 0.159138 0.158790 0.158230 0.157445 0.156417 0.155130 0.153567 0.151709 0.149535 0.147025 0.144159 0.140916 0.137276 0.133223 0.128743 0.123830
0.115344 0.115661 0.116721 0.118038 0.119461 0.120938 0.122445 0.123968 0.125498 0.127027 0.128549 0.130057 0.131545 0.133006 0.134435 0.135824 0.137168 0.138459 0.139691 0.140857 0.141950 0.142961 0.143884 0.144710 0.145429 0.146035 0.146516 0.146862 0.147065 0.147111 0.146990 0.146689 0.146195 0.145494 0.144573 0.143415 0.142004 0.140324 0.138355 0.136078 0.133474 0.130520 0.127195 0.123477 0.119346 0.114785 0.109784 0.104339 0.098456 0.092154
0.112729 0.114399 0.115609 0.116749 0.117909 0.119102 0.120324 0.121562 0.122808 0.124051 0.125282 0.126493 0.127676 0.128823 0.129926 0.130978 0.131972 0.132899 0.133752 0.134522 0.135201 0.135780 0.136250 0.136602 0.136825 0.136910 0.136845 0.136619 0.136219 0.135634 0.134850 0.133853 0.132627 0.131157 0.129427 0.127419 0.125115 0.122494 0.119535 0.116218 0.112519 0.108415 0.103884 0.098910 0.093481 0.087598 0.081277 0.074553 0.067472 0.060119
0.112746 0.113405 0.114247 0.115147 0.116084 0.117049 0.118030 0.119019 0.120004 0.120977 0.121928 0.122848 0.123729 0.124562 0.125339 0.126052 0.126691 0.127248 0.127715 0.128081 0.128337 0.128474 0.128481 0.128347 0.128061 0.127611 0.126985 0.126171 0.125153 0.123919 0.122452 0.120738 0.118758 0.116496 0.113932 0.111047 0.107819 0.104227 0.100247 0.095855 0.091027 0.085743 0.079992 0.073776 0.067120 0.060070 0.052715 0.045165 0.037536 0.030097
0.111606 0.111989 0.112586 0.113294 0.114051 0.114824 0.115599 0.116363 0.117109 0.117828 0.118512 0.119151 0.119738 0.120263 0.120718 0.121094 0.121381 0.121570 0.121651 0.121613 0.121446 0.121139 0.120680 0.120058 0.119259 0.118271 0.117080 0.115671 0.114029 0.112138 0.109982 0.107541 0.104798 0.101732 0.098323 0.094547 0.090383 0.085804 0.080786 0.075305 0.069344 0.062905 0.056015 0.048738 0.041197 0.033528 0.026027 0.018797 0.012303 0.006959
0.109365 0.110079 0.110756 0.111394 0.112005 0.112595 0.113162 0.113703 0.114211 0.114680 0.115101 0.115465 0.115764 0.115989 0.116129 0.116175 0.116117 0.115944 0.115645 0.115210 0.114626 0.113881 0.112962 0.111856 0.110550 0.109029 0.107276 0.105277 0.103015 0.100471 0.097627 0.094463 0.090958 0.087091 0.082837 0.078172 0.073071 0.067505 0.061454 0.054908 0.047887 0.040470 0.032790 0.025114 0.017691 0.010980 0.005507 0.000717 0.000001 0.000001
0.108062 0.108881 0.109403 0.109815 0.110184 0.110530 0.110854 0.111149 0.111408 0.111622 0.111780 0.111872 0.111889 0.111820 0.111654 0.111380 0.110987 0.110463 0.109797 0.108975 0.107985 0.106814 0.105448 0.103872 0.102070 0.100027 0.097727 0.095150 0.092280 0.089096 0.085578 0.081704 0.077451 0.072795 0.067710 0.062169 0.056145 0.049615 0.042581 0.035105 0.027337 0.019615 0.012243 0.006179 0.001057 0.000001 0.000001 0.000001 0.000001 0.000001
0.109219 0.108789 0.108609 0.108572 0.108603 0.108660 0.108717 0.108756 0.108763 0.108723 0.108623 0.108452 0.108196 0.107845 0.107385 0.106805 0.106091 0.105231 0.104212 0.103021 0.101642 0.100062 0.098266 0.096236 0.093958 0.091414 0.088584 0.085451 0.081994 0.078191 0.074021 0.069459 0.064481 0.059061 0.053169 0.046778 0.039865 0.032447 0.024641 0.016795 0.009426 0.003480 0.000001 0.000001 0.000001 0.000001 0.000001 0.000001 0.000001 0.000001
0.108918 0.107981 0.107546 0.107274 0.107070 0.106894 0.106721 0.106531 0.106307 0.106033 0.105694 0.105276 0.104766 0.104150 0.103414 0.102545 0.101529 0.100352 0.099000 0.097458 0.095712 0.093744 0.091539 0.089080 0.086349 0.083327 0.079995 0.076331 0.072314 0.067922 0.063129 0.057910 0.052239 0.046086 0.039423 0.032223 0.024519 0.016534 0.008840 0.002603 0.000001 0.000001 0.000001 0.000001 0.000001 0.000001 0.000001 0.000001 0.000001 0.000001
0.105756 0.106302 0.106161 0.105867 0.105545 0.105215 0.104869 0.104496 0.104079 0.103604 0.103054 0.102416 0.101674 0.100816 0.099825 0.098689 0.097392 0.095920 0.094257 0.092388 0.090297 0.087967 0.085380 0.082518 0.079362 0.075891 0.072086 0.067923 0.063380 0.058432 0.053053 0.047215 0.040890 0.034046 0.026657 0.018750 0.010659 0.003594 0.000001 0.000001 0.000001 0.000001 0.000001 0.000001 0.000001 0.000001 0.000001 0.000001 0.000001 0.000001
0.107021 0.105743 0.105103 0.104620 0.104172 0.103720 0.103244 0.102726 0.102151 0.101504 0.100771 0.099938 0.098989 0.097911 0.096689 0.095308 0.093753 0.092009 0.090060 0.087890 0.085480 0.082814 0.079873 0.076638 0.073088 0.069203 0.064959 0.060334 0.055302 0.049838 0.043914 0.037500 0.030566 0.023080 0.015052 0.006913 0.000235 0.000001 0.000001 0.000001 0.000001 0.000001 0.000001 0.000001 0.000001 0.000001 0.000001 0.000001 0.000001 0.000001
0.104739 0.104574 0.104109 0.103606 0.103088 0.102544 0.101957 0.101314 0.100600 0.099801 0.098904 0.097894 0.096758 0.095481 0.094048 0.092445 0.090656 0.088664 0.086454 0.084008 0.081309 0.078337 0.075073 0.071497 0.067588 0.063323 0.058679 0.053631 0.048152 0.042216 0.035792 0.028851 0.021360 0.013296 0.005062 0.000001 0.000001 0.000001 0.000001 0.000001 0.000001 0.000001 0.000001 0.000001 0.000001 0.000001 0.000001 0.000001 0.000001 0.000001
0.105002 0.104185 0.103603 0.103032 0.102432 0.101787 0.101086 0.100317 0.099466 0.098522 0.097471 0.096298 0.094990 0.093532 0.091909 0.090105 0.088104 0.085891 0.083446 0.080753 0.077794 0.074547 0.070994 0.067113 0.062881 0.058276 0.053272 0.047843 0.041963 0.035601 0.028729 0.021312 0.013318 0.004894 0.000001 0.000001 0.000001 0.000001 0.000001 0.000001 0.000001 0.000001 0.000001 0.000001 0.000001 0.000001 0.000001 0.000001 0.000001 0.000001
0.104554 0.104226 0.103623 0.102943 0.102216 0.101439 0.100604 0.099699 0.098710 0.097625 0.096429 0.095107 0.093643 0.092024 0.090231 0.088251 0.086064 0.083655 0.081005 0.078096 0.074908 0.071421 0.067614 0.063464 0.058949 0.054044 0.048723 0.042960 0.036725 0.029989 0.022719 0.014883 0.006459 0.000001 0.000001 0.000001 0.000001 0.000001 0.000001 0.000001 0.000001 0.000001 0.000001 0.000001 0.000001 0.000001 0.000001 0.000001 0.000001 0.000001
0.105976 0.104924 0.104035 0.103157 0.102262 0.101336 0.100362 0.099327 0.098212 0.097001 0.095679 0.094229 0.092633 0.090876 0.088941 0.086810 0.084467 0.081893 0.079069 0.075976 0.072594 0.068902 0.064878 0.060500 0.055742 0.050580 0.044988 0.038937 0.032397 0.025337 0.017725 0.009525 0.001000 0.000001 0.000001 0.000001 0.000001 0.000001 0.000001 0.000001 0.000001 0.000001 0.000001 0.000001 0.000001 0.000001 0.000001 0.000001 0.000001 0.000001
0.106598 0.105478 0.104363 0.103300 0.102265 0.101224 0.100151 0.099022 0.097816 0.096515 0.095100 0.093552 0.091856 0.089993 0.087946 0.085697 0.083229 0.080522 0.077558 0.074316 0.070776 0.066916 0.062714 0.058147 0.053188 0.047814 0.041995 0.035703 0.028908 0.021578 0.013678 0.005172 0.000001 0.000001 0.000001 0.000001 0.000001 0.000001 0.000001 0.000001 0.000001 0.000001 0.000001 0.000001 0.000001 0.000001 0.000001 0.000001 0.000001 0.000001
0.106558 0.105217 0.104067 0.103001 0.101960 0.100906 0.099811 0.098651 0.097407 0.096059 0.094591 0.092984 0.091222 0.089287 0.087162 0.084829 0.082268 0.079462 0.076392 0.073036 0.069373 0.065383 0.061041 0.056324 0.051206 0.045662 0.039662 0.033177 0.026176 0.018626 0.010492 0.001751 0.000001 0.000001 0.000001 0.000001 0.000001 0.000001 0.000001 0.000001 0.000001 0.000001 0.000001 0.000001 0.000001 0.000001 0.000001 0.000001 0.000001 0.000001
0.104819 0.103963 0.103144 0.102282 0.101364 0.100382 0.099328 0.098187 0.096947 0.095592 0.094107 0.092474 0.090679 0.088703 0.086530 0.084142 0.081521 0.078647 0.075502 0.072065 0.068314 0.064227 0.059782 0.054953 0.049716 0.044042 0.037904 0.031271 0.024111 0.016391 0.008076 0.000001 0.000001 0.000001 0.000001 0.000001 0.000001 0.000001 0.000001 0.000001 0.000001 0.000001 0.000001 0.000001 0.000001 0.000001 0.000001 0.000001 0.000001 0.000001
0.102923 0.102831 0.102284 0.101558 0.100728 0.099809 0.098800 0.097693 0.096475 0.095133 0.093651 0.092015 0.090209 0.088216 0.086019 0.083601 0.080945 0.078030 0.074838 0.071348 0.067539 0.063388 0.058872 0.053966 0.048644 0.042880 0.036643 0.029903 0.022629 0.014786 0.006337 0.000001 0.000001 0.000001 0.000001 0.000001 0.000001 0.000001 0.000001 0.000001 0.000001 0.000001 0.000001 0.000001 0.000001 0.000001 0.000001 0.000001 0.000001 0.000001
0.104064 0.102798 0.101898 0.101068 0.100218 0.099312 0.098327 0.097244 0.096047 0.094721 0.093251 0.091622 0.089818 0.087822 0.085619 0.083190 0.080517 0.077582 0.074366 0.070848 0.067005 0.062817 0.058259 0.053307 0.047933 0.042111 0.035812 0.029004 0.021655 0.013730 0.005193 0.000001 0.000001 0.000001 0.000001 0.000001 0.000001 0.000001 0.000001 0.000001 0.000001 0.000001 0.000001 0.000001 0.000001 0.000001 0.000001 0.000001 0.000001 0.000001
0.102920 0.102217 0.101421 0.100621 0.099793 0.098908 0.097943 0.096879 0.095700 0.094389 0.092933 0.091314 0.089518 0.087529 0.085329 0.082901 0.080227 0.077289 0.074066 0.070539 0.066685 0.062482 0.057907 0.052933 0.047536 0.041687 0.035356 0.028513 0.021125 0.013157 0.004572 0.000001 0.000001 0.000001 0.000001 0.000001 0.000001 0.000001 0.000001 0.000001 0.000001 0.000001 0.000001 0.000001 0.000001 0.000001 0.000001 0.000001 0.000001 0.000001
0.102076 0.101481 0.100887 0.100211 0.099449 0.098599 0.097656 0.096608 0.095442 0.094145 0.092701 0.091096 0.089313 0.087336 0.085148 0.082732 0.080068 0.077140 0.073926 0.070405 0.066558 0.062360 0.057787 0.052816 0.047418 0.041567 0.035233 0.028384 0.020987 0.013009 0.004410 0.000001 0.000001 0.000001 0.000001 0.000001 0.000001 0.000001 0.000001 0.000001 0.000001 0.000001 0.000001 0.000001 0.000001 0.000001 0.000001 0.000001 0.000001 0.000001
0.101498 0.101237 0.100688 0.100008 0.099239 0.098388 0.097449 0.096409 0.095255 0.093973 0.092546 0.090959 0.089196 0.087239 0.085072 0.082676 0.080034 0.077127 0.073934 0.070435 0.066609 0.062431 0.057880 0.052929 0.047551 0.041720 0.035405 0.028575 0.021197 0.013236 0.004655 0.000001 0.000001 0.000001 0.000001 0.000001 0.000001 0.000001 0.000001 0.000001 0.000001 0.000001 0.000001 0.000001 0.000001 0.000001 0.000001 0.000001 0.000001 0.000001
0.102747 0.101612 0.100709 0.099881 0.099055 0.098190 0.097256 0.096234 0.095103 0.093846 0.092447 0.090889 0.089155 0.087229 0.085092 0.082728 0.080118 0.077243 0.074083 0.070617 0.066825 0.062682 0.058166 0.053251 0.047911 0.042117 0.035841 0.029051 0.021714 0.013795 0.005256 0.000001 0.000001 0.000001 0.000001 0.000001 0.000001 0.000001 0.000001 0.000001 0.000001 0.000001 0.000001 0.000001 0.000001 0.000001 0.000001 0.000001 0.000001 0.000001
0.101817 0.100958 0.100194 0.099456 0.098700 0.097895 0.097017 0.096045 0.094962 0.093750 0.092395 0.090879 0.089186 0.087300 0.085203 0.082880 0.080310 0.077477 0.074359 0.070937 0.067189 0.063092 0.058623 0.053757 0.048468 0.042727 0.036506 0.029773 0.022495 0.014638 0.006164 0.000001 0.000001 0.000001 0.000001 0.000001 0.000001 0.000001 0.000001 0.000001 0.000001 0.000001 0.000001 0.000001 0.000001 0.000001 0.000001 0.000001 0.000001 0.000001
0.099834 0.099670 0.099309 0.098823 0.098235 0.097550 0.096764 0.095868 0.094850 0.093697 0.092395 0.090930 0.089285 0.087447 0.085397 0.083120 0.080598 0.077813 0.074744 0.071373 0.067677 0.063635 0.059223 0.054416 0.049189 0.043513 0.037360 0.030698 0.023494 0.015715 0.007323 0.000001 0.000001 0.000001 0.000001 0.000001 0.000001 0.000001 0.000001 0.000001 0.000001 0.000001 0.000001 0.000001 0.000001 0.000001 0.000001 0.000001 0.000001 0.000001
0.099096 0.099049 0.098801 0.098415 0.097917 0.097312 0.096597 0.095765 0.094806 0.093708 0.092458 0.091042 0.089446 0.087656 0.085655 0.083428 0.080956 0.078222 0.075207 0.071892 0.068254 0.064273 0.059924 0.055185 0.050028 0.044426 0.038351 0.031771 0.024655 0.016968 0.008673 0.000001 0.000001 0.000001 0.000001 0.000001 0.000001 0.000001 0.000001 0.000001 0.000001 0.000001 0.000001 0.000001 0.000001 0.000001 0.000001 0.000001 0.000001 0.000001
0.100030 0.099333 0.098824 0.098344 0.097824 0.097232 0.096545 0.095748 0.094828 0.093770 0.092561 0.091188 0.089637 0.087892 0.085938 0.083760 0.081339 0.078658 0.075700 0.072443 0.068867 0.064952 0.060673 0.056006 0.050927 0.045407 0.039419 0.032931 0.025913 0.018329 0.010143 0.001319 0.000001 0.000001 0.000001 0.000001 0.000001 0.000001 0.000001 0.000001 0.000001 0.000001 0.000001 0.000001 0.000001 0.000001 0.000001 0.000001 0.000001 0.000001
0.099381 0.099115 0.098720 0.098267 0.097758 0.097177 0.096507 0.095732 0.094838 0.093811 0.092637 0.091302 0.089791 0.088089 0.086181 0.084051 0.081682 0.079057 0.076156 0.072962 0.069452 0.065607 0.061402 0.056815 0.051819 0.046389 0.040496 0.034109 0.027198 0.019728 0.011663 0.002966 0.000001 0.000001 0.000001 0.000001 0.000001 0.000001 0.000001 0.000001 0.000001 0.000001 0.000001 0.000001 0.000001 0.000001 0.000001 0.000001 0.000001 0.000001
0.099062 0.098701 0.098361 0.097969 0.097505 0.096959 0.096319 0.095574 0.094711 0.093718 0.092580 0.091283 0.089814 0.088158 0.086299 0.084221 0.081907 0.079341 0.076503 0.073375 0.069937 0.066167 0.062043 0.057541 0.052637 0.047303 0.041513 0.035236 0.028441 0.021094 0.013161 0.004603 0.000001 0.000001 0.000001 0.000001 0.000001 0.000001 0.000001 0.000001 0.000001 0.000001 0.000001 0.000001 0.000001 0.000001 0.000001 0.000001 0.000001 0.000001
0.098031 0.097888 0.097653 0.097332 0.096925 0.096429 0.095835 0.095135 0.094318 0.093370 0.092279 0.091031 0.089614 0.088011 0.086208 0.084189 0.081937 0.079436 0.076668 0.073614 0.070254 0.066566 0.062530 0.058121 0.053316 0.048087 0.042409 0.036250 0.029581 0.022368 0.014577 0.006170 0.000001 0.000001 0.000001 0.000001 0.000001 0.000001 0.000001 0.000001 0.000001 0.000001 0.000001 0.000001 0.000001 0.000001 0.000001 0.000001 0.000001 0.000001
0.096598 0.096693 0.096543 0.096279 0.095929 0.095493 0.094963 0.094326 0.093571 0.092686 0.091658 0.090474 0.089120 0.087582 0.085845 0.083895 0.081715 0.079289 0.076599 0.073627 0.070352 0.066756 0.062816 0.058509 0.053811 0.048696 0.043138 0.037108 0.030574 0.023505 0.015866 0.007620 0.000001 0.000001 0.000001 0.000001 0.000001 0.000001 0.000001 0.000001 0.000001 0.000001 0.000001 0.000001 0.000001 0.000001 0.000001 0.000001 0.000001 0.000001
0.095863 0.095306 0.095011 0.094762 0.094478 0.094123 0.093677 0.093124 0.092451 0.091645 0.090695 0.089587 0.088310 0.086848 0.085189 0.083317 0.081218 0.078876 0.076272 0.073391 0.070211 0.066715 0.062879 0.058683 0.054101 0.049110 0.043682 0.037788 0.031400 0.024484 0.017006 0.008931 0.000250 0.000001 0.000001 0.000001 0.000001 0.000001 0.000001 0.000001 0.000001 0.000001 0.000001 0.000001 0.000001 0.000001 0.000001 0.000001 0.000001 0.000001
0.092726 0.092789 0.092803 0.092745 0.092605 0.092372 0.092035 0.091582 0.091004 0.090289 0.089425 0.088403 0.087209 0.085831 0.084257 0.082472 0.080461 0.078210 0.075701 0.072918 0.069842 0.066453 0.062730 0.058653 0.054196 0.049336 0.044046 0.038299 0.032063 0.025309 0.018002 0.010106 0.001584 0.000001 0.000001 0.000001 0.000001 0.000001 0.000001 0.000001 0.000001 0.000001 0.000001 0.000001 0.000001 0.000001 0.000001 0.000001 0.000001 0.000001
0.089135 0.089977 0.090333 0.090482 0.090497 0.090392 0.090166 0.089815 0.089331 0.088706 0.087930 0.086993 0.085885 0.084593 0.083107 0.081412 0.079494 0.077339 0.074931 0.072253 0.069286 0.066011 0.062409 0.058457 0.054132 0.049410 0.044266 0.038670 0.032595 0.026008 0.018877 0.011166 0.002838 0.000001 0.000001 0.000001 0.000001 0.000001 0.000001 0.000001 0.000001 0.000001 0.000001 0.000001 0.000001 0.000001 0.000001 0.000001 0.000001 0.000001
0.088096 0.087912 0.088099 0.088286 0.088382 0.088365 0.088225 0.087956 0.087551 0.087004 0.086307 0.085450 0.084423 0.083216 0.081817 0.080214 0.078391 0.076336 0.074032 0.071462 0.068609 0.065454 0.061976 0.058154 0.053966 0.049387 0.044391 0.038952 0.033039 0.026623 0.019671 0.012147 0.004014 0.000001 0.000001 0.000001 0.000001 0.000001 0.000001 0.000001 0.000001 0.000001 0.000001 0.000001 0.000001 0.000001 0.000001 0.000001 0.000001 0.000001
0.084547 0.085482 0.085945 0.086223 0.086375 0.086407 0.086319 0.086105 0.085760 0.085276 0.084646 0.083860 0.082911 0.081785 0.080473 0.078961 0.077235 0.075281 0.073083 0.070625 0.067888 0.064855 0.061504 0.057814 0.053764 0.049328 0.044482 0.039199 0.033449 0.027202 0.020426 0.013086 0.005146 0.000001 0.000001 0.000001 0.000001 0.000001 0.000001 0.000001 0.000001 0.000001 0.000001 0.000001 0.000001 0.000001 0.000001 0.000001 0.000001 0.000001
0.083616 0.083795 0.084095 0.084343 0.084498 0.084549 0.084488 0.084310 0.084010 0.083579 0.083010 0.082294 0.081419 0.080375 0.079151 0.077731 0.076104 0.074253 0.072163 0.069817 0.067197 0.064285 0.061060 0.057501 0.053586 0.049291 0.044591 0.039459 0.033866 0.027783 0.021176 0.014013 0.006256 0.000001 0.000001 0.000001 0.000001 0.000001 0.000001 0.000001 0.000001 0.000001 0.000001 0.000001 0.000001 0.000001 0.000001 0.000001 0.000001 0.000001
0.081383 0.081886 0.082259 0.082525 0.082688 0.082751 0.082713 0.082570 0.082315 0.081940 0.081437 0.080795 0.080001 0.079044 0.077911 0.076589 0.075062 0.073315 0.071333 0.069098 0.066593 0.063799 0.060696 0.057263 0.053477 0.049315 0.044753 0.039762 0.034316 0.028385 0.021935 0.014935 0.007347 0.000001 0.000001 0.000001 0.000001 0.000001 0.000001 0.000001 0.000001 0.000001 0.000001 0.000001 0.000001 0.000001 0.000001 0.000001 0.000001 0.000001
0.079291 0.080035 0.080449 0.080710 0.080871 0.080949 0.080946 0.080854 0.080665 0.080367 0.079948 0.079395 0.078695 0.077836 0.076802 0.075580 0.074156 0.072513 0.070637 0.068510 0.066114 0.063431 0.060440 0.057123 0.053455 0.049414 0.044975 0.040112 0.034797 0.029001 0.022691 0.015835 0.008396 0.000352 0.000001 0.000001 0.000001 0.000001 0.000001 0.000001 0.000001 0.000001 0.000001 0.000001 0.000001 0.000001 0.000001 0.000001 0.000001 0.000001
0.078760 0.078531 0.078616 0.078768 0.078925 0.079056 0.079136 0.079145 0.079065 0.078879 0.078572 0.078130 0.077540 0.076786 0.075857 0.074738 0.073415 0.071872 0.070094 0.068065 0.065768 0.063184 0.060293 0.057076 0.053510 0.049573 0.045240 0.040485 0.035281 0.029598 0.023405 0.016669 0.009356 0.001427 0.000001 0.000001 0.000001 0.000001 0.000001 0.000001 0.000001 0.000001 0.000001 0.000001 0.000001 0.000001 0.000001 0.000001 0.000001 0.000001
0.075440 0.075830 0.076068 0.076368 0.076706 0.077031 0.077302 0.077491 0.077576 0.077541 0.077372 0.077056 0.076582 0.075936 0.075108 0.074085 0.072853 0.071398 0.069706 0.067760 0.065544 0.063041 0.060231 0.057095 0.053610 0.049755 0.045505 0.040835 0.035718 0.030123 0.024022 0.017380 0.010162 0.002333 0.000001 0.000001 0.000001 0.000001 0.000001 0.000001 0.000001 0.000001 0.000001 0.000001 0.000001 0.000001 0.000001 0.000001 0.000001 0.000001
0.071919 0.072021 0.072766 0.073618 0.074415 0.075106 0.075667 0.076089 0.076365 0.076489 0.076455 0.076256 0.075884 0.075331 0.074586 0.073638 0.072477 0.071089 0.069460 0.067575 0.065418 0.062973 0.060220 0.057140 0.053712 0.049914 0.045722 0.041110 0.036051 0.030518 0.024478 0.017900 0.010748 0.002987 0.000001 0.000001 0.000001 0.000001 0.000001 0.000001 0.000001 0.000001 0.000001 0.000001 0.000001 0.000001 0.000001 0.000001 0.000001 0.000001
0.064557 0.067680 0.069873 0.071533 0.072834 0.073860 0.074660 0.075257 0.075668 0.075899 0.075951 0.075824 0.075514 0.075014 0.074316 0.073411 0.072289 0.070936 0.069341 0.067489 0.065363 0.062948 0.060225 0.057174 0.053775 0.050006 0.045843 0.041261 0.036233 0.030730 0.024721 0.018176 0.011057 0.003330 0.000001 0.000001 0.000001 0.000001 0.000001 0.000001 0.000001 0.000001 0.000001 0.000001 0.000001 0.000001 0.000001 0.000001 0.000001 0.000001
