0.271835 0.452080 0.182299 0.374313
0.271974 0.452424 0.182329 0.374640
0.272237 0.453103 0.182379 0.375284
0.272601 0.454095 0.182427 0.376224
0.273033 0.455372 0.182446 0.377433
0.273494 0.456896 0.182406 0.378874
0.273949 0.458623 0.182281 0.380508
0.274365 0.460503 0.182049 0.382289
0.274718 0.462483 0.181700 0.384172
0.274998 0.464509 0.181236 0.386114
0.275207 0.466525 0.180677 0.388070
0.275361 0.468477 0.180052 0.390002
0.275487 0.470316 0.179406 0.391875
0.275624 0.471993 0.178793 0.393658
0.275813 0.473465 0.178268 0.395324
0.276101 0.474690 0.177891 0.396849
0.276526 0.475632 0.177715 0.398211
0.277125 0.476255 0.177783 0.399390
0.277920 0.476525 0.178130 0.400367
0.278925 0.476410 0.178773 0.401122
0.280139 0.475878 0.179718 0.401636
0.281552 0.474902 0.180956 0.401892
0.283144 0.473453 0.182469 0.401870
0.284886 0.471509 0.184227 0.401555
0.286745 0.469052 0.186194 0.400935
0.288686 0.466068 0.188332 0.399999
0.290672 0.462551 0.190599 0.398741
0.292668 0.458503 0.192952 0.397161
0.294641 0.453930 0.195351 0.395261
0.296562 0.448848 0.197760 0.393048
0.298407 0.443278 0.200144 0.390536
0.300157 0.437245 0.202479 0.387737
0.301803 0.430780 0.204745 0.384673
0.303342 0.423917 0.206932 0.381362
0.304784 0.416691 0.209043 0.377829
0.306145 0.409138 0.211090 0.374098
0.307453 0.401297 0.213094 0.370195
0.308744 0.393202 0.215089 0.366145
0.310058 0.384892 0.217111 0.361976
0.311439 0.376401 0.219203 0.357713
0.312928 0.367768 0.221403 0.353384
0.314562 0.359032 0.223745 0.349015
0.316368 0.350234 0.226252 0.344634
0.318360 0.341420 0.228930 0.340269
0.320535 0.332640 0.231769 0.335950
0.322875 0.323948 0.234739 0.331708
0.325342 0.315404 0.237789 0.327575
0.327883 0.307071 0.240849 0.323585
0.330428 0.299015 0.243830 0.319770
0.332895 0.291305 0.246632 0.316166
0.335192 0.284009 0.249141 0.312806
0.337218 0.277197 0.251236 0.309722
0.338868 0.270931 0.252793 0.306944
0.340035 0.265273 0.253684 0.304498
0.340612 0.260277 0.253787 0.302408
0.340492 0.255993 0.252980 0.300692
0.339572 0.252459 0.251152 0.299364
0.337755 0.249707 0.248199 0.298431
0.334952 0.247758 0.244031 0.297893
0.331079 0.246623 0.238571 0.297744
0.326067 0.246301 0.231758 0.297969
0.319854 0.246780 0.223550 0.298549
0.312392 0.248037 0.213924 0.299453
0.303646 0.250040 0.202872 0.300646
0.293594 0.252744 0.190410 0.302088
0.282225 0.256100 0.176568 0.303731
0.269544 0.260051 0.161396 0.305527
0.255571 0.264536 0.144964 0.307425
0.240342 0.269492 0.127365 0.309379
0.223926 0.274859 0.108732 0.311351
0.206439 0.280577 0.089265 0.313320
0.188078 0.286594 0.069289 0.315293
0.169171 0.292859 0.049352 0.317324
0.150241 0.299329 0.030398 0.319535
0.132041 0.305960 0.014006 0.322127
0.115493 0.312709 0.002674 0.325355
0.101366 0.319518 0.000001 0.329408
0.089508 0.326290 0.000001 0.334110
0.079425 0.332922 0.000001 0.339168
0.070739 0.339325 0.000001 0.344350
0.063161 0.345419 0.000001 0.349473
0.056471 0.351128 0.000001 0.354382
0.050499 0.356382 0.000001 0.358946
0.045116 0.361112 0.000001 0.363048
0.040227 0.365250 0.000001 0.366584
0.035760 0.368736 0.000001 0.369464
0.031665 0.371515 0.000001 0.371612
0.027911 0.373546 0.000001 0.372972
0.024475 0.374806 0.000001 0.373512
0.021348 0.375297 0.000001 0.373232
0.018523 0.375052 0.000001 0.372170
0.015999 0.374138 0.000001 0.370405
0.013776 0.372659 0.000001 0.368060
0.011851 0.370756 0.000001 0.365302
0.010221 0.368600 0.000001 0.362329
0.008881 0.366382 0.000001 0.359365
0.007823 0.364301 0.000001 0.356640
0.007040 0.362545 0.000001 0.354371
0.006523 0.361275 0.000001 0.352744
0.006267 0.360609 0.000001 0.351895
