0.038848 0.105982 0.083815 0.090162
0.038895 0.106068 0.083962 0.090302
0.038987 0.106235 0.084251 0.090581
0.039124 0.106480 0.084675 0.090992
0.039303 0.106795 0.085224 0.091528
0.039522 0.107170 0.085885 0.092181
0.039778 0.107594 0.086644 0.092937
0.040069 0.108056 0.087486 0.093784
0.040391 0.108542 0.088396 0.094705
0.040741 0.109040 0.089362 0.095685
0.041117 0.109538 0.090371 0.096706
0.041516 0.110024 0.091413 0.097750
0.041935 0.110488 0.092480 0.098799
0.042372 0.110918 0.093566 0.099836
0.042825 0.111307 0.094665 0.100845
0.043293 0.111646 0.095774 0.101811
0.043776 0.111926 0.096891 0.102722
0.044274 0.112140 0.098012 0.103567
0.044787 0.112277 0.099135 0.104338
0.045318 0.112331 0.100259 0.105031
0.045868 0.112293 0.101381 0.105641
0.046443 0.112153 0.102500 0.106170
0.047044 0.111903 0.103613 0.106620
0.047675 0.111535 0.104720 0.106994
0.048342 0.111044 0.105818 0.107301
0.049046 0.110424 0.106908 0.107547
0.049791 0.109671 0.107988 0.107742
0.050580 0.108786 0.109058 0.107896
0.051414 0.107768 0.110117 0.108020
0.052294 0.106620 0.111166 0.108126
0.053222 0.105348 0.112202 0.108224
0.054198 0.103959 0.113226 0.108326
0.055224 0.102460 0.114236 0.108442
0.056303 0.100861 0.115232 0.108583
0.057437 0.099174 0.116211 0.108758
0.058632 0.097411 0.117172 0.108976
0.059896 0.095584 0.118113 0.109243
0.061239 0.093707 0.119029 0.109569
0.062675 0.091796 0.119916 0.109960
0.064218 0.089865 0.120768 0.110426
0.065891 0.087931 0.121576 0.110975
0.067716 0.086011 0.122334 0.111620
0.069721 0.084124 0.123031 0.112375
0.071938 0.082291 0.123659 0.113258
0.074403 0.080534 0.124209 0.114292
0.077160 0.078879 0.124675 0.115504
0.080263 0.077355 0.125056 0.116932
0.083798 0.076000 0.125359 0.118629
0.087963 0.074876 0.125627 0.120710
0.093439 0.074132 0.126037 0.123522
0.103038 0.074299 0.127365 0.128451
0.129100 0.077579 0.133090 0.141464
0.226041 0.093458 0.158742 0.188623
0.621911 0.161742 0.270654 0.376553
1.689704 0.400767 0.615490 0.823901
2.758462 0.748925 1.100209 1.358753
3.685417 1.080148 1.591889 1.955316
4.549354 1.398894 2.076609 2.564216
5.381348 1.709262 2.551725 3.169776
6.190165 2.012298 3.015881 3.766290
6.977497 2.307864 3.467758 4.350565
7.742464 2.595310 3.905940 4.920059
8.483008 2.873723 4.328896 5.472342
9.196412 3.142022 4.734996 6.004934
9.879576 3.399028 5.122546 6.515287
10.529201 3.643516 5.489838 7.000838
11.141962 3.874272 5.835216 7.459087
11.714676 4.090150 6.157134 7.887697
12.244457 4.290122 6.454224 8.284591
12.728846 4.473321 6.725344 8.648030
13.165908 4.639072 6.969615 8.976668
13.554269 4.786898 7.186427 9.269571
13.893110 4.916514 7.375433 9.526197
14.182098 5.027806 7.536509 9.746341
14.421280 5.120780 7.669699 9.930054
14.610941 5.195522 7.775151 10.077537
14.751455 5.252137 7.853039 10.189034
14.843136 5.290699 7.903497 10.264724
14.886116 5.311210 7.926562 10.304640
14.880264 5.313568 7.922133 10.308605
14.825153 5.297555 7.889956 10.276211
14.720083 5.262848 7.829639 10.206836
14.564162 5.209043 7.740689 10.099698
14.356435 5.135701 7.622572 9.953946
14.096052 5.042413 7.474796 9.768785
13.782452 4.928863 7.296994 9.543607
13.415548 4.794902 7.089021 9.278139
12.995894 4.640616 6.851026 8.972569
12.524797 4.466372 6.583519 8.627648
12.004386 4.272861 6.287403 8.244760
11.437629 4.061107 5.963990 7.825954
10.828356 3.832482 5.615013 7.373960
10.181426 3.588751 5.242678 6.892288
9.503393 3.332264 4.849937 6.385606
8.804324 3.066526 4.441305 5.860852
8.101593 2.797519 4.024852 5.329781
7.425754 2.536025 3.616023 4.813485
6.825817 2.300358 3.242753 4.347806
6.367294 2.116974 2.948041 3.984883
6.116718 2.015165 2.782413 3.783071
