0.000001 0.637202 0.000001 0.511773
0.000001 0.638401 0.000001 0.512259
0.000001 0.640746 0.000001 0.513210
0.000001 0.644141 0.000001 0.514582
0.000001 0.648448 0.000001 0.516320
0.000001 0.653508 0.000001 0.518352
0.000001 0.659147 0.000001 0.520607
0.000001 0.665192 0.000001 0.523011
0.000001 0.671483 0.000001 0.525496
0.000001 0.677878 0.000001 0.528002
0.000001 0.684262 0.000001 0.530481
0.000001 0.690543 0.000001 0.532894
0.000001 0.696658 0.000001 0.535214
0.000001 0.702566 0.000001 0.537424
0.000001 0.708242 0.000001 0.539512
0.000001 0.713676 0.000001 0.541475
0.000001 0.718867 0.000001 0.543311
0.000001 0.723816 0.000001 0.545020
0.000001 0.728525 0.000001 0.546605
0.000001 0.732989 0.000001 0.548063
0.000001 0.737197 0.000001 0.549391
0.000001 0.741129 0.000001 0.550582
0.000001 0.744749 0.000001 0.551622
0.000001 0.748010 0.000001 0.552496
0.000001 0.750850 0.000001 0.553180
0.000001 0.753192 0.000001 0.553646
0.000001 0.754950 0.000001 0.553863
0.000001 0.756025 0.000001 0.553794
0.000001 0.756313 0.000001 0.553400
0.000001 0.755712 0.000001 0.552642
0.000001 0.754118 0.000001 0.551479
0.000001 0.751437 0.000001 0.549872
0.000001 0.747586 0.000001 0.547786
0.000001 0.742498 0.000001 0.545189
0.000001 0.736123 0.000001 0.542055
0.000001 0.728430 0.000001 0.538362
0.000001 0.719409 0.000001 0.534095
0.000001 0.709073 0.000001 0.529247
0.000001 0.697453 0.000001 0.523816
0.000001 0.684606 0.000001 0.517808
0.000001 0.670606 0.000001 0.511237
0.000001 0.655551 0.000001 0.504127
0.000001 0.639561 0.000001 0.496511
0.000001 0.622774 0.000001 0.488431
0.000001 0.605348 0.000001 0.479940
0.000001 0.587461 0.000001 0.471102
0.000001 0.569301 0.000001 0.461991
0.000001 0.551067 0.000001 0.452691
0.000001 0.532962 0.000001 0.443295
0.000001 0.515187 0.000001 0.433903
0.000001 0.497934 0.000001 0.424618
0.000001 0.481379 0.000001 0.415548
0.000001 0.465677 0.000869 0.406795
0.000001 0.450957 0.003719 0.398520
0.000001 0.437317 0.006422 0.390845
0.000001 0.424820 0.008682 0.383823
0.000001 0.413495 0.010486 0.377478
0.000001 0.403344 0.011860 0.371821
0.000001 0.394338 0.012835 0.366845
0.000001 0.386427 0.013445 0.362532
0.000001 0.379540 0.013724 0.358849
0.000001 0.373593 0.013712 0.355752
0.000001 0.368493 0.013445 0.353191
0.000001 0.364140 0.012962 0.351106
0.000001 0.360434 0.012303 0.349435
0.000001 0.357278 0.011502 0.348116
0.000001 0.354576 0.010594 0.347086
0.000001 0.352240 0.009611 0.346285
0.000001 0.350188 0.008582 0.345656
0.000001 0.348346 0.007533 0.345147
0.000001 0.346648 0.006488 0.344710
0.000001 0.345037 0.005471 0.344303
0.000001 0.343463 0.004502 0.343887
0.000001 0.341887 0.003597 0.343430
0.000001 0.340274 0.002769 0.342908
0.000001 0.338601 0.002026 0.342302
0.000001 0.336846 0.001370 0.341598
0.000001 0.334996 0.000794 0.340790
0.000001 0.333039 0.000287 0.339877
0.000001 0.330966 0.000001 0.338863
0.000001 0.328770 0.000001 0.337752
0.000001 0.326443 0.000001 0.336549
0.000001 0.323977 0.000001 0.335259
0.000001 0.321364 0.000001 0.333885
0.000001 0.318599 0.000001 0.332427
0.000001 0.315677 0.000001 0.330879
0.000001 0.312598 0.000001 0.329238
0.000001 0.309371 0.000001 0.327499
0.000001 0.306013 0.000001 0.325663
0.000001 0.302552 0.000001 0.323735
0.000001 0.299031 0.000001 0.321732
0.000001 0.295506 0.000001 0.319683
0.000001 0.292046 0.000001 0.317628
0.000001 0.288733 0.000001 0.315618
0.000001 0.285657 0.000001 0.313717
0.000001 0.282909 0.000001 0.311989
0.000001 0.280580 0.000001 0.310505
0.000001 0.278752 0.000001 0.309326
0.000001 0.277492 0.000001 0.308508
0.000001 0.276850 0.000001 0.308089
