0.063386 0.064430 0.064841 0.064896 0.064705 0.064340 0.063857 0.063295 0.062684 0.062043 0.061386 0.060724 0.060064 0.059410 0.058767 0.058137 0.057523 0.056926 0.056348 0.055790 0.055253 0.054738 0.054246 0.053777 0.053333 0.052914 0.052521 0.052155 0.051816 0.051506 0.051225 0.050974 0.050754 0.050567 0.050413 0.050293 0.050209 0.050163 0.050154 0.050185 0.050258 0.050374 0.050534 0.050740 0.050995 0.051300 0.051656 0.052067 0.052534 0.053059
0.070866 0.069531 0.068781 0.068063 0.067321 0.066564 0.065805 0.065050 0.064303 0.063568 0.062846 0.062140 0.061451 0.060781 0.060130 0.059499 0.058890 0.058304 0.057741 0.057202 0.056688 0.056199 0.055736 0.055300 0.054892 0.054513 0.054163 0.053843 0.053554 0.053298 0.053075 0.052886 0.052733 0.052617 0.052539 0.052502 0.052506 0.052553 0.052646 0.052786 0.052976 0.053217 0.053513 0.053867 0.054280 0.054757 0.055301 0.055915 0.056603 0.057371
0.076378 0.075778 0.074207 0.072653 0.071279 0.070073 0.068997 0.068020 0.067117 0.066273 0.065478 0.064724 0.064007 0.063324 0.062674 0.062055 0.061467 0.060909 0.060382 0.059886 0.059421 0.058988 0.058587 0.058219 0.057885 0.057586 0.057323 0.057097 0.056909 0.056761 0.056654 0.056589 0.056569 0.056596 0.056671 0.056797 0.056976 0.057211 0.057505 0.057862 0.058284 0.058777 0.059343 0.059989 0.060719 0.061539 0.062455 0.063475 0.064607 0.065859
0.085827 0.081435 0.078651 0.076628 0.075024 0.073679 0.072506 0.071459 0.070507 0.069632 0.068820 0.068064 0.067357 0.066695 0.066077 0.065498 0.064960 0.064460 0.064000 0.063578 0.063195 0.062852 0.062549 0.062288 0.062069 0.061894 0.061763 0.061679 0.061644 0.061658 0.061725 0.061846 0.062024 0.062263 0.062564 0.062933 0.063371 0.063884 0.064477 0.065154 0.065921 0.066784 0.067751 0.068830 0.070029 0.071358 0.072828 0.074452 0.076243 0.078219
0.085827 0.082165 0.080271 0.078913 0.077749 0.076688 0.075704 0.074788 0.073933 0.073137 0.072396 0.071708 0.071069 0.070480 0.069937 0.069442 0.068993 0.068590 0.068233 0.067923 0.067661 0.067447 0.067282 0.067168 0.067106 0.067098 0.067146 0.067252 0.067418 0.067647 0.067942 0.068306 0.068744 0.069258 0.069855 0.070538 0.071313 0.072187 0.073166 0.074257 0.075471 0.076815 0.078301 0.079941 0.081748 0.083739 0.085929 0.088339 0.090992 0.093914
0.074409 0.079045 0.080245 0.080224 0.079758 0.079126 0.078438 0.077743 0.077067 0.076421 0.075815 0.075252 0.074736 0.074267 0.073848 0.073479 0.073162 0.072896 0.072683 0.072524 0.072421 0.072374 0.072386 0.072458 0.072592 0.072792 0.073059 0.073396 0.073807 0.074296 0.074866 0.075522 0.076270 0.077114 0.078061 0.079119 0.080293 0.081594 0.083031 0.084614 0.086355 0.088268 0.090369 0.092674 0.095203 0.097978 0.101024 0.104371 0.108051 0.112102
0.082677 0.082855 0.082602 0.082240 0.081796 0.081297 0.080770 0.080241 0.079727 0.079241 0.078792 0.078384 0.078022 0.077710 0.077450 0.077243 0.077092 0.076998 0.076962 0.076987 0.077075 0.077227 0.077446 0.077735 0.078096 0.078533 0.079049 0.079648 0.080335 0.081114 0.081991 0.082971 0.084062 0.085270 0.086603 0.088071 0.089683 0.091452 0.093388 0.095508 0.097826 0.100361 0.103132 0.106164 0.109482 0.113116 0.117101 0.121475 0.126283 0.131578
0.095276 0.087901 0.085512 0.084407 0.083684 0.083107 0.082608 0.082165 0.081771 0.081426 0.081131 0.080886 0.080694 0.080557 0.080475 0.080451 0.080487 0.080584 0.080745 0.080973 0.081269 0.081636 0.082078 0.082598 0.083200 0.083886 0.084663 0.085534 0.086506 0.087584 0.088774 0.090085 0.091523 0.093099 0.094822 0.096703 0.098755 0.100992 0.103429 0.106085 0.108980 0.112135 0.115578 0.119336 0.123444 0.127938 0.132863 0.138268 0.144211 0.150757
0.078346 0.085074 0.085775 0.085285 0.084667 0.084129 0.083692 0.083344 0.083074 0.082872 0.082732 0.082653 0.082633 0.082672 0.082771 0.082931 0.083155 0.083444 0.083800 0.084227 0.084727 0.085304 0.085961 0.086702 0.087531 0.088454 0.089475 0.090601 0.091836 0.093189 0.094667 0.096279 0.098034 0.099942 0.102016 0.104268 0.106714 0.109369 0.112253 0.115387 0.118795 0.122503 0.126542 0.130947 0.135758 0.141020 0.146785 0.153112 0.160071 0.167740
0.094488 0.087850 0.085903 0.085065 0.084556 0.084195 0.083934 0.083755 0.083648 0.083606 0.083626 0.083707 0.083847 0.084046 0.084306 0.084629 0.085016 0.085470 0.085993 0.086589 0.087260 0.088011 0.088846 0.089768 0.090783 0.091896 0.093112 0.094438 0.095881 0.097448 0.099147 0.100989 0.102983 0.105142 0.107478 0.110007 0.112744 0.115709 0.118922 0.122408 0.126193 0.130307 0.134786 0.139668 0.144999 0.150829 0.157218 0.164233 0.171950 0.180459
0.082677 0.083706 0.083790 0.083745 0.083691 0.083651 0.083636 0.083657 0.083719 0.083827 0.083983 0.084190 0.084451 0.084767 0.085141 0.085575 0.086072 0.086635 0.087267 0.087972 0.088752 0.089611 0.090554 0.091585 0.092709 0.093930 0.095255 0.096690 0.098243 0.099920 0.101732 0.103687 0.105797 0.108074 0.110533 0.113188 0.116058 0.119163 0.122524 0.126168 0.130123 0.134423 0.139103 0.144206 0.149780 0.155879 0.162566 0.169913 0.178001 0.186924
0.077953 0.081230 0.082371 0.082835 0.083072 0.083227 0.083357 0.083490 0.083641 0.083820 0.084036 0.084294 0.084598 0.084953 0.085362 0.085828 0.086354 0.086943 0.087599 0.088323 0.089119 0.089991 0.090943 0.091977 0.093099 0.094314 0.095627 0.097044 0.098571 0.100217 0.101990 0.103901 0.105960 0.108179 0.110574 0.113160 0.115955 0.118979 0.122256 0.125811 0.129673 0.133876 0.138458 0.143459 0.148930 0.154923 0.161503 0.168740 0.176716 0.185524
0.087008 0.084008 0.083444 0.083384 0.083415 0.083459 0.083510 0.083576 0.083665 0.083784 0.083940 0.084137 0.084380 0.084670 0.085012 0.085408 0.085860 0.086371 0.086941 0.087574 0.088271 0.089036 0.089870 0.090777 0.091761 0.092825 0.093975 0.095215 0.096552 0.097994 0.099548 0.101225 0.103035 0.104991 0.107107 0.109398 0.111882 0.114579 0.117511 0.120703 0.124184 0.127986 0.132142 0.136695 0.141689 0.147176 0.153215 0.159872 0.167224 0.175357
0.083465 0.085287 0.085220 0.084877 0.084548 0.084273 0.084052 0.083881 0.083759 0.083684 0.083657 0.083677 0.083745 0.083862 0.084028 0.084244 0.084509 0.084824 0.085189 0.085605 0.086073 0.086593 0.087167 0.087798 0.088486 0.089237 0.090054 0.090942 0.091907 0.092957 0.094099 0.095343 0.096699 0.098181 0.099800 0.101573 0.103515 0.105646 0.107987 0.110559 0.113389 0.116505 0.119937 0.123723 0.127901 0.132519 0.137626 0.143283 0.149554 0.156514
0.092520 0.089155 0.087608 0.086567 0.085751 0.085076 0.084503 0.084014 0.083596 0.083241 0.082942 0.082696 0.082498 0.082345 0.082234 0.082162 0.082128 0.082129 0.082165 0.082232 0.082331 0.082462 0.082624 0.082819 0.083050 0.083320 0.083633 0.083994 0.084411 0.084890 0.085441 0.086073 0.086796 0.087623 0.088566 0.089639 0.090858 0.092239 0.093800 0.095560 0.097540 0.099764 0.102256 0.105047 0.108170 0.111663 0.115568 0.119932 0.124808 0.130254
0.090157 0.089509 0.088259 0.087087 0.086037 0.085090 0.084231 0.083447 0.082730 0.082070 0.081460 0.080892 0.080360 0.079858 0.079381 0.078924 0.078482 0.078052 0.077631 0.077217 0.076807 0.076403 0.076003 0.075612 0.075232 0.074868 0.074528 0.074218 0.073946 0.073722 0.073555 0.073454 0.073431 0.073497 0.073665 0.073948 0.074357 0.074907 0.075609 0.076478 0.077529 0.078778 0.080247 0.081958 0.083939 0.086219 0.088828 0.091801 0.095174 0.098989
0.088976 0.087861 0.087023 0.086045 0.084986 0.083912 0.082857 0.081833 0.080840 0.079875 0.078929 0.077997 0.077072 0.076147 0.075216 0.074274 0.073315 0.072335 0.071333 0.070305 0.069253 0.068178 0.067086 0.065983 0.064877 0.063776 0.062690 0.061633 0.060613 0.059641 0.058726 0.057877 0.057108 0.056432 0.055858 0.055394 0.055047 0.054823 0.054729 0.054773 0.054963 0.055310 0.055833 0.056555 0.057493 0.058666 0.060089 0.061784 0.063773 0.066079
0.086220 0.086221 0.085343 0.084193 0.082956 0.081694 0.080424 0.079146 0.077855 0.076548 0.075216 0.073854 0.072455 0.071015 0.069528 0.067989 0.066395 0.064743 0.063034 0.061273 0.059467 0.057625 0.055760 0.053887 0.052019 0.050172 0.048363 0.046607 0.044915 0.043290 0.041740 0.040283 0.038937 0.037706 0.036591 0.035589 0.034697 0.033914 0.033239 0.032674 0.032220 0.031894 0.031731 0.031740 0.031921 0.032274 0.032805 0.033519 0.034426 0.035539
0.087008 0.085636 0.083764 0.082007 0.080374 0.078789 0.077199 0.075570 0.073885 0.072133 0.070307 0.068401 0.066411 0.064333 0.062163 0.059899 0.057544 0.055102 0.052586 0.050014 0.047404 0.044784 0.042180 0.039610 0.037093 0.034663 0.032341 0.030130 0.028026 0.026023 0.024146 0.022443 0.020904 0.019507 0.018232 0.017063 0.015987 0.014998 0.014089 0.013257 0.012502 0.011924 0.011535 0.011279 0.011132 0.011083 0.011129 0.011271 0.011509 0.011849
0.093307 0.085263 0.081693 0.079386 0.077397 0.075439 0.073417 0.071295 0.069061 0.066706 0.064227 0.061621 0.058886 0.056020 0.053024 0.049906 0.046681 0.043377 0.040032 0.036682 0.033374 0.030159 0.027062 0.024087 0.021294 0.018733 0.016382 0.014203 0.012163 0.010247 0.008675 0.007386 0.006268 0.005267 0.004351 0.003502 0.002708 0.001962 0.001259 0.000595 0.000001 0.000001 0.000001 0.000001 0.000001 0.000001 0.000001 0.000001 0.000001 0.000001
0.072835 0.077373 0.077562 0.076198 0.074184 0.071821 0.069219 0.066419 0.063441 0.060293 0.056977 0.053496 0.049850 0.046044 0.042094 0.038038 0.033928 0.029844 0.025860 0.022025 0.018462 0.015199 0.012190 0.009430 0.007220 0.005390 0.003789 0.002338 0.000994 0.000001 0.000001 0.000001 0.000001 0.000001 0.000001 0.000001 0.000001 0.000001 0.000001 0.000001 0.000001 0.000001 0.000001 0.000001 0.000001 0.000001 0.000001 0.000001 0.000001 0.000001
0.077165 0.077977 0.076624 0.074300 0.071440 0.068218 0.064719 0.060986 0.057041 0.052898 0.048563 0.044038 0.039333 0.034477 0.029541 0.024645 0.019920 0.015557 0.011569 0.008100 0.005397 0.003136 0.001145 0.000001 0.000001 0.000001 0.000001 0.000001 0.000001 0.000001 0.000001 0.000001 0.000001 0.000001 0.000001 0.000001 0.000001 0.000001 0.000001 0.000001 0.000001 0.000001 0.000001 0.000001 0.000001 0.000001 0.000001 0.000001 0.000001 0.000001
0.094882 0.084276 0.078370 0.073714 0.069253 0.064691 0.059953 0.055023 0.049899 0.044581 0.039067 0.033365 0.027519 0.021661 0.016060 0.010934 0.006690 0.003419 0.000687 0.000001 0.000001 0.000001 0.000001 0.000001 0.000001 0.000001 0.000001 0.000001 0.000001 0.000001 0.000001 0.000001 0.000001 0.000001 0.000001 0.000001 0.000001 0.000001 0.000001 0.000001 0.000001 0.000001 0.000001 0.000001 0.000001 0.000001 0.000001 0.000001 0.000001 0.000001
0.086614 0.083634 0.078657 0.072989 0.067081 0.061045 0.054889 0.048594 0.042141 0.035516 0.028715 0.021784 0.014974 0.008745 0.003968 0.000233 0.000001 0.000001 0.000001 0.000001 0.000001 0.000001 0.000001 0.000001 0.000001 0.000001 0.000001 0.000001 0.000001 0.000001 0.000001 0.000001 0.000001 0.000001 0.000001 0.000001 0.000001 0.000001 0.000001 0.000001 0.000001 0.000001 0.000001 0.000001 0.000001 0.000001 0.000001 0.000001 0.000001 0.000001
0.089370 0.086259 0.079619 0.072234 0.064717 0.057162 0.049545 0.041830 0.033986 0.025994 0.017881 0.009999 0.003579 0.000001 0.000001 0.000001 0.000001 0.000001 0.000001 0.000001 0.000001 0.000001 0.000001 0.000001 0.000001 0.000001 0.000001 0.000001 0.000001 0.000001 0.000001 0.000001 0.000001 0.000001 0.000001 0.000001 0.000001 0.000001 0.000001 0.000001 0.000001 0.000001 0.000001 0.000001 0.000001 0.000001 0.000001 0.000001 0.000001 0.000001
0.108661 0.091758 0.080578 0.071047 0.061981 0.053007 0.043997 0.034897 0.025679 0.016343 0.007245 0.000204 0.000001 0.000001 0.000001 0.000001 0.000001 0.000001 0.000001 0.000001 0.000001 0.000001 0.000001 0.000001 0.000001 0.000001 0.000001 0.000001 0.000001 0.000001 0.000001 0.000001 0.000001 0.000001 0.000001 0.000001 0.000001 0.000001 0.000001 0.000001 0.000001 0.000001 0.000001 0.000001 0.000001 0.000001 0.000001 0.000001 0.000001 0.000001
0.099606 0.088895 0.078770 0.068741 0.058663 0.048501 0.038240 0.027874 0.017396 0.006966 0.000001 0.000001 0.000001 0.000001 0.000001 0.000001 0.000001 0.000001 0.000001 0.000001 0.000001 0.000001 0.000001 0.000001 0.000001 0.000001 0.000001 0.000001 0.000001 0.000001 0.000001 0.000001 0.000001 0.000001 0.000001 0.000001 0.000001 0.000001 0.000001 0.000001 0.000001 0.000001 0.000001 0.000001 0.000001 0.000001 0.000001 0.000001 0.000001 0.000001
0.084646 0.083572 0.075493 0.065337 0.054508 0.043411 0.032158 0.020776 0.009290 0.000001 0.000001 0.000001 0.000001 0.000001 0.000001 0.000001 0.000001 0.000001 0.000001 0.000001 0.000001 0.000001 0.000001 0.000001 0.000001 0.000001 0.000001 0.000001 0.000001 0.000001 0.000001 0.000001 0.000001 0.000001 0.000001 0.000001 0.000001 0.000001 0.000001 0.000001 0.000001 0.000001 0.000001 0.000001 0.000001 0.000001 0.000001 0.000001 0.000001 0.000001
0.103937 0.085827 0.072950 0.061180 0.049545 0.037811 0.025923 0.013875 0.001979 0.000001 0.000001 0.000001 0.000001 0.000001 0.000001 0.000001 0.000001 0.000001 0.000001 0.000001 0.000001 0.000001 0.000001 0.000001 0.000001 0.000001 0.000001 0.000001 0.000001 0.000001 0.000001 0.000001 0.000001 0.000001 0.000001 0.000001 0.000001 0.000001 0.000001 0.000001 0.000001 0.000001 0.000001 0.000001 0.000001 0.000001 0.000001 0.000001 0.000001 0.000001
0.089764 0.079715 0.068103 0.056412 0.044609 0.032611 0.020391 0.007952 0.000001 0.000001 0.000001 0.000001 0.000001 0.000001 0.000001 0.000001 0.000001 0.000001 0.000001 0.000001 0.000001 0.000001 0.000001 0.000001 0.000001 0.000001 0.000001 0.000001 0.000001 0.000001 0.000001 0.000001 0.000001 0.000001 0.000001 0.000001 0.000001 0.000001 0.000001 0.000001 0.000001 0.000001 0.000001 0.000001 0.000001 0.000001 0.000001 0.000001 0.000001 0.000001
0.090945 0.076541 0.065036 0.053428 0.041488 0.029257 0.016765 0.004030 0.000001 0.000001 0.000001 0.000001 0.000001 0.000001 0.000001 0.000001 0.000001 0.000001 0.000001 0.000001 0.000001 0.000001 0.000001 0.000001 0.000001 0.000001 0.000001 0.000001 0.000001 0.000001 0.000001 0.000001 0.000001 0.000001 0.000001 0.000001 0.000001 0.000001 0.000001 0.000001 0.000001 0.000001 0.000001 0.000001 0.000001 0.000001 0.000001 0.000001 0.000001 0.000001
0.074409 0.074898 0.065203 0.053449 0.041157 0.028592 0.015793 0.002767 0.000001 0.000001 0.000001 0.000001 0.000001 0.000001 0.000001 0.000001 0.000001 0.000001 0.000001 0.000001 0.000001 0.000001 0.000001 0.000001 0.000001 0.000001 0.000001 0.000001 0.000001 0.000001 0.000001 0.000001 0.000001 0.000001 0.000001 0.000001 0.000001 0.000001 0.000001 0.000001 0.000001 0.000001 0.000001 0.000001 0.000001 0.000001 0.000001 0.000001 0.000001 0.000001
0.116535 0.085869 0.069533 0.056175 0.043334 0.030449 0.017391 0.004134 0.000001 0.000001 0.000001 0.000001 0.000001 0.000001 0.000001 0.000001 0.000001 0.000001 0.000001 0.000001 0.000001 0.000001 0.000001 0.000001 0.000001 0.000001 0.000001 0.000001 0.000001 0.000001 0.000001 0.000001 0.000001 0.000001 0.000001 0.000001 0.000001 0.000001 0.000001 0.000001 0.000001 0.000001 0.000001 0.000001 0.000001 0.000001 0.000001 0.000001 0.000001 0.000001
0.080709 0.081257 0.071439 0.059424 0.046815 0.033927 0.020826 0.007534 0.000001 0.000001 0.000001 0.000001 0.000001 0.000001 0.000001 0.000001 0.000001 0.000001 0.000001 0.000001 0.000001 0.000001 0.000001 0.000001 0.000001 0.000001 0.000001 0.000001 0.000001 0.000001 0.000001 0.000001 0.000001 0.000001 0.000001 0.000001 0.000001 0.000001 0.000001 0.000001 0.000001 0.000001 0.000001 0.000001 0.000001 0.000001 0.000001 0.000001 0.000001 0.000001
0.100000 0.086551 0.074909 0.062972 0.050666 0.038080 0.025271 0.012270 0.000001 0.000001 0.000001 0.000001 0.000001 0.000001 0.000001 0.000001 0.000001 0.000001 0.000001 0.000001 0.000001 0.000001 0.000001 0.000001 0.000001 0.000001 0.000001 0.000001 0.000001 0.000001 0.000001 0.000001 0.000001 0.000001 0.000001 0.000001 0.000001 0.000001 0.000001 0.000001 0.000001 0.000001 0.000001 0.000001 0.000001 0.000001 0.000001 0.000001 0.000001 0.000001
0.105118 0.090480 0.078177 0.066396 0.054582 0.042594 0.030410 0.018039 0.005525 0.000001 0.000001 0.000001 0.000001 0.000001 0.000001 0.000001 0.000001 0.000001 0.000001 0.000001 0.000001 0.000001 0.000001 0.000001 0.000001 0.000001 0.000001 0.000001 0.000001 0.000001 0.000001 0.000001 0.000001 0.000001 0.000001 0.000001 0.000001 0.000001 0.000001 0.000001 0.000001 0.000001 0.000001 0.000001 0.000001 0.000001 0.000001 0.000001 0.000001 0.000001
0.095669 0.090659 0.080874 0.070098 0.059061 0.047870 0.036529 0.025035 0.013392 0.002318 0.000001 0.000001 0.000001 0.000001 0.000001 0.000001 0.000001 0.000001 0.000001 0.000001 0.000001 0.000001 0.000001 0.000001 0.000001 0.000001 0.000001 0.000001 0.000001 0.000001 0.000001 0.000001 0.000001 0.000001 0.000001 0.000001 0.000001 0.000001 0.000001 0.000001 0.000001 0.000001 0.000001 0.000001 0.000001 0.000001 0.000001 0.000001 0.000001 0.000001
0.118110 0.098174 0.085740 0.075025 0.064683 0.054383 0.044029 0.033580 0.023017 0.012384 0.003006 0.000001 0.000001 0.000001 0.000001 0.000001 0.000001 0.000001 0.000001 0.000001 0.000001 0.000001 0.000001 0.000001 0.000001 0.000001 0.000001 0.000001 0.000001 0.000001 0.000001 0.000001 0.000001 0.000001 0.000001 0.000001 0.000001 0.000001 0.000001 0.000001 0.000001 0.000001 0.000001 0.000001 0.000001 0.000001 0.000001 0.000001 0.000001 0.000001
0.094488 0.095228 0.088659 0.080189 0.071232 0.062139 0.052975 0.043734 0.034399 0.024958 0.015556 0.007184 0.001020 0.000001 0.000001 0.000001 0.000001 0.000001 0.000001 0.000001 0.000001 0.000001 0.000001 0.000001 0.000001 0.000001 0.000001 0.000001 0.000001 0.000001 0.000001 0.000001 0.000001 0.000001 0.000001 0.000001 0.000001 0.000001 0.000001 0.000001 0.000001 0.000001 0.000001 0.000001 0.000001 0.000001 0.000001 0.000001 0.000001 0.000001
0.112992 0.103221 0.094694 0.086648 0.078768 0.070925 0.063061 0.055139 0.047134 0.039028 0.030823 0.022666 0.015037 0.008657 0.003906 0.000068 0.000001 0.000001 0.000001 0.000001 0.000001 0.000001 0.000001 0.000001 0.000001 0.000001 0.000001 0.000001 0.000001 0.000001 0.000001 0.000001 0.000001 0.000001 0.000001 0.000001 0.000001 0.000001 0.000001 0.000001 0.000001 0.000001 0.000001 0.000001 0.000001 0.000001 0.000001 0.000001 0.000001 0.000001
0.124803 0.109407 0.100394 0.093192 0.086526 0.080013 0.073519 0.066987 0.060385 0.053691 0.046891 0.039994 0.033102 0.026426 0.020302 0.014794 0.010314 0.006881 0.004047 0.001598 0.000001 0.000001 0.000001 0.000001 0.000001 0.000001 0.000001 0.000001 0.000001 0.000001 0.000001 0.000001 0.000001 0.000001 0.000001 0.000001 0.000001 0.000001 0.000001 0.000001 0.000001 0.000001 0.000001 0.000001 0.000001 0.000001 0.000001 0.000001 0.000001 0.000001
0.103937 0.105774 0.102535 0.098024 0.093191 0.088264 0.083282 0.078239 0.073120 0.067908 0.062590 0.057159 0.051627 0.046047 0.040531 0.035201 0.030172 0.025623 0.021550 0.017881 0.014571 0.011970 0.009909 0.008186 0.006699 0.005391 0.004228 0.003188 0.002257 0.001425 0.000688 0.000041 0.000001 0.000001 0.000001 0.000001 0.000001 0.000001 0.000001 0.000001 0.000006 0.000289 0.000920 0.001857 0.003103 0.004683 0.006638 0.009019 0.011889 0.015323
0.105906 0.105689 0.103907 0.101281 0.098259 0.095029 0.091660 0.088176 0.084581 0.080877 0.077061 0.073132 0.069091 0.064949 0.060738 0.056511 0.052331 0.048280 0.044432 0.040816 0.037437 0.034353 0.031635 0.029256 0.027173 0.025347 0.023749 0.022359 0.021161 0.020147 0.019314 0.018659 0.018265 0.018164 0.018292 0.018627 0.019161 0.019899 0.020853 0.022039 0.023478 0.025233 0.027420 0.030113 0.033378 0.037290 0.041940 0.047437 0.053908 0.061509
0.114567 0.108697 0.105970 0.104165 0.102499 0.100740 0.098838 0.096794 0.094621 0.092330 0.089931 0.087432 0.084837 0.082153 0.079390 0.076567 0.073712 0.070863 0.068066 0.065363 0.062785 0.060361 0.058135 0.056139 0.054387 0.052880 0.051616 0.050592 0.049809 0.049269 0.048977 0.048941 0.049182 0.049742 0.050640 0.051887 0.053497 0.055491 0.057897 0.060751 0.064098 0.067995 0.072530 0.077807 0.083941 0.091061 0.099312 0.108868 0.119932 0.132741
0.110236 0.108430 0.107912 0.107503 0.106987 0.106326 0.105528 0.104610 0.103590 0.102484 0.101304 0.100060 0.098759 0.097408 0.096013 0.094582 0.093128 0.091667 0.090224 0.088825 0.087499 0.086273 0.085175 0.084238 0.083491 0.082957 0.082655 0.082604 0.082817 0.083314 0.084112 0.085231 0.086696 0.088541 0.090805 0.093524 0.096738 0.100492 0.104835 0.109827 0.115538 0.122052 0.129470 0.137917 0.147541 0.158513 0.171032 0.185328 0.201670 0.220370
0.099606 0.109074 0.111621 0.112321 0.112475 0.112440 0.112323 0.112161 0.111970 0.111761 0.111541 0.111317 0.111093 0.110875 0.110666 0.110472 0.110301 0.110160 0.110063 0.110026 0.110068 0.110210 0.110476 0.110892 0.111485 0.112284 0.113317 0.114611 0.116194 0.118095 0.120343 0.122970 0.126012 0.129507 0.133502 0.138047 0.143200 0.149024 0.155588 0.162977 0.171282 0.180615 0.191103 0.202895 0.216166 0.231119 0.247989 0.267048 0.288607 0.313019
0.131102 0.121625 0.119456 0.119011 0.119013 0.119169 0.119411 0.119721 0.120095 0.120530 0.121027 0.121586 0.122208 0.122895 0.123652 0.124481 0.125389 0.126381 0.127467 0.128658 0.129967 0.131412 0.133012 0.134788 0.136764 0.138969 0.141429 0.144178 0.147246 0.150668 0.154481 0.158723 0.163436 0.168667 0.174469 0.180902 0.188031 0.195935 0.204697 0.214416 0.225207 0.237197 0.250535 0.265390 0.281954 0.300451 0.321138 0.344307 0.370287 0.399440
0.120079 0.124754 0.125472 0.125626 0.125833 0.126187 0.126690 0.127333 0.128108 0.129009 0.130031 0.131172 0.132432 0.133811 0.135313 0.136941 0.138700 0.140597 0.142640 0.144840 0.147207 0.149757 0.152506 0.155473 0.158681 0.162153 0.165917 0.170003 0.174442 0.179271 0.184526 0.190249 0.196486 0.203287 0.210710 0.218822 0.227694 0.237411 0.248069 0.259778 0.272662 0.286864 0.302542 0.319877 0.339076 0.360376 0.384045 0.410383 0.439725 0.472432
0.133465 0.132212 0.132206 0.132400 0.132752 0.133287 0.134012 0.134920 0.136003 0.137253 0.138665 0.140237 0.141968 0.143859 0.145913 0.148136 0.150533 0.153111 0.155880 0.158849 0.162030 0.165437 0.169085 0.172992 0.177178 0.181665 0.186478 0.191643 0.197191 0.203154 0.209568 0.216476 0.223925 0.231970 0.240672 0.250099 0.260332 0.271459 0.283586 0.296827 0.311318 0.327205 0.344655 0.363862 0.385043 0.408443 0.434339 0.463036 0.494876 0.530231
0.140551 0.139743 0.139192 0.139172 0.139554 0.140238 0.141170 0.142317 0.143662 0.145194 0.146909 0.148804 0.150881 0.153144 0.155597 0.158246 0.161098 0.164162 0.167448 0.170967 0.174729 0.178749 0.183042 0.187623 0.192511 0.197725 0.203288 0.209223 0.215556 0.222322 0.229555 0.237300 0.245607 0.254535 0.264148 0.274519 0.285733 0.297885 0.311084 0.325450 0.341122 0.358254 0.377024 0.397628 0.420293 0.445268 0.472835 0.503308 0.537031 0.574384
0.148031 0.145199 0.144642 0.144936 0.145665 0.146677 0.147909 0.149332 0.150936 0.152717 0.154677 0.156819 0.159151 0.161678 0.164407 0.167349 0.170510 0.173902 0.177533 0.181416 0.185562 0.189983 0.194695 0.199711 0.205049 0.210724 0.216756 0.223169 0.229991 0.237257 0.245008 0.253291 0.262159 0.271675 0.281904 0.292926 0.304825 0.317699 0.331659 0.346829 0.363348 0.381377 0.401092 0.422698 0.446420 0.472514 0.501265 0.532991 0.568039 0.606790
0.140945 0.145445 0.147771 0.149483 0.151038 0.152591 0.154207 0.155923 0.157763 0.159747 0.161891 0.164209 0.166712 0.169413 0.172322 0.175448 0.178803 0.182396 0.186238 0.190339 0.194712 0.199368 0.204319 0.209578 0.215160 0.221081 0.227361 0.234030 0.241122 0.248674 0.256731 0.265341 0.274559 0.284446 0.295070 0.306508 0.318848 0.332189 0.346640 0.362328 0.379393 0.397995 0.418315 0.440556 0.464946 0.491743 0.521232 0.553731 0.589592 0.629197
0.147244 0.149970 0.152529 0.154742 0.156709 0.158551 0.160366 0.162224 0.164174 0.166252 0.168482 0.170884 0.173473 0.176263 0.179264 0.182487 0.185943 0.189640 0.193590 0.197801 0.202284 0.207049 0.212107 0.217469 0.223150 0.229170 0.235559 0.242348 0.249571 0.257269 0.265483 0.274264 0.283665 0.293748 0.304581 0.316242 0.328817 0.342405 0.357117 0.373076 0.390424 0.409321 0.429946 0.452502 0.477217 0.504347 0.534177 0.567027 0.603246 0.643217
0.157874 0.158694 0.160229 0.161812 0.163355 0.164903 0.166513 0.168231 0.170087 0.172104 0.174299 0.176686 0.179274 0.182075 0.185095 0.188344 0.191830 0.195560 0.199543 0.203787 0.208300 0.213091 0.218168 0.223543 0.229238 0.235278 0.241692 0.248512 0.255772 0.263512 0.271774 0.280608 0.290067 0.300212 0.311111 0.322842 0.335489 0.349150 0.363935 0.379966 0.397384 0.416345 0.437028 0.459632 0.484384 0.511537 0.541374 0.574212 0.610398 0.650316
0.166929 0.168779 0.169241 0.169577 0.170139 0.170989 0.172115 0.173495 0.175115 0.176965 0.179042 0.181343 0.183871 0.186628 0.189617 0.192843 0.196311 0.200026 0.203994 0.208222 0.212715 0.217481 0.222527 0.227871 0.233536 0.239547 0.245933 0.252725 0.259958 0.267670 0.275905 0.284710 0.294139 0.304251 0.315114 0.326803 0.339402 0.353007 0.367725 0.383678 0.401001 0.419850 0.440398 0.462842 0.487405 0.514334 0.543911 0.576446 0.612284 0.651806
0.182677 0.178936 0.176541 0.175394 0.175102 0.175405 0.176152 0.177258 0.178672 0.180364 0.182318 0.184522 0.186971 0.189663 0.192598 0.195776 0.199201 0.202876 0.206804 0.210990 0.215440 0.220157 0.225152 0.230443 0.236053 0.242008 0.248336 0.255066 0.262234 0.269877 0.278038 0.286763 0.296105 0.306123 0.316882 0.328455 0.340926 0.354387 0.368942 0.384711 0.401825 0.420436 0.440713 0.462848 0.487057 0.513584 0.542702 0.574716 0.609968 0.648831
0.188189 0.179941 0.177498 0.176752 0.176719 0.177126 0.177884 0.178950 0.180302 0.181924 0.183806 0.185941 0.188326 0.190958 0.193836 0.196962 0.200335 0.203960 0.207839 0.211975 0.216373 0.221038 0.225977 0.231209 0.236757 0.242645 0.248900 0.255554 0.262639 0.270192 0.278255 0.286873 0.296098 0.305986 0.316602 0.328017 0.340311 0.353574 0.367909 0.383429 0.400263 0.418558 0.438477 0.460206 0.483956 0.509961 0.538489 0.569837 0.604338 0.642359
0.157480 0.169563 0.173205 0.174656 0.175559 0.176407 0.177375 0.178533 0.179912 0.181524 0.183376 0.185471 0.187808 0.190390 0.193216 0.196289 0.199611 0.203184 0.207011 0.211097 0.215446 0.220061 0.224950 0.230126 0.235613 0.241435 0.247618 0.254191 0.261188 0.268645 0.276601 0.285102 0.294196 0.303941 0.314396 0.325632 0.337727 0.350767 0.364851 0.380090 0.396607 0.414544 0.434060 0.455332 0.478564 0.503983 0.531847 0.562443 0.596094 0.633159
0.177953 0.172366 0.172043 0.172612 0.173338 0.174166 0.175140 0.176298 0.177665 0.179254 0.181074 0.183129 0.185422 0.187955 0.190730 0.193750 0.197018 0.200537 0.204311 0.208346 0.212645 0.217214 0.222059 0.227188 0.232621 0.238381 0.244496 0.250993 0.257904 0.265266 0.273115 0.281497 0.290458 0.300054 0.310344 0.321395 0.333282 0.346090 0.359913 0.374858 0.391045 0.408609 0.427702 0.448497 0.471187 0.495992 0.523158 0.552962 0.585713 0.621758
0.167717 0.170381 0.170188 0.169975 0.170116 0.170599 0.171379 0.172424 0.173719 0.175255 0.177027 0.179035 0.181278 0.183758 0.186477 0.189438 0.192646 0.196104 0.199818 0.203792 0.208034 0.212550 0.217347 0.222431 0.227816 0.233520 0.239569 0.245992 0.252820 0.260086 0.267829 0.276090 0.284917 0.294362 0.304483 0.315345 0.327021 0.339591 0.353149 0.367795 0.383645 0.400830 0.419494 0.439804 0.461944 0.486123 0.512576 0.541566 0.573387 0.608370
0.175591 0.168674 0.166102 0.165097 0.164897 0.165213 0.165905 0.166901 0.168162 0.169667 0.171406 0.173373 0.175569 0.177993 0.180650 0.183542 0.186676 0.190057 0.193691 0.197586 0.201749 0.206189 0.210914 0.215934 0.221259 0.226902 0.232881 0.239224 0.245960 0.253124 0.260751 0.268883 0.277565 0.286847 0.296787 0.307448 0.318898 0.331218 0.344494 0.358826 0.374325 0.391115 0.409334 0.429141 0.450712 0.474243 0.499956 0.528099 0.558949 0.592811
0.154724 0.156146 0.156345 0.156603 0.157084 0.157795 0.158722 0.159858 0.161197 0.162736 0.164477 0.166421 0.168573 0.170937 0.173518 0.176324 0.179361 0.182637 0.186159 0.189938 0.193983 0.198304 0.202911 0.207817 0.213034 0.218575 0.224455 0.230693 0.237314 0.244349 0.251834 0.259807 0.268313 0.277401 0.287126 0.297549 0.308737 0.320766 0.333721 0.347697 0.362798 0.379145 0.396869 0.416120 0.437062 0.459882 0.484785 0.512000 0.541781 0.574408
0.140157 0.142500 0.144813 0.146552 0.147954 0.149230 0.150504 0.151848 0.153303 0.154895 0.156641 0.158555 0.160648 0.162928 0.165407 0.168092 0.170993 0.174121 0.177483 0.181093 0.184960 0.189097 0.193516 0.198232 0.203259 0.208611 0.214307 0.220363 0.226800 0.233645 0.240927 0.248682 0.256951 0.265779 0.275220 0.285332 0.296180 0.307836 0.320382 0.333909 0.348516 0.364316 0.381434 0.400009 0.420196 0.442164 0.466103 0.492220 0.520742 0.551917
0.127165 0.133402 0.136192 0.138030 0.139533 0.140912 0.142265 0.143653 0.145115 0.146680 0.148369 0.150198 0.152180 0.154328 0.156652 0.159164 0.161873 0.164791 0.167928 0.171297 0.174908 0.178776 0.182915 0.187338 0.192064 0.197108 0.202489 0.208226 0.214342 0.220860 0.227807 0.235215 0.243119 0.251563 0.260592 0.270262 0.280634 0.291775 0.303760 0.316675 0.330614 0.345682 0.361995 0.379680 0.398879 0.419745 0.442447 0.467168 0.494103 0.523464
0.138189 0.132452 0.131472 0.131801 0.132572 0.133540 0.134630 0.135823 0.137120 0.138527 0.140054 0.141710 0.143505 0.145448 0.147550 0.149818 0.152264 0.154897 0.157729 0.160770 0.164032 0.167530 0.171276 0.175287 0.179578 0.184167 0.189074 0.194319 0.199925 0.205916 0.212318 0.219162 0.226481 0.234314 0.242701 0.251694 0.261347 0.271722 0.282887 0.294919 0.307903 0.321934 0.337117 0.353564 0.371402 0.390764 0.411794 0.434646 0.459481 0.486467
0.123228 0.125803 0.125912 0.125971 0.126284 0.126832 0.127567 0.128456 0.129482 0.130634 0.131911 0.133313 0.134843 0.136506 0.138309 0.140258 0.142361 0.144626 0.147062 0.149680 0.152491 0.155506 0.158739 0.162203 0.165914 0.169889 0.174146 0.178706 0.183590 0.188823 0.194431 0.200441 0.206887 0.213802 0.221226 0.229203 0.237781 0.247016 0.256967 0.267701 0.279292 0.291821 0.305376 0.320053 0.335956 0.353196 0.371887 0.392149 0.414106 0.437877
0.124016 0.120284 0.119755 0.119760 0.119946 0.120282 0.120766 0.121387 0.122137 0.123005 0.123989 0.125083 0.126289 0.127607 0.129042 0.130596 0.132275 0.134086 0.136036 0.138132 0.140384 0.142801 0.145395 0.148177 0.151161 0.154361 0.157794 0.161477 0.165430 0.169676 0.174237 0.179141 0.184415 0.190092 0.196204 0.202792 0.209895 0.217560 0.225838 0.234783 0.244453 0.254914 0.266233 0.278483 0.291741 0.306087 0.321601 0.338363 0.356449 0.375931
0.103543 0.111143 0.112759 0.113206 0.113458 0.113728 0.114068 0.114490 0.114997 0.115587 0.116260 0.117015 0.117850 0.118768 0.119769 0.120857 0.122035 0.123307 0.124679 0.126156 0.127745 0.129453 0.131289 0.133261 0.135380 0.137659 0.140109 0.142746 0.145587 0.148649 0.151952 0.155520 0.159375 0.163544 0.168055 0.172938 0.178228 0.183958 0.190167 0.196894 0.204181 0.212072 0.220611 0.229845 0.239819 0.250575 0.262154 0.274588 0.287901 0.302104
0.120472 0.109789 0.107571 0.107187 0.107225 0.107376 0.107572 0.107800 0.108062 0.108360 0.108694 0.109069 0.109484 0.109942 0.110445 0.110995 0.111594 0.112245 0.112952 0.113718 0.114547 0.115444 0.116416 0.117468 0.118610 0.119848 0.121195 0.122662 0.124262 0.126009 0.127919 0.130010 0.132300 0.134810 0.137560 0.140572 0.143871 0.147478 0.151416 0.155709 0.160379 0.165451 0.170944 0.176878 0.183263 0.190106 0.197401 0.205133 0.213272 0.221773
0.088583 0.098724 0.100834 0.101307 0.101432 0.101467 0.101463 0.101434 0.101387 0.101327 0.101259 0.101187 0.101113 0.101041 0.100971 0.100906 0.100848 0.100797 0.100756 0.100727 0.100713 0.100717 0.100743 0.100796 0.100884 0.101013 0.101193 0.101434 0.101746 0.102143 0.102636 0.103238 0.103963 0.104826 0.105842 0.107024 0.108385 0.109932 0.111676 0.113623 0.115785 0.118167 0.120768 0.123581 0.126588 0.129758 0.133052 0.136414 0.139769 0.143046
0.105512 0.098312 0.097009 0.096707 0.096494 0.096219 0.095869 0.095453 0.094978 0.094453 0.093882 0.093269 0.092616 0.091927 0.091201 0.090441 0.089647 0.088820 0.087960 0.087069 0.086150 0.085206 0.084242 0.083264 0.082281 0.081300 0.080333 0.079390 0.078483 0.077622 0.076816 0.076076 0.075415 0.074844 0.074370 0.073997 0.073724 0.073548 0.073464 0.073483 0.073610 0.073836 0.074139 0.074487 0.074841 0.075148 0.075343 0.075348 0.075078 0.074538
0.088189 0.092730 0.093332 0.093020 0.092403 0.091630 0.090749 0.089778 0.088729 0.087605 0.086410 0.085147 0.083816 0.082419 0.080955 0.079424 0.077826 0.076162 0.074432 0.072640 0.070790 0.068891 0.066952 0.064984 0.063001 0.061014 0.059038 0.057091 0.055182 0.053318 0.051504 0.049757 0.048096 0.046522 0.045030 0.043606 0.042237 0.040906 0.039631 0.038456 0.037364 0.036318 0.035272 0.034180 0.032992 0.031647 0.030077 0.028203 0.026089 0.024068
0.095669 0.093328 0.091919 0.090502 0.089016 0.087466 0.085846 0.084154 0.082384 0.080536 0.078606 0.076594 0.074499 0.072317 0.070048 0.067689 0.065242 0.062709 0.060095 0.057411 0.054670 0.051890 0.049091 0.046296 0.043519 0.040781 0.038114 0.035532 0.033033 0.030608 0.028277 0.026101 0.024072 0.022157 0.020324 0.018545 0.016792 0.015050 0.013558 0.012276 0.011081 0.009907 0.008705 0.007434 0.006054 0.004521 0.002788 0.000798 0.000001 0.000001
0.097638 0.094085 0.090845 0.088111 0.085602 0.083151 0.080685 0.078169 0.075589 0.072934 0.070197 0.067374 0.064459 0.061449 0.058340 0.055133 0.051833 0.048452 0.045012 0.041540 0.038065 0.034625 0.031264 0.027999 0.024837 0.021857 0.019086 0.016490 0.014030 0.011671 0.009656 0.007970 0.006463 0.005057 0.003709 0.002389 0.001072 0.000001 0.000001 0.000001 0.000001 0.000001 0.000001 0.000001 0.000001 0.000001 0.000001 0.000001 0.000001 0.000001
0.097638 0.091238 0.087622 0.084432 0.081253 0.078028 0.074749 0.071411 0.068009 0.064533 0.060975 0.057329 0.053589 0.049749 0.045812 0.041789 0.037707 0.033605 0.029545 0.025580 0.021751 0.018170 0.014855 0.011762 0.008959 0.006703 0.004770 0.003026 0.001401 0.000001 0.000001 0.000001 0.000001 0.000001 0.000001 0.000001 0.000001 0.000001 0.000001 0.000001 0.000001 0.000001 0.000001 0.000001 0.000001 0.000001 0.000001 0.000001 0.000001 0.000001
0.079134 0.084054 0.082653 0.079470 0.075739 0.071812 0.067787 0.063687 0.059512 0.055257 0.050917 0.046484 0.041954 0.037332 0.032641 0.027939 0.023311 0.018855 0.014723 0.010917 0.007591 0.004959 0.002718 0.000714 0.000001 0.000001 0.000001 0.000001 0.000001 0.000001 0.000001 0.000001 0.000001 0.000001 0.000001 0.000001 0.000001 0.000001 0.000001 0.000001 0.000001 0.000001 0.000001 0.000001 0.000001 0.000001 0.000001 0.000001 0.000001 0.000001
0.095276 0.085185 0.079099 0.074095 0.069372 0.064689 0.059965 0.055170 0.050292 0.045323 0.040260 0.035101 0.029852 0.024558 0.019329 0.014378 0.009832 0.006046 0.003072 0.000549 0.000001 0.000001 0.000001 0.000001 0.000001 0.000001 0.000001 0.000001 0.000001 0.000001 0.000001 0.000001 0.000001 0.000001 0.000001 0.000001 0.000001 0.000001 0.000001 0.000001 0.000001 0.000001 0.000001 0.000001 0.000001 0.000001 0.000001 0.000001 0.000001 0.000001
0.086614 0.079198 0.073160 0.067719 0.062445 0.057166 0.051817 0.046379 0.040845 0.035215 0.029488 0.023670 0.017823 0.012198 0.007134 0.003242 0.000107 0.000001 0.000001 0.000001 0.000001 0.000001 0.000001 0.000001 0.000001 0.000001 0.000001 0.000001 0.000001 0.000001 0.000001 0.000001 0.000001 0.000001 0.000001 0.000001 0.000001 0.000001 0.000001 0.000001 0.000001 0.000001 0.000001 0.000001 0.000001 0.000001 0.000001 0.000001 0.000001 0.000001
0.073228 0.071053 0.066743 0.061505 0.055863 0.050019 0.044048 0.037976 0.031812 0.025559 0.019218 0.012844 0.006835 0.002183 0.000001 0.000001 0.000001 0.000001 0.000001 0.000001 0.000001 0.000001 0.000001 0.000001 0.000001 0.000001 0.000001 0.000001 0.000001 0.000001 0.000001 0.000001 0.000001 0.000001 0.000001 0.000001 0.000001 0.000001 0.000001 0.000001 0.000001 0.000001 0.000001 0.000001 0.000001 0.000001 0.000001 0.000001 0.000001 0.000001
0.072047 0.068498 0.062989 0.056816 0.050397 0.043861 0.037245 0.030560 0.023804 0.016975 0.010083 0.003673 0.000001 0.000001 0.000001 0.000001 0.000001 0.000001 0.000001 0.000001 0.000001 0.000001 0.000001 0.000001 0.000001 0.000001 0.000001 0.000001 0.000001 0.000001 0.000001 0.000001 0.000001 0.000001 0.000001 0.000001 0.000001 0.000001 0.000001 0.000001 0.000001 0.000001 0.000001 0.000001 0.000001 0.000001 0.000001 0.000001 0.000001 0.000001
0.080709 0.069353 0.060883 0.053376 0.046157 0.038999 0.031824 0.024603 0.017325 0.009985 0.002777 0.000001 0.000001 0.000001 0.000001 0.000001 0.000001 0.000001 0.000001 0.000001 0.000001 0.000001 0.000001 0.000001 0.000001 0.000001 0.000001 0.000001 0.000001 0.000001 0.000001 0.000001 0.000001 0.000001 0.000001 0.000001 0.000001 0.000001 0.000001 0.000001 0.000001 0.000001 0.000001 0.000001 0.000001 0.000001 0.000001 0.000001 0.000001 0.000001
0.074016 0.065963 0.058397 0.050875 0.043334 0.035759 0.028138 0.020462 0.012727 0.004931 0.000001 0.000001 0.000001 0.000001 0.000001 0.000001 0.000001 0.000001 0.000001 0.000001 0.000001 0.000001 0.000001 0.000001 0.000001 0.000001 0.000001 0.000001 0.000001 0.000001 0.000001 0.000001 0.000001 0.000001 0.000001 0.000001 0.000001 0.000001 0.000001 0.000001 0.000001 0.000001 0.000001 0.000001 0.000001 0.000001 0.000001 0.000001 0.000001 0.000001
0.068898 0.064964 0.057972 0.050240 0.042325 0.034345 0.026314 0.018229 0.010084 0.001880 0.000001 0.000001 0.000001 0.000001 0.000001 0.000001 0.000001 0.000001 0.000001 0.000001 0.000001 0.000001 0.000001 0.000001 0.000001 0.000001 0.000001 0.000001 0.000001 0.000001 0.000001 0.000001 0.000001 0.000001 0.000001 0.000001 0.000001 0.000001 0.000001 0.000001 0.000001 0.000001 0.000001 0.000001 0.000001 0.000001 0.000001 0.000001 0.000001 0.000001
0.080709 0.068671 0.059438 0.050968 0.042668 0.034367 0.026015 0.017598 0.009113 0.000564 0.000001 0.000001 0.000001 0.000001 0.000001 0.000001 0.000001 0.000001 0.000001 0.000001 0.000001 0.000001 0.000001 0.000001 0.000001 0.000001 0.000001 0.000001 0.000001 0.000001 0.000001 0.000001 0.000001 0.000001 0.000001 0.000001 0.000001 0.000001 0.000001 0.000001 0.000001 0.000001 0.000001 0.000001 0.000001 0.000001 0.000001 0.000001 0.000001 0.000001
0.075197 0.067436 0.059753 0.051775 0.043551 0.035154 0.026627 0.017996 0.009276 0.000478 0.000001 0.000001 0.000001 0.000001 0.000001 0.000001 0.000001 0.000001 0.000001 0.000001 0.000001 0.000001 0.000001 0.000001 0.000001 0.000001 0.000001 0.000001 0.000001 0.000001 0.000001 0.000001 0.000001 0.000001 0.000001 0.000001 0.000001 0.000001 0.000001 0.000001 0.000001 0.000001 0.000001 0.000001 0.000001 0.000001 0.000001 0.000001 0.000001 0.000001
0.069685 0.067481 0.060872 0.053003 0.044708 0.036212 0.027581 0.018838 0.009996 0.001065 0.000001 0.000001 0.000001 0.000001 0.000001 0.000001 0.000001 0.000001 0.000001 0.000001 0.000001 0.000001 0.000001 0.000001 0.000001 0.000001 0.000001 0.000001 0.000001 0.000001 0.000001 0.000001 0.000001 0.000001 0.000001 0.000001 0.000001 0.000001 0.000001 0.000001 0.000001 0.000001 0.000001 0.000001 0.000001 0.000001 0.000001 0.000001 0.000001 0.000001
0.087795 0.073537 0.063303 0.054312 0.045668 0.037070 0.028417 0.019674 0.010832 0.001892 0.000001 0.000001 0.000001 0.000001 0.000001 0.000001 0.000001 0.000001 0.000001 0.000001 0.000001 0.000001 0.000001 0.000001 0.000001 0.000001 0.000001 0.000001 0.000001 0.000001 0.000001 0.000001 0.000001 0.000001 0.000001 0.000001 0.000001 0.000001 0.000001 0.000001 0.000001 0.000001 0.000001 0.000001 0.000001 0.000001 0.000001 0.000001 0.000001 0.000001
0.081890 0.071037 0.062334 0.054037 0.045757 0.037396 0.028922 0.020326 0.011606 0.002770 0.000001 0.000001 0.000001 0.000001 0.000001 0.000001 0.000001 0.000001 0.000001 0.000001 0.000001 0.000001 0.000001 0.000001 0.000001 0.000001 0.000001 0.000001 0.000001 0.000001 0.000001 0.000001 0.000001 0.000001 0.000001 0.000001 0.000001 0.000001 0.000001 0.000001 0.000001 0.000001 0.000001 0.000001 0.000001 0.000001 0.000001 0.000001 0.000001 0.000001
0.060630 0.064394 0.059892 0.053084 0.045489 0.037530 0.029340 0.020968 0.012438 0.003766 0.000001 0.000001 0.000001 0.000001 0.000001 0.000001 0.000001 0.000001 0.000001 0.000001 0.000001 0.000001 0.000001 0.000001 0.000001 0.000001 0.000001 0.000001 0.000001 0.000001 0.000001 0.000001 0.000001 0.000001 0.000001 0.000001 0.000001 0.000001 0.000001 0.000001 0.000001 0.000001 0.000001 0.000001 0.000001 0.000001 0.000001 0.000001 0.000001 0.000001
0.087008 0.070760 0.061606 0.053793 0.046084 0.038228 0.030190 0.021977 0.013602 0.005081 0.000001 0.000001 0.000001 0.000001 0.000001 0.000001 0.000001 0.000001 0.000001 0.000001 0.000001 0.000001 0.000001 0.000001 0.000001 0.000001 0.000001 0.000001 0.000001 0.000001 0.000001 0.000001 0.000001 0.000001 0.000001 0.000001 0.000001 0.000001 0.000001 0.000001 0.000001 0.000001 0.000001 0.000001 0.000001 0.000001 0.000001 0.000001 0.000001 0.000001
0.075197 0.070695 0.063321 0.055557 0.047713 0.039781 0.031735 0.023562 0.015261 0.006835 0.000001 0.000001 0.000001 0.000001 0.000001 0.000001 0.000001 0.000001 0.000001 0.000001 0.000001 0.000001 0.000001 0.000001 0.000001 0.000001 0.000001 0.000001 0.000001 0.000001 0.000001 0.000001 0.000001 0.000001 0.000001 0.000001 0.000001 0.000001 0.000001 0.000001 0.000001 0.000001 0.000001 0.000001 0.000001 0.000001 0.000001 0.000001 0.000001 0.000001
0.079921 0.073039 0.065595 0.057787 0.049836 0.041810 0.033713 0.025536 0.017270 0.008913 0.000524 0.000001 0.000001 0.000001 0.000001 0.000001 0.000001 0.000001 0.000001 0.000001 0.000001 0.000001 0.000001 0.000001 0.000001 0.000001 0.000001 0.000001 0.000001 0.000001 0.000001 0.000001 0.000001 0.000001 0.000001 0.000001 0.000001 0.000001 0.000001 0.000001 0.000001 0.000001 0.000001 0.000001 0.000001 0.000001 0.000001 0.000001 0.000001 0.000001
0.086220 0.076286 0.067721 0.059590 0.051572 0.043558 0.035507 0.027401 0.019228 0.010985 0.002671 0.000001 0.000001 0.000001 0.000001 0.000001 0.000001 0.000001 0.000001 0.000001 0.000001 0.000001 0.000001 0.000001 0.000001 0.000001 0.000001 0.000001 0.000001 0.000001 0.000001 0.000001 0.000001 0.000001 0.000001 0.000001 0.000001 0.000001 0.000001 0.000001 0.000001 0.000001 0.000001 0.000001 0.000001 0.000001 0.000001 0.000001 0.000001 0.000001
0.082677 0.075117 0.067414 0.059765 0.052089 0.044351 0.036543 0.028664 0.020712 0.012688 0.004591 0.000001 0.000001 0.000001 0.000001 0.000001 0.000001 0.000001 0.000001 0.000001 0.000001 0.000001 0.000001 0.000001 0.000001 0.000001 0.000001 0.000001 0.000001 0.000001 0.000001 0.000001 0.000001 0.000001 0.000001 0.000001 0.000001 0.000001 0.000001 0.000001 0.000001 0.000001 0.000001 0.000001 0.000001 0.000001 0.000001 0.000001 0.000001 0.000001
0.077953 0.071389 0.065182 0.058428 0.051331 0.044043 0.036630 0.029115 0.021507 0.013808 0.006022 0.000001 0.000001 0.000001 0.000001 0.000001 0.000001 0.000001 0.000001 0.000001 0.000001 0.000001 0.000001 0.000001 0.000001 0.000001 0.000001 0.000001 0.000001 0.000001 0.000001 0.000001 0.000001 0.000001 0.000001 0.000001 0.000001 0.000001 0.000001 0.000001 0.000001 0.000001 0.000001 0.000001 0.000001 0.000001 0.000001 0.000001 0.000001 0.000001
0.067717 0.068793 0.063294 0.056685 0.049867 0.042959 0.035960 0.028861 0.021656 0.014342 0.006920 0.000001 0.000001 0.000001 0.000001 0.000001 0.000001 0.000001 0.000001 0.000001 0.000001 0.000001 0.000001 0.000001 0.000001 0.000001 0.000001 0.000001 0.000001 0.000001 0.000001 0.000001 0.000001 0.000001 0.000001 0.000001 0.000001 0.000001 0.000001 0.000001 0.000001 0.000001 0.000001 0.000001 0.000001 0.000001 0.000001 0.000001 0.000001 0.000001
0.097244 0.072622 0.062024 0.054621 0.047957 0.041419 0.034837 0.028156 0.021355 0.014428 0.007374 0.000204 0.000001 0.000001 0.000001 0.000001 0.000001 0.000001 0.000001 0.000001 0.000001 0.000001 0.000001 0.000001 0.000001 0.000001 0.000001 0.000001 0.000001 0.000001 0.000001 0.000001 0.000001 0.000001 0.000001 0.000001 0.000001 0.000001 0.000001 0.000001 0.000001 0.000001 0.000001 0.000001 0.000001 0.000001 0.000001 0.000001 0.000001 0.000001
0.045276 0.057623 0.056007 0.051214 0.045590 0.039658 0.033539 0.027263 0.020833 0.014254 0.007526 0.000656 0.000001 0.000001 0.000001 0.000001 0.000001 0.000001 0.000001 0.000001 0.000001 0.000001 0.000001 0.000001 0.000001 0.000001 0.000001 0.000001 0.000001 0.000001 0.000001 0.000001 0.000001 0.000001 0.000001 0.000001 0.000001 0.000001 0.000001 0.000001 0.000001 0.000001 0.000001 0.000001 0.000001 0.000001 0.000001 0.000001 0.000001 0.000001
0.072835 0.059997 0.054110 0.048998 0.043708 0.038168 0.032407 0.026452 0.020314 0.014002 0.007522 0.000881 0.000001 0.000001 0.000001 0.000001 0.000001 0.000001 0.000001 0.000001 0.000001 0.000001 0.000001 0.000001 0.000001 0.000001 0.000001 0.000001 0.000001 0.000001 0.000001 0.000001 0.000001 0.000001 0.000001 0.000001 0.000001 0.000001 0.000001 0.000001 0.000001 0.000001 0.000001 0.000001 0.000001 0.000001 0.000001 0.000001 0.000001 0.000001
0.061417 0.058229 0.053223 0.048034 0.042764 0.037351 0.031758 0.025972 0.019993 0.013828 0.007484 0.000967 0.000001 0.000001 0.000001 0.000001 0.000001 0.000001 0.000001 0.000001 0.000001 0.000001 0.000001 0.000001 0.000001 0.000001 0.000001 0.000001 0.000001 0.000001 0.000001 0.000001 0.000001 0.000001 0.000001 0.000001 0.000001 0.000001 0.000001 0.000001 0.000001 0.000001 0.000001 0.000001 0.000001 0.000001 0.000001 0.000001 0.000001 0.000001
