0.077378 0.077816 0.078289 0.078649 0.078902 0.079072 0.079182 0.079247 0.079279 0.079285 0.079271 0.079241 0.079197 0.079143 0.079079 0.079008 0.078929 0.078845 0.078755 0.078659 0.078560 0.078456 0.078349 0.078239 0.078125 0.078008 0.077889 0.077767 0.077642 0.077516 0.077388 0.077257 0.077125 0.076991 0.076855 0.076718 0.076580 0.076440 0.076299 0.076157 0.076014 0.075870 0.075724 0.075578 0.075431 0.075283 0.075134 0.074985 0.074835 0.074684
0.078499 0.079577 0.079830 0.079898 0.079916 0.079913 0.079896 0.079866 0.079825 0.079775 0.079717 0.079650 0.079577 0.079497 0.079412 0.079321 0.079226 0.079127 0.079023 0.078916 0.078805 0.078691 0.078575 0.078455 0.078333 0.078209 0.078082 0.077953 0.077823 0.077690 0.077556 0.077420 0.077283 0.077144 0.077004 0.076862 0.076720 0.076576 0.076431 0.076285 0.076138 0.075991 0.075842 0.075693 0.075543 0.075392 0.075240 0.075088 0.074935 0.074782
0.085214 0.083000 0.082171 0.081738 0.081451 0.081234 0.081056 0.080902 0.080764 0.080635 0.080511 0.080390 0.080270 0.080149 0.080028 0.079906 0.079783 0.079657 0.079530 0.079401 0.079271 0.079138 0.079004 0.078869 0.078732 0.078593 0.078453 0.078312 0.078169 0.078025 0.077880 0.077734 0.077587 0.077439 0.077290 0.077140 0.076990 0.076838 0.076686 0.076533 0.076379 0.076225 0.076070 0.075915 0.075759 0.075603 0.075446 0.075289 0.075131 0.074973
0.083214 0.083908 0.083643 0.083251 0.082892 0.082585 0.082322 0.082091 0.081883 0.081691 0.081511 0.081339 0.081172 0.081009 0.080850 0.080691 0.080534 0.080378 0.080222 0.080067 0.079911 0.079755 0.079599 0.079443 0.079286 0.079128 0.078971 0.078813 0.078654 0.078495 0.078336 0.078176 0.078016 0.077856 0.077695 0.077533 0.077372 0.077210 0.077047 0.076885 0.076722 0.076559 0.076395 0.076231 0.076067 0.075903 0.075739 0.075574 0.075410 0.075245
0.086485 0.085224 0.084694 0.084335 0.084032 0.083756 0.083499 0.083256 0.083025 0.082803 0.082589 0.082382 0.082179 0.081981 0.081787 0.081596 0.081407 0.081220 0.081035 0.080852 0.080670 0.080489 0.080309 0.080130 0.079951 0.079773 0.079596 0.079419 0.079243 0.079067 0.078891 0.078715 0.078540 0.078365 0.078190 0.078016 0.077841 0.077667 0.077493 0.077318 0.077144 0.076971 0.076797 0.076623 0.076450 0.076276 0.076103 0.075930 0.075756 0.075583
0.084987 0.085296 0.085265 0.085150 0.084988 0.084796 0.084583 0.084360 0.084130 0.083898 0.083666 0.083436 0.083209 0.082984 0.082762 0.082543 0.082327 0.082113 0.081902 0.081694 0.081487 0.081283 0.081080 0.080879 0.080679 0.080481 0.080284 0.080089 0.079894 0.079701 0.079508 0.079316 0.079125 0.078935 0.078746 0.078557 0.078369 0.078182 0.077995 0.077809 0.077623 0.077438 0.077253 0.077068 0.076884 0.076701 0.076518 0.076335 0.076152 0.075970
0.085911 0.086035 0.086163 0.086149 0.086036 0.085864 0.085657 0.085430 0.085191 0.084945 0.084697 0.084449 0.084201 0.083955 0.083712 0.083471 0.083233 0.082998 0.082765 0.082535 0.082308 0.082083 0.081861 0.081641 0.081422 0.081206 0.080992 0.080779 0.080568 0.080358 0.080150 0.079943 0.079737 0.079533 0.079329 0.079127 0.078926 0.078726 0.078526 0.078328 0.078130 0.077934 0.077738 0.077543 0.077348 0.077154 0.076961 0.076769 0.076577 0.076386
0.087041 0.087803 0.087733 0.087512 0.087258 0.086995 0.086727 0.086456 0.086185 0.085913 0.085644 0.085376 0.085110 0.084847 0.084587 0.084329 0.084075 0.083824 0.083575 0.083329 0.083086 0.082846 0.082608 0.082372 0.082139 0.081908 0.081679 0.081451 0.081226 0.081003 0.080781 0.080561 0.080342 0.080125 0.079909 0.079695 0.079481 0.079270 0.079059 0.078849 0.078641 0.078434 0.078227 0.078022 0.077817 0.077614 0.077411 0.077209 0.077008 0.076808
0.093285 0.090430 0.089397 0.088818 0.088384 0.088011 0.087671 0.087352 0.087046 0.086749 0.086460 0.086176 0.085897 0.085622 0.085351 0.085082 0.084818 0.084556 0.084296 0.084040 0.083786 0.083535 0.083286 0.083039 0.082795 0.082553 0.082312 0.082074 0.081838 0.081604 0.081371 0.081140 0.080911 0.080683 0.080457 0.080233 0.080009 0.079788 0.079567 0.079348 0.079130 0.078913 0.078698 0.078483 0.078270 0.078058 0.077847 0.077636 0.077427 0.077219
0.087786 0.089850 0.089850 0.089482 0.089080 0.088702 0.088351 0.088021 0.087706 0.087402 0.087107 0.086818 0.086535 0.086256 0.085980 0.085707 0.085438 0.085171 0.084906 0.084644 0.084384 0.084127 0.083871 0.083618 0.083366 0.083117 0.082869 0.082623 0.082379 0.082137 0.081897 0.081658 0.081421 0.081185 0.080951 0.080718 0.080487 0.080257 0.080029 0.079802 0.079576 0.079352 0.079129 0.078907 0.078686 0.078466 0.078248 0.078030 0.077814 0.077599
0.094300 0.091062 0.090138 0.089697 0.089358 0.089044 0.088739 0.088441 0.088147 0.087859 0.087574 0.087293 0.087015 0.086740 0.086466 0.086195 0.085926 0.085659 0.085393 0.085130 0.084868 0.084608 0.084349 0.084092 0.083837 0.083584 0.083332 0.083081 0.082833 0.082586 0.082340 0.082096 0.081853 0.081612 0.081372 0.081134 0.080897 0.080662 0.080427 0.080194 0.079963 0.079732 0.079503 0.079275 0.079049 0.078823 0.078599 0.078375 0.078153 0.077932
0.086442 0.089100 0.089590 0.089564 0.089394 0.089174 0.088931 0.088677 0.088416 0.088152 0.087886 0.087618 0.087351 0.087083 0.086816 0.086550 0.086284 0.086020 0.085756 0.085494 0.085233 0.084973 0.084714 0.084456 0.084200 0.083945 0.083691 0.083439 0.083188 0.082938 0.082689 0.082442 0.082196 0.081952 0.081709 0.081467 0.081226 0.080986 0.080748 0.080511 0.080276 0.080041 0.079808 0.079575 0.079344 0.079114 0.078885 0.078657 0.078431 0.078205
0.091995 0.090328 0.089893 0.089676 0.089482 0.089277 0.089056 0.088823 0.088582 0.088333 0.088080 0.087823 0.087564 0.087304 0.087043 0.086782 0.086521 0.086260 0.086000 0.085740 0.085480 0.085222 0.084964 0.084707 0.084451 0.084197 0.083943 0.083690 0.083438 0.083188 0.082938 0.082690 0.082443 0.082197 0.081952 0.081708 0.081465 0.081223 0.080983 0.080743 0.080505 0.080267 0.080031 0.079796 0.079562 0.079329 0.079097 0.078866 0.078636 0.078407
0.090107 0.090315 0.090100 0.089862 0.089632 0.089402 0.089168 0.088929 0.088685 0.088437 0.088185 0.087931 0.087676 0.087419 0.087162 0.086904 0.086645 0.086387 0.086129 0.085872 0.085615 0.085358 0.085102 0.084847 0.084593 0.084339 0.084086 0.083834 0.083583 0.083333 0.083084 0.082836 0.082588 0.082342 0.082096 0.081852 0.081608 0.081366 0.081124 0.080884 0.080644 0.080405 0.080168 0.079931 0.079695 0.079460 0.079226 0.078994 0.078762 0.078531
0.090947 0.090488 0.090261 0.090022 0.089766 0.089504 0.089242 0.088982 0.088723 0.088465 0.088207 0.087949 0.087692 0.087434 0.087177 0.086920 0.086663 0.086407 0.086151 0.085895 0.085640 0.085386 0.085132 0.084879 0.084626 0.084374 0.084123 0.083873 0.083623 0.083374 0.083126 0.082878 0.082632 0.082386 0.082141 0.081897 0.081654 0.081411 0.081170 0.080929 0.080689 0.080450 0.080212 0.079975 0.079738 0.079503 0.079268 0.079034 0.078801 0.078569
0.090169 0.090598 0.090414 0.090113 0.089803 0.089504 0.089216 0.088937 0.088664 0.088395 0.088130 0.087867 0.087607 0.087347 0.087089 0.086832 0.086576 0.086321 0.086066 0.085813 0.085560 0.085307 0.085055 0.084804 0.084554 0.084304 0.084055 0.083806 0.083558 0.083311 0.083065 0.082819 0.082574 0.082329 0.082085 0.081842 0.081600 0.081358 0.081117 0.080877 0.080638 0.080399 0.080161 0.079924 0.079688 0.079452 0.079218 0.078984 0.078751 0.078518
0.092833 0.091184 0.090433 0.089980 0.089631 0.089322 0.089031 0.088750 0.088474 0.088204 0.087936 0.087673 0.087411 0.087152 0.086894 0.086638 0.086384 0.086130 0.085878 0.085626 0.085375 0.085125 0.084875 0.084627 0.084378 0.084131 0.083884 0.083637 0.083392 0.083146 0.082902 0.082658 0.082414 0.082171 0.081929 0.081687 0.081446 0.081206 0.080966 0.080727 0.080489 0.080251 0.080014 0.079778 0.079543 0.079308 0.079073 0.078840 0.078607 0.078375
0.089791 0.089757 0.089637 0.089440 0.089201 0.088943 0.088677 0.088410 0.088144 0.087880 0.087618 0.087358 0.087100 0.086845 0.086590 0.086337 0.086086 0.085835 0.085586 0.085337 0.085088 0.084841 0.084594 0.084348 0.084102 0.083857 0.083612 0.083368 0.083124 0.082881 0.082638 0.082396 0.082155 0.081914 0.081673 0.081433 0.081194 0.080955 0.080717 0.080479 0.080242 0.080006 0.079770 0.079535 0.079301 0.079067 0.078834 0.078601 0.078370 0.078138
0.087204 0.088697 0.088970 0.088883 0.088683 0.088445 0.088195 0.087941 0.087686 0.087433 0.087180 0.086929 0.086678 0.086429 0.086180 0.085932 0.085685 0.085439 0.085193 0.084947 0.084702 0.084457 0.084213 0.083969 0.083726 0.083483 0.083241 0.082999 0.082757 0.082516 0.082276 0.082035 0.081796 0.081557 0.081318 0.081080 0.080842 0.080605 0.080369 0.080133 0.079898 0.079663 0.079429 0.079195 0.078962 0.078730 0.078498 0.078267 0.078036 0.077806
0.091995 0.089736 0.088890 0.088449 0.088135 0.087865 0.087612 0.087366 0.087123 0.086881 0.086640 0.086398 0.086156 0.085914 0.085672 0.085430 0.085187 0.084945 0.084702 0.084460 0.084218 0.083976 0.083734 0.083493 0.083252 0.083011 0.082771 0.082531 0.082291 0.082052 0.081814 0.081575 0.081338 0.081100 0.080864 0.080627 0.080392 0.080156 0.079922 0.079688 0.079454 0.079221 0.078989 0.078757 0.078525 0.078295 0.078064 0.077835 0.077606 0.077378
0.088015 0.088188 0.087939 0.087660 0.087403 0.087164 0.086933 0.086705 0.086477 0.086248 0.086016 0.085783 0.085548 0.085311 0.085074 0.084835 0.084596 0.084357 0.084117 0.083877 0.083637 0.083398 0.083158 0.082918 0.082679 0.082440 0.082202 0.081964 0.081726 0.081489 0.081252 0.081015 0.080780 0.080544 0.080309 0.080075 0.079841 0.079608 0.079375 0.079143 0.078911 0.078680 0.078449 0.078219 0.077990 0.077761 0.077533 0.077305 0.077078 0.076852
0.086443 0.086744 0.086799 0.086721 0.086576 0.086398 0.086201 0.085992 0.085775 0.085552 0.085324 0.085094 0.084861 0.084626 0.084390 0.084152 0.083914 0.083676 0.083437 0.083198 0.082959 0.082721 0.082482 0.082244 0.082006 0.081769 0.081532 0.081295 0.081059 0.080824 0.080589 0.080354 0.080120 0.079887 0.079654 0.079421 0.079189 0.078958 0.078727 0.078497 0.078268 0.078039 0.077810 0.077583 0.077355 0.077129 0.076903 0.076677 0.076452 0.076228
0.086509 0.086194 0.086097 0.085993 0.085847 0.085669 0.085468 0.085253 0.085029 0.084800 0.084566 0.084330 0.084093 0.083854 0.083615 0.083375 0.083136 0.082896 0.082657 0.082418 0.082179 0.081941 0.081703 0.081466 0.081229 0.080993 0.080758 0.080523 0.080288 0.080055 0.079821 0.079589 0.079357 0.079125 0.078895 0.078665 0.078435 0.078206 0.077978 0.077750 0.077523 0.077296 0.077070 0.076845 0.076620 0.076396 0.076172 0.075949 0.075727 0.075505
0.085519 0.085812 0.085678 0.085454 0.085211 0.084963 0.084715 0.084465 0.084216 0.083967 0.083719 0.083472 0.083225 0.082980 0.082736 0.082492 0.082250 0.082009 0.081768 0.081529 0.081290 0.081052 0.080815 0.080579 0.080344 0.080109 0.079875 0.079642 0.079410 0.079178 0.078948 0.078717 0.078488 0.078259 0.078031 0.077803 0.077576 0.077350 0.077124 0.076899 0.076675 0.076451 0.076228 0.076006 0.075784 0.075562 0.075342 0.075121 0.074902 0.074683
0.086982 0.085868 0.085254 0.084817 0.084456 0.084134 0.083834 0.083548 0.083273 0.083005 0.082743 0.082485 0.082231 0.081980 0.081732 0.081486 0.081242 0.081000 0.080760 0.080521 0.080283 0.080047 0.079812 0.079578 0.079345 0.079112 0.078881 0.078651 0.078421 0.078192 0.077965 0.077737 0.077511 0.077285 0.077060 0.076836 0.076612 0.076389 0.076166 0.075945 0.075724 0.075503 0.075283 0.075064 0.074845 0.074627 0.074410 0.074193 0.073977 0.073761
0.084981 0.084500 0.084085 0.083702 0.083348 0.083019 0.082710 0.082416 0.082134 0.081862 0.081597 0.081338 0.081084 0.080833 0.080586 0.080342 0.080100 0.079861 0.079623 0.079387 0.079153 0.078920 0.078688 0.078458 0.078228 0.078000 0.077772 0.077546 0.077320 0.077095 0.076871 0.076647 0.076425 0.076203 0.075981 0.075761 0.075541 0.075322 0.075103 0.074885 0.074668 0.074451 0.074235 0.074020 0.073805 0.073591 0.073377 0.073164 0.072951 0.072739
0.082064 0.082534 0.082407 0.082150 0.081869 0.081587 0.081310 0.081040 0.080777 0.080519 0.080267 0.080018 0.079773 0.079531 0.079292 0.079055 0.078820 0.078587 0.078355 0.078125 0.077897 0.077669 0.077443 0.077218 0.076994 0.076770 0.076548 0.076326 0.076105 0.075885 0.075666 0.075447 0.075229 0.075012 0.074795 0.074579 0.074364 0.074149 0.073935 0.073721 0.073509 0.073296 0.073084 0.072873 0.072663 0.072453 0.072243 0.072035 0.071826 0.071619
0.082538 0.081093 0.080635 0.080373 0.080144 0.079918 0.079690 0.079459 0.079228 0.078997 0.078767 0.078537 0.078308 0.078081 0.077855 0.077629 0.077405 0.077182 0.076960 0.076738 0.076518 0.076298 0.076079 0.075861 0.075643 0.075426 0.075210 0.074994 0.074779 0.074565 0.074351 0.074138 0.073926 0.073714 0.073503 0.073292 0.073082 0.072872 0.072663 0.072454 0.072246 0.072039 0.071832 0.071626 0.071420 0.071215 0.071011 0.070806 0.070603 0.070400
0.076884 0.078357 0.078542 0.078456 0.078304 0.078129 0.077942 0.077746 0.077546 0.077342 0.077134 0.076926 0.076716 0.076505 0.076293 0.076081 0.075870 0.075658 0.075446 0.075234 0.075023 0.074812 0.074601 0.074391 0.074181 0.073971 0.073762 0.073554 0.073345 0.073138 0.072930 0.072723 0.072517 0.072311 0.072106 0.071901 0.071696 0.071492 0.071289 0.071086 0.070884 0.070682 0.070480 0.070280 0.070079 0.069879 0.069680 0.069481 0.069283 0.069085
0.079209 0.077304 0.076839 0.076639 0.076477 0.076314 0.076144 0.075968 0.075786 0.075600 0.075411 0.075218 0.075024 0.074827 0.074629 0.074430 0.074229 0.074028 0.073827 0.073625 0.073423 0.073221 0.073019 0.072816 0.072614 0.072412 0.072211 0.072009 0.071808 0.071607 0.071407 0.071206 0.071007 0.070807 0.070608 0.070410 0.070211 0.070014 0.069816 0.069620 0.069423 0.069227 0.069032 0.068837 0.068642 0.068448 0.068255 0.068062 0.067869 0.067677
0.072771 0.074649 0.074902 0.074818 0.074665 0.074498 0.074328 0.074156 0.073981 0.073804 0.073623 0.073441 0.073256 0.073069 0.072880 0.072690 0.072499 0.072307 0.072114 0.071921 0.071727 0.071533 0.071339 0.071144 0.070950 0.070755 0.070561 0.070367 0.070173 0.069979 0.069785 0.069592 0.069399 0.069206 0.069014 0.068822 0.068631 0.068439 0.068249 0.068058 0.067868 0.067679 0.067490 0.067301 0.067113 0.066925 0.066738 0.066552 0.066365 0.066180
0.076243 0.074031 0.073361 0.073055 0.072844 0.072660 0.072484 0.072310 0.072136 0.071960 0.071782 0.071603 0.071423 0.071241 0.071057 0.070873 0.070688 0.070503 0.070316 0.070130 0.069943 0.069756 0.069568 0.069381 0.069193 0.069006 0.068819 0.068631 0.068444 0.068257 0.068071 0.067885 0.067699 0.067513 0.067328 0.067143 0.066958 0.066774 0.066590 0.066406 0.066223 0.066041 0.065858 0.065677 0.065495 0.065315 0.065134 0.064954 0.064775 0.064596
0.070171 0.071124 0.071194 0.071083 0.070930 0.070763 0.070591 0.070416 0.070239 0.070061 0.069882 0.069702 0.069522 0.069341 0.069161 0.068980 0.068799 0.068617 0.068436 0.068255 0.068073 0.067892 0.067711 0.067530 0.067349 0.067168 0.066988 0.066807 0.066627 0.066448 0.066268 0.066089 0.065910 0.065732 0.065553 0.065376 0.065198 0.065021 0.064845 0.064669 0.064493 0.064317 0.064143 0.063968 0.063794 0.063620 0.063447 0.063275 0.063102 0.062931
0.069525 0.069298 0.069237 0.069131 0.068984 0.068816 0.068638 0.068455 0.068272 0.068088 0.067906 0.067724 0.067543 0.067363 0.067183 0.067005 0.066827 0.066649 0.066472 0.066296 0.066120 0.065944 0.065769 0.065594 0.065420 0.065246 0.065072 0.064899 0.064726 0.064553 0.064381 0.064209 0.064038 0.063867 0.063697 0.063526 0.063357 0.063187 0.063019 0.062850 0.062682 0.062515 0.062347 0.062181 0.062015 0.061849 0.061684 0.061519 0.061354 0.061190
0.067807 0.067674 0.067442 0.067215 0.067000 0.066794 0.066593 0.066397 0.066206 0.066018 0.065833 0.065651 0.065471 0.065293 0.065117 0.064941 0.064768 0.064595 0.064423 0.064252 0.064082 0.063913 0.063744 0.063576 0.063409 0.063242 0.063075 0.062909 0.062744 0.062579 0.062415 0.062251 0.062088 0.061925 0.061762 0.061600 0.061439 0.061278 0.061117 0.060957 0.060797 0.060638 0.060480 0.060321 0.060163 0.060006 0.059849 0.059693 0.059537 0.059381
0.066538 0.065854 0.065420 0.065101 0.064841 0.064613 0.064403 0.064204 0.064014 0.063829 0.063648 0.063471 0.063296 0.063124 0.062954 0.062785 0.062618 0.062452 0.062287 0.062124 0.061961 0.061799 0.061638 0.061478 0.061318 0.061159 0.061001 0.060843 0.060686 0.060530 0.060374 0.060219 0.060064 0.059910 0.059757 0.059604 0.059451 0.059299 0.059148 0.058996 0.058846 0.058696 0.058546 0.058397 0.058248 0.058100 0.057952 0.057804 0.057658 0.057511
0.063405 0.063070 0.062834 0.062619 0.062416 0.062223 0.062038 0.061859 0.061685 0.061514 0.061347 0.061181 0.061018 0.060856 0.060696 0.060537 0.060380 0.060223 0.060067 0.059913 0.059759 0.059607 0.059455 0.059304 0.059153 0.059004 0.058855 0.058707 0.058560 0.058413 0.058267 0.058121 0.057976 0.057832 0.057688 0.057545 0.057402 0.057259 0.057118 0.056976 0.056836 0.056695 0.056555 0.056416 0.056277 0.056138 0.056000 0.055863 0.055725 0.055589
0.059434 0.059961 0.060014 0.059935 0.059815 0.059678 0.059535 0.059389 0.059241 0.059093 0.058944 0.058795 0.058647 0.058499 0.058352 0.058206 0.058060 0.057915 0.057771 0.057627 0.057485 0.057343 0.057202 0.057062 0.056923 0.056784 0.056646 0.056509 0.056372 0.056236 0.056101 0.055966 0.055832 0.055698 0.055565 0.055432 0.055300 0.055169 0.055037 0.054907 0.054777 0.054647 0.054518 0.054389 0.054260 0.054132 0.054005 0.053877 0.053751 0.053624
0.058322 0.057614 0.057393 0.057281 0.057183 0.057080 0.056968 0.056849 0.056724 0.056596 0.056466 0.056334 0.056202 0.056069 0.055936 0.055804 0.055672 0.055540 0.055409 0.055279 0.055149 0.055020 0.054891 0.054764 0.054637 0.054510 0.054384 0.054259 0.054135 0.054011 0.053887 0.053764 0.053642 0.053520 0.053399 0.053278 0.053158 0.053038 0.052918 0.052799 0.052681 0.052562 0.052444 0.052327 0.052210 0.052093 0.051976 0.051860 0.051744 0.051629
0.054370 0.054671 0.054704 0.054658 0.054582 0.054491 0.054390 0.054282 0.054171 0.054056 0.053939 0.053822 0.053704 0.053585 0.053467 0.053349 0.053231 0.053114 0.052997 0.052881 0.052766 0.052651 0.052536 0.052422 0.052309 0.052196 0.052084 0.051973 0.051861 0.051751 0.051640 0.051531 0.051421 0.051312 0.051204 0.051096 0.050988 0.050881 0.050773 0.050667 0.050560 0.050454 0.050348 0.050243 0.050138 0.050033 0.049928 0.049823 0.049719 0.049615
0.052126 0.052258 0.052220 0.052131 0.052027 0.051919 0.051810 0.051701 0.051593 0.051486 0.051380 0.051274 0.051169 0.051065 0.050962 0.050859 0.050757 0.050655 0.050554 0.050453 0.050353 0.050254 0.050154 0.050056 0.049958 0.049860 0.049762 0.049665 0.049569 0.049472 0.049376 0.049281 0.049185 0.049090 0.048995 0.048900 0.048806 0.048712 0.048618 0.048524 0.048431 0.048338 0.048244 0.048151 0.048059 0.047966 0.047874 0.047781 0.047689 0.047597
0.050893 0.050118 0.049794 0.049597 0.049446 0.049316 0.049199 0.049090 0.048988 0.048891 0.048797 0.048705 0.048615 0.048527 0.048440 0.048353 0.048268 0.048183 0.048099 0.048015 0.047932 0.047849 0.047766 0.047684 0.047602 0.047520 0.047438 0.047357 0.047275 0.047194 0.047113 0.047032 0.046951 0.046870 0.046790 0.046709 0.046629 0.046549 0.046468 0.046388 0.046308 0.046228 0.046148 0.046068 0.045988 0.045908 0.045829 0.045749 0.045669 0.045589
0.046737 0.047074 0.047001 0.046868 0.046741 0.046629 0.046529 0.046439 0.046356 0.046278 0.046203 0.046130 0.046060 0.045990 0.045922 0.045855 0.045788 0.045722 0.045656 0.045590 0.045525 0.045459 0.045394 0.045329 0.045263 0.045198 0.045132 0.045067 0.045001 0.044936 0.044870 0.044804 0.044739 0.044673 0.044607 0.044541 0.044475 0.044408 0.044342 0.044276 0.044209 0.044143 0.044076 0.044009 0.043943 0.043876 0.043809 0.043742 0.043674 0.043607
0.044889 0.044287 0.044098 0.044006 0.043939 0.043881 0.043826 0.043774 0.043723 0.043674 0.043626 0.043578 0.043531 0.043485 0.043438 0.043392 0.043345 0.043298 0.043252 0.043205 0.043157 0.043110 0.043062 0.043014 0.042966 0.042917 0.042868 0.042819 0.042769 0.042719 0.042669 0.042618 0.042568 0.042517 0.042465 0.042414 0.042362 0.042310 0.042257 0.042205 0.042152 0.042099 0.042045 0.041992 0.041938 0.041884 0.041830 0.041775 0.041721 0.041666
0.040544 0.040941 0.041079 0.041138 0.041164 0.041171 0.041169 0.041159 0.041145 0.041129 0.041110 0.041089 0.041067 0.041043 0.041019 0.040994 0.040968 0.040941 0.040913 0.040885 0.040855 0.040826 0.040795 0.040764 0.040732 0.040700 0.040667 0.040634 0.040600 0.040565 0.040530 0.040494 0.040458 0.040422 0.040385 0.040347 0.040309 0.040271 0.040232 0.040193 0.040153 0.040113 0.040073 0.040032 0.039991 0.039950 0.039908 0.039866 0.039823 0.039781
0.038051 0.038275 0.038426 0.038520 0.038580 0.038622 0.038651 0.038672 0.038686 0.038696 0.038702 0.038705 0.038705 0.038703 0.038699 0.038694 0.038687 0.038678 0.038668 0.038657 0.038645 0.038632 0.038618 0.038602 0.038586 0.038569 0.038552 0.038533 0.038514 0.038494 0.038473 0.038452 0.038429 0.038407 0.038383 0.038359 0.038334 0.038309 0.038283 0.038257 0.038230 0.038203 0.038175 0.038147 0.038118 0.038088 0.038059 0.038028 0.037998 0.037967
0.036269 0.036206 0.036192 0.036214 0.036250 0.036290 0.036328 0.036362 0.036393 0.036420 0.036443 0.036463 0.036481 0.036496 0.036509 0.036520 0.036529 0.036536 0.036542 0.036546 0.036549 0.036550 0.036551 0.036550 0.036548 0.036545 0.036541 0.036536 0.036531 0.036524 0.036516 0.036508 0.036499 0.036489 0.036478 0.036466 0.036454 0.036441 0.036427 0.036413 0.036398 0.036382 0.036366 0.036350 0.036332 0.036314 0.036296 0.036277 0.036257 0.036237
0.034411 0.034137 0.034082 0.034093 0.034125 0.034165 0.034206 0.034246 0.034285 0.034321 0.034356 0.034387 0.034417 0.034444 0.034470 0.034493 0.034515 0.034535 0.034554 0.034571 0.034586 0.034600 0.034613 0.034625 0.034635 0.034645 0.034653 0.034660 0.034666 0.034671 0.034675 0.034679 0.034681 0.034682 0.034683 0.034683 0.034682 0.034680 0.034678 0.034674 0.034670 0.034666 0.034660 0.034654 0.034648 0.034640 0.034633 0.034624 0.034615 0.034605
0.031368 0.031851 0.032032 0.032121 0.032181 0.032231 0.032278 0.032323 0.032366 0.032408 0.032448 0.032487 0.032524 0.032560 0.032595 0.032627 0.032659 0.032689 0.032717 0.032744 0.032770 0.032794 0.032818 0.032840 0.032860 0.032880 0.032899 0.032916 0.032932 0.032948 0.032962 0.032976 0.032988 0.033000 0.033011 0.033021 0.033030 0.033038 0.033046 0.033053 0.033059 0.033064 0.033068 0.033072 0.033076 0.033078 0.033080 0.033081 0.033082 0.033082
0.030351 0.030306 0.030340 0.030390 0.030441 0.030490 0.030538 0.030584 0.030630 0.030675 0.030719 0.030763 0.030806 0.030847 0.030888 0.030928 0.030966 0.031004 0.031040 0.031075 0.031108 0.031141 0.031173 0.031203 0.031232 0.031260 0.031288 0.031314 0.031339 0.031363 0.031387 0.031409 0.031430 0.031451 0.031471 0.031490 0.031508 0.031525 0.031542 0.031557 0.031572 0.031586 0.031600 0.031613 0.031625 0.031636 0.031647 0.031657 0.031667 0.031676
0.029049 0.028847 0.028818 0.028841 0.028881 0.028925 0.028972 0.029019 0.029067 0.029115 0.029163 0.029210 0.029257 0.029304 0.029349 0.029394 0.029438 0.029481 0.029523 0.029564 0.029604 0.029644 0.029682 0.029719 0.029755 0.029791 0.029825 0.029859 0.029891 0.029923 0.029954 0.029984 0.030013 0.030041 0.030069 0.030096 0.030122 0.030147 0.030171 0.030195 0.030218 0.030240 0.030262 0.030283 0.030303 0.030323 0.030342 0.030360 0.030378 0.030395
0.026860 0.027229 0.027355 0.027418 0.027468 0.027516 0.027565 0.027616 0.027667 0.027719 0.027771 0.027822 0.027873 0.027924 0.027974 0.028023 0.028071 0.028119 0.028166 0.028212 0.028257 0.028302 0.028345 0.028388 0.028430 0.028472 0.028512 0.028552 0.028591 0.028629 0.028666 0.028703 0.028739 0.028774 0.028809 0.028843 0.028876 0.028908 0.028940 0.028971 0.029001 0.029031 0.029059 0.029088 0.029115 0.029142 0.029169 0.029195 0.029220 0.029244
0.026243 0.026109 0.026111 0.026148 0.026196 0.026250 0.026306 0.026364 0.026421 0.026478 0.026535 0.026591 0.026646 0.026701 0.026755 0.026808 0.026860 0.026912 0.026963 0.027013 0.027063 0.027112 0.027161 0.027208 0.027256 0.027302 0.027348 0.027393 0.027438 0.027482 0.027525 0.027568 0.027610 0.027651 0.027692 0.027732 0.027772 0.027811 0.027849 0.027887 0.027924 0.027960 0.027996 0.028031 0.028066 0.028100 0.028133 0.028166 0.028198 0.028229
0.024918 0.024900 0.024932 0.024990 0.025057 0.025126 0.025194 0.025261 0.025325 0.025388 0.025450 0.025510 0.025569 0.025627 0.025684 0.025741 0.025797 0.025852 0.025907 0.025962 0.026016 0.026069 0.026122 0.026175 0.026227 0.026279 0.026330 0.026380 0.026430 0.026480 0.026529 0.026577 0.026625 0.026672 0.026719 0.026765 0.026811 0.026856 0.026901 0.026945 0.026988 0.027031 0.027073 0.027115 0.027156 0.027196 0.027236 0.027276 0.027315 0.027353
0.023455 0.023703 0.023855 0.023972 0.024070 0.024156 0.024234 0.024307 0.024376 0.024442 0.024506 0.024569 0.024630 0.024692 0.024752 0.024813 0.024873 0.024932 0.024991 0.025050 0.025109 0.025167 0.025225 0.025283 0.025340 0.025397 0.025453 0.025509 0.025565 0.025620 0.025675 0.025729 0.025782 0.025836 0.025888 0.025941 0.025992 0.026044 0.026094 0.026144 0.026194 0.026243 0.026292 0.026340 0.026387 0.026434 0.026480 0.026526 0.026572 0.026616
0.022797 0.022907 0.023053 0.023172 0.023268 0.023350 0.023423 0.023493 0.023560 0.023625 0.023691 0.023755 0.023820 0.023885 0.023950 0.024014 0.024079 0.024143 0.024208 0.024272 0.024336 0.024400 0.024463 0.024527 0.024590 0.024652 0.024715 0.024777 0.024838 0.024899 0.024960 0.025020 0.025080 0.025139 0.025198 0.025257 0.025315 0.025372 0.025429 0.025485 0.025541 0.025597 0.025652 0.025706 0.025760 0.025813 0.025866 0.025918 0.025970 0.026022
0.022087 0.022405 0.022508 0.022567 0.022618 0.022672 0.022730 0.022791 0.022855 0.022920 0.022988 0.023057 0.023126 0.023196 0.023267 0.023338 0.023409 0.023480 0.023551 0.023621 0.023692 0.023763 0.023833 0.023903 0.023972 0.024042 0.024110 0.024179 0.024247 0.024315 0.024382 0.024449 0.024515 0.024581 0.024647 0.024712 0.024776 0.024840 0.024904 0.024967 0.025029 0.025091 0.025153 0.025214 0.025274 0.025334 0.025393 0.025452 0.025511 0.025568
0.022689 0.022201 0.022043 0.022002 0.022013 0.022051 0.022104 0.022168 0.022237 0.022310 0.022385 0.022462 0.022540 0.022619 0.022699 0.022778 0.022857 0.022937 0.023016 0.023095 0.023174 0.023252 0.023330 0.023407 0.023485 0.023561 0.023638 0.023714 0.023789 0.023864 0.023938 0.024012 0.024086 0.024159 0.024232 0.024304 0.024375 0.024446 0.024517 0.024587 0.024656 0.024725 0.024793 0.024861 0.024929 0.024995 0.025062 0.025127 0.025193 0.025257
0.021134 0.021240 0.021267 0.021309 0.021371 0.021445 0.021526 0.021612 0.021701 0.021791 0.021881 0.021972 0.022063 0.022154 0.022244 0.022334 0.022424 0.022514 0.022602 0.022691 0.022779 0.022866 0.022953 0.023039 0.023125 0.023210 0.023294 0.023378 0.023462 0.023545 0.023627 0.023709 0.023790 0.023871 0.023951 0.024031 0.024110 0.024188 0.024266 0.024344 0.024421 0.024497 0.024573 0.024648 0.024723 0.024797 0.024870 0.024943 0.025015 0.025087
0.020087 0.020237 0.020444 0.020624 0.020776 0.020912 0.021036 0.021155 0.021268 0.021379 0.021488 0.021595 0.021700 0.021804 0.021907 0.022009 0.022111 0.022211 0.022310 0.022409 0.022506 0.022603 0.022700 0.022795 0.022890 0.022984 0.023078 0.023171 0.023263 0.023354 0.023445 0.023536 0.023625 0.023714 0.023803 0.023891 0.023978 0.024065 0.024151 0.024236 0.024321 0.024405 0.024489 0.024572 0.024655 0.024736 0.024818 0.024898 0.024978 0.025058
0.018938 0.019603 0.019957 0.020198 0.020388 0.020551 0.020699 0.020838 0.020970 0.021097 0.021220 0.021341 0.021460 0.021577 0.021692 0.021806 0.021918 0.022029 0.022139 0.022248 0.022356 0.022463 0.022569 0.022674 0.022779 0.022883 0.022986 0.023088 0.023189 0.023290 0.023390 0.023490 0.023589 0.023687 0.023784 0.023881 0.023977 0.024073 0.024168 0.024262 0.024355 0.024448 0.024540 0.024632 0.024723 0.024813 0.024903 0.024992 0.025080 0.025167
0.020015 0.019916 0.019985 0.020109 0.020249 0.020393 0.020536 0.020677 0.020815 0.020951 0.021084 0.021215 0.021344 0.021471 0.021596 0.021721 0.021843 0.021965 0.022085 0.022204 0.022323 0.022440 0.022557 0.022672 0.022787 0.022901 0.023014 0.023127 0.023238 0.023349 0.023459 0.023569 0.023677 0.023785 0.023892 0.023999 0.024105 0.024210 0.024314 0.024418 0.024521 0.024623 0.024724 0.024825 0.024925 0.025024 0.025123 0.025221 0.025318 0.025414
0.020185 0.020037 0.020049 0.020130 0.020243 0.020371 0.020507 0.020647 0.020787 0.020927 0.021066 0.021205 0.021342 0.021478 0.021613 0.021746 0.021879 0.022011 0.022142 0.022272 0.022401 0.022529 0.022657 0.022783 0.022909 0.023034 0.023158 0.023282 0.023404 0.023526 0.023647 0.023767 0.023887 0.024005 0.024123 0.024241 0.024357 0.024472 0.024587 0.024701 0.024814 0.024926 0.025038 0.025149 0.025258 0.025367 0.025475 0.025583 0.025689 0.025795
0.019370 0.019768 0.019971 0.020125 0.020268 0.020412 0.020556 0.020702 0.020849 0.020996 0.021142 0.021289 0.021435 0.021581 0.021726 0.021870 0.022014 0.022157 0.022299 0.022441 0.022582 0.022722 0.022861 0.023000 0.023138 0.023275 0.023412 0.023547 0.023682 0.023816 0.023949 0.024081 0.024212 0.024343 0.024473 0.024601 0.024729 0.024856 0.024982 0.025107 0.025232 0.025355 0.025477 0.025599 0.025719 0.025838 0.025957 0.026074 0.026191 0.026307
0.019669 0.019789 0.019967 0.020148 0.020321 0.020487 0.020650 0.020810 0.020969 0.021128 0.021286 0.021444 0.021602 0.021760 0.021918 0.022075 0.022232 0.022389 0.022545 0.022700 0.022855 0.023009 0.023162 0.023315 0.023466 0.023617 0.023768 0.023917 0.024065 0.024212 0.024359 0.024504 0.024649 0.024793 0.024935 0.025077 0.025217 0.025357 0.025495 0.025632 0.025768 0.025904 0.026038 0.026171 0.026303 0.026433 0.026563 0.026691 0.026819 0.026945
0.019689 0.019826 0.020023 0.020221 0.020411 0.020595 0.020774 0.020951 0.021127 0.021302 0.021477 0.021652 0.021826 0.022001 0.022175 0.022349 0.022523 0.022696 0.022868 0.023040 0.023211 0.023381 0.023551 0.023719 0.023887 0.024054 0.024219 0.024384 0.024547 0.024710 0.024871 0.025031 0.025190 0.025348 0.025505 0.025660 0.025815 0.025968 0.026119 0.026270 0.026419 0.026567 0.026714 0.026859 0.027003 0.027146 0.027287 0.027427 0.027566 0.027703
0.019334 0.019856 0.020123 0.020332 0.020528 0.020723 0.020918 0.021114 0.021311 0.021508 0.021705 0.021901 0.022098 0.022294 0.022489 0.022683 0.022877 0.023070 0.023262 0.023454 0.023644 0.023833 0.024021 0.024207 0.024393 0.024577 0.024760 0.024942 0.025122 0.025301 0.025479 0.025655 0.025830 0.026004 0.026176 0.026346 0.026516 0.026683 0.026849 0.027014 0.027177 0.027339 0.027499 0.027657 0.027814 0.027969 0.028123 0.028275 0.028426 0.028575
0.020505 0.020213 0.020277 0.020441 0.020640 0.020854 0.021074 0.021297 0.021521 0.021746 0.021970 0.022193 0.022415 0.022637 0.022857 0.023075 0.023293 0.023509 0.023723 0.023936 0.024148 0.024358 0.024566 0.024773 0.024979 0.025182 0.025384 0.025585 0.025784 0.025981 0.026176 0.026370 0.026562 0.026752 0.026940 0.027127 0.027312 0.027495 0.027676 0.027856 0.028034 0.028210 0.028384 0.028556 0.028726 0.028894 0.029061 0.029226 0.029388 0.029549
0.019376 0.019913 0.020211 0.020472 0.020731 0.020991 0.021252 0.021512 0.021770 0.022027 0.022282 0.022535 0.022785 0.023034 0.023281 0.023526 0.023769 0.024010 0.024249 0.024485 0.024720 0.024953 0.025183 0.025412 0.025639 0.025863 0.026085 0.026306 0.026524 0.026740 0.026955 0.027167 0.027377 0.027584 0.027790 0.027994 0.028195 0.028394 0.028591 0.028786 0.028979 0.029170 0.029358 0.029544 0.029728 0.029910 0.030089 0.030267 0.030442 0.030615
0.019793 0.019903 0.020216 0.020549 0.020871 0.021183 0.021487 0.021784 0.022077 0.022366 0.022651 0.022934 0.023214 0.023491 0.023765 0.024037 0.024306 0.024573 0.024836 0.025098 0.025356 0.025613 0.025866 0.026118 0.026366 0.026612 0.026856 0.027097 0.027336 0.027572 0.027805 0.028036 0.028265 0.028491 0.028714 0.028935 0.029153 0.029369 0.029582 0.029792 0.030000 0.030206 0.030409 0.030609 0.030807 0.031002 0.031194 0.031384 0.031571 0.031756
0.019122 0.019896 0.020380 0.020773 0.021131 0.021472 0.021804 0.022130 0.022451 0.022768 0.023082 0.023393 0.023701 0.024005 0.024307 0.024605 0.024900 0.025192 0.025481 0.025767 0.026050 0.026330 0.026608 0.026882 0.027153 0.027421 0.027686 0.027948 0.028207 0.028463 0.028716 0.028966 0.029214 0.029458 0.029699 0.029937 0.030172 0.030404 0.030633 0.030859 0.031082 0.031302 0.031519 0.031733 0.031944 0.032152 0.032357 0.032559 0.032758 0.032955
0.020373 0.020536 0.020828 0.021154 0.021494 0.021840 0.022187 0.022534 0.022880 0.023223 0.023564 0.023902 0.024236 0.024568 0.024896 0.025220 0.025541 0.025859 0.026173 0.026484 0.026791 0.027095 0.027395 0.027692 0.027986 0.028276 0.028562 0.028845 0.029125 0.029401 0.029673 0.029942 0.030208 0.030470 0.030728 0.030983 0.031235 0.031483 0.031727 0.031968 0.032206 0.032440 0.032670 0.032897 0.033121 0.033341 0.033558 0.033771 0.033981 0.034188
0.020750 0.020917 0.021172 0.021490 0.021842 0.022210 0.022583 0.022959 0.023333 0.023706 0.024075 0.024441 0.024803 0.025162 0.025517 0.025868 0.026215 0.026558 0.026898 0.027233 0.027564 0.027892 0.028215 0.028535 0.028850 0.029162 0.029469 0.029773 0.030072 0.030367 0.030659 0.030946 0.031229 0.031508 0.031783 0.032054 0.032321 0.032584 0.032843 0.033097 0.033348 0.033595 0.033838 0.034077 0.034312 0.034543 0.034771 0.034994 0.035214 0.035429
0.020438 0.020791 0.021228 0.021670 0.022106 0.022535 0.022958 0.023375 0.023787 0.024193 0.024595 0.024991 0.025383 0.025771 0.026153 0.026531 0.026905 0.027274 0.027638 0.027998 0.028353 0.028704 0.029050 0.029391 0.029728 0.030060 0.030387 0.030710 0.031028 0.031342 0.031650 0.031954 0.032254 0.032548 0.032839 0.033124 0.033405 0.033681 0.033953 0.034221 0.034483 0.034742 0.034996 0.035245 0.035490 0.035731 0.035967 0.036199 0.036426 0.036650
0.019459 0.020544 0.021250 0.021831 0.022356 0.022850 0.023325 0.023785 0.024236 0.024677 0.025112 0.025540 0.025962 0.026379 0.026790 0.027195 0.027595 0.027989 0.028378 0.028761 0.029139 0.029512 0.029879 0.030241 0.030598 0.030949 0.031295 0.031635 0.031970 0.032300 0.032624 0.032943 0.033257 0.033565 0.033869 0.034167 0.034460 0.034748 0.035031 0.035308 0.035581 0.035849 0.036111 0.036369 0.036622 0.036870 0.037114 0.037352 0.037586 0.037816
0.020893 0.021101 0.021615 0.022163 0.022697 0.023214 0.023716 0.024207 0.024688 0.025160 0.025625 0.026083 0.026534 0.026978 0.027415 0.027846 0.028270 0.028688 0.029100 0.029505 0.029904 0.030297 0.030683 0.031063 0.031437 0.031805 0.032166 0.032522 0.032871 0.033215 0.033552 0.033884 0.034209 0.034529 0.034843 0.035151 0.035454 0.035751 0.036042 0.036328 0.036608 0.036883 0.037152 0.037416 0.037675 0.037928 0.038177 0.038420 0.038658 0.038891
0.020650 0.021532 0.022088 0.022600 0.023111 0.023625 0.024137 0.024645 0.025148 0.025645 0.026135 0.026617 0.027093 0.027560 0.028021 0.028474 0.028919 0.029357 0.029788 0.030211 0.030627 0.031036 0.031438 0.031833 0.032220 0.032601 0.032975 0.033342 0.033703 0.034057 0.034404 0.034745 0.035079 0.035407 0.035728 0.036044 0.036353 0.036656 0.036953 0.037244 0.037529 0.037808 0.038082 0.038349 0.038611 0.038868 0.039119 0.039364 0.039604 0.039839
0.022258 0.022184 0.022538 0.023008 0.023516 0.024039 0.024565 0.025091 0.025612 0.026128 0.026637 0.027139 0.027632 0.028118 0.028595 0.029064 0.029524 0.029977 0.030421 0.030857 0.031285 0.031706 0.032118 0.032523 0.032920 0.033309 0.033691 0.034066 0.034433 0.034794 0.035147 0.035493 0.035832 0.036165 0.036491 0.036810 0.037122 0.037428 0.037728 0.038021 0.038308 0.038589 0.038863 0.039132 0.039395 0.039652 0.039903 0.040148 0.040388 0.040622
0.021095 0.022054 0.022719 0.023309 0.023877 0.024435 0.024986 0.025531 0.026068 0.026598 0.027119 0.027632 0.028136 0.028631 0.029118 0.029595 0.030064 0.030523 0.030974 0.031417 0.031851 0.032277 0.032694 0.033103 0.033504 0.033897 0.034283 0.034660 0.035030 0.035393 0.035748 0.036095 0.036436 0.036769 0.037095 0.037414 0.037727 0.038033 0.038332 0.038624 0.038910 0.039190 0.039463 0.039730 0.039991 0.040246 0.040494 0.040738 0.040975 0.041206
0.021866 0.022420 0.023040 0.023652 0.024247 0.024827 0.025394 0.025949 0.026494 0.027029 0.027554 0.028069 0.028575 0.029072 0.029559 0.030037 0.030505 0.030965 0.031416 0.031858 0.032292 0.032717 0.033133 0.033541 0.033941 0.034333 0.034716 0.035092 0.035460 0.035820 0.036173 0.036518 0.036856 0.037186 0.037509 0.037825 0.038134 0.038437 0.038732 0.039021 0.039303 0.039579 0.039848 0.040111 0.040368 0.040618 0.040863 0.041102 0.041334 0.041562
0.022248 0.022831 0.023427 0.024026 0.024617 0.025195 0.025759 0.026311 0.026851 0.027381 0.027900 0.028409 0.028908 0.029398 0.029879 0.030350 0.030812 0.031266 0.031711 0.032147 0.032574 0.032993 0.033403 0.033805 0.034199 0.034584 0.034962 0.035331 0.035693 0.036047 0.036393 0.036732 0.037064 0.037388 0.037705 0.038015 0.038318 0.038614 0.038903 0.039185 0.039461 0.039731 0.039994 0.040250 0.040501 0.040746 0.040984 0.041217 0.041443 0.041665
0.022388 0.023086 0.023726 0.024328 0.024906 0.025468 0.026018 0.026555 0.027082 0.027598 0.028105 0.028601 0.029089 0.029567 0.030036 0.030496 0.030948 0.031390 0.031824 0.032249 0.032666 0.033074 0.033474 0.033866 0.034250 0.034625 0.034993 0.035353 0.035705 0.036050 0.036387 0.036716 0.037038 0.037353 0.037661 0.037962 0.038257 0.038544 0.038825 0.039099 0.039366 0.039627 0.039882 0.040131 0.040374 0.040611 0.040842 0.041067 0.041287 0.041501
0.022686 0.023337 0.023917 0.024479 0.025030 0.025570 0.026101 0.026622 0.027132 0.027634 0.028125 0.028608 0.029081 0.029545 0.030000 0.030446 0.030883 0.031312 0.031732 0.032143 0.032547 0.032941 0.033328 0.033707 0.034077 0.034440 0.034795 0.035142 0.035482 0.035814 0.036139 0.036457 0.036768 0.037071 0.037368 0.037658 0.037941 0.038218 0.038488 0.038752 0.039010 0.039262 0.039507 0.039747 0.039981 0.040209 0.040431 0.040648 0.040859 0.041066
0.023026 0.023369 0.023867 0.024399 0.024932 0.025458 0.025975 0.026482 0.026979 0.027466 0.027944 0.028411 0.028870 0.029318 0.029758 0.030188 0.030610 0.031022 0.031426 0.031822 0.032209 0.032588 0.032958 0.033321 0.033676 0.034024 0.034364 0.034696 0.035021 0.035339 0.035650 0.035954 0.036251 0.036541 0.036825 0.037103 0.037374 0.037638 0.037897 0.038149 0.038396 0.038637 0.038872 0.039102 0.039326 0.039544 0.039757 0.039965 0.040168 0.040366
0.022094 0.022916 0.023541 0.024103 0.024639 0.025158 0.025665 0.026160 0.026643 0.027115 0.027577 0.028028 0.028469 0.028901 0.029322 0.029734 0.030137 0.030531 0.030917 0.031293 0.031662 0.032022 0.032375 0.032720 0.033057 0.033387 0.033709 0.034025 0.034333 0.034635 0.034930 0.035218 0.035501 0.035776 0.036046 0.036309 0.036567 0.036818 0.037064 0.037304 0.037539 0.037769 0.037993 0.038211 0.038425 0.038634 0.038837 0.039036 0.039230 0.039420
0.022288 0.022715 0.023224 0.023742 0.024253 0.024752 0.025240 0.025715 0.026178 0.026629 0.027070 0.027499 0.027917 0.028326 0.028725 0.029114 0.029494 0.029866 0.030229 0.030583 0.030930 0.031269 0.031601 0.031925 0.032242 0.032552 0.032855 0.033151 0.033441 0.033725 0.034003 0.034274 0.034540 0.034800 0.035054 0.035302 0.035545 0.035783 0.036015 0.036243 0.036465 0.036683 0.036895 0.037103 0.037306 0.037505 0.037699 0.037888 0.038074 0.038255
0.021946 0.022417 0.022898 0.023379 0.023855 0.024321 0.024776 0.025218 0.025648 0.026067 0.026475 0.026872 0.027259 0.027637 0.028006 0.028366 0.028718 0.029061 0.029397 0.029725 0.030046 0.030360 0.030668 0.030968 0.031262 0.031550 0.031832 0.032107 0.032377 0.032642 0.032900 0.033154 0.033402 0.033644 0.033882 0.034115 0.034343 0.034566 0.034785 0.034999 0.035209 0.035414 0.035615 0.035812 0.036004 0.036193 0.036377 0.036558 0.036735 0.036908
0.021559 0.022137 0.022621 0.023072 0.023504 0.023920 0.024324 0.024716 0.025097 0.025469 0.025832 0.026186 0.026532 0.026871 0.027202 0.027526 0.027843 0.028154 0.028458 0.028756 0.029047 0.029333 0.029613 0.029887 0.030156 0.030419 0.030678 0.030931 0.031179 0.031423 0.031662 0.031896 0.032125 0.032351 0.032572 0.032788 0.033001 0.033210 0.033414 0.033615 0.033812 0.034005 0.034194 0.034380 0.034562 0.034741 0.034916 0.035088 0.035256 0.035421
0.021888 0.022130 0.022497 0.022864 0.023217 0.023558 0.023890 0.024215 0.024534 0.024848 0.025156 0.025460 0.025758 0.026051 0.026339 0.026622 0.026901 0.027174 0.027443 0.027707 0.027966 0.028221 0.028472 0.028718 0.028960 0.029198 0.029432 0.029662 0.029888 0.030110 0.030328 0.030543 0.030754 0.030961 0.031165 0.031366 0.031563 0.031757 0.031947 0.032134 0.032319 0.032500 0.032678 0.032853 0.033025 0.033194 0.033360 0.033524 0.033685 0.033842
0.021495 0.022103 0.022420 0.022678 0.022926 0.023176 0.023428 0.023681 0.023935 0.024188 0.024440 0.024691 0.024940 0.025186 0.025430 0.025671 0.025910 0.026145 0.026378 0.026608 0.026834 0.027058 0.027279 0.027497 0.027712 0.027924 0.028133 0.028340 0.028543 0.028744 0.028942 0.029137 0.029330 0.029520 0.029707 0.029891 0.030073 0.030253 0.030430 0.030605 0.030777 0.030946 0.031113 0.031278 0.031441 0.031601 0.031759 0.031914 0.032067 0.032218
0.022602 0.022246 0.022241 0.022352 0.022507 0.022684 0.022872 0.023066 0.023265 0.023466 0.023669 0.023873 0.024076 0.024280 0.024483 0.024685 0.024886 0.025086 0.025284 0.025482 0.025677 0.025871 0.026064 0.026255 0.026444 0.026632 0.026817 0.027001 0.027184 0.027364 0.027543 0.027720 0.027895 0.028068 0.028240 0.028409 0.028577 0.028743 0.028908 0.029070 0.029231 0.029389 0.029547 0.029702 0.029855 0.030007 0.030157 0.030305 0.030451 0.030596
0.021268 0.021440 0.021587 0.021732 0.021879 0.022031 0.022187 0.022347 0.022508 0.022672 0.022838 0.023004 0.023171 0.023339 0.023508 0.023676 0.023845 0.024014 0.024183 0.024351 0.024520 0.024687 0.024855 0.025022 0.025188 0.025353 0.025518 0.025682 0.025845 0.026007 0.026169 0.026329 0.026488 0.026647 0.026804 0.026960 0.027115 0.027269 0.027421 0.027573 0.027723 0.027872 0.028020 0.028166 0.028312 0.028456 0.028599 0.028740 0.028880 0.029019
0.019884 0.020478 0.020764 0.020956 0.021116 0.021263 0.021405 0.021545 0.021683 0.021822 0.021960 0.022099 0.022239 0.022380 0.022522 0.022664 0.022807 0.022951 0.023096 0.023241 0.023387 0.023533 0.023679 0.023826 0.023973 0.024120 0.024267 0.024414 0.024560 0.024707 0.024853 0.025000 0.025145 0.025291 0.025435 0.025580 0.025723 0.025867 0.026009 0.026151 0.026292 0.026433 0.026572 0.026711 0.026849 0.026986 0.027123 0.027258 0.027393 0.027527
0.020322 0.020038 0.020081 0.020201 0.020333 0.020463 0.020588 0.020710 0.020830 0.020949 0.021068 0.021187 0.021307 0.021427 0.021549 0.021672 0.021796 0.021922 0.022048 0.022176 0.022304 0.022434 0.022564 0.022695 0.022827 0.022960 0.023093 0.023226 0.023360 0.023494 0.023628 0.023763 0.023898 0.024032 0.024167 0.024301 0.024436 0.024570 0.024704 0.024838 0.024971 0.025105 0.025237 0.025370 0.025502 0.025633 0.025764 0.025894 0.026024 0.026153
0.018863 0.019183 0.019346 0.019469 0.019579 0.019685 0.019788 0.019890 0.019991 0.020093 0.020196 0.020300 0.020406 0.020513 0.020621 0.020731 0.020842 0.020955 0.021069 0.021185 0.021301 0.021419 0.021539 0.021659 0.021780 0.021902 0.022024 0.022148 0.022272 0.022397 0.022522 0.022647 0.022773 0.022900 0.023027 0.023153 0.023281 0.023408 0.023535 0.023662 0.023789 0.023917 0.024044 0.024171 0.024298 0.024424 0.024550 0.024676 0.024802 0.024928
0.018421 0.018612 0.018722 0.018802 0.018876 0.018952 0.019030 0.019113 0.019199 0.019288 0.019380 0.019474 0.019571 0.019670 0.019770 0.019873 0.019976 0.020082 0.020189 0.020297 0.020407 0.020518 0.020630 0.020743 0.020857 0.020972 0.021087 0.021204 0.021321 0.021440 0.021558 0.021678 0.021798 0.021918 0.022039 0.022160 0.022281 0.022403 0.022525 0.022648 0.022770 0.022893 0.023015 0.023138 0.023261 0.023383 0.023506 0.023629 0.023751 0.023873
0.018447 0.018221 0.018163 0.018170 0.018207 0.018261 0.018326 0.018400 0.018479 0.018564 0.018652 0.018743 0.018837 0.018933 0.019031 0.019131 0.019232 0.019334 0.019438 0.019543 0.019649 0.019756 0.019864 0.019973 0.020083 0.020194 0.020306 0.020418 0.020531 0.020645 0.020760 0.020875 0.020991 0.021107 0.021224 0.021341 0.021459 0.021577 0.021695 0.021814 0.021932 0.022052 0.022171 0.022291 0.022410 0.022530 0.022650 0.022770 0.022890 0.023010
0.017419 0.017446 0.017465 0.017502 0.017556 0.017623 0.017698 0.017780 0.017867 0.017957 0.018049 0.018144 0.018240 0.018338 0.018437 0.018538 0.018639 0.018741 0.018845 0.018949 0.019054 0.019160 0.019266 0.019373 0.019482 0.019590 0.019700 0.019810 0.019921 0.020032 0.020144 0.020257 0.020370 0.020484 0.020598 0.020713 0.020828 0.020943 0.021059 0.021175 0.021292 0.021408 0.021525 0.021643 0.021760 0.021878 0.021996 0.022114 0.022232 0.022350
0.016499 0.016654 0.016781 0.016894 0.017001 0.017104 0.017207 0.017309 0.017410 0.017511 0.017613 0.017714 0.017816 0.017918 0.018020 0.018123 0.018226 0.018329 0.018434 0.018538 0.018643 0.018749 0.018855 0.018962 0.019070 0.019178 0.019286 0.019395 0.019505 0.019615 0.019726 0.019837 0.019949 0.020061 0.020174 0.020287 0.020400 0.020514 0.020629 0.020743 0.020858 0.020974 0.021089 0.021205 0.021321 0.021438 0.021554 0.021671 0.021788 0.021905
0.015983 0.016184 0.016366 0.016528 0.016674 0.016808 0.016932 0.017050 0.017164 0.017274 0.017382 0.017489 0.017594 0.017699 0.017804 0.017909 0.018013 0.018118 0.018223 0.018328 0.018434 0.018540 0.018646 0.018753 0.018861 0.018968 0.019077 0.019185 0.019294 0.019404 0.019514 0.019625 0.019736 0.019848 0.019960 0.020072 0.020185 0.020298 0.020412 0.020526 0.020640 0.020755 0.020870 0.020985 0.021100 0.021216 0.021332 0.021448 0.021564 0.021681
