0.000001 0.405491 0.017216 0.000001
0.000001 0.405676 0.016521 0.000001
0.000001 0.406036 0.015167 0.000001
0.000001 0.406554 0.013223 0.000001
0.000001 0.407214 0.010796 0.000001
0.000001 0.408013 0.008032 0.000001
0.000001 0.408969 0.005142 0.000001
0.000001 0.410146 0.002446 0.000001
0.000001 0.411648 0.000463 0.000001
0.000001 0.413592 0.000001 0.000001
0.000001 0.415956 0.000001 0.000001
0.000001 0.418640 0.000001 0.000001
0.000001 0.421556 0.000001 0.000001
0.000001 0.424630 0.000001 0.000001
0.000001 0.427801 0.000001 0.000001
0.000001 0.431022 0.000001 0.000001
0.000001 0.434257 0.000001 0.000001
0.000001 0.437479 0.000001 0.000001
0.000001 0.440668 0.000001 0.000001
0.000001 0.443808 0.000001 0.000001
0.000001 0.446886 0.000001 0.000001
0.000001 0.449892 0.000001 0.000001
0.000001 0.452815 0.000001 0.000001
0.000001 0.455650 0.000001 0.000001
0.000001 0.458390 0.000001 0.000001
0.000001 0.461035 0.000001 0.000001
0.000001 0.463589 0.000001 0.000001
0.000001 0.466070 0.000001 0.000001
0.000001 0.468506 0.000001 0.000001
0.000001 0.470948 0.000001 0.000001
0.000001 0.473469 0.000001 0.000001
0.000001 0.476172 0.000001 0.000001
0.000001 0.479193 0.000001 0.000001
0.000001 0.482715 0.001832 0.000001
0.000001 0.486684 0.005697 0.000001
0.000001 0.490888 0.010937 0.000001
0.000001 0.495081 0.017108 0.000001
0.000001 0.499037 0.023898 0.000001
0.000001 0.502569 0.031084 0.000001
0.000001 0.505525 0.038496 0.000001
0.000001 0.507791 0.046002 0.000001
0.000001 0.509281 0.053492 0.000001
0.000001 0.509941 0.060874 0.000001
0.000001 0.509744 0.068066 0.000001
0.000001 0.508692 0.074997 0.000001
0.000001 0.506816 0.081610 0.000001
0.000001 0.504172 0.087858 0.000001
0.000001 0.500841 0.093703 0.000001
0.000001 0.496920 0.099119 0.000001
0.000001 0.492518 0.104087 0.000001
0.000001 0.487750 0.108598 0.000001
0.000001 0.482728 0.112648 0.000001
0.000001 0.477558 0.116241 0.000001
0.000001 0.472333 0.119383 0.000001
0.000001 0.467130 0.122087 0.000001
0.000001 0.462013 0.124369 0.000001
0.000001 0.457025 0.126251 0.000001
0.000001 0.452198 0.127756 0.000001
0.000001 0.447553 0.128913 0.000001
0.000001 0.443098 0.129752 0.000001
0.000001 0.438837 0.130307 0.000001
0.000001 0.434769 0.130612 0.000001
0.000001 0.430889 0.130703 0.000001
0.000001 0.427189 0.130613 0.000001
0.000001 0.423660 0.130375 0.000001
0.000001 0.420290 0.130020 0.000001
0.000001 0.417067 0.129576 0.000001
0.000001 0.413975 0.129067 0.000001
0.000001 0.411002 0.128516 0.000001
0.000001 0.408132 0.127944 0.000001
0.000001 0.405353 0.127368 0.000001
0.000001 0.402653 0.126804 0.000001
0.000001 0.400025 0.126268 0.000001
0.000001 0.397458 0.125770 0.000001
0.000001 0.394945 0.125318 0.000001
0.000001 0.392474 0.124916 0.000001
0.000001 0.390031 0.124562 0.000001
0.000001 0.387597 0.124248 0.000001
0.000001 0.385145 0.123963 0.000001
0.000001 0.382644 0.123687 0.000001
0.000001 0.380060 0.123400 0.000001
0.000001 0.377354 0.123079 0.000001
0.000001 0.374492 0.122701 0.000001
0.000001 0.371443 0.122248 0.000001
0.000001 0.368187 0.121708 0.000001
0.000001 0.364716 0.121074 0.000001
0.000001 0.361035 0.120350 0.000001
0.000001 0.357167 0.119547 0.000001
0.000001 0.353150 0.118682 0.000001
0.000001 0.349038 0.117779 0.000001
0.000001 0.344898 0.116865 0.000001
0.000001 0.340810 0.115966 0.000001
0.000001 0.336860 0.115109 0.000001
0.000001 0.333138 0.114319 0.000001
0.000001 0.329736 0.113613 0.000001
0.000001 0.326742 0.113008 0.000001
0.000001 0.324238 0.112515 0.000001
0.000001 0.322293 0.112140 0.000001
0.000001 0.320964 0.111888 0.000001
0.000001 0.320289 0.111762 0.000001
