0.045484 0.046830 0.048403 0.050112 0.051892 0.053708 0.055542 0.057383 0.059226 0.061066 0.062900 0.064725 0.066537 0.068335 0.070116 0.071878 0.073619 0.075336 0.077027 0.078691 0.080326 0.081931 0.083503 0.085043 0.086549 0.088020 0.089456 0.090857 0.092223 0.093554 0.094852 0.096116 0.097348 0.098551 0.099724 0.100871 0.101994 0.103095 0.104176 0.105242 0.106294 0.107337 0.108374 0.109409 0.110445 0.111487 0.112540 0.113606 0.114692 0.115802
0.045153 0.047017 0.048909 0.050757 0.052585 0.054408 0.056231 0.058055 0.059878 0.061699 0.063514 0.065321 0.067117 0.068900 0.070666 0.072413 0.074139 0.075842 0.077520 0.079171 0.080793 0.082384 0.083943 0.085470 0.086963 0.088421 0.089845 0.091233 0.092587 0.093907 0.095193 0.096446 0.097667 0.098859 0.100022 0.101159 0.102272 0.103364 0.104437 0.105494 0.106539 0.107574 0.108604 0.109632 0.110663 0.111699 0.112746 0.113808 0.114890 0.115996
0.045508 0.048119 0.050148 0.052019 0.053841 0.055646 0.057446 0.059245 0.061044 0.062839 0.064629 0.066412 0.068183 0.069942 0.071684 0.073408 0.075111 0.076791 0.078445 0.080072 0.081670 0.083238 0.084774 0.086277 0.087747 0.089182 0.090583 0.091949 0.093280 0.094578 0.095842 0.097074 0.098275 0.099446 0.100590 0.101708 0.102804 0.103878 0.104934 0.105976 0.107005 0.108027 0.109043 0.110059 0.111078 0.112104 0.113141 0.114194 0.115267 0.116365
0.048985 0.050181 0.051831 0.053582 0.055359 0.057145 0.058933 0.060722 0.062508 0.064289 0.066063 0.067828 0.069579 0.071316 0.073036 0.074735 0.076412 0.078066 0.079693 0.081292 0.082861 0.084400 0.085906 0.087380 0.088819 0.090224 0.091595 0.092931 0.094233 0.095501 0.096736 0.097940 0.099113 0.100257 0.101375 0.102468 0.103538 0.104589 0.105623 0.106643 0.107652 0.108654 0.109652 0.110651 0.111653 0.112664 0.113687 0.114728 0.115789 0.116877
0.050040 0.051585 0.053264 0.055031 0.056833 0.058647 0.060460 0.062267 0.064066 0.065854 0.067629 0.069389 0.071132 0.072856 0.074560 0.076241 0.077897 0.079527 0.081129 0.082701 0.084242 0.085751 0.087226 0.088668 0.090075 0.091448 0.092785 0.094088 0.095357 0.096592 0.097794 0.098965 0.100106 0.101220 0.102307 0.103370 0.104411 0.105434 0.106441 0.107436 0.108421 0.109399 0.110376 0.111354 0.112337 0.113330 0.114337 0.115362 0.116409 0.117484
0.049578 0.052130 0.054264 0.056239 0.058153 0.060037 0.061901 0.063747 0.065575 0.067384 0.069174 0.070942 0.072689 0.074411 0.076109 0.077780 0.079422 0.081035 0.082618 0.084168 0.085684 0.087167 0.088615 0.090027 0.091403 0.092744 0.094049 0.095319 0.096554 0.097755 0.098924 0.100061 0.101169 0.102250 0.103304 0.104336 0.105347 0.106341 0.107319 0.108286 0.109245 0.110199 0.111151 0.112107 0.113069 0.114042 0.115031 0.116039 0.117070 0.118131
0.051758 0.053579 0.055509 0.057460 0.059399 0.061320 0.063219 0.065098 0.066954 0.068787 0.070596 0.072379 0.074136 0.075864 0.077564 0.079232 0.080869 0.082473 0.084043 0.085577 0.087076 0.088537 0.089962 0.091349 0.092699 0.094011 0.095287 0.096526 0.097729 0.098899 0.100035 0.101141 0.102216 0.103265 0.104288 0.105289 0.106270 0.107234 0.108184 0.109123 0.110055 0.110983 0.111912 0.112845 0.113785 0.114738 0.115707 0.116697 0.117712 0.118757
0.053471 0.054907 0.056706 0.058603 0.060528 0.062455 0.064371 0.066270 0.068147 0.070001 0.071828 0.073628 0.075399 0.077138 0.078844 0.080517 0.082154 0.083754 0.085318 0.086842 0.088328 0.089774 0.091181 0.092548 0.093875 0.095164 0.096414 0.097626 0.098802 0.099943 0.101050 0.102126 0.103172 0.104190 0.105184 0.106156 0.107108 0.108043 0.108966 0.109879 0.110785 0.111689 0.112594 0.113504 0.114422 0.115355 0.116304 0.117276 0.118273 0.119302
0.052815 0.055354 0.057427 0.059422 0.061395 0.063354 0.065295 0.067218 0.069117 0.070992 0.072840 0.074658 0.076443 0.078195 0.079911 0.081590 0.083230 0.084831 0.086391 0.087909 0.089386 0.090821 0.092213 0.093563 0.094872 0.096140 0.097368 0.098557 0.099708 0.100824 0.101905 0.102954 0.103973 0.104965 0.105931 0.106876 0.107801 0.108711 0.109608 0.110495 0.111377 0.112258 0.113139 0.114027 0.114925 0.115837 0.116767 0.117720 0.118700 0.119711
0.053759 0.055649 0.057827 0.059943 0.061996 0.064007 0.065988 0.067943 0.069870 0.071769 0.073638 0.075473 0.077273 0.079036 0.080761 0.082445 0.084087 0.085687 0.087244 0.088756 0.090224 0.091647 0.093026 0.094362 0.095653 0.096903 0.098111 0.099278 0.100407 0.101500 0.102557 0.103582 0.104576 0.105543 0.106485 0.107404 0.108305 0.109190 0.110063 0.110927 0.111786 0.112643 0.113503 0.114370 0.115246 0.116138 0.117048 0.117982 0.118943 0.119937
0.053575 0.056244 0.058370 0.060437 0.062489 0.064523 0.066532 0.068515 0.070466 0.072385 0.074269 0.076116 0.077924 0.079692 0.081418 0.083101 0.084739 0.086333 0.087881 0.089383 0.090839 0.092249 0.093613 0.094931 0.096205 0.097435 0.098623 0.099769 0.100877 0.101946 0.102981 0.103982 0.104953 0.105896 0.106815 0.107711 0.108588 0.109450 0.110299 0.111141 0.111977 0.112812 0.113651 0.114496 0.115351 0.116222 0.117112 0.118026 0.118967 0.119940
0.055949 0.057019 0.058898 0.060928 0.062982 0.065027 0.067050 0.069042 0.070999 0.072920 0.074803 0.076645 0.078446 0.080204 0.081919 0.083589 0.085213 0.086791 0.088322 0.089807 0.091244 0.092634 0.093978 0.095275 0.096528 0.097736 0.098901 0.100025 0.101109 0.102155 0.103166 0.104144 0.105092 0.106011 0.106906 0.107779 0.108633 0.109471 0.110298 0.111117 0.111930 0.112743 0.113559 0.114382 0.115216 0.116065 0.116933 0.117825 0.118744 0.119696
0.054148 0.057153 0.059407 0.061525 0.063599 0.065639 0.067644 0.069612 0.071543 0.073436 0.075290 0.077104 0.078877 0.080607 0.082293 0.083935 0.085532 0.087082 0.088586 0.090043 0.091454 0.092817 0.094134 0.095405 0.096631 0.097813 0.098952 0.100050 0.101108 0.102129 0.103115 0.104067 0.104990 0.105885 0.106755 0.107603 0.108433 0.109248 0.110051 0.110846 0.111636 0.112426 0.113218 0.114018 0.114828 0.115653 0.116497 0.117365 0.118259 0.119186
0.056826 0.058279 0.060329 0.062400 0.064422 0.066398 0.068334 0.070236 0.072104 0.073938 0.075737 0.077499 0.079223 0.080907 0.082550 0.084150 0.085706 0.087218 0.088685 0.090106 0.091481 0.092810 0.094093 0.095332 0.096526 0.097677 0.098785 0.099854 0.100883 0.101875 0.102833 0.103758 0.104653 0.105521 0.106365 0.107187 0.107991 0.108780 0.109558 0.110327 0.111092 0.111857 0.112624 0.113398 0.114182 0.114981 0.115799 0.116639 0.117505 0.118403
0.056496 0.059442 0.061550 0.063472 0.065341 0.067188 0.069015 0.070822 0.072607 0.074366 0.076096 0.077795 0.079459 0.081087 0.082676 0.084226 0.085734 0.087199 0.088621 0.089999 0.091332 0.092621 0.093866 0.095067 0.096224 0.097340 0.098414 0.099449 0.100445 0.101406 0.102332 0.103227 0.104092 0.104930 0.105745 0.106539 0.107314 0.108076 0.108825 0.109567 0.110304 0.111040 0.111779 0.112525 0.113280 0.114050 0.114838 0.115647 0.116483 0.117348
0.060655 0.061302 0.062702 0.064328 0.066032 0.067764 0.069500 0.071230 0.072943 0.074636 0.076303 0.077941 0.079546 0.081118 0.082653 0.084149 0.085606 0.087021 0.088395 0.089726 0.091014 0.092259 0.093461 0.094620 0.095737 0.096813 0.097849 0.098847 0.099807 0.100732 0.101624 0.102485 0.103317 0.104123 0.104905 0.105668 0.106412 0.107142 0.107861 0.108572 0.109279 0.109984 0.110692 0.111406 0.112129 0.112866 0.113621 0.114396 0.115196 0.116025
0.059401 0.061063 0.062774 0.064504 0.066239 0.067968 0.069684 0.071381 0.073055 0.074703 0.076322 0.077910 0.079465 0.080985 0.082468 0.083913 0.085319 0.086684 0.088009 0.089291 0.090532 0.091730 0.092886 0.094001 0.095075 0.096108 0.097102 0.098059 0.098980 0.099866 0.100720 0.101543 0.102339 0.103109 0.103857 0.104584 0.105294 0.105990 0.106675 0.107352 0.108025 0.108696 0.109370 0.110049 0.110737 0.111438 0.112155 0.112892 0.113653 0.114442
0.057034 0.060141 0.062368 0.064316 0.066150 0.067921 0.069645 0.071331 0.072980 0.074595 0.076174 0.077719 0.079228 0.080699 0.082134 0.083529 0.084884 0.086199 0.087473 0.088706 0.089897 0.091046 0.092154 0.093221 0.094248 0.095235 0.096184 0.097097 0.097974 0.098818 0.099630 0.100413 0.101168 0.101899 0.102608 0.103297 0.103970 0.104628 0.105276 0.105916 0.106551 0.107185 0.107821 0.108462 0.109112 0.109773 0.110450 0.111146 0.111865 0.112610
0.060265 0.061015 0.062613 0.064379 0.066145 0.067875 0.069562 0.071208 0.072816 0.074386 0.075919 0.077416 0.078876 0.080297 0.081680 0.083023 0.084326 0.085588 0.086808 0.087988 0.089125 0.090222 0.091277 0.092292 0.093268 0.094205 0.095105 0.095969 0.096799 0.097596 0.098363 0.099101 0.099813 0.100500 0.101167 0.101814 0.102445 0.103063 0.103670 0.104270 0.104865 0.105459 0.106054 0.106654 0.107262 0.107881 0.108515 0.109167 0.109840 0.110538
0.059342 0.061250 0.062975 0.064657 0.066311 0.067937 0.069535 0.071104 0.072642 0.074148 0.075620 0.077058 0.078458 0.079821 0.081145 0.082429 0.083672 0.084875 0.086036 0.087156 0.088234 0.089272 0.090269 0.091227 0.092146 0.093028 0.093873 0.094684 0.095461 0.096207 0.096924 0.097613 0.098277 0.098918 0.099538 0.100140 0.100727 0.101300 0.101864 0.102420 0.102972 0.103522 0.104074 0.104630 0.105194 0.105769 0.106357 0.106963 0.107589 0.108238
0.058807 0.061499 0.063385 0.065006 0.066546 0.068058 0.069554 0.071032 0.072488 0.073918 0.075317 0.076683 0.078014 0.079306 0.080560 0.081775 0.082948 0.084081 0.085174 0.086225 0.087236 0.088207 0.089139 0.090032 0.090888 0.091708 0.092493 0.093245 0.093965 0.094655 0.095316 0.095952 0.096564 0.097154 0.097724 0.098278 0.098817 0.099343 0.099860 0.100371 0.100877 0.101382 0.101888 0.102399 0.102916 0.103445 0.103986 0.104544 0.105121 0.105720
0.062921 0.063092 0.064103 0.065386 0.066764 0.068173 0.069583 0.070981 0.072358 0.073708 0.075026 0.076310 0.077558 0.078768 0.079939 0.081071 0.082163 0.083215 0.084227 0.085200 0.086134 0.087029 0.087887 0.088708 0.089494 0.090246 0.090964 0.091651 0.092309 0.092938 0.093540 0.094119 0.094675 0.095211 0.095728 0.096230 0.096718 0.097195 0.097664 0.098126 0.098584 0.099042 0.099501 0.099965 0.100435 0.100916 0.101409 0.101918 0.102446 0.102994
0.061839 0.062966 0.064186 0.065516 0.066889 0.068265 0.069624 0.070954 0.072252 0.073515 0.074742 0.075931 0.077083 0.078196 0.079271 0.080308 0.081306 0.082265 0.083187 0.084072 0.084919 0.085731 0.086508 0.087250 0.087959 0.088636 0.089283 0.089901 0.090491 0.091055 0.091595 0.092113 0.092610 0.093089 0.093551 0.093999 0.094434 0.094860 0.095278 0.095690 0.096100 0.096509 0.096920 0.097336 0.097759 0.098192 0.098637 0.099097 0.099575 0.100073
0.060343 0.062303 0.064053 0.065615 0.067055 0.068414 0.069711 0.070957 0.072158 0.073317 0.074435 0.075515 0.076556 0.077560 0.078527 0.079458 0.080352 0.081210 0.082034 0.082822 0.083577 0.084299 0.084988 0.085647 0.086275 0.086874 0.087445 0.087990 0.088510 0.089007 0.089482 0.089936 0.090373 0.090792 0.091197 0.091589 0.091971 0.092344 0.092710 0.093072 0.093433 0.093793 0.094156 0.094523 0.094898 0.095283 0.095679 0.096091 0.096520 0.096969
0.060484 0.062895 0.064641 0.066111 0.067435 0.068669 0.069839 0.070956 0.072028 0.073059 0.074052 0.075008 0.075929 0.076814 0.077666 0.078484 0.079269 0.080022 0.080742 0.081432 0.082091 0.082720 0.083320 0.083892 0.084437 0.084956 0.085450 0.085921 0.086369 0.086796 0.087204 0.087595 0.087969 0.088329 0.088675 0.089011 0.089338 0.089658 0.089972 0.090283 0.090593 0.090904 0.091219 0.091538 0.091865 0.092203 0.092552 0.092916 0.093297 0.093698
0.064430 0.064912 0.065824 0.066850 0.067888 0.068907 0.069897 0.070853 0.071777 0.072668 0.073527 0.074355 0.075151 0.075917 0.076652 0.077357 0.078033 0.078680 0.079299 0.079889 0.080453 0.080989 0.081500 0.081986 0.082448 0.082887 0.083304 0.083700 0.084076 0.084434 0.084775 0.085101 0.085413 0.085712 0.086000 0.086279 0.086551 0.086817 0.087079 0.087339 0.087599 0.087860 0.088126 0.088398 0.088678 0.088968 0.089270 0.089588 0.089922 0.090275
0.065035 0.065675 0.066429 0.067243 0.068079 0.068916 0.069741 0.070546 0.071329 0.072086 0.072817 0.073521 0.074199 0.074849 0.075473 0.076070 0.076642 0.077187 0.077707 0.078202 0.078672 0.079119 0.079543 0.079944 0.080325 0.080684 0.081025 0.081347 0.081651 0.081940 0.082214 0.082475 0.082724 0.082962 0.083191 0.083413 0.083629 0.083841 0.084050 0.084259 0.084468 0.084680 0.084898 0.085121 0.085354 0.085597 0.085853 0.086124 0.086412 0.086720
0.064579 0.065574 0.066396 0.067161 0.067902 0.068624 0.069328 0.070011 0.070673 0.071313 0.071929 0.072521 0.073089 0.073633 0.074153 0.074649 0.075121 0.075570 0.075995 0.076398 0.076779 0.077138 0.077477 0.077796 0.078096 0.078377 0.078641 0.078890 0.079123 0.079342 0.079549 0.079744 0.079929 0.080106 0.080275 0.080439 0.080598 0.080755 0.080910 0.081066 0.081224 0.081387 0.081554 0.081730 0.081915 0.082111 0.082321 0.082546 0.082788 0.083050
0.064427 0.065352 0.066137 0.066846 0.067511 0.068142 0.068747 0.069326 0.069883 0.070417 0.070928 0.071417 0.071883 0.072327 0.072748 0.073147 0.073524 0.073879 0.074212 0.074525 0.074818 0.075091 0.075345 0.075581 0.075800 0.076003 0.076190 0.076364 0.076524 0.076673 0.076811 0.076939 0.077059 0.077172 0.077280 0.077383 0.077484 0.077584 0.077684 0.077786 0.077891 0.078001 0.078119 0.078245 0.078381 0.078529 0.078692 0.078870 0.079066 0.079282
0.065294 0.065531 0.066032 0.066587 0.067132 0.067652 0.068148 0.068621 0.069072 0.069502 0.069911 0.070298 0.070664 0.071008 0.071331 0.071633 0.071914 0.072175 0.072415 0.072637 0.072839 0.073024 0.073192 0.073343 0.073479 0.073601 0.073709 0.073806 0.073891 0.073966 0.074032 0.074090 0.074143 0.074190 0.074233 0.074273 0.074313 0.074353 0.074395 0.074440 0.074490 0.074547 0.074611 0.074685 0.074771 0.074870 0.074984 0.075114 0.075264 0.075434
0.064495 0.065430 0.066017 0.066473 0.066883 0.067271 0.067644 0.068001 0.068340 0.068662 0.068964 0.069246 0.069507 0.069748 0.069968 0.070169 0.070350 0.070511 0.070654 0.070780 0.070888 0.070980 0.071057 0.071120 0.071169 0.071205 0.071231 0.071245 0.071251 0.071249 0.071239 0.071224 0.071204 0.071181 0.071157 0.071131 0.071106 0.071083 0.071063 0.071049 0.071040 0.071040 0.071049 0.071069 0.071102 0.071149 0.071212 0.071293 0.071394 0.071516
0.066233 0.066221 0.066328 0.066526 0.066766 0.067020 0.067271 0.067513 0.067739 0.067947 0.068137 0.068307 0.068457 0.068587 0.068697 0.068789 0.068863 0.068919 0.068959 0.068982 0.068990 0.068984 0.068965 0.068933 0.068890 0.068837 0.068774 0.068703 0.068625 0.068540 0.068451 0.068358 0.068262 0.068165 0.068067 0.067971 0.067877 0.067787 0.067703 0.067624 0.067554 0.067493 0.067444 0.067407 0.067383 0.067376 0.067386 0.067416 0.067466 0.067539
0.066409 0.066224 0.066337 0.066511 0.066692 0.066863 0.067018 0.067152 0.067266 0.067358 0.067429 0.067480 0.067512 0.067524 0.067519 0.067496 0.067456 0.067401 0.067331 0.067247 0.067150 0.067041 0.066921 0.066790 0.066650 0.066502 0.066347 0.066185 0.066018 0.065847 0.065674 0.065498 0.065322 0.065146 0.064972 0.064801 0.064635 0.064474 0.064320 0.064175 0.064039 0.063914 0.063803 0.063705 0.063623 0.063558 0.063513 0.063488 0.063486 0.063507
0.065269 0.066001 0.066349 0.066564 0.066708 0.066802 0.066857 0.066880 0.066876 0.066846 0.066795 0.066723 0.066632 0.066524 0.066398 0.066258 0.066102 0.065933 0.065751 0.065557 0.065352 0.065137 0.064912 0.064680 0.064440 0.064194 0.063942 0.063687 0.063428 0.063167 0.062905 0.062643 0.062383 0.062125 0.061871 0.061622 0.061379 0.061143 0.060917 0.060700 0.060495 0.060304 0.060126 0.059965 0.059821 0.059697 0.059593 0.059511 0.059454 0.059422
0.066548 0.066609 0.066735 0.066810 0.066826 0.066794 0.066722 0.066619 0.066489 0.066335 0.066161 0.065968 0.065756 0.065529 0.065287 0.065030 0.064760 0.064478 0.064185 0.063881 0.063568 0.063247 0.062917 0.062582 0.062240 0.061894 0.061545 0.061193 0.060840 0.060487 0.060134 0.059783 0.059436 0.059093 0.058755 0.058425 0.058102 0.057789 0.057487 0.057196 0.056919 0.056658 0.056412 0.056184 0.055976 0.055789 0.055624 0.055484 0.055370 0.055283
0.067160 0.067198 0.067148 0.067038 0.066888 0.066707 0.066501 0.066272 0.066022 0.065751 0.065462 0.065156 0.064833 0.064494 0.064141 0.063774 0.063395 0.063004 0.062603 0.062192 0.061773 0.061346 0.060913 0.060475 0.060032 0.059586 0.059138 0.058689 0.058240 0.057792 0.057347 0.056905 0.056469 0.056038 0.055615 0.055200 0.054796 0.054402 0.054022 0.053655 0.053304 0.052969 0.052653 0.052357 0.052082 0.051830 0.051603 0.051402 0.051228 0.051085
0.067433 0.067515 0.067296 0.067023 0.066737 0.066438 0.066123 0.065790 0.065438 0.065067 0.064677 0.064268 0.063843 0.063401 0.062944 0.062473 0.061989 0.061493 0.060987 0.060472 0.059949 0.059418 0.058882 0.058341 0.057797 0.057251 0.056703 0.056156 0.055611 0.055068 0.054529 0.053995 0.053468 0.052948 0.052437 0.051937 0.051448 0.050973 0.050512 0.050067 0.049639 0.049231 0.048842 0.048475 0.048132 0.047814 0.047522 0.047259 0.047026 0.046825
0.069074 0.067736 0.067166 0.066774 0.066411 0.066038 0.065645 0.065228 0.064788 0.064325 0.063840 0.063335 0.062810 0.062268 0.061709 0.061135 0.060547 0.059948 0.059337 0.058717 0.058090 0.057455 0.056815 0.056172 0.055526 0.054878 0.054231 0.053585 0.052941 0.052302 0.051667 0.051040 0.050420 0.049810 0.049211 0.048623 0.048050 0.047491 0.046948 0.046423 0.045918 0.045433 0.044971 0.044533 0.044120 0.043734 0.043378 0.043052 0.042758 0.042498
0.066086 0.066883 0.066828 0.066531 0.066142 0.065701 0.065223 0.064714 0.064176 0.063612 0.063024 0.062414 0.061783 0.061133 0.060466 0.059784 0.059088 0.058379 0.057661 0.056933 0.056197 0.055456 0.054711 0.053962 0.053211 0.052461 0.051711 0.050964 0.050222 0.049484 0.048753 0.048031 0.047318 0.046616 0.045926 0.045251 0.044590 0.043946 0.043321 0.042716 0.042131 0.041570 0.041033 0.040523 0.040040 0.039586 0.039164 0.038775 0.038420 0.038102
0.068660 0.067787 0.067253 0.066734 0.066184 0.065603 0.064992 0.064353 0.063688 0.062998 0.062285 0.061552 0.060798 0.060027 0.059240 0.058438 0.057624 0.056799 0.055965 0.055123 0.054275 0.053422 0.052566 0.051708 0.050851 0.049994 0.049140 0.048290 0.047446 0.046609 0.045780 0.044960 0.044152 0.043357 0.042576 0.041811 0.041063 0.040334 0.039625 0.038938 0.038274 0.037635 0.037024 0.036440 0.035887 0.035366 0.034878 0.034427 0.034012 0.033638
0.069594 0.068838 0.068025 0.067250 0.066491 0.065726 0.064945 0.064146 0.063326 0.062486 0.061626 0.060750 0.059857 0.058949 0.058028 0.057096 0.056154 0.055204 0.054247 0.053284 0.052317 0.051348 0.050377 0.049407 0.048438 0.047473 0.046512 0.045556 0.044608 0.043669 0.042740 0.041823 0.040918 0.040029 0.039155 0.038299 0.037463 0.036647 0.035854 0.035085 0.034341 0.033625 0.032938 0.032283 0.031660 0.031072 0.030521 0.030008 0.029537 0.029108
0.070440 0.069499 0.068633 0.067750 0.066843 0.065914 0.064965 0.063996 0.063010 0.062007 0.060989 0.059959 0.058916 0.057863 0.056801 0.055732 0.054656 0.053575 0.052489 0.051402 0.050312 0.049223 0.048135 0.047049 0.045967 0.044890 0.043819 0.042757 0.041703 0.040660 0.039630 0.038612 0.037611 0.036625 0.035658 0.034711 0.033785 0.032882 0.032004 0.031153 0.030330 0.029537 0.028776 0.028049 0.027358 0.026706 0.026094 0.025525 0.025002 0.024526
0.070710 0.070044 0.069148 0.068157 0.067109 0.066023 0.064910 0.063775 0.062625 0.061462 0.060288 0.059104 0.057914 0.056716 0.055514 0.054307 0.053096 0.051884 0.050671 0.049457 0.048244 0.047034 0.045827 0.044624 0.043427 0.042238 0.041056 0.039885 0.038724 0.037577 0.036443 0.035325 0.034224 0.033142 0.032081 0.031041 0.030025 0.029035 0.028073 0.027139 0.026237 0.025369 0.024536 0.023741 0.022988 0.022277 0.021612 0.020995 0.020430 0.019917
0.072056 0.070792 0.069620 0.068426 0.067199 0.065945 0.064670 0.063380 0.062079 0.060768 0.059450 0.058126 0.056796 0.055463 0.054127 0.052788 0.051449 0.050109 0.048770 0.047433 0.046098 0.044768 0.043442 0.042123 0.040811 0.039508 0.038215 0.036933 0.035665 0.034411 0.033174 0.031954 0.030753 0.029574 0.028417 0.027285 0.026179 0.025102 0.024056 0.023042 0.022064 0.021124 0.020226 0.019371 0.018564 0.017807 0.017103 0.016456 0.015866 0.015338
0.072166 0.071119 0.069807 0.068429 0.067029 0.065619 0.064200 0.062774 0.061340 0.059900 0.058454 0.057003 0.055548 0.054089 0.052628 0.051166 0.049703 0.048241 0.046780 0.045321 0.043867 0.042417 0.040974 0.039538 0.038110 0.036693 0.035288 0.033896 0.032519 0.031158 0.029815 0.028492 0.027191 0.025913 0.024661 0.023436 0.022241 0.021079 0.019952 0.018864 0.017817 0.016817 0.015866 0.014969 0.014129 0.013350 0.012634 0.011984 0.011403 0.010893
0.073366 0.071390 0.069727 0.068157 0.066616 0.065081 0.063544 0.062002 0.060452 0.058896 0.057333 0.055764 0.054190 0.052613 0.051032 0.049450 0.047866 0.046283 0.044702 0.043123 0.041549 0.039980 0.038417 0.036864 0.035320 0.033787 0.032268 0.030764 0.029276 0.027806 0.026357 0.024930 0.023527 0.022151 0.020803 0.019488 0.018208 0.016967 0.015769 0.014620 0.013524 0.012487 0.011513 0.010609 0.009777 0.009018 0.008336 0.007734 0.007211 0.006767
0.072432 0.070930 0.069339 0.067729 0.066107 0.064473 0.062827 0.061171 0.059506 0.057832 0.056150 0.054461 0.052767 0.051068 0.049365 0.047660 0.045954 0.044248 0.042543 0.040841 0.039144 0.037452 0.035769 0.034094 0.032431 0.030780 0.029144 0.027525 0.025924 0.024344 0.022786 0.021254 0.019749 0.018276 0.016837 0.015439 0.014085 0.012783 0.011541 0.010364 0.009261 0.008237 0.007302 0.006458 0.005702 0.005034 0.004460 0.003980 0.003584 0.003266
0.072301 0.070781 0.069156 0.067453 0.065708 0.063942 0.062161 0.060371 0.058571 0.056765 0.054951 0.053132 0.051307 0.049477 0.047644 0.045808 0.043972 0.042136 0.040301 0.038470 0.036645 0.034826 0.033016 0.031216 0.029429 0.027656 0.025900 0.024162 0.022445 0.020752 0.019085 0.017449 0.015846 0.014284 0.012769 0.011309 0.009916 0.008599 0.007372 0.006243 0.005216 0.004311 0.003528 0.002853 0.002274 0.001796 0.001444 0.001180 0.000980 0.000832
0.073235 0.071349 0.069363 0.067389 0.065432 0.063483 0.061537 0.059590 0.057640 0.055687 0.053729 0.051766 0.049799 0.047829 0.045855 0.043880 0.041904 0.039930 0.037959 0.035991 0.034031 0.032078 0.030135 0.028205 0.026289 0.024390 0.022509 0.020650 0.018816 0.017010 0.015237 0.013504 0.011820 0.010196 0.008646 0.007189 0.005837 0.004614 0.003538 0.002599 0.001817 0.001231 0.000771 0.000400 0.000097 0.000001 0.000001 0.000001 0.000001 0.000001
0.074512 0.071641 0.069313 0.067137 0.065014 0.062912 0.060818 0.058724 0.056628 0.054527 0.052421 0.050311 0.048196 0.046078 0.043957 0.041835 0.039714 0.037594 0.035479 0.033369 0.031267 0.029175 0.027095 0.025029 0.022980 0.020950 0.018942 0.016961 0.015011 0.013099 0.011238 0.009440 0.007727 0.006120 0.004650 0.003349 0.002215 0.001348 0.000675 0.000130 0.000001 0.000001 0.000001 0.000001 0.000001 0.000001 0.000001 0.000001 0.000001 0.000001
0.071763 0.070434 0.068497 0.066403 0.064254 0.062076 0.059879 0.057666 0.055439 0.053200 0.050951 0.048694 0.046431 0.044163 0.041892 0.039620 0.037349 0.035080 0.032816 0.030560 0.028312 0.026076 0.023854 0.021649 0.019463 0.017301 0.015167 0.013070 0.011022 0.009039 0.007149 0.005382 0.003792 0.002393 0.001313 0.000479 0.000001 0.000001 0.000001 0.000001 0.000001 0.000001 0.000001 0.000001 0.000001 0.000001 0.000001 0.000001 0.000001 0.000001
0.071897 0.069660 0.067589 0.065463 0.063266 0.061012 0.058716 0.056386 0.054032 0.051657 0.049267 0.046864 0.044452 0.042033 0.039611 0.037187 0.034763 0.032343 0.029928 0.027521 0.025125 0.022741 0.020375 0.018027 0.015705 0.013415 0.011170 0.008991 0.006908 0.004967 0.003228 0.001774 0.000684 0.000001 0.000001 0.000001 0.000001 0.000001 0.000001 0.000001 0.000001 0.000001 0.000001 0.000001 0.000001 0.000001 0.000001 0.000001 0.000001 0.000001
0.071435 0.069220 0.066931 0.064609 0.062246 0.059841 0.057398 0.054922 0.052421 0.049897 0.047356 0.044802 0.042237 0.039664 0.037087 0.034507 0.031928 0.029352 0.026782 0.024222 0.021673 0.019139 0.016625 0.014138 0.011689 0.009300 0.007006 0.004866 0.002945 0.001412 0.000247 0.000001 0.000001 0.000001 0.000001 0.000001 0.000001 0.000001 0.000001 0.000001 0.000001 0.000001 0.000001 0.000001 0.000001 0.000001 0.000001 0.000001 0.000001 0.000001
0.071520 0.068933 0.066380 0.063811 0.061220 0.058606 0.055971 0.053314 0.050639 0.047947 0.045240 0.042522 0.039794 0.037058 0.034318 0.031576 0.028834 0.026097 0.023366 0.020645 0.017937 0.015250 0.012593 0.009984 0.007462 0.005089 0.002952 0.001267 0.000001 0.000001 0.000001 0.000001 0.000001 0.000001 0.000001 0.000001 0.000001 0.000001 0.000001 0.000001 0.000001 0.000001 0.000001 0.000001 0.000001 0.000001 0.000001 0.000001 0.000001 0.000001
0.070764 0.068402 0.065724 0.062943 0.060124 0.057287 0.054440 0.051582 0.048715 0.045837 0.042949 0.040051 0.037146 0.034235 0.031320 0.028403 0.025488 0.022577 0.019674 0.016784 0.013914 0.011079 0.008312 0.005675 0.003275 0.001349 0.000001 0.000001 0.000001 0.000001 0.000001 0.000001 0.000001 0.000001 0.000001 0.000001 0.000001 0.000001 0.000001 0.000001 0.000001 0.000001 0.000001 0.000001 0.000001 0.000001 0.000001 0.000001 0.000001 0.000001
0.071822 0.068332 0.065129 0.062014 0.058931 0.055862 0.052798 0.049733 0.046664 0.043588 0.040505 0.037414 0.034316 0.031213 0.028106 0.024999 0.021894 0.018795 0.015707 0.012641 0.009620 0.006696 0.003985 0.001708 0.000009 0.000001 0.000001 0.000001 0.000001 0.000001 0.000001 0.000001 0.000001 0.000001 0.000001 0.000001 0.000001 0.000001 0.000001 0.000001 0.000001 0.000001 0.000001 0.000001 0.000001 0.000001 0.000001 0.000001 0.000001 0.000001
0.071273 0.067688 0.064229 0.060870 0.057567 0.054290 0.051024 0.047757 0.044485 0.041205 0.037915 0.034615 0.031308 0.027994 0.024677 0.021360 0.018047 0.014744 0.011465 0.008247 0.005180 0.002453 0.000403 0.000001 0.000001 0.000001 0.000001 0.000001 0.000001 0.000001 0.000001 0.000001 0.000001 0.000001 0.000001 0.000001 0.000001 0.000001 0.000001 0.000001 0.000001 0.000001 0.000001 0.000001 0.000001 0.000001 0.000001 0.000001 0.000001 0.000001
0.069471 0.066161 0.062780 0.059375 0.055960 0.052535 0.049096 0.045639 0.042163 0.038669 0.035159 0.031635 0.028099 0.024556 0.021010 0.017464 0.013926 0.010416 0.006988 0.003788 0.001191 0.000001 0.000001 0.000001 0.000001 0.000001 0.000001 0.000001 0.000001 0.000001 0.000001 0.000001 0.000001 0.000001 0.000001 0.000001 0.000001 0.000001 0.000001 0.000001 0.000001 0.000001 0.000001 0.000001 0.000001 0.000001 0.000001 0.000001 0.000001 0.000001
0.067766 0.064462 0.061105 0.057682 0.054188 0.050631 0.047021 0.043366 0.039674 0.035951 0.032202 0.028434 0.024651 0.020859 0.017063 0.013273 0.009514 0.005870 0.002579 0.000104 0.000001 0.000001 0.000001 0.000001 0.000001 0.000001 0.000001 0.000001 0.000001 0.000001 0.000001 0.000001 0.000001 0.000001 0.000001 0.000001 0.000001 0.000001 0.000001 0.000001 0.000001 0.000001 0.000001 0.000001 0.000001 0.000001 0.000001 0.000001 0.000001 0.000001
0.066071 0.062911 0.059585 0.056072 0.052419 0.048665 0.044832 0.040939 0.036996 0.033015 0.029003 0.024969 0.020918 0.016858 0.012800 0.008774 0.004902 0.001588 0.000001 0.000001 0.000001 0.000001 0.000001 0.000001 0.000001 0.000001 0.000001 0.000001 0.000001 0.000001 0.000001 0.000001 0.000001 0.000001 0.000001 0.000001 0.000001 0.000001 0.000001 0.000001 0.000001 0.000001 0.000001 0.000001 0.000001 0.000001 0.000001 0.000001 0.000001 0.000001
0.065675 0.062399 0.058653 0.054751 0.050753 0.046679 0.042541 0.038348 0.034111 0.029837 0.025534 0.021210 0.016873 0.012530 0.008218 0.004096 0.000756 0.000001 0.000001 0.000001 0.000001 0.000001 0.000001 0.000001 0.000001 0.000001 0.000001 0.000001 0.000001 0.000001 0.000001 0.000001 0.000001 0.000001 0.000001 0.000001 0.000001 0.000001 0.000001 0.000001 0.000001 0.000001 0.000001 0.000001 0.000001 0.000001 0.000001 0.000001 0.000001 0.000001
0.067620 0.062470 0.057937 0.053506 0.049072 0.044609 0.040111 0.035577 0.031011 0.026416 0.021799 0.017166 0.012524 0.007905 0.003502 0.000068 0.000001 0.000001 0.000001 0.000001 0.000001 0.000001 0.000001 0.000001 0.000001 0.000001 0.000001 0.000001 0.000001 0.000001 0.000001 0.000001 0.000001 0.000001 0.000001 0.000001 0.000001 0.000001 0.000001 0.000001 0.000001 0.000001 0.000001 0.000001 0.000001 0.000001 0.000001 0.000001 0.000001 0.000001
0.065601 0.061540 0.056846 0.052051 0.047231 0.042392 0.037529 0.032641 0.027730 0.022797 0.017848 0.012888 0.007939 0.003202 0.000001 0.000001 0.000001 0.000001 0.000001 0.000001 0.000001 0.000001 0.000001 0.000001 0.000001 0.000001 0.000001 0.000001 0.000001 0.000001 0.000001 0.000001 0.000001 0.000001 0.000001 0.000001 0.000001 0.000001 0.000001 0.000001 0.000001 0.000001 0.000001 0.000001 0.000001 0.000001 0.000001 0.000001 0.000001 0.000001
0.066732 0.060821 0.055585 0.050438 0.045277 0.040086 0.034866 0.029621 0.024354 0.019069 0.013771 0.008470 0.003316 0.000001 0.000001 0.000001 0.000001 0.000001 0.000001 0.000001 0.000001 0.000001 0.000001 0.000001 0.000001 0.000001 0.000001 0.000001 0.000001 0.000001 0.000001 0.000001 0.000001 0.000001 0.000001 0.000001 0.000001 0.000001 0.000001 0.000001 0.000001 0.000001 0.000001 0.000001 0.000001 0.000001 0.000001 0.000001 0.000001 0.000001
0.064000 0.059535 0.054324 0.048907 0.043403 0.037849 0.032258 0.026638 0.020996 0.015338 0.009669 0.004055 0.000001 0.000001 0.000001 0.000001 0.000001 0.000001 0.000001 0.000001 0.000001 0.000001 0.000001 0.000001 0.000001 0.000001 0.000001 0.000001 0.000001 0.000001 0.000001 0.000001 0.000001 0.000001 0.000001 0.000001 0.000001 0.000001 0.000001 0.000001 0.000001 0.000001 0.000001 0.000001 0.000001 0.000001 0.000001 0.000001 0.000001 0.000001
0.065609 0.059498 0.053613 0.047708 0.041768 0.035798 0.029800 0.023777 0.017734 0.011674 0.005617 0.000165 0.000001 0.000001 0.000001 0.000001 0.000001 0.000001 0.000001 0.000001 0.000001 0.000001 0.000001 0.000001 0.000001 0.000001 0.000001 0.000001 0.000001 0.000001 0.000001 0.000001 0.000001 0.000001 0.000001 0.000001 0.000001 0.000001 0.000001 0.000001 0.000001 0.000001 0.000001 0.000001 0.000001 0.000001 0.000001 0.000001 0.000001 0.000001
0.066193 0.059647 0.053125 0.046694 0.040296 0.033894 0.027472 0.021025 0.014556 0.008072 0.001760 0.000001 0.000001 0.000001 0.000001 0.000001 0.000001 0.000001 0.000001 0.000001 0.000001 0.000001 0.000001 0.000001 0.000001 0.000001 0.000001 0.000001 0.000001 0.000001 0.000001 0.000001 0.000001 0.000001 0.000001 0.000001 0.000001 0.000001 0.000001 0.000001 0.000001 0.000001 0.000001 0.000001 0.000001 0.000001 0.000001 0.000001 0.000001 0.000001
0.065953 0.058943 0.052227 0.045523 0.038780 0.031990 0.025153 0.018276 0.011369 0.004459 0.000001 0.000001 0.000001 0.000001 0.000001 0.000001 0.000001 0.000001 0.000001 0.000001 0.000001 0.000001 0.000001 0.000001 0.000001 0.000001 0.000001 0.000001 0.000001 0.000001 0.000001 0.000001 0.000001 0.000001 0.000001 0.000001 0.000001 0.000001 0.000001 0.000001 0.000001 0.000001 0.000001 0.000001 0.000001 0.000001 0.000001 0.000001 0.000001 0.000001
0.063926 0.057781 0.051115 0.044205 0.037140 0.029965 0.022709 0.015396 0.008045 0.000935 0.000001 0.000001 0.000001 0.000001 0.000001 0.000001 0.000001 0.000001 0.000001 0.000001 0.000001 0.000001 0.000001 0.000001 0.000001 0.000001 0.000001 0.000001 0.000001 0.000001 0.000001 0.000001 0.000001 0.000001 0.000001 0.000001 0.000001 0.000001 0.000001 0.000001 0.000001 0.000001 0.000001 0.000001 0.000001 0.000001 0.000001 0.000001 0.000001 0.000001
0.063856 0.057245 0.050200 0.042876 0.035374 0.027752 0.020045 0.012281 0.004493 0.000001 0.000001 0.000001 0.000001 0.000001 0.000001 0.000001 0.000001 0.000001 0.000001 0.000001 0.000001 0.000001 0.000001 0.000001 0.000001 0.000001 0.000001 0.000001 0.000001 0.000001 0.000001 0.000001 0.000001 0.000001 0.000001 0.000001 0.000001 0.000001 0.000001 0.000001 0.000001 0.000001 0.000001 0.000001 0.000001 0.000001 0.000001 0.000001 0.000001 0.000001
0.065885 0.057618 0.049564 0.041531 0.033452 0.025316 0.017131 0.008910 0.000898 0.000001 0.000001 0.000001 0.000001 0.000001 0.000001 0.000001 0.000001 0.000001 0.000001 0.000001 0.000001 0.000001 0.000001 0.000001 0.000001 0.000001 0.000001 0.000001 0.000001 0.000001 0.000001 0.000001 0.000001 0.000001 0.000001 0.000001 0.000001 0.000001 0.000001 0.000001 0.000001 0.000001 0.000001 0.000001 0.000001 0.000001 0.000001 0.000001 0.000001 0.000001
0.065739 0.057081 0.048498 0.039913 0.031309 0.022681 0.014034 0.005375 0.000001 0.000001 0.000001 0.000001 0.000001 0.000001 0.000001 0.000001 0.000001 0.000001 0.000001 0.000001 0.000001 0.000001 0.000001 0.000001 0.000001 0.000001 0.000001 0.000001 0.000001 0.000001 0.000001 0.000001 0.000001 0.000001 0.000001 0.000001 0.000001 0.000001 0.000001 0.000001 0.000001 0.000001 0.000001 0.000001 0.000001 0.000001 0.000001 0.000001 0.000001 0.000001
0.064455 0.056000 0.047120 0.038121 0.029079 0.020016 0.010943 0.001909 0.000001 0.000001 0.000001 0.000001 0.000001 0.000001 0.000001 0.000001 0.000001 0.000001 0.000001 0.000001 0.000001 0.000001 0.000001 0.000001 0.000001 0.000001 0.000001 0.000001 0.000001 0.000001 0.000001 0.000001 0.000001 0.000001 0.000001 0.000001 0.000001 0.000001 0.000001 0.000001 0.000001 0.000001 0.000001 0.000001 0.000001 0.000001 0.000001 0.000001 0.000001 0.000001
0.065404 0.055512 0.045989 0.036524 0.027055 0.017577 0.008100 0.000001 0.000001 0.000001 0.000001 0.000001 0.000001 0.000001 0.000001 0.000001 0.000001 0.000001 0.000001 0.000001 0.000001 0.000001 0.000001 0.000001 0.000001 0.000001 0.000001 0.000001 0.000001 0.000001 0.000001 0.000001 0.000001 0.000001 0.000001 0.000001 0.000001 0.000001 0.000001 0.000001 0.000001 0.000001 0.000001 0.000001 0.000001 0.000001 0.000001 0.000001 0.000001 0.000001
0.064603 0.054972 0.045148 0.035276 0.025397 0.015521 0.005657 0.000001 0.000001 0.000001 0.000001 0.000001 0.000001 0.000001 0.000001 0.000001 0.000001 0.000001 0.000001 0.000001 0.000001 0.000001 0.000001 0.000001 0.000001 0.000001 0.000001 0.000001 0.000001 0.000001 0.000001 0.000001 0.000001 0.000001 0.000001 0.000001 0.000001 0.000001 0.000001 0.000001 0.000001 0.000001 0.000001 0.000001 0.000001 0.000001 0.000001 0.000001 0.000001 0.000001
0.065060 0.054733 0.044461 0.034235 0.024023 0.013812 0.003606 0.000001 0.000001 0.000001 0.000001 0.000001 0.000001 0.000001 0.000001 0.000001 0.000001 0.000001 0.000001 0.000001 0.000001 0.000001 0.000001 0.000001 0.000001 0.000001 0.000001 0.000001 0.000001 0.000001 0.000001 0.000001 0.000001 0.000001 0.000001 0.000001 0.000001 0.000001 0.000001 0.000001 0.000001 0.000001 0.000001 0.000001 0.000001 0.000001 0.000001 0.000001 0.000001 0.000001
0.063671 0.053624 0.043474 0.033188 0.022796 0.012336 0.001841 0.000001 0.000001 0.000001 0.000001 0.000001 0.000001 0.000001 0.000001 0.000001 0.000001 0.000001 0.000001 0.000001 0.000001 0.000001 0.000001 0.000001 0.000001 0.000001 0.000001 0.000001 0.000001 0.000001 0.000001 0.000001 0.000001 0.000001 0.000001 0.000001 0.000001 0.000001 0.000001 0.000001 0.000001 0.000001 0.000001 0.000001 0.000001 0.000001 0.000001 0.000001 0.000001 0.000001
0.063127 0.053158 0.042873 0.032378 0.021740 0.011012 0.000263 0.000001 0.000001 0.000001 0.000001 0.000001 0.000001 0.000001 0.000001 0.000001 0.000001 0.000001 0.000001 0.000001 0.000001 0.000001 0.000001 0.000001 0.000001 0.000001 0.000001 0.000001 0.000001 0.000001 0.000001 0.000001 0.000001 0.000001 0.000001 0.000001 0.000001 0.000001 0.000001 0.000001 0.000001 0.000001 0.000001 0.000001 0.000001 0.000001 0.000001 0.000001 0.000001 0.000001
0.064358 0.053477 0.042611 0.031698 0.020725 0.009705 0.000001 0.000001 0.000001 0.000001 0.000001 0.000001 0.000001 0.000001 0.000001 0.000001 0.000001 0.000001 0.000001 0.000001 0.000001 0.000001 0.000001 0.000001 0.000001 0.000001 0.000001 0.000001 0.000001 0.000001 0.000001 0.000001 0.000001 0.000001 0.000001 0.000001 0.000001 0.000001 0.000001 0.000001 0.000001 0.000001 0.000001 0.000001 0.000001 0.000001 0.000001 0.000001 0.000001 0.000001
0.063299 0.052774 0.041841 0.030732 0.019537 0.008303 0.000001 0.000001 0.000001 0.000001 0.000001 0.000001 0.000001 0.000001 0.000001 0.000001 0.000001 0.000001 0.000001 0.000001 0.000001 0.000001 0.000001 0.000001 0.000001 0.000001 0.000001 0.000001 0.000001 0.000001 0.000001 0.000001 0.000001 0.000001 0.000001 0.000001 0.000001 0.000001 0.000001 0.000001 0.000001 0.000001 0.000001 0.000001 0.000001 0.000001 0.000001 0.000001 0.000001 0.000001
0.063834 0.052343 0.041031 0.029688 0.018313 0.006936 0.000001 0.000001 0.000001 0.000001 0.000001 0.000001 0.000001 0.000001 0.000001 0.000001 0.000001 0.000001 0.000001 0.000001 0.000001 0.000001 0.000001 0.000001 0.000001 0.000001 0.000001 0.000001 0.000001 0.000001 0.000001 0.000001 0.000001 0.000001 0.000001 0.000001 0.000001 0.000001 0.000001 0.000001 0.000001 0.000001 0.000001 0.000001 0.000001 0.000001 0.000001 0.000001 0.000001 0.000001
0.063540 0.052083 0.040455 0.028868 0.017347 0.005891 0.000001 0.000001 0.000001 0.000001 0.000001 0.000001 0.000001 0.000001 0.000001 0.000001 0.000001 0.000001 0.000001 0.000001 0.000001 0.000001 0.000001 0.000001 0.000001 0.000001 0.000001 0.000001 0.000001 0.000001 0.000001 0.000001 0.000001 0.000001 0.000001 0.000001 0.000001 0.000001 0.000001 0.000001 0.000001 0.000001 0.000001 0.000001 0.000001 0.000001 0.000001 0.000001 0.000001 0.000001
0.063661 0.051673 0.039923 0.028315 0.016814 0.005408 0.000001 0.000001 0.000001 0.000001 0.000001 0.000001 0.000001 0.000001 0.000001 0.000001 0.000001 0.000001 0.000001 0.000001 0.000001 0.000001 0.000001 0.000001 0.000001 0.000001 0.000001 0.000001 0.000001 0.000001 0.000001 0.000001 0.000001 0.000001 0.000001 0.000001 0.000001 0.000001 0.000001 0.000001 0.000001 0.000001 0.000001 0.000001 0.000001 0.000001 0.000001 0.000001 0.000001 0.000001
0.062868 0.050954 0.039459 0.028098 0.016818 0.005613 0.000001 0.000001 0.000001 0.000001 0.000001 0.000001 0.000001 0.000001 0.000001 0.000001 0.000001 0.000001 0.000001 0.000001 0.000001 0.000001 0.000001 0.000001 0.000001 0.000001 0.000001 0.000001 0.000001 0.000001 0.000001 0.000001 0.000001 0.000001 0.000001 0.000001 0.000001 0.000001 0.000001 0.000001 0.000001 0.000001 0.000001 0.000001 0.000001 0.000001 0.000001 0.000001 0.000001 0.000001
0.059924 0.049866 0.039132 0.028256 0.017364 0.006498 0.000001 0.000001 0.000001 0.000001 0.000001 0.000001 0.000001 0.000001 0.000001 0.000001 0.000001 0.000001 0.000001 0.000001 0.000001 0.000001 0.000001 0.000001 0.000001 0.000001 0.000001 0.000001 0.000001 0.000001 0.000001 0.000001 0.000001 0.000001 0.000001 0.000001 0.000001 0.000001 0.000001 0.000001 0.000001 0.000001 0.000001 0.000001 0.000001 0.000001 0.000001 0.000001 0.000001 0.000001
0.060387 0.049581 0.039188 0.028805 0.018384 0.007943 0.000001 0.000001 0.000001 0.000001 0.000001 0.000001 0.000001 0.000001 0.000001 0.000001 0.000001 0.000001 0.000001 0.000001 0.000001 0.000001 0.000001 0.000001 0.000001 0.000001 0.000001 0.000001 0.000001 0.000001 0.000001 0.000001 0.000001 0.000001 0.000001 0.000001 0.000001 0.000001 0.000001 0.000001 0.000001 0.000001 0.000001 0.000001 0.000001 0.000001 0.000001 0.000001 0.000001 0.000001
0.058303 0.049201 0.039550 0.029703 0.019759 0.009770 0.000001 0.000001 0.000001 0.000001 0.000001 0.000001 0.000001 0.000001 0.000001 0.000001 0.000001 0.000001 0.000001 0.000001 0.000001 0.000001 0.000001 0.000001 0.000001 0.000001 0.000001 0.000001 0.000001 0.000001 0.000001 0.000001 0.000001 0.000001 0.000001 0.000001 0.000001 0.000001 0.000001 0.000001 0.000001 0.000001 0.000001 0.000001 0.000001 0.000001 0.000001 0.000001 0.000001 0.000001
0.059615 0.049799 0.040278 0.030781 0.021265 0.011736 0.002213 0.000001 0.000001 0.000001 0.000001 0.000001 0.000001 0.000001 0.000001 0.000001 0.000001 0.000001 0.000001 0.000001 0.000001 0.000001 0.000001 0.000001 0.000001 0.000001 0.000001 0.000001 0.000001 0.000001 0.000001 0.000001 0.000001 0.000001 0.000001 0.000001 0.000001 0.000001 0.000001 0.000001 0.000001 0.000001 0.000001 0.000001 0.000001 0.000001 0.000001 0.000001 0.000001 0.000001
0.057815 0.049390 0.040544 0.031592 0.022608 0.013617 0.004632 0.000001 0.000001 0.000001 0.000001 0.000001 0.000001 0.000001 0.000001 0.000001 0.000001 0.000001 0.000001 0.000001 0.000001 0.000001 0.000001 0.000001 0.000001 0.000001 0.000001 0.000001 0.000001 0.000001 0.000001 0.000001 0.000001 0.000001 0.000001 0.000001 0.000001 0.000001 0.000001 0.000001 0.000001 0.000001 0.000001 0.000001 0.000001 0.000001 0.000001 0.000001 0.000001 0.000001
0.057356 0.048840 0.040479 0.032119 0.023744 0.015361 0.006982 0.000001 0.000001 0.000001 0.000001 0.000001 0.000001 0.000001 0.000001 0.000001 0.000001 0.000001 0.000001 0.000001 0.000001 0.000001 0.000001 0.000001 0.000001 0.000001 0.000001 0.000001 0.000001 0.000001 0.000001 0.000001 0.000001 0.000001 0.000001 0.000001 0.000001 0.000001 0.000001 0.000001 0.000001 0.000001 0.000001 0.000001 0.000001 0.000001 0.000001 0.000001 0.000001 0.000001
0.056178 0.048168 0.040335 0.032566 0.024811 0.017057 0.009304 0.001604 0.000001 0.000001 0.000001 0.000001 0.000001 0.000001 0.000001 0.000001 0.000001 0.000001 0.000001 0.000001 0.000001 0.000001 0.000001 0.000001 0.000001 0.000001 0.000001 0.000001 0.000001 0.000001 0.000001 0.000001 0.000001 0.000001 0.000001 0.000001 0.000001 0.000001 0.000001 0.000001 0.000001 0.000001 0.000001 0.000001 0.000001 0.000001 0.000001 0.000001 0.000001 0.000001
0.053723 0.047031 0.040043 0.032970 0.025866 0.018746 0.011621 0.004499 0.000001 0.000001 0.000001 0.000001 0.000001 0.000001 0.000001 0.000001 0.000001 0.000001 0.000001 0.000001 0.000001 0.000001 0.000001 0.000001 0.000001 0.000001 0.000001 0.000001 0.000001 0.000001 0.000001 0.000001 0.000001 0.000001 0.000001 0.000001 0.000001 0.000001 0.000001 0.000001 0.000001 0.000001 0.000001 0.000001 0.000001 0.000001 0.000001 0.000001 0.000001 0.000001
0.052747 0.046187 0.039765 0.033323 0.026852 0.020364 0.013866 0.007366 0.001045 0.000001 0.000001 0.000001 0.000001 0.000001 0.000001 0.000001 0.000001 0.000001 0.000001 0.000001 0.000001 0.000001 0.000001 0.000001 0.000001 0.000001 0.000001 0.000001 0.000001 0.000001 0.000001 0.000001 0.000001 0.000001 0.000001 0.000001 0.000001 0.000001 0.000001 0.000001 0.000001 0.000001 0.000001 0.000001 0.000001 0.000001 0.000001 0.000001 0.000001 0.000001
0.050640 0.045060 0.039275 0.033461 0.027633 0.021790 0.015932 0.010060 0.004185 0.000001 0.000001 0.000001 0.000001 0.000001 0.000001 0.000001 0.000001 0.000001 0.000001 0.000001 0.000001 0.000001 0.000001 0.000001 0.000001 0.000001 0.000001 0.000001 0.000001 0.000001 0.000001 0.000001 0.000001 0.000001 0.000001 0.000001 0.000001 0.000001 0.000001 0.000001 0.000001 0.000001 0.000001 0.000001 0.000001 0.000001 0.000001 0.000001 0.000001 0.000001
0.048799 0.043470 0.038371 0.033277 0.028147 0.022975 0.017763 0.012513 0.007230 0.002031 0.000001 0.000001 0.000001 0.000001 0.000001 0.000001 0.000001 0.000001 0.000001 0.000001 0.000001 0.000001 0.000001 0.000001 0.000001 0.000001 0.000001 0.000001 0.000001 0.000001 0.000001 0.000001 0.000001 0.000001 0.000001 0.000001 0.000001 0.000001 0.000001 0.000001 0.000001 0.000001 0.000001 0.000001 0.000001 0.000001 0.000001 0.000001 0.000001 0.000001
0.045280 0.041548 0.037370 0.033010 0.028544 0.024000 0.019386 0.014711 0.009978 0.005199 0.000751 0.000001 0.000001 0.000001 0.000001 0.000001 0.000001 0.000001 0.000001 0.000001 0.000001 0.000001 0.000001 0.000001 0.000001 0.000001 0.000001 0.000001 0.000001 0.000001 0.000001 0.000001 0.000001 0.000001 0.000001 0.000001 0.000001 0.000001 0.000001 0.000001 0.000001 0.000001 0.000001 0.000001 0.000001 0.000001 0.000001 0.000001 0.000001 0.000001
0.044822 0.040785 0.036878 0.032962 0.028992 0.024951 0.020834 0.016640 0.012371 0.008029 0.003655 0.000001 0.000001 0.000001 0.000001 0.000001 0.000001 0.000001 0.000001 0.000001 0.000001 0.000001 0.000001 0.000001 0.000001 0.000001 0.000001 0.000001 0.000001 0.000001 0.000001 0.000001 0.000001 0.000001 0.000001 0.000001 0.000001 0.000001 0.000001 0.000001 0.000001 0.000001 0.000001 0.000001 0.000001 0.000001 0.000001 0.000001 0.000001 0.000001
0.043633 0.039991 0.036487 0.032984 0.029425 0.025785 0.022055 0.018234 0.014321 0.010321 0.006241 0.002160 0.000001 0.000001 0.000001 0.000001 0.000001 0.000001 0.000001 0.000001 0.000001 0.000001 0.000001 0.000001 0.000001 0.000001 0.000001 0.000001 0.000001 0.000001 0.000001 0.000001 0.000001 0.000001 0.000001 0.000001 0.000001 0.000001 0.000001 0.000001 0.000001 0.000001 0.000001 0.000001 0.000001 0.000001 0.000001 0.000001 0.000001 0.000001
0.041122 0.038770 0.035965 0.032924 0.029724 0.026393 0.022943 0.019381 0.015713 0.011945 0.008082 0.004139 0.000317 0.000001 0.000001 0.000001 0.000001 0.000001 0.000001 0.000001 0.000001 0.000001 0.000001 0.000001 0.000001 0.000001 0.000001 0.000001 0.000001 0.000001 0.000001 0.000001 0.000001 0.000001 0.000001 0.000001 0.000001 0.000001 0.000001 0.000001 0.000001 0.000001 0.000001 0.000001 0.000001 0.000001 0.000001 0.000001 0.000001 0.000001
0.041106 0.038475 0.035762 0.032899 0.029879 0.026713 0.023411 0.019983 0.016440 0.012789 0.009037 0.005191 0.001279 0.000001 0.000001 0.000001 0.000001 0.000001 0.000001 0.000001 0.000001 0.000001 0.000001 0.000001 0.000001 0.000001 0.000001 0.000001 0.000001 0.000001 0.000001 0.000001 0.000001 0.000001 0.000001 0.000001 0.000001 0.000001 0.000001 0.000001 0.000001 0.000001 0.000001 0.000001 0.000001 0.000001 0.000001 0.000001 0.000001 0.000001
