0.058848 0.257192 0.081716 0.196956
0.058944 0.257545 0.081860 0.197271
0.059127 0.258248 0.082142 0.197897
0.059384 0.259294 0.082552 0.198828
0.059694 0.260670 0.083078 0.200053
0.060039 0.262358 0.083704 0.201556
0.060399 0.264333 0.084414 0.203317
0.060763 0.266563 0.085194 0.205309
0.061126 0.269007 0.086033 0.207498
0.061495 0.271616 0.086922 0.209845
0.061886 0.274335 0.087858 0.212308
0.062323 0.277103 0.088840 0.214837
0.062842 0.279858 0.089874 0.217383
0.063481 0.282534 0.090966 0.219895
0.064281 0.285070 0.092125 0.222326
0.065285 0.287408 0.093363 0.224630
0.066533 0.289497 0.094689 0.226769
0.068059 0.291297 0.096116 0.228710
0.069893 0.292774 0.097651 0.230432
0.072059 0.293908 0.099306 0.231921
0.074574 0.294688 0.101087 0.233171
0.077448 0.295113 0.103001 0.234187
0.080687 0.295192 0.105055 0.234981
0.084289 0.294941 0.107252 0.235570
0.088248 0.294384 0.109595 0.235978
0.092553 0.293549 0.112086 0.236232
0.097189 0.292468 0.114724 0.236362
0.102133 0.291179 0.117505 0.236398
0.107360 0.289718 0.120425 0.236372
0.112841 0.288125 0.123478 0.236317
0.118544 0.286438 0.126654 0.236260
0.124436 0.284695 0.129944 0.236231
0.130484 0.282930 0.133338 0.236254
0.136655 0.281173 0.136825 0.236351
0.142922 0.279453 0.140397 0.236538
0.149258 0.277791 0.144043 0.236830
0.155642 0.276204 0.147756 0.237236
0.162055 0.274706 0.151529 0.237762
0.168481 0.273308 0.155356 0.238413
0.174903 0.272022 0.159228 0.239195
0.181301 0.270860 0.163140 0.240113
0.187652 0.269838 0.167081 0.241177
0.193925 0.268978 0.171041 0.242401
0.200080 0.268311 0.175005 0.243806
0.206066 0.267874 0.178956 0.245420
0.211823 0.267713 0.182873 0.247276
0.217284 0.267880 0.186732 0.249414
0.222374 0.268433 0.190507 0.251878
0.227013 0.269432 0.194172 0.254714
0.231122 0.270937 0.197697 0.257969
0.234623 0.273005 0.201054 0.261687
0.237446 0.275690 0.204216 0.265911
0.239527 0.279037 0.207157 0.270674
0.240814 0.283082 0.209854 0.276007
0.241267 0.287853 0.212287 0.281930
0.240860 0.293365 0.214439 0.288455
0.239580 0.299623 0.216298 0.295585
0.237430 0.306618 0.217852 0.303313
0.234427 0.314331 0.219097 0.311622
0.230602 0.322728 0.220029 0.320481
0.226000 0.331762 0.220651 0.329851
0.220677 0.341376 0.220966 0.339681
0.214701 0.351502 0.220982 0.349911
0.208147 0.362059 0.220711 0.360471
0.201095 0.372964 0.220163 0.371283
0.193628 0.384123 0.219353 0.382266
0.185829 0.395443 0.218294 0.393332
0.177779 0.406831 0.217003 0.404395
0.169552 0.418196 0.215493 0.415372
0.161218 0.429450 0.213779 0.426179
0.152838 0.440515 0.211874 0.436743
0.144465 0.451319 0.209791 0.446993
0.136143 0.461801 0.207541 0.456870
0.127908 0.471907 0.205134 0.466320
0.119789 0.481589 0.202580 0.475296
0.111808 0.490810 0.199884 0.483757
0.103979 0.499533 0.197052 0.491665
0.096314 0.507725 0.194086 0.498985
0.088820 0.515353 0.190989 0.505678
0.081502 0.522381 0.187757 0.511705
0.074363 0.528768 0.184390 0.517020
0.067409 0.534465 0.180882 0.521570
0.060646 0.539422 0.177233 0.525300
0.054086 0.543577 0.173441 0.528146
0.047746 0.546870 0.169510 0.530047
0.041645 0.549240 0.165448 0.530943
0.035813 0.550633 0.161271 0.530788
0.030280 0.551010 0.157005 0.529554
0.025082 0.550358 0.152684 0.527241
0.020255 0.548695 0.148352 0.523891
0.015833 0.546083 0.144065 0.519592
0.011846 0.542638 0.139887 0.514490
0.008317 0.538527 0.135891 0.508787
0.005260 0.533973 0.132155 0.502742
0.002679 0.529245 0.128758 0.496659
0.000605 0.524643 0.125780 0.490872
0.000001 0.520475 0.123300 0.485721
0.000001 0.517031 0.121388 0.481525
0.000001 0.514574 0.120087 0.478558
0.000001 0.513295 0.119429 0.477023
