0.017410 0.017943 0.018313 0.018612 0.018871 0.019107 0.019324 0.019527 0.019718 0.019899 0.020070 0.020234 0.020390 0.020539 0.020683 0.020822 0.020956 0.021085 0.021210 0.021331 0.021449 0.021564 0.021675 0.021784 0.021890 0.021993 0.022094 0.022192 0.022289 0.022383 0.022475 0.022565 0.022654 0.022741 0.022826 0.022910 0.022992 0.023073 0.023153 0.023231 0.023308 0.023384 0.023459 0.023532 0.023605 0.023677 0.023747 0.023817 0.023886 0.023954
0.018908 0.018820 0.018932 0.019101 0.019284 0.019467 0.019645 0.019816 0.019980 0.020138 0.020289 0.020435 0.020577 0.020713 0.020846 0.020974 0.021099 0.021220 0.021338 0.021452 0.021564 0.021673 0.021780 0.021883 0.021985 0.022084 0.022181 0.022277 0.022370 0.022461 0.022551 0.022639 0.022725 0.022810 0.022893 0.022975 0.023056 0.023135 0.023213 0.023290 0.023366 0.023441 0.023514 0.023587 0.023659 0.023729 0.023799 0.023868 0.023937 0.024004
0.019493 0.019618 0.019712 0.019823 0.019943 0.020066 0.020190 0.020313 0.020435 0.020557 0.020677 0.020796 0.020913 0.021028 0.021141 0.021252 0.021361 0.021468 0.021574 0.021677 0.021778 0.021877 0.021974 0.022070 0.022164 0.022256 0.022347 0.022436 0.022524 0.022610 0.022695 0.022778 0.022860 0.022941 0.023021 0.023100 0.023178 0.023254 0.023330 0.023404 0.023478 0.023550 0.023622 0.023693 0.023763 0.023832 0.023901 0.023968 0.024035 0.024101
0.020226 0.020354 0.020493 0.020592 0.020670 0.020743 0.020818 0.020896 0.020979 0.021065 0.021154 0.021244 0.021336 0.021428 0.021520 0.021612 0.021704 0.021795 0.021885 0.021974 0.022062 0.022150 0.022236 0.022322 0.022406 0.022490 0.022573 0.022654 0.022735 0.022815 0.022894 0.022971 0.023049 0.023125 0.023200 0.023275 0.023348 0.023421 0.023494 0.023565 0.023636 0.023706 0.023775 0.023843 0.023911 0.023979 0.024045 0.024111 0.024177 0.024241
0.020848 0.021221 0.021299 0.021315 0.021331 0.021359 0.021399 0.021450 0.021508 0.021571 0.021638 0.021708 0.021780 0.021854 0.021929 0.022004 0.022080 0.022156 0.022232 0.022308 0.022384 0.022460 0.022536 0.022612 0.022687 0.022762 0.022836 0.022910 0.022984 0.023057 0.023130 0.023202 0.023274 0.023345 0.023416 0.023486 0.023556 0.023625 0.023694 0.023762 0.023830 0.023897 0.023964 0.024030 0.024096 0.024161 0.024226 0.024290 0.024354 0.024417
0.022851 0.022181 0.021904 0.021805 0.021789 0.021812 0.021853 0.021904 0.021958 0.022015 0.022074 0.022134 0.022195 0.022257 0.022320 0.022383 0.022448 0.022513 0.022578 0.022644 0.022711 0.022778 0.022845 0.022912 0.022980 0.023047 0.023115 0.023183 0.023251 0.023318 0.023386 0.023453 0.023520 0.023587 0.023654 0.023721 0.023787 0.023853 0.023919 0.023984 0.024049 0.024114 0.024179 0.024243 0.024307 0.024370 0.024433 0.024496 0.024559 0.024621
0.022191 0.021850 0.021841 0.021922 0.022017 0.022106 0.022185 0.022255 0.022319 0.022380 0.022438 0.022495 0.022551 0.022607 0.022664 0.022721 0.022778 0.022837 0.022896 0.022956 0.023016 0.023077 0.023139 0.023201 0.023263 0.023326 0.023390 0.023453 0.023517 0.023581 0.023645 0.023709 0.023773 0.023837 0.023901 0.023965 0.024028 0.024092 0.024156 0.024219 0.024283 0.024346 0.024409 0.024472 0.024535 0.024597 0.024659 0.024721 0.024783 0.024845
0.019531 0.020980 0.021670 0.022030 0.022238 0.022373 0.022470 0.022547 0.022613 0.022673 0.022729 0.022783 0.022837 0.022891 0.022945 0.022999 0.023055 0.023111 0.023168 0.023225 0.023284 0.023342 0.023402 0.023462 0.023523 0.023583 0.023645 0.023706 0.023768 0.023831 0.023893 0.023956 0.024018 0.024081 0.024144 0.024207 0.024269 0.024332 0.024395 0.024458 0.024521 0.024583 0.024646 0.024708 0.024771 0.024833 0.024895 0.024957 0.025019 0.025081
0.021868 0.022277 0.022468 0.022574 0.022646 0.022702 0.022753 0.022801 0.022850 0.022899 0.022949 0.023000 0.023052 0.023105 0.023160 0.023216 0.023272 0.023330 0.023388 0.023447 0.023506 0.023566 0.023627 0.023687 0.023749 0.023811 0.023872 0.023935 0.023997 0.024060 0.024123 0.024186 0.024249 0.024312 0.024375 0.024438 0.024502 0.024565 0.024628 0.024692 0.024755 0.024818 0.024881 0.024945 0.025008 0.025071 0.025134 0.025197 0.025260 0.025323
0.025436 0.024028 0.023409 0.023132 0.023011 0.022965 0.022959 0.022976 0.023007 0.023047 0.023094 0.023145 0.023199 0.023256 0.023314 0.023374 0.023435 0.023496 0.023559 0.023621 0.023685 0.023748 0.023812 0.023877 0.023941 0.024005 0.024070 0.024135 0.024200 0.024265 0.024329 0.024394 0.024460 0.024525 0.024590 0.024655 0.024720 0.024785 0.024850 0.024915 0.024980 0.025045 0.025110 0.025175 0.025240 0.025305 0.025370 0.025435 0.025500 0.025565
0.023808 0.023404 0.023194 0.023073 0.023010 0.022989 0.022996 0.023022 0.023062 0.023111 0.023166 0.023225 0.023287 0.023352 0.023418 0.023485 0.023553 0.023621 0.023689 0.023758 0.023827 0.023896 0.023965 0.024033 0.024102 0.024171 0.024239 0.024308 0.024376 0.024445 0.024513 0.024581 0.024649 0.024718 0.024786 0.024854 0.024922 0.024990 0.025057 0.025125 0.025193 0.025261 0.025329 0.025397 0.025464 0.025532 0.025600 0.025668 0.025735 0.025803
0.020556 0.021942 0.022418 0.022620 0.022733 0.022817 0.022892 0.022964 0.023037 0.023111 0.023185 0.023261 0.023336 0.023412 0.023489 0.023565 0.023641 0.023716 0.023792 0.023867 0.023942 0.024017 0.024091 0.024165 0.024239 0.024312 0.024385 0.024458 0.024531 0.024603 0.024676 0.024748 0.024820 0.024892 0.024964 0.025035 0.025107 0.025179 0.025250 0.025322 0.025393 0.025465 0.025536 0.025607 0.025679 0.025750 0.025822 0.025893 0.025965 0.026036
0.022748 0.022115 0.022160 0.022329 0.022499 0.022647 0.022776 0.022891 0.022997 0.023096 0.023191 0.023283 0.023372 0.023460 0.023546 0.023631 0.023714 0.023797 0.023879 0.023960 0.024041 0.024121 0.024200 0.024279 0.024357 0.024435 0.024513 0.024590 0.024667 0.024744 0.024821 0.024897 0.024973 0.025050 0.025126 0.025202 0.025277 0.025353 0.025429 0.025505 0.025581 0.025656 0.025732 0.025808 0.025884 0.025960 0.026035 0.026111 0.026187 0.026263
0.021350 0.021819 0.022076 0.022278 0.022455 0.022612 0.022753 0.022882 0.023001 0.023113 0.023219 0.023320 0.023418 0.023513 0.023606 0.023697 0.023786 0.023874 0.023961 0.024046 0.024131 0.024215 0.024299 0.024381 0.024464 0.024546 0.024628 0.024709 0.024790 0.024871 0.024952 0.025033 0.025114 0.025194 0.025275 0.025355 0.025436 0.025516 0.025597 0.025677 0.025758 0.025838 0.025919 0.026000 0.026080 0.026161 0.026242 0.026323 0.026404 0.026485
0.021487 0.022058 0.022309 0.022465 0.022595 0.022719 0.022839 0.022956 0.023069 0.023178 0.023284 0.023387 0.023486 0.023583 0.023678 0.023771 0.023863 0.023953 0.024042 0.024130 0.024218 0.024305 0.024391 0.024478 0.024563 0.024649 0.024734 0.024820 0.024905 0.024990 0.025075 0.025160 0.025245 0.025330 0.025415 0.025500 0.025586 0.025671 0.025756 0.025842 0.025928 0.026013 0.026099 0.026185 0.026272 0.026358 0.026444 0.026531 0.026617 0.026704
0.023483 0.022878 0.022731 0.022736 0.022798 0.022884 0.022980 0.023080 0.023181 0.023282 0.023381 0.023479 0.023575 0.023669 0.023762 0.023854 0.023946 0.024036 0.024126 0.024215 0.024304 0.024393 0.024482 0.024570 0.024659 0.024748 0.024836 0.024925 0.025014 0.025103 0.025192 0.025281 0.025371 0.025461 0.025551 0.025641 0.025731 0.025822 0.025912 0.026003 0.026094 0.026186 0.026277 0.026369 0.026461 0.026553 0.026645 0.026737 0.026830 0.026923
0.022657 0.022713 0.022769 0.022847 0.022936 0.023029 0.023123 0.023217 0.023310 0.023402 0.023493 0.023584 0.023674 0.023764 0.023853 0.023943 0.024032 0.024122 0.024211 0.024301 0.024391 0.024481 0.024572 0.024662 0.024754 0.024845 0.024937 0.025029 0.025122 0.025215 0.025309 0.025403 0.025497 0.025591 0.025686 0.025782 0.025877 0.025973 0.026069 0.026166 0.026263 0.026360 0.026457 0.026555 0.026653 0.026751 0.026849 0.026948 0.027046 0.027145
0.021620 0.022352 0.022711 0.022919 0.023061 0.023171 0.023267 0.023355 0.023440 0.023524 0.023607 0.023691 0.023775 0.023860 0.023946 0.024032 0.024120 0.024209 0.024298 0.024388 0.024479 0.024571 0.024664 0.024757 0.024851 0.024946 0.025042 0.025138 0.025235 0.025332 0.025430 0.025529 0.025628 0.025728 0.025828 0.025928 0.026029 0.026131 0.026233 0.026335 0.026438 0.026541 0.026644 0.026748 0.026852 0.026956 0.027061 0.027166 0.027271 0.027376
0.023062 0.023008 0.023100 0.023196 0.023280 0.023355 0.023426 0.023496 0.023567 0.023640 0.023715 0.023792 0.023872 0.023953 0.024037 0.024122 0.024209 0.024298 0.024388 0.024480 0.024573 0.024667 0.024763 0.024859 0.024957 0.025056 0.025155 0.025256 0.025357 0.025460 0.025563 0.025666 0.025771 0.025876 0.025981 0.026087 0.026194 0.026301 0.026409 0.026517 0.026626 0.026735 0.026844 0.026954 0.027064 0.027175 0.027285 0.027396 0.027508 0.027619
0.023835 0.023712 0.023591 0.023531 0.023519 0.023536 0.023573 0.023622 0.023679 0.023744 0.023813 0.023887 0.023964 0.024045 0.024129 0.024215 0.024304 0.024395 0.024487 0.024582 0.024678 0.024776 0.024876 0.024976 0.025078 0.025182 0.025286 0.025391 0.025498 0.025605 0.025713 0.025822 0.025932 0.026042 0.026153 0.026265 0.026377 0.026490 0.026604 0.026717 0.026832 0.026947 0.027062 0.027178 0.027294 0.027410 0.027527 0.027644 0.027762 0.027879
0.024298 0.023893 0.023714 0.023637 0.023616 0.023629 0.023662 0.023710 0.023768 0.023833 0.023904 0.023980 0.024060 0.024144 0.024231 0.024321 0.024413 0.024508 0.024605 0.024704 0.024805 0.024907 0.025011 0.025117 0.025224 0.025332 0.025441 0.025552 0.025663 0.025775 0.025889 0.026003 0.026118 0.026234 0.026350 0.026467 0.026585 0.026703 0.026822 0.026942 0.027062 0.027182 0.027303 0.027425 0.027547 0.027669 0.027791 0.027914 0.028037 0.028160
0.023160 0.023306 0.023418 0.023502 0.023573 0.023639 0.023706 0.023774 0.023847 0.023923 0.024003 0.024087 0.024174 0.024264 0.024357 0.024453 0.024551 0.024651 0.024753 0.024857 0.024963 0.025071 0.025180 0.025290 0.025402 0.025515 0.025629 0.025745 0.025861 0.025979 0.026097 0.026216 0.026336 0.026457 0.026578 0.026700 0.026823 0.026947 0.027071 0.027195 0.027321 0.027446 0.027572 0.027699 0.027826 0.027953 0.028081 0.028209 0.028337 0.028466
0.022297 0.022941 0.023255 0.023442 0.023575 0.023681 0.023776 0.023867 0.023955 0.024045 0.024136 0.024229 0.024325 0.024422 0.024522 0.024624 0.024728 0.024834 0.024942 0.025052 0.025163 0.025275 0.025389 0.025505 0.025621 0.025739 0.025858 0.025977 0.026098 0.026220 0.026343 0.026466 0.026591 0.026716 0.026842 0.026968 0.027096 0.027224 0.027352 0.027481 0.027611 0.027741 0.027872 0.028003 0.028135 0.028267 0.028399 0.028532 0.028665 0.028798
0.023810 0.023565 0.023581 0.023657 0.023747 0.023841 0.023936 0.024032 0.024128 0.024226 0.024325 0.024426 0.024529 0.024634 0.024740 0.024848 0.024958 0.025069 0.025182 0.025296 0.025411 0.025528 0.025646 0.025765 0.025886 0.026007 0.026130 0.026253 0.026378 0.026503 0.026630 0.026757 0.026885 0.027014 0.027144 0.027274 0.027405 0.027537 0.027669 0.027802 0.027936 0.028070 0.028205 0.028340 0.028475 0.028611 0.028747 0.028884 0.029021 0.029158
0.023848 0.023966 0.023948 0.023967 0.024021 0.024096 0.024182 0.024276 0.024375 0.024477 0.024581 0.024687 0.024796 0.024905 0.025016 0.025129 0.025243 0.025358 0.025475 0.025592 0.025711 0.025831 0.025952 0.026074 0.026198 0.026322 0.026447 0.026574 0.026701 0.026829 0.026959 0.027089 0.027220 0.027352 0.027485 0.027618 0.027752 0.027887 0.028023 0.028159 0.028296 0.028433 0.028571 0.028709 0.028848 0.028988 0.029127 0.029267 0.029408 0.029548
0.024683 0.024179 0.024163 0.024226 0.024304 0.024390 0.024484 0.024583 0.024686 0.024792 0.024901 0.025011 0.025123 0.025237 0.025351 0.025467 0.025583 0.025701 0.025820 0.025940 0.026060 0.026182 0.026305 0.026430 0.026555 0.026681 0.026809 0.026937 0.027067 0.027197 0.027329 0.027461 0.027594 0.027729 0.027864 0.028000 0.028137 0.028274 0.028412 0.028551 0.028691 0.028831 0.028972 0.029113 0.029254 0.029397 0.029539 0.029682 0.029825 0.029969
0.022532 0.023940 0.024321 0.024486 0.024605 0.024715 0.024825 0.024936 0.025049 0.025162 0.025276 0.025390 0.025505 0.025621 0.025737 0.025855 0.025972 0.026091 0.026211 0.026332 0.026454 0.026577 0.026701 0.026826 0.026953 0.027081 0.027210 0.027340 0.027471 0.027603 0.027737 0.027871 0.028006 0.028143 0.028280 0.028418 0.028557 0.028697 0.028838 0.028979 0.029121 0.029264 0.029407 0.029550 0.029694 0.029839 0.029984 0.030129 0.030275 0.030421
0.026757 0.025086 0.024808 0.024848 0.024960 0.025087 0.025214 0.025339 0.025461 0.025580 0.025698 0.025816 0.025932 0.026049 0.026165 0.026283 0.026401 0.026520 0.026640 0.026761 0.026884 0.027008 0.027133 0.027259 0.027387 0.027516 0.027646 0.027778 0.027911 0.028045 0.028181 0.028317 0.028455 0.028593 0.028733 0.028873 0.029014 0.029156 0.029299 0.029443 0.029587 0.029732 0.029877 0.030023 0.030169 0.030316 0.030463 0.030611 0.030758 0.030906
0.022494 0.024340 0.024912 0.025183 0.025370 0.025527 0.025669 0.025800 0.025925 0.026046 0.026163 0.026279 0.026395 0.026510 0.026626 0.026742 0.026860 0.026978 0.027099 0.027220 0.027344 0.027469 0.027595 0.027723 0.027853 0.027984 0.028116 0.028250 0.028385 0.028522 0.028660 0.028799 0.028939 0.029080 0.029222 0.029365 0.029509 0.029653 0.029799 0.029945 0.030091 0.030238 0.030386 0.030534 0.030682 0.030831 0.030980 0.031130 0.031279 0.031429
0.026074 0.025537 0.025620 0.025784 0.025941 0.026080 0.026208 0.026327 0.026441 0.026552 0.026662 0.026772 0.026883 0.026995 0.027109 0.027224 0.027341 0.027461 0.027582 0.027705 0.027830 0.027957 0.028086 0.028217 0.028350 0.028484 0.028620 0.028757 0.028895 0.029035 0.029176 0.029319 0.029462 0.029606 0.029752 0.029898 0.030044 0.030192 0.030340 0.030489 0.030638 0.030788 0.030938 0.031088 0.031239 0.031390 0.031541 0.031692 0.031843 0.031995
0.026222 0.026419 0.026490 0.026561 0.026639 0.026721 0.026807 0.026895 0.026986 0.027081 0.027180 0.027282 0.027388 0.027497 0.027609 0.027725 0.027843 0.027965 0.028089 0.028216 0.028345 0.028476 0.028610 0.028745 0.028883 0.029021 0.029162 0.029304 0.029447 0.029592 0.029737 0.029884 0.030031 0.030180 0.030329 0.030479 0.030629 0.030780 0.030931 0.031083 0.031235 0.031388 0.031540 0.031693 0.031846 0.031999 0.032152 0.032305 0.032459 0.032611
0.027185 0.027326 0.027328 0.027316 0.027322 0.027348 0.027392 0.027452 0.027524 0.027606 0.027697 0.027795 0.027900 0.028010 0.028126 0.028246 0.028369 0.028497 0.028627 0.028761 0.028896 0.029035 0.029175 0.029317 0.029461 0.029607 0.029754 0.029902 0.030051 0.030201 0.030353 0.030505 0.030657 0.030811 0.030964 0.031118 0.031273 0.031428 0.031583 0.031738 0.031894 0.032049 0.032205 0.032360 0.032515 0.032671 0.032826 0.032981 0.033135 0.033290
0.028656 0.028123 0.027941 0.027867 0.027845 0.027855 0.027892 0.027948 0.028021 0.028106 0.028203 0.028309 0.028422 0.028542 0.028667 0.028798 0.028932 0.029070 0.029210 0.029354 0.029500 0.029648 0.029798 0.029949 0.030102 0.030256 0.030411 0.030567 0.030723 0.030881 0.031039 0.031197 0.031355 0.031514 0.031673 0.031832 0.031991 0.032151 0.032310 0.032469 0.032627 0.032786 0.032944 0.033102 0.033260 0.033417 0.033574 0.033731 0.033887 0.034042
0.027782 0.028076 0.028114 0.028131 0.028165 0.028220 0.028293 0.028381 0.028481 0.028592 0.028712 0.028840 0.028973 0.029112 0.029256 0.029403 0.029553 0.029706 0.029862 0.030019 0.030178 0.030339 0.030500 0.030663 0.030826 0.030990 0.031155 0.031319 0.031484 0.031650 0.031815 0.031980 0.032145 0.032309 0.032474 0.032638 0.032802 0.032965 0.033128 0.033291 0.033453 0.033614 0.033775 0.033936 0.034095 0.034254 0.034413 0.034571 0.034728 0.034884
0.028358 0.028089 0.028150 0.028265 0.028393 0.028526 0.028665 0.028810 0.028959 0.029112 0.029269 0.029429 0.029593 0.029758 0.029926 0.030096 0.030267 0.030440 0.030613 0.030787 0.030961 0.031136 0.031311 0.031486 0.031661 0.031836 0.032010 0.032184 0.032358 0.032531 0.032704 0.032876 0.033047 0.033218 0.033387 0.033556 0.033725 0.033892 0.034059 0.034225 0.034390 0.034554 0.034717 0.034879 0.035040 0.035200 0.035360 0.035518 0.035676 0.035832
0.027043 0.027886 0.028230 0.028477 0.028702 0.028919 0.029130 0.029337 0.029540 0.029741 0.029941 0.030139 0.030336 0.030532 0.030727 0.030922 0.031116 0.031309 0.031502 0.031693 0.031884 0.032074 0.032262 0.032450 0.032637 0.032822 0.033006 0.033189 0.033371 0.033552 0.033732 0.033910 0.034087 0.034263 0.034437 0.034610 0.034782 0.034953 0.035123 0.035291 0.035458 0.035624 0.035788 0.035951 0.036113 0.036274 0.036433 0.036592 0.036749 0.036904
0.029072 0.028548 0.028691 0.028969 0.029262 0.029544 0.029813 0.030072 0.030323 0.030566 0.030804 0.031037 0.031266 0.031491 0.031713 0.031931 0.032147 0.032360 0.032571 0.032779 0.032985 0.033188 0.033389 0.033588 0.033785 0.033980 0.034173 0.034364 0.034553 0.034740 0.034925 0.035109 0.035290 0.035470 0.035648 0.035824 0.035999 0.036172 0.036343 0.036512 0.036680 0.036846 0.037011 0.037174 0.037335 0.037495 0.037653 0.037810 0.037965 0.038119
0.027456 0.028767 0.029402 0.029832 0.030188 0.030511 0.030816 0.031108 0.031391 0.031665 0.031932 0.032192 0.032446 0.032694 0.032937 0.033175 0.033409 0.033638 0.033863 0.034085 0.034302 0.034517 0.034728 0.034936 0.035141 0.035343 0.035542 0.035739 0.035933 0.036124 0.036313 0.036500 0.036684 0.036866 0.037045 0.037223 0.037398 0.037571 0.037742 0.037911 0.038078 0.038242 0.038405 0.038566 0.038725 0.038882 0.039038 0.039191 0.039343 0.039493
0.030441 0.030625 0.030928 0.031248 0.031569 0.031888 0.032201 0.032509 0.032809 0.033101 0.033386 0.033663 0.033932 0.034195 0.034452 0.034702 0.034947 0.035187 0.035421 0.035651 0.035876 0.036097 0.036314 0.036528 0.036737 0.036943 0.037146 0.037345 0.037541 0.037734 0.037924 0.038111 0.038295 0.038476 0.038655 0.038831 0.039004 0.039175 0.039343 0.039509 0.039672 0.039833 0.039992 0.040148 0.040303 0.040455 0.040605 0.040753 0.040899 0.041042
0.032850 0.032705 0.032827 0.033072 0.033370 0.033685 0.034003 0.034316 0.034623 0.034922 0.035213 0.035496 0.035771 0.036039 0.036300 0.036554 0.036803 0.037045 0.037283 0.037515 0.037742 0.037965 0.038183 0.038397 0.038606 0.038812 0.039014 0.039212 0.039406 0.039596 0.039784 0.039967 0.040148 0.040325 0.040499 0.040670 0.040839 0.041004 0.041166 0.041326 0.041482 0.041637 0.041788 0.041937 0.042084 0.042228 0.042369 0.042509 0.042646 0.042781
0.034234 0.034523 0.034880 0.035240 0.035590 0.035928 0.036253 0.036567 0.036870 0.037164 0.037449 0.037726 0.037996 0.038259 0.038515 0.038765 0.039009 0.039248 0.039482 0.039710 0.039933 0.040151 0.040365 0.040574 0.040778 0.040978 0.041174 0.041366 0.041554 0.041737 0.041917 0.042093 0.042266 0.042434 0.042600 0.042762 0.042920 0.043076 0.043228 0.043377 0.043523 0.043666 0.043807 0.043944 0.044079 0.044211 0.044341 0.044468 0.044593 0.044715
0.035790 0.036873 0.037511 0.037970 0.038348 0.038684 0.038995 0.039290 0.039574 0.039848 0.040116 0.040376 0.040631 0.040880 0.041124 0.041362 0.041595 0.041823 0.042046 0.042263 0.042476 0.042684 0.042886 0.043084 0.043278 0.043466 0.043650 0.043830 0.044005 0.044176 0.044342 0.044505 0.044664 0.044819 0.044970 0.045117 0.045261 0.045401 0.045538 0.045672 0.045802 0.045930 0.046054 0.046175 0.046294 0.046409 0.046523 0.046633 0.046741 0.046846
0.040665 0.040854 0.041139 0.041431 0.041709 0.041976 0.042234 0.042487 0.042736 0.042980 0.043221 0.043459 0.043692 0.043921 0.044146 0.044366 0.044582 0.044792 0.044997 0.045197 0.045392 0.045582 0.045767 0.045946 0.046121 0.046291 0.046456 0.046616 0.046771 0.046922 0.047069 0.047211 0.047349 0.047483 0.047613 0.047740 0.047862 0.047981 0.048097 0.048209 0.048318 0.048424 0.048526 0.048626 0.048723 0.048817 0.048908 0.048997 0.049083 0.049167
0.045432 0.045236 0.045264 0.045379 0.045537 0.045721 0.045921 0.046129 0.046342 0.046556 0.046769 0.046981 0.047190 0.047395 0.047596 0.047792 0.047982 0.048168 0.048348 0.048522 0.048691 0.048855 0.049013 0.049165 0.049312 0.049454 0.049591 0.049724 0.049851 0.049973 0.050092 0.050205 0.050315 0.050420 0.050522 0.050619 0.050713 0.050804 0.050891 0.050975 0.051056 0.051133 0.051208 0.051280 0.051349 0.051416 0.051480 0.051542 0.051602 0.051659
0.049021 0.049367 0.049451 0.049542 0.049672 0.049832 0.050009 0.050196 0.050387 0.050578 0.050768 0.050953 0.051134 0.051310 0.051479 0.051643 0.051800 0.051951 0.052096 0.052234 0.052366 0.052493 0.052613 0.052728 0.052837 0.052941 0.053040 0.053133 0.053222 0.053307 0.053387 0.053463 0.053535 0.053603 0.053667 0.053728 0.053786 0.053840 0.053892 0.053940 0.053986 0.054029 0.054069 0.054107 0.054143 0.054177 0.054208 0.054238 0.054266 0.054292
0.054349 0.053735 0.053776 0.053946 0.054142 0.054340 0.054533 0.054720 0.054898 0.055068 0.055229 0.055382 0.055525 0.055660 0.055787 0.055905 0.056015 0.056118 0.056214 0.056303 0.056385 0.056461 0.056531 0.056595 0.056654 0.056707 0.056756 0.056800 0.056840 0.056876 0.056908 0.056937 0.056962 0.056984 0.057002 0.057018 0.057031 0.057042 0.057050 0.057056 0.057060 0.057062 0.057062 0.057061 0.057058 0.057053 0.057047 0.057040 0.057031 0.057022
0.056220 0.057877 0.058505 0.058882 0.059167 0.059400 0.059596 0.059765 0.059912 0.060040 0.060153 0.060251 0.060337 0.060411 0.060475 0.060529 0.060574 0.060611 0.060640 0.060663 0.060679 0.060689 0.060694 0.060693 0.060689 0.060680 0.060667 0.060650 0.060630 0.060607 0.060582 0.060554 0.060523 0.060490 0.060455 0.060419 0.060381 0.060341 0.060300 0.060258 0.060214 0.060170 0.060125 0.060079 0.060033 0.059986 0.059938 0.059890 0.059842 0.059794
0.065419 0.064382 0.064506 0.064757 0.064968 0.065129 0.065251 0.065341 0.065407 0.065451 0.065478 0.065488 0.065486 0.065471 0.065446 0.065411 0.065369 0.065319 0.065263 0.065202 0.065136 0.065065 0.064991 0.064913 0.064833 0.064749 0.064664 0.064577 0.064488 0.064398 0.064306 0.064214 0.064121 0.064027 0.063933 0.063839 0.063744 0.063649 0.063555 0.063460 0.063366 0.063272 0.063179 0.063086 0.062994 0.062902 0.062811 0.062721 0.062631 0.062543
0.068358 0.070810 0.071331 0.071431 0.071437 0.071413 0.071372 0.071314 0.071239 0.071149 0.071046 0.070930 0.070805 0.070672 0.070531 0.070385 0.070234 0.070079 0.069921 0.069760 0.069598 0.069434 0.069270 0.069105 0.068939 0.068774 0.068609 0.068445 0.068281 0.068119 0.067957 0.067796 0.067637 0.067479 0.067323 0.067168 0.067015 0.066863 0.066714 0.066566 0.066420 0.066276 0.066134 0.065994 0.065856 0.065720 0.065586 0.065454 0.065324 0.065196
0.083304 0.080039 0.078941 0.078448 0.078136 0.077875 0.077625 0.077373 0.077116 0.076852 0.076584 0.076313 0.076039 0.075765 0.075489 0.075215 0.074941 0.074669 0.074399 0.074132 0.073866 0.073604 0.073345 0.073088 0.072835 0.072586 0.072339 0.072097 0.071858 0.071622 0.071390 0.071162 0.070938 0.070717 0.070500 0.070287 0.070077 0.069871 0.069669 0.069470 0.069275 0.069084 0.068896 0.068712 0.068531 0.068354 0.068181 0.068010 0.067843 0.067680
0.084677 0.085299 0.085185 0.084858 0.084451 0.084008 0.083550 0.083089 0.082629 0.082175 0.081729 0.081290 0.080860 0.080438 0.080025 0.079620 0.079224 0.078835 0.078455 0.078082 0.077717 0.077360 0.077010 0.076667 0.076331 0.076002 0.075680 0.075365 0.075056 0.074754 0.074458 0.074169 0.073885 0.073608 0.073337 0.073072 0.072813 0.072559 0.072311 0.072068 0.071831 0.071599 0.071372 0.071150 0.070934 0.070722 0.070515 0.070313 0.070116 0.069923
0.089969 0.091133 0.091122 0.090655 0.090021 0.089335 0.088644 0.087968 0.087312 0.086679 0.086068 0.085479 0.084909 0.084357 0.083823 0.083305 0.082802 0.082313 0.081837 0.081375 0.080925 0.080487 0.080061 0.079645 0.079240 0.078846 0.078461 0.078087 0.077722 0.077366 0.077019 0.076680 0.076351 0.076029 0.075716 0.075411 0.075113 0.074822 0.074540 0.074264 0.073995 0.073733 0.073478 0.073229 0.072986 0.072750 0.072520 0.072295 0.072077 0.071864
0.101043 0.098291 0.096625 0.095348 0.094253 0.093267 0.092358 0.091509 0.090708 0.089947 0.089222 0.088528 0.087861 0.087220 0.086601 0.086004 0.085426 0.084867 0.084326 0.083801 0.083292 0.082799 0.082320 0.081855 0.081404 0.080965 0.080540 0.080126 0.079724 0.079333 0.078954 0.078585 0.078226 0.077878 0.077539 0.077210 0.076889 0.076578 0.076276 0.075981 0.075696 0.075418 0.075147 0.074885 0.074629 0.074381 0.074140 0.073906 0.073678 0.073457
0.102953 0.100796 0.098950 0.097474 0.096248 0.095180 0.094214 0.093320 0.092479 0.091681 0.090918 0.090187 0.089484 0.088808 0.088155 0.087525 0.086916 0.086328 0.085759 0.085208 0.084675 0.084159 0.083659 0.083175 0.082706 0.082252 0.081811 0.081385 0.080971 0.080570 0.080181 0.079804 0.079438 0.079084 0.078740 0.078407 0.078084 0.077770 0.077467 0.077172 0.076886 0.076609 0.076340 0.076080 0.075827 0.075582 0.075344 0.075114 0.074891 0.074674
0.099957 0.098534 0.097524 0.096616 0.095745 0.094901 0.094083 0.093290 0.092521 0.091776 0.091054 0.090356 0.089679 0.089025 0.088391 0.087779 0.087186 0.086612 0.086058 0.085522 0.085003 0.084501 0.084016 0.083547 0.083093 0.082654 0.082229 0.081818 0.081421 0.081036 0.080665 0.080305 0.079957 0.079620 0.079294 0.078979 0.078675 0.078380 0.078094 0.077819 0.077552 0.077294 0.077044 0.076802 0.076569 0.076343 0.076125 0.075914 0.075710 0.075513
0.092552 0.093813 0.094084 0.093869 0.093421 0.092860 0.092246 0.091610 0.090968 0.090330 0.089701 0.089086 0.088485 0.087901 0.087333 0.086783 0.086250 0.085734 0.085235 0.084753 0.084287 0.083837 0.083401 0.082981 0.082576 0.082184 0.081806 0.081441 0.081089 0.080749 0.080421 0.080104 0.079798 0.079503 0.079219 0.078944 0.078679 0.078424 0.078178 0.077940 0.077711 0.077490 0.077277 0.077072 0.076874 0.076684 0.076500 0.076323 0.076153 0.075989
0.090429 0.091014 0.090864 0.090519 0.090092 0.089617 0.089115 0.088598 0.088076 0.087557 0.087043 0.086540 0.086048 0.085569 0.085105 0.084654 0.084218 0.083797 0.083389 0.082997 0.082618 0.082252 0.081900 0.081561 0.081234 0.080919 0.080616 0.080325 0.080044 0.079774 0.079514 0.079265 0.079025 0.078794 0.078572 0.078359 0.078154 0.077957 0.077768 0.077587 0.077413 0.077246 0.077086 0.076933 0.076786 0.076646 0.076511 0.076382 0.076259 0.076141
0.092242 0.088600 0.087203 0.086436 0.085871 0.085384 0.084933 0.084505 0.084093 0.083696 0.083311 0.082939 0.082581 0.082235 0.081901 0.081580 0.081271 0.080974 0.080688 0.080414 0.080151 0.079898 0.079656 0.079424 0.079201 0.078988 0.078785 0.078590 0.078403 0.078225 0.078054 0.077892 0.077736 0.077588 0.077447 0.077313 0.077185 0.077063 0.076947 0.076837 0.076733 0.076634 0.076541 0.076452 0.076369 0.076290 0.076216 0.076146 0.076081 0.076020
0.079175 0.081302 0.081339 0.080954 0.080530 0.080146 0.079806 0.079503 0.079229 0.078979 0.078748 0.078533 0.078332 0.078143 0.077965 0.077797 0.077638 0.077488 0.077347 0.077213 0.077087 0.076968 0.076856 0.076750 0.076651 0.076558 0.076471 0.076389 0.076313 0.076242 0.076176 0.076115 0.076059 0.076007 0.075960 0.075917 0.075878 0.075843 0.075811 0.075784 0.075759 0.075739 0.075722 0.075707 0.075696 0.075688 0.075683 0.075681 0.075681 0.075684
0.077494 0.075483 0.074796 0.074446 0.074211 0.074035 0.073901 0.073799 0.073722 0.073664 0.073622 0.073593 0.073575 0.073565 0.073562 0.073565 0.073574 0.073587 0.073604 0.073625 0.073650 0.073677 0.073707 0.073739 0.073774 0.073812 0.073851 0.073893 0.073936 0.073981 0.074029 0.074077 0.074128 0.074180 0.074234 0.074289 0.074346 0.074404 0.074463 0.074524 0.074586 0.074649 0.074713 0.074778 0.074845 0.074912 0.074980 0.075049 0.075119 0.075190
0.066983 0.066945 0.066995 0.067107 0.067244 0.067393 0.067549 0.067712 0.067880 0.068054 0.068232 0.068413 0.068597 0.068781 0.068966 0.069150 0.069334 0.069517 0.069699 0.069879 0.070058 0.070235 0.070410 0.070584 0.070756 0.070926 0.071094 0.071261 0.071426 0.071590 0.071752 0.071912 0.072072 0.072229 0.072385 0.072540 0.072694 0.072846 0.072998 0.073147 0.073296 0.073444 0.073590 0.073736 0.073880 0.074023 0.074166 0.074307 0.074447 0.074586
0.055860 0.057992 0.059012 0.059689 0.060240 0.060735 0.061199 0.061642 0.062071 0.062487 0.062894 0.063290 0.063679 0.064058 0.064430 0.064794 0.065150 0.065499 0.065841 0.066176 0.066505 0.066826 0.067142 0.067451 0.067755 0.068053 0.068345 0.068633 0.068915 0.069192 0.069464 0.069732 0.069995 0.070254 0.070509 0.070759 0.071006 0.071249 0.071488 0.071724 0.071956 0.072184 0.072410 0.072632 0.072851 0.073067 0.073280 0.073490 0.073697 0.073902
0.052180 0.051683 0.052269 0.053042 0.053819 0.054568 0.055285 0.055973 0.056635 0.057272 0.057888 0.058483 0.059059 0.059618 0.060162 0.060690 0.061204 0.061705 0.062193 0.062669 0.063133 0.063587 0.064030 0.064463 0.064887 0.065301 0.065707 0.066104 0.066493 0.066873 0.067246 0.067612 0.067970 0.068321 0.068666 0.069004 0.069336 0.069661 0.069981 0.070295 0.070603 0.070905 0.071203 0.071495 0.071782 0.072064 0.072341 0.072614 0.072882 0.073146
0.042886 0.045102 0.046281 0.047279 0.048241 0.049179 0.050088 0.050966 0.051811 0.052625 0.053410 0.054167 0.054899 0.055608 0.056294 0.056961 0.057608 0.058238 0.058850 0.059447 0.060028 0.060595 0.061148 0.061688 0.062215 0.062730 0.063234 0.063726 0.064207 0.064677 0.065137 0.065588 0.066029 0.066461 0.066883 0.067297 0.067703 0.068100 0.068490 0.068871 0.069245 0.069612 0.069972 0.070325 0.070671 0.071010 0.071343 0.071670 0.071991 0.072306
0.040803 0.040520 0.041379 0.042468 0.043580 0.044667 0.045717 0.046727 0.047699 0.048636 0.049540 0.050415 0.051261 0.052081 0.052876 0.053649 0.054400 0.055131 0.055842 0.056535 0.057211 0.057869 0.058511 0.059138 0.059750 0.060347 0.060931 0.061501 0.062058 0.062603 0.063135 0.063656 0.064165 0.064663 0.065151 0.065627 0.066094 0.066551 0.066998 0.067435 0.067864 0.068284 0.068695 0.069097 0.069491 0.069878 0.070256 0.070627 0.070991 0.071347
0.032672 0.035412 0.037145 0.038562 0.039835 0.041022 0.042148 0.043226 0.044266 0.045271 0.046246 0.047192 0.048112 0.049006 0.049877 0.050724 0.051550 0.052354 0.053139 0.053903 0.054649 0.055377 0.056088 0.056781 0.057459 0.058120 0.058766 0.059397 0.060013 0.060615 0.061204 0.061779 0.062342 0.062892 0.063430 0.063955 0.064469 0.064972 0.065464 0.065945 0.066416 0.066877 0.067327 0.067768 0.068200 0.068622 0.069035 0.069440 0.069836 0.070223
0.031608 0.033000 0.034443 0.035757 0.036973 0.038127 0.039240 0.040321 0.041375 0.042405 0.043411 0.044394 0.045355 0.046294 0.047211 0.048106 0.048981 0.049835 0.050669 0.051484 0.052279 0.053056 0.053815 0.054556 0.055280 0.055987 0.056678 0.057353 0.058013 0.058657 0.059286 0.059902 0.060503 0.061090 0.061665 0.062226 0.062774 0.063310 0.063834 0.064347 0.064847 0.065337 0.065816 0.066284 0.066741 0.067189 0.067626 0.068054 0.068472 0.068881
0.030824 0.031793 0.032680 0.033634 0.034645 0.035687 0.036741 0.037794 0.038839 0.039872 0.040890 0.041890 0.042871 0.043834 0.044776 0.045700 0.046603 0.047487 0.048351 0.049196 0.050022 0.050830 0.051620 0.052391 0.053145 0.053882 0.054601 0.055305 0.055992 0.056663 0.057319 0.057960 0.058586 0.059198 0.059795 0.060379 0.060950 0.061507 0.062051 0.062583 0.063102 0.063610 0.064105 0.064590 0.065063 0.065525 0.065977 0.066418 0.066849 0.067270
0.030311 0.030086 0.030576 0.031382 0.032334 0.033354 0.034400 0.035453 0.036501 0.037539 0.038563 0.039570 0.040561 0.041533 0.042486 0.043421 0.044336 0.045233 0.046111 0.046970 0.047810 0.048632 0.049436 0.050221 0.050990 0.051741 0.052475 0.053192 0.053892 0.054577 0.055246 0.055899 0.056537 0.057161 0.057770 0.058364 0.058945 0.059511 0.060065 0.060605 0.061133 0.061648 0.062151 0.062642 0.063121 0.063589 0.064046 0.064491 0.064926 0.065351
0.024947 0.026244 0.027518 0.028736 0.029908 0.031045 0.032154 0.033240 0.034304 0.035349 0.036374 0.037380 0.038368 0.039336 0.040285 0.041216 0.042128 0.043022 0.043897 0.044754 0.045593 0.046413 0.047216 0.048001 0.048769 0.049520 0.050254 0.050972 0.051673 0.052358 0.053027 0.053680 0.054319 0.054942 0.055551 0.056145 0.056725 0.057291 0.057844 0.058383 0.058910 0.059423 0.059924 0.060413 0.060890 0.061355 0.061809 0.062251 0.062682 0.063103
0.020068 0.022997 0.024953 0.026480 0.027797 0.029002 0.030138 0.031229 0.032287 0.033317 0.034324 0.035310 0.036276 0.037223 0.038151 0.039061 0.039953 0.040828 0.041684 0.042523 0.043345 0.044149 0.044937 0.045707 0.046461 0.047198 0.047919 0.048623 0.049312 0.049985 0.050643 0.051285 0.051913 0.052525 0.053123 0.053707 0.054277 0.054834 0.055376 0.055906 0.056422 0.056926 0.057418 0.057897 0.058363 0.058819 0.059262 0.059695 0.060116 0.060526
0.022103 0.022994 0.024101 0.025236 0.026346 0.027423 0.028470 0.029491 0.030489 0.031466 0.032424 0.033364 0.034286 0.035191 0.036079 0.036950 0.037805 0.038644 0.039466 0.040271 0.041061 0.041835 0.042593 0.043335 0.044061 0.044771 0.045467 0.046147 0.046812 0.047462 0.048097 0.048718 0.049324 0.049917 0.050495 0.051060 0.051611 0.052149 0.052673 0.053185 0.053684 0.054171 0.054646 0.055108 0.055559 0.055998 0.056426 0.056842 0.057248 0.057643
0.023216 0.023236 0.023734 0.024457 0.025289 0.026172 0.027074 0.027981 0.028884 0.029779 0.030662 0.031534 0.032392 0.033236 0.034067 0.034883 0.035685 0.036473 0.037246 0.038005 0.038749 0.039479 0.040195 0.040896 0.041584 0.042256 0.042915 0.043560 0.044191 0.044808 0.045411 0.046001 0.046578 0.047141 0.047691 0.048229 0.048753 0.049265 0.049765 0.050252 0.050728 0.051191 0.051643 0.052084 0.052513 0.052931 0.053338 0.053734 0.054120 0.054495
0.021494 0.022150 0.022765 0.023449 0.024193 0.024973 0.025773 0.026582 0.027393 0.028200 0.029001 0.029793 0.030576 0.031348 0.032109 0.032859 0.033596 0.034322 0.035036 0.035737 0.036425 0.037101 0.037765 0.038416 0.039054 0.039680 0.040293 0.040893 0.041482 0.042058 0.042621 0.043172 0.043712 0.044239 0.044754 0.045257 0.045749 0.046229 0.046698 0.047155 0.047602 0.048037 0.048461 0.048875 0.049278 0.049670 0.050053 0.050425 0.050787 0.051139
0.019444 0.020356 0.021296 0.022152 0.022952 0.023722 0.024475 0.025219 0.025954 0.026682 0.027403 0.028115 0.028819 0.029515 0.030201 0.030878 0.031544 0.032201 0.032847 0.033483 0.034109 0.034724 0.035328 0.035921 0.036504 0.037076 0.037637 0.038187 0.038726 0.039254 0.039772 0.040278 0.040774 0.041260 0.041735 0.042199 0.042653 0.043096 0.043529 0.043952 0.044365 0.044768 0.045161 0.045544 0.045917 0.046281 0.046636 0.046981 0.047317 0.047643
0.017041 0.018985 0.020116 0.021002 0.021788 0.022519 0.023219 0.023897 0.024561 0.025214 0.025856 0.026491 0.027117 0.027734 0.028344 0.028946 0.029539 0.030123 0.030699 0.031267 0.031826 0.032375 0.032916 0.033448 0.033970 0.034484 0.034988 0.035483 0.035969 0.036446 0.036913 0.037371 0.037820 0.038260 0.038690 0.039112 0.039524 0.039927 0.040321 0.040707 0.041083 0.041450 0.041809 0.042159 0.042501 0.042833 0.043158 0.043474 0.043781 0.044080
0.020144 0.019356 0.019670 0.020233 0.020845 0.021457 0.022061 0.022653 0.023235 0.023808 0.024372 0.024928 0.025477 0.026018 0.026552 0.027079 0.027599 0.028111 0.028616 0.029114 0.029605 0.030088 0.030564 0.031032 0.031493 0.031946 0.032392 0.032830 0.033260 0.033683 0.034097 0.034505 0.034904 0.035296 0.035680 0.036056 0.036424 0.036785 0.037138 0.037483 0.037821 0.038151 0.038474 0.038789 0.039096 0.039396 0.039689 0.039974 0.040252 0.040522
0.016656 0.018322 0.019009 0.019515 0.020003 0.020498 0.020998 0.021498 0.021995 0.022486 0.022972 0.023451 0.023924 0.024390 0.024850 0.025304 0.025752 0.026193 0.026628 0.027058 0.027481 0.027898 0.028309 0.028714 0.029112 0.029505 0.029891 0.030272 0.030646 0.031013 0.031375 0.031730 0.032079 0.032422 0.032758 0.033088 0.033411 0.033729 0.034039 0.034344 0.034642 0.034933 0.035219 0.035498 0.035770 0.036036 0.036296 0.036550 0.036797 0.037038
0.018933 0.018301 0.018443 0.018783 0.019181 0.019598 0.020021 0.020444 0.020864 0.021279 0.021688 0.022092 0.022491 0.022884 0.023272 0.023654 0.024031 0.024403 0.024770 0.025132 0.025489 0.025841 0.026188 0.026530 0.026868 0.027201 0.027529 0.027852 0.028170 0.028484 0.028792 0.029096 0.029394 0.029688 0.029976 0.030260 0.030538 0.030812 0.031080 0.031343 0.031601 0.031854 0.032101 0.032343 0.032581 0.032813 0.033039 0.033261 0.033477 0.033688
0.016323 0.017051 0.017564 0.018011 0.018421 0.018807 0.019176 0.019533 0.019881 0.020223 0.020559 0.020889 0.021214 0.021534 0.021850 0.022162 0.022470 0.022773 0.023073 0.023369 0.023662 0.023951 0.024236 0.024517 0.024795 0.025070 0.025341 0.025608 0.025872 0.026132 0.026388 0.026641 0.026890 0.027135 0.027377 0.027615 0.027848 0.028078 0.028304 0.028527 0.028745 0.028959 0.029169 0.029375 0.029576 0.029774 0.029967 0.030157 0.030342 0.030523
0.015413 0.016474 0.017125 0.017576 0.017936 0.018252 0.018544 0.018823 0.019093 0.019357 0.019616 0.019870 0.020121 0.020369 0.020613 0.020855 0.021094 0.021331 0.021566 0.021797 0.022027 0.022254 0.022479 0.022702 0.022922 0.023140 0.023356 0.023569 0.023780 0.023988 0.024194 0.024398 0.024599 0.024797 0.024993 0.025186 0.025376 0.025564 0.025748 0.025930 0.026109 0.026285 0.026458 0.026628 0.026795 0.026959 0.027119 0.027277 0.027431 0.027582
0.017418 0.017446 0.017511 0.017639 0.017800 0.017975 0.018155 0.018335 0.018515 0.018694 0.018872 0.019049 0.019225 0.019400 0.019574 0.019747 0.019919 0.020091 0.020261 0.020431 0.020600 0.020767 0.020934 0.021100 0.021265 0.021429 0.021591 0.021753 0.021913 0.022072 0.022229 0.022386 0.022540 0.022693 0.022845 0.022995 0.023143 0.023290 0.023435 0.023578 0.023719 0.023858 0.023995 0.024129 0.024262 0.024393 0.024521 0.024647 0.024771 0.024892
0.019367 0.018213 0.017877 0.017798 0.017814 0.017869 0.017943 0.018028 0.018119 0.018215 0.018313 0.018414 0.018517 0.018621 0.018727 0.018834 0.018942 0.019051 0.019161 0.019271 0.019382 0.019494 0.019605 0.019717 0.019830 0.019942 0.020054 0.020167 0.020279 0.020391 0.020502 0.020613 0.020724 0.020834 0.020944 0.021053 0.021161 0.021269 0.021375 0.021480 0.021585 0.021688 0.021791 0.021892 0.021991 0.022090 0.022187 0.022282 0.022376 0.022469
0.016279 0.017423 0.017734 0.017810 0.017824 0.017826 0.017830 0.017839 0.017855 0.017877 0.017904 0.017935 0.017971 0.018010 0.018053 0.018099 0.018147 0.018198 0.018252 0.018307 0.018364 0.018423 0.018484 0.018546 0.018609 0.018674 0.018739 0.018806 0.018873 0.018941 0.019009 0.019079 0.019148 0.019218 0.019288 0.019358 0.019429 0.019499 0.019569 0.019639 0.019709 0.019779 0.019848 0.019917 0.019985 0.020053 0.020120 0.020186 0.020252 0.020316
0.018143 0.018032 0.017989 0.017943 0.017887 0.017829 0.017772 0.017720 0.017674 0.017634 0.017600 0.017572 0.017550 0.017533 0.017520 0.017512 0.017507 0.017507 0.017509 0.017515 0.017524 0.017536 0.017550 0.017567 0.017586 0.017607 0.017630 0.017654 0.017680 0.017708 0.017737 0.017768 0.017799 0.017832 0.017865 0.017900 0.017935 0.017971 0.018008 0.018045 0.018082 0.018120 0.018158 0.018197 0.018235 0.018274 0.018313 0.018351 0.018390 0.018428
0.019755 0.018713 0.018325 0.018119 0.017970 0.017844 0.017731 0.017627 0.017530 0.017441 0.017359 0.017283 0.017213 0.017149 0.017090 0.017037 0.016988 0.016943 0.016903 0.016866 0.016833 0.016804 0.016778 0.016755 0.016734 0.016717 0.016702 0.016689 0.016679 0.016670 0.016664 0.016660 0.016657 0.016656 0.016656 0.016658 0.016662 0.016666 0.016672 0.016679 0.016687 0.016695 0.016705 0.016715 0.016726 0.016738 0.016750 0.016763 0.016777 0.016790
0.017333 0.018258 0.018288 0.018139 0.017969 0.017808 0.017657 0.017516 0.017383 0.017258 0.017140 0.017028 0.016922 0.016822 0.016727 0.016637 0.016553 0.016473 0.016397 0.016326 0.016259 0.016195 0.016135 0.016078 0.016025 0.015974 0.015927 0.015882 0.015840 0.015800 0.015763 0.015728 0.015695 0.015664 0.015635 0.015608 0.015583 0.015560 0.015538 0.015518 0.015499 0.015481 0.015465 0.015450 0.015437 0.015424 0.015412 0.015402 0.015392 0.015383
0.020146 0.018765 0.018295 0.018047 0.017855 0.017680 0.017514 0.017354 0.017200 0.017052 0.016910 0.016774 0.016643 0.016517 0.016397 0.016281 0.016170 0.016064 0.015961 0.015863 0.015768 0.015678 0.015590 0.015506 0.015426 0.015348 0.015274 0.015202 0.015133 0.015067 0.015004 0.014943 0.014884 0.014828 0.014774 0.014722 0.014672 0.014625 0.014579 0.014535 0.014493 0.014452 0.014414 0.014376 0.014340 0.014306 0.014273 0.014241 0.014211 0.014182
0.017313 0.017815 0.017863 0.017769 0.017624 0.017461 0.017293 0.017126 0.016963 0.016804 0.016649 0.016499 0.016354 0.016213 0.016076 0.015944 0.015814 0.015689 0.015567 0.015449 0.015334 0.015223 0.015115 0.015010 0.014908 0.014809 0.014713 0.014620 0.014530 0.014442 0.014357 0.014275 0.014195 0.014118 0.014043 0.013971 0.013900 0.013832 0.013766 0.013702 0.013640 0.013580 0.013522 0.013466 0.013411 0.013358 0.013307 0.013257 0.013208 0.013161
0.017202 0.017664 0.017661 0.017525 0.017354 0.017178 0.017005 0.016836 0.016671 0.016510 0.016352 0.016197 0.016046 0.015897 0.015751 0.015608 0.015468 0.015330 0.015195 0.015063 0.014934 0.014808 0.014684 0.014564 0.014446 0.014331 0.014219 0.014109 0.014003 0.013899 0.013797 0.013698 0.013602 0.013508 0.013416 0.013327 0.013241 0.013156 0.013074 0.012993 0.012915 0.012839 0.012765 0.012693 0.012622 0.012554 0.012487 0.012422 0.012358 0.012296
0.019840 0.018239 0.017594 0.017254 0.017021 0.016831 0.016660 0.016497 0.016338 0.016181 0.016026 0.015872 0.015719 0.015567 0.015416 0.015267 0.015120 0.014975 0.014831 0.014690 0.014551 0.014415 0.014281 0.014150 0.014021 0.013894 0.013771 0.013649 0.013531 0.013414 0.013301 0.013189 0.013081 0.012974 0.012870 0.012769 0.012669 0.012572 0.012477 0.012384 0.012294 0.012205 0.012118 0.012033 0.011951 0.011870 0.011790 0.011713 0.011637 0.011563
0.016490 0.016890 0.016836 0.016705 0.016565 0.016425 0.016282 0.016137 0.015990 0.015840 0.015688 0.015535 0.015381 0.015226 0.015073 0.014920 0.014768 0.014617 0.014468 0.014321 0.014176 0.014033 0.013892 0.013754 0.013618 0.013484 0.013353 0.013224 0.013097 0.012973 0.012851 0.012732 0.012614 0.012499 0.012387 0.012276 0.012168 0.012062 0.011958 0.011856 0.011756 0.011658 0.011562 0.011468 0.011375 0.011285 0.011196 0.011109 0.011024 0.010941
0.015981 0.016075 0.016193 0.016211 0.016157 0.016060 0.015940 0.015804 0.015659 0.015508 0.015353 0.015196 0.015038 0.014880 0.014722 0.014564 0.014408 0.014254 0.014102 0.013951 0.013802 0.013656 0.013512 0.013369 0.013230 0.013092 0.012957 0.012824 0.012693 0.012564 0.012438 0.012313 0.012191 0.012071 0.011953 0.011837 0.011723 0.011611 0.011501 0.011393 0.011287 0.011183 0.011081 0.010980 0.010881 0.010784 0.010689 0.010595 0.010503 0.010412
0.015614 0.016057 0.016116 0.016059 0.015954 0.015824 0.015677 0.015520 0.015357 0.015191 0.015023 0.014856 0.014689 0.014524 0.014361 0.014200 0.014041 0.013884 0.013730 0.013578 0.013429 0.013282 0.013137 0.012994 0.012853 0.012715 0.012579 0.012445 0.012313 0.012183 0.012055 0.011929 0.011805 0.011682 0.011562 0.011444 0.011327 0.011212 0.011099 0.010988 0.010878 0.010770 0.010664 0.010559 0.010456 0.010355 0.010255 0.010157 0.010060 0.009965
0.017768 0.016862 0.016404 0.016108 0.015870 0.015654 0.015447 0.015247 0.015052 0.014862 0.014678 0.014498 0.014323 0.014153 0.013986 0.013824 0.013665 0.013509 0.013356 0.013206 0.013059 0.012914 0.012771 0.012631 0.012493 0.012356 0.012222 0.012090 0.011959 0.011830 0.011703 0.011578 0.011454 0.011332 0.011212 0.011093 0.010976 0.010861 0.010746 0.010634 0.010523 0.010413 0.010305 0.010199 0.010094 0.009990 0.009887 0.009787 0.009687 0.009589
0.017147 0.016617 0.016269 0.015956 0.015663 0.015390 0.015137 0.014903 0.014685 0.014481 0.014288 0.014104 0.013929 0.013760 0.013597 0.013439 0.013285 0.013135 0.012988 0.012844 0.012702 0.012562 0.012425 0.012289 0.012156 0.012024 0.011894 0.011765 0.011638 0.011512 0.011388 0.011265 0.011144 0.011024 0.010905 0.010788 0.010672 0.010557 0.010444 0.010331 0.010220 0.010111 0.010002 0.009895 0.009789 0.009685 0.009581 0.009479 0.009378 0.009279
0.015064 0.015881 0.015793 0.015505 0.015196 0.014911 0.014654 0.014424 0.014214 0.014022 0.013842 0.013673 0.013511 0.013356 0.013206 0.013060 0.012918 0.012778 0.012641 0.012506 0.012373 0.012242 0.012112 0.011983 0.011856 0.011730 0.011606 0.011482 0.011359 0.011238 0.011118 0.010998 0.010880 0.010763 0.010647 0.010532 0.010418 0.010305 0.010193 0.010082 0.009972 0.009863 0.009756 0.009649 0.009543 0.009439 0.009335 0.009233 0.009131 0.009031
0.018072 0.016015 0.015181 0.014732 0.014429 0.014194 0.013998 0.013824 0.013665 0.013517 0.013375 0.013238 0.013104 0.012973 0.012845 0.012717 0.012591 0.012466 0.012341 0.012218 0.012095 0.011973 0.011851 0.011730 0.011610 0.011490 0.011371 0.011253 0.011135 0.011018 0.010902 0.010787 0.010672 0.010558 0.010444 0.010332 0.010220 0.010109 0.009999 0.009890 0.009781 0.009674 0.009567 0.009461 0.009356 0.009252 0.009149 0.009047 0.008946 0.008845
0.013232 0.013603 0.013577 0.013508 0.013441 0.013376 0.013307 0.013232 0.013150 0.013062 0.012969 0.012872 0.012771 0.012667 0.012560 0.012452 0.012342 0.012230 0.012118 0.012005 0.011891 0.011777 0.011663 0.011549 0.011434 0.011320 0.011206 0.011092 0.010978 0.010865 0.010752 0.010639 0.010527 0.010415 0.010304 0.010194 0.010084 0.009975 0.009866 0.009758 0.009651 0.009545 0.009439 0.009334 0.009230 0.009126 0.009024 0.008922 0.008821 0.008721
0.011056 0.011732 0.012219 0.012524 0.012705 0.012805 0.012848 0.012854 0.012831 0.012788 0.012730 0.012660 0.012581 0.012495 0.012403 0.012306 0.012206 0.012103 0.011998 0.011892 0.011783 0.011674 0.011564 0.011453 0.011342 0.011231 0.011120 0.011008 0.010897 0.010785 0.010674 0.010563 0.010453 0.010342 0.010233 0.010123 0.010015 0.009906 0.009799 0.009692 0.009585 0.009479 0.009374 0.009270 0.009166 0.009063 0.008961 0.008859 0.008759 0.008659
