0.036175 0.035877 0.035835 0.035885 0.035976 0.036096 0.036239 0.036404 0.036592 0.036803 0.037037 0.037295 0.037580 0.037891 0.038232 0.038605 0.039013 0.039460 0.039951 0.040494 0.041095 0.041765 0.042519 0.043373 0.044353 0.045491 0.046838 0.048463 0.050475 0.053045 0.056446 0.061132 0.067851 0.077807 0.092782 0.114989 0.146473 0.188355 0.240722 0.303431 0.377375 0.465598 0.573395 0.705545 0.861050 1.032773 1.213128 1.397265 1.582679 1.768215
0.034680 0.035418 0.035691 0.035855 0.036003 0.036161 0.036337 0.036533 0.036750 0.036989 0.037251 0.037537 0.037848 0.038186 0.038554 0.038955 0.039393 0.039872 0.040398 0.040980 0.041626 0.042350 0.043168 0.044102 0.045184 0.046458 0.047989 0.049874 0.052267 0.055410 0.059690 0.065730 0.074495 0.087391 0.106223 0.132882 0.168807 0.214650 0.270569 0.337104 0.416220 0.511879 0.628883 0.769024 0.928301 1.099827 1.277926 1.459137 1.641605 1.824455
0.036087 0.035729 0.035786 0.035943 0.036136 0.036352 0.036587 0.036841 0.037114 0.037407 0.037721 0.038057 0.038419 0.038808 0.039228 0.039683 0.040179 0.040722 0.041320 0.041983 0.042724 0.043562 0.044520 0.045632 0.046945 0.048531 0.050498 0.053014 0.056343 0.060904 0.067340 0.076606 0.089997 0.109055 0.135295 0.169859 0.213388 0.266293 0.329398 0.404700 0.495761 0.606698 0.739071 0.889582 1.052413 1.222619 1.396988 1.573620 1.751476 1.930172
0.035079 0.035608 0.035902 0.036178 0.036470 0.036776 0.037095 0.037427 0.037773 0.038136 0.038517 0.038921 0.039350 0.039809 0.040303 0.040837 0.041419 0.042059 0.042767 0.043560 0.044457 0.045486 0.046686 0.048114 0.049854 0.052035 0.054858 0.058638 0.063866 0.071274 0.081888 0.097001 0.118001 0.146084 0.182039 0.226294 0.279322 0.342238 0.417372 0.508331 0.618658 0.748916 0.895358 1.052617 1.216487 1.384347 1.554670 1.726615 1.899873 2.074856
0.035830 0.036021 0.036386 0.036790 0.037196 0.037598 0.038001 0.038410 0.038830 0.039264 0.039718 0.040196 0.040703 0.041246 0.041831 0.042466 0.043164 0.043937 0.044803 0.045787 0.046921 0.048252 0.049849 0.051814 0.054305 0.057568 0.061990 0.068154 0.076906 0.089363 0.106815 0.130497 0.161322 0.199790 0.246197 0.301116 0.365970 0.443448 0.537199 0.650020 0.781194 0.926389 1.080671 1.240479 1.403658 1.568996 1.735876 1.904168 2.074449 2.248861
0.036485 0.036974 0.037539 0.038043 0.038509 0.038962 0.039415 0.039877 0.040354 0.040851 0.041373 0.041926 0.042517 0.043154 0.043847 0.044608 0.045455 0.046407 0.047493 0.048752 0.050241 0.052042 0.054280 0.057148 0.060945 0.066136 0.073410 0.083725 0.098266 0.118282 0.144825 0.178548 0.219753 0.268712 0.326187 0.393957 0.475041 0.572980 0.689612 0.822948 0.968301 1.121217 1.278687 1.438927 1.600945 1.764272 1.928910 2.095604 2.266790 2.448193
0.037502 0.039003 0.039577 0.039998 0.040418 0.040861 0.041330 0.041822 0.042342 0.042891 0.043477 0.044106 0.044787 0.045532 0.046354 0.047272 0.048310 0.049502 0.050893 0.052550 0.054570 0.057102 0.060375 0.064745 0.070755 0.079195 0.091114 0.107729 0.130206 0.159408 0.195775 0.239494 0.290892 0.350966 0.421838 0.506777 0.609057 0.729501 0.865139 1.011200 1.163670 1.319952 1.478525 1.638559 1.799688 1.961997 2.126357 2.295465 2.475425 2.673424
0.044149 0.042276 0.042052 0.042294 0.042687 0.043140 0.043631 0.044155 0.044716 0.045318 0.045971 0.046682 0.047466 0.048338 0.049317 0.050433 0.051722 0.053236 0.055051 0.057280 0.060093 0.063753 0.068667 0.075448 0.084968 0.098339 0.116777 0.141353 0.172763 0.211298 0.257093 0.310564 0.372926 0.446582 0.534942 0.640926 0.764492 0.902051 1.048908 1.201390 1.357179 1.514931 1.673915 1.833831 1.994819 2.157826 2.325729 2.504907 2.702259 2.916386
0.041112 0.043053 0.043985 0.044613 0.045148 0.045667 0.046199 0.046762 0.047369 0.048031 0.048760 0.049568 0.050475 0.051502 0.052678 0.054045 0.055660 0.057607 0.060009 0.063054 0.067032 0.072389 0.079789 0.090162 0.104659 0.124482 0.150620 0.183651 0.223773 0.271104 0.326140 0.390257 0.466048 0.556977 0.665645 0.791408 0.930354 1.077895 1.230586 1.386278 1.543729 1.702267 1.861628 2.021974 2.184274 2.351467 2.530061 2.726829 2.940074 3.163180
0.044899 0.046141 0.046855 0.047397 0.047897 0.048405 0.048949 0.049544 0.050201 0.050933 0.051754 0.052681 0.053737 0.054954 0.056374 0.058059 0.060096 0.062615 0.065815 0.070001 0.075640 0.083427 0.094322 0.109498 0.130151 0.157224 0.191232 0.232324 0.280606 0.336618 0.401821 0.478899 0.571328 0.681522 0.808537 0.948328 1.096377 1.249347 1.405165 1.562634 1.721107 1.880330 2.040463 2.202440 2.369123 2.546979 2.742891 2.955315 3.177621 3.405976
0.051920 0.050476 0.050246 0.050419 0.050769 0.051230 0.051781 0.052416 0.053139 0.053961 0.054897 0.055968 0.057206 0.058653 0.060372 0.062451 0.065022 0.068285 0.072547 0.078278 0.086178 0.097216 0.112576 0.133462 0.160820 0.195152 0.236592 0.285232 0.341604 0.407166 0.484604 0.577397 0.687948 0.815300 0.955408 1.103756 1.257002 1.413068 1.570753 1.729404 1.888756 2.048941 2.210811 2.377018 2.553805 2.748359 2.959774 3.181429 3.409071 3.643959
0.051686 0.052475 0.052737 0.053040 0.053459 0.053988 0.054616 0.055340 0.056167 0.057110 0.058188 0.059433 0.060885 0.062605 0.064681 0.067240 0.070476 0.074686 0.080326 0.088077 0.098891 0.113955 0.134498 0.161511 0.195537 0.236725 0.285146 0.341274 0.406486 0.483388 0.575447 0.685228 0.812019 0.951899 1.100293 1.253752 1.410117 1.568131 1.727108 1.886755 2.047158 2.209047 2.374764 2.550118 2.742687 2.952693 3.173642 3.400729 3.634167 3.881708
0.054312 0.054272 0.054768 0.055376 0.056035 0.056749 0.057529 0.058392 0.059356 0.060445 0.061689 0.063130 0.064826 0.066861 0.069356 0.072491 0.076546 0.081945 0.089332 0.099621 0.113983 0.133679 0.159778 0.192914 0.233285 0.280946 0.336279 0.400511 0.476086 0.566435 0.674389 0.799723 0.938779 1.086899 1.240437 1.397074 1.555457 1.714837 1.874872 2.035587 2.197573 2.362799 2.536446 2.726372 2.934381 3.154386 3.380942 3.613133 3.857364 4.117295
0.054225 0.055962 0.057105 0.058051 0.058934 0.059817 0.060741 0.061738 0.062837 0.064073 0.065489 0.067141 0.069107 0.071499 0.074483 0.078310 0.083369 0.090248 0.099802 0.113166 0.131622 0.156336 0.188070 0.227115 0.273526 0.327584 0.390318 0.463939 0.551776 0.656962 0.779940 0.917504 1.064943 1.218340 1.375148 1.533865 1.693652 1.854101 2.015166 2.177293 2.342063 2.513878 2.700572 2.905843 3.124482 3.350400 3.581528 3.822403 4.079975 4.343917
0.059098 0.059947 0.060801 0.061658 0.062535 0.063453 0.064437 0.065513 0.066714 0.068081 0.069665 0.071538 0.073800 0.076600 0.080162 0.084828 0.091127 0.099838 0.112032 0.128993 0.151974 0.181892 0.219174 0.263913 0.316296 0.377134 0.448350 0.533087 0.634724 0.754479 0.889816 1.036066 1.189011 1.345804 1.504746 1.664875 1.825703 1.987101 2.149376 2.313744 2.483765 2.666815 2.868503 3.085161 3.310189 3.540366 3.778182 4.032138 4.295762 4.560650
0.064941 0.064923 0.065353 0.065990 0.066752 0.067621 0.068603 0.069719 0.071000 0.072489 0.074246 0.076361 0.078962 0.082244 0.086508 0.092213 0.100058 0.111029 0.126377 0.147420 0.175229 0.210402 0.253119 0.303503 0.362155 0.430680 0.511946 0.609456 0.725203 0.857531 1.001995 1.154083 1.310592 1.469575 1.629917 1.791026 1.952687 2.115078 2.279092 2.447478 2.626728 2.823983 3.037847 3.261567 3.490783 3.726050 3.975266 4.237817 4.502900 4.767997
0.068819 0.069327 0.069878 0.070498 0.071226 0.072083 0.073087 0.074263 0.075643 0.077277 0.079241 0.081645 0.084657 0.088535 0.093678 0.100697 0.110484 0.124223 0.143256 0.168791 0.201614 0.242034 0.290164 0.346423 0.412094 0.489705 0.582727 0.693819 0.822353 0.964354 1.115091 1.270971 1.429745 1.590108 1.751350 1.913160 2.075591 2.239273 2.406236 2.581815 2.773918 2.983994 3.205799 3.433887 3.667101 3.911155 4.171198 4.436203 4.701587 4.966601
0.072218 0.073550 0.074267 0.074954 0.075750 0.076691 0.077798 0.079098 0.080633 0.082467 0.084696 0.087466 0.090997 0.095635 0.101908 0.110609 0.122830 0.139895 0.163109 0.193440 0.231364 0.277039 0.330750 0.393482 0.467384 0.555747 0.661704 0.785705 0.924508 1.073323 1.228158 1.386414 1.546561 1.707745 1.869548 2.031912 2.195246 2.360995 2.533258 2.719786 2.924960 3.144024 3.370642 3.602124 3.841505 4.097037 4.361424 4.626926 4.892197 5.156949
0.079832 0.078511 0.078746 0.079484 0.080445 0.081566 0.082851 0.084336 0.086080 0.088169 0.090734 0.093966 0.098164 0.103785 0.111522 0.122365 0.137579 0.158515 0.186299 0.221593 0.264648 0.315681 0.375418 0.445624 0.529292 0.629800 0.748604 0.883442 1.029692 1.183004 1.340388 1.500045 1.660951 1.822572 1.984737 2.147674 2.312376 2.481810 2.662753 2.861923 3.077182 3.301787 3.531619 3.767303 4.016595 4.279246 4.544604 4.809996 5.074940 5.339297
0.078812 0.081537 0.083131 0.084439 0.085708 0.087041 0.088510 0.090185 0.092155 0.094537 0.097505 0.101315 0.106365 0.113255 0.122869 0.136380 0.155136 0.180379 0.212955 0.253253 0.301479 0.358161 0.424697 0.503703 0.598579 0.711616 0.841702 0.984673 1.135923 1.292043 1.450914 1.611312 1.772567 1.934394 2.096869 2.260640 2.427752 2.603537 2.795837 3.005994 3.227797 3.455814 3.688679 3.931381 4.190173 4.454941 4.720284 4.985303 5.249780 5.513639
0.086820 0.088120 0.089459 0.090725 0.092005 0.093382 0.094935 0.096749 0.098931 0.101633 0.105078 0.109607 0.115739 0.124246 0.136195 0.152886 0.175625 0.205423 0.242837 0.288119 0.341660 0.404528 0.478924 0.568076 0.674867 0.799404 0.938304 1.086883 1.241307 1.399084 1.558743 1.719456 1.880817 2.042765 2.205685 2.370927 2.542316 2.727386 2.931000 3.148909 3.374688 3.605237 3.842493 4.094739 4.357993 4.623058 4.888030 5.152533 5.416452 5.679739
0.096337 0.096640 0.097196 0.098016 0.099068 0.100357 0.101924 0.103848 0.106252 0.109324 0.113351 0.118777 0.126265 0.136765 0.151491 0.171768 0.198739 0.233138 0.275320 0.325599 0.384766 0.454591 0.537984 0.638139 0.756326 0.890266 1.035468 1.187711 1.344071 1.502769 1.662784 1.823572 1.984944 2.147078 2.310824 2.478723 2.656914 2.852655 3.065215 3.288020 3.516357 3.749687 3.993997 4.253646 4.518043 4.782834 5.047279 5.311189 5.574493 5.837160
0.103851 0.103944 0.104361 0.105075 0.106067 0.107354 0.108992 0.111078 0.113769 0.117306 0.122057 0.128588 0.137722 0.150565 0.168411 0.192499 0.223743 0.262642 0.309501 0.364888 0.430161 0.507800 0.601030 0.712091 0.840064 0.981037 1.130520 1.285099 1.442614 1.601796 1.761935 1.922708 2.084123 2.246673 2.411950 2.584293 2.771402 2.976835 3.195507 3.421343 3.651767 3.889258 4.141955 4.404771 4.669192 4.933502 5.197352 5.460632 5.723296 5.985320
0.109840 0.109869 0.110500 0.111381 0.112494 0.113902 0.115704 0.118037 0.121107 0.125221 0.130850 0.138693 0.149726 0.165174 0.186324 0.214257 0.249655 0.292886 0.344367 0.405078 0.477007 0.563148 0.666389 0.787277 0.922956 1.068931 1.221280 1.377360 1.535575 1.695010 1.855186 2.015960 2.177565 2.340942 2.508834 2.687611 2.884127 3.096959 3.319543 3.547430 3.780250 4.023945 4.282779 4.546429 4.810508 5.074260 5.337493 5.600135 5.862155 6.123535
0.112138 0.114620 0.115895 0.116986 0.118229 0.119789 0.121803 0.124447 0.127974 0.132767 0.139404 0.148720 0.161827 0.180007 0.204476 0.236128 0.275468 0.322856 0.378957 0.445249 0.524288 0.619197 0.731848 0.860906 1.002349 1.151834 1.306132 1.463213 1.621882 1.781474 1.941690 2.102560 2.264593 2.429391 2.601266 2.787822 2.992576 3.210521 3.435619 3.665217 3.901410 4.152157 4.413850 4.677505 4.941116 5.204291 5.466911 5.728927 5.990314 6.251058
0.122002 0.120890 0.121096 0.121916 0.123174 0.124880 0.127137 0.130136 0.134176 0.139719 0.147451 0.158335 0.173585 0.194492 0.222158 0.257305 0.300342 0.351726 0.412462 0.484537 0.570891 0.674295 0.795183 0.930679 1.076348 1.228322 1.383993 1.541780 1.700775 1.860500 2.020805 2.181906 2.344674 2.511637 2.688793 2.883228 3.094323 3.315658 3.542485 3.773906 4.014750 4.271067 4.533708 4.797076 5.060177 5.322779 5.584802 5.846209 6.106981 6.367109
0.123696 0.123747 0.124465 0.125589 0.127093 0.129050 0.131610 0.135004 0.139594 0.145924 0.154789 0.167268 0.184640 0.208168 0.238829 0.277207 0.323694 0.378923 0.444280 0.522198 0.615738 0.726895 0.854611 0.995030 1.143788 1.297557 1.454221 1.612527 1.771773 1.931627 2.092079 2.253550 2.417393 2.587298 2.770487 2.971829 3.187446 3.411014 3.639184 3.872828 4.119024 4.378533 4.641327 4.904294 5.166874 5.428914 5.690356 5.951172 6.211347 6.470874
0.121502 0.124770 0.126658 0.128306 0.130130 0.132367 0.135238 0.139035 0.144179 0.151302 0.161300 0.175348 0.194766 0.220760 0.254184 0.295529 0.345225 0.404135 0.474020 0.557647 0.657910 0.775782 0.908936 1.053046 1.204051 1.359111 1.516484 1.675156 1.834581 1.994547 2.155179 2.317138 2.482372 2.655824 2.845005 3.051793 3.270491 3.495546 3.724895 3.961245 4.212272 4.473210 4.735824 4.998335 5.260387 5.521871 5.782742 6.042979 6.302569 6.561508
0.128871 0.128410 0.129286 0.130706 0.132570 0.134973 0.138107 0.142280 0.147967 0.155871 0.166984 0.182557 0.203921 0.232208 0.268158 0.312204 0.364861 0.427239 0.501443 0.590426 0.696676 0.820090 0.957418 1.104219 1.256808 1.412749 1.570577 1.729460 1.888969 2.048995 2.209795 2.372304 2.539150 2.716380 2.910824 3.121585 3.342301 3.568343 3.798800 4.038132 4.292650 4.554060 4.816330 5.078346 5.339859 5.600784 5.861086 6.120746 6.379757 6.638112
0.128544 0.129746 0.130850 0.132340 0.134323 0.136915 0.140319 0.144871 0.151097 0.159777 0.171986 0.189031 0.212228 0.242619 0.280838 0.327296 0.382620 0.448167 0.526324 0.620083 0.731375 0.859124 0.999498 1.148152 1.301763 1.458213 1.616247 1.775164 1.934630 2.094621 2.255524 2.418563 2.587059 2.767831 2.966422 3.179874 3.401824 3.628484 3.859955 4.102102 4.358699 4.620090 4.881916 5.143402 5.404356 5.664710 5.924435 6.183516 6.441944 6.699715
0.129473 0.129994 0.131417 0.133266 0.135545 0.138407 0.142110 0.147046 0.153807 0.163251 0.176525 0.194963 0.219838 0.252091 0.292270 0.340788 0.398397 0.466685 0.548241 0.645972 0.761207 0.892098 1.034512 1.184290 1.338422 1.495033 1.653021 1.811781 1.971050 2.130877 2.291764 2.455210 2.625155 2.808801 3.010297 3.225387 3.447969 3.674932 3.907210 4.151547 4.409132 4.670232 4.931540 5.192459 5.452831 5.712599 5.971735 6.230227 6.488067 6.745252
0.126335 0.129718 0.132078 0.134298 0.136781 0.139822 0.143750 0.149014 0.156263 0.166419 0.180674 0.200359 0.226676 0.260465 0.302208 0.352339 0.411738 0.482176 0.566367 0.667055 0.785034 0.917920 1.061471 1.211735 1.365946 1.522400 1.680104 1.838520 1.997432 2.156944 2.317651 2.481274 2.652207 2.837752 3.040932 3.256792 3.479519 3.706476 3.939193 4.184816 4.442638 4.703278 4.964011 5.224332 5.484103 5.743269 6.001807 6.259703 6.516952 6.773550
0.132508 0.133016 0.134193 0.135888 0.138145 0.141132 0.145142 0.150631 0.158277 0.169035 0.184110 0.204796 0.232215 0.267116 0.309934 0.361135 0.421700 0.493524 0.579374 0.681828 0.801296 0.935095 1.078987 1.229188 1.383101 1.539131 1.696350 1.854258 2.012671 2.171721 2.332057 2.495528 2.666768 2.853047 3.056753 3.272643 3.495098 3.721726 3.954364 4.200263 4.457799 4.717867 4.977986 5.237691 5.496848 5.755408 6.013345 6.270647 6.527309 6.783326
0.134788 0.134442 0.135153 0.136557 0.138646 0.141572 0.145625 0.151272 0.159209 0.170402 0.186044 0.207382 0.235461 0.270961 0.314288 0.365929 0.426917 0.499202 0.585551 0.688441 0.808115 0.941808 1.085333 1.235012 1.388325 1.543726 1.700312 1.857597 2.015401 2.173863 2.333634 2.496569 2.667296 2.853040 3.056142 3.271387 3.493189 3.719162 3.951108 4.196242 4.453076 4.712493 4.971981 5.231067 5.489617 5.747579 6.004928 6.261652 6.517744 6.773199
0.130343 0.132199 0.133560 0.135163 0.137318 0.140284 0.144395 0.150140 0.158223 0.169609 0.185468 0.207004 0.235210 0.270725 0.313932 0.365312 0.425887 0.497579 0.583125 0.685006 0.803557 0.936140 1.078644 1.227401 1.379876 1.534504 1.690367 1.846963 2.004097 2.161883 2.320922 2.482938 2.652299 2.836181 3.037512 3.251425 3.472198 3.697198 3.927845 4.171140 4.426839 4.685543 4.944403 5.202890 5.460859 5.718253 5.975047 6.231225 6.486781 6.741711
0.129048 0.129124 0.130131 0.131697 0.133873 0.136857 0.140967 0.146681 0.154691 0.165937 0.181562 0.202744 0.230458 0.265331 0.307734 0.358101 0.417369 0.487345 0.570689 0.670004 0.785991 0.916379 1.057166 1.204600 1.356021 1.509768 1.664858 1.820744 1.977190 2.134258 2.292450 2.453243 2.620485 2.801179 2.999430 3.211205 3.430534 3.654270 3.883119 4.123476 4.377434 4.635352 4.893605 5.151535 5.408970 5.665847 5.922137 6.177823 6.432898 6.687356
0.122005 0.123267 0.124512 0.126144 0.128334 0.131280 0.135280 0.140781 0.148439 0.159150 0.174022 0.194221 0.220745 0.254252 0.295108 0.343677 0.400737 0.467878 0.547608 0.642698 0.754471 0.881336 1.019526 1.165126 1.315226 1.467968 1.622243 1.777416 1.933186 2.089538 2.246838 2.406240 2.570858 2.747162 2.940800 3.149370 3.366710 3.588896 3.815639 4.052076 4.303280 4.560262 4.817933 5.075364 5.332334 5.588766 5.844625 6.099893 6.354559 6.608619
0.115168 0.115814 0.117125 0.118845 0.121036 0.123878 0.127644 0.132744 0.139772 0.149557 0.163151 0.181717 0.206306 0.237658 0.276173 0.322141 0.376134 0.439424 0.514235 0.603417 0.709061 0.830657 0.964978 1.107961 1.256306 1.407828 1.561196 1.715638 1.870749 2.026413 2.182844 2.340849 2.502702 2.673806 2.861101 3.064937 3.279457 3.499738 3.724256 3.956244 4.203036 4.458693 4.715783 4.972783 5.229373 5.485449 5.740969 5.995910 6.250261 6.504014
0.105032 0.107061 0.108735 0.110494 0.112580 0.115202 0.118607 0.123146 0.129326 0.137873 0.149750 0.166092 0.188017 0.216391 0.251721 0.294273 0.344407 0.403010 0.471858 0.553639 0.651090 0.765135 0.893671 1.032739 1.178558 1.328434 1.480682 1.634303 1.788738 1.943745 2.099375 2.256114 2.415438 2.581252 2.760646 2.957589 3.167900 3.385674 3.607907 3.835645 4.075972 4.329241 4.585657 4.842286 5.098587 5.354411 5.609698 5.864420 6.118563 6.372119
0.098297 0.099218 0.100293 0.101683 0.103469 0.105758 0.108719 0.112613 0.117838 0.124984 0.134880 0.148574 0.167217 0.191830 0.223104 0.261387 0.306908 0.360173 0.422390 0.495753 0.583192 0.687026 0.807009 0.940011 1.081914 1.229327 1.380001 1.532565 1.686226 1.840569 1.995470 2.151144 2.308424 2.469701 2.640634 2.828088 3.031862 3.245947 3.465638 3.689791 3.922636 4.170900 4.426225 4.682492 4.938593 5.194274 5.449446 5.704071 5.958130 6.211610
0.091192 0.090575 0.091154 0.092298 0.093865 0.095873 0.098423 0.101700 0.105993 0.111749 0.119622 0.130507 0.145499 0.165725 0.192114 0.225232 0.265342 0.312692 0.367929 0.432515 0.508936 0.600200 0.708174 0.831760 0.967292 1.110698 1.258891 1.409890 1.562514 1.716090 1.870292 2.025093 2.180866 2.338849 2.502487 2.678663 2.872443 3.080519 3.296782 3.517825 3.744417 3.983791 4.236454 4.492200 4.748158 5.003804 5.258986 5.513644 5.767752 6.021294
0.077512 0.079601 0.081043 0.082467 0.084060 0.085924 0.088162 0.090913 0.094386 0.098896 0.104914 0.113126 0.124459 0.140016 0.160903 0.187992 0.221794 0.262544 0.310515 0.366439 0.431919 0.509593 0.602503 0.712266 0.837361 0.973888 1.117820 1.266214 1.417218 1.569733 1.723147 1.877185 2.031882 2.187756 2.346456 2.512367 2.692818 2.890817 3.101412 3.318956 3.541157 3.770861 4.016084 4.270482 4.526246 4.781940 5.037254 5.292083 5.546383 5.800132
0.068929 0.070166 0.071642 0.073150 0.074733 0.076468 0.078436 0.080740 0.083522 0.086989 0.091450 0.097372 0.105433 0.116546 0.131803 0.152301 0.178918 0.212179 0.252337 0.299673 0.354918 0.419674 0.496596 0.588781 0.697934 0.822574 0.958758 1.102404 1.250539 1.401302 1.553593 1.706802 1.860664 2.015247 2.171170 2.330394 2.497907 2.681017 2.881346 3.093255 3.311548 3.534832 3.767893 4.017034 4.272098 4.527839 4.783386 5.038521 5.293162 5.547271
0.060810 0.062392 0.063718 0.065058 0.066473 0.068000 0.069683 0.071581 0.073781 0.076408 0.079648 0.083784 0.089242 0.096649 0.106862 0.120933 0.139967 0.164903 0.196359 0.234656 0.280077 0.333267 0.395678 0.469821 0.558842 0.664873 0.787000 0.921458 1.063996 1.211424 1.361720 1.513690 1.666670 1.820360 1.974817 2.130692 2.290072 2.458105 2.642016 2.843050 3.055391 3.274052 3.498273 3.734163 3.985546 4.240960 4.496764 4.752317 5.007442 5.262070
0.056176 0.056405 0.057235 0.058297 0.059480 0.060761 0.062149 0.063674 0.065385 0.067351 0.069676 0.072517 0.076109 0.080815 0.087170 0.095929 0.108062 0.124663 0.146763 0.175143 0.210275 0.252478 0.302276 0.360847 0.430369 0.513896 0.614142 0.731325 0.862328 1.002715 1.148861 1.298404 1.449934 1.602654 1.756183 1.910515 2.066244 2.225351 2.392711 2.575511 2.775712 2.987692 3.206361 3.431183 3.668787 3.921382 4.177101 4.433103 4.688831 4.944127
0.049291 0.050609 0.051696 0.052720 0.053742 0.054797 0.055908 0.057100 0.058403 0.059856 0.061513 0.063456 0.065805 0.068744 0.072552 0.077653 0.084660 0.094401 0.107893 0.126219 0.150354 0.181010 0.218654 0.263749 0.317157 0.380568 0.456661 0.548506 0.657780 0.782866 0.919508 1.063463 1.211780 1.362649 1.515033 1.668395 1.822611 1.978134 2.136639 2.302340 2.482199 2.679860 2.890568 3.108798 3.333693 3.571639 3.824818 4.080885 4.337244 4.593322
0.045411 0.046683 0.047644 0.048476 0.049275 0.050084 0.050928 0.051824 0.052790 0.053845 0.055018 0.056349 0.057895 0.059744 0.062026 0.064944 0.068805 0.074065 0.081365 0.091552 0.105645 0.124722 0.149760 0.181512 0.220558 0.267570 0.323728 0.391076 0.472485 0.570705 0.686367 0.816609 0.956755 1.102942 1.252693 1.404531 1.557657 1.711757 1.867062 2.024827 2.188353 2.363831 2.556884 2.765032 2.982168 3.206497 3.443369 3.696509 3.953005 4.209873
0.044550 0.044705 0.045009 0.045430 0.045927 0.046478 0.047075 0.047717 0.048409 0.049158 0.049979 0.050888 0.051915 0.053097 0.054494 0.056195 0.058336 0.061127 0.064878 0.070041 0.077244 0.087309 0.101227 0.120085 0.144925 0.176635 0.215985 0.263867 0.321679 0.391618 0.476521 0.578787 0.698360 0.831704 0.973993 1.121633 1.272425 1.425083 1.578987 1.734085 1.891150 2.052515 2.223045 2.409311 2.612838 2.827840 3.050872 3.285435 3.537421 3.794481
0.043564 0.042886 0.042848 0.043054 0.043365 0.043735 0.044144 0.044588 0.045067 0.045584 0.046146 0.046761 0.047442 0.048207 0.049081 0.050104 0.051333 0.052855 0.054806 0.057384 0.060887 0.065736 0.072511 0.081973 0.095068 0.112878 0.136541 0.167134 0.205665 0.253238 0.311369 0.382241 0.468552 0.572490 0.693786 0.828666 0.972158 1.120738 1.272338 1.425772 1.580585 1.737066 1.896645 2.062690 2.240993 2.436855 2.647867 2.868652 3.100064 3.348892
0.039224 0.040238 0.040760 0.041103 0.041388 0.041660 0.041941 0.042237 0.042555 0.042897 0.043268 0.043672 0.044116 0.044609 0.045161 0.045790 0.046519 0.047386 0.048444 0.049777 0.051508 0.053822 0.056984 0.061370 0.067493 0.076035 0.087865 0.104035 0.125747 0.154266 0.190859 0.236846 0.293813 0.363846 0.449459 0.552790 0.673786 0.808841 0.952774 1.101882 1.254112 1.408327 1.564226 1.722467 1.885079 2.056170 2.241779 2.445289 2.662276 2.889911
0.038489 0.039237 0.039590 0.039806 0.039977 0.040138 0.040302 0.040477 0.040667 0.040875 0.041104 0.041356 0.041635 0.041944 0.042289 0.042676 0.043117 0.043626 0.044226 0.044949 0.045847 0.046992 0.048498 0.050523 0.053299 0.057148 0.062511 0.069980 0.080329 0.094539 0.113808 0.139516 0.173158 0.216288 0.270590 0.338051 0.421000 0.521585 0.640277 0.774092 0.917702 1.066932 1.219603 1.374601 1.531726 1.691929 1.857678 2.033475 2.225277 2.434952
0.040514 0.039440 0.039072 0.038966 0.038958 0.038991 0.039047 0.039122 0.039212 0.039320 0.039445 0.039589 0.039752 0.039937 0.040145 0.040380 0.040645 0.040948 0.041297 0.041706 0.042194 0.042792 0.043544 0.044515 0.045800 0.047537 0.049921 0.053220 0.057806 0.064181 0.073016 0.085189 0.101823 0.124302 0.154242 0.193412 0.243660 0.306960 0.385491 0.481398 0.595751 0.726651 0.868990 1.017875 1.170735 1.326441 1.484811 1.646941 1.815544 1.995300
0.038437 0.038213 0.038138 0.038079 0.038032 0.038002 0.037991 0.037999 0.038024 0.038065 0.038122 0.038194 0.038281 0.038384 0.038503 0.038640 0.038797 0.038975 0.039179 0.039415 0.039690 0.040016 0.040411 0.040901 0.041524 0.042336 0.043418 0.044883 0.046893 0.049671 0.053523 0.058869 0.066278 0.076508 0.090561 0.109729 0.135607 0.170065 0.215135 0.272906 0.345513 0.435076 0.543137 0.669113 0.808830 0.956737 1.109432 1.265625 1.425103 1.588921
0.035302 0.036831 0.037139 0.037149 0.037097 0.037047 0.037011 0.036991 0.036986 0.036995 0.037015 0.037047 0.037090 0.037144 0.037209 0.037285 0.037374 0.037476 0.037594 0.037729 0.037885 0.038067 0.038282 0.038540 0.038856 0.039254 0.039766 0.040437 0.041335 0.042555 0.044227 0.046533 0.049727 0.054153 0.060284 0.068762 0.080447 0.096479 0.118324 0.147796 0.187006 0.238213 0.303665 0.385518 0.485598 0.604475 0.739629 0.885540 1.037576 1.193875
0.039428 0.037169 0.036478 0.036236 0.036138 0.036091 0.036067 0.036056 0.036053 0.036056 0.036066 0.036081 0.036102 0.036130 0.036163 0.036203 0.036251 0.036306 0.036371 0.036446 0.036532 0.036632 0.036750 0.036888 0.037054 0.037256 0.037507 0.037827 0.038242 0.038791 0.039529 0.040532 0.041907 0.043802 0.046423 0.050053 0.055079 0.062034 0.071638 0.084859 0.102977 0.127632 0.160847 0.204949 0.262376 0.335457 0.426236 0.536045 0.664187 0.806386
0.033975 0.034800 0.035011 0.035095 0.035145 0.035180 0.035205 0.035224 0.035238 0.035250 0.035260 0.035271 0.035282 0.035294 0.035310 0.035328 0.035350 0.035376 0.035407 0.035444 0.035488 0.035539 0.035600 0.035672 0.035757 0.035860 0.035985 0.036141 0.036338 0.036592 0.036925 0.037369 0.037969 0.038786 0.039906 0.041451 0.043586 0.046541 0.050632 0.056294 0.064120 0.074913 0.089749 0.110044 0.137608 0.174653 0.223699 0.287318 0.367848 0.467112
0.032586 0.033471 0.033973 0.034241 0.034389 0.034475 0.034529 0.034563 0.034584 0.034597 0.034605 0.034610 0.034612 0.034614 0.034615 0.034618 0.034622 0.034628 0.034637 0.034649 0.034664 0.034685 0.034710 0.034742 0.034781 0.034829 0.034888 0.034962 0.035054 0.035171 0.035323 0.035522 0.035787 0.036142 0.036625 0.037284 0.038191 0.039442 0.041170 0.043562 0.046874 0.051457 0.057793 0.066538 0.078578 0.095092 0.117630 0.148162 0.189079 0.243070
0.034012 0.033946 0.033964 0.034006 0.034046 0.034075 0.034094 0.034104 0.034107 0.034104 0.034098 0.034089 0.034078 0.034066 0.034054 0.034042 0.034031 0.034021 0.034013 0.034007 0.034004 0.034003 0.034006 0.034012 0.034022 0.034038 0.034059 0.034088 0.034126 0.034176 0.034241 0.034328 0.034442 0.034596 0.034803 0.035084 0.035469 0.035997 0.036726 0.037733 0.039125 0.041052 0.043721 0.047413 0.052518 0.059564 0.069269 0.082600 0.100839 0.125666
0.035266 0.034534 0.034188 0.034020 0.033931 0.033876 0.033835 0.033801 0.033769 0.033739 0.033709 0.033680 0.033652 0.033624 0.033598 0.033572 0.033548 0.033525 0.033504 0.033484 0.033466 0.033450 0.033437 0.033426 0.033418 0.033413 0.033411 0.033414 0.033421 0.033435 0.033456 0.033487 0.033531 0.033592 0.033676 0.033792 0.033952 0.034172 0.034476 0.034896 0.035478 0.036283 0.037400 0.038946 0.041088 0.044051 0.048146 0.053799 0.061584 0.072282
0.034113 0.034053 0.033982 0.033889 0.033795 0.033708 0.033630 0.033560 0.033498 0.033441 0.033389 0.033342 0.033297 0.033255 0.033216 0.033179 0.033144 0.033111 0.033079 0.033049 0.033021 0.032995 0.032971 0.032948 0.032927 0.032909 0.032893 0.032879 0.032869 0.032861 0.032858 0.032860 0.032868 0.032884 0.032910 0.032951 0.033010 0.033095 0.033216 0.033386 0.033623 0.033955 0.034416 0.035057 0.035948 0.037184 0.038896 0.041266 0.044540 0.049058
0.032869 0.033582 0.033710 0.033668 0.033579 0.033481 0.033387 0.033302 0.033224 0.033154 0.033091 0.033033 0.032979 0.032929 0.032882 0.032838 0.032796 0.032757 0.032719 0.032683 0.032648 0.032615 0.032583 0.032553 0.032525 0.032497 0.032472 0.032448 0.032426 0.032406 0.032389 0.032374 0.032362 0.032355 0.032352 0.032356 0.032369 0.032392 0.032432 0.032492 0.032581 0.032709 0.032892 0.033151 0.033514 0.034021 0.034729 0.035712 0.037076 0.038965
0.035040 0.034011 0.033612 0.033407 0.033271 0.033163 0.033071 0.032989 0.032916 0.032849 0.032788 0.032731 0.032678 0.032628 0.032580 0.032535 0.032491 0.032450 0.032409 0.032370 0.032332 0.032296 0.032260 0.032225 0.032192 0.032159 0.032128 0.032097 0.032068 0.032040 0.032014 0.031989 0.031966 0.031945 0.031927 0.031912 0.031901 0.031895 0.031896 0.031907 0.031930 0.031969 0.032032 0.032127 0.032265 0.032465 0.032748 0.033147 0.033705 0.034484
0.033221 0.033130 0.033004 0.032900 0.032817 0.032749 0.032688 0.032634 0.032582 0.032533 0.032486 0.032440 0.032395 0.032352 0.032309 0.032267 0.032226 0.032185 0.032146 0.032106 0.032068 0.032030 0.031992 0.031955 0.031919 0.031883 0.031848 0.031813 0.031780 0.031747 0.031715 0.031683 0.031653 0.031624 0.031597 0.031571 0.031547 0.031526 0.031508 0.031494 0.031486 0.031485 0.031494 0.031517 0.031558 0.031626 0.031728 0.031879 0.032097 0.032407
0.031524 0.032079 0.032256 0.032314 0.032329 0.032326 0.032314 0.032296 0.032273 0.032246 0.032217 0.032185 0.032151 0.032116 0.032080 0.032043 0.032006 0.031968 0.031929 0.031891 0.031853 0.031814 0.031776 0.031738 0.031699 0.031662 0.031624 0.031587 0.031550 0.031513 0.031477 0.031442 0.031407 0.031372 0.031339 0.031306 0.031275 0.031245 0.031216 0.031189 0.031165 0.031145 0.031129 0.031119 0.031116 0.031125 0.031149 0.031194 0.031266 0.031378
0.032283 0.031905 0.031896 0.031951 0.032000 0.032033 0.032051 0.032056 0.032051 0.032038 0.032020 0.031997 0.031970 0.031940 0.031908 0.031874 0.031839 0.031802 0.031765 0.031727 0.031688 0.031649 0.031610 0.031570 0.031530 0.031491 0.031451 0.031411 0.031372 0.031332 0.031293 0.031254 0.031215 0.031177 0.031139 0.031102 0.031065 0.031029 0.030994 0.030960 0.030927 0.030896 0.030867 0.030840 0.030817 0.030799 0.030788 0.030785 0.030794 0.030820
0.031160 0.031633 0.031795 0.031876 0.031924 0.031952 0.031964 0.031965 0.031957 0.031941 0.031920 0.031895 0.031867 0.031836 0.031802 0.031767 0.031730 0.031692 0.031653 0.031614 0.031573 0.031532 0.031491 0.031450 0.031408 0.031366 0.031324 0.031281 0.031239 0.031197 0.031155 0.031113 0.031071 0.031030 0.030988 0.030947 0.030907 0.030866 0.030826 0.030787 0.030748 0.030711 0.030674 0.030638 0.030605 0.030573 0.030544 0.030519 0.030500 0.030487
0.032258 0.032117 0.032110 0.032106 0.032092 0.032071 0.032044 0.032014 0.031982 0.031949 0.031913 0.031877 0.031839 0.031800 0.031760 0.031719 0.031677 0.031635 0.031592 0.031548 0.031505 0.031460 0.031416 0.031371 0.031327 0.031282 0.031237 0.031191 0.031146 0.031101 0.031056 0.031011 0.030966 0.030922 0.030877 0.030833 0.030789 0.030745 0.030701 0.030658 0.030615 0.030572 0.030531 0.030489 0.030449 0.030410 0.030372 0.030336 0.030302 0.030271
0.032672 0.032687 0.032582 0.032468 0.032368 0.032281 0.032206 0.032139 0.032078 0.032021 0.031967 0.031915 0.031864 0.031815 0.031765 0.031716 0.031668 0.031619 0.031571 0.031522 0.031474 0.031425 0.031377 0.031328 0.031280 0.031231 0.031183 0.031134 0.031086 0.031038 0.030989 0.030941 0.030893 0.030846 0.030798 0.030750 0.030703 0.030656 0.030609 0.030562 0.030516 0.030470 0.030424 0.030379 0.030334 0.030289 0.030246 0.030203 0.030162 0.030121
0.033685 0.033215 0.032921 0.032717 0.032565 0.032444 0.032344 0.032256 0.032178 0.032107 0.032040 0.031976 0.031915 0.031856 0.031798 0.031741 0.031686 0.031631 0.031576 0.031522 0.031469 0.031416 0.031363 0.031310 0.031258 0.031206 0.031153 0.031102 0.031050 0.030998 0.030947 0.030896 0.030845 0.030794 0.030743 0.030693 0.030642 0.030592 0.030542 0.030492 0.030443 0.030394 0.030345 0.030296 0.030247 0.030199 0.030152 0.030105 0.030058 0.030012
0.033313 0.033001 0.032817 0.032687 0.032581 0.032488 0.032402 0.032321 0.032245 0.032171 0.032100 0.032032 0.031965 0.031900 0.031837 0.031775 0.031714 0.031654 0.031595 0.031536 0.031478 0.031421 0.031364 0.031307 0.031251 0.031195 0.031140 0.031085 0.031030 0.030975 0.030921 0.030867 0.030813 0.030759 0.030705 0.030652 0.030599 0.030546 0.030493 0.030440 0.030388 0.030336 0.030284 0.030232 0.030181 0.030130 0.030079 0.030029 0.029978 0.029929
0.032054 0.032367 0.032491 0.032521 0.032503 0.032460 0.032404 0.032340 0.032273 0.032205 0.032137 0.032068 0.032001 0.031934 0.031868 0.031803 0.031739 0.031676 0.031613 0.031551 0.031490 0.031430 0.031369 0.031310 0.031251 0.031192 0.031133 0.031075 0.031018 0.030960 0.030903 0.030846 0.030789 0.030733 0.030677 0.030621 0.030565 0.030510 0.030454 0.030399 0.030344 0.030290 0.030235 0.030181 0.030127 0.030073 0.030020 0.029966 0.029913 0.029861
0.032065 0.032366 0.032477 0.032505 0.032491 0.032454 0.032403 0.032345 0.032282 0.032217 0.032150 0.032083 0.032016 0.031950 0.031883 0.031818 0.031752 0.031687 0.031623 0.031559 0.031496 0.031434 0.031371 0.031309 0.031248 0.031187 0.031126 0.031066 0.031006 0.030946 0.030886 0.030827 0.030768 0.030709 0.030651 0.030593 0.030535 0.030477 0.030419 0.030362 0.030305 0.030248 0.030191 0.030135 0.030079 0.030022 0.029967 0.029911 0.029856 0.029801
0.033386 0.032952 0.032759 0.032643 0.032557 0.032482 0.032413 0.032345 0.032278 0.032212 0.032145 0.032079 0.032013 0.031946 0.031880 0.031815 0.031749 0.031684 0.031619 0.031555 0.031490 0.031427 0.031363 0.031300 0.031237 0.031174 0.031111 0.031049 0.030987 0.030926 0.030864 0.030803 0.030742 0.030682 0.030621 0.030561 0.030501 0.030442 0.030382 0.030323 0.030264 0.030205 0.030146 0.030088 0.030030 0.029972 0.029914 0.029856 0.029799 0.029742
0.033189 0.033024 0.032840 0.032691 0.032575 0.032481 0.032399 0.032325 0.032255 0.032187 0.032121 0.032055 0.031990 0.031924 0.031859 0.031794 0.031729 0.031664 0.031599 0.031534 0.031469 0.031405 0.031340 0.031276 0.031212 0.031148 0.031085 0.031021 0.030958 0.030895 0.030832 0.030770 0.030707 0.030645 0.030583 0.030521 0.030460 0.030399 0.030338 0.030277 0.030216 0.030156 0.030095 0.030035 0.029975 0.029916 0.029856 0.029797 0.029738 0.029679
0.032908 0.032761 0.032652 0.032562 0.032483 0.032410 0.032340 0.032273 0.032207 0.032142 0.032078 0.032014 0.031949 0.031885 0.031820 0.031756 0.031691 0.031626 0.031561 0.031496 0.031431 0.031366 0.031301 0.031236 0.031171 0.031106 0.031042 0.030977 0.030913 0.030849 0.030785 0.030722 0.030658 0.030595 0.030532 0.030469 0.030406 0.030343 0.030281 0.030219 0.030157 0.030095 0.030034 0.029972 0.029911 0.029850 0.029789 0.029729 0.029668 0.029608
0.032348 0.032333 0.032368 0.032373 0.032349 0.032308 0.032257 0.032201 0.032142 0.032082 0.032020 0.031957 0.031893 0.031829 0.031765 0.031700 0.031635 0.031569 0.031504 0.031439 0.031373 0.031307 0.031242 0.031176 0.031111 0.031046 0.030980 0.030915 0.030850 0.030786 0.030721 0.030656 0.030592 0.030528 0.030464 0.030400 0.030336 0.030273 0.030209 0.030146 0.030083 0.030020 0.029958 0.029895 0.029833 0.029771 0.029709 0.029647 0.029586 0.029525
0.031608 0.032148 0.032283 0.032299 0.032275 0.032234 0.032185 0.032131 0.032072 0.032012 0.031950 0.031886 0.031822 0.031757 0.031691 0.031625 0.031559 0.031493 0.031427 0.031361 0.031295 0.031228 0.031162 0.031096 0.031030 0.030964 0.030898 0.030832 0.030767 0.030701 0.030636 0.030571 0.030506 0.030441 0.030376 0.030312 0.030248 0.030183 0.030119 0.030055 0.029992 0.029928 0.029865 0.029802 0.029739 0.029676 0.029613 0.029550 0.029488 0.029426
0.033399 0.032741 0.032474 0.032343 0.032259 0.032191 0.032127 0.032063 0.031998 0.031933 0.031866 0.031799 0.031732 0.031665 0.031597 0.031530 0.031462 0.031395 0.031327 0.031260 0.031193 0.031126 0.031059 0.030993 0.030926 0.030860 0.030793 0.030727 0.030661 0.030595 0.030529 0.030464 0.030398 0.030333 0.030268 0.030203 0.030138 0.030073 0.030009 0.029945 0.029880 0.029816 0.029752 0.029689 0.029625 0.029562 0.029498 0.029435 0.029372 0.029310
0.032793 0.032504 0.032374 0.032285 0.032206 0.032129 0.032054 0.031979 0.031905 0.031832 0.031760 0.031689 0.031618 0.031548 0.031478 0.031408 0.031340 0.031271 0.031203 0.031135 0.031067 0.030999 0.030932 0.030865 0.030798 0.030731 0.030664 0.030598 0.030532 0.030465 0.030399 0.030334 0.030268 0.030202 0.030137 0.030072 0.030007 0.029942 0.029877 0.029812 0.029748 0.029683 0.029619 0.029555 0.029491 0.029427 0.029364 0.029300 0.029237 0.029174
0.031178 0.031973 0.032166 0.032166 0.032103 0.032022 0.031937 0.031854 0.031773 0.031695 0.031619 0.031544 0.031471 0.031399 0.031328 0.031258 0.031188 0.031119 0.031050 0.030982 0.030914 0.030846 0.030778 0.030711 0.030644 0.030577 0.030511 0.030444 0.030378 0.030311 0.030245 0.030179 0.030114 0.030048 0.029983 0.029917 0.029852 0.029787 0.029722 0.029658 0.029593 0.029528 0.029464 0.029400 0.029336 0.029272 0.029208 0.029145 0.029081 0.029018
0.033135 0.032525 0.032249 0.032080 0.031954 0.031848 0.031754 0.031668 0.031587 0.031509 0.031433 0.031360 0.031287 0.031216 0.031146 0.031076 0.031007 0.030938 0.030870 0.030801 0.030734 0.030666 0.030599 0.030532 0.030465 0.030398 0.030332 0.030265 0.030199 0.030133 0.030067 0.030001 0.029936 0.029870 0.029805 0.029740 0.029675 0.029610 0.029545 0.029480 0.029416 0.029351 0.029287 0.029223 0.029159 0.029095 0.029031 0.028968 0.028904 0.028841
0.032874 0.032289 0.031970 0.031787 0.031667 0.031575 0.031495 0.031420 0.031348 0.031277 0.031207 0.031138 0.031069 0.031001 0.030932 0.030864 0.030797 0.030729 0.030662 0.030594 0.030527 0.030460 0.030394 0.030327 0.030261 0.030194 0.030128 0.030062 0.029996 0.029930 0.029865 0.029799 0.029734 0.029669 0.029604 0.029539 0.029474 0.029409 0.029344 0.029280 0.029216 0.029151 0.029087 0.029023 0.028960 0.028896 0.028832 0.028769 0.028706 0.028643
0.030878 0.031146 0.031259 0.031288 0.031274 0.031238 0.031190 0.031136 0.031077 0.031016 0.030953 0.030889 0.030824 0.030759 0.030693 0.030627 0.030561 0.030495 0.030429 0.030363 0.030296 0.030230 0.030164 0.030098 0.030032 0.029967 0.029901 0.029835 0.029770 0.029704 0.029639 0.029574 0.029509 0.029444 0.029379 0.029315 0.029250 0.029186 0.029122 0.029058 0.028994 0.028930 0.028866 0.028802 0.028739 0.028676 0.028613 0.028550 0.028487 0.028424
0.029941 0.030594 0.030851 0.030943 0.030960 0.030941 0.030904 0.030857 0.030803 0.030746 0.030686 0.030625 0.030562 0.030498 0.030434 0.030369 0.030304 0.030239 0.030174 0.030108 0.030043 0.029977 0.029912 0.029847 0.029781 0.029716 0.029651 0.029586 0.029521 0.029456 0.029391 0.029326 0.029262 0.029197 0.029133 0.029069 0.029005 0.028941 0.028877 0.028814 0.028750 0.028687 0.028624 0.028561 0.028498 0.028435 0.028372 0.028310 0.028247 0.028185
0.031639 0.031165 0.030966 0.030858 0.030782 0.030718 0.030657 0.030597 0.030537 0.030475 0.030413 0.030350 0.030287 0.030223 0.030158 0.030094 0.030029 0.029964 0.029899 0.029833 0.029768 0.029703 0.029638 0.029573 0.029508 0.029444 0.029379 0.029314 0.029250 0.029185 0.029121 0.029057 0.028993 0.028929 0.028866 0.028802 0.028739 0.028675 0.028612 0.028549 0.028486 0.028424 0.028361 0.028299 0.028237 0.028175 0.028113 0.028051 0.027989 0.027928
0.031643 0.031179 0.030887 0.030705 0.030581 0.030487 0.030407 0.030333 0.030264 0.030196 0.030129 0.030062 0.029996 0.029930 0.029865 0.029799 0.029734 0.029668 0.029603 0.029538 0.029473 0.029408 0.029344 0.029279 0.029214 0.029150 0.029086 0.029022 0.028958 0.028894 0.028831 0.028767 0.028704 0.028641 0.028578 0.028515 0.028453 0.028390 0.028328 0.028266 0.028204 0.028142 0.028080 0.028019 0.027958 0.027896 0.027835 0.027775 0.027714 0.027653
0.030404 0.030423 0.030393 0.030335 0.030263 0.030188 0.030112 0.030037 0.029964 0.029892 0.029822 0.029753 0.029685 0.029617 0.029550 0.029484 0.029418 0.029352 0.029287 0.029222 0.029157 0.029093 0.029028 0.028964 0.028900 0.028837 0.028773 0.028710 0.028647 0.028584 0.028521 0.028459 0.028397 0.028334 0.028273 0.028211 0.028149 0.028088 0.028027 0.027965 0.027905 0.027844 0.027783 0.027723 0.027663 0.027603 0.027543 0.027483 0.027424 0.027364
0.029428 0.029788 0.029924 0.029941 0.029903 0.029842 0.029772 0.029700 0.029627 0.029555 0.029484 0.029414 0.029346 0.029278 0.029211 0.029145 0.029079 0.029014 0.028949 0.028884 0.028820 0.028757 0.028693 0.028630 0.028567 0.028504 0.028442 0.028380 0.028318 0.028256 0.028195 0.028133 0.028072 0.028012 0.027951 0.027890 0.027830 0.027770 0.027710 0.027650 0.027591 0.027532 0.027472 0.027413 0.027355 0.027296 0.027237 0.027179 0.027121 0.027063
0.029861 0.029858 0.029747 0.029643 0.029552 0.029471 0.029395 0.029322 0.029250 0.029181 0.029112 0.029044 0.028978 0.028912 0.028846 0.028781 0.028717 0.028653 0.028590 0.028527 0.028464 0.028402 0.028340 0.028278 0.028216 0.028155 0.028094 0.028034 0.027973 0.027913 0.027853 0.027794 0.027734 0.027675 0.027616 0.027557 0.027499 0.027440 0.027382 0.027324 0.027266 0.027208 0.027151 0.027094 0.027037 0.026980 0.026923 0.026866 0.026810 0.026754
0.030858 0.029826 0.029432 0.029244 0.029130 0.029045 0.028972 0.028904 0.028838 0.028774 0.028710 0.028647 0.028584 0.028521 0.028458 0.028396 0.028335 0.028273 0.028212 0.028151 0.028091 0.028031 0.027971 0.027911 0.027852 0.027793 0.027734 0.027675 0.027617 0.027559 0.027501 0.027444 0.027386 0.027329 0.027272 0.027215 0.027159 0.027102 0.027046 0.026990 0.026934 0.026879 0.026823 0.026768 0.026713 0.026658 0.026603 0.026549 0.026494 0.026440
0.027829 0.028469 0.028624 0.028639 0.028610 0.028565 0.028514 0.028459 0.028403 0.028346 0.028288 0.028230 0.028171 0.028113 0.028054 0.027996 0.027937 0.027879 0.027821 0.027764 0.027706 0.027649 0.027592 0.027535 0.027478 0.027422 0.027366 0.027310 0.027254 0.027199 0.027143 0.027088 0.027033 0.026979 0.026924 0.026870 0.026816 0.026762 0.026708 0.026654 0.026601 0.026548 0.026494 0.026441 0.026389 0.026336 0.026283 0.026231 0.026179 0.026127
0.027797 0.027986 0.028095 0.028133 0.028129 0.028101 0.028061 0.028015 0.027965 0.027913 0.027860 0.027806 0.027752 0.027697 0.027643 0.027588 0.027534 0.027479 0.027425 0.027371 0.027317 0.027263 0.027209 0.027156 0.027102 0.027049 0.026996 0.026943 0.026890 0.026838 0.026786 0.026734 0.026682 0.026630 0.026578 0.026527 0.026475 0.026424 0.026373 0.026322 0.026271 0.026221 0.026170 0.026120 0.026069 0.026019 0.025969 0.025919 0.025869 0.025820
0.028412 0.028018 0.027872 0.027795 0.027739 0.027687 0.027637 0.027587 0.027537 0.027487 0.027437 0.027386 0.027335 0.027285 0.027234 0.027184 0.027133 0.027083 0.027032 0.026982 0.026932 0.026881 0.026831 0.026782 0.026732 0.026682 0.026633 0.026583 0.026534 0.026485 0.026436 0.026387 0.026338 0.026290 0.026241 0.026193 0.026144 0.026096 0.026048 0.026000 0.025952 0.025904 0.025856 0.025809 0.025761 0.025714 0.025666 0.025619 0.025572 0.025525
0.027529 0.027642 0.027545 0.027440 0.027355 0.027286 0.027227 0.027174 0.027123 0.027074 0.027026 0.026979 0.026932 0.026885 0.026839 0.026792 0.026746 0.026699 0.026653 0.026607 0.026561 0.026514 0.026468 0.026422 0.026377 0.026331 0.026285 0.026239 0.026194 0.026148 0.026103 0.026057 0.026012 0.025967 0.025921 0.025876 0.025831 0.025786 0.025741 0.025696 0.025651 0.025606 0.025561 0.025516 0.025471 0.025427 0.025382 0.025337 0.025292 0.025248
0.027798 0.027261 0.027079 0.026987 0.026923 0.026868 0.026819 0.026771 0.026726 0.026681 0.026638 0.026594 0.026552 0.026509 0.026467 0.026424 0.026382 0.026340 0.026298 0.026256 0.026214 0.026172 0.026130 0.026088 0.026046 0.026004 0.025962 0.025920 0.025879 0.025837 0.025795 0.025753 0.025711 0.025669 0.025627 0.025585 0.025543 0.025501 0.025459 0.025416 0.025374 0.025332 0.025290 0.025248 0.025206 0.025164 0.025122 0.025080 0.025038 0.024996
0.025895 0.026327 0.026462 0.026495 0.026488 0.026463 0.026431 0.026395 0.026358 0.026320 0.026282 0.026244 0.026206 0.026168 0.026130 0.026093 0.026055 0.026017 0.025979 0.025941 0.025903 0.025866 0.025827 0.025789 0.025751 0.025713 0.025675 0.025636 0.025598 0.025559 0.025521 0.025482 0.025443 0.025404 0.025365 0.025327 0.025287 0.025248 0.025209 0.025170 0.025131 0.025091 0.025052 0.025012 0.024973 0.024933 0.024894 0.024854 0.024814 0.024775
0.025941 0.026100 0.026155 0.026163 0.026150 0.026128 0.026100 0.026070 0.026039 0.026006 0.025974 0.025941 0.025908 0.025875 0.025842 0.025808 0.025775 0.025741 0.025707 0.025673 0.025639 0.025605 0.025570 0.025536 0.025501 0.025466 0.025431 0.025396 0.025361 0.025325 0.025290 0.025254 0.025218 0.025182 0.025146 0.025109 0.025073 0.025037 0.025000 0.024963 0.024926 0.024889 0.024852 0.024815 0.024778 0.024740 0.024703 0.024665 0.024628 0.024590
0.026735 0.026251 0.026056 0.025964 0.025910 0.025873 0.025841 0.025812 0.025784 0.025756 0.025728 0.025700 0.025671 0.025642 0.025613 0.025583 0.025553 0.025523 0.025493 0.025462 0.025431 0.025400 0.025368 0.025337 0.025305 0.025273 0.025240 0.025208 0.025175 0.025142 0.025109 0.025076 0.025042 0.025008 0.024974 0.024940 0.024906 0.024871 0.024837 0.024802 0.024767 0.024732 0.024697 0.024661 0.024626 0.024590 0.024555 0.024519 0.024483 0.024447
0.025793 0.025834 0.025790 0.025745 0.025709 0.025679 0.025653 0.025629 0.025605 0.025580 0.025556 0.025531 0.025506 0.025480 0.025453 0.025427 0.025399 0.025372 0.025344 0.025316 0.025287 0.025258 0.025229 0.025199 0.025170 0.025139 0.025109 0.025078 0.025047 0.025016 0.024985 0.024953 0.024921 0.024889 0.024857 0.024824 0.024791 0.024758 0.024725 0.024692 0.024658 0.024624 0.024591 0.024557 0.024522 0.024488 0.024453 0.024419 0.024384 0.024349
0.025400 0.025493 0.025550 0.025572 0.025574 0.025565 0.025549 0.025531 0.025511 0.025489 0.025467 0.025444 0.025421 0.025396 0.025372 0.025346 0.025321 0.025295 0.025268 0.025241 0.025214 0.025186 0.025158 0.025129 0.025101 0.025071 0.025042 0.025012 0.024982 0.024952 0.024922 0.024891 0.024860 0.024828 0.024797 0.024765 0.024733 0.024701 0.024668 0.024636 0.024603 0.024570 0.024537 0.024503 0.024470 0.024436 0.024402 0.024368 0.024334 0.024299
