0.036175 0.035522 0.035090 0.034728 0.034397 0.034085 0.033788 0.033503 0.033229 0.032965 0.032708 0.032459 0.032217 0.031980 0.031750 0.031524 0.031303 0.031087 0.030876 0.030668 0.030465 0.030265 0.030070 0.029878 0.029689 0.029504 0.029323 0.029144 0.028969 0.028797 0.028629 0.028463 0.028300 0.028140 0.027983 0.027829 0.027678 0.027529 0.027383 0.027240 0.027099 0.026960 0.026825 0.026691 0.026560 0.026431 0.026305 0.026181 0.026059 0.025939
0.034680 0.035003 0.034860 0.034606 0.034329 0.034053 0.033783 0.033519 0.033262 0.033010 0.032765 0.032525 0.032289 0.032059 0.031833 0.031612 0.031395 0.031182 0.030973 0.030768 0.030567 0.030369 0.030175 0.029984 0.029797 0.029613 0.029432 0.029255 0.029080 0.028909 0.028741 0.028576 0.028414 0.028255 0.028098 0.027945 0.027794 0.027646 0.027500 0.027357 0.027217 0.027079 0.026943 0.026810 0.026680 0.026551 0.026425 0.026302 0.026180 0.026061
0.036087 0.035241 0.034854 0.034578 0.034329 0.034088 0.033849 0.033613 0.033378 0.033146 0.032915 0.032688 0.032464 0.032242 0.032024 0.031809 0.031597 0.031389 0.031183 0.030982 0.030783 0.030588 0.030396 0.030207 0.030022 0.029839 0.029660 0.029484 0.029311 0.029141 0.028974 0.028809 0.028648 0.028490 0.028334 0.028181 0.028031 0.027884 0.027739 0.027597 0.027457 0.027320 0.027186 0.027053 0.026923 0.026796 0.026670 0.026547 0.026426 0.026308
0.035079 0.035112 0.034938 0.034732 0.034521 0.034309 0.034095 0.033878 0.033660 0.033441 0.033222 0.033004 0.032788 0.032573 0.032360 0.032150 0.031942 0.031736 0.031534 0.031334 0.031138 0.030944 0.030753 0.030566 0.030381 0.030200 0.030021 0.029846 0.029674 0.029505 0.029338 0.029175 0.029014 0.028857 0.028702 0.028550 0.028400 0.028254 0.028110 0.027968 0.027830 0.027693 0.027559 0.027428 0.027299 0.027172 0.027047 0.026925 0.026805 0.026687
0.035830 0.035579 0.035398 0.035220 0.035030 0.034828 0.034619 0.034405 0.034189 0.033971 0.033752 0.033534 0.033317 0.033102 0.032888 0.032677 0.032468 0.032261 0.032058 0.031857 0.031659 0.031464 0.031272 0.031084 0.030899 0.030716 0.030537 0.030361 0.030189 0.030019 0.029852 0.029689 0.029528 0.029371 0.029216 0.029064 0.028915 0.028769 0.028625 0.028484 0.028346 0.028210 0.028076 0.027945 0.027817 0.027690 0.027566 0.027445 0.027325 0.027208
0.036485 0.036397 0.036312 0.036155 0.035953 0.035731 0.035499 0.035264 0.035029 0.034795 0.034562 0.034330 0.034101 0.033874 0.033651 0.033430 0.033212 0.032998 0.032787 0.032580 0.032376 0.032176 0.031980 0.031787 0.031598 0.031412 0.031230 0.031051 0.030876 0.030704 0.030536 0.030370 0.030208 0.030049 0.029894 0.029741 0.029591 0.029444 0.029300 0.029159 0.029020 0.028884 0.028750 0.028619 0.028491 0.028364 0.028241 0.028119 0.027999 0.027882
0.037502 0.038106 0.037954 0.037662 0.037357 0.037061 0.036773 0.036493 0.036218 0.035949 0.035684 0.035425 0.035170 0.034921 0.034676 0.034437 0.034202 0.033973 0.033748 0.033528 0.033314 0.033103 0.032898 0.032697 0.032500 0.032308 0.032120 0.031936 0.031756 0.031579 0.031407 0.031238 0.031073 0.030911 0.030753 0.030598 0.030446 0.030297 0.030151 0.030008 0.029868 0.029731 0.029596 0.029464 0.029335 0.029208 0.029083 0.028961 0.028841 0.028723
0.044149 0.041355 0.040241 0.039628 0.039178 0.038791 0.038431 0.038088 0.037757 0.037437 0.037127 0.036826 0.036534 0.036252 0.035977 0.035711 0.035452 0.035201 0.034957 0.034719 0.034488 0.034264 0.034045 0.033832 0.033625 0.033423 0.033226 0.033034 0.032846 0.032663 0.032485 0.032311 0.032140 0.031974 0.031811 0.031652 0.031497 0.031344 0.031196 0.031050 0.030907 0.030767 0.030630 0.030496 0.030365 0.030236 0.030109 0.029985 0.029863 0.029743
0.041112 0.042126 0.042064 0.041715 0.041291 0.040854 0.040425 0.040010 0.039612 0.039231 0.038865 0.038515 0.038180 0.037858 0.037548 0.037250 0.036963 0.036686 0.036418 0.036160 0.035910 0.035668 0.035433 0.035206 0.034985 0.034771 0.034563 0.034360 0.034163 0.033972 0.033785 0.033603 0.033426 0.033253 0.033084 0.032920 0.032759 0.032602 0.032448 0.032298 0.032151 0.032007 0.031866 0.031728 0.031593 0.031461 0.031331 0.031204 0.031079 0.030956
0.044899 0.045036 0.044752 0.044276 0.043739 0.043200 0.042679 0.042184 0.041716 0.041273 0.040854 0.040456 0.040077 0.039716 0.039372 0.039042 0.038726 0.038423 0.038132 0.037851 0.037581 0.037320 0.037068 0.036825 0.036590 0.036362 0.036141 0.035927 0.035719 0.035517 0.035320 0.035129 0.034943 0.034762 0.034586 0.034414 0.034246 0.034082 0.033922 0.033766 0.033613 0.033463 0.033317 0.033174 0.033033 0.032896 0.032761 0.032629 0.032499 0.032372
0.051920 0.049433 0.048069 0.047120 0.046352 0.045680 0.045072 0.044512 0.043990 0.043502 0.043042 0.042608 0.042195 0.041804 0.041430 0.041074 0.040733 0.040406 0.040093 0.039792 0.039503 0.039224 0.038955 0.038696 0.038446 0.038203 0.037969 0.037742 0.037522 0.037308 0.037101 0.036899 0.036703 0.036513 0.036327 0.036146 0.035969 0.035797 0.035629 0.035464 0.035304 0.035147 0.034993 0.034842 0.034695 0.034550 0.034409 0.034270 0.034133 0.034000
0.051686 0.051262 0.050391 0.049547 0.048794 0.048118 0.047500 0.046927 0.046391 0.045886 0.045407 0.044953 0.044521 0.044109 0.043716 0.043340 0.042980 0.042634 0.042303 0.041985 0.041678 0.041383 0.041099 0.040824 0.040559 0.040302 0.040054 0.039814 0.039581 0.039355 0.039135 0.038922 0.038714 0.038512 0.038315 0.038123 0.037936 0.037754 0.037575 0.037401 0.037231 0.037064 0.036901 0.036741 0.036584 0.036431 0.036280 0.036132 0.035987 0.035845
0.054312 0.053065 0.052353 0.051739 0.051146 0.050569 0.050008 0.049468 0.048947 0.048447 0.047968 0.047508 0.047067 0.046644 0.046238 0.045849 0.045474 0.045115 0.044769 0.044435 0.044114 0.043804 0.043505 0.043216 0.042936 0.042665 0.042403 0.042149 0.041902 0.041662 0.041429 0.041202 0.040981 0.040766 0.040556 0.040352 0.040152 0.039957 0.039767 0.039580 0.039398 0.039219 0.039044 0.038872 0.038704 0.038539 0.038377 0.038218 0.038062 0.037908
0.054225 0.054760 0.054625 0.054258 0.053794 0.053291 0.052774 0.052259 0.051752 0.051258 0.050779 0.050316 0.049868 0.049437 0.049022 0.048621 0.048235 0.047863 0.047503 0.047156 0.046821 0.046496 0.046182 0.045878 0.045583 0.045297 0.045020 0.044750 0.044488 0.044233 0.043984 0.043742 0.043506 0.043276 0.043051 0.042831 0.042617 0.042407 0.042201 0.042000 0.041803 0.041610 0.041421 0.041235 0.041052 0.040873 0.040697 0.040524 0.040354 0.040186
0.059098 0.058619 0.058129 0.057600 0.057052 0.056502 0.055956 0.055420 0.054898 0.054392 0.053901 0.053426 0.052968 0.052525 0.052097 0.051684 0.051284 0.050897 0.050523 0.050161 0.049809 0.049469 0.049138 0.048817 0.048506 0.048202 0.047907 0.047620 0.047340 0.047067 0.046800 0.046540 0.046286 0.046038 0.045795 0.045558 0.045325 0.045097 0.044874 0.044655 0.044441 0.044230 0.044023 0.043820 0.043620 0.043424 0.043231 0.043041 0.042854 0.042670
0.064941 0.063485 0.062434 0.061598 0.060869 0.060203 0.059579 0.058989 0.058426 0.057888 0.057372 0.056875 0.056397 0.055935 0.055489 0.055057 0.054639 0.054234 0.053840 0.053459 0.053088 0.052727 0.052377 0.052035 0.051702 0.051378 0.051062 0.050753 0.050451 0.050157 0.049869 0.049587 0.049312 0.049042 0.048778 0.048519 0.048265 0.048016 0.047772 0.047532 0.047296 0.047065 0.046838 0.046614 0.046394 0.046178 0.045965 0.045755 0.045548 0.045345
0.068819 0.067660 0.066705 0.065820 0.065007 0.064262 0.063572 0.062929 0.062323 0.061749 0.061200 0.060674 0.060168 0.059680 0.059208 0.058751 0.058307 0.057877 0.057458 0.057051 0.056655 0.056268 0.055891 0.055524 0.055165 0.054814 0.054472 0.054137 0.053809 0.053488 0.053175 0.052867 0.052566 0.052270 0.051980 0.051696 0.051417 0.051143 0.050874 0.050610 0.050350 0.050094 0.049843 0.049595 0.049352 0.049112 0.048876 0.048643 0.048414 0.048187
0.072218 0.071985 0.071101 0.070194 0.069356 0.068586 0.067870 0.067199 0.066563 0.065957 0.065376 0.064817 0.064277 0.063756 0.063250 0.062759 0.062282 0.061817 0.061365 0.060924 0.060494 0.060074 0.059664 0.059263 0.058872 0.058489 0.058114 0.057747 0.057387 0.057035 0.056690 0.056352 0.056020 0.055694 0.055375 0.055061 0.054753 0.054450 0.054152 0.053859 0.053571 0.053288 0.053009 0.052734 0.052464 0.052197 0.051935 0.051676 0.051421 0.051169
0.079832 0.076937 0.075616 0.074703 0.073915 0.073180 0.072475 0.071796 0.071139 0.070502 0.069885 0.069286 0.068705 0.068140 0.067590 0.067054 0.066533 0.066024 0.065528 0.065044 0.064572 0.064110 0.063659 0.063218 0.062786 0.062363 0.061950 0.061545 0.061148 0.060759 0.060378 0.060004 0.059636 0.059276 0.058922 0.058574 0.058233 0.057897 0.057567 0.057242 0.056923 0.056608 0.056298 0.055993 0.055693 0.055397 0.055105 0.054817 0.054533 0.054253
0.078812 0.080089 0.079988 0.079485 0.078846 0.078159 0.077456 0.076753 0.076057 0.075373 0.074704 0.074049 0.073410 0.072787 0.072180 0.071587 0.071009 0.070446 0.069896 0.069359 0.068835 0.068322 0.067822 0.067333 0.066854 0.066386 0.065928 0.065479 0.065039 0.064608 0.064185 0.063771 0.063364 0.062965 0.062573 0.062188 0.061809 0.061437 0.061071 0.060711 0.060357 0.060008 0.059665 0.059327 0.058993 0.058665 0.058341 0.058022 0.057707 0.057397
0.086820 0.086393 0.085857 0.085191 0.084446 0.083664 0.082870 0.082078 0.081295 0.080526 0.079774 0.079039 0.078322 0.077623 0.076942 0.076279 0.075633 0.075003 0.074389 0.073791 0.073207 0.072637 0.072081 0.071538 0.071006 0.070487 0.069979 0.069482 0.068995 0.068518 0.068050 0.067592 0.067142 0.066700 0.066267 0.065841 0.065423 0.065012 0.064608 0.064210 0.063819 0.063434 0.063054 0.062681 0.062313 0.061950 0.061593 0.061240 0.060892 0.060549
0.096337 0.094308 0.092911 0.091722 0.090633 0.089602 0.088614 0.087661 0.086738 0.085845 0.084979 0.084139 0.083324 0.082534 0.081767 0.081022 0.080298 0.079594 0.078910 0.078244 0.077595 0.076963 0.076347 0.075745 0.075158 0.074584 0.074024 0.073475 0.072939 0.072413 0.071898 0.071394 0.070899 0.070413 0.069937 0.069469 0.069009 0.068557 0.068113 0.067676 0.067247 0.066823 0.066407 0.065997 0.065592 0.065194 0.064801 0.064414 0.064032 0.063656
0.103851 0.101813 0.099920 0.098310 0.096892 0.095599 0.094394 0.093255 0.092171 0.091134 0.090140 0.089183 0.088262 0.087373 0.086514 0.085683 0.084878 0.084098 0.083341 0.082606 0.081892 0.081196 0.080519 0.079859 0.079215 0.078587 0.077973 0.077373 0.076786 0.076212 0.075650 0.075098 0.074558 0.074028 0.073508 0.072997 0.072496 0.072003 0.071518 0.071042 0.070573 0.070111 0.069657 0.069209 0.068769 0.068334 0.067906 0.067484 0.067067 0.066657
0.109840 0.107535 0.105805 0.104194 0.102663 0.101214 0.099846 0.098552 0.097325 0.096157 0.095044 0.093978 0.092957 0.091975 0.091030 0.090118 0.089238 0.088386 0.087561 0.086761 0.085984 0.085229 0.084494 0.083778 0.083081 0.082400 0.081735 0.081086 0.080450 0.079829 0.079220 0.078624 0.078039 0.077466 0.076903 0.076350 0.075808 0.075274 0.074750 0.074234 0.073727 0.073227 0.072736 0.072252 0.071775 0.071305 0.070842 0.070385 0.069934 0.069490
0.112138 0.112191 0.110908 0.109324 0.107718 0.106167 0.104691 0.103290 0.101961 0.100697 0.099494 0.098344 0.097243 0.096187 0.095172 0.094194 0.093250 0.092338 0.091454 0.090598 0.089767 0.088959 0.088172 0.087407 0.086660 0.085932 0.085220 0.084525 0.083845 0.083179 0.082527 0.081888 0.081262 0.080647 0.080044 0.079451 0.078869 0.078297 0.077735 0.077182 0.076638 0.076102 0.075575 0.075055 0.074544 0.074040 0.073543 0.073053 0.072570 0.072093
0.122002 0.118209 0.115721 0.113721 0.111946 0.110305 0.108764 0.107307 0.105923 0.104607 0.103351 0.102150 0.100999 0.099893 0.098829 0.097803 0.096812 0.095853 0.094924 0.094022 0.093146 0.092294 0.091465 0.090656 0.089867 0.089097 0.088344 0.087608 0.086887 0.086182 0.085491 0.084813 0.084148 0.083496 0.082855 0.082226 0.081608 0.081000 0.080402 0.079814 0.079236 0.078666 0.078105 0.077553 0.077009 0.076473 0.075945 0.075424 0.074910 0.074404
0.123696 0.120928 0.118798 0.116920 0.115186 0.113557 0.112017 0.110554 0.109161 0.107830 0.106555 0.105332 0.104157 0.103024 0.101931 0.100875 0.099852 0.098860 0.097897 0.096961 0.096050 0.095162 0.094297 0.093453 0.092628 0.091822 0.091033 0.090261 0.089505 0.088765 0.088038 0.087326 0.086627 0.085941 0.085267 0.084604 0.083953 0.083313 0.082683 0.082064 0.081454 0.080854 0.080263 0.079681 0.079108 0.078543 0.077986 0.077438 0.076897 0.076363
0.121502 0.121941 0.120770 0.119213 0.117605 0.116037 0.114532 0.113092 0.111713 0.110390 0.109117 0.107890 0.106706 0.105560 0.104450 0.103374 0.102329 0.101313 0.100324 0.099361 0.098421 0.097505 0.096610 0.095735 0.094879 0.094042 0.093223 0.092420 0.091633 0.090862 0.090105 0.089362 0.088633 0.087917 0.087213 0.086522 0.085842 0.085174 0.084516 0.083869 0.083233 0.082606 0.081989 0.081381 0.080783 0.080193 0.079612 0.079039 0.078474 0.077918
0.128871 0.125260 0.123019 0.121178 0.119508 0.117943 0.116457 0.115036 0.113671 0.112356 0.111085 0.109855 0.108663 0.107505 0.106380 0.105286 0.104221 0.103183 0.102170 0.101182 0.100217 0.099275 0.098353 0.097451 0.096569 0.095704 0.094858 0.094028 0.093214 0.092416 0.091633 0.090864 0.090109 0.089368 0.088639 0.087923 0.087219 0.086527 0.085846 0.085177 0.084518 0.083869 0.083230 0.082602 0.081982 0.081373 0.080772 0.080180 0.079596 0.079021
0.128544 0.126527 0.124451 0.122611 0.120943 0.119386 0.117906 0.116485 0.115115 0.113789 0.112504 0.111256 0.110043 0.108864 0.107715 0.106597 0.105506 0.104442 0.103404 0.102390 0.101399 0.100430 0.099483 0.098556 0.097648 0.096759 0.095888 0.095035 0.094198 0.093377 0.092572 0.091781 0.091006 0.090244 0.089495 0.088760 0.088037 0.087326 0.086628 0.085940 0.085265 0.084599 0.083945 0.083301 0.082667 0.082042 0.081427 0.080821 0.080225 0.079637
0.129473 0.126927 0.125176 0.123553 0.121972 0.120432 0.118934 0.117481 0.116071 0.114703 0.113375 0.112085 0.110832 0.109614 0.108428 0.107274 0.106150 0.105054 0.103985 0.102942 0.101923 0.100928 0.099956 0.099005 0.098074 0.097164 0.096272 0.095399 0.094543 0.093704 0.092881 0.092074 0.091283 0.090506 0.089743 0.088994 0.088259 0.087536 0.086825 0.086127 0.085441 0.084766 0.084102 0.083448 0.082806 0.082173 0.081550 0.080937 0.080333 0.079739
0.126335 0.126912 0.125841 0.124338 0.122727 0.121110 0.119523 0.117980 0.116484 0.115037 0.113636 0.112281 0.110968 0.109696 0.108462 0.107263 0.106099 0.104966 0.103864 0.102791 0.101745 0.100725 0.099729 0.098757 0.097807 0.096879 0.095971 0.095083 0.094214 0.093363 0.092530 0.091713 0.090913 0.090128 0.089358 0.088602 0.087861 0.087133 0.086418 0.085716 0.085026 0.084349 0.083682 0.083027 0.082383 0.081750 0.081126 0.080513 0.079909 0.079315
0.132508 0.129395 0.127110 0.125060 0.123125 0.121280 0.119514 0.117824 0.116206 0.114653 0.113162 0.111729 0.110348 0.109017 0.107731 0.106488 0.105284 0.104117 0.102985 0.101885 0.100816 0.099776 0.098763 0.097777 0.096815 0.095876 0.094960 0.094065 0.093191 0.092336 0.091500 0.090681 0.089880 0.089096 0.088327 0.087574 0.086835 0.086110 0.085400 0.084702 0.084017 0.083345 0.082685 0.082036 0.081399 0.080772 0.080156 0.079550 0.078954 0.078368
0.134788 0.130617 0.127533 0.124959 0.122667 0.120564 0.118604 0.116762 0.115021 0.113369 0.111795 0.110293 0.108854 0.107474 0.106147 0.104869 0.103637 0.102447 0.101295 0.100180 0.099100 0.098051 0.097032 0.096042 0.095079 0.094141 0.093227 0.092336 0.091467 0.090619 0.089790 0.088981 0.088189 0.087415 0.086658 0.085916 0.085190 0.084479 0.083781 0.083098 0.082427 0.081769 0.081124 0.080490 0.079868 0.079256 0.078656 0.078066 0.077485 0.076915
0.130343 0.128431 0.125799 0.123197 0.120776 0.118541 0.116469 0.114537 0.112724 0.111014 0.109394 0.107855 0.106387 0.104985 0.103642 0.102352 0.101113 0.099919 0.098768 0.097656 0.096580 0.095540 0.094531 0.093553 0.092603 0.091681 0.090783 0.089910 0.089059 0.088231 0.087423 0.086634 0.085864 0.085112 0.084377 0.083659 0.082956 0.082268 0.081594 0.080934 0.080288 0.079654 0.079032 0.078423 0.077824 0.077237 0.076660 0.076093 0.075537 0.074990
0.129048 0.125225 0.122256 0.119626 0.117221 0.115000 0.112937 0.111011 0.109204 0.107501 0.105890 0.104362 0.102908 0.101521 0.100195 0.098926 0.097708 0.096537 0.095411 0.094326 0.093278 0.092266 0.091288 0.090341 0.089423 0.088532 0.087668 0.086828 0.086011 0.085217 0.084443 0.083689 0.082953 0.082236 0.081536 0.080851 0.080183 0.079529 0.078890 0.078264 0.077651 0.077050 0.076462 0.075885 0.075319 0.074764 0.074219 0.073684 0.073158 0.072642
0.122005 0.119368 0.116746 0.114326 0.112089 0.110005 0.108055 0.106222 0.104494 0.102862 0.101316 0.099849 0.098453 0.097123 0.095853 0.094637 0.093473 0.092356 0.091283 0.090250 0.089255 0.088296 0.087369 0.086473 0.085606 0.084767 0.083952 0.083162 0.082395 0.081649 0.080924 0.080218 0.079530 0.078859 0.078205 0.077567 0.076943 0.076334 0.075738 0.075156 0.074586 0.074027 0.073480 0.072944 0.072419 0.071903 0.071398 0.070901 0.070414 0.069935
0.115168 0.112210 0.109855 0.107719 0.105718 0.103828 0.102042 0.100353 0.098755 0.097241 0.095805 0.094441 0.093144 0.091907 0.090728 0.089600 0.088521 0.087486 0.086493 0.085538 0.084620 0.083735 0.082881 0.082056 0.081259 0.080487 0.079740 0.079015 0.078312 0.077629 0.076965 0.076319 0.075690 0.075077 0.074480 0.073897 0.073328 0.072773 0.072229 0.071698 0.071179 0.070670 0.070172 0.069684 0.069205 0.068735 0.068275 0.067823 0.067379 0.066942
0.105032 0.103848 0.102117 0.100290 0.098504 0.096799 0.095185 0.093659 0.092216 0.090852 0.089558 0.088331 0.087164 0.086054 0.084994 0.083982 0.083014 0.082087 0.081197 0.080343 0.079521 0.078729 0.077966 0.077229 0.076517 0.075828 0.075161 0.074515 0.073887 0.073278 0.072686 0.072110 0.071550 0.071004 0.070471 0.069952 0.069445 0.068950 0.068466 0.067992 0.067529 0.067075 0.066631 0.066195 0.065768 0.065349 0.064938 0.064534 0.064137 0.063747
0.098297 0.096194 0.094220 0.092403 0.090731 0.089185 0.087747 0.086402 0.085139 0.083950 0.082825 0.081760 0.080749 0.079788 0.078871 0.077996 0.077159 0.076357 0.075588 0.074850 0.074139 0.073455 0.072795 0.072158 0.071542 0.070946 0.070368 0.069809 0.069265 0.068738 0.068225 0.067725 0.067239 0.066765 0.066303 0.065851 0.065411 0.064980 0.064559 0.064146 0.063742 0.063347 0.062959 0.062579 0.062206 0.061839 0.061479 0.061126 0.060778 0.060436
0.091192 0.087870 0.085692 0.083984 0.082516 0.081196 0.079985 0.078860 0.077807 0.076818 0.075885 0.075001 0.074163 0.073366 0.072606 0.071880 0.071185 0.070519 0.069880 0.069266 0.068674 0.068104 0.067553 0.067021 0.066506 0.066007 0.065524 0.065054 0.064598 0.064154 0.063722 0.063302 0.062891 0.062491 0.062100 0.061718 0.061345 0.060979 0.060621 0.060271 0.059927 0.059590 0.059259 0.058934 0.058615 0.058301 0.057992 0.057689 0.057390 0.057096
0.077512 0.077193 0.076234 0.075170 0.074133 0.073151 0.072228 0.071360 0.070542 0.069769 0.069039 0.068345 0.067685 0.067056 0.066456 0.065881 0.065329 0.064800 0.064290 0.063800 0.063326 0.062869 0.062426 0.061997 0.061582 0.061178 0.060786 0.060405 0.060033 0.059671 0.059318 0.058974 0.058637 0.058308 0.057986 0.057671 0.057362 0.057059 0.056762 0.056471 0.056185 0.055903 0.055627 0.055355 0.055087 0.054824 0.054565 0.054309 0.054057 0.053809
0.068929 0.068150 0.067530 0.066877 0.066205 0.065539 0.064895 0.064278 0.063688 0.063126 0.062589 0.062076 0.061586 0.061116 0.060664 0.060231 0.059813 0.059410 0.059020 0.058644 0.058279 0.057926 0.057583 0.057249 0.056924 0.056608 0.056300 0.055999 0.055705 0.055418 0.055137 0.054862 0.054593 0.054329 0.054070 0.053816 0.053566 0.053320 0.053079 0.052841 0.052608 0.052378 0.052151 0.051927 0.051707 0.051489 0.051275 0.051063 0.050854 0.050647
0.060810 0.060655 0.060196 0.059715 0.059249 0.058802 0.058372 0.057957 0.057557 0.057172 0.056800 0.056441 0.056095 0.055760 0.055436 0.055122 0.054818 0.054523 0.054236 0.053957 0.053685 0.053420 0.053161 0.052908 0.052661 0.052420 0.052183 0.051951 0.051724 0.051501 0.051281 0.051066 0.050854 0.050646 0.050441 0.050239 0.050040 0.049844 0.049651 0.049460 0.049272 0.049086 0.048902 0.048721 0.048541 0.048364 0.048188 0.048014 0.047842 0.047672
0.056176 0.054871 0.054238 0.053820 0.053483 0.053181 0.052898 0.052626 0.052362 0.052105 0.051854 0.051610 0.051371 0.051138 0.050911 0.050689 0.050471 0.050259 0.050050 0.049846 0.049646 0.049450 0.049257 0.049068 0.048882 0.048698 0.048518 0.048341 0.048166 0.047993 0.047823 0.047656 0.047490 0.047327 0.047165 0.047005 0.046848 0.046691 0.046537 0.046384 0.046233 0.046083 0.045934 0.045787 0.045641 0.045497 0.045353 0.045211 0.045070 0.044930
0.049291 0.049422 0.049302 0.049125 0.048934 0.048741 0.048551 0.048364 0.048181 0.048002 0.047826 0.047653 0.047483 0.047316 0.047151 0.046989 0.046830 0.046673 0.046518 0.046365 0.046214 0.046066 0.045919 0.045774 0.045630 0.045489 0.045348 0.045210 0.045073 0.044937 0.044803 0.044670 0.044538 0.044408 0.044279 0.044151 0.044023 0.043897 0.043772 0.043648 0.043525 0.043403 0.043281 0.043160 0.043040 0.042921 0.042803 0.042685 0.042568 0.042452
0.045411 0.045755 0.045807 0.045719 0.045578 0.045423 0.045267 0.045114 0.044965 0.044821 0.044679 0.044541 0.044405 0.044272 0.044141 0.044011 0.043883 0.043757 0.043632 0.043508 0.043386 0.043265 0.043146 0.043027 0.042910 0.042794 0.042679 0.042565 0.042452 0.042340 0.042229 0.042119 0.042009 0.041901 0.041793 0.041686 0.041580 0.041474 0.041369 0.041265 0.041161 0.041058 0.040956 0.040854 0.040752 0.040652 0.040551 0.040451 0.040352 0.040253
0.044550 0.044057 0.043686 0.043416 0.043203 0.043022 0.042860 0.042709 0.042566 0.042429 0.042296 0.042168 0.042042 0.041919 0.041798 0.041680 0.041563 0.041449 0.041335 0.041224 0.041114 0.041005 0.040898 0.040792 0.040687 0.040583 0.040481 0.040379 0.040279 0.040179 0.040081 0.039983 0.039886 0.039790 0.039694 0.039600 0.039506 0.039412 0.039320 0.039228 0.039136 0.039045 0.038955 0.038865 0.038775 0.038686 0.038597 0.038509 0.038421 0.038334
0.043564 0.042435 0.041925 0.041632 0.041421 0.041244 0.041084 0.040933 0.040789 0.040650 0.040514 0.040382 0.040254 0.040128 0.040005 0.039885 0.039768 0.039652 0.039539 0.039428 0.039319 0.039212 0.039107 0.039003 0.038901 0.038801 0.038701 0.038604 0.038507 0.038412 0.038318 0.038225 0.038133 0.038042 0.037952 0.037862 0.037774 0.037686 0.037599 0.037513 0.037428 0.037343 0.037259 0.037175 0.037092 0.037009 0.036927 0.036846 0.036764 0.036684
0.039224 0.039941 0.040125 0.040108 0.040012 0.039884 0.039744 0.039599 0.039454 0.039310 0.039168 0.039029 0.038892 0.038759 0.038629 0.038502 0.038378 0.038256 0.038138 0.038022 0.037909 0.037798 0.037689 0.037582 0.037478 0.037375 0.037274 0.037175 0.037077 0.036981 0.036886 0.036793 0.036701 0.036610 0.036520 0.036432 0.036344 0.036258 0.036172 0.036088 0.036004 0.035921 0.035839 0.035757 0.035677 0.035596 0.035517 0.035438 0.035360 0.035282
0.038489 0.039011 0.039129 0.039090 0.038988 0.038857 0.038713 0.038564 0.038413 0.038262 0.038113 0.037966 0.037823 0.037682 0.037545 0.037411 0.037281 0.037153 0.037029 0.036908 0.036789 0.036673 0.036559 0.036448 0.036339 0.036232 0.036128 0.036025 0.035924 0.035824 0.035727 0.035631 0.035536 0.035443 0.035352 0.035261 0.035172 0.035084 0.034997 0.034911 0.034826 0.034743 0.034660 0.034578 0.034497 0.034416 0.034337 0.034258 0.034180 0.034103
0.040514 0.039277 0.038727 0.038431 0.038221 0.038041 0.037871 0.037707 0.037545 0.037388 0.037233 0.037083 0.036936 0.036792 0.036652 0.036516 0.036382 0.036252 0.036124 0.036000 0.035878 0.035759 0.035642 0.035527 0.035415 0.035305 0.035196 0.035090 0.034986 0.034883 0.034783 0.034684 0.034586 0.034490 0.034395 0.034302 0.034210 0.034119 0.034030 0.033942 0.033855 0.033769 0.033684 0.033600 0.033517 0.033435 0.033354 0.033274 0.033194 0.033116
0.038437 0.038075 0.037863 0.037660 0.037462 0.037272 0.037091 0.036920 0.036756 0.036598 0.036446 0.036298 0.036155 0.036014 0.035878 0.035744 0.035612 0.035484 0.035358 0.035234 0.035112 0.034993 0.034875 0.034760 0.034647 0.034535 0.034425 0.034317 0.034211 0.034106 0.034003 0.033902 0.033802 0.033703 0.033606 0.033510 0.033416 0.033323 0.033231 0.033140 0.033051 0.032962 0.032875 0.032789 0.032703 0.032619 0.032536 0.032454 0.032372 0.032292
0.035302 0.036723 0.036920 0.036813 0.036641 0.036464 0.036296 0.036137 0.035987 0.035843 0.035704 0.035568 0.035436 0.035306 0.035178 0.035053 0.034929 0.034806 0.034685 0.034566 0.034448 0.034332 0.034217 0.034103 0.033991 0.033880 0.033771 0.033663 0.033557 0.033451 0.033348 0.033245 0.033144 0.033044 0.032946 0.032848 0.032752 0.032657 0.032564 0.032471 0.032379 0.032289 0.032200 0.032111 0.032024 0.031938 0.031853 0.031768 0.031685 0.031602
0.039428 0.037083 0.036298 0.035958 0.035759 0.035607 0.035476 0.035352 0.035233 0.035116 0.035000 0.034884 0.034769 0.034654 0.034539 0.034425 0.034311 0.034197 0.034084 0.033971 0.033859 0.033748 0.033637 0.033528 0.033419 0.033311 0.033204 0.033098 0.032992 0.032888 0.032785 0.032683 0.032582 0.032483 0.032384 0.032286 0.032189 0.032094 0.031999 0.031905 0.031813 0.031721 0.031630 0.031541 0.031452 0.031364 0.031277 0.031191 0.031106 0.031022
0.033975 0.034722 0.034851 0.034851 0.034814 0.034760 0.034694 0.034620 0.034538 0.034450 0.034359 0.034263 0.034165 0.034065 0.033963 0.033860 0.033755 0.033650 0.033545 0.033439 0.033333 0.033228 0.033122 0.033017 0.032912 0.032807 0.032704 0.032600 0.032498 0.032396 0.032294 0.032194 0.032094 0.031996 0.031898 0.031800 0.031704 0.031609 0.031514 0.031420 0.031328 0.031236 0.031144 0.031054 0.030965 0.030876 0.030788 0.030701 0.030615 0.030530
0.032586 0.033395 0.033823 0.034015 0.034087 0.034096 0.034071 0.034024 0.033964 0.033893 0.033815 0.033731 0.033643 0.033552 0.033458 0.033362 0.033264 0.033165 0.033066 0.032965 0.032865 0.032764 0.032662 0.032561 0.032460 0.032359 0.032259 0.032159 0.032059 0.031960 0.031861 0.031763 0.031665 0.031568 0.031471 0.031376 0.031280 0.031186 0.031092 0.030999 0.030907 0.030815 0.030724 0.030634 0.030545 0.030456 0.030368 0.030281 0.030194 0.030108
0.034012 0.033875 0.033823 0.033795 0.033765 0.033725 0.033673 0.033611 0.033542 0.033466 0.033384 0.033299 0.033211 0.033120 0.033027 0.032933 0.032838 0.032742 0.032645 0.032547 0.032450 0.032352 0.032254 0.032156 0.032058 0.031960 0.031862 0.031765 0.031668 0.031572 0.031475 0.031379 0.031284 0.031189 0.031094 0.031000 0.030907 0.030814 0.030722 0.030630 0.030539 0.030448 0.030358 0.030268 0.030180 0.030091 0.030004 0.029917 0.029830 0.029744
0.035266 0.034468 0.034056 0.033823 0.033668 0.033548 0.033442 0.033342 0.033244 0.033147 0.033051 0.032954 0.032857 0.032761 0.032664 0.032567 0.032470 0.032373 0.032277 0.032180 0.032084 0.031988 0.031892 0.031796 0.031700 0.031605 0.031510 0.031415 0.031320 0.031226 0.031132 0.031038 0.030945 0.030852 0.030760 0.030668 0.030576 0.030485 0.030394 0.030304 0.030214 0.030125 0.030036 0.029947 0.029860 0.029772 0.029685 0.029599 0.029513 0.029428
0.034113 0.033991 0.033857 0.033703 0.033547 0.033398 0.033258 0.033127 0.033004 0.032886 0.032773 0.032663 0.032556 0.032452 0.032350 0.032249 0.032150 0.032052 0.031954 0.031858 0.031762 0.031667 0.031572 0.031478 0.031384 0.031290 0.031197 0.031104 0.031012 0.030920 0.030828 0.030736 0.030645 0.030554 0.030464 0.030374 0.030284 0.030194 0.030105 0.030016 0.029928 0.029840 0.029752 0.029665 0.029578 0.029492 0.029406 0.029320 0.029235 0.029151
0.032869 0.033523 0.033592 0.033491 0.033342 0.033186 0.033034 0.032890 0.032755 0.032628 0.032506 0.032391 0.032279 0.032172 0.032067 0.031965 0.031865 0.031766 0.031669 0.031573 0.031478 0.031384 0.031291 0.031198 0.031105 0.031013 0.030922 0.030831 0.030740 0.030650 0.030560 0.030470 0.030381 0.030292 0.030203 0.030115 0.030026 0.029938 0.029851 0.029763 0.029676 0.029590 0.029503 0.029417 0.029332 0.029246 0.029161 0.029077 0.028992 0.028908
0.035040 0.033953 0.033497 0.033236 0.033043 0.032879 0.032732 0.032595 0.032467 0.032345 0.032230 0.032119 0.032011 0.031907 0.031805 0.031706 0.031608 0.031511 0.031416 0.031322 0.031229 0.031137 0.031045 0.030954 0.030863 0.030773 0.030683 0.030594 0.030505 0.030416 0.030327 0.030239 0.030151 0.030064 0.029976 0.029889 0.029802 0.029715 0.029629 0.029543 0.029457 0.029372 0.029286 0.029201 0.029116 0.029032 0.028948 0.028864 0.028780 0.028697
0.033221 0.033074 0.032893 0.032734 0.032597 0.032475 0.032362 0.032254 0.032150 0.032049 0.031950 0.031852 0.031755 0.031660 0.031566 0.031472 0.031380 0.031287 0.031196 0.031105 0.031015 0.030925 0.030835 0.030746 0.030657 0.030568 0.030480 0.030392 0.030304 0.030216 0.030129 0.030042 0.029955 0.029868 0.029782 0.029696 0.029610 0.029524 0.029438 0.029353 0.029268 0.029183 0.029099 0.029014 0.028930 0.028846 0.028763 0.028680 0.028597 0.028514
0.031524 0.032024 0.032149 0.032153 0.032116 0.032062 0.031999 0.031930 0.031856 0.031779 0.031699 0.031617 0.031533 0.031448 0.031362 0.031275 0.031188 0.031100 0.031013 0.030925 0.030837 0.030749 0.030661 0.030573 0.030486 0.030398 0.030311 0.030224 0.030137 0.030050 0.029963 0.029877 0.029790 0.029704 0.029618 0.029533 0.029447 0.029362 0.029277 0.029192 0.029107 0.029023 0.028939 0.028855 0.028771 0.028688 0.028604 0.028521 0.028439 0.028356
0.032283 0.031852 0.031792 0.031796 0.031795 0.031778 0.031746 0.031701 0.031647 0.031584 0.031516 0.031444 0.031368 0.031289 0.031208 0.031126 0.031042 0.030957 0.030871 0.030785 0.030699 0.030612 0.030525 0.030438 0.030351 0.030264 0.030177 0.030090 0.030003 0.029916 0.029830 0.029743 0.029657 0.029571 0.029485 0.029399 0.029313 0.029228 0.029143 0.029058 0.028973 0.028889 0.028804 0.028720 0.028637 0.028553 0.028470 0.028387 0.028304 0.028222
0.031160 0.031582 0.031696 0.031728 0.031727 0.031705 0.031668 0.031619 0.031561 0.031496 0.031426 0.031352 0.031275 0.031196 0.031114 0.031031 0.030947 0.030861 0.030775 0.030689 0.030602 0.030514 0.030427 0.030339 0.030251 0.030163 0.030075 0.029988 0.029900 0.029813 0.029725 0.029638 0.029551 0.029464 0.029378 0.029291 0.029205 0.029119 0.029034 0.028948 0.028863 0.028778 0.028693 0.028609 0.028525 0.028441 0.028357 0.028274 0.028191 0.028108
0.032258 0.032073 0.032017 0.031963 0.031899 0.031828 0.031751 0.031672 0.031590 0.031507 0.031423 0.031338 0.031251 0.031164 0.031077 0.030988 0.030900 0.030811 0.030721 0.030632 0.030542 0.030452 0.030362 0.030272 0.030183 0.030093 0.030004 0.029914 0.029825 0.029736 0.029647 0.029559 0.029471 0.029383 0.029295 0.029207 0.029120 0.029033 0.028946 0.028860 0.028774 0.028688 0.028603 0.028517 0.028432 0.028348 0.028263 0.028179 0.028095 0.028012
0.032672 0.032641 0.032486 0.032322 0.032171 0.032034 0.031909 0.031793 0.031682 0.031577 0.031474 0.031374 0.031275 0.031178 0.031081 0.030985 0.030890 0.030795 0.030701 0.030606 0.030513 0.030419 0.030326 0.030233 0.030140 0.030048 0.029956 0.029864 0.029773 0.029682 0.029591 0.029501 0.029411 0.029321 0.029232 0.029143 0.029054 0.028965 0.028877 0.028790 0.028702 0.028615 0.028529 0.028442 0.028356 0.028271 0.028185 0.028100 0.028016 0.027931
0.033685 0.033159 0.032815 0.032561 0.032359 0.032188 0.032038 0.031902 0.031775 0.031654 0.031539 0.031427 0.031319 0.031212 0.031107 0.031004 0.030902 0.030801 0.030701 0.030602 0.030504 0.030406 0.030309 0.030212 0.030116 0.030021 0.029926 0.029832 0.029738 0.029644 0.029551 0.029459 0.029366 0.029275 0.029184 0.029093 0.029002 0.028912 0.028823 0.028733 0.028645 0.028556 0.028468 0.028381 0.028293 0.028206 0.028120 0.028034 0.027948 0.027863
0.033313 0.032945 0.032706 0.032523 0.032366 0.032223 0.032087 0.031957 0.031831 0.031709 0.031589 0.031473 0.031359 0.031247 0.031137 0.031028 0.030921 0.030815 0.030710 0.030607 0.030504 0.030403 0.030302 0.030202 0.030103 0.030005 0.029907 0.029810 0.029713 0.029617 0.029522 0.029427 0.029333 0.029239 0.029146 0.029053 0.028961 0.028869 0.028777 0.028687 0.028596 0.028506 0.028417 0.028328 0.028239 0.028151 0.028063 0.027976 0.027889 0.027802
0.032054 0.032309 0.032378 0.032354 0.032284 0.032189 0.032081 0.031967 0.031851 0.031733 0.031616 0.031499 0.031383 0.031269 0.031156 0.031045 0.030935 0.030826 0.030718 0.030611 0.030506 0.030401 0.030297 0.030195 0.030093 0.029992 0.029891 0.029792 0.029693 0.029594 0.029497 0.029400 0.029303 0.029208 0.029113 0.029018 0.028924 0.028830 0.028737 0.028645 0.028553 0.028462 0.028371 0.028280 0.028190 0.028101 0.028012 0.027923 0.027835 0.027747
0.032065 0.032310 0.032365 0.032338 0.032270 0.032179 0.032076 0.031966 0.031852 0.031737 0.031621 0.031505 0.031389 0.031275 0.031161 0.031048 0.030936 0.030826 0.030716 0.030608 0.030500 0.030393 0.030288 0.030183 0.030079 0.029976 0.029873 0.029772 0.029671 0.029571 0.029471 0.029372 0.029274 0.029177 0.029080 0.028984 0.028888 0.028793 0.028698 0.028605 0.028511 0.028418 0.028326 0.028234 0.028143 0.028052 0.027962 0.027872 0.027783 0.027694
0.033386 0.032898 0.032648 0.032477 0.032335 0.032206 0.032082 0.031962 0.031843 0.031725 0.031608 0.031492 0.031377 0.031262 0.031148 0.031035 0.030923 0.030812 0.030702 0.030592 0.030483 0.030375 0.030268 0.030162 0.030057 0.029952 0.029848 0.029745 0.029643 0.029541 0.029440 0.029340 0.029241 0.029142 0.029043 0.028946 0.028849 0.028752 0.028657 0.028561 0.028467 0.028373 0.028279 0.028186 0.028094 0.028002 0.027910 0.027819 0.027729 0.027639
0.033189 0.032968 0.032727 0.032522 0.032350 0.032201 0.032066 0.031938 0.031816 0.031696 0.031578 0.031462 0.031347 0.031233 0.031119 0.031006 0.030894 0.030783 0.030672 0.030562 0.030453 0.030345 0.030237 0.030130 0.030024 0.029918 0.029813 0.029709 0.029606 0.029503 0.029401 0.029300 0.029199 0.029099 0.028999 0.028901 0.028803 0.028705 0.028608 0.028512 0.028416 0.028321 0.028226 0.028132 0.028039 0.027946 0.027854 0.027762 0.027671 0.027580
0.032908 0.032701 0.032535 0.032390 0.032255 0.032127 0.032004 0.031883 0.031764 0.031647 0.031531 0.031416 0.031301 0.031188 0.031075 0.030962 0.030850 0.030739 0.030628 0.030518 0.030408 0.030300 0.030191 0.030084 0.029977 0.029871 0.029765 0.029660 0.029556 0.029453 0.029350 0.029248 0.029146 0.029045 0.028945 0.028846 0.028747 0.028648 0.028551 0.028453 0.028357 0.028261 0.028166 0.028071 0.027976 0.027883 0.027790 0.027697 0.027605 0.027513
0.032348 0.032274 0.032251 0.032199 0.032120 0.032023 0.031918 0.031808 0.031696 0.031583 0.031469 0.031355 0.031242 0.031129 0.031016 0.030903 0.030791 0.030680 0.030569 0.030458 0.030348 0.030239 0.030131 0.030023 0.029915 0.029809 0.029703 0.029597 0.029493 0.029389 0.029285 0.029183 0.029081 0.028979 0.028878 0.028778 0.028679 0.028580 0.028481 0.028384 0.028286 0.028190 0.028094 0.027998 0.027904 0.027809 0.027716 0.027622 0.027530 0.027438
0.031608 0.032091 0.032168 0.032126 0.032045 0.031948 0.031844 0.031735 0.031624 0.031511 0.031398 0.031284 0.031170 0.031056 0.030942 0.030829 0.030717 0.030605 0.030493 0.030382 0.030272 0.030162 0.030053 0.029945 0.029838 0.029731 0.029624 0.029519 0.029414 0.029309 0.029205 0.029102 0.029000 0.028898 0.028797 0.028696 0.028596 0.028497 0.028398 0.028300 0.028203 0.028106 0.028009 0.027913 0.027818 0.027724 0.027629 0.027536 0.027443 0.027350
0.033399 0.032683 0.032357 0.032168 0.032027 0.031903 0.031785 0.031667 0.031550 0.031433 0.031316 0.031200 0.031083 0.030968 0.030853 0.030738 0.030625 0.030512 0.030400 0.030288 0.030178 0.030068 0.029958 0.029850 0.029742 0.029635 0.029528 0.029422 0.029317 0.029212 0.029109 0.029005 0.028903 0.028801 0.028699 0.028599 0.028498 0.028399 0.028300 0.028202 0.028104 0.028007 0.027910 0.027814 0.027719 0.027624 0.027530 0.027436 0.027343 0.027250
0.032793 0.032441 0.032253 0.032107 0.031973 0.031842 0.031713 0.031587 0.031462 0.031338 0.031216 0.031096 0.030977 0.030859 0.030743 0.030627 0.030512 0.030399 0.030286 0.030174 0.030063 0.029953 0.029843 0.029735 0.029627 0.029519 0.029413 0.029307 0.029202 0.029097 0.028993 0.028890 0.028787 0.028685 0.028584 0.028483 0.028383 0.028284 0.028185 0.028087 0.027989 0.027892 0.027795 0.027699 0.027604 0.027509 0.027415 0.027321 0.027228 0.027135
0.031178 0.031911 0.032046 0.031991 0.031874 0.031740 0.031604 0.031470 0.031339 0.031211 0.031086 0.030964 0.030843 0.030724 0.030607 0.030491 0.030376 0.030262 0.030149 0.030037 0.029926 0.029816 0.029707 0.029598 0.029491 0.029383 0.029277 0.029171 0.029066 0.028962 0.028858 0.028755 0.028653 0.028551 0.028450 0.028350 0.028250 0.028150 0.028052 0.027954 0.027856 0.027759 0.027663 0.027567 0.027472 0.027378 0.027284 0.027190 0.027097 0.027005
0.033135 0.032470 0.032138 0.031915 0.031736 0.031579 0.031434 0.031298 0.031167 0.031040 0.030917 0.030795 0.030676 0.030558 0.030442 0.030327 0.030213 0.030100 0.029987 0.029876 0.029766 0.029656 0.029548 0.029440 0.029332 0.029226 0.029120 0.029015 0.028910 0.028806 0.028703 0.028600 0.028499 0.028397 0.028297 0.028197 0.028097 0.027998 0.027900 0.027803 0.027706 0.027609 0.027513 0.027418 0.027323 0.027229 0.027136 0.027043 0.026950 0.026858
0.032874 0.032238 0.031868 0.031634 0.031463 0.031320 0.031190 0.031065 0.030944 0.030825 0.030708 0.030591 0.030476 0.030361 0.030247 0.030134 0.030022 0.029911 0.029800 0.029690 0.029581 0.029473 0.029365 0.029258 0.029151 0.029045 0.028940 0.028836 0.028732 0.028629 0.028527 0.028425 0.028324 0.028223 0.028123 0.028024 0.027925 0.027827 0.027730 0.027633 0.027536 0.027441 0.027346 0.027251 0.027157 0.027064 0.026971 0.026879 0.026787 0.026696
0.030878 0.031100 0.031165 0.031144 0.031080 0.030995 0.030898 0.030795 0.030689 0.030580 0.030470 0.030359 0.030248 0.030137 0.030027 0.029917 0.029807 0.029697 0.029588 0.029480 0.029372 0.029265 0.029158 0.029053 0.028947 0.028843 0.028739 0.028635 0.028532 0.028430 0.028329 0.028228 0.028128 0.028028 0.027929 0.027831 0.027733 0.027636 0.027540 0.027444 0.027349 0.027254 0.027160 0.027066 0.026973 0.026881 0.026789 0.026698 0.026607 0.026517
0.029941 0.030546 0.030757 0.030802 0.030772 0.030705 0.030621 0.030526 0.030425 0.030322 0.030216 0.030109 0.030001 0.029893 0.029784 0.029676 0.029568 0.029460 0.029353 0.029246 0.029140 0.029034 0.028929 0.028825 0.028721 0.028617 0.028515 0.028413 0.028311 0.028210 0.028110 0.028011 0.027912 0.027813 0.027716 0.027619 0.027522 0.027427 0.027331 0.027237 0.027143 0.027049 0.026956 0.026864 0.026772 0.026681 0.026591 0.026501 0.026411 0.026322
0.031639 0.031119 0.030872 0.030717 0.030595 0.030484 0.030377 0.030271 0.030165 0.030059 0.029952 0.029844 0.029737 0.029629 0.029522 0.029415 0.029308 0.029202 0.029096 0.028991 0.028886 0.028782 0.028678 0.028575 0.028473 0.028371 0.028270 0.028169 0.028069 0.027970 0.027871 0.027773 0.027676 0.027579 0.027483 0.027388 0.027293 0.027199 0.027105 0.027012 0.026920 0.026828 0.026737 0.026646 0.026556 0.026466 0.026377 0.026289 0.026201 0.026113
0.031643 0.031130 0.030791 0.030563 0.030393 0.030253 0.030128 0.030010 0.029896 0.029784 0.029674 0.029564 0.029456 0.029348 0.029240 0.029134 0.029028 0.028922 0.028818 0.028714 0.028610 0.028508 0.028406 0.028304 0.028204 0.028104 0.028004 0.027906 0.027808 0.027710 0.027614 0.027518 0.027422 0.027327 0.027233 0.027140 0.027047 0.026955 0.026863 0.026772 0.026681 0.026591 0.026502 0.026413 0.026325 0.026237 0.026150 0.026063 0.025977 0.025892
0.030404 0.030374 0.030297 0.030192 0.030075 0.029954 0.029834 0.029715 0.029599 0.029485 0.029372 0.029261 0.029152 0.029044 0.028937 0.028831 0.028726 0.028622 0.028519 0.028416 0.028315 0.028214 0.028114 0.028015 0.027916 0.027818 0.027721 0.027625 0.027529 0.027434 0.027339 0.027245 0.027152 0.027060 0.026968 0.026877 0.026786 0.026696 0.026607 0.026518 0.026429 0.026342 0.026254 0.026168 0.026082 0.025996 0.025911 0.025827 0.025742 0.025659
0.029428 0.029742 0.029830 0.029799 0.029716 0.029610 0.029497 0.029381 0.029266 0.029152 0.029041 0.028931 0.028822 0.028715 0.028610 0.028506 0.028403 0.028300 0.028199 0.028099 0.028000 0.027902 0.027804 0.027707 0.027611 0.027516 0.027422 0.027328 0.027235 0.027142 0.027051 0.026960 0.026869 0.026779 0.026690 0.026601 0.026513 0.026426 0.026339 0.026253 0.026167 0.026082 0.025997 0.025913 0.025829 0.025746 0.025663 0.025581 0.025499 0.025418
0.029861 0.029809 0.029652 0.029502 0.029368 0.029243 0.029124 0.029008 0.028896 0.028786 0.028678 0.028571 0.028466 0.028363 0.028260 0.028159 0.028059 0.027960 0.027863 0.027766 0.027669 0.027574 0.027480 0.027386 0.027293 0.027201 0.027110 0.027019 0.026929 0.026840 0.026751 0.026663 0.026576 0.026489 0.026403 0.026317 0.026232 0.026147 0.026063 0.025980 0.025897 0.025815 0.025733 0.025651 0.025570 0.025490 0.025410 0.025330 0.025251 0.025173
0.030858 0.029778 0.029339 0.029107 0.028950 0.028823 0.028708 0.028600 0.028494 0.028391 0.028289 0.028188 0.028089 0.027990 0.027893 0.027796 0.027701 0.027606 0.027512 0.027419 0.027327 0.027236 0.027145 0.027055 0.026966 0.026878 0.026790 0.026703 0.026616 0.026531 0.026445 0.026361 0.026277 0.026193 0.026110 0.026028 0.025946 0.025865 0.025784 0.025704 0.025624 0.025545 0.025466 0.025387 0.025309 0.025232 0.025154 0.025078 0.025001 0.024926
0.027829 0.028426 0.028536 0.028508 0.028437 0.028352 0.028261 0.028167 0.028073 0.027979 0.027885 0.027792 0.027698 0.027606 0.027514 0.027423 0.027333 0.027243 0.027154 0.027066 0.026978 0.026891 0.026805 0.026720 0.026635 0.026551 0.026467 0.026384 0.026301 0.026219 0.026138 0.026057 0.025977 0.025897 0.025818 0.025739 0.025661 0.025583 0.025505 0.025428 0.025352 0.025276 0.025200 0.025125 0.025050 0.024975 0.024901 0.024827 0.024754 0.024681
0.027797 0.027944 0.028011 0.028009 0.027965 0.027899 0.027822 0.027739 0.027654 0.027567 0.027480 0.027393 0.027306 0.027220 0.027134 0.027048 0.026964 0.026879 0.026796 0.026713 0.026630 0.026548 0.026467 0.026386 0.026306 0.026226 0.026147 0.026068 0.025990 0.025912 0.025835 0.025758 0.025682 0.025606 0.025530 0.025455 0.025381 0.025306 0.025233 0.025159 0.025086 0.025013 0.024941 0.024869 0.024797 0.024726 0.024655 0.024584 0.024513 0.024443
0.028412 0.027975 0.027792 0.027679 0.027586 0.027500 0.027416 0.027332 0.027249 0.027166 0.027084 0.027003 0.026922 0.026841 0.026761 0.026681 0.026602 0.026524 0.026445 0.026368 0.026290 0.026214 0.026137 0.026062 0.025986 0.025911 0.025837 0.025762 0.025689 0.025615 0.025542 0.025470 0.025397 0.025325 0.025254 0.025183 0.025112 0.025041 0.024971 0.024901 0.024831 0.024762 0.024693 0.024624 0.024555 0.024487 0.024419 0.024352 0.024284 0.024217
0.027529 0.027607 0.027474 0.027335 0.027218 0.027117 0.027027 0.026942 0.026861 0.026783 0.026705 0.026629 0.026554 0.026479 0.026404 0.026330 0.026257 0.026184 0.026111 0.026039 0.025967 0.025896 0.025825 0.025754 0.025683 0.025613 0.025543 0.025474 0.025404 0.025335 0.025266 0.025198 0.025130 0.025062 0.024994 0.024927 0.024859 0.024792 0.024726 0.024659 0.024593 0.024527 0.024461 0.024395 0.024330 0.024265 0.024200 0.024135 0.024071 0.024006
0.027798 0.027231 0.027018 0.026896 0.026803 0.026719 0.026641 0.026565 0.026492 0.026420 0.026349 0.026279 0.026210 0.026141 0.026072 0.026004 0.025937 0.025869 0.025802 0.025736 0.025669 0.025603 0.025536 0.025470 0.025405 0.025339 0.025274 0.025209 0.025144 0.025079 0.025014 0.024950 0.024885 0.024821 0.024757 0.024693 0.024630 0.024566 0.024503 0.024439 0.024376 0.024313 0.024251 0.024188 0.024126 0.024063 0.024001 0.023939 0.023877 0.023816
0.025895 0.026300 0.026409 0.026417 0.026384 0.026333 0.026275 0.026214 0.026151 0.026088 0.026025 0.025962 0.025899 0.025837 0.025774 0.025712 0.025650 0.025588 0.025527 0.025465 0.025403 0.025342 0.025281 0.025219 0.025158 0.025097 0.025036 0.024975 0.024914 0.024853 0.024792 0.024731 0.024670 0.024609 0.024549 0.024488 0.024428 0.024367 0.024307 0.024247 0.024187 0.024127 0.024067 0.024007 0.023947 0.023887 0.023828 0.023768 0.023709 0.023650
0.025941 0.026079 0.026111 0.026096 0.026060 0.026015 0.025964 0.025911 0.025856 0.025801 0.025745 0.025689 0.025633 0.025576 0.025520 0.025463 0.025407 0.025350 0.025293 0.025236 0.025179 0.025122 0.025065 0.025008 0.024950 0.024893 0.024835 0.024778 0.024720 0.024663 0.024605 0.024548 0.024490 0.024432 0.024375 0.024317 0.024259 0.024202 0.024144 0.024086 0.024029 0.023971 0.023914 0.023856 0.023799 0.023741 0.023684 0.023626 0.023569 0.023512
0.026735 0.026231 0.026017 0.025905 0.025831 0.025773 0.025720 0.025670 0.025621 0.025571 0.025522 0.025471 0.025421 0.025370 0.025318 0.025266 0.025214 0.025162 0.025109 0.025056 0.025003 0.024950 0.024896 0.024842 0.024788 0.024734 0.024679 0.024625 0.024570 0.024515 0.024460 0.024405 0.024350 0.024295 0.024240 0.024184 0.024129 0.024073 0.024018 0.023962 0.023906 0.023851 0.023795 0.023739 0.023684 0.023628 0.023572 0.023516 0.023461 0.023405
0.025793 0.025816 0.025755 0.025692 0.025637 0.025589 0.025544 0.025499 0.025455 0.025411 0.025365 0.025320 0.025273 0.025226 0.025178 0.025130 0.025081 0.025032 0.024982 0.024932 0.024882 0.024831 0.024780 0.024728 0.024677 0.024624 0.024572 0.024520 0.024467 0.024414 0.024361 0.024308 0.024254 0.024201 0.024147 0.024093 0.024039 0.023985 0.023931 0.023877 0.023823 0.023769 0.023714 0.023660 0.023605 0.023551 0.023496 0.023442 0.023387 0.023333
0.025400 0.025478 0.025518 0.025523 0.025507 0.025479 0.025445 0.025408 0.025368 0.025327 0.025285 0.025242 0.025197 0.025152 0.025107 0.025060 0.025013 0.024966 0.024918 0.024869 0.024820 0.024770 0.024721 0.024670 0.024620 0.024569 0.024518 0.024466 0.024415 0.024363 0.024311 0.024258 0.024206 0.024153 0.024100 0.024047 0.023994 0.023941 0.023888 0.023834 0.023781 0.023727 0.023673 0.023619 0.023566 0.023512 0.023458 0.023404 0.023350 0.023296
