0.033232 0.187866 0.031220 0.105253
0.033085 0.189294 0.031287 0.106152
0.032798 0.192201 0.031417 0.107951
0.032383 0.196767 0.031606 0.110697
0.031858 0.203660 0.031841 0.114689
0.031235 0.215504 0.032082 0.121388
0.030512 0.243068 0.032168 0.137464
0.029627 0.330750 0.031366 0.192594
0.028517 0.647917 0.026159 0.413597
0.031528 1.487334 0.000938 1.155428
0.046567 2.525100 0.000001 2.106142
0.061756 3.543829 0.000001 3.039322
0.076802 4.542382 0.000001 3.952762
0.091574 5.519190 0.000001 4.845387
0.106055 6.472043 0.000001 5.715229
0.120264 7.398781 0.000001 6.560388
0.134229 8.297066 0.000001 7.378813
0.147991 9.164312 0.000001 8.168230
0.161601 9.997647 0.000001 8.926101
0.175113 10.793867 0.000001 9.649578
0.188582 11.549397 0.000001 10.335468
0.202053 12.260267 0.000001 10.980213
0.215548 12.922103 0.000001 11.579879
0.229045 13.530140 0.000001 12.130179
0.242445 14.079270 0.000001 12.626518
0.255537 14.564122 0.000001 13.064074
0.267954 14.979180 0.000001 13.437907
0.279139 15.318931 0.000001 13.743100
0.288361 15.578035 0.000001 13.974916
0.294806 15.751521 0.000001 14.128978
0.297751 15.834982 0.000001 14.201441
0.296784 15.824771 0.000001 14.189175
0.291944 15.718186 0.000001 14.089917
0.283710 15.513629 0.000001 13.902413
0.272825 15.210743 0.000001 13.626516
0.260086 14.810499 0.000001 13.263257
0.246175 14.315255 0.000001 12.814859
0.231586 13.728741 0.000001 12.284714
0.216626 13.055991 0.000001 11.677290
0.201454 12.303199 0.000001 10.997989
0.186121 11.477491 0.000001 10.252949
0.170615 10.586640 0.000001 9.448800
0.154890 9.638716 0.000001 8.592387
0.138887 8.641724 0.000001 7.690490
0.122549 7.603259 0.000001 6.749566
0.105834 6.530224 0.000001 5.775538
0.088718 5.428640 0.000001 4.773653
0.071205 4.303459 0.000001 3.748282
0.053292 3.158760 0.000001 2.703273
0.035309 2.005430 0.000001 1.650480
0.022857 0.863800 0.024771 0.600822
0.021771 0.318710 0.036187 0.179231
0.021550 0.166848 0.039140 0.070121
0.021470 0.123033 0.039884 0.041391
0.021410 0.107339 0.040069 0.032994
0.021351 0.099356 0.040097 0.029877
0.021293 0.093863 0.040062 0.028265
0.021235 0.089479 0.039987 0.027190
0.021178 0.085801 0.039876 0.026383
0.021124 0.082674 0.039733 0.025750
0.021071 0.080010 0.039560 0.025246
0.021021 0.077743 0.039360 0.024842
0.020973 0.075817 0.039138 0.024514
0.020927 0.074179 0.038897 0.024247
0.020883 0.072784 0.038642 0.024027
0.020841 0.071590 0.038377 0.023843
0.020801 0.070560 0.038106 0.023687
0.020762 0.069661 0.037832 0.023553
0.020725 0.068863 0.037558 0.023436
0.020690 0.068142 0.037286 0.023330
0.020657 0.067477 0.037019 0.023234
0.020625 0.066848 0.036759 0.023142
0.020597 0.066243 0.036507 0.023052
0.020570 0.065648 0.036264 0.022960
0.020546 0.065055 0.036030 0.022863
0.020523 0.064456 0.035806 0.022758
0.020501 0.063847 0.035590 0.022643
0.020478 0.063222 0.035380 0.022514
0.020452 0.062578 0.035172 0.022370
0.020419 0.061910 0.034962 0.022211
0.020377 0.061214 0.034745 0.022034
0.020322 0.060486 0.034517 0.021839
0.020252 0.059723 0.034272 0.021628
0.020163 0.058920 0.034006 0.021399
0.020054 0.058076 0.033718 0.021154
0.019925 0.057188 0.033405 0.020893
0.019776 0.056259 0.033069 0.020619
0.019609 0.055291 0.032714 0.020333
0.019428 0.054292 0.032343 0.020037
0.019235 0.053273 0.031963 0.019734
0.019037 0.052246 0.031582 0.019430
0.018839 0.051229 0.031208 0.019127
0.018646 0.050242 0.030849 0.018833
0.018464 0.049307 0.030513 0.018554
0.018298 0.048447 0.030210 0.018297
0.018152 0.047687 0.029945 0.018068
0.018031 0.047047 0.029726 0.017876
0.017937 0.046549 0.029556 0.017725
0.017873 0.046207 0.029441 0.017621
0.017841 0.046033 0.029383 0.017568
