0.000001 0.654873 0.000001 0.670463
0.000001 0.656422 0.000001 0.671795
0.000001 0.659454 0.000001 0.674399
0.000001 0.663842 0.000001 0.678166
0.000001 0.669409 0.000001 0.682941
0.000001 0.675948 0.000001 0.688542
0.000001 0.683233 0.000001 0.694772
0.000001 0.691042 0.000001 0.701434
0.000001 0.699165 0.000001 0.708346
0.000001 0.707421 0.000001 0.715344
0.000001 0.715658 0.000001 0.722295
0.000001 0.723758 0.000001 0.729093
0.000001 0.731639 0.000001 0.735662
0.000001 0.739244 0.000001 0.741949
0.000001 0.746543 0.000001 0.747924
0.000001 0.753521 0.000001 0.753571
0.000001 0.760174 0.000001 0.758883
0.000001 0.766503 0.000001 0.763860
0.000001 0.772510 0.000001 0.768502
0.000001 0.778191 0.000001 0.772803
0.000001 0.783531 0.000001 0.776753
0.000001 0.788504 0.000001 0.780330
0.000001 0.793070 0.000001 0.783501
0.000001 0.797170 0.000001 0.786220
0.000001 0.800728 0.000001 0.788427
0.000001 0.803652 0.000001 0.790049
0.000001 0.805836 0.000001 0.791002
0.000001 0.807161 0.000001 0.791192
0.000001 0.807501 0.000001 0.790522
0.000001 0.806730 0.000001 0.788890
0.000001 0.804725 0.000001 0.786200
0.000001 0.801370 0.000001 0.782361
0.000001 0.796565 0.000001 0.777294
0.000001 0.790229 0.000001 0.770933
0.000001 0.782300 0.000001 0.763226
0.000001 0.772740 0.000001 0.754140
0.000001 0.761536 0.000001 0.743655
0.000001 0.748697 0.000001 0.731769
0.000001 0.734260 0.000001 0.718495
0.000001 0.718284 0.000001 0.703859
0.000001 0.700852 0.000001 0.687899
0.000001 0.682074 0.000001 0.670667
0.000001 0.662083 0.000001 0.652226
0.000001 0.641037 0.000001 0.632652
0.000001 0.619120 0.000001 0.612032
0.000001 0.596539 0.000001 0.590465
0.000001 0.573521 0.000001 0.568062
0.000001 0.550311 0.000001 0.544945
0.000001 0.527165 0.000001 0.521242
0.000001 0.504345 0.000001 0.497086
0.000001 0.482111 0.000001 0.472611
0.000001 0.460713 0.000001 0.447946
0.000001 0.440381 0.000001 0.423212
0.000001 0.421324 0.000001 0.398516
0.000001 0.403718 0.000001 0.373960
0.000001 0.387708 0.005531 0.349589
0.000001 0.373303 0.017725 0.326299
0.000001 0.360441 0.031071 0.305105
0.000001 0.349050 0.043402 0.286521
0.000001 0.339053 0.053966 0.270664
0.000001 0.330355 0.062604 0.257415
0.000001 0.322847 0.069410 0.246542
0.000001 0.316409 0.074576 0.237764
0.000001 0.310914 0.078327 0.230794
0.000001 0.306236 0.080891 0.225349
0.000001 0.302248 0.082484 0.221165
0.000001 0.298832 0.083303 0.217997
0.000001 0.295877 0.083529 0.215623
0.000001 0.293280 0.083322 0.213846
0.000001 0.290950 0.082824 0.212487
0.000001 0.288806 0.082161 0.211389
0.000001 0.286778 0.081442 0.210417
0.000001 0.284808 0.080761 0.209453
0.000001 0.282845 0.080194 0.208401
0.000001 0.280852 0.079799 0.207186
0.000001 0.278797 0.079617 0.205754
0.000001 0.276657 0.079665 0.204073
0.000001 0.274415 0.079940 0.202131
0.000001 0.272057 0.080422 0.199933
0.000001 0.269572 0.081074 0.197500
0.000001 0.266950 0.081847 0.194860
0.000001 0.264183 0.082690 0.192045
0.000001 0.261261 0.083554 0.189086
0.000001 0.258176 0.084398 0.186005
0.000001 0.254922 0.085197 0.182816
0.000001 0.251494 0.085940 0.179523
0.000001 0.247897 0.086633 0.176122
0.000001 0.244141 0.087298 0.172604
0.000001 0.240247 0.087961 0.168964
0.000001 0.236250 0.088653 0.165206
0.000001 0.232200 0.089399 0.161352
0.000001 0.228162 0.090214 0.157441
0.000001 0.224214 0.091097 0.153542
0.000001 0.220446 0.092030 0.149742
0.000001 0.216958 0.092977 0.146152
0.000001 0.213850 0.093891 0.142894
0.000001 0.211223 0.094717 0.140095
0.000001 0.209164 0.095398 0.137873
0.000001 0.207747 0.095884 0.136330
0.000001 0.207026 0.096137 0.135540
