0.056206 0.055633 0.055168 0.054779 0.054439 0.054135 0.053854 0.053588 0.053331 0.053075 0.052817 0.052551 0.052273 0.051979 0.051665 0.051327 0.050962 0.050566 0.050135 0.049665 0.049152 0.048594 0.047985 0.047321 0.046598 0.045812 0.044957 0.044029 0.043023 0.041934 0.040755 0.039481 0.038107 0.036625 0.035030 0.033316 0.031476 0.029505 0.027396 0.025146 0.022749 0.020202 0.017503 0.014650 0.011648 0.008502 0.005230 0.001882 0.000001 0.000001
0.053653 0.053462 0.053277 0.053077 0.052871 0.052665 0.052457 0.052247 0.052030 0.051805 0.051567 0.051315 0.051044 0.050752 0.050436 0.050091 0.049716 0.049307 0.048860 0.048371 0.047838 0.047255 0.046620 0.045928 0.045175 0.044356 0.043466 0.042501 0.041456 0.040325 0.039103 0.037783 0.036361 0.034831 0.033187 0.031423 0.029535 0.027517 0.025367 0.023081 0.020656 0.018094 0.015394 0.012564 0.009612 0.006565 0.003475 0.000570 0.000001 0.000001
0.049924 0.050259 0.050310 0.050279 0.050209 0.050110 0.049988 0.049841 0.049672 0.049479 0.049262 0.049020 0.048750 0.048451 0.048121 0.047756 0.047355 0.046914 0.046430 0.045901 0.045321 0.044689 0.044000 0.043249 0.042433 0.041547 0.040587 0.039547 0.038423 0.037208 0.035899 0.034490 0.032975 0.031350 0.029612 0.027756 0.025782 0.023686 0.021470 0.019134 0.016685 0.014128 0.011475 0.008751 0.005990 0.003274 0.000855 0.000001 0.000001 0.000001
0.047769 0.047215 0.047106 0.047086 0.047062 0.047008 0.046920 0.046798 0.046641 0.046451 0.046227 0.045968 0.045674 0.045343 0.044974 0.044563 0.044110 0.043611 0.043064 0.042465 0.041811 0.041098 0.040322 0.039480 0.038567 0.037578 0.036509 0.035356 0.034112 0.032773 0.031335 0.029794 0.028147 0.026393 0.024531 0.022563 0.020491 0.018321 0.016061 0.013721 0.011322 0.008881 0.006448 0.004073 0.001917 0.000102 0.000001 0.000001 0.000001 0.000001
0.043154 0.043722 0.043901 0.043940 0.043907 0.043825 0.043701 0.043537 0.043336 0.043096 0.042818 0.042500 0.042142 0.041742 0.041298 0.040808 0.040269 0.039679 0.039035 0.038333 0.037570 0.036742 0.035846 0.034877 0.033830 0.032701 0.031486 0.030179 0.028777 0.027276 0.025675 0.023974 0.022175 0.020282 0.018304 0.016248 0.014130 0.011969 0.009779 0.007603 0.005484 0.003445 0.001715 0.000198 0.000001 0.000001 0.000001 0.000001 0.000001 0.000001
0.041133 0.041320 0.041322 0.041229 0.041077 0.040882 0.040650 0.040380 0.040074 0.039730 0.039348 0.038925 0.038459 0.037948 0.037390 0.036782 0.036121 0.035404 0.034627 0.033788 0.032882 0.031904 0.030852 0.029720 0.028504 0.027199 0.025800 0.024306 0.022714 0.021027 0.019251 0.017394 0.015467 0.013491 0.011485 0.009465 0.007485 0.005568 0.003728 0.002170 0.000807 0.000001 0.000001 0.000001 0.000001 0.000001 0.000001 0.000001 0.000001 0.000001
0.040571 0.039871 0.039434 0.039067 0.038709 0.038335 0.037938 0.037513 0.037056 0.036566 0.036038 0.035470 0.034859 0.034202 0.033495 0.032735 0.031919 0.031042 0.030101 0.029092 0.028010 0.026851 0.025610 0.024282 0.022863 0.021349 0.019740 0.018037 0.016250 0.014393 0.012489 0.010560 0.008637 0.006777 0.004986 0.003327 0.001948 0.000726 0.000001 0.000001 0.000001 0.000001 0.000001 0.000001 0.000001 0.000001 0.000001 0.000001 0.000001 0.000001
0.039130 0.038472 0.037876 0.037307 0.036745 0.036178 0.035597 0.034995 0.034366 0.033706 0.033010 0.032274 0.031494 0.030666 0.029787 0.028850 0.027854 0.026792 0.025661 0.024456 0.023172 0.021804 0.020348 0.018798 0.017151 0.015411 0.013587 0.011701 0.009784 0.007876 0.006043 0.004288 0.002760 0.001487 0.000350 0.000001 0.000001 0.000001 0.000001 0.000001 0.000001 0.000001 0.000001 0.000001 0.000001 0.000001 0.000001 0.000001 0.000001 0.000001
0.037445 0.037090 0.036463 0.035768 0.035050 0.034318 0.033569 0.032799 0.032001 0.031172 0.030304 0.029395 0.028438 0.027429 0.026365 0.025239 0.024048 0.022786 0.021449 0.020031 0.018528 0.016933 0.015242 0.013454 0.011576 0.009634 0.007668 0.005760 0.003943 0.002398 0.001124 0.000001 0.000001 0.000001 0.000001 0.000001 0.000001 0.000001 0.000001 0.000001 0.000001 0.000001 0.000001 0.000001 0.000001 0.000001 0.000001 0.000001 0.000001 0.000001
0.037113 0.036028 0.035174 0.034351 0.033516 0.032662 0.031782 0.030872 0.029927 0.028943 0.027916 0.026839 0.025710 0.024522 0.023272 0.021955 0.020565 0.019097 0.017547 0.015908 0.014176 0.012345 0.010415 0.008403 0.006357 0.004377 0.002582 0.001155 0.000001 0.000001 0.000001 0.000001 0.000001 0.000001 0.000001 0.000001 0.000001 0.000001 0.000001 0.000001 0.000001 0.000001 0.000001 0.000001 0.000001 0.000001 0.000001 0.000001 0.000001 0.000001
0.035430 0.034729 0.033895 0.033023 0.032120 0.031181 0.030203 0.029181 0.028112 0.026993 0.025821 0.024591 0.023298 0.021940 0.020511 0.019006 0.017420 0.015749 0.013986 0.012127 0.010165 0.008101 0.005962 0.003849 0.001960 0.000475 0.000001 0.000001 0.000001 0.000001 0.000001 0.000001 0.000001 0.000001 0.000001 0.000001 0.000001 0.000001 0.000001 0.000001 0.000001 0.000001 0.000001 0.000001 0.000001 0.000001 0.000001 0.000001 0.000001 0.000001
0.034365 0.033596 0.032765 0.031870 0.030917 0.029908 0.028844 0.027722 0.026542 0.025300 0.023995 0.022622 0.021177 0.019658 0.018058 0.016375 0.014601 0.012732 0.010763 0.008687 0.006504 0.004254 0.002104 0.000404 0.000001 0.000001 0.000001 0.000001 0.000001 0.000001 0.000001 0.000001 0.000001 0.000001 0.000001 0.000001 0.000001 0.000001 0.000001 0.000001 0.000001 0.000001 0.000001 0.000001 0.000001 0.000001 0.000001 0.000001 0.000001 0.000001
0.033875 0.032917 0.031983 0.031008 0.029975 0.028878 0.027718 0.026493 0.025201 0.023841 0.022408 0.020899 0.019311 0.017640 0.015879 0.014025 0.012072 0.010014 0.007846 0.005565 0.003211 0.001065 0.000001 0.000001 0.000001 0.000001 0.000001 0.000001 0.000001 0.000001 0.000001 0.000001 0.000001 0.000001 0.000001 0.000001 0.000001 0.000001 0.000001 0.000001 0.000001 0.000001 0.000001 0.000001 0.000001 0.000001 0.000001 0.000001 0.000001 0.000001
0.033295 0.032464 0.031481 0.030409 0.029269 0.028065 0.026797 0.025462 0.024057 0.022579 0.021023 0.019385 0.017660 0.015844 0.013930 0.011915 0.009791 0.007554 0.005197 0.002747 0.000534 0.000001 0.000001 0.000001 0.000001 0.000001 0.000001 0.000001 0.000001 0.000001 0.000001 0.000001 0.000001 0.000001 0.000001 0.000001 0.000001 0.000001 0.000001 0.000001 0.000001 0.000001 0.000001 0.000001 0.000001 0.000001 0.000001 0.000001 0.000001 0.000001
0.033361 0.032316 0.031166 0.029960 0.028703 0.027389 0.026015 0.024574 0.023061 0.021470 0.019797 0.018036 0.016181 0.014227 0.012168 0.009999 0.007713 0.005304 0.002779 0.000419 0.000001 0.000001 0.000001 0.000001 0.000001 0.000001 0.000001 0.000001 0.000001 0.000001 0.000001 0.000001 0.000001 0.000001 0.000001 0.000001 0.000001 0.000001 0.000001 0.000001 0.000001 0.000001 0.000001 0.000001 0.000001 0.000001 0.000001 0.000001 0.000001 0.000001
0.033757 0.032176 0.030836 0.029525 0.028179 0.026780 0.025317 0.023782 0.022170 0.020475 0.018692 0.016814 0.014835 0.012750 0.010553 0.008236 0.005795 0.003223 0.000675 0.000001 0.000001 0.000001 0.000001 0.000001 0.000001 0.000001 0.000001 0.000001 0.000001 0.000001 0.000001 0.000001 0.000001 0.000001 0.000001 0.000001 0.000001 0.000001 0.000001 0.000001 0.000001 0.000001 0.000001 0.000001 0.000001 0.000001 0.000001 0.000001 0.000001 0.000001
0.032245 0.031515 0.030372 0.029072 0.027683 0.026219 0.024681 0.023063 0.021360 0.019567 0.017679 0.015688 0.013590 0.011379 0.009047 0.006588 0.003996 0.001299 0.000001 0.000001 0.000001 0.000001 0.000001 0.000001 0.000001 0.000001 0.000001 0.000001 0.000001 0.000001 0.000001 0.000001 0.000001 0.000001 0.000001 0.000001 0.000001 0.000001 0.000001 0.000001 0.000001 0.000001 0.000001 0.000001 0.000001 0.000001 0.000001 0.000001 0.000001 0.000001
0.033187 0.031576 0.030144 0.028724 0.027257 0.025722 0.024107 0.022407 0.020616 0.018727 0.016735 0.014635 0.012420 0.010085 0.007622 0.005025 0.002289 0.000001 0.000001 0.000001 0.000001 0.000001 0.000001 0.000001 0.000001 0.000001 0.000001 0.000001 0.000001 0.000001 0.000001 0.000001 0.000001 0.000001 0.000001 0.000001 0.000001 0.000001 0.000001 0.000001 0.000001 0.000001 0.000001 0.000001 0.000001 0.000001 0.000001 0.000001 0.000001 0.000001
0.032590 0.031216 0.029834 0.028393 0.026876 0.025275 0.023586 0.021803 0.019922 0.017937 0.015842 0.013633 0.011303 0.008845 0.006254 0.003522 0.000700 0.000001 0.000001 0.000001 0.000001 0.000001 0.000001 0.000001 0.000001 0.000001 0.000001 0.000001 0.000001 0.000001 0.000001 0.000001 0.000001 0.000001 0.000001 0.000001 0.000001 0.000001 0.000001 0.000001 0.000001 0.000001 0.000001 0.000001 0.000001 0.000001 0.000001 0.000001 0.000001 0.000001
0.031823 0.030831 0.029542 0.028095 0.026532 0.024867 0.023102 0.021236 0.019264 0.017182 0.014985 0.012668 0.010224 0.007647 0.004930 0.002067 0.000001 0.000001 0.000001 0.000001 0.000001 0.000001 0.000001 0.000001 0.000001 0.000001 0.000001 0.000001 0.000001 0.000001 0.000001 0.000001 0.000001 0.000001 0.000001 0.000001 0.000001 0.000001 0.000001 0.000001 0.000001 0.000001 0.000001 0.000001 0.000001 0.000001 0.000001 0.000001 0.000001 0.000001
0.032242 0.030880 0.029435 0.027894 0.026252 0.024507 0.022658 0.020703 0.018638 0.016459 0.014160 0.011736 0.009180 0.006486 0.003646 0.000685 0.000001 0.000001 0.000001 0.000001 0.000001 0.000001 0.000001 0.000001 0.000001 0.000001 0.000001 0.000001 0.000001 0.000001 0.000001 0.000001 0.000001 0.000001 0.000001 0.000001 0.000001 0.000001 0.000001 0.000001 0.000001 0.000001 0.000001 0.000001 0.000001 0.000001 0.000001 0.000001 0.000001 0.000001
0.032681 0.031071 0.029475 0.027810 0.026057 0.024211 0.022265 0.020214 0.018052 0.015774 0.013373 0.010843 0.008178 0.005369 0.002411 0.000001 0.000001 0.000001 0.000001 0.000001 0.000001 0.000001 0.000001 0.000001 0.000001 0.000001 0.000001 0.000001 0.000001 0.000001 0.000001 0.000001 0.000001 0.000001 0.000001 0.000001 0.000001 0.000001 0.000001 0.000001 0.000001 0.000001 0.000001 0.000001 0.000001 0.000001 0.000001 0.000001 0.000001 0.000001
0.033065 0.031396 0.029624 0.027807 0.025928 0.023972 0.021923 0.019774 0.017515 0.015138 0.012637 0.010004 0.007232 0.004313 0.001239 0.000001 0.000001 0.000001 0.000001 0.000001 0.000001 0.000001 0.000001 0.000001 0.000001 0.000001 0.000001 0.000001 0.000001 0.000001 0.000001 0.000001 0.000001 0.000001 0.000001 0.000001 0.000001 0.000001 0.000001 0.000001 0.000001 0.000001 0.000001 0.000001 0.000001 0.000001 0.000001 0.000001 0.000001 0.000001
0.033304 0.031430 0.029610 0.027736 0.025785 0.023748 0.021616 0.019379 0.017030 0.014560 0.011964 0.009232 0.006356 0.003330 0.000184 0.000001 0.000001 0.000001 0.000001 0.000001 0.000001 0.000001 0.000001 0.000001 0.000001 0.000001 0.000001 0.000001 0.000001 0.000001 0.000001 0.000001 0.000001 0.000001 0.000001 0.000001 0.000001 0.000001 0.000001 0.000001 0.000001 0.000001 0.000001 0.000001 0.000001 0.000001 0.000001 0.000001 0.000001 0.000001
0.032641 0.031192 0.029470 0.027602 0.025622 0.023533 0.021337 0.019027 0.016598 0.014045 0.011359 0.008533 0.005560 0.002432 0.000001 0.000001 0.000001 0.000001 0.000001 0.000001 0.000001 0.000001 0.000001 0.000001 0.000001 0.000001 0.000001 0.000001 0.000001 0.000001 0.000001 0.000001 0.000001 0.000001 0.000001 0.000001 0.000001 0.000001 0.000001 0.000001 0.000001 0.000001 0.000001 0.000001 0.000001 0.000001 0.000001 0.000001 0.000001 0.000001
0.033063 0.031287 0.029455 0.027532 0.025502 0.023361 0.021103 0.018726 0.016223 0.013591 0.010821 0.007907 0.004842 0.001618 0.000001 0.000001 0.000001 0.000001 0.000001 0.000001 0.000001 0.000001 0.000001 0.000001 0.000001 0.000001 0.000001 0.000001 0.000001 0.000001 0.000001 0.000001 0.000001 0.000001 0.000001 0.000001 0.000001 0.000001 0.000001 0.000001 0.000001 0.000001 0.000001 0.000001 0.000001 0.000001 0.000001 0.000001 0.000001 0.000001
0.033496 0.031489 0.029554 0.027554 0.025454 0.023244 0.020918 0.018470 0.015894 0.013186 0.010337 0.007341 0.004190 0.000877 0.000001 0.000001 0.000001 0.000001 0.000001 0.000001 0.000001 0.000001 0.000001 0.000001 0.000001 0.000001 0.000001 0.000001 0.000001 0.000001 0.000001 0.000001 0.000001 0.000001 0.000001 0.000001 0.000001 0.000001 0.000001 0.000001 0.000001 0.000001 0.000001 0.000001 0.000001 0.000001 0.000001 0.000001 0.000001 0.000001
0.033020 0.031532 0.029651 0.027599 0.025427 0.023143 0.020746 0.018228 0.015582 0.012802 0.009880 0.006809 0.003581 0.000198 0.000001 0.000001 0.000001 0.000001 0.000001 0.000001 0.000001 0.000001 0.000001 0.000001 0.000001 0.000001 0.000001 0.000001 0.000001 0.000001 0.000001 0.000001 0.000001 0.000001 0.000001 0.000001 0.000001 0.000001 0.000001 0.000001 0.000001 0.000001 0.000001 0.000001 0.000001 0.000001 0.000001 0.000001 0.000001 0.000001
0.034112 0.031867 0.029745 0.027580 0.025333 0.022985 0.020527 0.017949 0.015244 0.012403 0.009420 0.006285 0.002992 0.000001 0.000001 0.000001 0.000001 0.000001 0.000001 0.000001 0.000001 0.000001 0.000001 0.000001 0.000001 0.000001 0.000001 0.000001 0.000001 0.000001 0.000001 0.000001 0.000001 0.000001 0.000001 0.000001 0.000001 0.000001 0.000001 0.000001 0.000001 0.000001 0.000001 0.000001 0.000001 0.000001 0.000001 0.000001 0.000001 0.000001
0.033717 0.031697 0.029567 0.027371 0.025091 0.022709 0.020214 0.017596 0.014849 0.011965 0.008935 0.005754 0.002411 0.000001 0.000001 0.000001 0.000001 0.000001 0.000001 0.000001 0.000001 0.000001 0.000001 0.000001 0.000001 0.000001 0.000001 0.000001 0.000001 0.000001 0.000001 0.000001 0.000001 0.000001 0.000001 0.000001 0.000001 0.000001 0.000001 0.000001 0.000001 0.000001 0.000001 0.000001 0.000001 0.000001 0.000001 0.000001 0.000001 0.000001
0.033296 0.031170 0.029114 0.026963 0.024697 0.022311 0.019804 0.017168 0.014400 0.011492 0.008436 0.005226 0.001853 0.000001 0.000001 0.000001 0.000001 0.000001 0.000001 0.000001 0.000001 0.000001 0.000001 0.000001 0.000001 0.000001 0.000001 0.000001 0.000001 0.000001 0.000001 0.000001 0.000001 0.000001 0.000001 0.000001 0.000001 0.000001 0.000001 0.000001 0.000001 0.000001 0.000001 0.000001 0.000001 0.000001 0.000001 0.000001 0.000001 0.000001
0.031757 0.030448 0.028574 0.026475 0.024229 0.021855 0.019352 0.016717 0.013946 0.011032 0.007969 0.004749 0.001365 0.000001 0.000001 0.000001 0.000001 0.000001 0.000001 0.000001 0.000001 0.000001 0.000001 0.000001 0.000001 0.000001 0.000001 0.000001 0.000001 0.000001 0.000001 0.000001 0.000001 0.000001 0.000001 0.000001 0.000001 0.000001 0.000001 0.000001 0.000001 0.000001 0.000001 0.000001 0.000001 0.000001 0.000001 0.000001 0.000001 0.000001
0.032693 0.030329 0.028214 0.026067 0.023821 0.021456 0.018965 0.016341 0.013578 0.010672 0.007614 0.004400 0.001020 0.000001 0.000001 0.000001 0.000001 0.000001 0.000001 0.000001 0.000001 0.000001 0.000001 0.000001 0.000001 0.000001 0.000001 0.000001 0.000001 0.000001 0.000001 0.000001 0.000001 0.000001 0.000001 0.000001 0.000001 0.000001 0.000001 0.000001 0.000001 0.000001 0.000001 0.000001 0.000001 0.000001 0.000001 0.000001 0.000001 0.000001
0.031911 0.030015 0.027981 0.025851 0.023612 0.021254 0.018770 0.016155 0.013403 0.010508 0.007464 0.004264 0.000901 0.000001 0.000001 0.000001 0.000001 0.000001 0.000001 0.000001 0.000001 0.000001 0.000001 0.000001 0.000001 0.000001 0.000001 0.000001 0.000001 0.000001 0.000001 0.000001 0.000001 0.000001 0.000001 0.000001 0.000001 0.000001 0.000001 0.000001 0.000001 0.000001 0.000001 0.000001 0.000001 0.000001 0.000001 0.000001 0.000001 0.000001
0.031844 0.030048 0.028074 0.025953 0.023706 0.021339 0.018851 0.016238 0.013494 0.010612 0.007587 0.004409 0.001073 0.000001 0.000001 0.000001 0.000001 0.000001 0.000001 0.000001 0.000001 0.000001 0.000001 0.000001 0.000001 0.000001 0.000001 0.000001 0.000001 0.000001 0.000001 0.000001 0.000001 0.000001 0.000001 0.000001 0.000001 0.000001 0.000001 0.000001 0.000001 0.000001 0.000001 0.000001 0.000001 0.000001 0.000001 0.000001 0.000001 0.000001
0.032472 0.030619 0.028557 0.026373 0.024086 0.021699 0.019204 0.016596 0.013865 0.011005 0.008007 0.004863 0.001565 0.000001 0.000001 0.000001 0.000001 0.000001 0.000001 0.000001 0.000001 0.000001 0.000001 0.000001 0.000001 0.000001 0.000001 0.000001 0.000001 0.000001 0.000001 0.000001 0.000001 0.000001 0.000001 0.000001 0.000001 0.000001 0.000001 0.000001 0.000001 0.000001 0.000001 0.000001 0.000001 0.000001 0.000001 0.000001 0.000001 0.000001
0.033909 0.031449 0.029169 0.026910 0.024605 0.022224 0.019749 0.017168 0.014472 0.011652 0.008699 0.005607 0.002366 0.000001 0.000001 0.000001 0.000001 0.000001 0.000001 0.000001 0.000001 0.000001 0.000001 0.000001 0.000001 0.000001 0.000001 0.000001 0.000001 0.000001 0.000001 0.000001 0.000001 0.000001 0.000001 0.000001 0.000001 0.000001 0.000001 0.000001 0.000001 0.000001 0.000001 0.000001 0.000001 0.000001 0.000001 0.000001 0.000001 0.000001
0.033561 0.031521 0.029450 0.027318 0.025103 0.022796 0.020387 0.017870 0.015239 0.012487 0.009607 0.006590 0.003430 0.000171 0.000001 0.000001 0.000001 0.000001 0.000001 0.000001 0.000001 0.000001 0.000001 0.000001 0.000001 0.000001 0.000001 0.000001 0.000001 0.000001 0.000001 0.000001 0.000001 0.000001 0.000001 0.000001 0.000001 0.000001 0.000001 0.000001 0.000001 0.000001 0.000001 0.000001 0.000001 0.000001 0.000001 0.000001 0.000001 0.000001
0.032758 0.031318 0.029580 0.027643 0.025563 0.023364 0.021054 0.018633 0.016097 0.013442 0.010662 0.007749 0.004696 0.001497 0.000001 0.000001 0.000001 0.000001 0.000001 0.000001 0.000001 0.000001 0.000001 0.000001 0.000001 0.000001 0.000001 0.000001 0.000001 0.000001 0.000001 0.000001 0.000001 0.000001 0.000001 0.000001 0.000001 0.000001 0.000001 0.000001 0.000001 0.000001 0.000001 0.000001 0.000001 0.000001 0.000001 0.000001 0.000001 0.000001
0.033150 0.031695 0.029929 0.028025 0.026020 0.023918 0.021716 0.019410 0.016993 0.014461 0.011806 0.009023 0.006103 0.003040 0.000003 0.000001 0.000001 0.000001 0.000001 0.000001 0.000001 0.000001 0.000001 0.000001 0.000001 0.000001 0.000001 0.000001 0.000001 0.000001 0.000001 0.000001 0.000001 0.000001 0.000001 0.000001 0.000001 0.000001 0.000001 0.000001 0.000001 0.000001 0.000001 0.000001 0.000001 0.000001 0.000001 0.000001 0.000001 0.000001
0.034905 0.032298 0.030253 0.028336 0.026408 0.024417 0.022342 0.020170 0.017894 0.015505 0.012997 0.010365 0.007601 0.004698 0.001661 0.000001 0.000001 0.000001 0.000001 0.000001 0.000001 0.000001 0.000001 0.000001 0.000001 0.000001 0.000001 0.000001 0.000001 0.000001 0.000001 0.000001 0.000001 0.000001 0.000001 0.000001 0.000001 0.000001 0.000001 0.000001 0.000001 0.000001 0.000001 0.000001 0.000001 0.000001 0.000001 0.000001 0.000001 0.000001
0.032467 0.031478 0.030024 0.028399 0.026667 0.024842 0.022923 0.020905 0.018784 0.016554 0.014209 0.011744 0.009153 0.006428 0.003564 0.000690 0.000001 0.000001 0.000001 0.000001 0.000001 0.000001 0.000001 0.000001 0.000001 0.000001 0.000001 0.000001 0.000001 0.000001 0.000001 0.000001 0.000001 0.000001 0.000001 0.000001 0.000001 0.000001 0.000001 0.000001 0.000001 0.000001 0.000001 0.000001 0.000001 0.000001 0.000001 0.000001 0.000001 0.000001
0.032461 0.031222 0.029911 0.028469 0.026910 0.025247 0.023485 0.021626 0.019667 0.017604 0.015431 0.013144 0.010737 0.008203 0.005536 0.002737 0.000133 0.000001 0.000001 0.000001 0.000001 0.000001 0.000001 0.000001 0.000001 0.000001 0.000001 0.000001 0.000001 0.000001 0.000001 0.000001 0.000001 0.000001 0.000001 0.000001 0.000001 0.000001 0.000001 0.000001 0.000001 0.000001 0.000001 0.000001 0.000001 0.000001 0.000001 0.000001 0.000001 0.000001
0.032534 0.031359 0.030053 0.028672 0.027215 0.025678 0.024057 0.022350 0.020551 0.018656 0.016661 0.014558 0.012342 0.010006 0.007545 0.004950 0.002253 0.000001 0.000001 0.000001 0.000001 0.000001 0.000001 0.000001 0.000001 0.000001 0.000001 0.000001 0.000001 0.000001 0.000001 0.000001 0.000001 0.000001 0.000001 0.000001 0.000001 0.000001 0.000001 0.000001 0.000001 0.000001 0.000001 0.000001 0.000001 0.000001 0.000001 0.000001 0.000001 0.000001
0.033059 0.031568 0.030231 0.028901 0.027536 0.026117 0.024633 0.023076 0.021439 0.019715 0.017898 0.015982 0.013961 0.011828 0.009576 0.007200 0.004694 0.002119 0.000001 0.000001 0.000001 0.000001 0.000001 0.000001 0.000001 0.000001 0.000001 0.000001 0.000001 0.000001 0.000001 0.000001 0.000001 0.000001 0.000001 0.000001 0.000001 0.000001 0.000001 0.000001 0.000001 0.000001 0.000001 0.000001 0.000001 0.000001 0.000001 0.000001 0.000001 0.000001
0.032263 0.031333 0.030211 0.029030 0.027806 0.026533 0.025202 0.023805 0.022334 0.020784 0.019148 0.017419 0.015593 0.013662 0.011621 0.009462 0.007180 0.004775 0.002321 0.000249 0.000001 0.000001 0.000001 0.000001 0.000001 0.000001 0.000001 0.000001 0.000001 0.000001 0.000001 0.000001 0.000001 0.000001 0.000001 0.000001 0.000001 0.000001 0.000001 0.000001 0.000001 0.000001 0.000001 0.000001 0.000001 0.000001 0.000001 0.000001 0.000001 0.000001
0.032188 0.031073 0.030091 0.029093 0.028047 0.026944 0.025780 0.024549 0.023248 0.021872 0.020414 0.018871 0.017235 0.015503 0.013667 0.011722 0.009661 0.007479 0.005180 0.002836 0.000775 0.000001 0.000001 0.000001 0.000001 0.000001 0.000001 0.000001 0.000001 0.000001 0.000001 0.000001 0.000001 0.000001 0.000001 0.000001 0.000001 0.000001 0.000001 0.000001 0.000001 0.000001 0.000001 0.000001 0.000001 0.000001 0.000001 0.000001 0.000001 0.000001
0.031150 0.030699 0.030015 0.029220 0.028347 0.027407 0.026403 0.025333 0.024195 0.022984 0.021698 0.020331 0.018878 0.017335 0.015697 0.013956 0.012109 0.010148 0.008069 0.005877 0.003628 0.001527 0.000001 0.000001 0.000001 0.000001 0.000001 0.000001 0.000001 0.000001 0.000001 0.000001 0.000001 0.000001 0.000001 0.000001 0.000001 0.000001 0.000001 0.000001 0.000001 0.000001 0.000001 0.000001 0.000001 0.000001 0.000001 0.000001 0.000001 0.000001
0.031495 0.030891 0.030234 0.029526 0.028768 0.027957 0.027089 0.026161 0.025170 0.024112 0.022984 0.021782 0.020501 0.019136 0.017683 0.016136 0.014491 0.012741 0.010880 0.008905 0.006819 0.004657 0.002531 0.000758 0.000001 0.000001 0.000001 0.000001 0.000001 0.000001 0.000001 0.000001 0.000001 0.000001 0.000001 0.000001 0.000001 0.000001 0.000001 0.000001 0.000001 0.000001 0.000001 0.000001 0.000001 0.000001 0.000001 0.000001 0.000001 0.000001
0.032098 0.031234 0.030557 0.029916 0.029255 0.028554 0.027806 0.027005 0.026147 0.025228 0.024245 0.023194 0.022071 0.020871 0.019591 0.018225 0.016769 0.015216 0.013562 0.011801 0.009929 0.007947 0.005876 0.003787 0.001835 0.000281 0.000001 0.000001 0.000001 0.000001 0.000001 0.000001 0.000001 0.000001 0.000001 0.000001 0.000001 0.000001 0.000001 0.000001 0.000001 0.000001 0.000001 0.000001 0.000001 0.000001 0.000001 0.000001 0.000001 0.000001
0.031186 0.031085 0.030733 0.030265 0.029730 0.029143 0.028507 0.027821 0.027084 0.026291 0.025440 0.024528 0.023550 0.022503 0.021382 0.020184 0.018903 0.017534 0.016073 0.014513 0.012850 0.011079 0.009200 0.007222 0.005184 0.003176 0.001389 0.000001 0.000001 0.000001 0.000001 0.000001 0.000001 0.000001 0.000001 0.000001 0.000001 0.000001 0.000001 0.000001 0.000001 0.000001 0.000001 0.000001 0.000001 0.000001 0.000001 0.000001 0.000001 0.000001
0.031692 0.031424 0.031059 0.030646 0.030192 0.029696 0.029157 0.028574 0.027944 0.027265 0.026535 0.025748 0.024903 0.023996 0.023022 0.021977 0.020858 0.019659 0.018375 0.017002 0.015535 0.013967 0.012295 0.010516 0.008634 0.006669 0.004669 0.002724 0.001070 0.000001 0.000001 0.000001 0.000001 0.000001 0.000001 0.000001 0.000001 0.000001 0.000001 0.000001 0.000001 0.000001 0.000001 0.000001 0.000001 0.000001 0.000001 0.000001 0.000001 0.000001
0.032620 0.031851 0.031401 0.031009 0.030610 0.030185 0.029728 0.029234 0.028701 0.028125 0.027502 0.026831 0.026107 0.025326 0.024486 0.023582 0.022610 0.021565 0.020445 0.019242 0.017954 0.016575 0.015099 0.013521 0.011839 0.010053 0.008170 0.006217 0.004248 0.002358 0.000799 0.000001 0.000001 0.000001 0.000001 0.000001 0.000001 0.000001 0.000001 0.000001 0.000001 0.000001 0.000001 0.000001 0.000001 0.000001 0.000001 0.000001 0.000001 0.000001
0.031407 0.031706 0.031544 0.031261 0.030934 0.030580 0.030198 0.029786 0.029339 0.028856 0.028332 0.027763 0.027148 0.026482 0.025762 0.024985 0.024146 0.023242 0.022268 0.021220 0.020094 0.018885 0.017588 0.016199 0.014711 0.013121 0.011426 0.009630 0.007744 0.005796 0.003850 0.002011 0.000520 0.000001 0.000001 0.000001 0.000001 0.000001 0.000001 0.000001 0.000001 0.000001 0.000001 0.000001 0.000001 0.000001 0.000001 0.000001 0.000001 0.000001
0.032788 0.032062 0.031705 0.031427 0.031155 0.030869 0.030561 0.030226 0.029860 0.029461 0.029025 0.028549 0.028031 0.027467 0.026854 0.026188 0.025468 0.024688 0.023844 0.022935 0.021954 0.020897 0.019761 0.018540 0.017229 0.015824 0.014319 0.012712 0.011001 0.009190 0.007294 0.005343 0.003410 0.001627 0.000193 0.000001 0.000001 0.000001 0.000001 0.000001 0.000001 0.000001 0.000001 0.000001 0.000001 0.000001 0.000001 0.000001 0.000001 0.000001
0.031655 0.031716 0.031614 0.031462 0.031280 0.031072 0.030838 0.030575 0.030282 0.029957 0.029598 0.029203 0.028768 0.028292 0.027772 0.027204 0.026586 0.025914 0.025185 0.024396 0.023542 0.022620 0.021626 0.020554 0.019401 0.018161 0.016830 0.015403 0.013875 0.012244 0.010509 0.008676 0.006762 0.004801 0.002874 0.001166 0.000001 0.000001 0.000001 0.000001 0.000001 0.000001 0.000001 0.000001 0.000001 0.000001 0.000001 0.000001 0.000001 0.000001
0.031454 0.031581 0.031579 0.031509 0.031397 0.031251 0.031076 0.030871 0.030637 0.030372 0.030076 0.029746 0.029380 0.028977 0.028534 0.028048 0.027517 0.026937 0.026307 0.025621 0.024877 0.024072 0.023200 0.022259 0.021243 0.020149 0.018972 0.017706 0.016347 0.014890 0.013331 0.011667 0.009899 0.008035 0.006093 0.004117 0.002198 0.000597 0.000001 0.000001 0.000001 0.000001 0.000001 0.000001 0.000001 0.000001 0.000001 0.000001 0.000001 0.000001
0.032099 0.031872 0.031767 0.031680 0.031581 0.031461 0.031316 0.031146 0.030950 0.030727 0.030476 0.030196 0.029884 0.029539 0.029158 0.028740 0.028280 0.027778 0.027229 0.026631 0.025981 0.025275 0.024509 0.023679 0.022783 0.021814 0.020770 0.019645 0.018434 0.017133 0.015736 0.014240 0.012639 0.010933 0.009122 0.007214 0.005235 0.003246 0.001393 0.000001 0.000001 0.000001 0.000001 0.000001 0.000001 0.000001 0.000001 0.000001 0.000001 0.000001
0.032079 0.032079 0.032013 0.031924 0.031819 0.031697 0.031558 0.031401 0.031224 0.031027 0.030806 0.030561 0.030289 0.029989 0.029658 0.029294 0.028893 0.028454 0.027974 0.027449 0.026877 0.026254 0.025578 0.024843 0.024047 0.023186 0.022256 0.021251 0.020169 0.019003 0.017749 0.016402 0.014957 0.013409 0.011755 0.009993 0.008126 0.006165 0.004144 0.002150 0.000458 0.000001 0.000001 0.000001 0.000001 0.000001 0.000001 0.000001 0.000001 0.000001
0.032463 0.032376 0.032283 0.032168 0.032039 0.031902 0.031757 0.031603 0.031436 0.031254 0.031056 0.030838 0.030598 0.030334 0.030043 0.029722 0.029370 0.028983 0.028560 0.028096 0.027589 0.027036 0.026434 0.025779 0.025068 0.024297 0.023463 0.022561 0.021586 0.020536 0.019404 0.018186 0.016876 0.015471 0.013965 0.012352 0.010631 0.008799 0.006861 0.004837 0.002786 0.000902 0.000001 0.000001 0.000001 0.000001 0.000001 0.000001 0.000001 0.000001
0.032694 0.032618 0.032452 0.032289 0.032138 0.031994 0.031852 0.031706 0.031554 0.031391 0.031214 0.031021 0.030809 0.030576 0.030320 0.030037 0.029725 0.029382 0.029005 0.028592 0.028139 0.027644 0.027104 0.026515 0.025875 0.025179 0.024425 0.023608 0.022724 0.021770 0.020741 0.019631 0.018437 0.017154 0.015776 0.014298 0.012715 0.011022 0.009217 0.007299 0.005279 0.003193 0.001184 0.000001 0.000001 0.000001 0.000001 0.000001 0.000001 0.000001
0.033105 0.032565 0.032317 0.032162 0.032039 0.031926 0.031813 0.031695 0.031569 0.031432 0.031281 0.031115 0.030931 0.030727 0.030501 0.030250 0.029973 0.029667 0.029329 0.028958 0.028549 0.028102 0.027613 0.027078 0.026496 0.025862 0.025174 0.024427 0.023618 0.022743 0.021799 0.020780 0.019682 0.018500 0.017230 0.015866 0.014403 0.012836 0.011159 0.009369 0.007462 0.005443 0.003335 0.001251 0.000001 0.000001 0.000001 0.000001 0.000001 0.000001
0.031512 0.031762 0.031827 0.031827 0.031795 0.031744 0.031678 0.031599 0.031506 0.031399 0.031276 0.031137 0.030979 0.030802 0.030603 0.030380 0.030132 0.029856 0.029550 0.029212 0.028841 0.028432 0.027983 0.027493 0.026957 0.026373 0.025738 0.025048 0.024300 0.023490 0.022614 0.021669 0.020650 0.019552 0.018371 0.017101 0.015739 0.014278 0.012712 0.011038 0.009248 0.007340 0.005314 0.003185 0.001060 0.000001 0.000001 0.000001 0.000001 0.000001
0.031106 0.031372 0.031502 0.031559 0.031574 0.031563 0.031530 0.031481 0.031414 0.031331 0.031231 0.031114 0.030978 0.030821 0.030644 0.030443 0.030218 0.029966 0.029686 0.029375 0.029032 0.028653 0.028237 0.027781 0.027282 0.026738 0.026145 0.025500 0.024800 0.024042 0.023222 0.022336 0.021379 0.020349 0.019240 0.018047 0.016767 0.015393 0.013920 0.012343 0.010656 0.008853 0.006930 0.004885 0.002730 0.000598 0.000001 0.000001 0.000001 0.000001
0.031698 0.031535 0.031489 0.031477 0.031469 0.031453 0.031426 0.031386 0.031330 0.031260 0.031173 0.031069 0.030946 0.030804 0.030642 0.030457 0.030249 0.030015 0.029753 0.029463 0.029140 0.028785 0.028393 0.027964 0.027493 0.026979 0.026419 0.025809 0.025147 0.024429 0.023652 0.022812 0.021906 0.020929 0.019877 0.018745 0.017530 0.016226 0.014828 0.013330 0.011728 0.010014 0.008185 0.006233 0.004155 0.001965 0.000001 0.000001 0.000001 0.000001
0.031665 0.031568 0.031499 0.031460 0.031431 0.031402 0.031367 0.031322 0.031266 0.031197 0.031113 0.031014 0.030898 0.030764 0.030610 0.030435 0.030237 0.030015 0.029766 0.029489 0.029182 0.028843 0.028469 0.028059 0.027609 0.027118 0.026581 0.025998 0.025364 0.024677 0.023933 0.023129 0.022261 0.021325 0.020317 0.019234 0.018070 0.016821 0.015482 0.014047 0.012513 0.010871 0.009118 0.007247 0.005251 0.003128 0.000900 0.000001 0.000001 0.000001
0.031491 0.031419 0.031430 0.031424 0.031401 0.031366 0.031323 0.031271 0.031210 0.031137 0.031052 0.030953 0.030838 0.030706 0.030556 0.030385 0.030193 0.029977 0.029736 0.029468 0.029171 0.028842 0.028481 0.028083 0.027648 0.027172 0.026654 0.026089 0.025476 0.024811 0.024092 0.023314 0.022475 0.021570 0.020596 0.019549 0.018425 0.017218 0.015925 0.014540 0.013058 0.011473 0.009781 0.007975 0.006048 0.003995 0.001813 0.000001 0.000001 0.000001
0.030689 0.031286 0.031399 0.031398 0.031367 0.031324 0.031274 0.031217 0.031150 0.031073 0.030985 0.030884 0.030767 0.030635 0.030485 0.030316 0.030125 0.029912 0.029675 0.029411 0.029119 0.028797 0.028442 0.028053 0.027627 0.027162 0.026654 0.026103 0.025504 0.024855 0.024153 0.023394 0.022576 0.021694 0.020745 0.019725 0.018630 0.017455 0.016197 0.014849 0.013408 0.011868 0.010223 0.008468 0.006596 0.004601 0.002478 0.000242 0.000001 0.000001
0.032773 0.031785 0.031494 0.031385 0.031324 0.031272 0.031217 0.031156 0.031086 0.031005 0.030913 0.030809 0.030690 0.030555 0.030403 0.030232 0.030041 0.029828 0.029591 0.029328 0.029038 0.028719 0.028367 0.027983 0.027562 0.027102 0.026602 0.026059 0.025469 0.024831 0.024140 0.023395 0.022591 0.021725 0.020794 0.019793 0.018720 0.017569 0.016336 0.015017 0.013606 0.012099 0.010490 0.008774 0.006945 0.004997 0.002922 0.000716 0.000001 0.000001
0.030619 0.031177 0.031291 0.031295 0.031264 0.031219 0.031163 0.031098 0.031024 0.030939 0.030842 0.030733 0.030610 0.030472 0.030316 0.030142 0.029949 0.029733 0.029495 0.029231 0.028940 0.028621 0.028270 0.027886 0.027467 0.027011 0.026514 0.025975 0.025391 0.024759 0.024075 0.023338 0.022544 0.021689 0.020770 0.019783 0.018725 0.017591 0.016377 0.015078 0.013691 0.012209 0.010628 0.008942 0.007145 0.005232 0.003196 0.001030 0.000001 0.000001
0.031260 0.031290 0.031310 0.031290 0.031246 0.031190 0.031125 0.031052 0.030971 0.030879 0.030777 0.030663 0.030535 0.030391 0.030231 0.030053 0.029856 0.029637 0.029395 0.029128 0.028835 0.028514 0.028162 0.027777 0.027358 0.026902 0.026406 0.025869 0.025287 0.024658 0.023979 0.023246 0.022458 0.021610 0.020699 0.019722 0.018674 0.017552 0.016352 0.015069 0.013698 0.012235 0.010675 0.009011 0.007240 0.005355 0.003349 0.001216 0.000001 0.000001
0.031962 0.031643 0.031455 0.031338 0.031251 0.031173 0.031096 0.031014 0.030926 0.030828 0.030720 0.030600 0.030466 0.030317 0.030152 0.029969 0.029767 0.029544 0.029298 0.029028 0.028731 0.028407 0.028052 0.027666 0.027245 0.026787 0.026291 0.025754 0.025172 0.024545 0.023867 0.023138 0.022353 0.021510 0.020605 0.019634 0.018594 0.017481 0.016290 0.015019 0.013661 0.012212 0.010668 0.009023 0.007271 0.005408 0.003426 0.001320 0.000001 0.000001
0.031754 0.031485 0.031361 0.031280 0.031208 0.031137 0.031060 0.030976 0.030884 0.030782 0.030669 0.030544 0.030405 0.030251 0.030081 0.029893 0.029686 0.029459 0.029209 0.028935 0.028635 0.028307 0.027949 0.027560 0.027137 0.026678 0.026181 0.025642 0.025061 0.024434 0.023758 0.023030 0.022248 0.021408 0.020506 0.019540 0.018506 0.017400 0.016218 0.014955 0.013608 0.012171 0.010640 0.009010 0.007275 0.005429 0.003468 0.001384 0.000001 0.000001
0.030566 0.031018 0.031161 0.031183 0.031152 0.031096 0.031024 0.030940 0.030845 0.030740 0.030623 0.030493 0.030350 0.030192 0.030017 0.029825 0.029615 0.029383 0.029129 0.028852 0.028549 0.028218 0.027858 0.027467 0.027042 0.026582 0.026083 0.025545 0.024963 0.024336 0.023661 0.022935 0.022155 0.021318 0.020421 0.019459 0.018431 0.017331 0.016156 0.014902 0.013564 0.012138 0.010619 0.009002 0.007282 0.005453 0.003510 0.001446 0.000001 0.000001
0.031384 0.031333 0.031280 0.031222 0.031156 0.031082 0.031000 0.030909 0.030809 0.030699 0.030578 0.030445 0.030298 0.030137 0.029959 0.029765 0.029551 0.029317 0.029061 0.028781 0.028476 0.028144 0.027783 0.027390 0.026965 0.026504 0.026006 0.025468 0.024887 0.024262 0.023589 0.022865 0.022088 0.021255 0.020362 0.019406 0.018383 0.017290 0.016123 0.014877 0.013549 0.012134 0.010628 0.009024 0.007319 0.005507 0.003582 0.001538 0.000001 0.000001
0.032269 0.031688 0.031426 0.031275 0.031164 0.031067 0.030972 0.030874 0.030769 0.030656 0.030532 0.030396 0.030248 0.030085 0.029906 0.029710 0.029495 0.029260 0.029003 0.028723 0.028418 0.028086 0.027725 0.027333 0.026909 0.026449 0.025953 0.025417 0.024839 0.024217 0.023547 0.022828 0.022056 0.021228 0.020341 0.019392 0.018376 0.017292 0.016134 0.014899 0.013582 0.012179 0.010686 0.009098 0.007409 0.005614 0.003708 0.001685 0.000001 0.000001
0.031029 0.031254 0.031244 0.031176 0.031094 0.031009 0.030918 0.030822 0.030718 0.030604 0.030481 0.030345 0.030197 0.030034 0.029856 0.029660 0.029446 0.029213 0.028957 0.028679 0.028375 0.028046 0.027687 0.027298 0.026877 0.026421 0.025928 0.025397 0.024823 0.024206 0.023543 0.022830 0.022064 0.021244 0.020365 0.019425 0.018420 0.017346 0.016200 0.014977 0.013674 0.012286 0.010809 0.009238 0.007568 0.005793 0.003909 0.001910 0.000001 0.000001
0.031084 0.031071 0.031066 0.031039 0.030991 0.030925 0.030847 0.030757 0.030657 0.030547 0.030425 0.030292 0.030146 0.029985 0.029809 0.029617 0.029406 0.029175 0.028924 0.028649 0.028350 0.028024 0.027670 0.027287 0.026871 0.026421 0.025934 0.025409 0.024843 0.024234 0.023579 0.022875 0.022119 0.021309 0.020441 0.019513 0.018520 0.017460 0.016328 0.015121 0.013835 0.012465 0.011007 0.009457 0.007809 0.006058 0.004199 0.002227 0.000138 0.000001
0.031161 0.031044 0.031014 0.030980 0.030928 0.030862 0.030783 0.030694 0.030596 0.030487 0.030369 0.030239 0.030096 0.029940 0.029768 0.029581 0.029375 0.029150 0.028904 0.028635 0.028342 0.028023 0.027677 0.027300 0.026892 0.026451 0.025973 0.025457 0.024901 0.024302 0.023658 0.022966 0.022223 0.021426 0.020572 0.019659 0.018682 0.017639 0.016525 0.015337 0.014072 0.012724 0.011289 0.009763 0.008141 0.006418 0.004589 0.002648 0.000590 0.000001
0.030848 0.031106 0.031082 0.030999 0.030908 0.030818 0.030727 0.030633 0.030534 0.030428 0.030313 0.030187 0.030050 0.029899 0.029734 0.029553 0.029355 0.029137 0.028899 0.028638 0.028354 0.028044 0.027707 0.027340 0.026943 0.026512 0.026045 0.025542 0.024998 0.024413 0.023782 0.023105 0.022377 0.021597 0.020761 0.019865 0.018908 0.017886 0.016794 0.015629 0.014388 0.013065 0.011658 0.010161 0.008571 0.006880 0.005086 0.003182 0.001163 0.000001
0.032178 0.031469 0.031148 0.030967 0.030842 0.030741 0.030649 0.030557 0.030463 0.030363 0.030255 0.030137 0.030007 0.029865 0.029709 0.029536 0.029347 0.029139 0.028911 0.028660 0.028387 0.028088 0.027762 0.027408 0.027022 0.026605 0.026152 0.025663 0.025135 0.024565 0.023951 0.023292 0.022583 0.021822 0.021006 0.020133 0.019199 0.018201 0.017135 0.015997 0.014785 0.013493 0.012118 0.010655 0.009100 0.007448 0.005694 0.003832 0.001858 0.000001
0.030856 0.030817 0.030770 0.030718 0.030661 0.030599 0.030532 0.030459 0.030379 0.030292 0.030196 0.030089 0.029970 0.029839 0.029693 0.029532 0.029354 0.029157 0.028941 0.028702 0.028441 0.028155 0.027843 0.027502 0.027132 0.026729 0.026293 0.025821 0.025310 0.024759 0.024165 0.023526 0.022838 0.022100 0.021309 0.020461 0.019554 0.018584 0.017548 0.016442 0.015262 0.014006 0.012668 0.011244 0.009730 0.008122 0.006414 0.004601 0.002677 0.000644
0.029585 0.030162 0.030378 0.030452 0.030464 0.030445 0.030407 0.030357 0.030296 0.030225 0.030143 0.030050 0.029944 0.029826 0.029693 0.029544 0.029378 0.029194 0.028990 0.028766 0.028518 0.028247 0.027950 0.027625 0.027271 0.026885 0.026467 0.026014 0.025523 0.024993 0.024421 0.023805 0.023143 0.022431 0.021667 0.020848 0.019972 0.019034 0.018032 0.016962 0.015820 0.014603 0.013307 0.011928 0.010461 0.008902 0.007246 0.005487 0.003622 0.001644
0.030652 0.030432 0.030388 0.030377 0.030365 0.030347 0.030319 0.030282 0.030236 0.030178 0.030110 0.030030 0.029938 0.029831 0.029711 0.029575 0.029422 0.029251 0.029061 0.028851 0.028618 0.028362 0.028081 0.027773 0.027437 0.027071 0.026673 0.026240 0.025772 0.025265 0.024718 0.024129 0.023494 0.022811 0.022078 0.021292 0.020450 0.019548 0.018584 0.017555 0.016456 0.015284 0.014035 0.012705 0.011291 0.009786 0.008188 0.006491 0.004689 0.002778
0.030723 0.030557 0.030434 0.030368 0.030332 0.030307 0.030282 0.030252 0.030214 0.030166 0.030108 0.030039 0.029957 0.029861 0.029752 0.029628 0.029487 0.029329 0.029153 0.028957 0.028740 0.028500 0.028236 0.027946 0.027630 0.027284 0.026907 0.026498 0.026054 0.025574 0.025054 0.024494 0.023889 0.023239 0.022541 0.021791 0.020986 0.020125 0.019204 0.018219 0.017167 0.016044 0.014848 0.013573 0.012216 0.010773 0.009238 0.007608 0.005877 0.004041
0.030470 0.030343 0.030328 0.030327 0.030324 0.030314 0.030296 0.030271 0.030237 0.030194 0.030141 0.030077 0.030002 0.029915 0.029815 0.029701 0.029572 0.029426 0.029263 0.029081 0.028879 0.028656 0.028411 0.028141 0.027845 0.027521 0.027168 0.026784 0.026367 0.025915 0.025426 0.024897 0.024327 0.023712 0.023051 0.022341 0.021579 0.020762 0.019887 0.018951 0.017951 0.016883 0.015744 0.014529 0.013235 0.011858 0.010393 0.008836 0.007182 0.005425
0.029639 0.030125 0.030304 0.030369 0.030386 0.030380 0.030360 0.030332 0.030295 0.030251 0.030199 0.030137 0.030066 0.029985 0.029892 0.029787 0.029668 0.029534 0.029384 0.029217 0.029032 0.028827 0.028601 0.028352 0.028078 0.027779 0.027452 0.027096 0.026708 0.026287 0.025831 0.025337 0.024804 0.024229 0.023609 0.022942 0.022226 0.021457 0.020633 0.019750 0.018806 0.017797 0.016719 0.015569 0.014343 0.013038 0.011648 0.010169 0.008597 0.006927
0.030914 0.030699 0.030616 0.030567 0.030526 0.030487 0.030448 0.030406 0.030361 0.030312 0.030258 0.030198 0.030130 0.030054 0.029969 0.029873 0.029765 0.029644 0.029509 0.029359 0.029192 0.029007 0.028802 0.028576 0.028328 0.028055 0.027757 0.027431 0.027075 0.026689 0.026269 0.025813 0.025320 0.024787 0.024212 0.023592 0.022925 0.022208 0.021439 0.020613 0.019729 0.018783 0.017771 0.016690 0.015536 0.014306 0.012995 0.011600 0.010114 0.008535
0.031206 0.030977 0.030807 0.030693 0.030611 0.030547 0.030493 0.030442 0.030393 0.030343 0.030290 0.030234 0.030173 0.030105 0.030030 0.029946 0.029852 0.029747 0.029630 0.029499 0.029353 0.029191 0.029011 0.028811 0.028591 0.028348 0.028081 0.027789 0.027468 0.027119 0.026738 0.026324 0.025874 0.025387 0.024860 0.024290 0.023676 0.023014 0.022302 0.021537 0.020716 0.019836 0.018893 0.017885 0.016807 0.015656 0.014428 0.013118 0.011724 0.010239
0.030940 0.030755 0.030662 0.030594 0.030536 0.030486 0.030439 0.030396 0.030355 0.030313 0.030270 0.030225 0.030177 0.030124 0.030064 0.029998 0.029923 0.029838 0.029743 0.029635 0.029514 0.029378 0.029226 0.029056 0.028867 0.028658 0.028426 0.028170 0.027888 0.027578 0.027240 0.026870 0.026466 0.026027 0.025550 0.025034 0.024474 0.023870 0.023218 0.022516 0.021761 0.020949 0.020078 0.019144 0.018144 0.017075 0.015932 0.014711 0.013409 0.012020
0.029984 0.030248 0.030323 0.030335 0.030323 0.030304 0.030282 0.030261 0.030239 0.030217 0.030194 0.030169 0.030141 0.030109 0.030072 0.030029 0.029978 0.029919 0.029850 0.029771 0.029679 0.029573 0.029452 0.029316 0.029161 0.028987 0.028793 0.028576 0.028335 0.028068 0.027773 0.027450 0.027094 0.026705 0.026281 0.025818 0.025316 0.024771 0.024181 0.023543 0.022854 0.022112 0.021313 0.020455 0.019534 0.018547 0.017489 0.016357 0.015148 0.013856
0.030116 0.030046 0.030038 0.030041 0.030046 0.030050 0.030056 0.030061 0.030067 0.030072 0.030076 0.030079 0.030078 0.030074 0.030065 0.030050 0.030029 0.030000 0.029961 0.029913 0.029853 0.029781 0.029695 0.029594 0.029476 0.029340 0.029185 0.029009 0.028810 0.028587 0.028338 0.028061 0.027755 0.027417 0.027045 0.026637 0.026192 0.025706 0.025177 0.024603 0.023981 0.023308 0.022582 0.021798 0.020955 0.020048 0.019075 0.018031 0.016913 0.015717
0.029809 0.029744 0.029719 0.029722 0.029743 0.029772 0.029806 0.029842 0.029879 0.029915 0.029951 0.029984 0.030015 0.030042 0.030064 0.030081 0.030092 0.030095 0.030089 0.030074 0.030049 0.030011 0.029961 0.029896 0.029816 0.029719 0.029603 0.029468 0.029311 0.029132 0.028928 0.028698 0.028440 0.028152 0.027832 0.027478 0.027088 0.026660 0.026191 0.025679 0.025121 0.024515 0.023858 0.023147 0.022379 0.021550 0.020658 0.019699 0.018668 0.017563
0.029380 0.029329 0.029348 0.029393 0.029449 0.029513 0.029579 0.029648 0.029717 0.029786 0.029853 0.029918 0.029980 0.030038 0.030092 0.030141 0.030183 0.030218 0.030245 0.030263 0.030271 0.030268 0.030253 0.030224 0.030180 0.030120 0.030043 0.029947 0.029831 0.029694 0.029533 0.029348 0.029135 0.028895 0.028624 0.028321 0.027984 0.027610 0.027197 0.026744 0.026247 0.025704 0.025112 0.024469 0.023771 0.023016 0.022200 0.021319 0.020371 0.019351
0.028571 0.028851 0.029001 0.029116 0.029220 0.029321 0.029420 0.029519 0.029617 0.029714 0.029809 0.029903 0.029993 0.030080 0.030163 0.030241 0.030312 0.030377 0.030434 0.030483 0.030522 0.030550 0.030567 0.030571 0.030560 0.030535 0.030494 0.030434 0.030356 0.030256 0.030135 0.029990 0.029820 0.029623 0.029397 0.029140 0.028851 0.028527 0.028166 0.027766 0.027324 0.026838 0.026306 0.025724 0.025091 0.024401 0.023654 0.022845 0.021971 0.021028
0.028734 0.028740 0.028854 0.028980 0.029105 0.029228 0.029349 0.029470 0.029591 0.029711 0.029829 0.029946 0.030060 0.030171 0.030278 0.030380 0.030477 0.030567 0.030650 0.030724 0.030790 0.030846 0.030890 0.030923 0.030942 0.030946 0.030935 0.030908 0.030862 0.030796 0.030709 0.030600 0.030467 0.030307 0.030121 0.029905 0.029657 0.029376 0.029060 0.028707 0.028313 0.027877 0.027397 0.026869 0.026291 0.025660 0.024972 0.024226 0.023416 0.022541
0.028448 0.028696 0.028837 0.028964 0.029092 0.029223 0.029357 0.029492 0.029628 0.029765 0.029901 0.030035 0.030167 0.030297 0.030422 0.030544 0.030660 0.030770 0.030873 0.030969 0.031056 0.031134 0.031201 0.031256 0.031299 0.031329 0.031343 0.031341 0.031322 0.031283 0.031225 0.031145 0.031042 0.030914 0.030760 0.030577 0.030364 0.030120 0.029841 0.029526 0.029172 0.028778 0.028340 0.027857 0.027325 0.026741 0.026104 0.025409 0.024653 0.023834
0.028825 0.028796 0.028876 0.028991 0.029121 0.029260 0.029404 0.029551 0.029699 0.029848 0.029996 0.030143 0.030288 0.030431 0.030570 0.030706 0.030836 0.030961 0.031079 0.031190 0.031293 0.031387 0.031471 0.031544 0.031604 0.031652 0.031685 0.031703 0.031704 0.031687 0.031650 0.031592 0.031512 0.031409 0.031279 0.031122 0.030936 0.030718 0.030468 0.030183 0.029860 0.029497 0.029093 0.028643 0.028147 0.027601 0.027001 0.026346 0.025632 0.024855
0.028575 0.028713 0.028850 0.028994 0.029144 0.029298 0.029454 0.029611 0.029769 0.029926 0.030083 0.030239 0.030392 0.030544 0.030692 0.030836 0.030975 0.031109 0.031237 0.031359 0.031472 0.031576 0.031671 0.031755 0.031828 0.031888 0.031933 0.031964 0.031979 0.031975 0.031953 0.031911 0.031846 0.031759 0.031646 0.031506 0.031338 0.031139 0.030908 0.030643 0.030341 0.030000 0.029617 0.029191 0.028719 0.028198 0.027625 0.026996 0.026310 0.025563
0.028383 0.028607 0.028801 0.028980 0.029150 0.029317 0.029483 0.029647 0.029810 0.029973 0.030134 0.030294 0.030452 0.030607 0.030760 0.030908 0.031052 0.031191 0.031324 0.031450 0.031568 0.031678 0.031778 0.031868 0.031946 0.032012 0.032064 0.032101 0.032123 0.032126 0.032111 0.032076 0.032020 0.031940 0.031836 0.031705 0.031546 0.031356 0.031135 0.030880 0.030588 0.030258 0.029887 0.029473 0.029013 0.028504 0.027944 0.027330 0.026657 0.025925
