0.115488 0.114597 0.114218 0.113984 0.113794 0.113616 0.113439 0.113257 0.113071 0.112879 0.112683 0.112482 0.112277 0.112069 0.111859 0.111646 0.111432 0.111216 0.110999 0.110781 0.110562 0.110342 0.110122 0.109902 0.109681 0.109460 0.109239 0.109018 0.108797 0.108576 0.108355 0.108134 0.107914 0.107693 0.107473 0.107253 0.107033 0.106814 0.106594 0.106375 0.106157 0.105939 0.105720 0.105503 0.105286 0.105069 0.104852 0.104636 0.104420 0.104204
0.112603 0.113999 0.114229 0.114177 0.114041 0.113872 0.113687 0.113492 0.113290 0.113084 0.112873 0.112661 0.112445 0.112228 0.112010 0.111790 0.111569 0.111348 0.111126 0.110904 0.110681 0.110458 0.110234 0.110011 0.109788 0.109564 0.109341 0.109118 0.108895 0.108672 0.108449 0.108227 0.108005 0.107783 0.107561 0.107339 0.107118 0.106897 0.106677 0.106457 0.106237 0.106017 0.105798 0.105580 0.105361 0.105143 0.104926 0.104709 0.104492 0.104276
0.117253 0.115433 0.115010 0.114798 0.114596 0.114380 0.114155 0.113924 0.113691 0.113458 0.113224 0.112991 0.112758 0.112526 0.112294 0.112062 0.111831 0.111600 0.111370 0.111140 0.110910 0.110681 0.110452 0.110223 0.109995 0.109767 0.109539 0.109312 0.109085 0.108859 0.108633 0.108407 0.108182 0.107957 0.107732 0.107508 0.107284 0.107061 0.106838 0.106616 0.106394 0.106172 0.105951 0.105730 0.105510 0.105290 0.105071 0.104852 0.104633 0.104415
0.113589 0.115745 0.115879 0.115634 0.115333 0.115037 0.114751 0.114474 0.114205 0.113941 0.113682 0.113427 0.113175 0.112926 0.112679 0.112434 0.112191 0.111950 0.111709 0.111471 0.111233 0.110996 0.110760 0.110525 0.110290 0.110057 0.109823 0.109591 0.109359 0.109128 0.108897 0.108667 0.108437 0.108208 0.107980 0.107752 0.107525 0.107298 0.107072 0.106846 0.106621 0.106396 0.106172 0.105948 0.105725 0.105503 0.105281 0.105060 0.104839 0.104619
0.122194 0.118322 0.117062 0.116451 0.116027 0.115672 0.115349 0.115043 0.114750 0.114466 0.114189 0.113918 0.113652 0.113390 0.113131 0.112875 0.112622 0.112371 0.112122 0.111875 0.111629 0.111385 0.111141 0.110899 0.110658 0.110418 0.110179 0.109940 0.109703 0.109466 0.109230 0.108995 0.108760 0.108526 0.108293 0.108061 0.107829 0.107598 0.107368 0.107138 0.106909 0.106681 0.106453 0.106226 0.106000 0.105775 0.105550 0.105325 0.105102 0.104879
0.114488 0.116751 0.116982 0.116780 0.116486 0.116176 0.115869 0.115567 0.115273 0.114986 0.114704 0.114428 0.114156 0.113887 0.113622 0.113360 0.113100 0.112842 0.112586 0.112332 0.112079 0.111828 0.111578 0.111329 0.111081 0.110834 0.110589 0.110344 0.110101 0.109858 0.109616 0.109375 0.109135 0.108896 0.108658 0.108421 0.108185 0.107949 0.107714 0.107481 0.107248 0.107015 0.106784 0.106553 0.106324 0.106095 0.105867 0.105639 0.105413 0.105187
0.119184 0.117743 0.117388 0.117146 0.116888 0.116613 0.116332 0.116049 0.115768 0.115490 0.115214 0.114941 0.114671 0.114402 0.114135 0.113869 0.113606 0.113343 0.113082 0.112822 0.112564 0.112306 0.112050 0.111795 0.111541 0.111288 0.111036 0.110786 0.110536 0.110288 0.110040 0.109794 0.109548 0.109304 0.109061 0.108819 0.108578 0.108338 0.108099 0.107861 0.107623 0.107387 0.107152 0.106918 0.106685 0.106452 0.106221 0.105990 0.105761 0.105532
0.117209 0.118033 0.117882 0.117605 0.117326 0.117056 0.116790 0.116525 0.116260 0.115995 0.115729 0.115463 0.115196 0.114928 0.114661 0.114394 0.114127 0.113861 0.113595 0.113330 0.113066 0.112803 0.112541 0.112280 0.112020 0.111761 0.111503 0.111247 0.110991 0.110737 0.110485 0.110233 0.109983 0.109734 0.109486 0.109239 0.108993 0.108749 0.108506 0.108264 0.108023 0.107783 0.107545 0.107307 0.107071 0.106835 0.106601 0.106368 0.106135 0.105904
0.121294 0.119159 0.118438 0.118064 0.117785 0.117532 0.117285 0.117037 0.116784 0.116527 0.116266 0.116002 0.115735 0.115466 0.115196 0.114924 0.114653 0.114381 0.114110 0.113839 0.113569 0.113300 0.113031 0.112764 0.112499 0.112234 0.111971 0.111709 0.111449 0.111190 0.110932 0.110676 0.110422 0.110168 0.109916 0.109666 0.109417 0.109169 0.108922 0.108677 0.108433 0.108190 0.107949 0.107709 0.107470 0.107232 0.106995 0.106759 0.106525 0.106292
0.116775 0.118269 0.118527 0.118462 0.118296 0.118089 0.117859 0.117615 0.117361 0.117099 0.116831 0.116558 0.116283 0.116005 0.115726 0.115446 0.115166 0.114887 0.114608 0.114330 0.114053 0.113777 0.113503 0.113230 0.112959 0.112690 0.112422 0.112156 0.111891 0.111628 0.111367 0.111107 0.110849 0.110593 0.110338 0.110085 0.109833 0.109582 0.109334 0.109086 0.108840 0.108595 0.108352 0.108110 0.107869 0.107629 0.107391 0.107154 0.106918 0.106683
0.120105 0.119561 0.119393 0.119230 0.119027 0.118790 0.118532 0.118260 0.117979 0.117691 0.117400 0.117107 0.116814 0.116520 0.116226 0.115934 0.115643 0.115353 0.115066 0.114780 0.114497 0.114215 0.113936 0.113658 0.113383 0.113110 0.112838 0.112569 0.112302 0.112037 0.111773 0.111511 0.111252 0.110993 0.110737 0.110482 0.110229 0.109978 0.109727 0.109479 0.109232 0.108986 0.108742 0.108499 0.108258 0.108017 0.107778 0.107541 0.107304 0.107069
0.121385 0.120986 0.120593 0.120239 0.119899 0.119564 0.119231 0.118899 0.118568 0.118241 0.117917 0.117596 0.117279 0.116967 0.116658 0.116352 0.116051 0.115753 0.115458 0.115166 0.114878 0.114593 0.114310 0.114030 0.113753 0.113478 0.113206 0.112936 0.112668 0.112402 0.112138 0.111876 0.111616 0.111358 0.111102 0.110847 0.110594 0.110343 0.110093 0.109845 0.109598 0.109353 0.109109 0.108867 0.108626 0.108386 0.108147 0.107910 0.107674 0.107439
0.122609 0.122079 0.121575 0.121088 0.120628 0.120195 0.119784 0.119392 0.119015 0.118651 0.118299 0.117956 0.117623 0.117297 0.116978 0.116666 0.116359 0.116057 0.115760 0.115468 0.115179 0.114894 0.114612 0.114333 0.114057 0.113784 0.113513 0.113245 0.112979 0.112715 0.112453 0.112193 0.111935 0.111679 0.111424 0.111171 0.110920 0.110671 0.110423 0.110176 0.109931 0.109687 0.109445 0.109204 0.108965 0.108726 0.108489 0.108253 0.108019 0.107785
0.123045 0.122615 0.122014 0.121450 0.120936 0.120461 0.120020 0.119604 0.119211 0.118837 0.118478 0.118133 0.117799 0.117475 0.117159 0.116851 0.116549 0.116252 0.115960 0.115673 0.115390 0.115110 0.114833 0.114560 0.114289 0.114021 0.113755 0.113491 0.113229 0.112969 0.112712 0.112456 0.112201 0.111949 0.111698 0.111448 0.111200 0.110954 0.110709 0.110465 0.110223 0.109982 0.109742 0.109504 0.109267 0.109031 0.108797 0.108563 0.108331 0.108100
0.123928 0.122380 0.121679 0.121162 0.120699 0.120268 0.119862 0.119479 0.119115 0.118768 0.118435 0.118113 0.117801 0.117497 0.117200 0.116908 0.116622 0.116340 0.116061 0.115786 0.115514 0.115245 0.114978 0.114713 0.114450 0.114190 0.113931 0.113674 0.113419 0.113165 0.112913 0.112663 0.112414 0.112166 0.111920 0.111675 0.111431 0.111189 0.110948 0.110708 0.110469 0.110232 0.109996 0.109761 0.109527 0.109295 0.109063 0.108833 0.108603 0.108375
0.119108 0.120561 0.120615 0.120350 0.120025 0.119700 0.119385 0.119081 0.118787 0.118501 0.118220 0.117943 0.117670 0.117401 0.117133 0.116868 0.116605 0.116343 0.116083 0.115824 0.115567 0.115311 0.115056 0.114802 0.114550 0.114298 0.114048 0.113799 0.113551 0.113305 0.113059 0.112815 0.112571 0.112329 0.112088 0.111848 0.111610 0.111372 0.111135 0.110900 0.110666 0.110433 0.110200 0.109969 0.109739 0.109511 0.109283 0.109056 0.108830 0.108606
0.122546 0.120474 0.119761 0.119422 0.119189 0.118985 0.118786 0.118583 0.118375 0.118160 0.117940 0.117714 0.117485 0.117252 0.117017 0.116779 0.116539 0.116298 0.116056 0.115814 0.115570 0.115327 0.115084 0.114841 0.114598 0.114355 0.114113 0.113872 0.113631 0.113391 0.113152 0.112913 0.112676 0.112439 0.112203 0.111968 0.111734 0.111501 0.111269 0.111038 0.110808 0.110579 0.110351 0.110124 0.109898 0.109674 0.109450 0.109227 0.109005 0.108784
0.117874 0.118305 0.118439 0.118480 0.118466 0.118411 0.118320 0.118201 0.118059 0.117897 0.117720 0.117531 0.117331 0.117124 0.116910 0.116691 0.116467 0.116240 0.116010 0.115779 0.115546 0.115311 0.115076 0.114840 0.114604 0.114368 0.114132 0.113896 0.113661 0.113426 0.113192 0.112958 0.112725 0.112493 0.112261 0.112031 0.111801 0.111572 0.111344 0.111117 0.110892 0.110667 0.110443 0.110220 0.109998 0.109777 0.109558 0.109339 0.109121 0.108905
0.115740 0.117298 0.117928 0.118187 0.118275 0.118270 0.118207 0.118104 0.117972 0.117817 0.117646 0.117461 0.117265 0.117061 0.116850 0.116634 0.116413 0.116189 0.115962 0.115733 0.115502 0.115270 0.115038 0.114804 0.114571 0.114338 0.114105 0.113872 0.113639 0.113407 0.113176 0.112945 0.112715 0.112486 0.112258 0.112031 0.111805 0.111579 0.111355 0.111132 0.110910 0.110689 0.110468 0.110249 0.110032 0.109815 0.109599 0.109384 0.109171 0.108959
0.120171 0.119243 0.119001 0.118888 0.118776 0.118642 0.118486 0.118313 0.118125 0.117926 0.117718 0.117504 0.117284 0.117060 0.116833 0.116603 0.116371 0.116138 0.115903 0.115668 0.115433 0.115197 0.114961 0.114726 0.114491 0.114257 0.114023 0.113790 0.113558 0.113327 0.113096 0.112867 0.112639 0.112412 0.112186 0.111961 0.111737 0.111514 0.111293 0.111073 0.110854 0.110636 0.110420 0.110204 0.109990 0.109777 0.109566 0.109355 0.109146 0.108938
0.120944 0.120766 0.120346 0.119941 0.119582 0.119256 0.118954 0.118665 0.118386 0.118114 0.117847 0.117583 0.117323 0.117065 0.116810 0.116556 0.116305 0.116055 0.115806 0.115559 0.115314 0.115070 0.114827 0.114586 0.114347 0.114109 0.113872 0.113637 0.113403 0.113171 0.112940 0.112711 0.112483 0.112257 0.112032 0.111809 0.111587 0.111367 0.111148 0.110930 0.110714 0.110500 0.110287 0.110075 0.109865 0.109656 0.109448 0.109242 0.109038 0.108834
0.122854 0.121966 0.121257 0.120664 0.120152 0.119697 0.119285 0.118905 0.118549 0.118213 0.117891 0.117582 0.117282 0.116992 0.116708 0.116430 0.116158 0.115890 0.115627 0.115367 0.115110 0.114857 0.114606 0.114358 0.114113 0.113871 0.113630 0.113392 0.113156 0.112922 0.112691 0.112461 0.112233 0.112008 0.111784 0.111562 0.111342 0.111124 0.110907 0.110692 0.110479 0.110268 0.110059 0.109851 0.109645 0.109440 0.109237 0.109035 0.108836 0.108637
0.122880 0.121857 0.121197 0.120645 0.120140 0.119670 0.119232 0.118821 0.118435 0.118069 0.117720 0.117386 0.117065 0.116754 0.116452 0.116159 0.115872 0.115592 0.115318 0.115048 0.114783 0.114523 0.114266 0.114013 0.113763 0.113517 0.113274 0.113034 0.112796 0.112561 0.112329 0.112100 0.111873 0.111648 0.111425 0.111205 0.110987 0.110772 0.110558 0.110346 0.110137 0.109929 0.109724 0.109520 0.109319 0.109119 0.108921 0.108725 0.108531 0.108338
0.120047 0.120486 0.120303 0.119936 0.119525 0.119114 0.118714 0.118330 0.117961 0.117605 0.117262 0.116930 0.116609 0.116296 0.115992 0.115695 0.115404 0.115120 0.114842 0.114569 0.114301 0.114038 0.113779 0.113524 0.113273 0.113025 0.112781 0.112541 0.112303 0.112069 0.111838 0.111610 0.111384 0.111162 0.110942 0.110724 0.110510 0.110297 0.110088 0.109880 0.109675 0.109472 0.109272 0.109073 0.108877 0.108683 0.108491 0.108301 0.108113 0.107927
0.120440 0.119756 0.119241 0.118836 0.118477 0.118137 0.117805 0.117477 0.117153 0.116833 0.116517 0.116207 0.115902 0.115602 0.115307 0.115017 0.114733 0.114453 0.114178 0.113908 0.113643 0.113381 0.113124 0.112871 0.112622 0.112376 0.112135 0.111896 0.111662 0.111430 0.111202 0.110977 0.110755 0.110536 0.110320 0.110107 0.109897 0.109690 0.109485 0.109283 0.109084 0.108887 0.108692 0.108500 0.108311 0.108123 0.107938 0.107756 0.107575 0.107397
0.119623 0.118146 0.117669 0.117396 0.117153 0.116905 0.116645 0.116376 0.116099 0.115819 0.115535 0.115251 0.114968 0.114687 0.114407 0.114131 0.113857 0.113587 0.113321 0.113058 0.112799 0.112544 0.112292 0.112044 0.111800 0.111560 0.111323 0.111090 0.110860 0.110633 0.110410 0.110191 0.109974 0.109761 0.109551 0.109344 0.109140 0.108939 0.108741 0.108546 0.108354 0.108164 0.107977 0.107793 0.107612 0.107433 0.107256 0.107082 0.106910 0.106741
0.112747 0.115317 0.115884 0.115923 0.115798 0.115608 0.115386 0.115147 0.114896 0.114638 0.114376 0.114111 0.113845 0.113580 0.113314 0.113051 0.112789 0.112530 0.112274 0.112020 0.111770 0.111523 0.111279 0.111039 0.110803 0.110570 0.110340 0.110114 0.109892 0.109673 0.109457 0.109245 0.109036 0.108830 0.108628 0.108429 0.108233 0.108040 0.107851 0.107664 0.107481 0.107300 0.107122 0.106947 0.106775 0.106606 0.106439 0.106275 0.106114 0.105955
0.118412 0.115854 0.115163 0.114843 0.114590 0.114345 0.114096 0.113845 0.113590 0.113334 0.113076 0.112818 0.112560 0.112303 0.112047 0.111793 0.111542 0.111292 0.111045 0.110801 0.110561 0.110323 0.110089 0.109858 0.109630 0.109406 0.109186 0.108969 0.108755 0.108545 0.108339 0.108136 0.107936 0.107740 0.107548 0.107358 0.107172 0.106989 0.106810 0.106634 0.106461 0.106291 0.106124 0.105960 0.105799 0.105641 0.105486 0.105333 0.105184 0.105037
0.112674 0.114109 0.113996 0.113658 0.113322 0.113011 0.112719 0.112438 0.112165 0.111898 0.111635 0.111375 0.111118 0.110865 0.110614 0.110367 0.110122 0.109881 0.109643 0.109408 0.109176 0.108948 0.108724 0.108503 0.108286 0.108072 0.107862 0.107655 0.107452 0.107253 0.107057 0.106865 0.106677 0.106492 0.106310 0.106133 0.105958 0.105787 0.105619 0.105455 0.105294 0.105136 0.104982 0.104831 0.104682 0.104537 0.104395 0.104257 0.104121 0.103988
0.116078 0.113498 0.112630 0.112156 0.111787 0.111458 0.111150 0.110855 0.110571 0.110296 0.110028 0.109766 0.109509 0.109258 0.109012 0.108770 0.108532 0.108298 0.108069 0.107843 0.107621 0.107404 0.107190 0.106980 0.106773 0.106571 0.106372 0.106178 0.105987 0.105800 0.105616 0.105437 0.105261 0.105088 0.104920 0.104755 0.104594 0.104436 0.104282 0.104131 0.103984 0.103840 0.103700 0.103563 0.103429 0.103299 0.103171 0.103047 0.102926 0.102809
0.108663 0.110180 0.110356 0.110184 0.109918 0.109627 0.109334 0.109047 0.108767 0.108494 0.108229 0.107971 0.107720 0.107474 0.107234 0.107000 0.106771 0.106546 0.106326 0.106111 0.105900 0.105694 0.105492 0.105294 0.105100 0.104910 0.104724 0.104543 0.104365 0.104191 0.104022 0.103856 0.103694 0.103536 0.103382 0.103231 0.103085 0.102942 0.102803 0.102667 0.102535 0.102407 0.102283 0.102161 0.102044 0.101929 0.101818 0.101711 0.101607 0.101506
0.109223 0.108731 0.108415 0.108126 0.107842 0.107559 0.107281 0.107008 0.106742 0.106483 0.106230 0.105983 0.105743 0.105509 0.105280 0.105057 0.104840 0.104627 0.104419 0.104217 0.104019 0.103825 0.103636 0.103452 0.103272 0.103096 0.102925 0.102758 0.102595 0.102436 0.102282 0.102131 0.101985 0.101843 0.101704 0.101570 0.101439 0.101313 0.101190 0.101071 0.100956 0.100845 0.100738 0.100634 0.100534 0.100437 0.100344 0.100255 0.100168 0.100086
0.108504 0.106905 0.106245 0.105853 0.105546 0.105272 0.105011 0.104759 0.104514 0.104274 0.104040 0.103811 0.103588 0.103370 0.103157 0.102949 0.102747 0.102549 0.102357 0.102169 0.101986 0.101807 0.101634 0.101465 0.101300 0.101140 0.100985 0.100834 0.100687 0.100545 0.100407 0.100273 0.100144 0.100018 0.099897 0.099780 0.099667 0.099559 0.099454 0.099353 0.099256 0.099164 0.099075 0.098990 0.098908 0.098831 0.098757 0.098687 0.098621 0.098558
0.101875 0.103276 0.103396 0.103234 0.103013 0.102784 0.102556 0.102333 0.102113 0.101897 0.101685 0.101477 0.101274 0.101075 0.100881 0.100692 0.100507 0.100327 0.100151 0.099980 0.099814 0.099653 0.099496 0.099344 0.099197 0.099054 0.098916 0.098783 0.098654 0.098529 0.098409 0.098293 0.098182 0.098075 0.097973 0.097875 0.097781 0.097691 0.097605 0.097524 0.097447 0.097374 0.097305 0.097240 0.097179 0.097122 0.097069 0.097020 0.096975 0.096933
0.102970 0.101266 0.100803 0.100567 0.100367 0.100169 0.099972 0.099775 0.099580 0.099387 0.099197 0.099011 0.098828 0.098649 0.098475 0.098305 0.098139 0.097977 0.097821 0.097668 0.097521 0.097378 0.097240 0.097106 0.096978 0.096853 0.096734 0.096619 0.096509 0.096404 0.096303 0.096206 0.096115 0.096027 0.095944 0.095866 0.095792 0.095723 0.095658 0.095597 0.095541 0.095489 0.095441 0.095397 0.095358 0.095323 0.095292 0.095265 0.095241 0.095222
0.096406 0.097825 0.097944 0.097823 0.097656 0.097481 0.097303 0.097126 0.096950 0.096776 0.096606 0.096439 0.096276 0.096117 0.095961 0.095811 0.095664 0.095522 0.095385 0.095252 0.095124 0.095000 0.094881 0.094767 0.094658 0.094554 0.094454 0.094359 0.094269 0.094183 0.094103 0.094027 0.093955 0.093889 0.093827 0.093770 0.093717 0.093669 0.093625 0.093586 0.093552 0.093522 0.093496 0.093475 0.093459 0.093446 0.093438 0.093434 0.093435 0.093439
0.097881 0.095863 0.095339 0.095101 0.094916 0.094743 0.094574 0.094408 0.094246 0.094088 0.093934 0.093785 0.093640 0.093499 0.093362 0.093231 0.093103 0.092981 0.092863 0.092750 0.092641 0.092538 0.092439 0.092345 0.092256 0.092172 0.092093 0.092019 0.091949 0.091885 0.091825 0.091770 0.091720 0.091675 0.091635 0.091600 0.091569 0.091544 0.091523 0.091506 0.091495 0.091488 0.091486 0.091488 0.091495 0.091506 0.091522 0.091543 0.091568 0.091597
0.090113 0.092116 0.092370 0.092273 0.092112 0.091945 0.091783 0.091628 0.091478 0.091335 0.091197 0.091065 0.090937 0.090814 0.090697 0.090584 0.090476 0.090372 0.090274 0.090181 0.090093 0.090009 0.089931 0.089858 0.089789 0.089726 0.089668 0.089615 0.089567 0.089524 0.089486 0.089453 0.089426 0.089403 0.089385 0.089373 0.089365 0.089363 0.089365 0.089372 0.089384 0.089401 0.089423 0.089450 0.089482 0.089518 0.089559 0.089605 0.089655 0.089710
0.093056 0.090462 0.089745 0.089442 0.089242 0.089076 0.088926 0.088786 0.088654 0.088528 0.088408 0.088293 0.088184 0.088080 0.087981 0.087887 0.087798 0.087714 0.087636 0.087563 0.087495 0.087432 0.087374 0.087322 0.087275 0.087233 0.087196 0.087165 0.087139 0.087118 0.087103 0.087092 0.087087 0.087088 0.087093 0.087104 0.087120 0.087141 0.087167 0.087199 0.087235 0.087277 0.087324 0.087376 0.087433 0.087495 0.087562 0.087634 0.087710 0.087792
0.084307 0.086186 0.086436 0.086373 0.086255 0.086132 0.086012 0.085897 0.085787 0.085682 0.085581 0.085486 0.085395 0.085310 0.085230 0.085156 0.085087 0.085023 0.084964 0.084911 0.084864 0.084822 0.084785 0.084754 0.084728 0.084708 0.084694 0.084684 0.084681 0.084682 0.084690 0.084702 0.084721 0.084744 0.084774 0.084808 0.084849 0.084894 0.084945 0.085002 0.085063 0.085130 0.085203 0.085281 0.085364 0.085452 0.085546 0.085644 0.085748 0.085857
0.085580 0.083845 0.083473 0.083348 0.083259 0.083171 0.083081 0.082990 0.082901 0.082816 0.082734 0.082658 0.082587 0.082521 0.082461 0.082406 0.082356 0.082313 0.082275 0.082243 0.082216 0.082195 0.082180 0.082170 0.082166 0.082168 0.082175 0.082189 0.082208 0.082233 0.082263 0.082299 0.082341 0.082389 0.082442 0.082502 0.082566 0.082637 0.082713 0.082795 0.082883 0.082976 0.083075 0.083179 0.083289 0.083404 0.083525 0.083651 0.083783 0.083920
0.078627 0.080088 0.080361 0.080372 0.080318 0.080244 0.080166 0.080089 0.080016 0.079947 0.079883 0.079825 0.079773 0.079727 0.079686 0.079651 0.079622 0.079599 0.079582 0.079571 0.079565 0.079566 0.079572 0.079584 0.079603 0.079627 0.079657 0.079693 0.079735 0.079784 0.079838 0.079898 0.079964 0.080036 0.080114 0.080198 0.080288 0.080384 0.080486 0.080594 0.080708 0.080828 0.080953 0.081085 0.081222 0.081365 0.081514 0.081669 0.081829 0.081995
0.079156 0.078035 0.077718 0.077561 0.077446 0.077351 0.077269 0.077199 0.077138 0.077084 0.077039 0.077000 0.076967 0.076941 0.076921 0.076907 0.076899 0.076897 0.076901 0.076911 0.076927 0.076950 0.076978 0.077013 0.077053 0.077100 0.077154 0.077213 0.077279 0.077351 0.077429 0.077513 0.077604 0.077701 0.077804 0.077913 0.078029 0.078151 0.078279 0.078414 0.078554 0.078701 0.078854 0.079013 0.079178 0.079350 0.079527 0.079711 0.079900 0.080096
0.074611 0.074962 0.074811 0.074645 0.074521 0.074430 0.074362 0.074310 0.074269 0.074237 0.074213 0.074196 0.074185 0.074180 0.074181 0.074189 0.074202 0.074222 0.074248 0.074280 0.074318 0.074362 0.074413 0.074470 0.074534 0.074604 0.074680 0.074763 0.074853 0.074949 0.075051 0.075160 0.075276 0.075398 0.075527 0.075662 0.075804 0.075952 0.076107 0.076268 0.076436 0.076611 0.076791 0.076979 0.077173 0.077373 0.077579 0.077792 0.078012 0.078237
0.073049 0.071926 0.071647 0.071551 0.071503 0.071473 0.071452 0.071438 0.071429 0.071425 0.071426 0.071433 0.071445 0.071462 0.071486 0.071515 0.071550 0.071591 0.071638 0.071692 0.071753 0.071819 0.071893 0.071973 0.072059 0.072152 0.072253 0.072359 0.072473 0.072593 0.072721 0.072855 0.072996 0.073143 0.073298 0.073459 0.073628 0.073803 0.073985 0.074174 0.074369 0.074572 0.074781 0.074997 0.075220 0.075450 0.075686 0.075929 0.076179 0.076436
0.066337 0.067842 0.068283 0.068451 0.068533 0.068581 0.068613 0.068638 0.068660 0.068683 0.068709 0.068738 0.068771 0.068810 0.068854 0.068904 0.068960 0.069022 0.069091 0.069167 0.069249 0.069338 0.069434 0.069537 0.069647 0.069764 0.069887 0.070018 0.070156 0.070302 0.070454 0.070613 0.070780 0.070953 0.071134 0.071322 0.071517 0.071720 0.071929 0.072146 0.072370 0.072601 0.072839 0.073085 0.073337 0.073597 0.073863 0.074137 0.074418 0.074707
0.066554 0.065715 0.065676 0.065753 0.065827 0.065884 0.065930 0.065969 0.066007 0.066046 0.066087 0.066134 0.066185 0.066242 0.066305 0.066374 0.066451 0.066534 0.066624 0.066721 0.066825 0.066936 0.067055 0.067181 0.067314 0.067454 0.067602 0.067757 0.067920 0.068090 0.068268 0.068453 0.068645 0.068845 0.069052 0.069267 0.069490 0.069720 0.069957 0.070203 0.070455 0.070715 0.070983 0.071258 0.071541 0.071831 0.072129 0.072434 0.072747 0.073068
0.062241 0.063177 0.063339 0.063367 0.063378 0.063394 0.063416 0.063445 0.063482 0.063525 0.063577 0.063635 0.063701 0.063774 0.063855 0.063943 0.064039 0.064142 0.064253 0.064372 0.064498 0.064631 0.064772 0.064921 0.065078 0.065242 0.065414 0.065594 0.065782 0.065977 0.066180 0.066391 0.066610 0.066836 0.067071 0.067313 0.067563 0.067821 0.068087 0.068361 0.068643 0.068933 0.069231 0.069536 0.069850 0.070172 0.070502 0.070839 0.071185 0.071539
0.062854 0.061623 0.061256 0.061108 0.061038 0.061010 0.061009 0.061029 0.061064 0.061114 0.061175 0.061246 0.061327 0.061417 0.061516 0.061624 0.061740 0.061864 0.061996 0.062136 0.062284 0.062440 0.062605 0.062777 0.062957 0.063146 0.063342 0.063547 0.063759 0.063980 0.064209 0.064446 0.064692 0.064945 0.065207 0.065477 0.065756 0.066042 0.066338 0.066641 0.066953 0.067273 0.067602 0.067939 0.068285 0.068639 0.069001 0.069372 0.069752 0.070141
0.058044 0.058708 0.058734 0.058678 0.058639 0.058629 0.058644 0.058680 0.058733 0.058800 0.058880 0.058971 0.059071 0.059182 0.059302 0.059430 0.059568 0.059713 0.059868 0.060030 0.060201 0.060381 0.060568 0.060765 0.060969 0.061182 0.061403 0.061633 0.061871 0.062118 0.062374 0.062638 0.062910 0.063191 0.063481 0.063780 0.064087 0.064404 0.064729 0.065062 0.065405 0.065757 0.066117 0.066487 0.066866 0.067253 0.067650 0.068056 0.068471 0.068896
0.057025 0.056275 0.056147 0.056156 0.056200 0.056258 0.056328 0.056408 0.056497 0.056596 0.056704 0.056822 0.056948 0.057083 0.057226 0.057378 0.057539 0.057708 0.057886 0.058072 0.058266 0.058470 0.058682 0.058902 0.059132 0.059370 0.059616 0.059872 0.060137 0.060410 0.060692 0.060984 0.061285 0.061594 0.061913 0.062241 0.062579 0.062925 0.063281 0.063647 0.064022 0.064406 0.064800 0.065204 0.065617 0.066040 0.066472 0.066915 0.067368 0.067830
0.052370 0.053172 0.053507 0.053712 0.053870 0.054009 0.054140 0.054270 0.054401 0.054537 0.054678 0.054825 0.054979 0.055140 0.055309 0.055486 0.055671 0.055865 0.056067 0.056277 0.056496 0.056724 0.056961 0.057207 0.057462 0.057726 0.057999 0.058281 0.058573 0.058874 0.059184 0.059505 0.059834 0.060174 0.060523 0.060882 0.061250 0.061629 0.062018 0.062416 0.062825 0.063244 0.063673 0.064113 0.064563 0.065023 0.065494 0.065976 0.066468 0.066971
0.050956 0.051197 0.051439 0.051648 0.051835 0.052009 0.052175 0.052337 0.052500 0.052666 0.052835 0.053009 0.053189 0.053376 0.053570 0.053772 0.053982 0.054200 0.054427 0.054662 0.054906 0.055160 0.055422 0.055694 0.055976 0.056267 0.056567 0.056878 0.057198 0.057528 0.057869 0.058219 0.058579 0.058950 0.059331 0.059723 0.060125 0.060538 0.060961 0.061395 0.061840 0.062296 0.062763 0.063241 0.063730 0.064231 0.064743 0.065267 0.065802 0.066350
0.049947 0.049784 0.049844 0.049976 0.050133 0.050300 0.050471 0.050646 0.050826 0.051010 0.051200 0.051396 0.051599 0.051808 0.052026 0.052252 0.052486 0.052729 0.052980 0.053241 0.053512 0.053791 0.054081 0.054381 0.054690 0.055010 0.055340 0.055680 0.056031 0.056392 0.056764 0.057146 0.057540 0.057945 0.058360 0.058787 0.059225 0.059675 0.060136 0.060608 0.061092 0.061588 0.062096 0.062617 0.063149 0.063694 0.064251 0.064821 0.065404 0.066001
0.047919 0.048243 0.048404 0.048540 0.048684 0.048841 0.049010 0.049189 0.049377 0.049574 0.049780 0.049993 0.050215 0.050446 0.050686 0.050935 0.051193 0.051461 0.051739 0.052027 0.052324 0.052632 0.052951 0.053280 0.053620 0.053970 0.054332 0.054704 0.055088 0.055483 0.055890 0.056308 0.056738 0.057179 0.057633 0.058098 0.058576 0.059065 0.059568 0.060083 0.060610 0.061151 0.061704 0.062271 0.062851 0.063445 0.064052 0.064674 0.065311 0.065966
0.047103 0.047080 0.047158 0.047275 0.047416 0.047574 0.047748 0.047934 0.048133 0.048343 0.048564 0.048795 0.049037 0.049290 0.049553 0.049826 0.050111 0.050405 0.050711 0.051028 0.051355 0.051694 0.052044 0.052406 0.052779 0.053164 0.053560 0.053969 0.054389 0.054822 0.055267 0.055724 0.056194 0.056677 0.057172 0.057681 0.058202 0.058737 0.059286 0.059848 0.060424 0.061014 0.061618 0.062237 0.062871 0.063519 0.064183 0.064864 0.065566 0.066308
0.045799 0.045844 0.045962 0.046110 0.046275 0.046454 0.046645 0.046850 0.047067 0.047296 0.047538 0.047792 0.048058 0.048336 0.048626 0.048927 0.049241 0.049566 0.049904 0.050253 0.050615 0.050988 0.051374 0.051773 0.052183 0.052607 0.053043 0.053492 0.053953 0.054428 0.054917 0.055418 0.055933 0.056462 0.057005 0.057562 0.058133 0.058719 0.059320 0.059935 0.060566 0.061212 0.061874 0.062552 0.063247 0.063958 0.064687 0.065441 0.066243 0.067187
0.044224 0.044592 0.044837 0.045047 0.045253 0.045464 0.045685 0.045917 0.046162 0.046419 0.046690 0.046974 0.047271 0.047581 0.047904 0.048240 0.048588 0.048950 0.049325 0.049713 0.050114 0.050527 0.050955 0.051395 0.051849 0.052316 0.052798 0.053292 0.053801 0.054324 0.054862 0.055414 0.055981 0.056562 0.057159 0.057771 0.058399 0.059043 0.059703 0.060379 0.061072 0.061783 0.062510 0.063256 0.064020 0.064805 0.065616 0.066484 0.067533 0.069238
0.043521 0.043700 0.043910 0.044133 0.044365 0.044608 0.044864 0.045132 0.045414 0.045709 0.046018 0.046340 0.046677 0.047027 0.047391 0.047769 0.048161 0.048566 0.048985 0.049418 0.049865 0.050326 0.050801 0.051290 0.051794 0.052312 0.052845 0.053393 0.053956 0.054534 0.055128 0.055737 0.056363 0.057005 0.057663 0.058339 0.059031 0.059742 0.060470 0.061216 0.061981 0.062765 0.063569 0.064393 0.065239 0.066115 0.067057 0.068226 0.070253 0.075492
0.042831 0.042924 0.043112 0.043346 0.043608 0.043889 0.044186 0.044500 0.044828 0.045171 0.045528 0.045900 0.046286 0.046686 0.047100 0.047528 0.047971 0.048428 0.048899 0.049385 0.049885 0.050401 0.050931 0.051477 0.052038 0.052615 0.053207 0.053816 0.054441 0.055082 0.055741 0.056417 0.057110 0.057821 0.058550 0.059298 0.060066 0.060852 0.061658 0.062485 0.063333 0.064203 0.065094 0.066010 0.066959 0.067984 0.069286 0.071698 0.078374 0.099309
0.041776 0.042066 0.042353 0.042653 0.042972 0.043309 0.043664 0.044036 0.044422 0.044824 0.045240 0.045670 0.046114 0.046573 0.047046 0.047533 0.048035 0.048551 0.049083 0.049630 0.050192 0.050770 0.051365 0.051975 0.052602 0.053246 0.053907 0.054585 0.055281 0.055996 0.056729 0.057480 0.058251 0.059042 0.059853 0.060685 0.061537 0.062412 0.063309 0.064229 0.065173 0.066141 0.067136 0.068166 0.069281 0.070730 0.073589 0.082072 0.107456 0.160029
0.040852 0.041306 0.041696 0.042083 0.042482 0.042896 0.043325 0.043767 0.044224 0.044694 0.045177 0.045674 0.046184 0.046709 0.047248 0.047802 0.048371 0.048955 0.049556 0.050172 0.050805 0.051454 0.052121 0.052806 0.053508 0.054228 0.054968 0.055726 0.056503 0.057301 0.058119 0.058958 0.059818 0.060700 0.061605 0.062533 0.063484 0.064460 0.065462 0.066490 0.067545 0.068629 0.069750 0.070963 0.072564 0.075922 0.086550 0.115951 0.173958 0.275647
0.040506 0.040806 0.041236 0.041708 0.042198 0.042699 0.043210 0.043731 0.044263 0.044807 0.045363 0.045932 0.046514 0.047112 0.047724 0.048351 0.048995 0.049655 0.050332 0.051027 0.051739 0.052470 0.053219 0.053987 0.054775 0.055583 0.056411 0.057260 0.058131 0.059023 0.059939 0.060877 0.061839 0.062826 0.063839 0.064877 0.065943 0.067036 0.068158 0.069311 0.070495 0.071718 0.073036 0.074786 0.078661 0.091548 0.124337 0.186851 0.294124 0.473383
0.039808 0.040421 0.041014 0.041599 0.042182 0.042768 0.043358 0.043955 0.044562 0.045180 0.045810 0.046455 0.047114 0.047790 0.048481 0.049190 0.049917 0.050661 0.051424 0.052206 0.053008 0.053830 0.054672 0.055535 0.056419 0.057326 0.058255 0.059208 0.060184 0.061185 0.062211 0.063263 0.064343 0.065449 0.066585 0.067750 0.068947 0.070175 0.071437 0.072734 0.074071 0.075499 0.077386 0.081756 0.096679 0.132093 0.197868 0.308737 0.492229 0.741447
0.039626 0.040456 0.041154 0.041816 0.042466 0.043115 0.043770 0.044435 0.045112 0.045804 0.046512 0.047236 0.047979 0.048739 0.049519 0.050318 0.051136 0.051975 0.052834 0.053715 0.054617 0.055541 0.056488 0.057458 0.058452 0.059470 0.060514 0.061583 0.062680 0.063803 0.064956 0.066137 0.067349 0.068593 0.069870 0.071181 0.072527 0.073911 0.075333 0.076797 0.078343 0.080342 0.085127 0.101549 0.138657 0.206193 0.318311 0.502379 0.750091 0.960859
0.040526 0.041005 0.041644 0.042311 0.042989 0.043682 0.044392 0.045123 0.045873 0.046645 0.047438 0.048252 0.049088 0.049945 0.050823 0.051723 0.052646 0.053591 0.054558 0.055550 0.056565 0.057604 0.058669 0.059759 0.060876 0.062020 0.063193 0.064394 0.065626 0.066888 0.068183 0.069512 0.070875 0.072274 0.073711 0.075188 0.076706 0.078267 0.079873 0.081547 0.083627 0.088654 0.105806 0.143483 0.211103 0.321884 0.502561 0.747750 0.959674 1.114772
0.040717 0.041544 0.042220 0.042895 0.043603 0.044349 0.045131 0.045945 0.046788 0.047658 0.048553 0.049472 0.050416 0.051384 0.052375 0.053390 0.054430 0.055494 0.056583 0.057699 0.058840 0.060009 0.061205 0.062430 0.063685 0.064970 0.066287 0.067637 0.069021 0.070440 0.071895 0.073389 0.074923 0.076499 0.078118 0.079784 0.081497 0.083259 0.085079 0.087212 0.092204 0.109179 0.146129 0.212061 0.318864 0.491983 0.732966 0.949187 1.107714 1.229986
0.041582 0.042031 0.042626 0.043346 0.044149 0.045008 0.045910 0.046846 0.047812 0.048805 0.049824 0.050868 0.051937 0.053031 0.054150 0.055295 0.056466 0.057663 0.058888 0.060141 0.061424 0.062736 0.064079 0.065454 0.066862 0.068305 0.069783 0.071298 0.072852 0.074446 0.076082 0.077762 0.079488 0.081262 0.083087 0.084965 0.086898 0.088885 0.091069 0.095692 0.111540 0.146354 0.208805 0.309156 0.470593 0.704010 0.927442 1.092456 1.218381 1.321401
0.041413 0.041755 0.042604 0.043583 0.044606 0.045656 0.046727 0.047820 0.048935 0.050072 0.051232 0.052417 0.053626 0.054860 0.056120 0.057407 0.058723 0.060067 0.061441 0.062847 0.064284 0.065754 0.067259 0.068800 0.070377 0.071994 0.073651 0.075350 0.077092 0.078881 0.080718 0.082606 0.084547 0.086543 0.088599 0.090715 0.092889 0.095165 0.099147 0.112960 0.144224 0.201434 0.293224 0.439377 0.659498 0.891610 1.067081 1.199064 1.305583 1.396550
0.038553 0.040962 0.042547 0.043886 0.045151 0.046394 0.047638 0.048893 0.050162 0.051450 0.052759 0.054092 0.055450 0.056834 0.058247 0.059688 0.061160 0.062664 0.064200 0.065771 0.067378 0.069021 0.070703 0.072425 0.074189 0.075996 0.077849 0.079751 0.081702 0.083706 0.085765 0.087883 0.090062 0.092306 0.094617 0.096994 0.099434 0.102732 0.113754 0.140213 0.190487 0.272068 0.400438 0.599784 0.837866 1.028771 1.170228 1.282193 1.376498 1.459466
0.041055 0.041984 0.043229 0.044559 0.045915 0.047283 0.048662 0.050057 0.051471 0.052906 0.054365 0.055850 0.057363 0.058906 0.060480 0.062086 0.063726 0.065401 0.067113 0.068862 0.070652 0.072483 0.074357 0.076276 0.078242 0.080258 0.082326 0.084448 0.086627 0.088867 0.091170 0.093541 0.095982 0.098497 0.101087 0.103745 0.106659 0.114464 0.135269 0.177023 0.247138 0.356638 0.528583 0.762198 0.973283 1.129238 1.249516 1.348826 1.435027 1.512456
0.041792 0.042666 0.043919 0.045303 0.046741 0.048211 0.049710 0.051235 0.052788 0.054371 0.055984 0.057628 0.059305 0.061016 0.062762 0.064544 0.066363 0.068222 0.070121 0.072063 0.074049 0.076081 0.078161 0.080292 0.082477 0.084717 0.087016 0.089377 0.091804 0.094299 0.096868 0.099513 0.102239 0.105049 0.107939 0.110905 0.115829 0.130687 0.162731 0.220269 0.311001 0.452675 0.664280 0.894419 1.072028 1.205067 1.311883 1.402820 1.483436 1.556919
0.040339 0.042547 0.044254 0.045836 0.047410 0.049011 0.050647 0.052319 0.054028 0.055772 0.057552 0.059368 0.061221 0.063111 0.065040 0.067009 0.069019 0.071072 0.073170 0.075315 0.077510 0.079756 0.082056 0.084412 0.086829 0.089308 0.091854 0.094470 0.097161 0.099930 0.102782 0.105722 0.108754 0.111879 0.115085 0.118617 0.127702 0.149931 0.193746 0.266304 0.378911 0.553633 0.785411 0.992067 1.144973 1.263273 1.361228 1.446445 1.523123 1.593755
0.041585 0.042909 0.044458 0.046112 0.047831 0.049599 0.051411 0.053261 0.055150 0.057076 0.059039 0.061040 0.063080 0.065159 0.067280 0.069444 0.071654 0.073910 0.076216 0.078573 0.080985 0.083454 0.085983 0.088575 0.091235 0.093965 0.096770 0.099654 0.102623 0.105680 0.108832 0.112084 0.115439 0.118895 0.122434 0.127308 0.140899 0.170579 0.225123 0.311860 0.446486 0.648732 0.879550 1.062754 1.199220 1.307883 1.399869 1.481117 1.554999 1.623567
0.040742 0.042411 0.044231 0.046127 0.048072 0.050054 0.052069 0.054116 0.056197 0.058313 0.060464 0.062654 0.064884 0.067156 0.069472 0.071834 0.074245 0.076708 0.079225 0.081798 0.084432 0.087129 0.089893 0.092727 0.095636 0.098624 0.101696 0.104857 0.108113 0.111469 0.114932 0.118506 0.122196 0.125995 0.129906 0.136648 0.154138 0.190477 0.254039 0.353633 0.508144 0.727729 0.947381 1.113218 1.238983 1.341300 1.429254 1.507762 1.579679 1.646778
0.039921 0.042007 0.044114 0.046246 0.048397 0.050570 0.052767 0.054993 0.057249 0.059541 0.061870 0.064239 0.066652 0.069109 0.071615 0.074171 0.076781 0.079448 0.082174 0.084962 0.087817 0.090742 0.093741 0.096818 0.099978 0.103225 0.106566 0.110007 0.113553 0.117211 0.120989 0.124891 0.128922 0.133069 0.137392 0.145783 0.166244 0.207642 0.278147 0.388289 0.558306 0.785680 0.993413 1.147790 1.266774 1.365006 1.450314 1.526996 1.597587 1.663684
0.039777 0.042131 0.044417 0.046682 0.048955 0.051253 0.053582 0.055946 0.058348 0.060792 0.063279 0.065811 0.068392 0.071023 0.073708 0.076450 0.079250 0.082113 0.085041 0.088039 0.091109 0.094256 0.097485 0.100799 0.104205 0.107708 0.111313 0.115029 0.118861 0.122817 0.126905 0.131132 0.135501 0.139994 0.144707 0.154057 0.176225 0.220606 0.295565 0.412881 0.592775 0.822234 1.021419 1.169049 1.284087 1.379911 1.463640 1.539219 1.609002 1.674483
0.040287 0.042664 0.044957 0.047269 0.049618 0.052010 0.054447 0.056930 0.059460 0.062039 0.064669 0.067352 0.070088 0.072882 0.075736 0.078651 0.081631 0.084680 0.087801 0.090997 0.094272 0.097631 0.101079 0.104620 0.108261 0.112007 0.115865 0.119842 0.123947 0.128187 0.132572 0.137109 0.141802 0.146632 0.151649 0.161106 0.183476 0.228492 0.305013 0.425330 0.609221 0.838561 1.033688 1.178406 1.291748 1.386529 1.469567 1.544659 1.614082 1.679286
0.040865 0.042974 0.045307 0.047716 0.050178 0.052687 0.055246 0.057855 0.060516 0.063229 0.065998 0.068824 0.071709 0.074657 0.077668 0.080747 0.083896 0.087118 0.090418 0.093798 0.097264 0.100819 0.104470 0.108220 0.112077 0.116046 0.120136 0.124354 0.128708 0.133208 0.137864 0.142684 0.147674 0.152818 0.158081 0.166841 0.187874 0.231045 0.305960 0.424712 0.606829 0.835469 1.031171 1.176413 1.290073 1.385049 1.468213 1.543390 1.612871 1.678117
0.040432 0.042922 0.045427 0.047985 0.050591 0.053242 0.055938 0.058682 0.061477 0.064326 0.067232 0.070197 0.073223 0.076315 0.079474 0.082704 0.086007 0.089388 0.092849 0.096396 0.100032 0.103762 0.107591 0.111526 0.115572 0.119737 0.124028 0.128454 0.133024 0.137747 0.142635 0.147698 0.152942 0.158360 0.163874 0.171427 0.189770 0.228671 0.298716 0.411358 0.585877 0.812780 1.013603 1.162881 1.278925 1.375364 1.459488 1.535332 1.605297 1.670907
0.039808 0.042747 0.045502 0.048227 0.050970 0.053747 0.056566 0.059434 0.062353 0.065327 0.068359 0.071452 0.074608 0.077830 0.081121 0.084484 0.087922 0.091440 0.095040 0.098728 0.102507 0.106382 0.110360 0.114446 0.118646 0.122969 0.127421 0.132012 0.136751 0.141649 0.146717 0.151967 0.157407 0.163038 0.168802 0.175231 0.189867 0.222451 0.284459 0.386832 0.547833 0.769457 0.979445 1.136823 1.257676 1.357042 1.443075 1.520239 1.591162 1.657492
0.041178 0.043325 0.045907 0.048626 0.051418 0.054268 0.057175 0.060138 0.063158 0.066237 0.069375 0.072575 0.075839 0.079169 0.082569 0.086040 0.089587 0.093212 0.096920 0.100715 0.104602 0.108586 0.112673 0.116867 0.121177 0.125610 0.130173 0.134875 0.139727 0.144739 0.149922 0.155289 0.160851 0.166615 0.172556 0.178567 0.189017 0.214077 0.265211 0.353790 0.495831 0.704638 0.925677 1.096228 1.225083 1.329264 1.418393 1.497678 1.570127 1.637598
0.040402 0.043451 0.046221 0.049000 0.051843 0.054755 0.057733 0.060772 0.063872 0.067031 0.070251 0.073532 0.076875 0.080283 0.083759 0.087305 0.090924 0.094620 0.098397 0.102259 0.106211 0.110258 0.114405 0.118658 0.123024 0.127510 0.132124 0.136875 0.141772 0.146827 0.152050 0.157454 0.163051 0.168854 0.174858 0.180964 0.188119 0.205455 0.243816 0.315750 0.434836 0.620198 0.847809 1.037577 1.179015 1.290672 1.384517 1.466979 1.541687 1.610833
0.040869 0.043493 0.046292 0.049174 0.052116 0.055115 0.058167 0.061274 0.064435 0.067651 0.070923 0.074253 0.077641 0.081090 0.084604 0.088184 0.091834 0.095557 0.099357 0.103238 0.107206 0.111263 0.115416 0.119671 0.124034 0.128511 0.133110 0.137840 0.142709 0.147728 0.152908 0.158262 0.163801 0.169539 0.175484 0.181611 0.187765 0.198015 0.223655 0.276894 0.370899 0.523663 0.741829 0.955084 1.115897 1.239089 1.340027 1.427158 1.505124 1.576653
0.040455 0.043229 0.046188 0.049197 0.052236 0.055309 0.058420 0.061571 0.064766 0.068007 0.071297 0.074638 0.078032 0.081481 0.084990 0.088560 0.092195 0.095898 0.099672 0.103522 0.107451 0.111464 0.115566 0.119762 0.124058 0.128460 0.132975 0.137611 0.142377 0.147281 0.152334 0.157548 0.162934 0.168507 0.174277 0.180249 0.186348 0.192833 0.207380 0.241937 0.310049 0.426775 0.612030 0.840419 1.029677 1.170934 1.282706 1.376749 1.459417 1.534316
0.039851 0.043088 0.046122 0.049155 0.052214 0.055304 0.058424 0.061577 0.064765 0.067991 0.071259 0.074570 0.077929 0.081337 0.084797 0.088312 0.091886 0.095520 0.099219 0.102986 0.106824 0.110737 0.114730 0.118807 0.122974 0.127236 0.131600 0.136072 0.140660 0.145373 0.150219 0.155209 0.160355 0.165668 0.171162 0.176847 0.182718 0.188664 0.195976 0.214916 0.257951 0.339819 0.478524 0.688678 0.910285 1.080053 1.208927 1.313484 1.403062 1.482780
0.039912 0.042846 0.045865 0.048895 0.051937 0.054998 0.058081 0.061190 0.064328 0.067498 0.070703 0.073946 0.077228 0.080554 0.083925 0.087343 0.090811 0.094331 0.097907 0.101542 0.105237 0.108998 0.112827 0.116729 0.120709 0.124771 0.128921 0.133165 0.137510 0.141963 0.146533 0.151228 0.156058 0.161034 0.166169 0.171474 0.176958 0.182602 0.188363 0.196683 0.219335 0.269387 0.362943 0.520784 0.745472 0.955514 1.112356 1.233627 1.333719 1.420498
0.039565 0.042443 0.045375 0.048336 0.051312 0.054302 0.057308 0.060334 0.063385 0.066462 0.069568 0.072705 0.075876 0.079082 0.082324 0.085605 0.088927 0.092290 0.095699 0.099156 0.102662 0.106222 0.109838 0.113515 0.117256 0.121066 0.124950 0.128913 0.132962 0.137101 0.141339 0.145684 0.150143 0.154726 0.159443 0.164306 0.169325 0.174507 0.179827 0.185409 0.194495 0.219645 0.274528 0.376775 0.548989 0.780504 0.981261 1.130511 1.247454 1.345015
0.038837 0.041702 0.044574 0.047446 0.050319 0.053200 0.056094 0.059005 0.061936 0.064889 0.067864 0.070864 0.073888 0.076938 0.080015 0.083121 0.086256 0.089423 0.092623 0.095860 0.099135 0.102452 0.105814 0.109224 0.112686 0.116203 0.119781 0.123425 0.127138 0.130927 0.134797 0.138756 0.142810 0.146967 0.151236 0.155625 0.160146 0.164807 0.169613 0.174551 0.179931 0.189290 0.215424 0.272560 0.379722 0.560607 0.795481 0.991357 1.137084 1.252105
0.037701 0.040736 0.043560 0.046307 0.049037 0.051774 0.054524 0.057290 0.060072 0.062869 0.065681 0.068508 0.071349 0.074206 0.077080 0.079971 0.082881 0.085812 0.088767 0.091748 0.094757 0.097798 0.100873 0.103986 0.107139 0.110338 0.113586 0.116886 0.120244 0.123664 0.127151 0.130711 0.134349 0.138072 0.141887 0.145801 0.149823 0.153960 0.158222 0.162611 0.167145 0.172259 0.181364 0.206920 0.263671 0.371561 0.555302 0.792796 0.988384 1.133835
0.037980 0.040238 0.042620 0.045095 0.047621 0.050177 0.052753 0.055341 0.057938 0.060542 0.063150 0.065763 0.068380 0.071003 0.073633 0.076272 0.078922 0.081584 0.084263 0.086960 0.089678 0.092420 0.095189 0.097988 0.100820 0.103689 0.106599 0.109552 0.112552 0.115605 0.118713 0.121881 0.125114 0.128417 0.131796 0.135256 0.138803 0.142446 0.146190 0.150043 0.154009 0.158135 0.162911 0.171359 0.194960 0.248946 0.353463 0.534411 0.774348 0.974039
0.037417 0.039344 0.041556 0.043855 0.046196 0.048556 0.050926 0.053297 0.055665 0.058028 0.060387 0.062741 0.065092 0.067442 0.069794 0.072149 0.074511 0.076882 0.079266 0.081664 0.084080 0.086516 0.088975 0.091461 0.093975 0.096521 0.099102 0.101720 0.104380 0.107083 0.109834 0.112635 0.115492 0.118407 0.121385 0.124430 0.127547 0.130742 0.134020 0.137387 0.140848 0.144412 0.148145 0.152529 0.160098 0.180743 0.230084 0.327702 0.500522 0.741415
0.035958 0.038383 0.040564 0.042713 0.044856 0.046989 0.049109 0.051214 0.053304 0.055381 0.057447 0.059505 0.061558 0.063609 0.065662 0.067719 0.069784 0.071859 0.073946 0.076049 0.078170 0.080312 0.082476 0.084665 0.086881 0.089127 0.091404 0.093716 0.096065 0.098452 0.100882 0.103356 0.105877 0.108448 0.111073 0.113754 0.116495 0.119301 0.122175 0.125122 0.128147 0.131254 0.134455 0.137823 0.141793 0.148405 0.165610 0.209034 0.297157 0.457232
0.035965 0.037768 0.039731 0.041673 0.043571 0.045426 0.047248 0.049042 0.050817 0.052577 0.054329 0.056077 0.057825 0.059577 0.061336 0.063105 0.064886 0.066682 0.068495 0.070327 0.072179 0.074054 0.075953 0.077878 0.079831 0.081812 0.083825 0.085870 0.087949 0.090064 0.092217 0.094409 0.096644 0.098922 0.101247 0.103621 0.106046 0.108525 0.111061 0.113658 0.116319 0.119047 0.121848 0.124734 0.127778 0.131346 0.137025 0.150842 0.187643 0.264778
0.035088 0.037170 0.038962 0.040620 0.042198 0.043721 0.045209 0.046675 0.048129 0.049580 0.051033 0.052492 0.053962 0.055445 0.056944 0.058460 0.059996 0.061552 0.063130 0.064732 0.066357 0.068008 0.069685 0.071389 0.073121 0.074883 0.076675 0.078499 0.080355 0.082245 0.084170 0.086132 0.088131 0.090170 0.092249 0.094372 0.096539 0.098752 0.101015 0.103329 0.105696 0.108120 0.110604 0.113151 0.115775 0.118541 0.121745 0.126589 0.137486 0.167440
0.035541 0.036836 0.038120 0.039355 0.040552 0.041728 0.042895 0.044064 0.045241 0.046431 0.047638 0.048864 0.050112 0.051382 0.052676 0.053994 0.055337 0.056705 0.058100 0.059521 0.060969 0.062444 0.063947 0.065478 0.067037 0.068626 0.070245 0.071895 0.073575 0.075288 0.077033 0.078813 0.080626 0.082476 0.084363 0.086288 0.088252 0.090257 0.092305 0.094397 0.096535 0.098721 0.100958 0.103247 0.105594 0.108009 0.110548 0.113442 0.117585 0.126179
0.035055 0.035955 0.036815 0.037676 0.038553 0.039451 0.040375 0.041326 0.042305 0.043313 0.044350 0.045415 0.046509 0.047631 0.048782 0.049961 0.051169 0.052404 0.053668 0.054959 0.056278 0.057626 0.059001 0.060405 0.061837 0.063298 0.064788 0.066308 0.067857 0.069437 0.071047 0.072690 0.074364 0.076071 0.077812 0.079588 0.081399 0.083247 0.085133 0.087058 0.089024 0.091031 0.093083 0.095180 0.097324 0.099520 0.101777 0.104141 0.106787 0.110372
0.033931 0.034493 0.035073 0.035706 0.036398 0.037141 0.037931 0.038762 0.039631 0.040536 0.041474 0.042446 0.043448 0.044482 0.045545 0.046637 0.047759 0.048909 0.050087 0.051293 0.052527 0.053789 0.055078 0.056395 0.057740 0.059112 0.060513 0.061942 0.063399 0.064885 0.066401 0.067946 0.069521 0.071128 0.072765 0.074435 0.076137 0.077873 0.079644 0.081451 0.083294 0.085174 0.087094 0.089055 0.091057 0.093103 0.095196 0.097346 0.099586 0.102050
0.032706 0.032867 0.033307 0.033877 0.034524 0.035225 0.035972 0.036760 0.037584 0.038444 0.039338 0.040263 0.041220 0.042207 0.043223 0.044268 0.045342 0.046443 0.047572 0.048728 0.049911 0.051121 0.052358 0.053622 0.054913 0.056231 0.057576 0.058948 0.060347 0.061775 0.063230 0.064714 0.066226 0.067768 0.069340 0.070942 0.072575 0.074239 0.075936 0.077667 0.079431 0.081231 0.083067 0.084940 0.086852 0.088803 0.090797 0.092835 0.094925 0.097094
0.030492 0.031327 0.032036 0.032719 0.033413 0.034131 0.034880 0.035661 0.036475 0.037321 0.038199 0.039108 0.040047 0.041015 0.042011 0.043036 0.044088 0.045168 0.046275 0.047408 0.048568 0.049754 0.050967 0.052206 0.053471 0.054763 0.056081 0.057426 0.058798 0.060197 0.061623 0.063077 0.064559 0.066070 0.067609 0.069178 0.070778 0.072407 0.074069 0.075762 0.077488 0.079248 0.081043 0.082874 0.084742 0.086647 0.088593 0.090579 0.092610 0.094692
