0.168376 0.171167 0.172921 0.173958 0.174544 0.174861 0.175024 0.175100 0.175126 0.175122 0.175097 0.175056 0.175002 0.174935 0.174857 0.174766 0.174663 0.174549 0.174423 0.174285 0.174136 0.173976 0.173806 0.173625 0.173435 0.173235 0.173027 0.172810 0.172584 0.172351 0.172111 0.171863 0.171609 0.171349 0.171082 0.170810 0.170533 0.170250 0.169963 0.169671 0.169375 0.169075 0.168771 0.168463 0.168152 0.167838 0.167521 0.167201 0.166878 0.166553
0.178224 0.178028 0.177641 0.177275 0.177006 0.176828 0.176711 0.176627 0.176559 0.176494 0.176425 0.176348 0.176261 0.176163 0.176053 0.175932 0.175798 0.175652 0.175495 0.175327 0.175149 0.174960 0.174761 0.174553 0.174336 0.174111 0.173878 0.173637 0.173388 0.173133 0.172871 0.172603 0.172329 0.172050 0.171766 0.171476 0.171182 0.170883 0.170580 0.170273 0.169963 0.169649 0.169331 0.169011 0.168688 0.168361 0.168033 0.167702 0.167368 0.167033
0.189400 0.185504 0.182808 0.181236 0.180364 0.179878 0.179592 0.179405 0.179261 0.179132 0.179003 0.178866 0.178719 0.178559 0.178386 0.178202 0.178005 0.177798 0.177580 0.177352 0.177115 0.176869 0.176616 0.176355 0.176086 0.175811 0.175530 0.175243 0.174951 0.174653 0.174351 0.174043 0.173732 0.173416 0.173097 0.172774 0.172447 0.172117 0.171785 0.171449 0.171111 0.170771 0.170428 0.170082 0.169735 0.169386 0.169035 0.168683 0.168329 0.167973
0.191984 0.186160 0.184384 0.183830 0.183626 0.183508 0.183394 0.183262 0.183105 0.182924 0.182721 0.182498 0.182258 0.182002 0.181733 0.181453 0.181162 0.180863 0.180555 0.180240 0.179920 0.179593 0.179261 0.178925 0.178584 0.178240 0.177892 0.177540 0.177186 0.176829 0.176469 0.176107 0.175743 0.175377 0.175009 0.174639 0.174268 0.173895 0.173520 0.173145 0.172768 0.172390 0.172011 0.171631 0.171251 0.170869 0.170487 0.170105 0.169722 0.169338
0.171752 0.180928 0.185225 0.187211 0.188086 0.188405 0.188430 0.188292 0.188058 0.187764 0.187432 0.187073 0.186696 0.186306 0.185905 0.185498 0.185084 0.184667 0.184246 0.183823 0.183399 0.182972 0.182545 0.182118 0.181689 0.181261 0.180832 0.180404 0.179975 0.179547 0.179119 0.178691 0.178264 0.177837 0.177410 0.176984 0.176558 0.176133 0.175708 0.175284 0.174860 0.174437 0.174015 0.173593 0.173172 0.172751 0.172332 0.171912 0.171494 0.171076
0.185189 0.192403 0.194715 0.195413 0.195486 0.195270 0.194905 0.194454 0.193955 0.193425 0.192880 0.192325 0.191765 0.191205 0.190645 0.190088 0.189533 0.188982 0.188435 0.187892 0.187352 0.186817 0.186286 0.185759 0.185235 0.184716 0.184200 0.183688 0.183179 0.182673 0.182171 0.181671 0.181175 0.180682 0.180191 0.179704 0.179219 0.178736 0.178256 0.177779 0.177304 0.176831 0.176361 0.175892 0.175426 0.174962 0.174500 0.174040 0.173583 0.173127
0.230340 0.215064 0.208995 0.206093 0.204365 0.203113 0.202075 0.201146 0.200277 0.199449 0.198649 0.197872 0.197114 0.196374 0.195649 0.194938 0.194241 0.193556 0.192882 0.192220 0.191567 0.190924 0.190289 0.189664 0.189046 0.188436 0.187833 0.187238 0.186649 0.186066 0.185489 0.184918 0.184353 0.183793 0.183238 0.182688 0.182143 0.181603 0.181067 0.180535 0.180007 0.179483 0.178963 0.178447 0.177935 0.177426 0.176920 0.176418 0.175919 0.175423
0.218183 0.217504 0.215485 0.213427 0.211621 0.210063 0.208695 0.207462 0.206327 0.205264 0.204258 0.203296 0.202371 0.201477 0.200610 0.199768 0.198946 0.198144 0.197360 0.196591 0.195838 0.195098 0.194372 0.193657 0.192954 0.192262 0.191580 0.190908 0.190245 0.189591 0.188946 0.188308 0.187678 0.187055 0.186440 0.185831 0.185229 0.184633 0.184043 0.183459 0.182880 0.182308 0.181740 0.181177 0.180620 0.180067 0.179518 0.178975 0.178435 0.177900
0.210535 0.217855 0.218817 0.218041 0.216789 0.215437 0.214105 0.212826 0.211607 0.210445 0.209334 0.208267 0.207240 0.206246 0.205284 0.204348 0.203437 0.202548 0.201680 0.200830 0.199997 0.199181 0.198380 0.197593 0.196820 0.196059 0.195311 0.194574 0.193848 0.193133 0.192427 0.191731 0.191045 0.190367 0.189698 0.189036 0.188383 0.187738 0.187099 0.186468 0.185843 0.185226 0.184614 0.184009 0.183409 0.182816 0.182228 0.181645 0.181068 0.180496
0.240131 0.227329 0.223724 0.222095 0.220830 0.219609 0.218390 0.217183 0.216000 0.214846 0.213724 0.212632 0.211571 0.210537 0.209529 0.208545 0.207583 0.206642 0.205721 0.204817 0.203931 0.203061 0.202206 0.201366 0.200540 0.199728 0.198928 0.198140 0.197365 0.196600 0.195847 0.195104 0.194371 0.193648 0.192934 0.192229 0.191533 0.190845 0.190165 0.189493 0.188829 0.188172 0.187523 0.186880 0.186244 0.185614 0.184991 0.184374 0.183763 0.183157
0.214154 0.224402 0.225748 0.225144 0.224121 0.223011 0.221888 0.220769 0.219659 0.218563 0.217482 0.216417 0.215368 0.214337 0.213322 0.212325 0.211344 0.210380 0.209432 0.208499 0.207582 0.206679 0.205791 0.204917 0.204056 0.203208 0.202372 0.201549 0.200737 0.199937 0.199148 0.198369 0.197601 0.196843 0.196094 0.195355 0.194624 0.193903 0.193190 0.192485 0.191788 0.191099 0.190418 0.189744 0.189077 0.188417 0.187763 0.187117 0.186476 0.185842
0.241735 0.232926 0.229943 0.228328 0.227090 0.225980 0.224919 0.223877 0.222843 0.221811 0.220782 0.219757 0.218738 0.217726 0.216723 0.215731 0.214750 0.213781 0.212824 0.211880 0.210949 0.210030 0.209124 0.208231 0.207349 0.206480 0.205622 0.204775 0.203940 0.203116 0.202302 0.201499 0.200706 0.199922 0.199148 0.198383 0.197627 0.196880 0.196142 0.195411 0.194689 0.193975 0.193268 0.192569 0.191877 0.191193 0.190515 0.189844 0.189179 0.188521
0.233369 0.232888 0.231725 0.230649 0.229662 0.228706 0.227751 0.226786 0.225807 0.224818 0.223822 0.222822 0.221822 0.220826 0.219834 0.218849 0.217873 0.216906 0.215949 0.215003 0.214068 0.213143 0.212230 0.211327 0.210436 0.209555 0.208686 0.207826 0.206977 0.206138 0.205309 0.204490 0.203680 0.202880 0.202088 0.201306 0.200532 0.199766 0.199009 0.198260 0.197519 0.196785 0.196059 0.195341 0.194629 0.193925 0.193228 0.192537 0.191853 0.191176
0.229685 0.232721 0.233287 0.233008 0.232379 0.231579 0.230685 0.229735 0.228755 0.227758 0.226753 0.225747 0.224743 0.223745 0.222754 0.221770 0.220796 0.219831 0.218876 0.217931 0.216996 0.216071 0.215156 0.214251 0.213356 0.212471 0.211596 0.210730 0.209874 0.209027 0.208190 0.207361 0.206541 0.205729 0.204926 0.204132 0.203345 0.202567 0.201797 0.201034 0.200279 0.199531 0.198790 0.198057 0.197331 0.196611 0.195899 0.195193 0.194493 0.193800
0.242186 0.238513 0.237519 0.236767 0.235899 0.234921 0.233883 0.232819 0.231750 0.230687 0.229635 0.228596 0.227570 0.226558 0.225558 0.224571 0.223595 0.222631 0.221677 0.220734 0.219801 0.218877 0.217963 0.217059 0.216164 0.215278 0.214400 0.213532 0.212672 0.211821 0.210978 0.210143 0.209317 0.208498 0.207687 0.206884 0.206089 0.205301 0.204521 0.203748 0.202982 0.202224 0.201472 0.200727 0.199989 0.199258 0.198533 0.197814 0.197102 0.196396
0.239378 0.243315 0.242698 0.241293 0.239830 0.238434 0.237119 0.235875 0.234689 0.233550 0.232449 0.231379 0.230335 0.229311 0.228306 0.227316 0.226341 0.225377 0.224425 0.223484 0.222553 0.221631 0.220718 0.219814 0.218918 0.218031 0.217153 0.216282 0.215419 0.214564 0.213717 0.212877 0.212045 0.211221 0.210404 0.209594 0.208791 0.207995 0.207207 0.206425 0.205651 0.204883 0.204122 0.203367 0.202619 0.201878 0.201142 0.200413 0.199691 0.198974
0.263468 0.252218 0.247730 0.245047 0.243042 0.241385 0.239940 0.238635 0.237423 0.236277 0.235177 0.234113 0.233075 0.232058 0.231059 0.230074 0.229102 0.228142 0.227192 0.226252 0.225321 0.224398 0.223484 0.222578 0.221680 0.220790 0.219907 0.219032 0.218164 0.217303 0.216450 0.215605 0.214766 0.213934 0.213110 0.212293 0.211482 0.210678 0.209882 0.209091 0.208308 0.207531 0.206761 0.205997 0.205240 0.204488 0.203743 0.203005 0.202272 0.201545
0.244071 0.248695 0.247809 0.246219 0.244736 0.243417 0.242214 0.241082 0.239997 0.238941 0.237906 0.236887 0.235881 0.234887 0.233902 0.232926 0.231959 0.231000 0.230048 0.229105 0.228169 0.227241 0.226320 0.225407 0.224501 0.223602 0.222711 0.221827 0.220950 0.220080 0.219218 0.218362 0.217514 0.216673 0.215838 0.215011 0.214191 0.213377 0.212570 0.211770 0.210977 0.210190 0.209410 0.208636 0.207868 0.207107 0.206352 0.205603 0.204860 0.204123
0.257082 0.249108 0.247228 0.246548 0.245970 0.245294 0.244513 0.243656 0.242748 0.241807 0.240846 0.239874 0.238896 0.237916 0.236937 0.235960 0.234988 0.234020 0.233057 0.232101 0.231151 0.230208 0.229272 0.228343 0.227422 0.226508 0.225601 0.224701 0.223809 0.222925 0.222048 0.221178 0.220316 0.219461 0.218613 0.217773 0.216939 0.216113 0.215293 0.214481 0.213675 0.212877 0.212084 0.211299 0.210520 0.209747 0.208980 0.208220 0.207466 0.206718
0.236021 0.244155 0.247410 0.248550 0.248705 0.248360 0.247745 0.246973 0.246108 0.245184 0.244225 0.243244 0.242251 0.241250 0.240247 0.239245 0.238245 0.237249 0.236259 0.235275 0.234298 0.233328 0.232365 0.231411 0.230464 0.229526 0.228596 0.227674 0.226760 0.225855 0.224957 0.224068 0.223187 0.222313 0.221448 0.220590 0.219740 0.218898 0.218063 0.217235 0.216414 0.215601 0.214795 0.213995 0.213203 0.212417 0.211637 0.210864 0.210097 0.209337
0.248126 0.254559 0.255426 0.254982 0.254187 0.253270 0.252294 0.251280 0.250243 0.249189 0.248125 0.247056 0.245986 0.244918 0.243853 0.242793 0.241740 0.240695 0.239657 0.238629 0.237609 0.236600 0.235599 0.234609 0.233628 0.232657 0.231696 0.230744 0.229802 0.228869 0.227946 0.227032 0.226127 0.225231 0.224344 0.223465 0.222595 0.221733 0.220879 0.220033 0.219195 0.218364 0.217542 0.216726 0.215917 0.215116 0.214322 0.213534 0.212753 0.211978
0.295337 0.274103 0.266602 0.263044 0.260801 0.259073 0.257580 0.256208 0.254905 0.253646 0.252416 0.251210 0.250022 0.248851 0.247695 0.246554 0.245427 0.244313 0.243213 0.242127 0.241053 0.239993 0.238945 0.237910 0.236888 0.235877 0.234879 0.233892 0.232916 0.231952 0.230998 0.230056 0.229123 0.228201 0.227288 0.226385 0.225492 0.224607 0.223732 0.222865 0.222007 0.221157 0.220315 0.219481 0.218655 0.217836 0.217025 0.216221 0.215423 0.214633
0.258646 0.269343 0.269715 0.268079 0.266195 0.264398 0.262723 0.261151 0.259659 0.258227 0.256844 0.255500 0.254190 0.252908 0.251653 0.250420 0.249210 0.248021 0.246851 0.245699 0.244566 0.243450 0.242350 0.241266 0.240198 0.239144 0.238105 0.237080 0.236068 0.235069 0.234083 0.233109 0.232146 0.231195 0.230255 0.229326 0.228408 0.227499 0.226600 0.225710 0.224830 0.223959 0.223096 0.222242 0.221396 0.220558 0.219728 0.218906 0.218090 0.217282
0.282757 0.275763 0.273764 0.272268 0.270687 0.269040 0.267390 0.265770 0.264191 0.262657 0.261167 0.259716 0.258304 0.256925 0.255579 0.254263 0.252974 0.251712 0.250474 0.249260 0.248067 0.246896 0.245745 0.244613 0.243499 0.242402 0.241323 0.240259 0.239210 0.238176 0.237157 0.236151 0.235158 0.234177 0.233209 0.232253 0.231308 0.230373 0.229450 0.228536 0.227633 0.226739 0.225854 0.224978 0.224111 0.223253 0.222402 0.221560 0.220725 0.219898
0.276618 0.278897 0.278054 0.276599 0.274994 0.273339 0.271675 0.270021 0.268391 0.266792 0.265229 0.263703 0.262213 0.260761 0.259342 0.257958 0.256604 0.255281 0.253985 0.252717 0.251473 0.250253 0.249056 0.247880 0.246725 0.245589 0.244471 0.243371 0.242288 0.241221 0.240169 0.239132 0.238109 0.237100 0.236103 0.235120 0.234148 0.233188 0.232239 0.231301 0.230373 0.229456 0.228548 0.227649 0.226760 0.225880 0.225008 0.224145 0.223289 0.222441
0.290203 0.286010 0.283296 0.281142 0.279225 0.277410 0.275647 0.273919 0.272225 0.270567 0.268946 0.267364 0.265820 0.264314 0.262845 0.261411 0.260011 0.258642 0.257303 0.255992 0.254708 0.253450 0.252215 0.251003 0.249812 0.248642 0.247491 0.246359 0.245244 0.244146 0.243065 0.241998 0.240947 0.239909 0.238886 0.237875 0.236877 0.235891 0.234917 0.233954 0.233002 0.232060 0.231129 0.230207 0.229295 0.228391 0.227497 0.226612 0.225734 0.224865
0.294573 0.289719 0.287077 0.284966 0.282996 0.281086 0.279225 0.277412 0.275649 0.273935 0.272268 0.270646 0.269068 0.267530 0.266030 0.264566 0.263136 0.261738 0.260369 0.259029 0.257716 0.256428 0.255164 0.253923 0.252703 0.251504 0.250325 0.249164 0.248021 0.246895 0.245786 0.244692 0.243613 0.242549 0.241499 0.240462 0.239438 0.238426 0.237427 0.236439 0.235462 0.234495 0.233540 0.232594 0.231658 0.230731 0.229814 0.228905 0.228005 0.227114
0.285718 0.290091 0.289793 0.288190 0.286240 0.284243 0.282293 0.280413 0.278603 0.276858 0.275171 0.273534 0.271943 0.270393 0.268880 0.267402 0.265957 0.264541 0.263154 0.261794 0.260459 0.259148 0.257861 0.256595 0.255350 0.254125 0.252920 0.251733 0.250564 0.249411 0.248275 0.247155 0.246050 0.244959 0.243882 0.242819 0.241769 0.240732 0.239706 0.238693 0.237690 0.236699 0.235719 0.234748 0.233788 0.232838 0.231896 0.230964 0.230041 0.229126
0.304566 0.297797 0.294136 0.291337 0.288928 0.286761 0.284759 0.282876 0.281081 0.279355 0.277684 0.276061 0.274477 0.272930 0.271416 0.269932 0.268477 0.267049 0.265646 0.264268 0.262913 0.261580 0.260270 0.258980 0.257710 0.256459 0.255228 0.254014 0.252818 0.251638 0.250475 0.249327 0.248195 0.247077 0.245973 0.244883 0.243806 0.242742 0.241691 0.240651 0.239623 0.238606 0.237600 0.236605 0.235620 0.234645 0.233679 0.232723 0.231776 0.230838
0.303004 0.299488 0.295686 0.292799 0.290499 0.288502 0.286660 0.284903 0.283202 0.281541 0.279913 0.278314 0.276743 0.275199 0.273679 0.272184 0.270712 0.269264 0.267839 0.266437 0.265056 0.263696 0.262357 0.261038 0.259739 0.258459 0.257198 0.255954 0.254728 0.253519 0.252326 0.251149 0.249987 0.248840 0.247708 0.246590 0.245485 0.244393 0.243314 0.242248 0.241193 0.240150 0.239118 0.238097 0.237087 0.236087 0.235097 0.234117 0.233146 0.232185
0.303523 0.295943 0.293973 0.292724 0.291406 0.289958 0.288423 0.286838 0.285231 0.283616 0.282005 0.280404 0.278818 0.277249 0.275700 0.274171 0.272664 0.271179 0.269715 0.268274 0.266855 0.265457 0.264080 0.262724 0.261388 0.260071 0.258774 0.257495 0.256235 0.254992 0.253766 0.252556 0.251363 0.250185 0.249022 0.247874 0.246739 0.245619 0.244512 0.243418 0.242336 0.241267 0.240209 0.239162 0.238127 0.237103 0.236089 0.235085 0.234091 0.233107
0.272135 0.289498 0.293777 0.294263 0.293475 0.292189 0.290682 0.289071 0.287411 0.285732 0.284050 0.282376 0.280717 0.279077 0.277459 0.275864 0.274293 0.272746 0.271224 0.269727 0.268253 0.266804 0.265378 0.263974 0.262592 0.261232 0.259893 0.258574 0.257274 0.255993 0.254731 0.253486 0.252259 0.251048 0.249853 0.248673 0.247509 0.246359 0.245224 0.244102 0.242993 0.241897 0.240814 0.239743 0.238683 0.237635 0.236598 0.235572 0.234556 0.233551
0.322258 0.307669 0.302508 0.299698 0.297508 0.295493 0.293535 0.291604 0.289696 0.287813 0.285959 0.284135 0.282343 0.280584 0.278857 0.277164 0.275503 0.273874 0.272275 0.270706 0.269167 0.267655 0.266171 0.264712 0.263279 0.261870 0.260484 0.259121 0.257779 0.256458 0.255158 0.253877 0.252614 0.251369 0.250142 0.248932 0.247738 0.246560 0.245396 0.244248 0.243113 0.241993 0.240885 0.239791 0.238709 0.237639 0.236581 0.235535 0.234499 0.233474
0.316783 0.312405 0.307977 0.304386 0.301372 0.298696 0.296226 0.293894 0.291664 0.289517 0.287441 0.285428 0.283473 0.281571 0.279718 0.277911 0.276149 0.274427 0.272745 0.271099 0.269489 0.267912 0.266366 0.264851 0.263365 0.261907 0.260474 0.259067 0.257684 0.256324 0.254987 0.253670 0.252374 0.251098 0.249841 0.248601 0.247380 0.246175 0.244986 0.243814 0.242656 0.241513 0.240385 0.239270 0.238168 0.237080 0.236004 0.234940 0.233888 0.232847
0.310618 0.311289 0.309310 0.306468 0.303482 0.300583 0.297828 0.295218 0.292738 0.290372 0.288105 0.285925 0.283824 0.281793 0.279825 0.277916 0.276061 0.274256 0.272497 0.270782 0.269107 0.267471 0.265871 0.264306 0.262772 0.261269 0.259796 0.258350 0.256930 0.255536 0.254166 0.252819 0.251494 0.250190 0.248907 0.247643 0.246398 0.245171 0.243962 0.242769 0.241593 0.240432 0.239286 0.238155 0.237038 0.235935 0.234845 0.233768 0.232703 0.231651
0.317776 0.313539 0.310085 0.306820 0.303674 0.300661 0.297791 0.295062 0.292464 0.289984 0.287611 0.285333 0.283141 0.281027 0.278984 0.277006 0.275087 0.273223 0.271410 0.269645 0.267924 0.266245 0.264605 0.263001 0.261432 0.259897 0.258392 0.256917 0.255470 0.254050 0.252656 0.251286 0.249940 0.248616 0.247313 0.246032 0.244770 0.243527 0.242303 0.241096 0.239906 0.238733 0.237576 0.236434 0.235307 0.234194 0.233096 0.232010 0.230938 0.229879
0.318805 0.313080 0.308659 0.305004 0.301758 0.298753 0.295916 0.293214 0.290630 0.288152 0.285771 0.283479 0.281269 0.279134 0.277067 0.275065 0.273123 0.271235 0.269399 0.267612 0.265869 0.264168 0.262508 0.260885 0.259298 0.257745 0.256223 0.254733 0.253271 0.251837 0.250429 0.249047 0.247689 0.246354 0.245042 0.243751 0.242481 0.241230 0.239998 0.238785 0.237589 0.236411 0.235249 0.234103 0.232972 0.231856 0.230755 0.229668 0.228594 0.227533
0.310730 0.306717 0.303499 0.300513 0.297662 0.294921 0.292279 0.289727 0.287260 0.284875 0.282568 0.280334 0.278169 0.276069 0.274031 0.272050 0.270124 0.268249 0.266423 0.264642 0.262904 0.261207 0.259548 0.257927 0.256340 0.254787 0.253266 0.251775 0.250312 0.248878 0.247470 0.246088 0.244730 0.243396 0.242084 0.240793 0.239524 0.238275 0.237045 0.235834 0.234641 0.233465 0.232306 0.231164 0.230037 0.228925 0.227828 0.226746 0.225677 0.224622
0.296649 0.297933 0.296537 0.294383 0.292009 0.289590 0.287191 0.284836 0.282534 0.280289 0.278102 0.275971 0.273894 0.271870 0.269898 0.267974 0.266097 0.264265 0.262476 0.260728 0.259019 0.257349 0.255714 0.254114 0.252547 0.251012 0.249507 0.248032 0.246585 0.245165 0.243770 0.242401 0.241056 0.239734 0.238435 0.237157 0.235900 0.234662 0.233445 0.232245 0.231064 0.229901 0.228754 0.227623 0.226509 0.225409 0.224325 0.223255 0.222199 0.221156
0.298402 0.293161 0.290235 0.287797 0.285479 0.283212 0.280988 0.278805 0.276665 0.274568 0.272515 0.270504 0.268536 0.266610 0.264725 0.262879 0.261074 0.259306 0.257576 0.255881 0.254222 0.252597 0.251005 0.249445 0.247915 0.246415 0.244944 0.243500 0.242083 0.240692 0.239326 0.237984 0.236666 0.235369 0.234095 0.232841 0.231608 0.230394 0.229200 0.228023 0.226864 0.225723 0.224598 0.223489 0.222396 0.221318 0.220255 0.219205 0.218170 0.217148
0.285875 0.284986 0.282675 0.280311 0.278066 0.275917 0.273834 0.271800 0.269806 0.267848 0.265924 0.264034 0.262177 0.260354 0.258565 0.256809 0.255087 0.253397 0.251741 0.250116 0.248522 0.246959 0.245425 0.243921 0.242445 0.240997 0.239575 0.238179 0.236808 0.235461 0.234138 0.232838 0.231559 0.230302 0.229066 0.227850 0.226654 0.225476 0.224316 0.223174 0.222049 0.220941 0.219848 0.218772 0.217710 0.216663 0.215630 0.214611 0.213606 0.212613
0.281188 0.276542 0.273850 0.271670 0.269649 0.267694 0.265777 0.263889 0.262028 0.260193 0.258386 0.256608 0.254858 0.253137 0.251447 0.249786 0.248155 0.246554 0.244982 0.243439 0.241925 0.240439 0.238980 0.237547 0.236141 0.234760 0.233403 0.232071 0.230762 0.229475 0.228210 0.226966 0.225743 0.224541 0.223357 0.222192 0.221045 0.219916 0.218805 0.217709 0.216630 0.215567 0.214518 0.213485 0.212465 0.211460 0.210468 0.209489 0.208523 0.207569
0.264223 0.264486 0.263502 0.262028 0.260357 0.258611 0.256842 0.255076 0.253326 0.251597 0.249894 0.248219 0.246573 0.244956 0.243368 0.241810 0.240280 0.238779 0.237305 0.235859 0.234440 0.233046 0.231678 0.230334 0.229014 0.227717 0.226443 0.225191 0.223960 0.222750 0.221559 0.220388 0.219236 0.218102 0.216985 0.215886 0.214804 0.213737 0.212686 0.211651 0.210630 0.209623 0.208631 0.207652 0.206686 0.205733 0.204792 0.203863 0.202946 0.202040
0.254466 0.254875 0.253696 0.252114 0.250420 0.248700 0.246985 0.245290 0.243625 0.241991 0.240390 0.238823 0.237289 0.235787 0.234317 0.232876 0.231465 0.230081 0.228724 0.227393 0.226088 0.224806 0.223547 0.222310 0.221096 0.219902 0.218728 0.217573 0.216438 0.215320 0.214221 0.213138 0.212072 0.211022 0.209988 0.208969 0.207964 0.206974 0.205998 0.205035 0.204084 0.203147 0.202222 0.201309 0.200407 0.199517 0.198638 0.197769 0.196911 0.196063
0.253608 0.246827 0.243616 0.241375 0.239454 0.237676 0.235986 0.234363 0.232796 0.231280 0.229808 0.228378 0.226986 0.225628 0.224303 0.223008 0.221741 0.220501 0.219285 0.218093 0.216924 0.215775 0.214647 0.213539 0.212448 0.211376 0.210321 0.209282 0.208259 0.207252 0.206259 0.205280 0.204316 0.203365 0.202427 0.201501 0.200588 0.199686 0.198797 0.197918 0.197050 0.196193 0.195346 0.194510 0.193683 0.192865 0.192057 0.191258 0.190468 0.189686
0.229471 0.231419 0.230224 0.228496 0.226770 0.225139 0.223603 0.222149 0.220764 0.219435 0.218155 0.216917 0.215716 0.214547 0.213407 0.212294 0.211205 0.210139 0.209092 0.208065 0.207056 0.206064 0.205088 0.204127 0.203180 0.202247 0.201328 0.200421 0.199526 0.198643 0.197771 0.196911 0.196061 0.195221 0.194391 0.193571 0.192760 0.191959 0.191166 0.190382 0.189607 0.188839 0.188080 0.187329 0.186585 0.185849 0.185120 0.184398 0.183683 0.182975
0.222354 0.217499 0.215326 0.213746 0.212358 0.211078 0.209876 0.208738 0.207651 0.206606 0.205596 0.204616 0.203662 0.202729 0.201817 0.200921 0.200042 0.199177 0.198325 0.197486 0.196658 0.195841 0.195034 0.194237 0.193449 0.192670 0.191899 0.191136 0.190382 0.189634 0.188894 0.188161 0.187435 0.186716 0.186004 0.185297 0.184597 0.183903 0.183216 0.182534 0.181857 0.181187 0.180522 0.179862 0.179208 0.178559 0.177915 0.177276 0.176643 0.176014
0.197311 0.198724 0.198236 0.197488 0.196732 0.195995 0.195274 0.194567 0.193870 0.193181 0.192500 0.191825 0.191156 0.190493 0.189834 0.189180 0.188530 0.187884 0.187241 0.186603 0.185968 0.185337 0.184708 0.184084 0.183462 0.182843 0.182228 0.181615 0.181006 0.180400 0.179796 0.179196 0.178598 0.178004 0.177413 0.176824 0.176239 0.175656 0.175077 0.174501 0.173927 0.173356 0.172789 0.172224 0.171663 0.171104 0.170548 0.169995 0.169445 0.168898
0.183991 0.181536 0.181180 0.181107 0.181009 0.180849 0.180633 0.180371 0.180074 0.179748 0.179400 0.179034 0.178652 0.178258 0.177853 0.177439 0.177018 0.176589 0.176155 0.175716 0.175272 0.174823 0.174372 0.173917 0.173459 0.172999 0.172536 0.172072 0.171606 0.171139 0.170670 0.170201 0.169730 0.169259 0.168787 0.168315 0.167843 0.167371 0.166899 0.166427 0.165955 0.165484 0.165013 0.164543 0.164073 0.163604 0.163136 0.162669 0.162203 0.161738
0.159144 0.163841 0.165349 0.166050 0.166463 0.166724 0.166882 0.166962 0.166982 0.166951 0.166880 0.166775 0.166640 0.166481 0.166300 0.166099 0.165882 0.165649 0.165402 0.165143 0.164872 0.164592 0.164301 0.164002 0.163695 0.163381 0.163060 0.162733 0.162400 0.162062 0.161719 0.161371 0.161019 0.160663 0.160304 0.159942 0.159576 0.159208 0.158837 0.158464 0.158089 0.157712 0.157333 0.156952 0.156570 0.156187 0.155803 0.155418 0.155032 0.154645
0.156450 0.153267 0.153153 0.153574 0.154021 0.154405 0.154719 0.154971 0.155170 0.155323 0.155436 0.155512 0.155556 0.155571 0.155560 0.155525 0.155468 0.155391 0.155296 0.155184 0.155057 0.154915 0.154760 0.154592 0.154413 0.154223 0.154023 0.153814 0.153596 0.153370 0.153137 0.152896 0.152648 0.152394 0.152134 0.151869 0.151599 0.151323 0.151043 0.150759 0.150471 0.150179 0.149883 0.149584 0.149282 0.148978 0.148670 0.148360 0.148048 0.147733
0.137571 0.141726 0.142886 0.143399 0.143770 0.144102 0.144410 0.144695 0.144953 0.145183 0.145385 0.145559 0.145705 0.145826 0.145922 0.145996 0.146047 0.146078 0.146089 0.146083 0.146060 0.146021 0.145967 0.145899 0.145818 0.145724 0.145619 0.145503 0.145377 0.145240 0.145095 0.144941 0.144779 0.144608 0.144431 0.144246 0.144055 0.143858 0.143655 0.143446 0.143232 0.143013 0.142789 0.142560 0.142328 0.142091 0.141850 0.141606 0.141359 0.141108
0.138824 0.135993 0.135339 0.135278 0.135417 0.135636 0.135885 0.136142 0.136393 0.136632 0.136855 0.137059 0.137244 0.137408 0.137553 0.137679 0.137787 0.137876 0.137948 0.138003 0.138043 0.138068 0.138079 0.138076 0.138060 0.138032 0.137992 0.137942 0.137880 0.137809 0.137728 0.137638 0.137539 0.137432 0.137317 0.137194 0.137065 0.136928 0.136785 0.136636 0.136481 0.136320 0.136154 0.135983 0.135807 0.135626 0.135441 0.135251 0.135057 0.134860
0.127971 0.128093 0.128144 0.128293 0.128498 0.128726 0.128959 0.129189 0.129413 0.129626 0.129827 0.130015 0.130190 0.130351 0.130498 0.130630 0.130748 0.130853 0.130944 0.131022 0.131087 0.131140 0.131180 0.131209 0.131227 0.131234 0.131231 0.131218 0.131195 0.131164 0.131123 0.131074 0.131016 0.130951 0.130878 0.130799 0.130712 0.130618 0.130518 0.130412 0.130300 0.130183 0.130060 0.129931 0.129798 0.129660 0.129517 0.129370 0.129218 0.129062
0.119117 0.121106 0.122103 0.122660 0.123022 0.123291 0.123512 0.123704 0.123879 0.124040 0.124191 0.124332 0.124464 0.124587 0.124700 0.124805 0.124901 0.124988 0.125065 0.125134 0.125193 0.125243 0.125285 0.125318 0.125342 0.125358 0.125366 0.125366 0.125359 0.125344 0.125321 0.125292 0.125255 0.125212 0.125163 0.125107 0.125045 0.124978 0.124904 0.124825 0.124741 0.124651 0.124557 0.124458 0.124354 0.124245 0.124132 0.124015 0.123894 0.123768
0.117972 0.118329 0.118681 0.118952 0.119152 0.119303 0.119424 0.119526 0.119616 0.119698 0.119774 0.119846 0.119913 0.119977 0.120037 0.120092 0.120143 0.120190 0.120232 0.120268 0.120300 0.120326 0.120347 0.120363 0.120373 0.120377 0.120377 0.120370 0.120359 0.120342 0.120320 0.120292 0.120260 0.120222 0.120179 0.120132 0.120080 0.120023 0.119961 0.119895 0.119825 0.119750 0.119671 0.119588 0.119501 0.119409 0.119315 0.119216 0.119114 0.119008
0.118335 0.117314 0.116850 0.116633 0.116523 0.116463 0.116426 0.116401 0.116383 0.116370 0.116360 0.116353 0.116347 0.116342 0.116338 0.116334 0.116329 0.116324 0.116318 0.116311 0.116302 0.116291 0.116278 0.116263 0.116246 0.116225 0.116202 0.116176 0.116147 0.116115 0.116079 0.116041 0.115999 0.115954 0.115905 0.115854 0.115799 0.115740 0.115679 0.115614 0.115546 0.115474 0.115400 0.115322 0.115241 0.115157 0.115070 0.114980 0.114887 0.114791
0.115841 0.115443 0.115053 0.114737 0.114492 0.114300 0.114146 0.114017 0.113905 0.113806 0.113716 0.113634 0.113558 0.113487 0.113419 0.113356 0.113295 0.113236 0.113179 0.113124 0.113071 0.113018 0.112965 0.112913 0.112861 0.112809 0.112756 0.112702 0.112648 0.112592 0.112535 0.112477 0.112418 0.112357 0.112294 0.112229 0.112163 0.112094 0.112024 0.111952 0.111877 0.111800 0.111722 0.111641 0.111558 0.111473 0.111385 0.111296 0.111204 0.111110
0.113254 0.113322 0.113150 0.112926 0.112700 0.112487 0.112289 0.112106 0.111937 0.111778 0.111629 0.111488 0.111354 0.111227 0.111105 0.110989 0.110877 0.110770 0.110667 0.110567 0.110471 0.110377 0.110286 0.110197 0.110109 0.110024 0.109939 0.109856 0.109773 0.109691 0.109609 0.109527 0.109446 0.109364 0.109282 0.109199 0.109116 0.109032 0.108947 0.108862 0.108775 0.108688 0.108599 0.108509 0.108418 0.108325 0.108231 0.108136 0.108039 0.107941
0.112285 0.111694 0.111480 0.111306 0.111119 0.110920 0.110717 0.110515 0.110315 0.110121 0.109933 0.109751 0.109576 0.109407 0.109244 0.109087 0.108935 0.108789 0.108647 0.108511 0.108378 0.108249 0.108124 0.108002 0.107883 0.107767 0.107653 0.107542 0.107432 0.107324 0.107217 0.107111 0.107007 0.106903 0.106800 0.106697 0.106595 0.106493 0.106391 0.106289 0.106187 0.106085 0.105983 0.105880 0.105777 0.105673 0.105568 0.105463 0.105357 0.105251
0.109346 0.110091 0.110125 0.109988 0.109802 0.109597 0.109383 0.109165 0.108946 0.108729 0.108516 0.108308 0.108105 0.107909 0.107718 0.107533 0.107354 0.107180 0.107011 0.106847 0.106688 0.106532 0.106381 0.106233 0.106089 0.105948 0.105809 0.105673 0.105540 0.105408 0.105279 0.105151 0.105025 0.104901 0.104778 0.104655 0.104534 0.104414 0.104294 0.104175 0.104057 0.103939 0.103821 0.103703 0.103586 0.103468 0.103351 0.103233 0.103116 0.102998
0.111032 0.109781 0.109288 0.108986 0.108730 0.108485 0.108243 0.108002 0.107764 0.107530 0.107302 0.107079 0.106862 0.106651 0.106446 0.106247 0.106052 0.105862 0.105677 0.105497 0.105320 0.105147 0.104978 0.104812 0.104649 0.104489 0.104331 0.104176 0.104024 0.103874 0.103725 0.103579 0.103434 0.103292 0.103150 0.103010 0.102871 0.102733 0.102597 0.102461 0.102326 0.102192 0.102059 0.101926 0.101794 0.101662 0.101531 0.101400 0.101269 0.101138
0.108250 0.108465 0.108300 0.108047 0.107771 0.107494 0.107224 0.106965 0.106715 0.106475 0.106244 0.106020 0.105802 0.105590 0.105383 0.105180 0.104982 0.104787 0.104595 0.104407 0.104221 0.104038 0.103858 0.103681 0.103505 0.103332 0.103161 0.102993 0.102826 0.102661 0.102497 0.102336 0.102176 0.102017 0.101860 0.101704 0.101550 0.101397 0.101245 0.101093 0.100943 0.100794 0.100646 0.100498 0.100352 0.100205 0.100060 0.099915 0.099771 0.099627
0.107864 0.107708 0.107468 0.107158 0.106840 0.106540 0.106264 0.106010 0.105772 0.105547 0.105330 0.105120 0.104914 0.104713 0.104514 0.104317 0.104122 0.103929 0.103738 0.103548 0.103359 0.103172 0.102986 0.102802 0.102619 0.102437 0.102257 0.102077 0.101900 0.101723 0.101548 0.101374 0.101201 0.101030 0.100859 0.100690 0.100522 0.100355 0.100189 0.100024 0.099859 0.099696 0.099534 0.099373 0.099212 0.099052 0.098893 0.098734 0.098577 0.098420
0.107684 0.107217 0.106635 0.106184 0.105848 0.105583 0.105357 0.105153 0.104960 0.104773 0.104589 0.104405 0.104221 0.104035 0.103850 0.103663 0.103475 0.103287 0.103098 0.102908 0.102719 0.102529 0.102340 0.102151 0.101962 0.101773 0.101585 0.101398 0.101211 0.101025 0.100839 0.100655 0.100471 0.100288 0.100106 0.099925 0.099745 0.099565 0.099386 0.099209 0.099032 0.098855 0.098680 0.098506 0.098332 0.098159 0.097987 0.097816 0.097645 0.097475
0.107932 0.105903 0.105219 0.104963 0.104832 0.104730 0.104625 0.104508 0.104379 0.104238 0.104088 0.103929 0.103762 0.103591 0.103414 0.103233 0.103049 0.102862 0.102674 0.102483 0.102291 0.102097 0.101903 0.101708 0.101513 0.101318 0.101122 0.100927 0.100731 0.100536 0.100341 0.100146 0.099952 0.099759 0.099566 0.099373 0.099182 0.098991 0.098800 0.098611 0.098422 0.098233 0.098046 0.097859 0.097673 0.097488 0.097303 0.097119 0.096936 0.096754
0.100641 0.102554 0.103545 0.104029 0.104249 0.104325 0.104317 0.104255 0.104158 0.104035 0.103895 0.103740 0.103575 0.103402 0.103222 0.103037 0.102848 0.102656 0.102460 0.102263 0.102063 0.101863 0.101660 0.101457 0.101254 0.101049 0.100844 0.100639 0.100434 0.100229 0.100024 0.099819 0.099615 0.099411 0.099207 0.099003 0.098801 0.098598 0.098396 0.098195 0.097995 0.097795 0.097596 0.097397 0.097199 0.097002 0.096806 0.096610 0.096415 0.096221
0.100268 0.103290 0.104254 0.104593 0.104695 0.104683 0.104609 0.104495 0.104355 0.104196 0.104025 0.103845 0.103656 0.103463 0.103264 0.103062 0.102857 0.102650 0.102440 0.102229 0.102017 0.101804 0.101589 0.101374 0.101159 0.100943 0.100727 0.100511 0.100294 0.100078 0.099862 0.099646 0.099430 0.099214 0.098999 0.098785 0.098570 0.098357 0.098143 0.097931 0.097719 0.097507 0.097297 0.097087 0.096878 0.096669 0.096461 0.096254 0.096048 0.095842
0.113519 0.108609 0.107006 0.106322 0.105922 0.105620 0.105356 0.105111 0.104874 0.104641 0.104411 0.104181 0.103952 0.103724 0.103495 0.103266 0.103037 0.102808 0.102579 0.102349 0.102119 0.101889 0.101659 0.101430 0.101200 0.100970 0.100740 0.100511 0.100281 0.100052 0.099824 0.099596 0.099368 0.099140 0.098913 0.098687 0.098461 0.098236 0.098011 0.097787 0.097563 0.097341 0.097119 0.096897 0.096677 0.096457 0.096238 0.096020 0.095803 0.095586
0.106493 0.108317 0.108089 0.107543 0.107022 0.106571 0.106180 0.105830 0.105509 0.105208 0.104920 0.104643 0.104372 0.104107 0.103846 0.103588 0.103333 0.103080 0.102828 0.102578 0.102329 0.102080 0.101833 0.101587 0.101341 0.101096 0.100851 0.100607 0.100364 0.100122 0.099880 0.099638 0.099398 0.099158 0.098919 0.098680 0.098442 0.098205 0.097969 0.097733 0.097499 0.097265 0.097032 0.096800 0.096568 0.096338 0.096108 0.095879 0.095651 0.095424
0.111042 0.109378 0.108649 0.108107 0.107629 0.107195 0.106796 0.106425 0.106077 0.105745 0.105428 0.105120 0.104822 0.104530 0.104244 0.103962 0.103684 0.103409 0.103137 0.102867 0.102600 0.102334 0.102069 0.101806 0.101544 0.101284 0.101024 0.100766 0.100508 0.100252 0.099997 0.099742 0.099489 0.099237 0.098985 0.098735 0.098485 0.098236 0.097989 0.097742 0.097496 0.097252 0.097008 0.096765 0.096523 0.096283 0.096043 0.095804 0.095566 0.095329
0.109182 0.108815 0.108456 0.108140 0.107825 0.107501 0.107171 0.106838 0.106508 0.106182 0.105861 0.105546 0.105236 0.104931 0.104629 0.104332 0.104038 0.103747 0.103459 0.103173 0.102889 0.102607 0.102327 0.102049 0.101772 0.101497 0.101224 0.100951 0.100681 0.100411 0.100143 0.099876 0.099611 0.099346 0.099083 0.098821 0.098560 0.098301 0.098042 0.097785 0.097529 0.097274 0.097020 0.096768 0.096516 0.096266 0.096017 0.095769 0.095522 0.095276
0.107485 0.108003 0.108172 0.108120 0.107948 0.107709 0.107434 0.107139 0.106833 0.106523 0.106210 0.105898 0.105586 0.105276 0.104967 0.104661 0.104357 0.104054 0.103754 0.103455 0.103158 0.102864 0.102571 0.102279 0.101990 0.101702 0.101416 0.101132 0.100849 0.100567 0.100288 0.100010 0.099733 0.099458 0.099184 0.098912 0.098641 0.098371 0.098103 0.097837 0.097571 0.097307 0.097044 0.096783 0.096523 0.096264 0.096006 0.095750 0.095495 0.095241
0.108250 0.108718 0.108701 0.108514 0.108264 0.107989 0.107700 0.107404 0.107103 0.106798 0.106489 0.106178 0.105866 0.105553 0.105240 0.104927 0.104615 0.104304 0.103994 0.103685 0.103378 0.103073 0.102769 0.102467 0.102167 0.101868 0.101572 0.101277 0.100984 0.100693 0.100403 0.100116 0.099830 0.099545 0.099263 0.098982 0.098702 0.098424 0.098148 0.097873 0.097600 0.097328 0.097058 0.096789 0.096521 0.096255 0.095991 0.095727 0.095465 0.095204
0.112067 0.110502 0.109632 0.109066 0.108642 0.108285 0.107959 0.107644 0.107333 0.107021 0.106708 0.106392 0.106074 0.105755 0.105435 0.105115 0.104795 0.104475 0.104157 0.103839 0.103524 0.103209 0.102897 0.102586 0.102278 0.101971 0.101666 0.101363 0.101063 0.100764 0.100467 0.100172 0.099879 0.099587 0.099298 0.099010 0.098724 0.098440 0.098157 0.097876 0.097596 0.097319 0.097042 0.096767 0.096494 0.096222 0.095952 0.095683 0.095415 0.095149
0.111268 0.110250 0.109612 0.109163 0.108798 0.108467 0.108146 0.107827 0.107506 0.107182 0.106856 0.106527 0.106197 0.105867 0.105536 0.105206 0.104876 0.104548 0.104221 0.103896 0.103573 0.103253 0.102934 0.102617 0.102302 0.101990 0.101680 0.101372 0.101066 0.100762 0.100460 0.100160 0.099862 0.099566 0.099272 0.098980 0.098690 0.098401 0.098114 0.097829 0.097545 0.097263 0.096982 0.096703 0.096426 0.096150 0.095875 0.095602 0.095330 0.095060
0.108034 0.108778 0.109037 0.109010 0.108830 0.108568 0.108263 0.107936 0.107596 0.107250 0.106902 0.106554 0.106206 0.105861 0.105517 0.105176 0.104838 0.104502 0.104169 0.103839 0.103511 0.103186 0.102864 0.102544 0.102226 0.101911 0.101599 0.101288 0.100980 0.100674 0.100370 0.100069 0.099769 0.099471 0.099175 0.098881 0.098588 0.098297 0.098008 0.097721 0.097435 0.097150 0.096868 0.096586 0.096306 0.096028 0.095751 0.095475 0.095200 0.094927
0.108126 0.109186 0.109407 0.109287 0.109017 0.108679 0.108311 0.107931 0.107549 0.107170 0.106795 0.106425 0.106061 0.105703 0.105350 0.105002 0.104659 0.104320 0.103985 0.103653 0.103325 0.103000 0.102678 0.102359 0.102043 0.101729 0.101417 0.101108 0.100801 0.100496 0.100193 0.099892 0.099593 0.099295 0.099000 0.098706 0.098413 0.098123 0.097833 0.097546 0.097259 0.096974 0.096691 0.096409 0.096128 0.095848 0.095570 0.095293 0.095017 0.094743
0.113417 0.111588 0.110513 0.109760 0.109155 0.108627 0.108146 0.107697 0.107272 0.106865 0.106473 0.106094 0.105725 0.105365 0.105013 0.104667 0.104328 0.103993 0.103662 0.103336 0.103013 0.102694 0.102377 0.102064 0.101752 0.101443 0.101136 0.100832 0.100529 0.100228 0.099928 0.099631 0.099334 0.099040 0.098747 0.098455 0.098165 0.097876 0.097588 0.097301 0.097016 0.096732 0.096449 0.096168 0.095887 0.095608 0.095330 0.095053 0.094777 0.094502
0.113344 0.111402 0.110196 0.109321 0.108631 0.108055 0.107552 0.107098 0.106677 0.106281 0.105904 0.105540 0.105188 0.104844 0.104507 0.104177 0.103852 0.103530 0.103213 0.102899 0.102588 0.102279 0.101973 0.101668 0.101366 0.101065 0.100766 0.100468 0.100172 0.099877 0.099583 0.099291 0.098999 0.098709 0.098420 0.098132 0.097844 0.097558 0.097273 0.096989 0.096706 0.096424 0.096143 0.095863 0.095584 0.095305 0.095028 0.094752 0.094476 0.094202
0.107525 0.108330 0.108118 0.107708 0.107281 0.106875 0.106492 0.106129 0.105782 0.105446 0.105120 0.104800 0.104485 0.104175 0.103868 0.103564 0.103263 0.102963 0.102665 0.102368 0.102073 0.101779 0.101485 0.101193 0.100902 0.100611 0.100321 0.100032 0.099743 0.099455 0.099168 0.098882 0.098596 0.098310 0.098026 0.097742 0.097459 0.097176 0.096894 0.096613 0.096332 0.096052 0.095773 0.095495 0.095217 0.094940 0.094664 0.094389 0.094115 0.093841
0.107461 0.106085 0.105847 0.105743 0.105606 0.105427 0.105217 0.104987 0.104744 0.104491 0.104232 0.103969 0.103702 0.103432 0.103161 0.102887 0.102612 0.102336 0.102059 0.101781 0.101502 0.101223 0.100943 0.100663 0.100383 0.100102 0.099821 0.099540 0.099259 0.098977 0.098696 0.098415 0.098134 0.097853 0.097573 0.097293 0.097013 0.096733 0.096454 0.096175 0.095897 0.095619 0.095342 0.095066 0.094790 0.094514 0.094239 0.093965 0.093692 0.093419
0.100923 0.103355 0.104003 0.104200 0.104239 0.104193 0.104093 0.103953 0.103785 0.103595 0.103389 0.103170 0.102941 0.102704 0.102461 0.102212 0.101958 0.101701 0.101441 0.101177 0.100912 0.100644 0.100374 0.100103 0.099831 0.099557 0.099283 0.099008 0.098732 0.098455 0.098178 0.097901 0.097623 0.097346 0.097068 0.096790 0.096512 0.096235 0.095958 0.095681 0.095404 0.095127 0.094851 0.094576 0.094301 0.094027 0.093753 0.093479 0.093207 0.092935
0.106264 0.104107 0.103683 0.103594 0.103540 0.103464 0.103359 0.103225 0.103070 0.102895 0.102704 0.102500 0.102285 0.102061 0.101829 0.101591 0.101346 0.101097 0.100844 0.100587 0.100327 0.100064 0.099799 0.099531 0.099262 0.098991 0.098719 0.098445 0.098171 0.097896 0.097620 0.097344 0.097067 0.096790 0.096513 0.096236 0.095959 0.095682 0.095405 0.095128 0.094852 0.094576 0.094300 0.094025 0.093751 0.093477 0.093203 0.092931 0.092658 0.092387
0.101766 0.103431 0.103651 0.103548 0.103380 0.103199 0.103014 0.102824 0.102627 0.102423 0.102210 0.101990 0.101762 0.101528 0.101289 0.101043 0.100794 0.100539 0.100282 0.100021 0.099757 0.099490 0.099221 0.098951 0.098678 0.098404 0.098129 0.097853 0.097577 0.097299 0.097021 0.096743 0.096464 0.096185 0.095907 0.095628 0.095349 0.095071 0.094793 0.094516 0.094239 0.093962 0.093686 0.093411 0.093136 0.092862 0.092588 0.092316 0.092044 0.091773
0.106230 0.104933 0.104257 0.103812 0.103465 0.103166 0.102890 0.102626 0.102368 0.102113 0.101857 0.101600 0.101342 0.101081 0.100817 0.100551 0.100282 0.100012 0.099739 0.099464 0.099187 0.098909 0.098630 0.098350 0.098068 0.097786 0.097504 0.097221 0.096938 0.096654 0.096371 0.096088 0.095805 0.095522 0.095240 0.094958 0.094677 0.094396 0.094116 0.093836 0.093558 0.093280 0.093003 0.092727 0.092452 0.092177 0.091904 0.091632 0.091361 0.091090
0.106695 0.104953 0.104250 0.103814 0.103450 0.103110 0.102783 0.102464 0.102153 0.101846 0.101544 0.101245 0.100947 0.100651 0.100356 0.100060 0.099765 0.099470 0.099175 0.098880 0.098585 0.098290 0.097995 0.097701 0.097406 0.097113 0.096819 0.096527 0.096235 0.095943 0.095653 0.095363 0.095074 0.094786 0.094499 0.094214 0.093929 0.093645 0.093363 0.093081 0.092801 0.092522 0.092245 0.091968 0.091693 0.091419 0.091146 0.090874 0.090604 0.090335
0.100737 0.103201 0.103667 0.103549 0.103256 0.102912 0.102556 0.102200 0.101847 0.101500 0.101158 0.100819 0.100484 0.100153 0.099824 0.099498 0.099175 0.098853 0.098534 0.098217 0.097901 0.097587 0.097275 0.096965 0.096657 0.096350 0.096046 0.095743 0.095441 0.095142 0.094844 0.094548 0.094253 0.093961 0.093670 0.093381 0.093093 0.092807 0.092523 0.092241 0.091960 0.091681 0.091404 0.091128 0.090854 0.090581 0.090310 0.090040 0.089772 0.089506
0.106701 0.104761 0.103916 0.103374 0.102928 0.102517 0.102120 0.101732 0.101348 0.100969 0.100595 0.100225 0.099859 0.099497 0.099140 0.098787 0.098438 0.098094 0.097753 0.097415 0.097082 0.096751 0.096425 0.096101 0.095781 0.095464 0.095150 0.094838 0.094530 0.094224 0.093921 0.093621 0.093324 0.093028 0.092736 0.092445 0.092157 0.091872 0.091588 0.091307 0.091028 0.090751 0.090476 0.090203 0.089931 0.089662 0.089395 0.089129 0.088865 0.088603
0.105586 0.104145 0.103280 0.102699 0.102231 0.101802 0.101387 0.100978 0.100572 0.100170 0.099772 0.099378 0.098990 0.098606 0.098229 0.097857 0.097490 0.097129 0.096773 0.096423 0.096078 0.095737 0.095402 0.095070 0.094744 0.094421 0.094103 0.093789 0.093478 0.093171 0.092868 0.092568 0.092271 0.091977 0.091687 0.091399 0.091114 0.090832 0.090553 0.090276 0.090002 0.089730 0.089460 0.089193 0.088928 0.088665 0.088404 0.088145 0.087888 0.087633
0.100704 0.101492 0.101637 0.101447 0.101112 0.100719 0.100302 0.099880 0.099457 0.099037 0.098623 0.098216 0.097815 0.097420 0.097033 0.096653 0.096280 0.095914 0.095555 0.095202 0.094855 0.094513 0.094178 0.093848 0.093524 0.093204 0.092889 0.092579 0.092274 0.091972 0.091675 0.091381 0.091091 0.090805 0.090522 0.090242 0.089966 0.089692 0.089421 0.089153 0.088888 0.088625 0.088365 0.088107 0.087852 0.087598 0.087347 0.087097 0.086850 0.086605
0.099406 0.100530 0.100498 0.100159 0.099733 0.099284 0.098833 0.098387 0.097950 0.097522 0.097104 0.096695 0.096296 0.095906 0.095524 0.095151 0.094786 0.094429 0.094079 0.093737 0.093401 0.093071 0.092748 0.092430 0.092118 0.091812 0.091510 0.091213 0.090921 0.090633 0.090349 0.090070 0.089793 0.089521 0.089252 0.088986 0.088724 0.088464 0.088207 0.087953 0.087701 0.087452 0.087205 0.086961 0.086718 0.086478 0.086240 0.086003 0.085769 0.085536
0.104729 0.100954 0.099401 0.098538 0.097911 0.097381 0.096899 0.096446 0.096013 0.095598 0.095197 0.094808 0.094431 0.094064 0.093707 0.093358 0.093019 0.092687 0.092362 0.092045 0.091734 0.091429 0.091130 0.090837 0.090549 0.090266 0.089988 0.089714 0.089444 0.089179 0.088917 0.088659 0.088404 0.088152 0.087903 0.087657 0.087414 0.087174 0.086936 0.086700 0.086467 0.086235 0.086006 0.085779 0.085553 0.085330 0.085108 0.084887 0.084668 0.084451
0.095762 0.096515 0.096272 0.095810 0.095329 0.094872 0.094444 0.094040 0.093656 0.093288 0.092934 0.092593 0.092262 0.091941 0.091628 0.091324 0.091027 0.090738 0.090454 0.090177 0.089905 0.089638 0.089376 0.089118 0.088865 0.088616 0.088370 0.088128 0.087890 0.087654 0.087421 0.087191 0.086964 0.086739 0.086516 0.086296 0.086077 0.085861 0.085646 0.085433 0.085221 0.085012 0.084803 0.084596 0.084391 0.084186 0.083983 0.083781 0.083580 0.083380
0.091996 0.092781 0.092750 0.092504 0.092202 0.091889 0.091578 0.091275 0.090981 0.090696 0.090419 0.090150 0.089889 0.089635 0.089386 0.089143 0.088905 0.088672 0.088443 0.088218 0.087996 0.087778 0.087563 0.087350 0.087140 0.086932 0.086727 0.086524 0.086322 0.086122 0.085924 0.085727 0.085532 0.085338 0.085146 0.084954 0.084764 0.084574 0.084386 0.084198 0.084011 0.083825 0.083640 0.083455 0.083271 0.083087 0.082904 0.082722 0.082540 0.082359
0.093013 0.090146 0.089379 0.089094 0.088906 0.088729 0.088549 0.088367 0.088183 0.088001 0.087820 0.087642 0.087466 0.087292 0.087120 0.086950 0.086781 0.086614 0.086448 0.086283 0.086119 0.085955 0.085792 0.085630 0.085467 0.085306 0.085144 0.084983 0.084822 0.084660 0.084499 0.084338 0.084177 0.084016 0.083855 0.083694 0.083533 0.083372 0.083210 0.083049 0.082887 0.082725 0.082563 0.082401 0.082239 0.082077 0.081915 0.081752 0.081589 0.081426
0.081599 0.084804 0.085582 0.085749 0.085754 0.085711 0.085651 0.085583 0.085510 0.085433 0.085352 0.085269 0.085182 0.085093 0.085001 0.084907 0.084810 0.084711 0.084609 0.084505 0.084399 0.084290 0.084180 0.084067 0.083953 0.083837 0.083718 0.083598 0.083477 0.083353 0.083229 0.083102 0.082974 0.082845 0.082714 0.082582 0.082449 0.082314 0.082179 0.082042 0.081904 0.081765 0.081625 0.081485 0.081343 0.081200 0.081057 0.080913 0.080767 0.080622
0.085406 0.083610 0.083190 0.083098 0.083096 0.083121 0.083154 0.083185 0.083211 0.083230 0.083241 0.083244 0.083240 0.083228 0.083209 0.083183 0.083151 0.083113 0.083069 0.083020 0.082966 0.082907 0.082843 0.082775 0.082702 0.082626 0.082546 0.082462 0.082375 0.082284 0.082191 0.082094 0.081995 0.081893 0.081788 0.081681 0.081572 0.081460 0.081347 0.081231 0.081113 0.080994 0.080873 0.080750 0.080625 0.080499 0.080372 0.080243 0.080113 0.079981
0.081317 0.081021 0.080887 0.080920 0.081027 0.081157 0.081287 0.081408 0.081516 0.081612 0.081695 0.081765 0.081824 0.081871 0.081908 0.081934 0.081951 0.081960 0.081960 0.081952 0.081936 0.081914 0.081885 0.081850 0.081809 0.081762 0.081711 0.081654 0.081592 0.081526 0.081455 0.081381 0.081303 0.081221 0.081135 0.081047 0.080955 0.080860 0.080762 0.080662 0.080559 0.080454 0.080346 0.080236 0.080124 0.080010 0.079894 0.079776 0.079657 0.079536
0.077221 0.078357 0.079039 0.079481 0.079802 0.080056 0.080269 0.080452 0.080612 0.080753 0.080876 0.080984 0.081077 0.081156 0.081223 0.081278 0.081321 0.081355 0.081378 0.081392 0.081398 0.081396 0.081385 0.081368 0.081344 0.081313 0.081276 0.081234 0.081186 0.081132 0.081074 0.081011 0.080944 0.080873 0.080798 0.080719 0.080636 0.080550 0.080461 0.080369 0.080274 0.080176 0.080075 0.079972 0.079867 0.079759 0.079649 0.079537 0.079423 0.079307
