0.088255 0.089012 0.090031 0.090858 0.091483 0.091953 0.092308 0.092579 0.092784 0.092939 0.093052 0.093132 0.093183 0.093210 0.093217 0.093206 0.093179 0.093139 0.093087 0.093024 0.092952 0.092871 0.092782 0.092687 0.092585 0.092477 0.092365 0.092248 0.092126 0.092001 0.091872 0.091739 0.091604 0.091465 0.091324 0.091181 0.091035 0.090887 0.090737 0.090585 0.090432 0.090277 0.090120 0.089962 0.089803 0.089642 0.089481 0.089318 0.089154 0.088989
0.089243 0.092290 0.093040 0.093327 0.093510 0.093654 0.093769 0.093858 0.093923 0.093964 0.093986 0.093989 0.093975 0.093947 0.093905 0.093852 0.093788 0.093715 0.093634 0.093545 0.093448 0.093346 0.093238 0.093124 0.093006 0.092884 0.092757 0.092627 0.092494 0.092357 0.092218 0.092075 0.091931 0.091784 0.091634 0.091483 0.091330 0.091175 0.091019 0.090861 0.090701 0.090540 0.090378 0.090215 0.090051 0.089885 0.089719 0.089552 0.089384 0.089215
0.105479 0.099529 0.097753 0.097031 0.096639 0.096381 0.096189 0.096033 0.095898 0.095773 0.095653 0.095535 0.095417 0.095298 0.095176 0.095052 0.094925 0.094795 0.094663 0.094528 0.094390 0.094249 0.094106 0.093961 0.093813 0.093664 0.093512 0.093358 0.093203 0.093046 0.092887 0.092726 0.092565 0.092402 0.092237 0.092071 0.091905 0.091737 0.091568 0.091398 0.091227 0.091055 0.090883 0.090710 0.090536 0.090361 0.090186 0.090010 0.089834 0.089657
0.095867 0.100330 0.100648 0.100224 0.099735 0.099296 0.098913 0.098576 0.098274 0.097999 0.097744 0.097505 0.097278 0.097061 0.096851 0.096647 0.096449 0.096253 0.096061 0.095871 0.095683 0.095496 0.095310 0.095125 0.094941 0.094757 0.094573 0.094389 0.094205 0.094021 0.093837 0.093653 0.093469 0.093284 0.093099 0.092914 0.092729 0.092543 0.092358 0.092172 0.091985 0.091799 0.091612 0.091425 0.091238 0.091050 0.090863 0.090675 0.090488 0.090300
0.110847 0.105156 0.103640 0.102949 0.102424 0.101946 0.101496 0.101073 0.100677 0.100305 0.099956 0.099627 0.099316 0.099019 0.098735 0.098463 0.098200 0.097944 0.097696 0.097454 0.097217 0.096985 0.096756 0.096530 0.096308 0.096088 0.095870 0.095654 0.095439 0.095226 0.095014 0.094804 0.094594 0.094385 0.094177 0.093970 0.093764 0.093558 0.093352 0.093147 0.092943 0.092739 0.092535 0.092332 0.092129 0.091926 0.091724 0.091522 0.091320 0.091119
0.099793 0.104488 0.105210 0.105048 0.104663 0.104218 0.103763 0.103316 0.102885 0.102472 0.102077 0.101701 0.101341 0.100996 0.100664 0.100344 0.100036 0.099736 0.099445 0.099162 0.098885 0.098614 0.098349 0.098088 0.097831 0.097578 0.097329 0.097082 0.096838 0.096597 0.096358 0.096121 0.095886 0.095653 0.095422 0.095191 0.094963 0.094736 0.094509 0.094285 0.094061 0.093838 0.093616 0.093395 0.093175 0.092956 0.092738 0.092521 0.092304 0.092088
0.112981 0.108933 0.107771 0.107146 0.106630 0.106149 0.105688 0.105244 0.104816 0.104403 0.104004 0.103618 0.103244 0.102882 0.102531 0.102189 0.101857 0.101532 0.101215 0.100905 0.100601 0.100302 0.100009 0.099721 0.099437 0.099157 0.098881 0.098609 0.098340 0.098074 0.097810 0.097550 0.097291 0.097035 0.096782 0.096530 0.096280 0.096032 0.095786 0.095542 0.095299 0.095058 0.094818 0.094580 0.094343 0.094107 0.093872 0.093639 0.093407 0.093176
0.107872 0.109627 0.109274 0.108696 0.108171 0.107706 0.107279 0.106874 0.106483 0.106102 0.105728 0.105361 0.105000 0.104645 0.104295 0.103950 0.103611 0.103278 0.102949 0.102624 0.102305 0.101989 0.101678 0.101371 0.101068 0.100768 0.100472 0.100179 0.099890 0.099603 0.099319 0.099039 0.098760 0.098485 0.098211 0.097941 0.097672 0.097406 0.097141 0.096879 0.096618 0.096360 0.096103 0.095848 0.095595 0.095343 0.095093 0.094844 0.094597 0.094352
0.115110 0.111321 0.110180 0.109662 0.109294 0.108962 0.108636 0.108309 0.107980 0.107647 0.107312 0.106976 0.106638 0.106300 0.105962 0.105625 0.105290 0.104955 0.104623 0.104294 0.103966 0.103641 0.103319 0.103000 0.102684 0.102370 0.102059 0.101751 0.101446 0.101143 0.100844 0.100547 0.100252 0.099960 0.099671 0.099384 0.099099 0.098817 0.098537 0.098259 0.097983 0.097709 0.097437 0.097167 0.096899 0.096633 0.096369 0.096106 0.095846 0.095586
0.106240 0.109249 0.110187 0.110416 0.110370 0.110205 0.109980 0.109723 0.109444 0.109151 0.108847 0.108535 0.108216 0.107892 0.107565 0.107234 0.106903 0.106570 0.106237 0.105904 0.105572 0.105242 0.104912 0.104585 0.104259 0.103935 0.103614 0.103295 0.102978 0.102663 0.102351 0.102042 0.101735 0.101430 0.101127 0.100827 0.100530 0.100234 0.099941 0.099650 0.099361 0.099075 0.098790 0.098508 0.098227 0.097949 0.097672 0.097397 0.097124 0.096853
0.110636 0.111909 0.112145 0.112095 0.111946 0.111748 0.111518 0.111265 0.110993 0.110706 0.110407 0.110098 0.109781 0.109458 0.109130 0.108799 0.108465 0.108129 0.107792 0.107455 0.107118 0.106781 0.106446 0.106111 0.105778 0.105447 0.105117 0.104790 0.104464 0.104141 0.103819 0.103500 0.103183 0.102869 0.102556 0.102246 0.101939 0.101633 0.101330 0.101028 0.100729 0.100433 0.100138 0.099845 0.099554 0.099265 0.098978 0.098694 0.098410 0.098129
0.121794 0.116689 0.115006 0.114300 0.113888 0.113563 0.113261 0.112958 0.112650 0.112333 0.112010 0.111680 0.111345 0.111007 0.110665 0.110322 0.109978 0.109632 0.109287 0.108942 0.108597 0.108253 0.107911 0.107570 0.107230 0.106892 0.106556 0.106222 0.105890 0.105560 0.105231 0.104905 0.104582 0.104260 0.103940 0.103623 0.103308 0.102995 0.102684 0.102375 0.102068 0.101764 0.101461 0.101160 0.100861 0.100564 0.100270 0.099976 0.099685 0.099396
0.112313 0.115662 0.116222 0.116089 0.115785 0.115437 0.115077 0.114712 0.114345 0.113977 0.113610 0.113242 0.112876 0.112511 0.112147 0.111785 0.111424 0.111065 0.110708 0.110353 0.110000 0.109648 0.109299 0.108951 0.108606 0.108263 0.107922 0.107582 0.107245 0.106911 0.106578 0.106247 0.105919 0.105592 0.105268 0.104946 0.104626 0.104307 0.103991 0.103677 0.103365 0.103055 0.102746 0.102440 0.102135 0.101832 0.101531 0.101232 0.100934 0.100638
0.119547 0.118755 0.118421 0.118083 0.117690 0.117264 0.116826 0.116388 0.115956 0.115533 0.115118 0.114712 0.114313 0.113920 0.113534 0.113153 0.112777 0.112405 0.112037 0.111673 0.111312 0.110955 0.110600 0.110248 0.109899 0.109552 0.109208 0.108866 0.108526 0.108188 0.107853 0.107520 0.107189 0.106860 0.106533 0.106208 0.105885 0.105564 0.105245 0.104927 0.104612 0.104298 0.103985 0.103675 0.103366 0.103059 0.102754 0.102450 0.102148 0.101847
0.124089 0.121711 0.120717 0.120032 0.119431 0.118869 0.118337 0.117831 0.117348 0.116885 0.116440 0.116009 0.115591 0.115183 0.114784 0.114393 0.114009 0.113630 0.113257 0.112889 0.112525 0.112165 0.111808 0.111455 0.111105 0.110757 0.110413 0.110070 0.109730 0.109393 0.109057 0.108724 0.108392 0.108062 0.107735 0.107409 0.107085 0.106762 0.106441 0.106122 0.105805 0.105489 0.105174 0.104861 0.104550 0.104240 0.103932 0.103624 0.103319 0.103014
0.119616 0.122233 0.122008 0.121313 0.120619 0.119992 0.119427 0.118907 0.118421 0.117960 0.117517 0.117090 0.116676 0.116271 0.115876 0.115488 0.115108 0.114732 0.114363 0.113998 0.113637 0.113280 0.112926 0.112575 0.112228 0.111883 0.111541 0.111201 0.110863 0.110527 0.110193 0.109861 0.109531 0.109202 0.108875 0.108550 0.108226 0.107903 0.107582 0.107263 0.106944 0.106627 0.106312 0.105997 0.105684 0.105372 0.105061 0.104752 0.104444 0.104137
0.131267 0.124784 0.122689 0.121707 0.121056 0.120526 0.120051 0.119607 0.119181 0.118768 0.118365 0.117970 0.117582 0.117200 0.116824 0.116453 0.116086 0.115724 0.115365 0.115010 0.114658 0.114310 0.113963 0.113620 0.113278 0.112939 0.112601 0.112266 0.111932 0.111600 0.111269 0.110940 0.110612 0.110285 0.109960 0.109636 0.109313 0.108991 0.108670 0.108351 0.108032 0.107714 0.107398 0.107082 0.106768 0.106454 0.106142 0.105830 0.105520 0.105210
0.115503 0.120119 0.121044 0.121119 0.120958 0.120707 0.120413 0.120093 0.119759 0.119417 0.119070 0.118720 0.118371 0.118021 0.117673 0.117326 0.116980 0.116636 0.116294 0.115953 0.115614 0.115277 0.114941 0.114606 0.114273 0.113941 0.113610 0.113280 0.112951 0.112623 0.112296 0.111970 0.111645 0.111320 0.110996 0.110674 0.110351 0.110030 0.109710 0.109390 0.109071 0.108752 0.108435 0.108118 0.107802 0.107486 0.107172 0.106858 0.106545 0.106233
0.122910 0.120994 0.121047 0.121191 0.121190 0.121068 0.120869 0.120624 0.120349 0.120057 0.119754 0.119443 0.119126 0.118807 0.118485 0.118162 0.117837 0.117513 0.117187 0.116862 0.116536 0.116210 0.115884 0.115559 0.115233 0.114908 0.114583 0.114258 0.113933 0.113609 0.113285 0.112961 0.112637 0.112314 0.111991 0.111668 0.111346 0.111025 0.110703 0.110382 0.110062 0.109742 0.109422 0.109103 0.108785 0.108467 0.108150 0.107833 0.107516 0.107201
0.119223 0.121959 0.122377 0.122298 0.122101 0.121866 0.121614 0.121350 0.121077 0.120797 0.120511 0.120219 0.119924 0.119624 0.119321 0.119015 0.118706 0.118396 0.118083 0.117769 0.117453 0.117136 0.116818 0.116498 0.116178 0.115857 0.115535 0.115213 0.114890 0.114567 0.114243 0.113920 0.113596 0.113272 0.112948 0.112623 0.112299 0.111975 0.111652 0.111328 0.111005 0.110682 0.110359 0.110036 0.109714 0.109392 0.109071 0.108750 0.108429 0.108109
0.130199 0.126269 0.124685 0.123847 0.123305 0.122898 0.122557 0.122248 0.121954 0.121667 0.121382 0.121096 0.120807 0.120516 0.120222 0.119924 0.119623 0.119318 0.119011 0.118701 0.118389 0.118075 0.117758 0.117440 0.117120 0.116798 0.116475 0.116152 0.115827 0.115501 0.115175 0.114848 0.114521 0.114193 0.113865 0.113537 0.113208 0.112880 0.112551 0.112223 0.111894 0.111566 0.111238 0.110910 0.110583 0.110255 0.109928 0.109602 0.109276 0.108950
0.126062 0.125770 0.125141 0.124625 0.124210 0.123856 0.123535 0.123234 0.122943 0.122656 0.122371 0.122084 0.121795 0.121502 0.121206 0.120906 0.120602 0.120294 0.119983 0.119669 0.119352 0.119032 0.118710 0.118386 0.118059 0.117732 0.117402 0.117072 0.116740 0.116408 0.116074 0.115740 0.115406 0.115071 0.114735 0.114400 0.114064 0.113728 0.113393 0.113057 0.112721 0.112385 0.112050 0.111715 0.111380 0.111046 0.110711 0.110378 0.110044 0.109711
0.123941 0.124524 0.124988 0.125099 0.125005 0.124814 0.124576 0.124317 0.124045 0.123764 0.123476 0.123183 0.122883 0.122579 0.122269 0.121955 0.121637 0.121315 0.120990 0.120661 0.120330 0.119997 0.119661 0.119323 0.118984 0.118644 0.118302 0.117959 0.117615 0.117271 0.116926 0.116581 0.116236 0.115890 0.115544 0.115198 0.114852 0.114506 0.114160 0.113815 0.113469 0.113124 0.112780 0.112435 0.112092 0.111748 0.111405 0.111063 0.110721 0.110379
0.122896 0.125725 0.126315 0.126364 0.126246 0.126057 0.125827 0.125569 0.125290 0.124996 0.124689 0.124373 0.124048 0.123718 0.123381 0.123041 0.122696 0.122349 0.121999 0.121647 0.121293 0.120937 0.120581 0.120223 0.119865 0.119506 0.119146 0.118786 0.118426 0.118066 0.117706 0.117346 0.116986 0.116626 0.116267 0.115908 0.115549 0.115191 0.114833 0.114476 0.114119 0.113763 0.113407 0.113052 0.112697 0.112344 0.111991 0.111638 0.111286 0.110935
0.136231 0.130698 0.128995 0.128320 0.127932 0.127618 0.127312 0.126995 0.126664 0.126320 0.125966 0.125603 0.125234 0.124860 0.124483 0.124103 0.123722 0.123340 0.122957 0.122573 0.122190 0.121806 0.121423 0.121041 0.120659 0.120277 0.119896 0.119516 0.119136 0.118757 0.118379 0.118002 0.117625 0.117250 0.116875 0.116501 0.116128 0.115756 0.115384 0.115014 0.114644 0.114276 0.113908 0.113541 0.113175 0.112810 0.112446 0.112083 0.111721 0.111359
0.126366 0.129646 0.130128 0.129975 0.129658 0.129285 0.128888 0.128477 0.128056 0.127631 0.127202 0.126772 0.126342 0.125912 0.125484 0.125057 0.124633 0.124210 0.123790 0.123372 0.122956 0.122542 0.122131 0.121721 0.121314 0.120908 0.120505 0.120103 0.119702 0.119304 0.118907 0.118512 0.118118 0.117726 0.117335 0.116945 0.116557 0.116171 0.115785 0.115401 0.115019 0.114637 0.114257 0.113878 0.113500 0.113123 0.112748 0.112374 0.112001 0.111629
0.133724 0.132481 0.132206 0.131859 0.131397 0.130878 0.130341 0.129803 0.129272 0.128750 0.128238 0.127734 0.127240 0.126753 0.126274 0.125801 0.125334 0.124874 0.124418 0.123967 0.123521 0.123079 0.122641 0.122206 0.121775 0.121347 0.120922 0.120500 0.120081 0.119664 0.119249 0.118837 0.118426 0.118018 0.117612 0.117208 0.116805 0.116405 0.116006 0.115608 0.115213 0.114819 0.114426 0.114035 0.113646 0.113258 0.112872 0.112487 0.112103 0.111721
0.134741 0.135306 0.134527 0.133640 0.132817 0.132062 0.131360 0.130700 0.130072 0.129472 0.128893 0.128334 0.127790 0.127260 0.126743 0.126235 0.125737 0.125248 0.124765 0.124290 0.123820 0.123356 0.122897 0.122442 0.121992 0.121546 0.121104 0.120665 0.120229 0.119796 0.119366 0.118939 0.118515 0.118093 0.117673 0.117256 0.116840 0.116427 0.116016 0.115607 0.115200 0.114794 0.114391 0.113989 0.113589 0.113191 0.112794 0.112399 0.112006 0.111614
0.142942 0.137830 0.135594 0.134241 0.133227 0.132375 0.131615 0.130914 0.130256 0.129630 0.129030 0.128451 0.127889 0.127343 0.126809 0.126287 0.125774 0.125270 0.124774 0.124285 0.123803 0.123326 0.122854 0.122387 0.121925 0.121467 0.121012 0.120561 0.120114 0.119669 0.119228 0.118790 0.118354 0.117921 0.117490 0.117062 0.116636 0.116213 0.115792 0.115372 0.114955 0.114540 0.114127 0.113716 0.113307 0.112900 0.112494 0.112091 0.111689 0.111289
0.131961 0.133720 0.133568 0.132982 0.132312 0.131642 0.130993 0.130366 0.129760 0.129173 0.128602 0.128044 0.127499 0.126965 0.126440 0.125924 0.125416 0.124914 0.124418 0.123928 0.123443 0.122963 0.122487 0.122016 0.121548 0.121084 0.120623 0.120165 0.119711 0.119259 0.118810 0.118364 0.117921 0.117480 0.117041 0.116605 0.116172 0.115740 0.115311 0.114884 0.114459 0.114036 0.113616 0.113197 0.112780 0.112366 0.111953 0.111542 0.111133 0.110727
0.131696 0.131413 0.131306 0.131041 0.130654 0.130198 0.129709 0.129204 0.128694 0.128182 0.127671 0.127163 0.126658 0.126157 0.125659 0.125164 0.124673 0.124185 0.123700 0.123218 0.122739 0.122264 0.121791 0.121320 0.120853 0.120388 0.119925 0.119465 0.119008 0.118552 0.118100 0.117649 0.117201 0.116755 0.116311 0.115870 0.115431 0.114994 0.114559 0.114126 0.113695 0.113267 0.112840 0.112416 0.111994 0.111574 0.111156 0.110740 0.110325 0.109913
0.130348 0.129884 0.129515 0.129186 0.128850 0.128487 0.128098 0.127687 0.127260 0.126820 0.126372 0.125916 0.125455 0.124991 0.124524 0.124056 0.123587 0.123117 0.122647 0.122177 0.121708 0.121240 0.120773 0.120307 0.119843 0.119380 0.118918 0.118458 0.118000 0.117544 0.117090 0.116637 0.116186 0.115738 0.115291 0.114846 0.114403 0.113963 0.113524 0.113088 0.112653 0.112221 0.111791 0.111363 0.110937 0.110513 0.110091 0.109671 0.109253 0.108838
0.128770 0.128256 0.127803 0.127429 0.127086 0.126746 0.126395 0.126029 0.125647 0.125251 0.124841 0.124421 0.123991 0.123554 0.123111 0.122662 0.122210 0.121754 0.121296 0.120836 0.120376 0.119914 0.119452 0.118990 0.118529 0.118068 0.117608 0.117149 0.116691 0.116234 0.115779 0.115325 0.114873 0.114423 0.113975 0.113528 0.113083 0.112641 0.112200 0.111761 0.111325 0.110890 0.110458 0.110028 0.109600 0.109174 0.108750 0.108328 0.107909 0.107492
0.126922 0.126267 0.125981 0.125694 0.125381 0.125048 0.124701 0.124340 0.123965 0.123576 0.123175 0.122763 0.122341 0.121911 0.121474 0.121032 0.120584 0.120133 0.119678 0.119222 0.118763 0.118303 0.117843 0.117382 0.116921 0.116460 0.116000 0.115540 0.115082 0.114624 0.114168 0.113714 0.113261 0.112810 0.112360 0.111913 0.111467 0.111023 0.110582 0.110142 0.109705 0.109270 0.108837 0.108406 0.107977 0.107551 0.107127 0.106706 0.106286 0.105869
0.122840 0.124332 0.124373 0.124108 0.123771 0.123409 0.123031 0.122640 0.122236 0.121822 0.121398 0.120967 0.120528 0.120084 0.119635 0.119182 0.118725 0.118266 0.117805 0.117342 0.116878 0.116414 0.115949 0.115485 0.115020 0.114557 0.114094 0.113632 0.113172 0.112713 0.112255 0.111800 0.111346 0.110894 0.110444 0.109996 0.109550 0.109106 0.108665 0.108226 0.107789 0.107354 0.106922 0.106493 0.106066 0.105641 0.105219 0.104799 0.104381 0.103967
0.127629 0.124309 0.123211 0.122652 0.122205 0.121769 0.121323 0.120868 0.120406 0.119938 0.119468 0.118995 0.118521 0.118046 0.117570 0.117093 0.116616 0.116139 0.115663 0.115187 0.114711 0.114237 0.113763 0.113291 0.112821 0.112352 0.111884 0.111419 0.110955 0.110493 0.110034 0.109577 0.109122 0.108670 0.108220 0.107772 0.107327 0.106885 0.106445 0.106008 0.105573 0.105141 0.104712 0.104285 0.103861 0.103440 0.103021 0.102605 0.102192 0.101781
0.119066 0.120997 0.121258 0.120972 0.120503 0.119976 0.119431 0.118887 0.118346 0.117812 0.117283 0.116760 0.116242 0.115729 0.115219 0.114713 0.114211 0.113712 0.113216 0.112723 0.112233 0.111746 0.111262 0.110780 0.110302 0.109827 0.109354 0.108884 0.108418 0.107954 0.107494 0.107036 0.106581 0.106130 0.105681 0.105236 0.104793 0.104354 0.103917 0.103484 0.103054 0.102626 0.102202 0.101780 0.101362 0.100946 0.100533 0.100124 0.099717 0.099313
0.120319 0.120625 0.120010 0.119247 0.118501 0.117798 0.117132 0.116497 0.115886 0.115292 0.114713 0.114147 0.113590 0.113043 0.112504 0.111972 0.111446 0.110927 0.110413 0.109905 0.109402 0.108904 0.108411 0.107922 0.107438 0.106958 0.106482 0.106011 0.105543 0.105079 0.104620 0.104164 0.103712 0.103264 0.102819 0.102378 0.101941 0.101507 0.101077 0.100650 0.100227 0.099807 0.099390 0.098976 0.098566 0.098159 0.097755 0.097354 0.096957 0.096562
0.126105 0.120294 0.117919 0.116607 0.115668 0.114882 0.114171 0.113502 0.112861 0.112241 0.111637 0.111047 0.110469 0.109901 0.109344 0.108796 0.108257 0.107725 0.107202 0.106685 0.106175 0.105672 0.105175 0.104684 0.104199 0.103719 0.103245 0.102776 0.102312 0.101853 0.101398 0.100949 0.100503 0.100062 0.099626 0.099193 0.098765 0.098341 0.097920 0.097504 0.097091 0.096682 0.096276 0.095874 0.095476 0.095081 0.094689 0.094301 0.093916 0.093534
0.109838 0.112529 0.112719 0.112287 0.111698 0.111069 0.110436 0.109807 0.109186 0.108576 0.107975 0.107386 0.106806 0.106238 0.105679 0.105129 0.104589 0.104058 0.103536 0.103021 0.102515 0.102016 0.101524 0.101039 0.100561 0.100089 0.099624 0.099164 0.098710 0.098262 0.097819 0.097381 0.096948 0.096520 0.096096 0.095678 0.095263 0.094853 0.094448 0.094046 0.093648 0.093255 0.092865 0.092479 0.092096 0.091717 0.091342 0.090970 0.090601 0.090236
0.108066 0.107838 0.107799 0.107535 0.107107 0.106591 0.106031 0.105451 0.104866 0.104282 0.103703 0.103132 0.102569 0.102016 0.101472 0.100938 0.100412 0.099896 0.099389 0.098890 0.098399 0.097916 0.097441 0.096972 0.096511 0.096057 0.095609 0.095167 0.094732 0.094302 0.093878 0.093459 0.093046 0.092637 0.092234 0.091835 0.091441 0.091051 0.090666 0.090284 0.089907 0.089534 0.089165 0.088800 0.088438 0.088080 0.087725 0.087373 0.087025 0.086680
0.104907 0.104128 0.103381 0.102762 0.102190 0.101626 0.101060 0.100495 0.099932 0.099376 0.098827 0.098286 0.097755 0.097233 0.096720 0.096216 0.095721 0.095235 0.094757 0.094288 0.093826 0.093372 0.092925 0.092486 0.092053 0.091626 0.091207 0.090793 0.090385 0.089983 0.089586 0.089195 0.088808 0.088427 0.088051 0.087679 0.087312 0.086949 0.086590 0.086235 0.085884 0.085537 0.085194 0.084854 0.084518 0.084185 0.083856 0.083530 0.083207 0.082886
0.101415 0.099202 0.098147 0.097366 0.096689 0.096068 0.095486 0.094930 0.094394 0.093874 0.093367 0.092872 0.092388 0.091913 0.091447 0.090990 0.090541 0.090099 0.089666 0.089239 0.088820 0.088408 0.088002 0.087602 0.087209 0.086822 0.086440 0.086064 0.085694 0.085328 0.084968 0.084612 0.084261 0.083915 0.083573 0.083235 0.082901 0.082572 0.082246 0.081923 0.081605 0.081290 0.080978 0.080669 0.080363 0.080061 0.079761 0.079465 0.079171 0.078880
0.089680 0.091718 0.091538 0.090952 0.090339 0.089766 0.089236 0.088739 0.088266 0.087812 0.087371 0.086943 0.086523 0.086113 0.085710 0.085314 0.084925 0.084542 0.084166 0.083795 0.083430 0.083071 0.082718 0.082369 0.082026 0.081687 0.081354 0.081025 0.080700 0.080380 0.080064 0.079752 0.079444 0.079140 0.078839 0.078542 0.078249 0.077958 0.077671 0.077387 0.077106 0.076827 0.076552 0.076279 0.076008 0.075741 0.075475 0.075212 0.074951 0.074693
0.090389 0.085824 0.084365 0.083671 0.083184 0.082764 0.082374 0.082000 0.081636 0.081281 0.080933 0.080591 0.080254 0.079923 0.079596 0.079274 0.078957 0.078644 0.078335 0.078030 0.077730 0.077434 0.077142 0.076853 0.076569 0.076287 0.076010 0.075736 0.075465 0.075197 0.074932 0.074671 0.074412 0.074156 0.073902 0.073652 0.073403 0.073157 0.072914 0.072672 0.072433 0.072196 0.071961 0.071728 0.071496 0.071267 0.071039 0.070812 0.070588 0.070365
0.071665 0.074836 0.075533 0.075616 0.075516 0.075346 0.075142 0.074918 0.074683 0.074442 0.074197 0.073952 0.073707 0.073463 0.073221 0.072981 0.072743 0.072507 0.072273 0.072042 0.071813 0.071587 0.071363 0.071141 0.070921 0.070703 0.070487 0.070273 0.070061 0.069851 0.069643 0.069436 0.069231 0.069028 0.068826 0.068625 0.068426 0.068228 0.068032 0.067836 0.067642 0.067449 0.067257 0.067066 0.066877 0.066688 0.066500 0.066313 0.066126 0.065941
0.068317 0.067724 0.067843 0.067958 0.067987 0.067948 0.067864 0.067752 0.067622 0.067481 0.067333 0.067181 0.067027 0.066872 0.066717 0.066561 0.066405 0.066250 0.066095 0.065941 0.065787 0.065634 0.065481 0.065329 0.065177 0.065026 0.064875 0.064725 0.064575 0.064425 0.064276 0.064127 0.063978 0.063829 0.063681 0.063532 0.063384 0.063236 0.063089 0.062941 0.062793 0.062646 0.062499 0.062351 0.062204 0.062057 0.061910 0.061763 0.061616 0.061469
0.061231 0.061038 0.060938 0.060884 0.060840 0.060792 0.060739 0.060682 0.060621 0.060558 0.060493 0.060426 0.060357 0.060287 0.060216 0.060144 0.060070 0.059996 0.059920 0.059843 0.059765 0.059685 0.059605 0.059523 0.059439 0.059355 0.059269 0.059183 0.059095 0.059005 0.058915 0.058823 0.058730 0.058637 0.058542 0.058445 0.058348 0.058250 0.058151 0.058050 0.057949 0.057847 0.057744 0.057640 0.057535 0.057429 0.057322 0.057215 0.057106 0.056997
0.053923 0.054311 0.054180 0.054010 0.053891 0.053822 0.053787 0.053775 0.053776 0.053784 0.053796 0.053810 0.053823 0.053836 0.053846 0.053855 0.053861 0.053864 0.053865 0.053863 0.053857 0.053849 0.053838 0.053823 0.053806 0.053786 0.053763 0.053737 0.053708 0.053677 0.053643 0.053607 0.053567 0.053526 0.053482 0.053435 0.053387 0.053336 0.053283 0.053228 0.053170 0.053111 0.053050 0.052987 0.052922 0.052856 0.052788 0.052718 0.052646 0.052573
0.049448 0.047745 0.047178 0.046976 0.046920 0.046936 0.046989 0.047065 0.047154 0.047249 0.047346 0.047444 0.047540 0.047633 0.047723 0.047809 0.047890 0.047966 0.048038 0.048105 0.048167 0.048225 0.048277 0.048325 0.048368 0.048407 0.048441 0.048471 0.048497 0.048518 0.048536 0.048549 0.048559 0.048565 0.048568 0.048567 0.048562 0.048555 0.048544 0.048530 0.048513 0.048493 0.048470 0.048445 0.048417 0.048387 0.048354 0.048318 0.048280 0.048241
0.037865 0.038983 0.039449 0.039753 0.040005 0.040236 0.040454 0.040664 0.040867 0.041063 0.041254 0.041438 0.041615 0.041786 0.041949 0.042106 0.042255 0.042397 0.042532 0.042661 0.042782 0.042897 0.043006 0.043108 0.043203 0.043293 0.043377 0.043455 0.043528 0.043595 0.043657 0.043714 0.043766 0.043813 0.043856 0.043894 0.043928 0.043958 0.043984 0.044006 0.044024 0.044038 0.044049 0.044057 0.044061 0.044062 0.044060 0.044055 0.044046 0.044036
0.030867 0.031746 0.032535 0.033148 0.033640 0.034057 0.034424 0.034759 0.035070 0.035361 0.035637 0.035899 0.036149 0.036387 0.036614 0.036831 0.037038 0.037235 0.037423 0.037602 0.037772 0.037934 0.038087 0.038233 0.038372 0.038503 0.038627 0.038744 0.038854 0.038958 0.039056 0.039149 0.039235 0.039316 0.039391 0.039461 0.039527 0.039587 0.039643 0.039694 0.039741 0.039784 0.039822 0.039857 0.039888 0.039915 0.039938 0.039958 0.039975 0.039989
0.025545 0.026485 0.027138 0.027702 0.028214 0.028684 0.029120 0.029525 0.029905 0.030263 0.030601 0.030921 0.031225 0.031513 0.031788 0.032050 0.032299 0.032537 0.032763 0.032979 0.033185 0.033381 0.033568 0.033745 0.033915 0.034076 0.034229 0.034375 0.034513 0.034644 0.034769 0.034887 0.034999 0.035104 0.035204 0.035298 0.035387 0.035470 0.035549 0.035622 0.035691 0.035755 0.035815 0.035871 0.035922 0.035970 0.036013 0.036053 0.036089 0.036122
0.022924 0.022649 0.022876 0.023269 0.023714 0.024169 0.024615 0.025044 0.025453 0.025842 0.026211 0.026563 0.026896 0.027213 0.027515 0.027803 0.028076 0.028337 0.028586 0.028824 0.029050 0.029266 0.029473 0.029669 0.029857 0.030036 0.030207 0.030370 0.030525 0.030673 0.030814 0.030949 0.031076 0.031198 0.031313 0.031423 0.031527 0.031626 0.031720 0.031808 0.031892 0.031971 0.032045 0.032115 0.032181 0.032243 0.032300 0.032354 0.032405 0.032451
0.017845 0.018508 0.019026 0.019513 0.019986 0.020447 0.020892 0.021320 0.021729 0.022120 0.022492 0.022846 0.023184 0.023506 0.023812 0.024104 0.024383 0.024649 0.024903 0.025146 0.025377 0.025599 0.025810 0.026013 0.026206 0.026391 0.026568 0.026737 0.026898 0.027053 0.027200 0.027341 0.027476 0.027604 0.027727 0.027844 0.027955 0.028062 0.028163 0.028259 0.028350 0.028437 0.028520 0.028598 0.028672 0.028742 0.028808 0.028871 0.028930 0.028985
0.014357 0.015295 0.015988 0.016554 0.017050 0.017504 0.017929 0.018332 0.018714 0.019079 0.019427 0.019759 0.020076 0.020379 0.020668 0.020945 0.021209 0.021462 0.021704 0.021936 0.022158 0.022370 0.022574 0.022768 0.022955 0.023134 0.023306 0.023470 0.023628 0.023779 0.023923 0.024062 0.024194 0.024321 0.024443 0.024559 0.024670 0.024777 0.024878 0.024976 0.025068 0.025157 0.025241 0.025321 0.025398 0.025471 0.025540 0.025605 0.025668 0.025727
0.013296 0.013678 0.014117 0.014544 0.014948 0.015329 0.015689 0.016032 0.016359 0.016671 0.016970 0.017257 0.017531 0.017795 0.018048 0.018291 0.018524 0.018747 0.018962 0.019169 0.019367 0.019558 0.019741 0.019917 0.020086 0.020248 0.020404 0.020554 0.020699 0.020837 0.020970 0.021098 0.021221 0.021339 0.021452 0.021560 0.021664 0.021764 0.021860 0.021952 0.022040 0.022124 0.022204 0.022281 0.022355 0.022425 0.022492 0.022556 0.022617 0.022675
0.012647 0.012817 0.013025 0.013273 0.013538 0.013805 0.014067 0.014322 0.014570 0.014809 0.015040 0.015264 0.015480 0.015689 0.015891 0.016086 0.016275 0.016457 0.016633 0.016803 0.016967 0.017125 0.017278 0.017426 0.017568 0.017705 0.017837 0.017965 0.018088 0.018207 0.018321 0.018431 0.018537 0.018640 0.018738 0.018833 0.018924 0.019011 0.019096 0.019177 0.019254 0.019329 0.019401 0.019470 0.019536 0.019599 0.019659 0.019717 0.019772 0.019825
0.012126 0.012137 0.012269 0.012423 0.012582 0.012742 0.012903 0.013063 0.013222 0.013378 0.013533 0.013684 0.013833 0.013979 0.014122 0.014261 0.014398 0.014530 0.014660 0.014785 0.014908 0.015027 0.015143 0.015255 0.015364 0.015469 0.015572 0.015671 0.015767 0.015860 0.015950 0.016037 0.016121 0.016203 0.016281 0.016357 0.016430 0.016501 0.016569 0.016635 0.016699 0.016760 0.016818 0.016875 0.016929 0.016982 0.017032 0.017080 0.017126 0.017171
0.011115 0.011573 0.011743 0.011833 0.011902 0.011967 0.012034 0.012104 0.012177 0.012254 0.012332 0.012412 0.012493 0.012574 0.012656 0.012737 0.012818 0.012899 0.012978 0.013057 0.013134 0.013210 0.013285 0.013358 0.013430 0.013500 0.013569 0.013636 0.013701 0.013765 0.013827 0.013887 0.013946 0.014003 0.014058 0.014112 0.014164 0.014214 0.014263 0.014310 0.014356 0.014400 0.014443 0.014485 0.014524 0.014563 0.014600 0.014636 0.014670 0.014704
0.011924 0.011588 0.011462 0.011399 0.011361 0.011337 0.011322 0.011316 0.011316 0.011322 0.011333 0.011348 0.011366 0.011388 0.011412 0.011438 0.011466 0.011496 0.011526 0.011558 0.011590 0.011623 0.011656 0.011690 0.011723 0.011757 0.011790 0.011823 0.011856 0.011889 0.011921 0.011952 0.011983 0.012014 0.012044 0.012073 0.012102 0.012130 0.012158 0.012185 0.012211 0.012236 0.012261 0.012285 0.012308 0.012331 0.012353 0.012375 0.012395 0.012416
0.011450 0.011224 0.011056 0.010929 0.010828 0.010743 0.010669 0.010605 0.010548 0.010498 0.010454 0.010415 0.010380 0.010350 0.010324 0.010301 0.010281 0.010264 0.010249 0.010237 0.010227 0.010219 0.010212 0.010207 0.010204 0.010202 0.010200 0.010200 0.010201 0.010202 0.010204 0.010207 0.010210 0.010214 0.010218 0.010222 0.010227 0.010232 0.010237 0.010243 0.010248 0.010254 0.010260 0.010266 0.010271 0.010277 0.010283 0.010289 0.010295 0.010301
0.010554 0.010575 0.010489 0.010375 0.010256 0.010141 0.010032 0.009928 0.009830 0.009737 0.009650 0.009567 0.009490 0.009416 0.009347 0.009282 0.009221 0.009163 0.009108 0.009057 0.009009 0.008964 0.008921 0.008880 0.008842 0.008807 0.008773 0.008741 0.008711 0.008683 0.008656 0.008631 0.008607 0.008585 0.008563 0.008543 0.008525 0.008507 0.008490 0.008474 0.008459 0.008445 0.008432 0.008419 0.008407 0.008396 0.008386 0.008376 0.008367 0.008358
0.010283 0.010103 0.009968 0.009833 0.009696 0.009558 0.009422 0.009289 0.009158 0.009032 0.008910 0.008792 0.008678 0.008569 0.008464 0.008363 0.008266 0.008173 0.008084 0.007999 0.007917 0.007839 0.007764 0.007692 0.007623 0.007557 0.007493 0.007433 0.007374 0.007319 0.007265 0.007214 0.007165 0.007118 0.007073 0.007030 0.006989 0.006949 0.006911 0.006875 0.006840 0.006807 0.006775 0.006745 0.006716 0.006688 0.006662 0.006636 0.006612 0.006589
0.009853 0.009727 0.009553 0.009382 0.009215 0.009048 0.008882 0.008719 0.008559 0.008401 0.008248 0.008099 0.007955 0.007814 0.007678 0.007546 0.007419 0.007296 0.007177 0.007061 0.006950 0.006843 0.006739 0.006639 0.006543 0.006450 0.006360 0.006273 0.006190 0.006109 0.006031 0.005957 0.005885 0.005815 0.005748 0.005684 0.005622 0.005562 0.005505 0.005449 0.005396 0.005345 0.005296 0.005249 0.005204 0.005160 0.005118 0.005078 0.005040 0.005003
0.009913 0.009509 0.009275 0.009066 0.008859 0.008654 0.008453 0.008256 0.008063 0.007875 0.007692 0.007514 0.007340 0.007172 0.007008 0.006849 0.006694 0.006544 0.006398 0.006257 0.006119 0.005986 0.005858 0.005733 0.005612 0.005495 0.005381 0.005272 0.005166 0.005063 0.004964 0.004868 0.004775 0.004685 0.004598 0.004515 0.004434 0.004356 0.004281 0.004208 0.004138 0.004070 0.004005 0.003942 0.003882 0.003824 0.003768 0.003714 0.003662 0.003613
0.009152 0.009325 0.009147 0.008898 0.008641 0.008391 0.008151 0.007919 0.007694 0.007476 0.007264 0.007059 0.006859 0.006664 0.006474 0.006290 0.006111 0.005936 0.005767 0.005602 0.005442 0.005286 0.005135 0.004989 0.004846 0.004708 0.004574 0.004444 0.004318 0.004195 0.004077 0.003962 0.003851 0.003743 0.003639 0.003538 0.003440 0.003346 0.003254 0.003166 0.003081 0.002998 0.002919 0.002842 0.002768 0.002696 0.002627 0.002561 0.002497 0.002436
0.010582 0.009687 0.009194 0.008833 0.008523 0.008237 0.007967 0.007707 0.007456 0.007212 0.006976 0.006746 0.006522 0.006305 0.006093 0.005886 0.005685 0.005490 0.005300 0.005114 0.004934 0.004759 0.004589 0.004423 0.004262 0.004105 0.003953 0.003806 0.003662 0.003523 0.003388 0.003256 0.003129 0.003006 0.002886 0.002770 0.002657 0.002549 0.002443 0.002341 0.002242 0.002146 0.002054 0.001965 0.001878 0.001795 0.001714 0.001636 0.001561 0.001489
0.009611 0.009337 0.009042 0.008746 0.008453 0.008164 0.007882 0.007607 0.007338 0.007077 0.006822 0.006573 0.006331 0.006095 0.005865 0.005641 0.005423 0.005210 0.005003 0.004801 0.004605 0.004413 0.004227 0.004046 0.003869 0.003698 0.003531 0.003369 0.003211 0.003057 0.002908 0.002763 0.002622 0.002486 0.002353 0.002224 0.002099 0.001978 0.001860 0.001746 0.001636 0.001529 0.001425 0.001324 0.001227 0.001133 0.001042 0.000954 0.000869 0.000787
0.008888 0.009102 0.008974 0.008733 0.008456 0.008170 0.007884 0.007601 0.007323 0.007051 0.006785 0.006525 0.006271 0.006023 0.005781 0.005546 0.005315 0.005091 0.004872 0.004659 0.004451 0.004248 0.004050 0.003858 0.003670 0.003487 0.003309 0.003136 0.002967 0.002803 0.002643 0.002487 0.002336 0.002189 0.002046 0.001907 0.001772 0.001640 0.001513 0.001389 0.001269 0.001152 0.001039 0.000929 0.000823 0.000720 0.000620 0.000523 0.000429 0.000339
0.010316 0.009620 0.009189 0.008848 0.008537 0.008239 0.007948 0.007663 0.007383 0.007108 0.006840 0.006577 0.006319 0.006068 0.005822 0.005581 0.005347 0.005117 0.004893 0.004674 0.004460 0.004251 0.004048 0.003849 0.003655 0.003465 0.003281 0.003100 0.002925 0.002753 0.002586 0.002424 0.002265 0.002111 0.001960 0.001814 0.001671 0.001533 0.001398 0.001266 0.001139 0.001015 0.000894 0.000777 0.000663 0.000553 0.000445 0.000341 0.000241 0.000143
0.010115 0.009603 0.009234 0.008914 0.008613 0.008322 0.008039 0.007761 0.007489 0.007222 0.006960 0.006703 0.006451 0.006205 0.005963 0.005726 0.005494 0.005267 0.005044 0.004826 0.004613 0.004404 0.004200 0.004000 0.003805 0.003614 0.003427 0.003245 0.003067 0.002893 0.002722 0.002556 0.002394 0.002236 0.002081 0.001931 0.001784 0.001641 0.001501 0.001365 0.001232 0.001103 0.000977 0.000855 0.000736 0.000620 0.000507 0.000398 0.000291 0.000188
0.009041 0.009268 0.009144 0.008916 0.008659 0.008396 0.008134 0.007876 0.007622 0.007372 0.007127 0.006885 0.006647 0.006414 0.006184 0.005958 0.005736 0.005517 0.005303 0.005092 0.004886 0.004683 0.004484 0.004288 0.004097 0.003909 0.003725 0.003545 0.003368 0.003195 0.003026 0.002861 0.002699 0.002540 0.002385 0.002233 0.002085 0.001941 0.001799 0.001661 0.001526 0.001395 0.001266 0.001141 0.001019 0.000899 0.000783 0.000670 0.000560 0.000452
0.009974 0.009513 0.009215 0.008957 0.008711 0.008472 0.008238 0.008007 0.007779 0.007554 0.007332 0.007112 0.006895 0.006680 0.006468 0.006258 0.006052 0.005848 0.005646 0.005448 0.005253 0.005060 0.004871 0.004685 0.004502 0.004321 0.004144 0.003970 0.003800 0.003632 0.003467 0.003306 0.003147 0.002992 0.002840 0.002690 0.002544 0.002401 0.002260 0.002123 0.001989 0.001857 0.001728 0.001603 0.001480 0.001359 0.001242 0.001127 0.001015 0.000905
0.009996 0.009553 0.009238 0.008990 0.008771 0.008565 0.008364 0.008166 0.007969 0.007772 0.007576 0.007381 0.007187 0.006994 0.006803 0.006613 0.006425 0.006238 0.006053 0.005871 0.005690 0.005511 0.005335 0.005161 0.004990 0.004821 0.004654 0.004489 0.004328 0.004168 0.004011 0.003857 0.003705 0.003556 0.003409 0.003265 0.003124 0.002985 0.002848 0.002714 0.002583 0.002454 0.002327 0.002203 0.002081 0.001962 0.001845 0.001731 0.001619 0.001510
0.009320 0.009264 0.009146 0.009005 0.008854 0.008696 0.008534 0.008368 0.008200 0.008031 0.007860 0.007689 0.007518 0.007346 0.007176 0.007006 0.006837 0.006669 0.006502 0.006336 0.006172 0.006010 0.005849 0.005689 0.005531 0.005375 0.005221 0.005069 0.004919 0.004770 0.004623 0.004479 0.004336 0.004195 0.004057 0.003920 0.003786 0.003653 0.003523 0.003394 0.003268 0.003144 0.003022 0.002902 0.002784 0.002668 0.002554 0.002442 0.002332 0.002224
0.009079 0.009192 0.009197 0.009131 0.009026 0.008901 0.008765 0.008622 0.008475 0.008326 0.008176 0.008024 0.007873 0.007721 0.007570 0.007419 0.007269 0.007119 0.006970 0.006822 0.006675 0.006529 0.006384 0.006240 0.006098 0.005956 0.005816 0.005677 0.005540 0.005404 0.005269 0.005136 0.005004 0.004874 0.004745 0.004618 0.004493 0.004369 0.004246 0.004126 0.004006 0.003889 0.003773 0.003659 0.003546 0.003435 0.003326 0.003219 0.003113 0.003008
0.009653 0.009654 0.009556 0.009436 0.009309 0.009177 0.009044 0.008908 0.008772 0.008637 0.008501 0.008365 0.008231 0.008096 0.007962 0.007829 0.007697 0.007565 0.007433 0.007303 0.007173 0.007044 0.006915 0.006787 0.006660 0.006534 0.006409 0.006285 0.006161 0.006039 0.005917 0.005797 0.005677 0.005559 0.005441 0.005325 0.005210 0.005096 0.004983 0.004872 0.004761 0.004652 0.004544 0.004437 0.004332 0.004227 0.004124 0.004023 0.003922 0.003823
0.010898 0.010275 0.009970 0.009765 0.009597 0.009448 0.009309 0.009177 0.009048 0.008924 0.008801 0.008681 0.008562 0.008444 0.008327 0.008211 0.008096 0.007982 0.007868 0.007754 0.007641 0.007529 0.007417 0.007306 0.007195 0.007084 0.006974 0.006865 0.006756 0.006648 0.006540 0.006433 0.006326 0.006221 0.006116 0.006011 0.005907 0.005804 0.005702 0.005601 0.005500 0.005400 0.005302 0.005203 0.005106 0.005010 0.004915 0.004820 0.004727 0.004634
0.010056 0.010175 0.010055 0.009899 0.009749 0.009612 0.009485 0.009367 0.009254 0.009146 0.009040 0.008938 0.008837 0.008737 0.008639 0.008541 0.008444 0.008347 0.008251 0.008155 0.008059 0.007964 0.007869 0.007774 0.007679 0.007584 0.007490 0.007396 0.007302 0.007208 0.007115 0.007021 0.006928 0.006836 0.006744 0.006652 0.006560 0.006469 0.006378 0.006288 0.006198 0.006108 0.006020 0.005931 0.005843 0.005756 0.005670 0.005583 0.005498 0.005413
0.010425 0.010095 0.009939 0.009824 0.009722 0.009625 0.009533 0.009445 0.009359 0.009276 0.009195 0.009115 0.009035 0.008957 0.008878 0.008800 0.008722 0.008644 0.008567 0.008489 0.008411 0.008332 0.008254 0.008176 0.008097 0.008019 0.007940 0.007861 0.007782 0.007703 0.007624 0.007545 0.007466 0.007387 0.007307 0.007228 0.007149 0.007070 0.006992 0.006913 0.006834 0.006756 0.006678 0.006600 0.006522 0.006444 0.006367 0.006290 0.006214 0.006137
0.009556 0.009610 0.009611 0.009588 0.009553 0.009511 0.009465 0.009417 0.009366 0.009314 0.009261 0.009206 0.009151 0.009095 0.009038 0.008981 0.008923 0.008864 0.008805 0.008745 0.008685 0.008624 0.008563 0.008501 0.008439 0.008376 0.008313 0.008250 0.008186 0.008121 0.008057 0.007992 0.007927 0.007861 0.007795 0.007729 0.007663 0.007597 0.007530 0.007463 0.007396 0.007329 0.007262 0.007195 0.007127 0.007060 0.006993 0.006926 0.006858 0.006791
0.008964 0.009211 0.009290 0.009321 0.009334 0.009336 0.009330 0.009318 0.009300 0.009277 0.009251 0.009222 0.009190 0.009156 0.009120 0.009083 0.009045 0.009005 0.008965 0.008923 0.008880 0.008836 0.008792 0.008747 0.008700 0.008654 0.008606 0.008558 0.008509 0.008459 0.008409 0.008358 0.008306 0.008254 0.008202 0.008149 0.008095 0.008041 0.007987 0.007932 0.007876 0.007821 0.007765 0.007709 0.007652 0.007595 0.007538 0.007481 0.007423 0.007365
0.009420 0.009120 0.009078 0.009099 0.009130 0.009156 0.009174 0.009185 0.009190 0.009190 0.009185 0.009176 0.009164 0.009150 0.009134 0.009116 0.009096 0.009074 0.009051 0.009026 0.009000 0.008973 0.008945 0.008916 0.008885 0.008853 0.008821 0.008787 0.008753 0.008717 0.008681 0.008643 0.008605 0.008566 0.008527 0.008486 0.008445 0.008403 0.008361 0.008318 0.008274 0.008229 0.008184 0.008139 0.008093 0.008046 0.007999 0.007952 0.007904 0.007856
0.008394 0.008700 0.008829 0.008904 0.008954 0.008991 0.009018 0.009039 0.009055 0.009068 0.009078 0.009085 0.009090 0.009092 0.009092 0.009091 0.009087 0.009082 0.009075 0.009067 0.009056 0.009045 0.009032 0.009017 0.009001 0.008984 0.008966 0.008946 0.008925 0.008903 0.008879 0.008855 0.008830 0.008803 0.008776 0.008747 0.008718 0.008687 0.008656 0.008624 0.008591 0.008558 0.008523 0.008488 0.008452 0.008416 0.008379 0.008341 0.008303 0.008264
0.008516 0.008626 0.008723 0.008777 0.008809 0.008833 0.008855 0.008878 0.008900 0.008921 0.008942 0.008962 0.008980 0.008997 0.009012 0.009025 0.009036 0.009045 0.009053 0.009059 0.009063 0.009065 0.009066 0.009065 0.009062 0.009058 0.009052 0.009045 0.009036 0.009026 0.009015 0.009002 0.008988 0.008973 0.008957 0.008939 0.008921 0.008901 0.008881 0.008859 0.008836 0.008813 0.008788 0.008763 0.008737 0.008710 0.008682 0.008653 0.008624 0.008594
0.008605 0.008736 0.008687 0.008648 0.008637 0.008645 0.008666 0.008693 0.008725 0.008757 0.008790 0.008822 0.008853 0.008883 0.008911 0.008937 0.008961 0.008983 0.009003 0.009021 0.009037 0.009051 0.009063 0.009074 0.009082 0.009089 0.009095 0.009098 0.009100 0.009101 0.009100 0.009097 0.009094 0.009089 0.009082 0.009074 0.009065 0.009055 0.009044 0.009032 0.009018 0.009004 0.008988 0.008972 0.008954 0.008936 0.008917 0.008897 0.008876 0.008854
0.009603 0.008672 0.008416 0.008359 0.008370 0.008405 0.008449 0.008498 0.008547 0.008595 0.008642 0.008688 0.008731 0.008772 0.008811 0.008847 0.008881 0.008913 0.008943 0.008971 0.008996 0.009020 0.009041 0.009061 0.009078 0.009094 0.009108 0.009120 0.009131 0.009140 0.009148 0.009154 0.009158 0.009162 0.009163 0.009164 0.009163 0.009161 0.009158 0.009153 0.009148 0.009141 0.009133 0.009125 0.009115 0.009104 0.009093 0.009080 0.009066 0.009052
0.006452 0.007396 0.007760 0.007950 0.008078 0.008177 0.008262 0.008338 0.008407 0.008470 0.008530 0.008585 0.008637 0.008686 0.008733 0.008776 0.008817 0.008856 0.008892 0.008926 0.008957 0.008987 0.009014 0.009040 0.009064 0.009086 0.009106 0.009125 0.009142 0.009157 0.009171 0.009183 0.009194 0.009204 0.009212 0.009219 0.009225 0.009229 0.009233 0.009235 0.009236 0.009236 0.009235 0.009232 0.009229 0.009225 0.009220 0.009214 0.009206 0.009199
0.007091 0.007366 0.007628 0.007824 0.007972 0.008089 0.008187 0.008272 0.008347 0.008416 0.008479 0.008537 0.008592 0.008644 0.008692 0.008738 0.008781 0.008822 0.008860 0.008896 0.008931 0.008963 0.008994 0.009022 0.009049 0.009075 0.009099 0.009121 0.009142 0.009162 0.009180 0.009196 0.009212 0.009226 0.009239 0.009251 0.009261 0.009271 0.009279 0.009286 0.009292 0.009297 0.009301 0.009304 0.009307 0.009308 0.009308 0.009307 0.009305 0.009303
0.008108 0.007968 0.007972 0.008030 0.008104 0.008180 0.008252 0.008320 0.008384 0.008443 0.008499 0.008552 0.008602 0.008649 0.008694 0.008737 0.008777 0.008816 0.008853 0.008888 0.008921 0.008953 0.008984 0.009013 0.009041 0.009067 0.009092 0.009116 0.009139 0.009160 0.009181 0.009200 0.009218 0.009235 0.009251 0.009266 0.009280 0.009293 0.009305 0.009316 0.009326 0.009335 0.009343 0.009350 0.009356 0.009361 0.009366 0.009369 0.009372 0.009374
0.008407 0.008363 0.008330 0.008324 0.008340 0.008371 0.008409 0.008450 0.008493 0.008535 0.008576 0.008616 0.008655 0.008693 0.008730 0.008765 0.008800 0.008833 0.008865 0.008896 0.008926 0.008956 0.008984 0.009011 0.009038 0.009063 0.009088 0.009112 0.009135 0.009157 0.009178 0.009199 0.009218 0.009237 0.009254 0.009271 0.009287 0.009302 0.009317 0.009330 0.009343 0.009355 0.009365 0.009376 0.009385 0.009394 0.009401 0.009408 0.009414 0.009420
0.008548 0.008560 0.008553 0.008551 0.008555 0.008567 0.008584 0.008604 0.008627 0.008651 0.008676 0.008702 0.008728 0.008754 0.008781 0.008807 0.008834 0.008860 0.008886 0.008912 0.008938 0.008964 0.008989 0.009014 0.009038 0.009062 0.009085 0.009108 0.009130 0.009152 0.009173 0.009194 0.009214 0.009233 0.009251 0.009269 0.009287 0.009303 0.009319 0.009334 0.009349 0.009362 0.009375 0.009388 0.009399 0.009410 0.009420 0.009430 0.009439 0.009447
0.008703 0.008663 0.008678 0.008696 0.008707 0.008715 0.008722 0.008729 0.008737 0.008747 0.008759 0.008773 0.008788 0.008805 0.008823 0.008842 0.008861 0.008882 0.008903 0.008925 0.008947 0.008969 0.008991 0.009013 0.009036 0.009058 0.009080 0.009102 0.009123 0.009144 0.009165 0.009185 0.009205 0.009225 0.009244 0.009263 0.009280 0.009298 0.009315 0.009331 0.009347 0.009362 0.009376 0.009390 0.009404 0.009416 0.009428 0.009440 0.009450 0.009461
0.008506 0.008693 0.008763 0.008788 0.008794 0.008793 0.008790 0.008788 0.008787 0.008789 0.008794 0.008801 0.008810 0.008822 0.008835 0.008850 0.008867 0.008884 0.008903 0.008922 0.008942 0.008963 0.008984 0.009005 0.009026 0.009048 0.009069 0.009090 0.009112 0.009133 0.009153 0.009174 0.009194 0.009214 0.009233 0.009252 0.009271 0.009289 0.009306 0.009324 0.009340 0.009356 0.009372 0.009387 0.009401 0.009415 0.009429 0.009441 0.009454 0.009465
0.008915 0.008890 0.008849 0.008815 0.008790 0.008772 0.008761 0.008755 0.008753 0.008755 0.008761 0.008769 0.008780 0.008793 0.008808 0.008824 0.008842 0.008860 0.008880 0.008900 0.008921 0.008943 0.008964 0.008986 0.009008 0.009030 0.009052 0.009074 0.009095 0.009117 0.009138 0.009159 0.009180 0.009200 0.009220 0.009239 0.009258 0.009277 0.009296 0.009313 0.009331 0.009348 0.009364 0.009380 0.009395 0.009410 0.009425 0.009438 0.009452 0.009465
0.009228 0.008876 0.008733 0.008667 0.008635 0.008621 0.008618 0.008623 0.008633 0.008646 0.008662 0.008680 0.008700 0.008721 0.008743 0.008766 0.008789 0.008813 0.008837 0.008861 0.008885 0.008909 0.008934 0.008958 0.008982 0.009006 0.009029 0.009052 0.009075 0.009098 0.009120 0.009142 0.009163 0.009185 0.009205 0.009226 0.009245 0.009265 0.009284 0.009302 0.009320 0.009338 0.009355 0.009372 0.009388 0.009403 0.009419 0.009433 0.009447 0.009461
0.008031 0.008223 0.008278 0.008305 0.008330 0.008358 0.008388 0.008421 0.008455 0.008489 0.008524 0.008558 0.008592 0.008625 0.008658 0.008690 0.008722 0.008753 0.008783 0.008813 0.008842 0.008871 0.008899 0.008926 0.008953 0.008979 0.009005 0.009030 0.009055 0.009079 0.009102 0.009125 0.009148 0.009170 0.009192 0.009213 0.009233 0.009253 0.009273 0.009292 0.009311 0.009329 0.009347 0.009364 0.009380 0.009397 0.009412 0.009428 0.009442 0.009457
0.007620 0.007700 0.007811 0.007911 0.007999 0.008078 0.008150 0.008216 0.008278 0.008336 0.008390 0.008441 0.008490 0.008535 0.008579 0.008621 0.008661 0.008699 0.008735 0.008770 0.008804 0.008837 0.008868 0.008899 0.008928 0.008957 0.008984 0.009011 0.009038 0.009063 0.009088 0.009112 0.009136 0.009159 0.009181 0.009203 0.009224 0.009245 0.009265 0.009284 0.009303 0.009322 0.009340 0.009358 0.009375 0.009391 0.009407 0.009423 0.009438 0.009453
0.007182 0.007367 0.007524 0.007664 0.007789 0.007900 0.007998 0.008087 0.008167 0.008241 0.008308 0.008370 0.008427 0.008481 0.008532 0.008579 0.008624 0.008666 0.008706 0.008745 0.008781 0.008817 0.008850 0.008883 0.008914 0.008944 0.008973 0.009001 0.009028 0.009054 0.009080 0.009105 0.009129 0.009152 0.009175 0.009197 0.009219 0.009240 0.009260 0.009280 0.009299 0.009318 0.009336 0.009354 0.009372 0.009388 0.009405 0.009420 0.009436 0.009451
