0.032502 0.037531 0.041507 0.044687 0.047181 0.049047 0.050319 0.051021 0.051172 0.050788 0.049882 0.048466 0.046547 0.044132 0.041226 0.037830 0.033942 0.029562 0.024684 0.019307 0.013433 0.007090 0.000488 0.000001 0.000001 0.000001 0.000001 0.000001 0.000001 0.000001 0.000001 0.000001 0.000001 0.000001 0.000001 0.000001 0.000001 0.000001 0.000001 0.000001 0.000001 0.000001 0.000001 0.000001 0.000001 0.000001 0.000001 0.000001 0.000001 0.000001
0.033589 0.037413 0.040865 0.043769 0.046076 0.047787 0.048917 0.049484 0.049505 0.048995 0.047967 0.046432 0.044397 0.041870 0.038853 0.035348 0.031353 0.026869 0.021896 0.016447 0.010560 0.004378 0.000001 0.000001 0.000001 0.000001 0.000001 0.000001 0.000001 0.000001 0.000001 0.000001 0.000001 0.000001 0.000001 0.000001 0.000001 0.000001 0.000001 0.000001 0.000001 0.000001 0.000001 0.000001 0.000001 0.000001 0.000001 0.000001 0.000001 0.000001
0.033759 0.036963 0.039917 0.042383 0.044301 0.045660 0.046466 0.046730 0.046467 0.045688 0.044403 0.042621 0.040349 0.037592 0.034350 0.030624 0.026418 0.021739 0.016614 0.011113 0.005432 0.000323 0.000001 0.000001 0.000001 0.000001 0.000001 0.000001 0.000001 0.000001 0.000001 0.000001 0.000001 0.000001 0.000001 0.000001 0.000001 0.000001 0.000001 0.000001 0.000001 0.000001 0.000001 0.000001 0.000001 0.000001 0.000001 0.000001 0.000001 0.000001
0.032999 0.036590 0.039118 0.040996 0.042325 0.043129 0.043421 0.043209 0.042500 0.041301 0.039621 0.037462 0.034828 0.031721 0.028140 0.024091 0.019592 0.014697 0.009537 0.004409 0.000043 0.000001 0.000001 0.000001 0.000001 0.000001 0.000001 0.000001 0.000001 0.000001 0.000001 0.000001 0.000001 0.000001 0.000001 0.000001 0.000001 0.000001 0.000001 0.000001 0.000001 0.000001 0.000001 0.000001 0.000001 0.000001 0.000001 0.000001 0.000001 0.000001
0.035637 0.037181 0.038671 0.039746 0.040345 0.040463 0.040109 0.039289 0.038007 0.036268 0.034074 0.031425 0.028320 0.024759 0.020747 0.016318 0.011569 0.006720 0.002371 0.000001 0.000001 0.000001 0.000001 0.000001 0.000001 0.000001 0.000001 0.000001 0.000001 0.000001 0.000001 0.000001 0.000001 0.000001 0.000001 0.000001 0.000001 0.000001 0.000001 0.000001 0.000001 0.000001 0.000001 0.000001 0.000001 0.000001 0.000001 0.000001 0.000001 0.000001
0.035101 0.037129 0.038124 0.038492 0.038349 0.037741 0.036688 0.035198 0.033278 0.030928 0.028148 0.024935 0.021284 0.017203 0.012743 0.008094 0.003692 0.000014 0.000001 0.000001 0.000001 0.000001 0.000001 0.000001 0.000001 0.000001 0.000001 0.000001 0.000001 0.000001 0.000001 0.000001 0.000001 0.000001 0.000001 0.000001 0.000001 0.000001 0.000001 0.000001 0.000001 0.000001 0.000001 0.000001 0.000001 0.000001 0.000001 0.000001 0.000001 0.000001
0.037918 0.037900 0.037755 0.037241 0.036316 0.034977 0.033227 0.031069 0.028504 0.025529 0.022141 0.018335 0.014112 0.009550 0.004951 0.001086 0.000001 0.000001 0.000001 0.000001 0.000001 0.000001 0.000001 0.000001 0.000001 0.000001 0.000001 0.000001 0.000001 0.000001 0.000001 0.000001 0.000001 0.000001 0.000001 0.000001 0.000001 0.000001 0.000001 0.000001 0.000001 0.000001 0.000001 0.000001 0.000001 0.000001 0.000001 0.000001 0.000001 0.000001
0.038365 0.037978 0.037087 0.035819 0.034186 0.032178 0.029787 0.027008 0.023835 0.020262 0.016284 0.011897 0.007182 0.002687 0.000001 0.000001 0.000001 0.000001 0.000001 0.000001 0.000001 0.000001 0.000001 0.000001 0.000001 0.000001 0.000001 0.000001 0.000001 0.000001 0.000001 0.000001 0.000001 0.000001 0.000001 0.000001 0.000001 0.000001 0.000001 0.000001 0.000001 0.000001 0.000001 0.000001 0.000001 0.000001 0.000001 0.000001 0.000001 0.000001
0.039124 0.037628 0.036041 0.034184 0.031987 0.029423 0.026479 0.023148 0.019425 0.015302 0.010773 0.005881 0.001314 0.000001 0.000001 0.000001 0.000001 0.000001 0.000001 0.000001 0.000001 0.000001 0.000001 0.000001 0.000001 0.000001 0.000001 0.000001 0.000001 0.000001 0.000001 0.000001 0.000001 0.000001 0.000001 0.000001 0.000001 0.000001 0.000001 0.000001 0.000001 0.000001 0.000001 0.000001 0.000001 0.000001 0.000001 0.000001 0.000001 0.000001
0.037610 0.036427 0.034730 0.032550 0.029933 0.026905 0.023478 0.019656 0.015435 0.010809 0.005777 0.000882 0.000001 0.000001 0.000001 0.000001 0.000001 0.000001 0.000001 0.000001 0.000001 0.000001 0.000001 0.000001 0.000001 0.000001 0.000001 0.000001 0.000001 0.000001 0.000001 0.000001 0.000001 0.000001 0.000001 0.000001 0.000001 0.000001 0.000001 0.000001 0.000001 0.000001 0.000001 0.000001 0.000001 0.000001 0.000001 0.000001 0.000001 0.000001
0.037221 0.036112 0.034056 0.031422 0.028337 0.024845 0.020958 0.016676 0.011994 0.006901 0.001551 0.000001 0.000001 0.000001 0.000001 0.000001 0.000001 0.000001 0.000001 0.000001 0.000001 0.000001 0.000001 0.000001 0.000001 0.000001 0.000001 0.000001 0.000001 0.000001 0.000001 0.000001 0.000001 0.000001 0.000001 0.000001 0.000001 0.000001 0.000001 0.000001 0.000001 0.000001 0.000001 0.000001 0.000001 0.000001 0.000001 0.000001 0.000001 0.000001
0.040960 0.037493 0.034265 0.030904 0.027273 0.023309 0.018981 0.014268 0.009154 0.003627 0.000001 0.000001 0.000001 0.000001 0.000001 0.000001 0.000001 0.000001 0.000001 0.000001 0.000001 0.000001 0.000001 0.000001 0.000001 0.000001 0.000001 0.000001 0.000001 0.000001 0.000001 0.000001 0.000001 0.000001 0.000001 0.000001 0.000001 0.000001 0.000001 0.000001 0.000001 0.000001 0.000001 0.000001 0.000001 0.000001 0.000001 0.000001 0.000001 0.000001
0.040808 0.037644 0.034206 0.030516 0.026525 0.022191 0.017483 0.012383 0.006875 0.000987 0.000001 0.000001 0.000001 0.000001 0.000001 0.000001 0.000001 0.000001 0.000001 0.000001 0.000001 0.000001 0.000001 0.000001 0.000001 0.000001 0.000001 0.000001 0.000001 0.000001 0.000001 0.000001 0.000001 0.000001 0.000001 0.000001 0.000001 0.000001 0.000001 0.000001 0.000001 0.000001 0.000001 0.000001 0.000001 0.000001 0.000001 0.000001 0.000001 0.000001
0.040664 0.037406 0.033992 0.030200 0.025996 0.021379 0.016350 0.010907 0.005041 0.000001 0.000001 0.000001 0.000001 0.000001 0.000001 0.000001 0.000001 0.000001 0.000001 0.000001 0.000001 0.000001 0.000001 0.000001 0.000001 0.000001 0.000001 0.000001 0.000001 0.000001 0.000001 0.000001 0.000001 0.000001 0.000001 0.000001 0.000001 0.000001 0.000001 0.000001 0.000001 0.000001 0.000001 0.000001 0.000001 0.000001 0.000001 0.000001 0.000001 0.000001
0.039220 0.037235 0.034017 0.030101 0.025662 0.020767 0.015439 0.009685 0.003501 0.000001 0.000001 0.000001 0.000001 0.000001 0.000001 0.000001 0.000001 0.000001 0.000001 0.000001 0.000001 0.000001 0.000001 0.000001 0.000001 0.000001 0.000001 0.000001 0.000001 0.000001 0.000001 0.000001 0.000001 0.000001 0.000001 0.000001 0.000001 0.000001 0.000001 0.000001 0.000001 0.000001 0.000001 0.000001 0.000001 0.000001 0.000001 0.000001 0.000001 0.000001
0.042562 0.038558 0.034520 0.030145 0.025372 0.020188 0.014589 0.008569 0.002116 0.000001 0.000001 0.000001 0.000001 0.000001 0.000001 0.000001 0.000001 0.000001 0.000001 0.000001 0.000001 0.000001 0.000001 0.000001 0.000001 0.000001 0.000001 0.000001 0.000001 0.000001 0.000001 0.000001 0.000001 0.000001 0.000001 0.000001 0.000001 0.000001 0.000001 0.000001 0.000001 0.000001 0.000001 0.000001 0.000001 0.000001 0.000001 0.000001 0.000001 0.000001
0.042516 0.038755 0.034520 0.029904 0.024908 0.019516 0.013715 0.007489 0.000827 0.000001 0.000001 0.000001 0.000001 0.000001 0.000001 0.000001 0.000001 0.000001 0.000001 0.000001 0.000001 0.000001 0.000001 0.000001 0.000001 0.000001 0.000001 0.000001 0.000001 0.000001 0.000001 0.000001 0.000001 0.000001 0.000001 0.000001 0.000001 0.000001 0.000001 0.000001 0.000001 0.000001 0.000001 0.000001 0.000001 0.000001 0.000001 0.000001 0.000001 0.000001
0.042546 0.038584 0.034222 0.029491 0.024370 0.018840 0.012889 0.006503 0.000001 0.000001 0.000001 0.000001 0.000001 0.000001 0.000001 0.000001 0.000001 0.000001 0.000001 0.000001 0.000001 0.000001 0.000001 0.000001 0.000001 0.000001 0.000001 0.000001 0.000001 0.000001 0.000001 0.000001 0.000001 0.000001 0.000001 0.000001 0.000001 0.000001 0.000001 0.000001 0.000001 0.000001 0.000001 0.000001 0.000001 0.000001 0.000001 0.000001 0.000001 0.000001
0.043306 0.038691 0.034151 0.029290 0.024031 0.018358 0.012258 0.005722 0.000001 0.000001 0.000001 0.000001 0.000001 0.000001 0.000001 0.000001 0.000001 0.000001 0.000001 0.000001 0.000001 0.000001 0.000001 0.000001 0.000001 0.000001 0.000001 0.000001 0.000001 0.000001 0.000001 0.000001 0.000001 0.000001 0.000001 0.000001 0.000001 0.000001 0.000001 0.000001 0.000001 0.000001 0.000001 0.000001 0.000001 0.000001 0.000001 0.000001 0.000001 0.000001
0.041990 0.038805 0.034380 0.029386 0.023961 0.018127 0.011877 0.005194 0.000001 0.000001 0.000001 0.000001 0.000001 0.000001 0.000001 0.000001 0.000001 0.000001 0.000001 0.000001 0.000001 0.000001 0.000001 0.000001 0.000001 0.000001 0.000001 0.000001 0.000001 0.000001 0.000001 0.000001 0.000001 0.000001 0.000001 0.000001 0.000001 0.000001 0.000001 0.000001 0.000001 0.000001 0.000001 0.000001 0.000001 0.000001 0.000001 0.000001 0.000001 0.000001
0.045237 0.039771 0.034747 0.029536 0.023982 0.018036 0.011676 0.004882 0.000001 0.000001 0.000001 0.000001 0.000001 0.000001 0.000001 0.000001 0.000001 0.000001 0.000001 0.000001 0.000001 0.000001 0.000001 0.000001 0.000001 0.000001 0.000001 0.000001 0.000001 0.000001 0.000001 0.000001 0.000001 0.000001 0.000001 0.000001 0.000001 0.000001 0.000001 0.000001 0.000001 0.000001 0.000001 0.000001 0.000001 0.000001 0.000001 0.000001 0.000001 0.000001
0.042876 0.039100 0.034545 0.029477 0.023958 0.017998 0.011594 0.004737 0.000001 0.000001 0.000001 0.000001 0.000001 0.000001 0.000001 0.000001 0.000001 0.000001 0.000001 0.000001 0.000001 0.000001 0.000001 0.000001 0.000001 0.000001 0.000001 0.000001 0.000001 0.000001 0.000001 0.000001 0.000001 0.000001 0.000001 0.000001 0.000001 0.000001 0.000001 0.000001 0.000001 0.000001 0.000001 0.000001 0.000001 0.000001 0.000001 0.000001 0.000001 0.000001
0.042799 0.039001 0.034526 0.029520 0.024031 0.018074 0.011648 0.004750 0.000001 0.000001 0.000001 0.000001 0.000001 0.000001 0.000001 0.000001 0.000001 0.000001 0.000001 0.000001 0.000001 0.000001 0.000001 0.000001 0.000001 0.000001 0.000001 0.000001 0.000001 0.000001 0.000001 0.000001 0.000001 0.000001 0.000001 0.000001 0.000001 0.000001 0.000001 0.000001 0.000001 0.000001 0.000001 0.000001 0.000001 0.000001 0.000001 0.000001 0.000001 0.000001
0.044369 0.039706 0.034967 0.029860 0.024319 0.018322 0.011858 0.004915 0.000001 0.000001 0.000001 0.000001 0.000001 0.000001 0.000001 0.000001 0.000001 0.000001 0.000001 0.000001 0.000001 0.000001 0.000001 0.000001 0.000001 0.000001 0.000001 0.000001 0.000001 0.000001 0.000001 0.000001 0.000001 0.000001 0.000001 0.000001 0.000001 0.000001 0.000001 0.000001 0.000001 0.000001 0.000001 0.000001 0.000001 0.000001 0.000001 0.000001 0.000001 0.000001
0.044197 0.040165 0.035466 0.030311 0.024716 0.018671 0.012162 0.005174 0.000001 0.000001 0.000001 0.000001 0.000001 0.000001 0.000001 0.000001 0.000001 0.000001 0.000001 0.000001 0.000001 0.000001 0.000001 0.000001 0.000001 0.000001 0.000001 0.000001 0.000001 0.000001 0.000001 0.000001 0.000001 0.000001 0.000001 0.000001 0.000001 0.000001 0.000001 0.000001 0.000001 0.000001 0.000001 0.000001 0.000001 0.000001 0.000001 0.000001 0.000001 0.000001
0.045003 0.040520 0.035779 0.030626 0.025029 0.018973 0.012448 0.005442 0.000001 0.000001 0.000001 0.000001 0.000001 0.000001 0.000001 0.000001 0.000001 0.000001 0.000001 0.000001 0.000001 0.000001 0.000001 0.000001 0.000001 0.000001 0.000001 0.000001 0.000001 0.000001 0.000001 0.000001 0.000001 0.000001 0.000001 0.000001 0.000001 0.000001 0.000001 0.000001 0.000001 0.000001 0.000001 0.000001 0.000001 0.000001 0.000001 0.000001 0.000001 0.000001
0.044367 0.040282 0.035717 0.030670 0.025143 0.019139 0.012651 0.005673 0.000001 0.000001 0.000001 0.000001 0.000001 0.000001 0.000001 0.000001 0.000001 0.000001 0.000001 0.000001 0.000001 0.000001 0.000001 0.000001 0.000001 0.000001 0.000001 0.000001 0.000001 0.000001 0.000001 0.000001 0.000001 0.000001 0.000001 0.000001 0.000001 0.000001 0.000001 0.000001 0.000001 0.000001 0.000001 0.000001 0.000001 0.000001 0.000001 0.000001 0.000001 0.000001
0.043123 0.039696 0.035393 0.030509 0.025109 0.019211 0.012817 0.005922 0.000001 0.000001 0.000001 0.000001 0.000001 0.000001 0.000001 0.000001 0.000001 0.000001 0.000001 0.000001 0.000001 0.000001 0.000001 0.000001 0.000001 0.000001 0.000001 0.000001 0.000001 0.000001 0.000001 0.000001 0.000001 0.000001 0.000001 0.000001 0.000001 0.000001 0.000001 0.000001 0.000001 0.000001 0.000001 0.000001 0.000001 0.000001 0.000001 0.000001 0.000001 0.000001
0.043888 0.039528 0.035156 0.030378 0.025120 0.019367 0.013112 0.006349 0.000001 0.000001 0.000001 0.000001 0.000001 0.000001 0.000001 0.000001 0.000001 0.000001 0.000001 0.000001 0.000001 0.000001 0.000001 0.000001 0.000001 0.000001 0.000001 0.000001 0.000001 0.000001 0.000001 0.000001 0.000001 0.000001 0.000001 0.000001 0.000001 0.000001 0.000001 0.000001 0.000001 0.000001 0.000001 0.000001 0.000001 0.000001 0.000001 0.000001 0.000001 0.000001
0.042435 0.039087 0.035037 0.030474 0.025413 0.019847 0.013772 0.007180 0.000081 0.000001 0.000001 0.000001 0.000001 0.000001 0.000001 0.000001 0.000001 0.000001 0.000001 0.000001 0.000001 0.000001 0.000001 0.000001 0.000001 0.000001 0.000001 0.000001 0.000001 0.000001 0.000001 0.000001 0.000001 0.000001 0.000001 0.000001 0.000001 0.000001 0.000001 0.000001 0.000001 0.000001 0.000001 0.000001 0.000001 0.000001 0.000001 0.000001 0.000001 0.000001
0.041804 0.038970 0.035328 0.031067 0.026248 0.020897 0.015023 0.008628 0.001707 0.000001 0.000001 0.000001 0.000001 0.000001 0.000001 0.000001 0.000001 0.000001 0.000001 0.000001 0.000001 0.000001 0.000001 0.000001 0.000001 0.000001 0.000001 0.000001 0.000001 0.000001 0.000001 0.000001 0.000001 0.000001 0.000001 0.000001 0.000001 0.000001 0.000001 0.000001 0.000001 0.000001 0.000001 0.000001 0.000001 0.000001 0.000001 0.000001 0.000001 0.000001
0.043885 0.040275 0.036593 0.032453 0.027803 0.022645 0.016980 0.010806 0.004117 0.000001 0.000001 0.000001 0.000001 0.000001 0.000001 0.000001 0.000001 0.000001 0.000001 0.000001 0.000001 0.000001 0.000001 0.000001 0.000001 0.000001 0.000001 0.000001 0.000001 0.000001 0.000001 0.000001 0.000001 0.000001 0.000001 0.000001 0.000001 0.000001 0.000001 0.000001 0.000001 0.000001 0.000001 0.000001 0.000001 0.000001 0.000001 0.000001 0.000001 0.000001
0.044598 0.041945 0.038384 0.034356 0.029892 0.024970 0.019574 0.013688 0.007301 0.000626 0.000001 0.000001 0.000001 0.000001 0.000001 0.000001 0.000001 0.000001 0.000001 0.000001 0.000001 0.000001 0.000001 0.000001 0.000001 0.000001 0.000001 0.000001 0.000001 0.000001 0.000001 0.000001 0.000001 0.000001 0.000001 0.000001 0.000001 0.000001 0.000001 0.000001 0.000001 0.000001 0.000001 0.000001 0.000001 0.000001 0.000001 0.000001 0.000001 0.000001
0.046183 0.042893 0.039701 0.036136 0.032117 0.027624 0.022648 0.017178 0.011205 0.004728 0.000001 0.000001 0.000001 0.000001 0.000001 0.000001 0.000001 0.000001 0.000001 0.000001 0.000001 0.000001 0.000001 0.000001 0.000001 0.000001 0.000001 0.000001 0.000001 0.000001 0.000001 0.000001 0.000001 0.000001 0.000001 0.000001 0.000001 0.000001 0.000001 0.000001 0.000001 0.000001 0.000001 0.000001 0.000001 0.000001 0.000001 0.000001 0.000001 0.000001
0.043811 0.042620 0.040505 0.037743 0.034410 0.030540 0.026146 0.021231 0.015794 0.009828 0.003488 0.000001 0.000001 0.000001 0.000001 0.000001 0.000001 0.000001 0.000001 0.000001 0.000001 0.000001 0.000001 0.000001 0.000001 0.000001 0.000001 0.000001 0.000001 0.000001 0.000001 0.000001 0.000001 0.000001 0.000001 0.000001 0.000001 0.000001 0.000001 0.000001 0.000001 0.000001 0.000001 0.000001 0.000001 0.000001 0.000001 0.000001 0.000001 0.000001
0.043148 0.042885 0.041602 0.039609 0.037014 0.033851 0.030137 0.025876 0.021069 0.015714 0.009818 0.003735 0.000001 0.000001 0.000001 0.000001 0.000001 0.000001 0.000001 0.000001 0.000001 0.000001 0.000001 0.000001 0.000001 0.000001 0.000001 0.000001 0.000001 0.000001 0.000001 0.000001 0.000001 0.000001 0.000001 0.000001 0.000001 0.000001 0.000001 0.000001 0.000001 0.000001 0.000001 0.000001 0.000001 0.000001 0.000001 0.000001 0.000001 0.000001
0.045799 0.044418 0.043327 0.041938 0.040064 0.037647 0.034669 0.031123 0.027010 0.022328 0.017077 0.011290 0.005315 0.000296 0.000001 0.000001 0.000001 0.000001 0.000001 0.000001 0.000001 0.000001 0.000001 0.000001 0.000001 0.000001 0.000001 0.000001 0.000001 0.000001 0.000001 0.000001 0.000001 0.000001 0.000001 0.000001 0.000001 0.000001 0.000001 0.000001 0.000001 0.000001 0.000001 0.000001 0.000001 0.000001 0.000001 0.000001 0.000001 0.000001
0.043308 0.044425 0.044715 0.044362 0.043402 0.041836 0.039665 0.036892 0.033520 0.029554 0.024998 0.019857 0.014180 0.008226 0.002858 0.000001 0.000001 0.000001 0.000001 0.000001 0.000001 0.000001 0.000001 0.000001 0.000001 0.000001 0.000001 0.000001 0.000001 0.000001 0.000001 0.000001 0.000001 0.000001 0.000001 0.000001 0.000001 0.000001 0.000001 0.000001 0.000001 0.000001 0.000001 0.000001 0.000001 0.000001 0.000001 0.000001 0.000001 0.000001
0.041510 0.044268 0.045963 0.046812 0.046903 0.046284 0.044985 0.043027 0.040429 0.037205 0.033366 0.028924 0.023889 0.018311 0.012365 0.006468 0.001524 0.000001 0.000001 0.000001 0.000001 0.000001 0.000001 0.000001 0.000001 0.000001 0.000001 0.000001 0.000001 0.000001 0.000001 0.000001 0.000001 0.000001 0.000001 0.000001 0.000001 0.000001 0.000001 0.000001 0.000001 0.000001 0.000001 0.000001 0.000001 0.000001 0.000001 0.000001 0.000001 0.000001
0.040867 0.044623 0.047507 0.049482 0.050603 0.050927 0.050499 0.049358 0.047534 0.045052 0.041934 0.038196 0.033851 0.028917 0.023430 0.017494 0.011371 0.005574 0.000750 0.000001 0.000001 0.000001 0.000001 0.000001 0.000001 0.000001 0.000001 0.000001 0.000001 0.000001 0.000001 0.000001 0.000001 0.000001 0.000001 0.000001 0.000001 0.000001 0.000001 0.000001 0.000001 0.000001 0.000001 0.000001 0.000001 0.000001 0.000001 0.000001 0.000001 0.000001
0.041345 0.046002 0.049731 0.052578 0.054560 0.055714 0.056082 0.055705 0.054618 0.052853 0.050435 0.047388 0.043728 0.039473 0.034638 0.029251 0.023379 0.017155 0.010862 0.005104 0.000292 0.000001 0.000001 0.000001 0.000001 0.000001 0.000001 0.000001 0.000001 0.000001 0.000001 0.000001 0.000001 0.000001 0.000001 0.000001 0.000001 0.000001 0.000001 0.000001 0.000001 0.000001 0.000001 0.000001 0.000001 0.000001 0.000001 0.000001 0.000001 0.000001
0.042522 0.047823 0.052331 0.055915 0.058614 0.060475 0.061541 0.061853 0.061445 0.060351 0.058600 0.056216 0.053221 0.049634 0.045470 0.040745 0.035481 0.029714 0.023528 0.017072 0.010627 0.004871 0.000042 0.000001 0.000001 0.000001 0.000001 0.000001 0.000001 0.000001 0.000001 0.000001 0.000001 0.000001 0.000001 0.000001 0.000001 0.000001 0.000001 0.000001 0.000001 0.000001 0.000001 0.000001 0.000001 0.000001 0.000001 0.000001 0.000001 0.000001
0.042578 0.049593 0.054894 0.059121 0.062442 0.064925 0.066615 0.067551 0.067767 0.067298 0.066173 0.064419 0.062060 0.059118 0.055609 0.051551 0.046956 0.041841 0.036231 0.030169 0.023744 0.017117 0.010562 0.004799 0.000001 0.000001 0.000001 0.000001 0.000001 0.000001 0.000001 0.000001 0.000001 0.000001 0.000001 0.000001 0.000001 0.000001 0.000001 0.000001 0.000001 0.000001 0.000001 0.000001 0.000001 0.000001 0.000001 0.000001 0.000001 0.000001
0.046346 0.051738 0.057149 0.061856 0.065735 0.068790 0.071055 0.072565 0.073359 0.073470 0.072930 0.071769 0.070014 0.067686 0.064808 0.061395 0.057463 0.053025 0.048093 0.042683 0.036822 0.030556 0.023976 0.017249 0.010639 0.004876 0.000050 0.000001 0.000001 0.000001 0.000001 0.000001 0.000001 0.000001 0.000001 0.000001 0.000001 0.000001 0.000001 0.000001 0.000001 0.000001 0.000001 0.000001 0.000001 0.000001 0.000001 0.000001 0.000001 0.000001
0.044075 0.052107 0.058522 0.063875 0.068315 0.071906 0.074698 0.076734 0.078055 0.078700 0.078703 0.078095 0.076905 0.075158 0.072877 0.070082 0.066788 0.063009 0.058757 0.054042 0.048876 0.043272 0.037259 0.030882 0.024233 0.017478 0.010875 0.005117 0.000324 0.000001 0.000001 0.000001 0.000001 0.000001 0.000001 0.000001 0.000001 0.000001 0.000001 0.000001 0.000001 0.000001 0.000001 0.000001 0.000001 0.000001 0.000001 0.000001 0.000001 0.000001
0.045102 0.052756 0.059492 0.065290 0.070186 0.074232 0.077479 0.079975 0.081765 0.082890 0.083385 0.083284 0.082618 0.081413 0.079694 0.077481 0.074792 0.071642 0.068045 0.064010 0.059545 0.054660 0.049362 0.043665 0.037595 0.031198 0.024563 0.017848 0.011309 0.005554 0.000806 0.000001 0.000001 0.000001 0.000001 0.000001 0.000001 0.000001 0.000001 0.000001 0.000001 0.000001 0.000001 0.000001 0.000001 0.000001 0.000001 0.000001 0.000001 0.000001
0.045221 0.052953 0.060023 0.066161 0.071395 0.075790 0.079400 0.082278 0.084466 0.086008 0.086939 0.087294 0.087104 0.086397 0.085198 0.083528 0.081406 0.078850 0.075872 0.072483 0.068694 0.064510 0.059937 0.054981 0.049648 0.043951 0.037913 0.031577 0.025031 0.018416 0.011986 0.006226 0.001519 0.000001 0.000001 0.000001 0.000001 0.000001 0.000001 0.000001 0.000001 0.000001 0.000001 0.000001 0.000001 0.000001 0.000001 0.000001 0.000001 0.000001
0.043649 0.052931 0.060288 0.066585 0.072010 0.076636 0.080512 0.083684 0.086195 0.088085 0.089390 0.090145 0.090379 0.090122 0.089396 0.088226 0.086630 0.084625 0.082226 0.079444 0.076289 0.072770 0.068891 0.064656 0.060068 0.055130 0.049848 0.044231 0.038301 0.032098 0.025703 0.019237 0.012950 0.007176 0.002486 0.000001 0.000001 0.000001 0.000001 0.000001 0.000001 0.000001 0.000001 0.000001 0.000001 0.000001 0.000001 0.000001 0.000001 0.000001
0.047184 0.053534 0.060353 0.066601 0.072103 0.076859 0.080906 0.084286 0.087040 0.089206 0.090821 0.091915 0.092519 0.092658 0.092359 0.091641 0.090524 0.089026 0.087160 0.084940 0.082375 0.079473 0.076242 0.072684 0.068804 0.064602 0.060079 0.055235 0.050075 0.044605 0.038846 0.032832 0.026637 0.020360 0.014233 0.008454 0.003728 0.000001 0.000001 0.000001 0.000001 0.000001 0.000001 0.000001 0.000001 0.000001 0.000001 0.000001 0.000001 0.000001
0.042953 0.052562 0.059975 0.066296 0.071800 0.076584 0.080704 0.084205 0.087125 0.089499 0.091359 0.092734 0.093651 0.094136 0.094210 0.093895 0.093209 0.092168 0.090787 0.089078 0.087052 0.084718 0.082081 0.079149 0.075922 0.072405 0.068595 0.064494 0.060098 0.055409 0.050426 0.045156 0.039616 0.033834 0.027874 0.021818 0.015860 0.010138 0.005274 0.001205 0.000001 0.000001 0.000001 0.000001 0.000001 0.000001 0.000001 0.000001 0.000001 0.000001
0.047556 0.053586 0.059982 0.065907 0.071218 0.075916 0.080026 0.083578 0.086601 0.089123 0.091172 0.092773 0.093951 0.094727 0.095124 0.095159 0.094851 0.094215 0.093266 0.092015 0.090474 0.088651 0.086553 0.084186 0.081554 0.078660 0.075503 0.072084 0.068402 0.064452 0.060232 0.055741 0.050977 0.045945 0.040657 0.035138 0.029436 0.023629 0.017844 0.012269 0.007173 0.003021 0.000001 0.000001 0.000001 0.000001 0.000001 0.000001 0.000001 0.000001
0.044790 0.052855 0.059397 0.065159 0.070314 0.074915 0.078988 0.082557 0.085642 0.088269 0.090460 0.092238 0.093624 0.094640 0.095304 0.095636 0.095651 0.095365 0.094791 0.093941 0.092827 0.091455 0.089836 0.087973 0.085872 0.083535 0.080965 0.078161 0.075122 0.071846 0.068329 0.064568 0.060558 0.056295 0.051777 0.047007 0.041993 0.036755 0.031328 0.025780 0.020187 0.014744 0.009527 0.005141 0.001421 0.000001 0.000001 0.000001 0.000001 0.000001
0.046860 0.052754 0.058677 0.064197 0.069223 0.073748 0.077784 0.081350 0.084467 0.087158 0.089445 0.091349 0.092892 0.094093 0.094971 0.095543 0.095824 0.095829 0.095572 0.095064 0.094315 0.093334 0.092130 0.090707 0.089071 0.087225 0.085171 0.082911 0.080443 0.077766 0.074878 0.071774 0.068450 0.064901 0.061121 0.057104 0.052849 0.048354 0.043624 0.038676 0.033532 0.028245 0.022877 0.017550 0.012415 0.007645 0.003737 0.000296 0.000001 0.000001
0.045301 0.051894 0.057877 0.063330 0.068266 0.072706 0.076675 0.080198 0.083301 0.086007 0.088339 0.090317 0.091962 0.093293 0.094328 0.095082 0.095572 0.095811 0.095811 0.095584 0.095141 0.094489 0.093636 0.092589 0.091352 0.089929 0.088323 0.086535 0.084566 0.082414 0.080077 0.077552 0.074836 0.071922 0.068806 0.065482 0.061941 0.058179 0.054192 0.049975 0.045533 0.040873 0.036016 0.030991 0.025858 0.020675 0.015605 0.010716 0.006377 0.002770
0.045336 0.051906 0.057768 0.063024 0.067760 0.072024 0.075852 0.079269 0.082300 0.084967 0.087291 0.089292 0.090988 0.092398 0.093537 0.094421 0.095065 0.095483 0.095685 0.095682 0.095486 0.095103 0.094542 0.093808 0.092907 0.091842 0.090617 0.089233 0.087691 0.085990 0.084130 0.082107 0.079919 0.077561 0.075027 0.072313 0.069411 0.066314 0.063016 0.059508 0.055785 0.051844 0.047684 0.043308 0.038729 0.033968 0.029065 0.024074 0.019066 0.014204
0.047479 0.053189 0.058408 0.063219 0.067630 0.071649 0.075286 0.078558 0.081482 0.084075 0.086356 0.088343 0.090051 0.091499 0.092701 0.093672 0.094425 0.094974 0.095329 0.095501 0.095499 0.095332 0.095007 0.094530 0.093906 0.093139 0.092232 0.091188 0.090007 0.088689 0.087234 0.085640 0.083905 0.082024 0.079993 0.077807 0.075460 0.072946 0.070257 0.067385 0.064322 0.061061 0.057595 0.053919 0.050029 0.045926 0.041615 0.037113 0.032440 0.027642
0.048615 0.053731 0.058642 0.063219 0.067432 0.071280 0.074772 0.077923 0.080750 0.083271 0.085502 0.087461 0.089164 0.090627 0.091865 0.092893 0.093722 0.094366 0.094836 0.095141 0.095291 0.095295 0.095158 0.094888 0.094489 0.093966 0.093322 0.092559 0.091680 0.090683 0.089569 0.088337 0.086984 0.085508 0.083905 0.082171 0.080299 0.078286 0.076123 0.073803 0.071319 0.068663 0.065825 0.062799 0.059576 0.056149 0.052514 0.048668 0.044612 0.040355
0.047483 0.052962 0.058056 0.062694 0.066897 0.070698 0.074131 0.077220 0.079992 0.082467 0.084664 0.086603 0.088301 0.089774 0.091037 0.092105 0.092990 0.093706 0.094262 0.094670 0.094939 0.095076 0.095089 0.094984 0.094767 0.094443 0.094013 0.093482 0.092850 0.092119 0.091289 0.090359 0.089327 0.088191 0.086949 0.085596 0.084127 0.082539 0.080824 0.078976 0.076989 0.074854 0.072563 0.070109 0.067482 0.064673 0.061674 0.058478 0.055079 0.051470
0.045079 0.051749 0.057167 0.061896 0.066121 0.069919 0.073336 0.076406 0.079158 0.081616 0.083802 0.085737 0.087438 0.088924 0.090209 0.091311 0.092241 0.093013 0.093638 0.094127 0.094489 0.094733 0.094866 0.094894 0.094824 0.094659 0.094404 0.094062 0.093634 0.093122 0.092526 0.091846 0.091081 0.090229 0.089287 0.088253 0.087123 0.085892 0.084555 0.083106 0.081539 0.079848 0.078024 0.076060 0.073947 0.071678 0.069242 0.066631 0.063836 0.060849
0.047622 0.051932 0.056665 0.061168 0.065307 0.069068 0.072467 0.075528 0.078275 0.080730 0.082917 0.084857 0.086568 0.088070 0.089379 0.090511 0.091480 0.092300 0.092982 0.093537 0.093976 0.094306 0.094536 0.094672 0.094721 0.094686 0.094573 0.094385 0.094124 0.093791 0.093387 0.092913 0.092368 0.091751 0.091059 0.090291 0.089442 0.088510 0.087489 0.086374 0.085161 0.083843 0.082412 0.080863 0.079188 0.077378 0.075425 0.073320 0.071055 0.068619
0.044597 0.050845 0.055907 0.060418 0.064516 0.068241 0.071616 0.074660 0.077397 0.079849 0.082037 0.083982 0.085705 0.087223 0.088554 0.089714 0.090718 0.091579 0.092310 0.092921 0.093423 0.093825 0.094134 0.094359 0.094505 0.094577 0.094580 0.094518 0.094393 0.094207 0.093961 0.093657 0.093293 0.092869 0.092383 0.091834 0.091219 0.090534 0.089776 0.088940 0.088021 0.087015 0.085914 0.084713 0.083405 0.081983 0.080438 0.078763 0.076949 0.074987
0.046234 0.050706 0.055380 0.059781 0.063821 0.067502 0.070838 0.073854 0.076569 0.079008 0.081190 0.083136 0.084866 0.086398 0.087749 0.088934 0.089968 0.090865 0.091638 0.092297 0.092852 0.093314 0.093691 0.093989 0.094215 0.094375 0.094474 0.094515 0.094501 0.094435 0.094319 0.094153 0.093938 0.093673 0.093357 0.092988 0.092566 0.092085 0.091544 0.090939 0.090265 0.089517 0.088691 0.087780 0.086779 0.085680 0.084478 0.083164 0.081730 0.080169
0.044398 0.049988 0.054842 0.059229 0.063218 0.066844 0.070133 0.073110 0.075797 0.078217 0.080390 0.082334 0.084069 0.085612 0.086980 0.088187 0.089248 0.090177 0.090986 0.091686 0.092287 0.092800 0.093232 0.093591 0.093884 0.094116 0.094293 0.094419 0.094496 0.094529 0.094518 0.094466 0.094372 0.094237 0.094060 0.093840 0.093575 0.093262 0.092900 0.092485 0.092013 0.091480 0.090881 0.090211 0.089464 0.088635 0.087718 0.086705 0.085590 0.084365
0.044567 0.049619 0.054356 0.058681 0.062616 0.066195 0.069446 0.072394 0.075062 0.077470 0.079638 0.081584 0.083326 0.084881 0.086265 0.087492 0.088577 0.089534 0.090374 0.091108 0.091748 0.092303 0.092781 0.093191 0.093538 0.093830 0.094070 0.094265 0.094417 0.094530 0.094605 0.094645 0.094650 0.094620 0.094557 0.094458 0.094322 0.094148 0.093932 0.093673 0.093368 0.093011 0.092599 0.092128 0.091593 0.090988 0.090307 0.089545 0.088696 0.087751
0.043146 0.048850 0.053689 0.058012 0.061933 0.065501 0.068746 0.071692 0.074361 0.076773 0.078948 0.080903 0.082657 0.084225 0.085625 0.086870 0.087976 0.088956 0.089821 0.090584 0.091255 0.091844 0.092359 0.092809 0.093200 0.093539 0.093831 0.094081 0.094293 0.094470 0.094614 0.094729 0.094814 0.094870 0.094899 0.094898 0.094868 0.094806 0.094711 0.094581 0.094411 0.094200 0.093943 0.093637 0.093276 0.092857 0.092373 0.091820 0.091191 0.090480
0.044170 0.048608 0.053098 0.057334 0.061244 0.064824 0.068087 0.071051 0.073737 0.076164 0.078352 0.080319 0.082085 0.083666 0.085079 0.086339 0.087461 0.088457 0.089342 0.090126 0.090820 0.091434 0.091977 0.092457 0.092882 0.093258 0.093590 0.093883 0.094143 0.094371 0.094571 0.094745 0.094895 0.095021 0.095124 0.095204 0.095260 0.095290 0.095294 0.095269 0.095212 0.095121 0.094992 0.094822 0.094606 0.094341 0.094020 0.093641 0.093196 0.092681
0.042792 0.047842 0.052477 0.056757 0.060694 0.064297 0.067580 0.070560 0.073258 0.075694 0.077889 0.079863 0.081634 0.083221 0.084640 0.085906 0.087036 0.088042 0.088937 0.089734 0.090443 0.091074 0.091637 0.092139 0.092589 0.092992 0.093354 0.093682 0.093978 0.094246 0.094491 0.094713 0.094915 0.095097 0.095261 0.095406 0.095533 0.095639 0.095724 0.095786 0.095823 0.095831 0.095809 0.095752 0.095658 0.095521 0.095338 0.095105 0.094815 0.094464
0.042213 0.047375 0.052110 0.056452 0.060416 0.064024 0.067302 0.070273 0.072960 0.075387 0.077572 0.079538 0.081302 0.082882 0.084297 0.085561 0.086689 0.087696 0.088594 0.089396 0.090113 0.090754 0.091328 0.091846 0.092312 0.092736 0.093121 0.093474 0.093799 0.094100 0.094380 0.094641 0.094886 0.095114 0.095329 0.095529 0.095714 0.095884 0.096037 0.096172 0.096287 0.096380 0.096448 0.096487 0.096495 0.096468 0.096401 0.096291 0.096133 0.095922
0.041533 0.047169 0.052096 0.056475 0.060416 0.063985 0.067221 0.070153 0.072807 0.075203 0.077362 0.079305 0.081050 0.082614 0.084015 0.085268 0.086388 0.087389 0.088284 0.089086 0.089804 0.090450 0.091032 0.091559 0.092038 0.092477 0.092880 0.093254 0.093603 0.093931 0.094240 0.094534 0.094815 0.095083 0.095341 0.095587 0.095823 0.096048 0.096260 0.096458 0.096641 0.096807 0.096952 0.097075 0.097172 0.097239 0.097273 0.097270 0.097226 0.097136
0.043454 0.048153 0.052597 0.056732 0.060538 0.064021 0.067194 0.070077 0.072688 0.075047 0.077175 0.079090 0.080810 0.082354 0.083737 0.084975 0.086084 0.087077 0.087967 0.088766 0.089485 0.090134 0.090722 0.091257 0.091747 0.092199 0.092619 0.093012 0.093382 0.093734 0.094071 0.094395 0.094708 0.095012 0.095308 0.095597 0.095878 0.096152 0.096417 0.096672 0.096916 0.097146 0.097361 0.097558 0.097733 0.097885 0.098008 0.098100 0.098157 0.098173
0.043700 0.048262 0.052621 0.056693 0.060455 0.063903 0.067044 0.069897 0.072479 0.074811 0.076913 0.078805 0.080505 0.082031 0.083400 0.084627 0.085728 0.086716 0.087604 0.088403 0.089124 0.089779 0.090374 0.090920 0.091423 0.091890 0.092327 0.092740 0.093132 0.093509 0.093872 0.094225 0.094571 0.094909 0.095243 0.095572 0.095897 0.096217 0.096531 0.096840 0.097140 0.097431 0.097710 0.097974 0.098223 0.098451 0.098656 0.098835 0.098983 0.099097
0.041929 0.047275 0.051974 0.056213 0.060052 0.063529 0.066677 0.069523 0.072094 0.074413 0.076502 0.078382 0.080073 0.081592 0.082956 0.084182 0.085283 0.086273 0.087165 0.087971 0.088702 0.089367 0.089976 0.090537 0.091057 0.091544 0.092002 0.092438 0.092855 0.093258 0.093651 0.094035 0.094414 0.094789 0.095161 0.095530 0.095898 0.096264 0.096627 0.096987 0.097342 0.097691 0.098031 0.098361 0.098678 0.098979 0.099261 0.099521 0.099756 0.099960
0.041597 0.046581 0.051315 0.055600 0.059460 0.062944 0.066092 0.068936 0.071504 0.073822 0.075912 0.077795 0.079490 0.081016 0.082388 0.083623 0.084736 0.085739 0.086646 0.087468 0.088217 0.088901 0.089531 0.090114 0.090657 0.091168 0.091653 0.092116 0.092563 0.092997 0.093422 0.093841 0.094256 0.094668 0.095080 0.095492 0.095904 0.096317 0.096730 0.097141 0.097551 0.097957 0.098358 0.098752 0.099136 0.099508 0.099865 0.100203 0.100520 0.100811
0.040617 0.046134 0.050771 0.054939 0.058730 0.062179 0.065313 0.068156 0.070731 0.073060 0.075165 0.077064 0.078778 0.080323 0.081717 0.082974 0.084109 0.085136 0.086068 0.086916 0.087690 0.088402 0.089059 0.089670 0.090243 0.090785 0.091301 0.091796 0.092277 0.092746 0.093208 0.093664 0.094118 0.094572 0.095026 0.095483 0.095941 0.096402 0.096866 0.097330 0.097795 0.098260 0.098722 0.099179 0.099630 0.100072 0.100502 0.100917 0.101315 0.101691
0.041273 0.045585 0.049949 0.054040 0.057807 0.061253 0.064395 0.067252 0.069848 0.072200 0.074331 0.076259 0.078001 0.079576 0.081000 0.082288 0.083455 0.084514 0.085477 0.086357 0.087164 0.087908 0.088598 0.089243 0.089850 0.090426 0.090978 0.091510 0.092028 0.092535 0.093036 0.093533 0.094029 0.094526 0.095025 0.095528 0.096034 0.096545 0.097061 0.097580 0.098101 0.098625 0.099148 0.099670 0.100188 0.100700 0.101203 0.101695 0.102173 0.102633
0.038871 0.044205 0.048850 0.053037 0.056847 0.060320 0.063485 0.066366 0.068987 0.071367 0.073527 0.075485 0.077259 0.078866 0.080323 0.081645 0.082845 0.083937 0.084935 0.085849 0.086690 0.087469 0.088194 0.088875 0.089518 0.090130 0.090719 0.091289 0.091846 0.092393 0.092934 0.093473 0.094012 0.094554 0.095099 0.095650 0.096206 0.096768 0.097336 0.097911 0.098490 0.099073 0.099659 0.100245 0.100831 0.101413 0.101990 0.102559 0.103117 0.103661
0.039209 0.043895 0.048319 0.052415 0.056180 0.059631 0.062788 0.065672 0.068302 0.070697 0.072876 0.074856 0.076655 0.078288 0.079773 0.081122 0.082352 0.083474 0.084502 0.085448 0.086321 0.087132 0.087891 0.088605 0.089282 0.089931 0.090556 0.091163 0.091757 0.092344 0.092926 0.093507 0.094089 0.094675 0.095266 0.095865 0.096470 0.097084 0.097706 0.098336 0.098973 0.099616 0.100265 0.100916 0.101570 0.102224 0.102875 0.103521 0.104159 0.104787
0.039509 0.044109 0.048348 0.052284 0.055937 0.059315 0.062427 0.065284 0.067900 0.070290 0.072470 0.074456 0.076265 0.077912 0.079412 0.080780 0.082029 0.083173 0.084223 0.085193 0.086091 0.086929 0.087716 0.088459 0.089167 0.089847 0.090505 0.091147 0.091777 0.092400 0.093021 0.093642 0.094266 0.094895 0.095532 0.096177 0.096832 0.097497 0.098172 0.098857 0.099552 0.100255 0.100967 0.101684 0.102406 0.103131 0.103857 0.104580 0.105300 0.106013
0.040573 0.044613 0.048593 0.052399 0.055974 0.059299 0.062370 0.065197 0.067790 0.070163 0.072331 0.074309 0.076114 0.077760 0.079262 0.080635 0.081892 0.083046 0.084110 0.085094 0.086010 0.086867 0.087674 0.088441 0.089173 0.089880 0.090566 0.091238 0.091900 0.092557 0.093214 0.093872 0.094536 0.095207 0.095887 0.096578 0.097280 0.097995 0.098723 0.099463 0.100216 0.100979 0.101753 0.102537 0.103328 0.104124 0.104925 0.105727 0.106528 0.107326
0.039542 0.044128 0.048451 0.052428 0.056081 0.059435 0.062511 0.065329 0.067907 0.070262 0.072412 0.074374 0.076164 0.077799 0.079292 0.080660 0.081914 0.083069 0.084136 0.085127 0.086052 0.086920 0.087742 0.088525 0.089277 0.090005 0.090715 0.091413 0.092104 0.092792 0.093480 0.094174 0.094875 0.095585 0.096307 0.097043 0.097792 0.098556 0.099336 0.100131 0.100940 0.101764 0.102602 0.103451 0.104311 0.105180 0.106056 0.106938 0.107822 0.108706
0.037698 0.043547 0.048304 0.052489 0.056254 0.059665 0.062764 0.065583 0.068150 0.070488 0.072618 0.074559 0.076330 0.077947 0.079426 0.080782 0.082028 0.083178 0.084242 0.085234 0.086163 0.087039 0.087870 0.088666 0.089433 0.090179 0.090909 0.091630 0.092347 0.093063 0.093782 0.094509 0.095246 0.095994 0.096757 0.097536 0.098332 0.099145 0.099976 0.100826 0.101693 0.102577 0.103478 0.104395 0.105325 0.106267 0.107221 0.108183 0.109151 0.110124
0.040247 0.044313 0.048709 0.052826 0.056577 0.059979 0.063064 0.065864 0.068409 0.070723 0.072830 0.074749 0.076500 0.078099 0.079563 0.080906 0.082143 0.083286 0.084348 0.085339 0.086270 0.087152 0.087992 0.088798 0.089580 0.090342 0.091092 0.091835 0.092576 0.093320 0.094069 0.094829 0.095601 0.096388 0.097192 0.098014 0.098857 0.099719 0.100603 0.101508 0.102434 0.103380 0.104346 0.105330 0.106332 0.107350 0.108382 0.109427 0.110481 0.111544
0.038679 0.044703 0.049308 0.053331 0.056968 0.060279 0.063298 0.066049 0.068556 0.070841 0.072923 0.074823 0.076557 0.078143 0.079596 0.080932 0.082164 0.083304 0.084366 0.085359 0.086296 0.087185 0.088035 0.088855 0.089652 0.090432 0.091203 0.091969 0.092736 0.093509 0.094290 0.095083 0.095892 0.096718 0.097565 0.098432 0.099323 0.100237 0.101174 0.102137 0.103123 0.104132 0.105165 0.106220 0.107296 0.108391 0.109505 0.110634 0.111778 0.112934
0.043695 0.046405 0.050050 0.053701 0.057147 0.060345 0.063290 0.065992 0.068466 0.070727 0.072794 0.074683 0.076410 0.077991 0.079442 0.080778 0.082012 0.083156 0.084224 0.085226 0.086173 0.087074 0.087939 0.088776 0.089592 0.090394 0.091188 0.091981 0.092777 0.093581 0.094396 0.095226 0.096074 0.096943 0.097834 0.098750 0.099691 0.100658 0.101653 0.102675 0.103724 0.104800 0.105903 0.107031 0.108184 0.109359 0.110557 0.111774 0.113010 0.114262
0.039898 0.045321 0.049550 0.053320 0.056780 0.059966 0.062898 0.065590 0.068058 0.070317 0.072384 0.074275 0.076006 0.077593 0.079051 0.080395 0.081639 0.082795 0.083875 0.084892 0.085855 0.086774 0.087659 0.088518 0.089358 0.090186 0.091009 0.091833 0.092662 0.093501 0.094354 0.095224 0.096115 0.097030 0.097970 0.098936 0.099931 0.100956 0.102011 0.103096 0.104211 0.105357 0.106533 0.107738 0.108970 0.110230 0.111515 0.112824 0.114154 0.115505
0.039916 0.044236 0.048488 0.052379 0.055927 0.059170 0.062139 0.064857 0.067343 0.069617 0.071696 0.073599 0.075343 0.076942 0.078414 0.079773 0.081032 0.082204 0.083303 0.084340 0.085324 0.086267 0.087177 0.088062 0.088931 0.089791 0.090647 0.091506 0.092372 0.093251 0.094146 0.095061 0.095999 0.096963 0.097955 0.098977 0.100030 0.101115 0.102234 0.103386 0.104571 0.105790 0.107042 0.108327 0.109643 0.110989 0.112365 0.113768 0.115197 0.116651
0.038619 0.043277 0.047448 0.051316 0.054886 0.058162 0.061160 0.063901 0.066405 0.068693 0.070785 0.072700 0.074456 0.076069 0.077556 0.078930 0.080207 0.081399 0.082519 0.083579 0.084589 0.085559 0.086498 0.087414 0.088316 0.089211 0.090104 0.091002 0.091910 0.092833 0.093774 0.094738 0.095727 0.096744 0.097792 0.098873 0.099987 0.101136 0.102322 0.103544 0.104802 0.106098 0.107429 0.108797 0.110199 0.111636 0.113105 0.114605 0.116136 0.117694
0.038191 0.042265 0.046395 0.050269 0.053839 0.057110 0.060102 0.062838 0.065338 0.067625 0.069718 0.071636 0.073398 0.075020 0.076518 0.077907 0.079201 0.080413 0.081556 0.082640 0.083677 0.084677 0.085647 0.086598 0.087536 0.088469 0.089402 0.090343 0.091296 0.092266 0.093256 0.094272 0.095315 0.096389 0.097496 0.098639 0.099817 0.101034 0.102289 0.103584 0.104918 0.106292 0.107706 0.109159 0.110650 0.112178 0.113743 0.115342 0.116976 0.118641
0.035551 0.040964 0.045403 0.049313 0.052850 0.056075 0.059025 0.061726 0.064199 0.066467 0.068547 0.070459 0.072219 0.073845 0.075351 0.076752 0.078062 0.079293 0.080458 0.081568 0.082632 0.083662 0.084666 0.085652 0.086629 0.087602 0.088578 0.089564 0.090564 0.091583 0.092626 0.093695 0.094795 0.095928 0.097096 0.098302 0.099547 0.100833 0.102160 0.103529 0.104941 0.106395 0.107892 0.109431 0.111012 0.112633 0.114295 0.115994 0.117731 0.119504
0.036832 0.040864 0.044789 0.048477 0.051890 0.055031 0.057918 0.060569 0.063006 0.065246 0.067307 0.069208 0.070963 0.072590 0.074102 0.075514 0.076838 0.078088 0.079275 0.080410 0.081504 0.082565 0.083603 0.084626 0.085641 0.086655 0.087676 0.088708 0.089756 0.090826 0.091922 0.093046 0.094204 0.095397 0.096627 0.097898 0.099210 0.100565 0.101965 0.103409 0.104899 0.106434 0.108014 0.109640 0.111310 0.113024 0.114781 0.116580 0.118420 0.120299
0.036091 0.040014 0.043895 0.047512 0.050850 0.053926 0.056758 0.059366 0.061770 0.063985 0.066030 0.067921 0.069672 0.071301 0.072819 0.074242 0.075582 0.076850 0.078060 0.079220 0.080342 0.081435 0.082507 0.083567 0.084621 0.085678 0.086742 0.087821 0.088918 0.090039 0.091187 0.092367 0.093582 0.094835 0.096128 0.097463 0.098842 0.100266 0.101737 0.103255 0.104822 0.106436 0.108099 0.109809 0.111567 0.113372 0.115223 0.117119 0.119059 0.121041
0.033827 0.038876 0.042903 0.046484 0.049762 0.052785 0.055575 0.058150 0.060528 0.062726 0.064759 0.066643 0.068394 0.070025 0.071551 0.072985 0.074341 0.075628 0.076860 0.078046 0.079197 0.080321 0.081427 0.082523 0.083616 0.084714 0.085822 0.086946 0.088091 0.089262 0.090463 0.091697 0.092969 0.094280 0.095633 0.097031 0.098475 0.099966 0.101507 0.103097 0.104738 0.106429 0.108170 0.109963 0.111805 0.113698 0.115639 0.117628 0.119664 0.121745
0.035810 0.038709 0.042143 0.045526 0.048718 0.051688 0.054441 0.056989 0.059346 0.061527 0.063550 0.065428 0.067177 0.068811 0.070345 0.071790 0.073160 0.074466 0.075720 0.076931 0.078109 0.079263 0.080402 0.081534 0.082665 0.083803 0.084953 0.086121 0.087313 0.088532 0.089783 0.091069 0.092394 0.093761 0.095173 0.096630 0.098136 0.099692 0.101298 0.102956 0.104667 0.106431 0.108248 0.110117 0.112039 0.114014 0.116040 0.118116 0.120243 0.122417
0.032950 0.037348 0.041144 0.044595 0.047775 0.050715 0.053435 0.055952 0.058283 0.060445 0.062452 0.064321 0.066066 0.067700 0.069239 0.070694 0.072077 0.073400 0.074673 0.075907 0.077112 0.078295 0.079466 0.080631 0.081798 0.082974 0.084164 0.085374 0.086609 0.087874 0.089172 0.090507 0.091883 0.093302 0.094767 0.096281 0.097844 0.099459 0.101127 0.102848 0.104624 0.106454 0.108340 0.110281 0.112277 0.114327 0.116431 0.118587 0.120796 0.123056
0.032331 0.036713 0.040501 0.043916 0.047047 0.049935 0.052607 0.055081 0.057376 0.059509 0.061495 0.063348 0.065085 0.066717 0.068258 0.069720 0.071114 0.072453 0.073745 0.075001 0.076230 0.077440 0.078640 0.079837 0.081037 0.082248 0.083475 0.084724 0.085999 0.087305 0.088646 0.090026 0.091448 0.092915 0.094429 0.095993 0.097608 0.099277 0.100999 0.102777 0.104612 0.106502 0.108450 0.110455 0.112516 0.114634 0.116807 0.119036 0.121318 0.123654
0.033766 0.036997 0.040329 0.043533 0.046540 0.049339 0.051941 0.054360 0.056612 0.058712 0.060674 0.062512 0.064239 0.065869 0.067412 0.068881 0.070287 0.071640 0.072950 0.074226 0.075477 0.076712 0.077939 0.079164 0.080395 0.081637 0.082897 0.084180 0.085491 0.086834 0.088213 0.089633 0.091095 0.092603 0.094161 0.095769 0.097429 0.099144 0.100915 0.102743 0.104628 0.106571 0.108572 0.110632 0.112750 0.114925 0.117159 0.119449 0.121795 0.124196
0.033355 0.036743 0.040056 0.043174 0.046089 0.048812 0.051354 0.053728 0.055947 0.058024 0.059971 0.061801 0.063526 0.065157 0.066707 0.068185 0.069603 0.070970 0.072296 0.073591 0.074863 0.076121 0.077371 0.078621 0.079878 0.081147 0.082436 0.083748 0.085089 0.086463 0.087874 0.089327 0.090823 0.092367 0.093960 0.095604 0.097303 0.099057 0.100867 0.102735 0.104662 0.106648 0.108694 0.110799 0.112964 0.115188 0.117470 0.119811 0.122209 0.124664
0.031855 0.036044 0.039503 0.042633 0.045534 0.048240 0.050770 0.053137 0.055353 0.057431 0.059381 0.061217 0.062949 0.064589 0.066149 0.067639 0.069070 0.070452 0.071794 0.073105 0.074395 0.075671 0.076940 0.078211 0.079488 0.080780 0.082091 0.083426 0.084791 0.086190 0.087627 0.089105 0.090628 0.092198 0.093819 0.095492 0.097220 0.099004 0.100845 0.102745 0.104704 0.106723 0.108803 0.110943 0.113143 0.115404 0.117724 0.120104 0.122542 0.125037
0.031855 0.035339 0.038758 0.041944 0.044903 0.047659 0.050228 0.052626 0.054868 0.056966 0.058934 0.060785 0.062531 0.064184 0.065756 0.067258 0.068701 0.070096 0.071450 0.072775 0.074078 0.075367 0.076651 0.077936 0.079229 0.080536 0.081862 0.083214 0.084595 0.086011 0.087465 0.088961 0.090502 0.092091 0.093731 0.095424 0.097171 0.098976 0.100838 0.102759 0.104740 0.106782 0.108884 0.111048 0.113273 0.115558 0.117904 0.120310 0.122775 0.125298
0.031296 0.034869 0.038257 0.041462 0.044467 0.047271 0.049883 0.052315 0.054583 0.056702 0.058687 0.060551 0.062308 0.063971 0.065552 0.067062 0.068512 0.069914 0.071276 0.072607 0.073918 0.075214 0.076506 0.077798 0.079099 0.080414 0.081748 0.083108 0.084498 0.085923 0.087386 0.088891 0.090441 0.092040 0.093689 0.095392 0.097149 0.098964 0.100837 0.102769 0.104761 0.106814 0.108928 0.111103 0.113340 0.115639 0.117998 0.120417 0.122895 0.125433
