0.092710 0.093811 0.094719 0.095483 0.096260 0.097173 0.098298 0.099678 0.101335 0.103280 0.105515 0.108038 0.110846 0.113935 0.117299 0.120933 0.124830 0.128985 0.133388 0.138016 0.142864 0.147930 0.153213 0.158710 0.164417 0.170328 0.176438 0.182740 0.189231 0.195904 0.202755 0.209779 0.216973 0.224332 0.231853 0.239533 0.247370 0.255360 0.263502 0.271795 0.280236 0.288826 0.297562 0.306444 0.315472 0.324645 0.333963 0.343426 0.353033 0.362784
0.095660 0.095953 0.095683 0.095626 0.095937 0.096625 0.097670 0.099053 0.100757 0.102770 0.105081 0.107682 0.110566 0.113727 0.117159 0.120855 0.124809 0.129017 0.133462 0.138127 0.143009 0.148108 0.153420 0.158944 0.164677 0.170611 0.176743 0.183066 0.189575 0.196266 0.203133 0.210173 0.217380 0.224752 0.232285 0.239975 0.247821 0.255820 0.263969 0.272268 0.280716 0.289310 0.298050 0.306935 0.315966 0.325141 0.334461 0.343924 0.353531 0.363282
0.101981 0.097168 0.095032 0.094276 0.094370 0.095059 0.096208 0.097740 0.099612 0.101795 0.104271 0.107029 0.110060 0.113357 0.116913 0.120724 0.124785 0.129087 0.133608 0.138344 0.143292 0.148451 0.153819 0.159394 0.165175 0.171154 0.177328 0.183690 0.190236 0.196961 0.203860 0.210928 0.218163 0.225559 0.233115 0.240826 0.248690 0.256705 0.264870 0.273182 0.281641 0.290245 0.298993 0.307886 0.316922 0.326102 0.335424 0.344890 0.354498 0.364249
0.091445 0.090181 0.089876 0.090253 0.091125 0.092388 0.093985 0.095885 0.098068 0.100522 0.103239 0.106212 0.109438 0.112911 0.116629 0.120589 0.124786 0.129204 0.133828 0.138659 0.143696 0.148936 0.154380 0.160027 0.165873 0.171915 0.178147 0.184564 0.191162 0.197935 0.204879 0.211989 0.219262 0.226695 0.234283 0.242024 0.249916 0.257956 0.266143 0.274475 0.282951 0.291570 0.300332 0.309236 0.318281 0.327468 0.336796 0.346266 0.355877 0.365630
0.076275 0.080536 0.083289 0.085467 0.087472 0.089501 0.091653 0.093980 0.096509 0.099254 0.102222 0.105418 0.108844 0.112500 0.116386 0.120501 0.124841 0.129383 0.134124 0.139063 0.144200 0.149535 0.155067 0.160797 0.166721 0.172838 0.179140 0.185625 0.192285 0.199118 0.206118 0.213281 0.220603 0.228081 0.235712 0.243492 0.251419 0.259492 0.267708 0.276066 0.284565 0.293205 0.301985 0.310904 0.319963 0.329161 0.338499 0.347976 0.357593 0.367350
0.074589 0.077586 0.080425 0.082910 0.085244 0.087581 0.090012 0.092589 0.095341 0.098290 0.101445 0.104815 0.108404 0.112214 0.116246 0.120500 0.124969 0.129632 0.134487 0.139534 0.144775 0.150209 0.155835 0.161654 0.167664 0.173862 0.180243 0.186802 0.193534 0.200434 0.207499 0.214722 0.222102 0.229633 0.237313 0.245139 0.253109 0.261221 0.269472 0.277863 0.286392 0.295058 0.303861 0.312801 0.321878 0.331092 0.340444 0.349933 0.359560 0.369325
0.077118 0.080005 0.081387 0.082946 0.084818 0.086956 0.089327 0.091916 0.094724 0.097749 0.100997 0.104467 0.108161 0.112079 0.116221 0.120585 0.125164 0.129935 0.134895 0.140046 0.145387 0.150918 0.156638 0.162548 0.168645 0.174929 0.181392 0.188031 0.194839 0.201813 0.208947 0.216237 0.223678 0.231268 0.239004 0.246881 0.254899 0.263054 0.271347 0.279775 0.288338 0.297035 0.305867 0.314833 0.323934 0.333169 0.342540 0.352046 0.361689 0.371468
0.091867 0.084024 0.082891 0.083631 0.085100 0.086991 0.089209 0.091713 0.094484 0.097511 0.100786 0.104303 0.108059 0.112050 0.116272 0.120722 0.125392 0.130258 0.135315 0.140562 0.145998 0.151623 0.157435 0.163435 0.169621 0.175990 0.182538 0.189257 0.196144 0.203193 0.210399 0.217757 0.225264 0.232915 0.240708 0.248640 0.256708 0.264912 0.273248 0.281718 0.290320 0.299053 0.307918 0.316915 0.326045 0.335307 0.344703 0.354233 0.363898 0.373698
0.067425 0.078212 0.081566 0.083366 0.085031 0.086907 0.089073 0.091538 0.094291 0.097323 0.100622 0.104180 0.107988 0.112040 0.116331 0.120856 0.125607 0.130564 0.135712 0.141051 0.146579 0.152295 0.158198 0.164286 0.170559 0.177014 0.183644 0.190444 0.197409 0.204531 0.211808 0.219234 0.226805 0.234517 0.242368 0.250354 0.258474 0.266727 0.275110 0.283624 0.292268 0.301041 0.309944 0.318977 0.328142 0.337437 0.346865 0.356425 0.366119 0.375947
0.088074 0.082500 0.082034 0.082955 0.084451 0.086334 0.088549 0.091073 0.093889 0.096985 0.100352 0.103979 0.107860 0.111987 0.116354 0.120956 0.125786 0.130832 0.136072 0.141502 0.147120 0.152925 0.158916 0.165091 0.171449 0.177986 0.184695 0.191571 0.198608 0.205800 0.213143 0.220632 0.228263 0.236034 0.243940 0.251980 0.260151 0.268453 0.276884 0.285444 0.294132 0.302948 0.311893 0.320968 0.330172 0.339506 0.348972 0.358570 0.368301 0.378165
0.078803 0.079302 0.080007 0.081303 0.083057 0.085166 0.087581 0.090278 0.093246 0.096477 0.099963 0.103699 0.107680 0.111901 0.116357 0.121042 0.125952 0.131081 0.136413 0.141932 0.147638 0.153528 0.159603 0.165860 0.172296 0.178908 0.185688 0.192631 0.199732 0.206986 0.214388 0.221934 0.229620 0.237444 0.245402 0.253492 0.261713 0.270063 0.278542 0.287148 0.295883 0.304746 0.313737 0.322857 0.332106 0.341486 0.350997 0.360641 0.370416 0.380326
0.069532 0.073878 0.076613 0.078942 0.081284 0.083783 0.086489 0.089419 0.092581 0.095976 0.099605 0.103465 0.107557 0.111876 0.116421 0.121188 0.126174 0.131374 0.136781 0.142384 0.148169 0.154137 0.160286 0.166614 0.173117 0.179790 0.186629 0.193629 0.200783 0.208089 0.215542 0.223137 0.230871 0.238743 0.246748 0.254885 0.263153 0.271550 0.280076 0.288731 0.297514 0.306426 0.315467 0.324637 0.333938 0.343370 0.352933 0.362629 0.372458 0.382420
0.072061 0.072998 0.075169 0.077606 0.080181 0.082911 0.085822 0.088930 0.092245 0.095773 0.099516 0.103477 0.107657 0.112055 0.116669 0.121499 0.126542 0.131794 0.137252 0.142909 0.148755 0.154784 0.160991 0.167374 0.173928 0.180650 0.187535 0.194578 0.201776 0.209124 0.216618 0.224254 0.232031 0.239944 0.247992 0.256173 0.264486 0.272929 0.281503 0.290207 0.299041 0.308005 0.317099 0.326325 0.335681 0.345171 0.354792 0.364548 0.374438 0.384462
0.070375 0.073351 0.075511 0.077794 0.080314 0.083060 0.086016 0.089177 0.092545 0.096121 0.099909 0.103910 0.108127 0.112559 0.117205 0.122064 0.127134 0.132412 0.137893 0.143574 0.149449 0.155511 0.161753 0.168170 0.174758 0.181513 0.188431 0.195507 0.202737 0.210117 0.217644 0.225315 0.233127 0.241078 0.249165 0.257388 0.265744 0.274233 0.282855 0.291610 0.300496 0.309515 0.318666 0.327951 0.337369 0.346921 0.356607 0.366428 0.376385 0.386478
0.076696 0.075993 0.077281 0.079302 0.081688 0.084329 0.087195 0.090280 0.093583 0.097108 0.100855 0.104826 0.109019 0.113434 0.118068 0.122918 0.127982 0.133256 0.138735 0.144416 0.150293 0.156361 0.162613 0.169043 0.175647 0.182420 0.189356 0.196452 0.203704 0.211109 0.218662 0.226362 0.234205 0.242189 0.250313 0.258575 0.266974 0.275509 0.284179 0.292985 0.301926 0.311003 0.320214 0.329561 0.339044 0.348663 0.358419 0.368312 0.378341 0.388508
0.074168 0.077162 0.079565 0.081789 0.084064 0.086504 0.089162 0.092061 0.095207 0.098604 0.102247 0.106133 0.110259 0.114619 0.119209 0.124023 0.129058 0.134307 0.139766 0.145430 0.151293 0.157350 0.163595 0.170023 0.176628 0.183405 0.190350 0.197457 0.204723 0.212145 0.219719 0.227443 0.235313 0.243329 0.251487 0.259788 0.268229 0.276809 0.285530 0.294388 0.303386 0.312521 0.321795 0.331208 0.340759 0.350448 0.360276 0.370243 0.380349 0.390593
0.077960 0.081733 0.083635 0.085248 0.087014 0.089059 0.091416 0.094082 0.097047 0.100300 0.103830 0.107625 0.111676 0.115975 0.120514 0.125287 0.130286 0.135505 0.140939 0.146581 0.152426 0.158467 0.164701 0.171120 0.177720 0.184496 0.191443 0.198556 0.205833 0.213269 0.220861 0.228606 0.236503 0.244548 0.252741 0.261080 0.269563 0.278190 0.286960 0.295872 0.304927 0.314123 0.323461 0.332940 0.342560 0.352321 0.362223 0.372266 0.382450 0.392774
0.093974 0.089021 0.087875 0.088226 0.089387 0.091105 0.093262 0.095795 0.098665 0.101845 0.105316 0.109063 0.113075 0.117340 0.121851 0.126600 0.131578 0.136780 0.142198 0.147826 0.153660 0.159692 0.165918 0.172332 0.178930 0.185706 0.192656 0.199777 0.207065 0.214515 0.222125 0.229893 0.237816 0.245892 0.254120 0.262497 0.271023 0.279696 0.288517 0.297483 0.306595 0.315852 0.325253 0.334799 0.344488 0.354321 0.364297 0.374416 0.384677 0.395081
0.085967 0.087176 0.087646 0.088571 0.090028 0.091935 0.094224 0.096850 0.099786 0.103014 0.106521 0.110294 0.114326 0.118607 0.123130 0.127887 0.132873 0.138080 0.143503 0.149135 0.154972 0.161008 0.167237 0.173656 0.180260 0.187044 0.194004 0.201137 0.208439 0.215908 0.223540 0.231332 0.239284 0.247392 0.255655 0.264072 0.272641 0.281361 0.290232 0.299252 0.308420 0.317737 0.327201 0.336812 0.346569 0.356473 0.366521 0.376714 0.387051 0.397531
0.082596 0.083100 0.084932 0.087067 0.089347 0.091794 0.094446 0.097327 0.100453 0.103825 0.107446 0.111312 0.115418 0.119762 0.124336 0.129137 0.134159 0.139397 0.144847 0.150502 0.156359 0.162413 0.168660 0.175095 0.181715 0.188515 0.195493 0.202645 0.209968 0.217460 0.225117 0.232938 0.240920 0.249063 0.257363 0.265820 0.274432 0.283199 0.292119 0.301192 0.310416 0.319790 0.329315 0.338989 0.348812 0.358782 0.368899 0.379163 0.389572 0.400125
0.073746 0.079006 0.082854 0.085943 0.088767 0.091586 0.094524 0.097641 0.100962 0.104501 0.108263 0.112249 0.116458 0.120889 0.125538 0.130404 0.135481 0.140767 0.146258 0.151950 0.157840 0.163923 0.170197 0.176657 0.183301 0.190126 0.197128 0.204304 0.211653 0.219172 0.226858 0.234710 0.242725 0.250903 0.259241 0.267739 0.276394 0.285206 0.294174 0.303297 0.312574 0.322004 0.331586 0.341319 0.351203 0.361236 0.371418 0.381747 0.392223 0.402845
0.075853 0.081631 0.084316 0.086658 0.089184 0.091959 0.094972 0.098210 0.101665 0.105333 0.109214 0.113307 0.117611 0.122125 0.126847 0.131777 0.136910 0.142246 0.147782 0.153514 0.159439 0.165556 0.171860 0.178350 0.185022 0.191874 0.198903 0.206107 0.213484 0.221031 0.228748 0.236631 0.244680 0.252893 0.261269 0.269806 0.278502 0.287358 0.296371 0.305542 0.314868 0.324349 0.333984 0.343772 0.353712 0.363802 0.374043 0.384433 0.394970 0.405653
0.098188 0.088318 0.086767 0.087949 0.090183 0.092922 0.095979 0.099285 0.102814 0.106555 0.110505 0.114661 0.119024 0.123591 0.128363 0.133337 0.138511 0.143885 0.149455 0.155219 0.161174 0.167319 0.173651 0.180167 0.186865 0.193743 0.200798 0.208029 0.215433 0.223009 0.230755 0.238669 0.246750 0.254996 0.263407 0.271980 0.280715 0.289611 0.298666 0.307880 0.317251 0.326778 0.336461 0.346298 0.356288 0.366431 0.376724 0.387167 0.397758 0.408497
0.072903 0.081012 0.085317 0.088533 0.091504 0.094514 0.097667 0.101004 0.104540 0.108282 0.112232 0.116392 0.120761 0.125338 0.130121 0.135109 0.140299 0.145688 0.151275 0.157057 0.163031 0.169194 0.175545 0.182081 0.188799 0.195698 0.202775 0.210029 0.217457 0.225057 0.232829 0.240771 0.248880 0.257157 0.265599 0.274205 0.282975 0.291906 0.300998 0.310250 0.319661 0.329229 0.338954 0.348833 0.358868 0.369055 0.379393 0.389882 0.400521 0.411307
0.074168 0.083293 0.088037 0.091331 0.094232 0.097123 0.100149 0.103366 0.106798 0.110452 0.114332 0.118436 0.122762 0.127307 0.132067 0.137039 0.142219 0.147604 0.153190 0.158974 0.164953 0.171125 0.177485 0.184033 0.190764 0.197678 0.204771 0.212042 0.219489 0.227110 0.234904 0.242868 0.251002 0.259304 0.267773 0.276408 0.285207 0.294169 0.303293 0.312577 0.322022 0.331625 0.341385 0.351301 0.361372 0.371597 0.381974 0.392502 0.403179 0.414005
0.104509 0.096860 0.095446 0.096305 0.098107 0.100413 0.103074 0.106039 0.109285 0.112797 0.116567 0.120585 0.124844 0.129336 0.134056 0.138997 0.144155 0.149523 0.155098 0.160875 0.166851 0.173023 0.179386 0.185939 0.192678 0.199601 0.206705 0.213989 0.221451 0.229087 0.236898 0.244881 0.253035 0.261358 0.269849 0.278507 0.287330 0.296317 0.305467 0.314779 0.324251 0.333882 0.343671 0.353617 0.363718 0.373974 0.384381 0.394941 0.405649 0.416506
0.099031 0.098248 0.098592 0.099618 0.101185 0.103208 0.105629 0.108407 0.111509 0.114912 0.118598 0.122550 0.126758 0.131210 0.135898 0.140814 0.145952 0.151306 0.156870 0.162641 0.168613 0.174782 0.181146 0.187702 0.194445 0.201375 0.208487 0.215780 0.223252 0.230901 0.238725 0.246723 0.254892 0.263231 0.271740 0.280416 0.289258 0.298264 0.307435 0.316767 0.326261 0.335914 0.345726 0.355695 0.365819 0.376097 0.386528 0.397111 0.407843 0.418723
0.086810 0.095711 0.098898 0.100788 0.102616 0.104717 0.107161 0.109945 0.113049 0.116451 0.120135 0.124085 0.128289 0.132737 0.137422 0.142335 0.147470 0.152821 0.158384 0.164154 0.170127 0.176298 0.182665 0.189223 0.195972 0.202906 0.210025 0.217326 0.224807 0.232465 0.240299 0.248307 0.256488 0.264840 0.273361 0.282050 0.290906 0.299927 0.309112 0.318460 0.327969 0.337638 0.347465 0.357449 0.367589 0.377883 0.388330 0.398928 0.409676 0.420571
0.107459 0.100445 0.099585 0.100655 0.102530 0.104868 0.107550 0.110528 0.113782 0.117298 0.121066 0.125079 0.129331 0.133815 0.138527 0.143460 0.148612 0.153976 0.159549 0.165327 0.171307 0.177485 0.183858 0.190423 0.197177 0.204118 0.211243 0.218550 0.226037 0.233702 0.241544 0.249559 0.257748 0.266108 0.274637 0.283335 0.292199 0.301229 0.310423 0.319780 0.329297 0.338975 0.348810 0.358803 0.368951 0.379253 0.389708 0.400313 0.411068 0.421970
0.091445 0.094143 0.096164 0.098563 0.101249 0.104138 0.107209 0.110470 0.113930 0.117600 0.121485 0.125588 0.129909 0.134447 0.139201 0.144168 0.149345 0.154730 0.160321 0.166113 0.172104 0.178291 0.184672 0.191244 0.198004 0.204950 0.212080 0.219392 0.226884 0.234553 0.242398 0.250418 0.258610 0.266973 0.275506 0.284207 0.293074 0.302106 0.311302 0.320661 0.330180 0.339859 0.349695 0.359688 0.369837 0.380138 0.390592 0.401196 0.411948 0.422848
0.082596 0.087908 0.092923 0.096881 0.100309 0.103580 0.106878 0.110294 0.113872 0.117635 0.121595 0.125758 0.130129 0.134708 0.139495 0.144489 0.149689 0.155093 0.160698 0.166502 0.172502 0.178697 0.185084 0.191660 0.198424 0.205373 0.212504 0.219817 0.227309 0.234978 0.242822 0.250840 0.259030 0.267391 0.275920 0.284618 0.293481 0.302508 0.311699 0.321052 0.330565 0.340236 0.350065 0.360050 0.370189 0.380481 0.390925 0.401518 0.412259 0.423146
0.079225 0.090965 0.095263 0.098178 0.100964 0.103886 0.107001 0.110324 0.113856 0.117600 0.121555 0.125722 0.130099 0.134686 0.139481 0.144482 0.149688 0.155097 0.160706 0.166512 0.172514 0.178709 0.185095 0.191670 0.198430 0.205375 0.212502 0.219809 0.227295 0.234956 0.242793 0.250802 0.258983 0.267333 0.275852 0.284537 0.293388 0.302402 0.311579 0.320916 0.330413 0.340068 0.349879 0.359846 0.369966 0.380238 0.390661 0.401232 0.411951 0.422815
0.122630 0.104387 0.100312 0.100451 0.102119 0.104500 0.107314 0.110449 0.113858 0.117516 0.121410 0.125532 0.129877 0.134438 0.139213 0.144197 0.149389 0.154785 0.160381 0.166176 0.172167 0.178350 0.184724 0.191286 0.198034 0.204965 0.212078 0.219370 0.226840 0.234485 0.242304 0.250296 0.258457 0.266788 0.275285 0.283949 0.292776 0.301767 0.310919 0.320230 0.329700 0.339328 0.349110 0.359047 0.369136 0.379377 0.389767 0.400304 0.410989 0.421817
0.081753 0.093541 0.097427 0.099800 0.102080 0.104578 0.107353 0.110406 0.113727 0.117303 0.121125 0.125184 0.129473 0.133987 0.138720 0.143668 0.148826 0.154190 0.159758 0.165525 0.171489 0.177647 0.183996 0.190532 0.197255 0.204160 0.211247 0.218513 0.225955 0.233572 0.241363 0.249324 0.257455 0.265754 0.274218 0.282848 0.291641 0.300595 0.309710 0.318983 0.328413 0.338000 0.347741 0.357635 0.367680 0.377876 0.388220 0.398711 0.409348 0.420128
0.088496 0.092626 0.096221 0.099085 0.101685 0.104316 0.107115 0.110137 0.113402 0.116912 0.120667 0.124660 0.128886 0.133341 0.138018 0.142913 0.148022 0.153340 0.158863 0.164587 0.170509 0.176626 0.182935 0.189432 0.196115 0.202981 0.210028 0.217254 0.224656 0.232231 0.239979 0.247898 0.255984 0.264238 0.272656 0.281238 0.289982 0.298887 0.307950 0.317171 0.326547 0.336079 0.345764 0.355601 0.365588 0.375724 0.386008 0.396438 0.407012 0.417730
0.100716 0.097892 0.098189 0.099677 0.101721 0.104115 0.106792 0.109730 0.112920 0.116359 0.120041 0.123963 0.128119 0.132504 0.137115 0.141945 0.146991 0.152248 0.157712 0.163379 0.169245 0.175307 0.181561 0.188004 0.194633 0.201446 0.208439 0.215610 0.222957 0.230477 0.238168 0.246029 0.254057 0.262250 0.270608 0.279127 0.287807 0.296646 0.305643 0.314796 0.324104 0.333565 0.343178 0.352942 0.362855 0.372917 0.383125 0.393478 0.403975 0.414614
0.096924 0.098128 0.098657 0.099852 0.101638 0.103852 0.106397 0.109228 0.112324 0.115673 0.119269 0.123106 0.127180 0.131485 0.136016 0.140769 0.145739 0.150922 0.156313 0.161909 0.167705 0.173698 0.179884 0.186259 0.192820 0.199565 0.206490 0.213593 0.220870 0.228320 0.235940 0.243728 0.251683 0.259801 0.268081 0.276523 0.285123 0.293881 0.302795 0.311864 0.321086 0.330460 0.339986 0.349660 0.359484 0.369454 0.379570 0.389830 0.400233 0.410779
0.098188 0.095947 0.097266 0.099132 0.101177 0.103420 0.105900 0.108632 0.111620 0.114862 0.118354 0.122091 0.126066 0.130276 0.134715 0.139377 0.144259 0.149356 0.154662 0.160175 0.165889 0.171800 0.177905 0.184200 0.190681 0.197345 0.204188 0.211208 0.218402 0.225768 0.233302 0.241002 0.248867 0.256894 0.265082 0.273429 0.281933 0.290594 0.299409 0.308377 0.317497 0.326768 0.336189 0.345758 0.355474 0.365337 0.375345 0.385496 0.395790 0.406225
0.080067 0.092233 0.096483 0.098849 0.100876 0.102995 0.105332 0.107924 0.110779 0.113895 0.117267 0.120888 0.124752 0.128854 0.133188 0.137749 0.142532 0.147532 0.152743 0.158162 0.163783 0.169603 0.175616 0.181819 0.188208 0.194779 0.201528 0.208453 0.215550 0.222816 0.230249 0.237847 0.245608 0.253529 0.261608 0.269845 0.278237 0.286784 0.295483 0.304335 0.313337 0.322488 0.331788 0.341236 0.350830 0.360569 0.370452 0.380479 0.390648 0.400958
0.111673 0.101602 0.099362 0.099574 0.100769 0.102495 0.104597 0.107015 0.109723 0.112703 0.115947 0.119445 0.123190 0.127177 0.131399 0.135851 0.140527 0.145422 0.150530 0.155847 0.161368 0.167086 0.172998 0.179099 0.185385 0.191851 0.198494 0.205310 0.212296 0.219450 0.226768 0.234249 0.241890 0.249689 0.257646 0.265757 0.274023 0.282440 0.291010 0.299729 0.308598 0.317615 0.326780 0.336091 0.345548 0.355149 0.364895 0.374783 0.384813 0.394984
0.096924 0.097548 0.097774 0.098541 0.099805 0.101466 0.103463 0.105763 0.108348 0.111205 0.114325 0.117701 0.121327 0.125196 0.129303 0.133642 0.138208 0.142993 0.147993 0.153202 0.158613 0.164222 0.170022 0.176010 0.182179 0.188528 0.195050 0.201744 0.208606 0.215633 0.222822 0.230172 0.237680 0.245345 0.253165 0.261138 0.269263 0.277539 0.285966 0.294541 0.303264 0.312135 0.321152 0.330315 0.339623 0.349075 0.358670 0.368408 0.378288 0.388309
0.086810 0.091808 0.094613 0.096492 0.098162 0.099927 0.101902 0.104126 0.106610 0.109356 0.112359 0.115616 0.119123 0.122875 0.126866 0.131091 0.135541 0.140212 0.145095 0.150185 0.155475 0.160960 0.166634 0.172493 0.178532 0.184748 0.191135 0.197692 0.204415 0.211302 0.218350 0.225558 0.232922 0.240441 0.248114 0.255939 0.263915 0.272041 0.280316 0.288739 0.297308 0.306024 0.314886 0.323892 0.333043 0.342338 0.351776 0.361356 0.371078 0.380942
0.090603 0.092876 0.094065 0.095234 0.096597 0.098200 0.100056 0.102168 0.104537 0.107163 0.110045 0.113180 0.116566 0.120197 0.124067 0.128167 0.132491 0.137030 0.141778 0.146729 0.151877 0.157217 0.162745 0.168455 0.174345 0.180410 0.186647 0.193053 0.199626 0.206363 0.213261 0.220318 0.227532 0.234901 0.242422 0.250095 0.257919 0.265891 0.274011 0.282278 0.290692 0.299251 0.307954 0.316802 0.325794 0.334929 0.344206 0.353626 0.363188 0.372890
0.102823 0.095704 0.093904 0.094022 0.094951 0.096321 0.098006 0.099967 0.102190 0.104673 0.107415 0.110413 0.113662 0.117155 0.120879 0.124827 0.128991 0.133365 0.137944 0.142723 0.147698 0.152865 0.158219 0.163758 0.169479 0.175378 0.181452 0.187699 0.194115 0.200697 0.207442 0.214348 0.221412 0.228631 0.236004 0.243528 0.251202 0.259025 0.266995 0.275112 0.283373 0.291780 0.300330 0.309023 0.317860 0.326838 0.335959 0.345221 0.354625 0.364169
0.085124 0.088954 0.090679 0.091851 0.092999 0.094304 0.095831 0.097606 0.099641 0.101942 0.104510 0.107337 0.110410 0.113715 0.117239 0.120979 0.124929 0.129088 0.133453 0.138020 0.142787 0.147750 0.152908 0.158257 0.163793 0.169516 0.175421 0.181506 0.187764 0.194193 0.200789 0.207549 0.214470 0.221548 0.228781 0.236167 0.243703 0.251388 0.259220 0.267197 0.275319 0.283584 0.291992 0.300542 0.309234 0.318066 0.327040 0.336154 0.345409 0.354803
0.082596 0.087685 0.089557 0.090556 0.091427 0.092429 0.093658 0.095154 0.096935 0.099001 0.101339 0.103926 0.106747 0.109780 0.113031 0.116499 0.120184 0.124085 0.128200 0.132526 0.137060 0.141801 0.146746 0.151892 0.157236 0.162776 0.168508 0.174427 0.180526 0.186803 0.193255 0.199876 0.206663 0.213611 0.220717 0.227979 0.235392 0.242954 0.250664 0.258519 0.266518 0.274660 0.282942 0.291366 0.299929 0.308632 0.317474 0.326455 0.335574 0.344832
0.101138 0.093579 0.091090 0.090290 0.090238 0.090651 0.091440 0.092576 0.094043 0.095809 0.097830 0.100081 0.102569 0.105291 0.108242 0.111420 0.114825 0.118453 0.122303 0.126373 0.130660 0.135162 0.139876 0.144801 0.149932 0.155268 0.160806 0.166543 0.172474 0.178595 0.184900 0.191382 0.198038 0.204863 0.211852 0.218999 0.226303 0.233759 0.241363 0.249114 0.257008 0.265045 0.273222 0.281539 0.289993 0.298586 0.307315 0.316181 0.325184 0.334322
0.091445 0.091206 0.089923 0.089000 0.088557 0.088554 0.088955 0.089740 0.090861 0.092247 0.093893 0.095793 0.097942 0.100338 0.102978 0.105856 0.108971 0.112320 0.115900 0.119707 0.123741 0.127998 0.132475 0.137170 0.142080 0.147202 0.152534 0.158074 0.163817 0.169761 0.175901 0.182234 0.188752 0.195449 0.202319 0.209357 0.216556 0.223913 0.231424 0.239083 0.246889 0.254837 0.262927 0.271155 0.279520 0.288021 0.296658 0.305429 0.314334 0.323372
0.089338 0.088266 0.087591 0.086862 0.086286 0.086011 0.086102 0.086550 0.087283 0.088294 0.089579 0.091134 0.092952 0.095029 0.097361 0.099943 0.102772 0.105844 0.109155 0.112704 0.116485 0.120498 0.124738 0.129203 0.133891 0.138798 0.143921 0.149259 0.154808 0.160564 0.166526 0.172690 0.179051 0.185606 0.192347 0.199266 0.206357 0.213614 0.221032 0.228605 0.236329 0.244199 0.252212 0.260366 0.268656 0.277083 0.285643 0.294336 0.303162 0.312118
0.086389 0.087469 0.086242 0.084882 0.083825 0.083171 0.082924 0.082997 0.083370 0.084039 0.084994 0.086229 0.087739 0.089518 0.091560 0.093861 0.096417 0.099224 0.102277 0.105575 0.109112 0.112887 0.116896 0.121137 0.125605 0.130299 0.135216 0.140353 0.145707 0.151275 0.157054 0.163042 0.169235 0.175629 0.182222 0.189007 0.195977 0.203124 0.210442 0.217924 0.225564 0.233356 0.241297 0.249381 0.257605 0.265965 0.274461 0.283089 0.291847 0.300736
0.100295 0.089773 0.085254 0.082699 0.081069 0.080056 0.079466 0.079219 0.079291 0.079667 0.080337 0.081291 0.082526 0.084033 0.085810 0.087851 0.090151 0.092708 0.095518 0.098576 0.101880 0.105427 0.109213 0.113235 0.117491 0.121977 0.126691 0.131630 0.136791 0.142171 0.147767 0.153578 0.159598 0.165827 0.172260 0.178894 0.185724 0.192746 0.199949 0.207327 0.214873 0.222580 0.230443 0.238454 0.246611 0.254907 0.263341 0.271908 0.280607 0.289435
0.079225 0.082270 0.081042 0.079302 0.077832 0.076743 0.075974 0.075515 0.075358 0.075495 0.075919 0.076627 0.077613 0.078874 0.080406 0.082205 0.084266 0.086588 0.089166 0.091997 0.095077 0.098405 0.101975 0.105786 0.109835 0.114118 0.118633 0.123377 0.128348 0.133541 0.138955 0.144587 0.150435 0.156494 0.162762 0.169237 0.175915 0.182792 0.189863 0.197121 0.204558 0.212166 0.219937 0.227866 0.235946 0.244172 0.252539 0.261044 0.269681 0.278449
0.086810 0.080697 0.078213 0.076470 0.075068 0.073929 0.073030 0.072393 0.072029 0.071943 0.072136 0.072608 0.073357 0.074382 0.075678 0.077244 0.079076 0.081171 0.083526 0.086136 0.089000 0.092114 0.095475 0.099080 0.102926 0.107009 0.111328 0.115880 0.120661 0.125668 0.130900 0.136353 0.142025 0.147912 0.154012 0.160323 0.166841 0.173563 0.180486 0.187605 0.194914 0.202405 0.210069 0.217900 0.225890 0.234032 0.242321 0.250752 0.259320 0.268021
0.076275 0.078643 0.077297 0.075490 0.073856 0.072463 0.071305 0.070406 0.069781 0.069435 0.069373 0.069594 0.070098 0.070880 0.071940 0.073273 0.074877 0.076748 0.078882 0.081276 0.083926 0.086830 0.089984 0.093386 0.097031 0.100917 0.105041 0.109400 0.113992 0.118813 0.123861 0.129133 0.134626 0.140338 0.146266 0.152407 0.158759 0.165319 0.172083 0.179049 0.186212 0.193568 0.201106 0.208820 0.216702 0.224743 0.232938 0.241280 0.249764 0.258386
0.094395 0.084423 0.080044 0.077044 0.074679 0.072756 0.071159 0.069879 0.068912 0.068254 0.067899 0.067845 0.068085 0.068615 0.069431 0.070529 0.071903 0.073549 0.075464 0.077643 0.080082 0.082778 0.085728 0.088927 0.092373 0.096062 0.099992 0.104159 0.108560 0.113193 0.118055 0.123143 0.128455 0.133988 0.139738 0.145705 0.151885 0.158274 0.164872 0.171674 0.178678 0.185881 0.193276 0.200854 0.208608 0.216529 0.224611 0.232845 0.241227 0.249750
0.082174 0.086259 0.083539 0.080093 0.077056 0.074557 0.072474 0.070777 0.069443 0.068453 0.067795 0.067458 0.067432 0.067710 0.068284 0.069148 0.070296 0.071722 0.073422 0.075390 0.077623 0.080115 0.082863 0.085863 0.089111 0.092605 0.096341 0.100316 0.104526 0.108970 0.113644 0.118546 0.123672 0.129022 0.134591 0.140377 0.146378 0.152592 0.159015 0.165645 0.172480 0.179516 0.186750 0.194176 0.201783 0.209565 0.217512 0.225619 0.233877 0.242281
0.115887 0.096692 0.088780 0.083896 0.080223 0.077293 0.074847 0.072820 0.071179 0.069904 0.068978 0.068387 0.068119 0.068165 0.068515 0.069163 0.070099 0.071319 0.072815 0.074583 0.076617 0.078913 0.081467 0.084273 0.087329 0.090631 0.094176 0.097960 0.101981 0.106235 0.110720 0.115434 0.120373 0.125535 0.130918 0.136520 0.142337 0.148368 0.154610 0.161060 0.167717 0.174577 0.181639 0.188896 0.196341 0.203964 0.211758 0.219715 0.227828 0.236090
0.083860 0.092013 0.090285 0.086849 0.083461 0.080495 0.077913 0.075709 0.073877 0.072406 0.071283 0.070498 0.070038 0.069894 0.070057 0.070518 0.071270 0.072306 0.073619 0.075204 0.077056 0.079168 0.081538 0.084161 0.087032 0.090149 0.093508 0.097106 0.100939 0.105006 0.109304 0.113829 0.118580 0.123553 0.128748 0.134161 0.139790 0.145634 0.151689 0.157953 0.164425 0.171102 0.177981 0.185058 0.192325 0.199774 0.207395 0.215183 0.223129 0.231227
0.114201 0.100611 0.094794 0.090666 0.087179 0.084187 0.081562 0.079289 0.077367 0.075791 0.074552 0.073642 0.073051 0.072769 0.072790 0.073104 0.073706 0.074587 0.075743 0.077167 0.078855 0.080801 0.083002 0.085454 0.088151 0.091092 0.094273 0.097691 0.101344 0.105227 0.109340 0.113679 0.118243 0.123028 0.128034 0.133257 0.138697 0.144350 0.150214 0.156289 0.162571 0.169058 0.175748 0.182636 0.189713 0.196971 0.204404 0.212002 0.219762 0.227675
0.100716 0.102275 0.098837 0.094953 0.091440 0.088425 0.085792 0.083509 0.081566 0.079956 0.078667 0.077692 0.077024 0.076653 0.076574 0.076780 0.077264 0.078021 0.079045 0.080332 0.081877 0.083675 0.085723 0.088017 0.090554 0.093331 0.096344 0.099590 0.103068 0.106775 0.110708 0.114866 0.119246 0.123846 0.128664 0.133699 0.138949 0.144411 0.150084 0.155966 0.162056 0.168350 0.174845 0.181535 0.188410 0.195466 0.202694 0.210088 0.217643 0.225354
0.121365 0.110220 0.104199 0.099772 0.096171 0.093176 0.090587 0.088347 0.086434 0.084835 0.083540 0.082541 0.081832 0.081406 0.081258 0.081383 0.081775 0.082431 0.083346 0.084515 0.085935 0.087602 0.089513 0.091664 0.094053 0.096676 0.099532 0.102617 0.105930 0.109468 0.113229 0.117211 0.121413 0.125833 0.130468 0.135318 0.140381 0.145654 0.151137 0.156828 0.162724 0.168823 0.175117 0.181599 0.188265 0.195106 0.202118 0.209295 0.216633 0.224127
0.113780 0.111802 0.108047 0.104407 0.101180 0.098395 0.095940 0.093789 0.091933 0.090364 0.089077 0.088068 0.087332 0.086865 0.086663 0.086722 0.087038 0.087608 0.088428 0.089494 0.090803 0.092353 0.094140 0.096161 0.098414 0.100896 0.103606 0.106541 0.109698 0.113077 0.116675 0.120490 0.124522 0.128768 0.133227 0.137898 0.142779 0.147868 0.153165 0.158667 0.164370 0.170268 0.176354 0.182624 0.189071 0.195691 0.202479 0.209431 0.216542 0.223810
0.120523 0.116105 0.112814 0.109703 0.106812 0.104223 0.101887 0.099803 0.097981 0.096424 0.095131 0.094101 0.093333 0.092822 0.092567 0.092565 0.092810 0.093302 0.094036 0.095010 0.096219 0.097663 0.099338 0.101241 0.103370 0.105723 0.108298 0.111094 0.114107 0.117337 0.120782 0.124441 0.128312 0.132394 0.136686 0.141186 0.145893 0.150805 0.155921 0.161235 0.166741 0.172435 0.178311 0.184364 0.190591 0.196986 0.203546 0.210268 0.217150 0.224189
0.123894 0.122623 0.119485 0.116280 0.113320 0.110688 0.108331 0.106222 0.104369 0.102777 0.101446 0.100374 0.099559 0.098998 0.098687 0.098623 0.098803 0.099222 0.099879 0.100769 0.101890 0.103239 0.104813 0.106610 0.108628 0.110865 0.113318 0.115987 0.118869 0.121963 0.125268 0.128782 0.132504 0.136433 0.140568 0.144908 0.149450 0.154193 0.159129 0.164254 0.169564 0.175054 0.180720 0.186558 0.192564 0.198736 0.205070 0.211565 0.218220 0.225032
0.141593 0.132416 0.127425 0.123558 0.120234 0.117351 0.114848 0.112632 0.110697 0.109038 0.107649 0.106524 0.105659 0.105047 0.104685 0.104567 0.104689 0.105048 0.105638 0.106457 0.107502 0.108770 0.110258 0.111964 0.113885 0.116020 0.118366 0.120923 0.123688 0.126661 0.129839 0.133223 0.136810 0.140600 0.144591 0.148781 0.153166 0.157740 0.162500 0.167440 0.172558 0.177848 0.183309 0.188936 0.194728 0.200683 0.206798 0.213074 0.219508 0.226101
0.136115 0.137398 0.134002 0.130101 0.126516 0.123395 0.120737 0.118427 0.116426 0.114719 0.113292 0.112136 0.111240 0.110599 0.110205 0.110052 0.110136 0.110451 0.110994 0.111760 0.112747 0.113952 0.115371 0.117003 0.118844 0.120894 0.123151 0.125612 0.128277 0.131144 0.134212 0.137481 0.140948 0.144613 0.148472 0.152520 0.156752 0.161166 0.165755 0.170518 0.175451 0.180551 0.185816 0.191243 0.196832 0.202580 0.208488 0.214555 0.220780 0.227165
0.159713 0.146214 0.139577 0.134929 0.131160 0.127981 0.125303 0.123021 0.121048 0.119368 0.117965 0.116827 0.115946 0.115312 0.114920 0.114763 0.114836 0.115134 0.115654 0.116390 0.117341 0.118504 0.119875 0.121452 0.123234 0.125218 0.127403 0.129787 0.132370 0.135150 0.138125 0.141296 0.144659 0.148210 0.151945 0.155859 0.159949 0.164211 0.168642 0.173239 0.177999 0.182921 0.188003 0.193244 0.198644 0.204200 0.209915 0.215788 0.221819 0.228009
0.140750 0.142832 0.140117 0.136747 0.133545 0.130683 0.128205 0.126095 0.124267 0.122703 0.121395 0.120336 0.119519 0.118937 0.118584 0.118457 0.118549 0.118858 0.119380 0.120111 0.121050 0.122192 0.123536 0.125080 0.126822 0.128761 0.130894 0.133220 0.135739 0.138450 0.141351 0.144439 0.147709 0.151157 0.154780 0.158573 0.162533 0.166657 0.170943 0.175388 0.179991 0.184751 0.189666 0.194737 0.199963 0.205344 0.210882 0.216577 0.222430 0.228442
0.151285 0.143865 0.140160 0.137106 0.134316 0.131795 0.129578 0.127686 0.126059 0.124663 0.123497 0.122555 0.121836 0.121336 0.121052 0.120980 0.121117 0.121460 0.122007 0.122755 0.123701 0.124844 0.126182 0.127712 0.129434 0.131345 0.133445 0.135733 0.138206 0.140865 0.143706 0.146723 0.149913 0.153271 0.156795 0.160481 0.164326 0.168327 0.172484 0.176793 0.181256 0.185870 0.190636 0.195553 0.200623 0.205847 0.211225 0.216759 0.222450 0.228300
0.141172 0.142219 0.139616 0.136737 0.134106 0.131778 0.129750 0.128023 0.126576 0.125342 0.124316 0.123498 0.122885 0.122478 0.122273 0.122269 0.122465 0.122857 0.123444 0.124224 0.125195 0.126355 0.127703 0.129236 0.130954 0.132855 0.134938 0.137202 0.139647 0.142267 0.145059 0.148019 0.151141 0.154424 0.157863 0.161456 0.165201 0.169095 0.173138 0.177329 0.181667 0.186152 0.190786 0.195567 0.200499 0.205581 0.210816 0.216205 0.221751 0.227455
0.154235 0.143515 0.138772 0.135626 0.133076 0.130876 0.128966 0.127335 0.125984 0.124869 0.123952 0.123233 0.122713 0.122389 0.122261 0.122327 0.122584 0.123032 0.123668 0.124489 0.125495 0.126683 0.128053 0.129601 0.131328 0.133232 0.135312 0.137566 0.139993 0.142585 0.145341 0.148254 0.151322 0.154541 0.157909 0.161423 0.165082 0.168884 0.172828 0.176915 0.181144 0.185517 0.190033 0.194695 0.199503 0.204460 0.209567 0.214828 0.220243 0.225815
0.132743 0.136527 0.135562 0.133514 0.131309 0.129224 0.127353 0.125738 0.124395 0.123325 0.122476 0.121828 0.121378 0.121124 0.121064 0.121195 0.121514 0.122019 0.122706 0.123575 0.124622 0.125846 0.127246 0.128818 0.130563 0.132479 0.134566 0.136819 0.139235 0.141809 0.144537 0.147414 0.150437 0.153603 0.156911 0.160357 0.163942 0.167664 0.171522 0.175518 0.179652 0.183926 0.188339 0.192894 0.197594 0.202439 0.207433 0.212578 0.217877 0.223331
0.141593 0.137382 0.134409 0.131675 0.129149 0.126881 0.124900 0.123214 0.121827 0.120734 0.119919 0.119326 0.118937 0.118748 0.118753 0.118948 0.119329 0.119893 0.120636 0.121555 0.122648 0.123913 0.125347 0.126949 0.128718 0.130652 0.132750 0.135007 0.137418 0.139978 0.142684 0.145530 0.148515 0.151636 0.154891 0.158279 0.161798 0.165450 0.169233 0.173150 0.177200 0.181385 0.185708 0.190169 0.194772 0.199518 0.204411 0.209453 0.214646 0.219994
0.143700 0.137611 0.132781 0.129030 0.125999 0.123483 0.121380 0.119637 0.118225 0.117123 0.116317 0.115780 0.115467 0.115351 0.115430 0.115695 0.116144 0.116771 0.117573 0.118546 0.119687 0.120995 0.122467 0.124101 0.125896 0.127850 0.129961 0.132222 0.134628 0.137175 0.139860 0.142678 0.145628 0.148708 0.151915 0.155250 0.158712 0.162300 0.166017 0.169862 0.173837 0.177944 0.182185 0.186563 0.191079 0.195737 0.200539 0.205488 0.210587 0.215837
0.138643 0.131728 0.127302 0.123857 0.121008 0.118615 0.116610 0.114951 0.113612 0.112572 0.111817 0.111333 0.111096 0.111077 0.111243 0.111590 0.112114 0.112809 0.113672 0.114700 0.115891 0.117242 0.118750 0.120415 0.122235 0.124207 0.126325 0.128586 0.130984 0.133515 0.136178 0.138967 0.141883 0.144923 0.148085 0.151371 0.154779 0.158310 0.161965 0.165746 0.169654 0.173691 0.177859 0.182161 0.186599 0.191177 0.195897 0.200761 0.205773 0.210932
0.118416 0.120216 0.118792 0.116656 0.114503 0.112542 0.110837 0.109400 0.108231 0.107323 0.106669 0.106261 0.106090 0.106141 0.106395 0.106831 0.107434 0.108197 0.109120 0.110201 0.111438 0.112828 0.114368 0.116058 0.117895 0.119874 0.121992 0.124244 0.126628 0.129139 0.131776 0.134535 0.137415 0.140416 0.143535 0.146774 0.150132 0.153609 0.157208 0.160930 0.164776 0.168749 0.172850 0.177084 0.181451 0.185955 0.190600 0.195386 0.200315 0.205380
0.118416 0.114160 0.111658 0.109601 0.107767 0.106136 0.104715 0.103512 0.102529 0.101767 0.101224 0.100898 0.100786 0.100882 0.101178 0.101662 0.102321 0.103141 0.104117 0.105243 0.106518 0.107937 0.109498 0.111200 0.113040 0.115016 0.117125 0.119362 0.121725 0.124212 0.126820 0.129546 0.132391 0.135352 0.138429 0.141622 0.144932 0.148360 0.151906 0.155572 0.159361 0.163274 0.167314 0.171483 0.175785 0.180221 0.184795 0.189505 0.194345 0.199297
0.111252 0.108038 0.105422 0.103346 0.101625 0.100158 0.098903 0.097847 0.096986 0.096320 0.095850 0.095575 0.095496 0.095610 0.095913 0.096401 0.097066 0.097897 0.098888 0.100030 0.101318 0.102749 0.104317 0.106019 0.107854 0.109819 0.111911 0.114127 0.116466 0.118924 0.121500 0.124192 0.126999 0.129920 0.132955 0.136104 0.139367 0.142746 0.146242 0.149855 0.153590 0.157446 0.161427 0.165536 0.169775 0.174146 0.178650 0.183275 0.188007 0.192851
0.103666 0.101589 0.099671 0.097938 0.096379 0.094994 0.093787 0.092763 0.091924 0.091274 0.090812 0.090538 0.090451 0.090550 0.090832 0.091293 0.091929 0.092733 0.093700 0.094821 0.096091 0.097504 0.099056 0.100741 0.102556 0.104498 0.106565 0.108753 0.111060 0.113485 0.116025 0.118679 0.121447 0.124326 0.127318 0.130421 0.133638 0.136968 0.140414 0.143976 0.147656 0.151457 0.155381 0.159431 0.163609 0.167916 0.172340 0.176867 0.181502 0.186247
0.097767 0.096613 0.095311 0.093766 0.092195 0.090732 0.089437 0.088334 0.087430 0.086725 0.086216 0.085900 0.085773 0.085832 0.086071 0.086488 0.087077 0.087834 0.088754 0.089830 0.091058 0.092430 0.093943 0.095591 0.097370 0.099276 0.101305 0.103455 0.105723 0.108108 0.110607 0.113218 0.115941 0.118776 0.121721 0.124778 0.127946 0.131226 0.134621 0.138130 0.141756 0.145501 0.149368 0.153359 0.157476 0.161710 0.166047 0.170487 0.175033 0.179687
0.094817 0.095182 0.093102 0.090855 0.088838 0.087096 0.085619 0.084387 0.083387 0.082606 0.082035 0.081665 0.081488 0.081499 0.081692 0.082060 0.082600 0.083306 0.084174 0.085197 0.086372 0.087693 0.089155 0.090753 0.092483 0.094341 0.096323 0.098426 0.100647 0.102984 0.105435 0.107999 0.110674 0.113459 0.116355 0.119361 0.122478 0.125706 0.129047 0.132502 0.136073 0.139761 0.143569 0.147499 0.151552 0.155709 0.159965 0.164325 0.168790 0.173361
0.108723 0.096312 0.090969 0.087767 0.085410 0.083517 0.081954 0.080665 0.079621 0.078802 0.078197 0.077793 0.077583 0.077560 0.077716 0.078047 0.078546 0.079208 0.080029 0.081004 0.082127 0.083396 0.084805 0.086350 0.088027 0.089832 0.091761 0.093812 0.095981 0.098266 0.100665 0.103177 0.105800 0.108533 0.111376 0.114329 0.117392 0.120566 0.123851 0.127250 0.130763 0.134392 0.138140 0.142008 0.145994 0.150079 0.154263 0.158549 0.162938 0.167434
0.079646 0.085251 0.084857 0.083191 0.081394 0.079743 0.078304 0.077083 0.076079 0.075282 0.074686 0.074283 0.074067 0.074030 0.074169 0.074476 0.074947 0.075577 0.076362 0.077296 0.078377 0.079600 0.080961 0.082456 0.084082 0.085835 0.087712 0.089710 0.091826 0.094058 0.096404 0.098862 0.101432 0.104111 0.106900 0.109799 0.112807 0.115924 0.119153 0.122494 0.125948 0.129517 0.133203 0.137009 0.140931 0.144950 0.149068 0.153287 0.157608 0.162035
0.088496 0.083453 0.081132 0.079333 0.077712 0.076244 0.074945 0.073826 0.072892 0.072145 0.071581 0.071198 0.070991 0.070957 0.071089 0.071384 0.071837 0.072444 0.073201 0.074104 0.075150 0.076334 0.077654 0.079105 0.080685 0.082391 0.084219 0.086167 0.088233 0.090415 0.092710 0.095117 0.097634 0.100261 0.102997 0.105842 0.108795 0.111858 0.115030 0.118313 0.121708 0.125217 0.128842 0.132584 0.136445 0.140407 0.144467 0.148625 0.152886 0.157250
0.083860 0.081037 0.078564 0.076597 0.074939 0.073496 0.072240 0.071164 0.070268 0.069550 0.069007 0.068637 0.068437 0.068401 0.068526 0.068809 0.069246 0.069832 0.070564 0.071439 0.072454 0.073604 0.074887 0.076300 0.077840 0.079504 0.081289 0.083193 0.085214 0.087350 0.089598 0.091958 0.094427 0.097005 0.099691 0.102485 0.105387 0.108396 0.111514 0.114741 0.118079 0.121529 0.125093 0.128773 0.132572 0.136484 0.140492 0.144599 0.148806 0.153116
0.080489 0.078255 0.076546 0.074804 0.073147 0.071657 0.070360 0.069257 0.068343 0.067613 0.067058 0.066676 0.066460 0.066406 0.066512 0.066772 0.067183 0.067743 0.068446 0.069291 0.070274 0.071391 0.072640 0.074018 0.075521 0.077148 0.078896 0.080762 0.082744 0.084839 0.087047 0.089365 0.091791 0.094326 0.096967 0.099714 0.102568 0.105528 0.108595 0.111769 0.115053 0.118447 0.121954 0.125574 0.129311 0.133166 0.137133 0.141197 0.145360 0.149624
0.075011 0.077678 0.076195 0.074165 0.072285 0.070655 0.069266 0.068095 0.067126 0.066345 0.065745 0.065318 0.065059 0.064965 0.065029 0.065250 0.065623 0.066144 0.066810 0.067619 0.068566 0.069648 0.070863 0.072207 0.073677 0.075271 0.076986 0.078819 0.080768 0.082830 0.085002 0.087285 0.089674 0.092170 0.094771 0.097477 0.100288 0.103204 0.106224 0.109351 0.112585 0.115928 0.119381 0.122946 0.126626 0.130422 0.134335 0.138362 0.142493 0.146721
0.097767 0.082755 0.077090 0.074077 0.071960 0.070249 0.068798 0.067561 0.066519 0.065663 0.064987 0.064488 0.064161 0.064001 0.064005 0.064169 0.064489 0.064961 0.065582 0.066348 0.067256 0.068301 0.069481 0.070792 0.072232 0.073797 0.075483 0.077288 0.079209 0.081242 0.083385 0.085636 0.087994 0.090456 0.093023 0.095693 0.098467 0.101343 0.104324 0.107409 0.110599 0.113896 0.117301 0.120817 0.124445 0.128188 0.132048 0.136025 0.140119 0.144322
0.065740 0.073778 0.074546 0.073439 0.071884 0.070301 0.068825 0.067506 0.066364 0.065404 0.064628 0.064034 0.063619 0.063379 0.063309 0.063406 0.063666 0.064083 0.064654 0.065375 0.066242 0.067251 0.068398 0.069680 0.071093 0.072632 0.074295 0.076075 0.077971 0.079978 0.082095 0.084319 0.086649 0.089082 0.091620 0.094259 0.097001 0.099846 0.102792 0.105842 0.108995 0.112254 0.115619 0.119093 0.122677 0.126374 0.130186 0.134116 0.138164 0.142331
0.079646 0.078085 0.076515 0.074657 0.072734 0.070897 0.069217 0.067725 0.066432 0.065340 0.064447 0.063748 0.063240 0.062918 0.062774 0.062806 0.063007 0.063372 0.063897 0.064578 0.065409 0.066387 0.067507 0.068765 0.070156 0.071674 0.073315 0.075072 0.076944 0.078927 0.081019 0.083219 0.085524 0.087934 0.090447 0.093063 0.095780 0.098599 0.101520 0.104542 0.107668 0.110897 0.114231 0.117671 0.121221 0.124881 0.128654 0.132543 0.136550 0.140677
0.096081 0.085837 0.080291 0.076641 0.073847 0.071531 0.069553 0.067853 0.066402 0.065185 0.064188 0.063402 0.062818 0.062429 0.062228 0.062209 0.062365 0.062692 0.063184 0.063835 0.064641 0.065598 0.066701 0.067943 0.069317 0.070815 0.072432 0.074165 0.076013 0.077973 0.080044 0.082223 0.084509 0.086901 0.089397 0.091996 0.094696 0.097498 0.100402 0.103406 0.106513 0.109722 0.113034 0.116452 0.119977 0.123610 0.127355 0.131213 0.135188 0.139282
0.084282 0.082652 0.079587 0.076514 0.073758 0.071353 0.069272 0.067481 0.065956 0.064676 0.063628 0.062798 0.062177 0.061756 0.061527 0.061484 0.061620 0.061930 0.062407 0.063046 0.063844 0.064794 0.065891 0.067121 0.068477 0.069951 0.071544 0.073254 0.075081 0.077022 0.079077 0.081242 0.083516 0.085897 0.088383 0.090973 0.093665 0.096459 0.099354 0.102350 0.105447 0.108645 0.111946 0.115351 0.118861 0.122478 0.126205 0.130044 0.133997 0.138067
0.080489 0.079564 0.077346 0.074825 0.072382 0.070148 0.068162 0.066427 0.064937 0.063681 0.062650 0.061834 0.061224 0.060813 0.060593 0.060557 0.060701 0.061017 0.061502 0.062150 0.062956 0.063913 0.065008 0.066223 0.067558 0.069014 0.070590 0.072283 0.074095 0.076024 0.078069 0.080228 0.082496 0.084874 0.087357 0.089945 0.092636 0.095429 0.098323 0.101318 0.104414 0.107610 0.110909 0.114310 0.117815 0.121426 0.125145 0.128974 0.132915 0.136972
0.085546 0.079129 0.075398 0.072639 0.070303 0.068237 0.066404 0.064797 0.063410 0.062240 0.061280 0.060525 0.059967 0.059602 0.059422 0.059422 0.059598 0.059944 0.060455 0.061128 0.061957 0.062927 0.064017 0.065228 0.066558 0.068008 0.069575 0.071261 0.073064 0.074985 0.077024 0.079179 0.081447 0.083824 0.086310 0.088901 0.091596 0.094393 0.097292 0.100292 0.103393 0.106594 0.109897 0.113301 0.116809 0.120421 0.124140 0.127968 0.131906 0.135959
0.076275 0.074237 0.072114 0.069941 0.067878 0.065996 0.064316 0.062844 0.061579 0.060517 0.059654 0.058984 0.058502 0.058203 0.058083 0.058137 0.058361 0.058751 0.059302 0.060012 0.060871 0.061852 0.062953 0.064171 0.065507 0.066959 0.068529 0.070215 0.072017 0.073937 0.075974 0.078128 0.080396 0.082777 0.085266 0.087862 0.090564 0.093368 0.096275 0.099284 0.102393 0.105603 0.108914 0.112327 0.115842 0.119462 0.123187 0.127019 0.130961 0.135016
0.068689 0.071046 0.069589 0.067533 0.065545 0.063757 0.062187 0.060829 0.059675 0.058718 0.057952 0.057371 0.056970 0.056745 0.056691 0.056805 0.057083 0.057521 0.058118 0.058870 0.059756 0.060759 0.061878 0.063111 0.064460 0.065923 0.067501 0.069194 0.071002 0.072926 0.074966 0.077122 0.079394 0.081778 0.084272 0.086874 0.089583 0.092395 0.095311 0.098329 0.101448 0.104668 0.107990 0.111413 0.114939 0.118568 0.122302 0.126143 0.130093 0.134155
0.085546 0.073135 0.068286 0.065482 0.063390 0.061661 0.060189 0.058937 0.057886 0.057026 0.056350 0.055851 0.055525 0.055368 0.055376 0.055546 0.055875 0.056361 0.057000 0.057791 0.058705 0.059733 0.060873 0.062126 0.063491 0.064968 0.066559 0.068262 0.070079 0.072010 0.074056 0.076217 0.078494 0.080883 0.083383 0.085991 0.088706 0.091527 0.094450 0.097477 0.100606 0.103836 0.107168 0.110601 0.114137 0.117777 0.121522 0.125373 0.129332 0.133402
0.059840 0.064941 0.064431 0.062877 0.061248 0.059755 0.058441 0.057311 0.056363 0.055593 0.054995 0.054567 0.054304 0.054204 0.054263 0.054480 0.054851 0.055376 0.056051 0.056873 0.057814 0.058864 0.060025 0.061296 0.062677 0.064169 0.065772 0.067486 0.069312 0.071252 0.073305 0.075473 0.077755 0.080150 0.082655 0.085269 0.087990 0.090816 0.093747 0.096781 0.099917 0.103156 0.106496 0.109939 0.113484 0.117133 0.120887 0.124747 0.128715 0.132793
0.068268 0.064374 0.062588 0.061066 0.059628 0.058304 0.057124 0.056103 0.055243 0.054547 0.054012 0.053637 0.053422 0.053362 0.053458 0.053708 0.054109 0.054661 0.055361 0.056206 0.057166 0.058235 0.059411 0.060696 0.062090 0.063593 0.065205 0.066928 0.068763 0.070709 0.072768 0.074942 0.077229 0.079628 0.082138 0.084756 0.087481 0.090312 0.093248 0.096287 0.099429 0.102673 0.106020 0.109469 0.113021 0.116676 0.120437 0.124304 0.128279 0.132364
0.066161 0.064054 0.062014 0.060297 0.058825 0.057541 0.056421 0.055457 0.054648 0.053993 0.053493 0.053149 0.052958 0.052921 0.053036 0.053303 0.053719 0.054285 0.054998 0.055855 0.056826 0.057904 0.059089 0.060381 0.061782 0.063291 0.064909 0.066637 0.068476 0.070426 0.072489 0.074665 0.076955 0.079357 0.081869 0.084490 0.087217 0.090051 0.092989 0.096031 0.099175 0.102423 0.105772 0.109225 0.112780 0.116440 0.120204 0.124074 0.128053 0.132141
