0.168376 0.171438 0.173494 0.174852 0.175766 0.176417 0.176918 0.177337 0.177710 0.178058 0.178392 0.178715 0.179030 0.179338 0.179638 0.179931 0.180217 0.180494 0.180763 0.181025 0.181278 0.181523 0.181759 0.181988 0.182210 0.182423 0.182630 0.182829 0.183021 0.183207 0.183387 0.183560 0.183728 0.183890 0.184046 0.184197 0.184344 0.184485 0.184622 0.184754 0.184883 0.185007 0.185128 0.185244 0.185358 0.185468 0.185574 0.185678 0.185779 0.185877
0.178224 0.178354 0.178293 0.178252 0.178313 0.178471 0.178696 0.178963 0.179251 0.179550 0.179850 0.180149 0.180443 0.180730 0.181010 0.181282 0.181546 0.181801 0.182048 0.182287 0.182518 0.182741 0.182956 0.183164 0.183364 0.183558 0.183745 0.183925 0.184100 0.184268 0.184431 0.184588 0.184740 0.184887 0.185029 0.185166 0.185299 0.185428 0.185553 0.185674 0.185791 0.185904 0.186014 0.186121 0.186225 0.186326 0.186424 0.186520 0.186613 0.186703
0.189400 0.185897 0.183552 0.182320 0.181793 0.181662 0.181741 0.181928 0.182167 0.182426 0.182691 0.182954 0.183210 0.183457 0.183694 0.183923 0.184142 0.184352 0.184555 0.184749 0.184936 0.185115 0.185288 0.185455 0.185616 0.185771 0.185921 0.186065 0.186205 0.186340 0.186471 0.186597 0.186719 0.186838 0.186953 0.187064 0.187172 0.187276 0.187378 0.187477 0.187573 0.187666 0.187757 0.187845 0.187931 0.188015 0.188097 0.188177 0.188255 0.188332
0.191984 0.186561 0.185160 0.184990 0.185185 0.185475 0.185776 0.186064 0.186332 0.186580 0.186808 0.187019 0.187214 0.187396 0.187566 0.187726 0.187876 0.188019 0.188154 0.188283 0.188406 0.188524 0.188637 0.188746 0.188851 0.188953 0.189051 0.189146 0.189238 0.189327 0.189414 0.189498 0.189580 0.189660 0.189737 0.189813 0.189887 0.189959 0.190029 0.190098 0.190165 0.190231 0.190295 0.190358 0.190420 0.190481 0.190541 0.190600 0.190659 0.190716
0.171752 0.181284 0.186027 0.188488 0.189843 0.190643 0.191148 0.191488 0.191731 0.191914 0.192058 0.192174 0.192271 0.192355 0.192428 0.192492 0.192551 0.192605 0.192656 0.192703 0.192748 0.192791 0.192832 0.192872 0.192911 0.192949 0.192987 0.193024 0.193060 0.193096 0.193132 0.193167 0.193202 0.193237 0.193271 0.193306 0.193340 0.193374 0.193409 0.193443 0.193477 0.193511 0.193546 0.193580 0.193615 0.193650 0.193685 0.193720 0.193755 0.193791
0.185189 0.192882 0.195735 0.196979 0.197594 0.197918 0.198088 0.198170 0.198199 0.198196 0.198172 0.198137 0.198095 0.198048 0.198001 0.197953 0.197906 0.197860 0.197816 0.197774 0.197735 0.197698 0.197663 0.197631 0.197601 0.197574 0.197548 0.197525 0.197504 0.197486 0.197469 0.197454 0.197441 0.197430 0.197421 0.197414 0.197408 0.197404 0.197402 0.197401 0.197402 0.197404 0.197408 0.197414 0.197421 0.197429 0.197439 0.197451 0.197464 0.197478
0.230340 0.215841 0.210380 0.208066 0.206927 0.206265 0.205815 0.205470 0.205182 0.204930 0.204701 0.204491 0.204296 0.204115 0.203944 0.203785 0.203635 0.203494 0.203361 0.203236 0.203118 0.203007 0.202903 0.202804 0.202712 0.202624 0.202542 0.202464 0.202392 0.202323 0.202259 0.202199 0.202143 0.202091 0.202043 0.201998 0.201956 0.201918 0.201883 0.201851 0.201822 0.201796 0.201774 0.201754 0.201737 0.201722 0.201711 0.201702 0.201696 0.201692
0.218183 0.218303 0.217044 0.215704 0.214587 0.213701 0.212992 0.212409 0.211915 0.211487 0.211107 0.210766 0.210455 0.210170 0.209906 0.209661 0.209433 0.209219 0.209019 0.208831 0.208653 0.208486 0.208328 0.208178 0.208037 0.207904 0.207778 0.207658 0.207546 0.207439 0.207339 0.207244 0.207155 0.207071 0.206993 0.206919 0.206850 0.206786 0.206727 0.206672 0.206621 0.206574 0.206532 0.206494 0.206460 0.206429 0.206403 0.206380 0.206362 0.206347
0.210535 0.218660 0.220481 0.220533 0.220073 0.219487 0.218899 0.218347 0.217842 0.217382 0.216962 0.216578 0.216224 0.215897 0.215593 0.215310 0.215045 0.214796 0.214561 0.214340 0.214131 0.213933 0.213746 0.213568 0.213400 0.213241 0.213089 0.212946 0.212811 0.212683 0.212561 0.212447 0.212339 0.212238 0.212142 0.212053 0.211969 0.211891 0.211819 0.211752 0.211691 0.211634 0.211583 0.211537 0.211495 0.211459 0.211427 0.211400 0.211378 0.211361
0.240131 0.228306 0.225563 0.224796 0.224389 0.224010 0.223614 0.223213 0.222819 0.222440 0.222081 0.221741 0.221421 0.221118 0.220832 0.220562 0.220305 0.220062 0.219831 0.219611 0.219402 0.219204 0.219015 0.218835 0.218664 0.218502 0.218348 0.218202 0.218064 0.217933 0.217810 0.217693 0.217584 0.217481 0.217385 0.217296 0.217213 0.217136 0.217065 0.217000 0.216941 0.216888 0.216841 0.216799 0.216763 0.216732 0.216707 0.216688 0.216674 0.216665
0.214154 0.225321 0.227658 0.228013 0.227921 0.227721 0.227491 0.227250 0.227005 0.226758 0.226514 0.226273 0.226037 0.225806 0.225582 0.225365 0.225155 0.224952 0.224757 0.224570 0.224390 0.224218 0.224054 0.223897 0.223747 0.223605 0.223471 0.223343 0.223223 0.223110 0.223004 0.222904 0.222812 0.222726 0.222647 0.222574 0.222507 0.222447 0.222394 0.222346 0.222305 0.222270 0.222241 0.222218 0.222202 0.222191 0.222186 0.222187 0.222195 0.222208
0.241735 0.234011 0.232016 0.231381 0.231119 0.230976 0.230874 0.230779 0.230680 0.230572 0.230453 0.230325 0.230190 0.230050 0.229908 0.229765 0.229623 0.229483 0.229346 0.229212 0.229084 0.228960 0.228841 0.228728 0.228620 0.228519 0.228424 0.228334 0.228251 0.228175 0.228104 0.228040 0.227982 0.227930 0.227884 0.227845 0.227812 0.227785 0.227765 0.227751 0.227743 0.227741 0.227746 0.227757 0.227774 0.227797 0.227827 0.227864 0.227907 0.227956
0.233369 0.233967 0.233866 0.233841 0.233898 0.233980 0.234055 0.234108 0.234135 0.234139 0.234123 0.234090 0.234044 0.233988 0.233926 0.233860 0.233791 0.233722 0.233654 0.233587 0.233522 0.233461 0.233403 0.233350 0.233300 0.233256 0.233216 0.233181 0.233152 0.233128 0.233109 0.233096 0.233088 0.233087 0.233091 0.233101 0.233117 0.233139 0.233166 0.233201 0.233241 0.233287 0.233340 0.233400 0.233466 0.233538 0.233618 0.233704 0.233797 0.233897
0.229685 0.233796 0.235493 0.236349 0.236849 0.237164 0.237371 0.237508 0.237599 0.237660 0.237699 0.237724 0.237740 0.237749 0.237755 0.237758 0.237760 0.237763 0.237766 0.237772 0.237779 0.237790 0.237803 0.237820 0.237840 0.237864 0.237893 0.237925 0.237962 0.238004 0.238051 0.238102 0.238159 0.238221 0.238288 0.238361 0.238439 0.238524 0.238614 0.238710 0.238812 0.238921 0.239036 0.239158 0.239287 0.239422 0.239565 0.239715 0.239873 0.240039
0.242186 0.239713 0.239912 0.240362 0.240687 0.240886 0.241007 0.241086 0.241145 0.241198 0.241249 0.241302 0.241359 0.241419 0.241484 0.241552 0.241624 0.241699 0.241778 0.241860 0.241944 0.242032 0.242124 0.242218 0.242316 0.242418 0.242524 0.242633 0.242746 0.242864 0.242986 0.243113 0.243244 0.243380 0.243522 0.243669 0.243821 0.243979 0.244144 0.244314 0.244491 0.244674 0.244864 0.245061 0.245266 0.245478 0.245698 0.245926 0.246162 0.246407
0.239378 0.244627 0.245335 0.245209 0.244990 0.244815 0.244704 0.244652 0.244647 0.244680 0.244743 0.244830 0.244936 0.245056 0.245187 0.245327 0.245474 0.245628 0.245786 0.245949 0.246117 0.246287 0.246462 0.246640 0.246821 0.247006 0.247194 0.247387 0.247583 0.247783 0.247988 0.248197 0.248411 0.248630 0.248854 0.249084 0.249319 0.249561 0.249809 0.250063 0.250325 0.250593 0.250870 0.251154 0.251446 0.251747 0.252056 0.252375 0.252703 0.253042
0.263468 0.253761 0.250619 0.249240 0.248515 0.248125 0.247940 0.247888 0.247924 0.248022 0.248161 0.248330 0.248521 0.248728 0.248946 0.249174 0.249409 0.249650 0.249895 0.250145 0.250399 0.250656 0.250917 0.251181 0.251449 0.251720 0.251995 0.252273 0.252556 0.252843 0.253135 0.253431 0.253733 0.254040 0.254353 0.254672 0.254997 0.255330 0.255669 0.256016 0.256371 0.256735 0.257107 0.257488 0.257879 0.258279 0.258691 0.259113 0.259546 0.259992
0.244071 0.250136 0.250694 0.250493 0.250375 0.250411 0.250559 0.250775 0.251032 0.251315 0.251613 0.251922 0.252237 0.252558 0.252884 0.253212 0.253543 0.253877 0.254213 0.254552 0.254894 0.255238 0.255585 0.255935 0.256289 0.256647 0.257008 0.257374 0.257744 0.258119 0.258500 0.258886 0.259279 0.259677 0.260083 0.260496 0.260917 0.261346 0.261784 0.262230 0.262687 0.263153 0.263629 0.264117 0.264617 0.265128 0.265653 0.266190 0.266742 0.267308
0.257082 0.250561 0.250081 0.250845 0.251738 0.252537 0.253229 0.253837 0.254386 0.254894 0.255373 0.255833 0.256279 0.256716 0.257146 0.257572 0.257996 0.258419 0.258841 0.259264 0.259689 0.260116 0.260545 0.260978 0.261415 0.261856 0.262302 0.262753 0.263210 0.263673 0.264143 0.264620 0.265105 0.265597 0.266099 0.266609 0.267130 0.267660 0.268201 0.268754 0.269318 0.269895 0.270485 0.271089 0.271707 0.272340 0.272989 0.273654 0.274337 0.275038
0.236021 0.245483 0.250279 0.253019 0.254780 0.256037 0.257011 0.257818 0.258520 0.259153 0.259740 0.260296 0.260830 0.261349 0.261858 0.262360 0.262857 0.263353 0.263848 0.264343 0.264841 0.265342 0.265846 0.266355 0.266869 0.267389 0.267916 0.268449 0.268991 0.269540 0.270099 0.270667 0.271245 0.271833 0.272433 0.273044 0.273668 0.274305 0.274955 0.275619 0.276299 0.276994 0.277706 0.278435 0.279182 0.279948 0.280733 0.281540 0.282368 0.283219
0.248126 0.256173 0.258755 0.260010 0.260902 0.261667 0.262366 0.263022 0.263647 0.264247 0.264829 0.265398 0.265957 0.266509 0.267057 0.267604 0.268150 0.268697 0.269247 0.269801 0.270359 0.270923 0.271493 0.272071 0.272656 0.273251 0.273854 0.274467 0.275092 0.275727 0.276374 0.277033 0.277706 0.278392 0.279093 0.279809 0.280541 0.281289 0.282054 0.282838 0.283640 0.284462 0.285305 0.286169 0.287056 0.287967 0.288902 0.289864 0.290852 0.291870
0.295337 0.276343 0.270612 0.268798 0.268311 0.268348 0.268621 0.269013 0.269470 0.269964 0.270481 0.271013 0.271556 0.272109 0.272668 0.273236 0.273811 0.274393 0.274984 0.275584 0.276194 0.276813 0.277443 0.278084 0.278738 0.279403 0.280082 0.280775 0.281481 0.282203 0.282940 0.283694 0.284464 0.285252 0.286058 0.286884 0.287729 0.288595 0.289483 0.290393 0.291327 0.292285 0.293269 0.294280 0.295318 0.296387 0.297486 0.298617 0.299782 0.300983
0.258646 0.271368 0.273877 0.274278 0.274364 0.274501 0.274738 0.275061 0.275451 0.275890 0.276367 0.276873 0.277403 0.277952 0.278520 0.279103 0.279702 0.280315 0.280944 0.281587 0.282245 0.282919 0.283608 0.284313 0.285034 0.285773 0.286529 0.287303 0.288095 0.288907 0.289739 0.290591 0.291464 0.292359 0.293277 0.294218 0.295184 0.296176 0.297194 0.298240 0.299314 0.300419 0.301555 0.302724 0.303927 0.305166 0.306443 0.307759 0.309118 0.310520
0.282757 0.277996 0.278174 0.278859 0.279429 0.279897 0.280326 0.280756 0.281203 0.281675 0.282172 0.282694 0.283240 0.283809 0.284400 0.285012 0.285645 0.286298 0.286971 0.287665 0.288378 0.289112 0.289867 0.290642 0.291438 0.292255 0.293095 0.293957 0.294841 0.295750 0.296682 0.297639 0.298622 0.299632 0.300669 0.301734 0.302829 0.303954 0.305112 0.306302 0.307527 0.308788 0.310087 0.311425 0.312805 0.314228 0.315697 0.317213 0.318781 0.320401
0.276618 0.281226 0.282750 0.283629 0.284324 0.284935 0.285501 0.286046 0.286586 0.287131 0.287688 0.288263 0.288857 0.289474 0.290113 0.290776 0.291462 0.292173 0.292908 0.293666 0.294449 0.295256 0.296088 0.296944 0.297825 0.298732 0.299664 0.300623 0.301609 0.302622 0.303663 0.304734 0.305834 0.306965 0.308129 0.309325 0.310557 0.311823 0.313128 0.314471 0.315855 0.317281 0.318752 0.320269 0.321836 0.323454 0.325126 0.326856 0.328646 0.330499
0.290203 0.288600 0.288372 0.288666 0.289170 0.289748 0.290347 0.290950 0.291556 0.292171 0.292798 0.293442 0.294107 0.294795 0.295507 0.296245 0.297009 0.297798 0.298615 0.299457 0.300327 0.301223 0.302146 0.303097 0.304075 0.305082 0.306117 0.307182 0.308277 0.309403 0.310560 0.311751 0.312975 0.314234 0.315530 0.316863 0.318235 0.319649 0.321105 0.322606 0.324154 0.325751 0.327399 0.329101 0.330861 0.332680 0.334563 0.336513 0.338534 0.340631
0.294573 0.292450 0.292441 0.292928 0.293520 0.294132 0.294754 0.295390 0.296044 0.296721 0.297422 0.298149 0.298903 0.299684 0.300492 0.301327 0.302189 0.303078 0.303995 0.304938 0.305910 0.306909 0.307936 0.308992 0.310077 0.311192 0.312337 0.313514 0.314724 0.315966 0.317243 0.318556 0.319906 0.321295 0.322723 0.324194 0.325708 0.327268 0.328876 0.330534 0.332245 0.334012 0.335837 0.337723 0.339675 0.341695 0.343788 0.345959 0.348212 0.350551
0.285718 0.292831 0.295375 0.296545 0.297291 0.297929 0.298568 0.299242 0.299959 0.300719 0.301518 0.302352 0.303218 0.304113 0.305036 0.305987 0.306963 0.307966 0.308995 0.310049 0.311131 0.312239 0.313375 0.314540 0.315734 0.316958 0.318213 0.319501 0.320823 0.322179 0.323572 0.325003 0.326474 0.327986 0.329542 0.331143 0.332792 0.334490 0.336242 0.338049 0.339914 0.341841 0.343833 0.345893 0.348027 0.350237 0.352530 0.354910 0.357383 0.359955
0.304566 0.300876 0.300097 0.300097 0.300434 0.300976 0.301656 0.302433 0.303280 0.304180 0.305120 0.306094 0.307095 0.308122 0.309172 0.310245 0.311340 0.312457 0.313596 0.314759 0.315946 0.317157 0.318395 0.319661 0.320954 0.322278 0.323632 0.325020 0.326442 0.327900 0.329395 0.330931 0.332508 0.334129 0.335795 0.337511 0.339277 0.341097 0.342974 0.344911 0.346911 0.348978 0.351116 0.353330 0.355623 0.358001 0.360470 0.363035 0.365703 0.368481
0.303004 0.302638 0.301778 0.301742 0.302271 0.303091 0.304055 0.305091 0.306166 0.307264 0.308379 0.309508 0.310649 0.311802 0.312969 0.314149 0.315346 0.316558 0.317789 0.319039 0.320310 0.321604 0.322922 0.324266 0.325637 0.327038 0.328469 0.329933 0.331432 0.332968 0.334542 0.336158 0.337816 0.339520 0.341272 0.343075 0.344932 0.346845 0.348819 0.350856 0.352960 0.355136 0.357387 0.359720 0.362137 0.364646 0.367253 0.369963 0.372785 0.375725
0.303523 0.298931 0.299900 0.301647 0.303336 0.304882 0.306317 0.307676 0.308986 0.310263 0.311519 0.312763 0.314002 0.315239 0.316479 0.317725 0.318981 0.320249 0.321532 0.322831 0.324150 0.325489 0.326852 0.328239 0.329653 0.331097 0.332571 0.334078 0.335621 0.337200 0.338819 0.340480 0.342185 0.343937 0.345739 0.347593 0.349503 0.351471 0.353502 0.355599 0.357766 0.360008 0.362329 0.364734 0.367228 0.369818 0.372511 0.375312 0.378231 0.381275
0.272135 0.292210 0.299700 0.303419 0.305821 0.307678 0.309273 0.310724 0.312090 0.313402 0.314680 0.315937 0.317183 0.318424 0.319665 0.320912 0.322167 0.323433 0.324714 0.326012 0.327329 0.328667 0.330029 0.331416 0.332830 0.334274 0.335750 0.337259 0.338804 0.340386 0.342009 0.343674 0.345384 0.347142 0.348950 0.350811 0.352729 0.354707 0.356748 0.358857 0.361037 0.363292 0.365629 0.368051 0.370564 0.373175 0.375891 0.378717 0.381664 0.384738
0.322258 0.311255 0.309297 0.309683 0.310695 0.311864 0.313060 0.314246 0.315417 0.316576 0.317727 0.318875 0.320025 0.321180 0.322343 0.323518 0.324706 0.325911 0.327134 0.328377 0.329641 0.330929 0.332243 0.333584 0.334953 0.336353 0.337786 0.339253 0.340756 0.342298 0.343880 0.345505 0.347175 0.348892 0.350660 0.352482 0.354359 0.356297 0.358297 0.360364 0.362502 0.364716 0.367009 0.369387 0.371856 0.374422 0.377091 0.379870 0.382768 0.385793
0.316783 0.316208 0.315318 0.315113 0.315402 0.315971 0.316692 0.317501 0.318366 0.319270 0.320203 0.321162 0.322144 0.323149 0.324176 0.325224 0.326296 0.327391 0.328509 0.329653 0.330822 0.332018 0.333242 0.334496 0.335779 0.337095 0.338444 0.339828 0.341249 0.342708 0.344207 0.345749 0.347335 0.348968 0.350651 0.352385 0.354175 0.356022 0.357931 0.359904 0.361946 0.364061 0.366253 0.368527 0.370888 0.373342 0.375896 0.378556 0.381329 0.384223
0.310618 0.315037 0.316810 0.317568 0.318031 0.318460 0.318939 0.319485 0.320095 0.320764 0.321481 0.322243 0.323044 0.323879 0.324748 0.325648 0.326578 0.327537 0.328525 0.329542 0.330588 0.331663 0.332769 0.333904 0.335071 0.336271 0.337504 0.338771 0.340075 0.341417 0.342797 0.344219 0.345684 0.347193 0.348750 0.350356 0.352015 0.353728 0.355500 0.357332 0.359229 0.361195 0.363233 0.365348 0.367544 0.369828 0.372204 0.374678 0.377258 0.379951
0.317776 0.317441 0.317725 0.318056 0.318368 0.318689 0.319049 0.319460 0.319924 0.320440 0.321006 0.321616 0.322267 0.322956 0.323681 0.324439 0.325229 0.326051 0.326902 0.327783 0.328694 0.329634 0.330605 0.331605 0.332636 0.333698 0.334793 0.335921 0.337083 0.338281 0.339516 0.340790 0.342104 0.343459 0.344859 0.346305 0.347799 0.349343 0.350941 0.352596 0.354309 0.356085 0.357927 0.359840 0.361826 0.363891 0.366040 0.368278 0.370611 0.373046
0.318805 0.316995 0.316212 0.316039 0.316157 0.316412 0.316739 0.317115 0.317530 0.317981 0.318467 0.318986 0.319537 0.320118 0.320729 0.321369 0.322037 0.322732 0.323455 0.324204 0.324981 0.325784 0.326614 0.327473 0.328359 0.329274 0.330218 0.331193 0.332200 0.333239 0.334311 0.335419 0.336563 0.337746 0.338968 0.340231 0.341538 0.342891 0.344291 0.345742 0.347246 0.348805 0.350424 0.352104 0.353850 0.355666 0.357555 0.359523 0.361574 0.363713
0.310730 0.310316 0.310557 0.310915 0.311302 0.311703 0.312113 0.312530 0.312957 0.313396 0.313849 0.314319 0.314805 0.315310 0.315834 0.316378 0.316942 0.317526 0.318131 0.318757 0.319405 0.320075 0.320768 0.321484 0.322224 0.322990 0.323781 0.324598 0.325443 0.326317 0.327220 0.328154 0.329121 0.330121 0.331156 0.332227 0.333337 0.334487 0.335679 0.336914 0.338196 0.339527 0.340908 0.342343 0.343836 0.345387 0.347003 0.348685 0.350439 0.352267
0.296649 0.301111 0.302933 0.303919 0.304593 0.305136 0.305617 0.306068 0.306503 0.306932 0.307358 0.307785 0.308217 0.308656 0.309103 0.309560 0.310028 0.310508 0.311003 0.311512 0.312037 0.312579 0.313139 0.313717 0.314315 0.314933 0.315573 0.316235 0.316921 0.317631 0.318366 0.319128 0.319918 0.320737 0.321586 0.322467 0.323380 0.324328 0.325312 0.326334 0.327395 0.328498 0.329644 0.330836 0.332076 0.333366 0.334710 0.336110 0.337569 0.339092
0.298402 0.296136 0.296074 0.296452 0.296897 0.297334 0.297753 0.298156 0.298545 0.298924 0.299294 0.299659 0.300020 0.300381 0.300742 0.301107 0.301476 0.301852 0.302237 0.302631 0.303036 0.303453 0.303884 0.304330 0.304791 0.305269 0.305764 0.306279 0.306813 0.307368 0.307944 0.308543 0.309165 0.309813 0.310486 0.311186 0.311914 0.312671 0.313459 0.314278 0.315131 0.316019 0.316944 0.317906 0.318909 0.319954 0.321043 0.322178 0.323362 0.324598
0.285875 0.287619 0.287887 0.288034 0.288247 0.288513 0.288802 0.289095 0.289385 0.289668 0.289943 0.290210 0.290473 0.290732 0.290990 0.291248 0.291509 0.291774 0.292044 0.292322 0.292609 0.292906 0.293213 0.293533 0.293866 0.294213 0.294576 0.294954 0.295349 0.295762 0.296194 0.296645 0.297116 0.297608 0.298122 0.298659 0.299220 0.299805 0.300417 0.301055 0.301721 0.302416 0.303141 0.303898 0.304688 0.305513 0.306374 0.307272 0.308211 0.309191
0.281188 0.278858 0.278393 0.278405 0.278543 0.278713 0.278886 0.279053 0.279211 0.279362 0.279506 0.279646 0.279783 0.279918 0.280055 0.280195 0.280338 0.280487 0.280643 0.280807 0.280980 0.281163 0.281356 0.281561 0.281779 0.282009 0.282254 0.282512 0.282786 0.283076 0.283382 0.283705 0.284046 0.284404 0.284782 0.285179 0.285597 0.286035 0.286495 0.286978 0.287483 0.288013 0.288568 0.289149 0.289757 0.290394 0.291059 0.291755 0.292484 0.293245
0.264223 0.266388 0.267334 0.267767 0.267971 0.268064 0.268104 0.268115 0.268112 0.268104 0.268094 0.268087 0.268085 0.268089 0.268100 0.268120 0.268149 0.268188 0.268237 0.268297 0.268368 0.268451 0.268546 0.268654 0.268774 0.268907 0.269054 0.269214 0.269389 0.269578 0.269782 0.270001 0.270236 0.270487 0.270754 0.271038 0.271339 0.271658 0.271995 0.272351 0.272726 0.273122 0.273538 0.273975 0.274434 0.274916 0.275422 0.275952 0.276508 0.277091
0.254466 0.256490 0.256935 0.256953 0.256832 0.256658 0.256464 0.256268 0.256079 0.255902 0.255739 0.255592 0.255462 0.255348 0.255250 0.255169 0.255103 0.255052 0.255016 0.254995 0.254988 0.254994 0.255015 0.255049 0.255097 0.255158 0.255232 0.255320 0.255421 0.255536 0.255664 0.255806 0.255962 0.256132 0.256316 0.256515 0.256728 0.256956 0.257200 0.257459 0.257734 0.258026 0.258334 0.258660 0.259003 0.259365 0.259746 0.260146 0.260567 0.261008
0.253608 0.248236 0.246336 0.245383 0.244736 0.244218 0.243773 0.243381 0.243033 0.242723 0.242448 0.242204 0.241988 0.241799 0.241633 0.241490 0.241367 0.241263 0.241178 0.241109 0.241056 0.241019 0.240996 0.240987 0.240992 0.241010 0.241041 0.241084 0.241140 0.241208 0.241289 0.241381 0.241485 0.241602 0.241730 0.241871 0.242024 0.242190 0.242368 0.242558 0.242762 0.242979 0.243210 0.243454 0.243712 0.243985 0.244273 0.244576 0.244895 0.245230
0.229471 0.232484 0.232359 0.231670 0.230963 0.230338 0.229801 0.229339 0.228940 0.228594 0.228293 0.228030 0.227801 0.227601 0.227427 0.227277 0.227148 0.227039 0.226947 0.226872 0.226813 0.226768 0.226736 0.226717 0.226711 0.226716 0.226733 0.226760 0.226799 0.226847 0.226906 0.226975 0.227053 0.227142 0.227240 0.227348 0.227466 0.227594 0.227732 0.227879 0.228037 0.228206 0.228384 0.228574 0.228774 0.228985 0.229208 0.229443 0.229689 0.229948
0.222354 0.218316 0.216934 0.216142 0.215542 0.215047 0.214631 0.214279 0.213979 0.213723 0.213504 0.213315 0.213153 0.213015 0.212897 0.212798 0.212715 0.212647 0.212594 0.212553 0.212523 0.212505 0.212497 0.212499 0.212511 0.212531 0.212560 0.212597 0.212642 0.212694 0.212754 0.212822 0.212897 0.212979 0.213069 0.213165 0.213269 0.213380 0.213499 0.213624 0.213757 0.213898 0.214047 0.214203 0.214367 0.214539 0.214720 0.214909 0.215107 0.215315
0.197311 0.199280 0.199369 0.199206 0.199042 0.198905 0.198792 0.198698 0.198620 0.198556 0.198504 0.198464 0.198433 0.198412 0.198400 0.198396 0.198399 0.198410 0.198427 0.198451 0.198480 0.198516 0.198556 0.198602 0.198653 0.198709 0.198770 0.198835 0.198905 0.198980 0.199058 0.199142 0.199229 0.199321 0.199418 0.199519 0.199625 0.199735 0.199849 0.199969 0.200093 0.200223 0.200357 0.200497 0.200641 0.200792 0.200948 0.201110 0.201278 0.201452
0.183991 0.181914 0.181952 0.182295 0.182632 0.182919 0.183162 0.183370 0.183552 0.183712 0.183858 0.183993 0.184118 0.184237 0.184352 0.184462 0.184570 0.184675 0.184779 0.184882 0.184985 0.185087 0.185189 0.185291 0.185393 0.185496 0.185599 0.185704 0.185809 0.185915 0.186022 0.186131 0.186241 0.186353 0.186466 0.186582 0.186699 0.186818 0.186939 0.187062 0.187188 0.187317 0.187448 0.187582 0.187719 0.187859 0.188003 0.188150 0.188301 0.188455
0.159144 0.164084 0.165869 0.166866 0.167592 0.168181 0.168680 0.169112 0.169493 0.169835 0.170144 0.170428 0.170690 0.170934 0.171164 0.171380 0.171585 0.171780 0.171967 0.172147 0.172320 0.172488 0.172650 0.172808 0.172962 0.173112 0.173260 0.173404 0.173546 0.173686 0.173825 0.173961 0.174097 0.174231 0.174364 0.174497 0.174629 0.174762 0.174894 0.175026 0.175158 0.175291 0.175425 0.175560 0.175695 0.175832 0.175970 0.176110 0.176251 0.176395
0.156450 0.153450 0.153526 0.154155 0.154825 0.155445 0.156007 0.156518 0.156987 0.157420 0.157821 0.158194 0.158543 0.158871 0.159179 0.159471 0.159747 0.160009 0.160258 0.160497 0.160725 0.160944 0.161154 0.161357 0.161552 0.161741 0.161925 0.162102 0.162275 0.162443 0.162607 0.162768 0.162925 0.163079 0.163230 0.163378 0.163524 0.163668 0.163811 0.163952 0.164091 0.164229 0.164367 0.164503 0.164639 0.164775 0.164911 0.165046 0.165182 0.165318
0.137571 0.141859 0.143166 0.143832 0.144365 0.144868 0.145358 0.145833 0.146290 0.146729 0.147147 0.147545 0.147924 0.148284 0.148626 0.148952 0.149262 0.149558 0.149840 0.150110 0.150368 0.150616 0.150853 0.151082 0.151302 0.151514 0.151718 0.151916 0.152107 0.152293 0.152473 0.152647 0.152817 0.152983 0.153144 0.153302 0.153456 0.153607 0.153755 0.153901 0.154043 0.154184 0.154322 0.154459 0.154594 0.154728 0.154860 0.154991 0.155121 0.155251
0.138824 0.136105 0.135561 0.135616 0.135877 0.136224 0.136608 0.137006 0.137407 0.137802 0.138187 0.138561 0.138921 0.139268 0.139601 0.139921 0.140228 0.140523 0.140806 0.141077 0.141338 0.141588 0.141830 0.142062 0.142285 0.142501 0.142709 0.142910 0.143104 0.143292 0.143475 0.143651 0.143823 0.143990 0.144152 0.144309 0.144463 0.144613 0.144760 0.144903 0.145043 0.145180 0.145315 0.145447 0.145577 0.145705 0.145831 0.145955 0.146077 0.146198
0.127971 0.128181 0.128322 0.128563 0.128864 0.129193 0.129531 0.129871 0.130208 0.130541 0.130867 0.131185 0.131494 0.131794 0.132085 0.132367 0.132640 0.132903 0.133158 0.133404 0.133641 0.133871 0.134092 0.134306 0.134513 0.134714 0.134907 0.135095 0.135276 0.135452 0.135623 0.135788 0.135949 0.136105 0.136257 0.136404 0.136548 0.136688 0.136825 0.136958 0.137088 0.137215 0.137340 0.137461 0.137581 0.137698 0.137813 0.137926 0.138037 0.138146
0.119117 0.121175 0.122247 0.122883 0.123325 0.123676 0.123982 0.124263 0.124528 0.124784 0.125032 0.125275 0.125512 0.125744 0.125970 0.126191 0.126407 0.126617 0.126822 0.127022 0.127216 0.127404 0.127588 0.127766 0.127940 0.128108 0.128272 0.128431 0.128585 0.128736 0.128882 0.129024 0.129163 0.129297 0.129428 0.129556 0.129681 0.129802 0.129920 0.130036 0.130149 0.130259 0.130367 0.130472 0.130575 0.130676 0.130775 0.130872 0.130967 0.131061
0.117972 0.118391 0.118807 0.119145 0.119413 0.119634 0.119826 0.120001 0.120167 0.120326 0.120482 0.120635 0.120787 0.120938 0.121087 0.121235 0.121381 0.121525 0.121667 0.121807 0.121945 0.122080 0.122213 0.122344 0.122472 0.122597 0.122719 0.122839 0.122956 0.123071 0.123183 0.123292 0.123399 0.123504 0.123606 0.123706 0.123804 0.123899 0.123992 0.124083 0.124172 0.124260 0.124345 0.124428 0.124510 0.124590 0.124668 0.124745 0.124821 0.124894
0.118335 0.117372 0.116967 0.116808 0.116758 0.116759 0.116783 0.116821 0.116868 0.116920 0.116977 0.117037 0.117101 0.117168 0.117237 0.117308 0.117380 0.117454 0.117529 0.117604 0.117681 0.117757 0.117834 0.117910 0.117986 0.118062 0.118137 0.118211 0.118285 0.118358 0.118430 0.118501 0.118570 0.118639 0.118707 0.118773 0.118839 0.118903 0.118966 0.119028 0.119089 0.119148 0.119207 0.119264 0.119320 0.119376 0.119430 0.119483 0.119535 0.119586
0.115841 0.115498 0.115162 0.114900 0.114709 0.114572 0.114472 0.114399 0.114343 0.114301 0.114270 0.114246 0.114229 0.114218 0.114213 0.114212 0.114215 0.114221 0.114231 0.114244 0.114260 0.114278 0.114299 0.114321 0.114345 0.114370 0.114396 0.114424 0.114452 0.114481 0.114511 0.114541 0.114572 0.114602 0.114633 0.114664 0.114694 0.114725 0.114755 0.114785 0.114815 0.114844 0.114873 0.114902 0.114930 0.114958 0.114985 0.115012 0.115038 0.115064
0.113254 0.113373 0.113252 0.113079 0.112903 0.112740 0.112593 0.112461 0.112342 0.112234 0.112137 0.112047 0.111966 0.111891 0.111823 0.111761 0.111704 0.111653 0.111606 0.111564 0.111526 0.111491 0.111461 0.111433 0.111409 0.111387 0.111368 0.111351 0.111336 0.111323 0.111312 0.111302 0.111294 0.111287 0.111281 0.111276 0.111271 0.111268 0.111265 0.111263 0.111261 0.111259 0.111258 0.111257 0.111256 0.111256 0.111255 0.111255 0.111255 0.111254
0.112285 0.111743 0.111577 0.111450 0.111311 0.111159 0.111003 0.110847 0.110695 0.110548 0.110406 0.110272 0.110143 0.110021 0.109906 0.109797 0.109694 0.109596 0.109504 0.109417 0.109335 0.109257 0.109184 0.109115 0.109049 0.108987 0.108928 0.108872 0.108819 0.108769 0.108721 0.108675 0.108631 0.108589 0.108549 0.108511 0.108474 0.108438 0.108403 0.108370 0.108337 0.108306 0.108275 0.108245 0.108216 0.108188 0.108160 0.108132 0.108105 0.108079
0.109346 0.110137 0.110217 0.110125 0.109985 0.109824 0.109654 0.109480 0.109305 0.109131 0.108962 0.108797 0.108638 0.108485 0.108337 0.108196 0.108061 0.107931 0.107806 0.107687 0.107572 0.107462 0.107356 0.107255 0.107157 0.107062 0.106972 0.106884 0.106799 0.106717 0.106638 0.106561 0.106487 0.106414 0.106344 0.106276 0.106209 0.106144 0.106081 0.106019 0.105958 0.105899 0.105841 0.105784 0.105728 0.105673 0.105619 0.105565 0.105513 0.105461
0.111032 0.109826 0.109377 0.109117 0.108904 0.108701 0.108501 0.108301 0.108105 0.107912 0.107725 0.107543 0.107367 0.107196 0.107032 0.106873 0.106719 0.106570 0.106425 0.106285 0.106150 0.106018 0.105890 0.105765 0.105644 0.105526 0.105411 0.105299 0.105189 0.105082 0.104978 0.104876 0.104776 0.104678 0.104583 0.104489 0.104397 0.104306 0.104218 0.104131 0.104045 0.103961 0.103878 0.103796 0.103715 0.103636 0.103558 0.103480 0.103404 0.103329
0.108250 0.108507 0.108384 0.108172 0.107937 0.107700 0.107471 0.107251 0.107041 0.106840 0.106648 0.106462 0.106283 0.106110 0.105941 0.105777 0.105616 0.105460 0.105306 0.105156 0.105009 0.104864 0.104722 0.104583 0.104446 0.104312 0.104179 0.104049 0.103921 0.103795 0.103672 0.103550 0.103429 0.103311 0.103194 0.103079 0.102966 0.102854 0.102744 0.102635 0.102527 0.102421 0.102316 0.102213 0.102110 0.102009 0.101909 0.101810 0.101711 0.101614
0.107864 0.107748 0.107548 0.107278 0.106998 0.106737 0.106500 0.106284 0.106084 0.105896 0.105717 0.105545 0.105377 0.105212 0.105050 0.104890 0.104732 0.104576 0.104421 0.104267 0.104115 0.103964 0.103814 0.103666 0.103519 0.103373 0.103229 0.103086 0.102944 0.102804 0.102665 0.102527 0.102390 0.102255 0.102122 0.101989 0.101858 0.101728 0.101599 0.101471 0.101345 0.101220 0.101096 0.100973 0.100851 0.100730 0.100611 0.100492 0.100374 0.100257
0.107684 0.107257 0.106712 0.106299 0.106000 0.105772 0.105584 0.105417 0.105261 0.105111 0.104963 0.104816 0.104668 0.104519 0.104369 0.104218 0.104066 0.103913 0.103760 0.103606 0.103451 0.103296 0.103142 0.102987 0.102832 0.102678 0.102524 0.102371 0.102218 0.102066 0.101915 0.101764 0.101614 0.101465 0.101317 0.101169 0.101023 0.100877 0.100733 0.100589 0.100446 0.100304 0.100163 0.100023 0.099884 0.099746 0.099609 0.099473 0.099337 0.099203
0.107932 0.105941 0.105293 0.105072 0.104978 0.104913 0.104844 0.104765 0.104672 0.104568 0.104454 0.104330 0.104200 0.104064 0.103923 0.103777 0.103628 0.103476 0.103322 0.103165 0.103007 0.102848 0.102687 0.102526 0.102364 0.102201 0.102038 0.101876 0.101713 0.101550 0.101387 0.101225 0.101063 0.100901 0.100740 0.100579 0.100419 0.100260 0.100101 0.099943 0.099785 0.099629 0.099473 0.099317 0.099163 0.099009 0.098856 0.098704 0.098553 0.098403
0.100641 0.102587 0.103614 0.104134 0.104392 0.104505 0.104533 0.104509 0.104448 0.104362 0.104257 0.104138 0.104008 0.103870 0.103725 0.103575 0.103421 0.103262 0.103101 0.102937 0.102771 0.102603 0.102433 0.102263 0.102091 0.101919 0.101746 0.101573 0.101399 0.101225 0.101051 0.100878 0.100704 0.100530 0.100356 0.100183 0.100010 0.099838 0.099666 0.099494 0.099323 0.099153 0.098983 0.098814 0.098645 0.098477 0.098310 0.098143 0.097978 0.097812
0.100268 0.103324 0.104324 0.104701 0.104840 0.104866 0.104828 0.104750 0.104646 0.104524 0.104388 0.104243 0.104090 0.103931 0.103767 0.103599 0.103428 0.103254 0.103078 0.102900 0.102721 0.102540 0.102358 0.102175 0.101991 0.101806 0.101621 0.101436 0.101250 0.101064 0.100878 0.100692 0.100506 0.100319 0.100134 0.099948 0.099762 0.099577 0.099392 0.099208 0.099024 0.098841 0.098658 0.098475 0.098293 0.098112 0.097932 0.097752 0.097572 0.097394
0.113519 0.108651 0.107085 0.106438 0.106074 0.105808 0.105581 0.105372 0.105171 0.104974 0.104778 0.104584 0.104390 0.104196 0.104002 0.103807 0.103611 0.103415 0.103219 0.103022 0.102824 0.102626 0.102428 0.102230 0.102031 0.101832 0.101633 0.101433 0.101234 0.101035 0.100835 0.100636 0.100437 0.100238 0.100039 0.099841 0.099643 0.099445 0.099248 0.099051 0.098854 0.098658 0.098463 0.098268 0.098073 0.097879 0.097686 0.097494 0.097302 0.097111
0.106493 0.108358 0.108170 0.107663 0.107180 0.106766 0.106411 0.106098 0.105813 0.105547 0.105295 0.105052 0.104817 0.104586 0.104359 0.104135 0.103913 0.103692 0.103473 0.103255 0.103038 0.102822 0.102606 0.102390 0.102175 0.101960 0.101746 0.101531 0.101318 0.101104 0.100891 0.100678 0.100466 0.100254 0.100042 0.099831 0.099620 0.099409 0.099200 0.098990 0.098782 0.098573 0.098366 0.098159 0.097952 0.097747 0.097542 0.097337 0.097133 0.096930
0.111042 0.109420 0.108732 0.108229 0.107790 0.107394 0.107033 0.106699 0.106387 0.106092 0.105809 0.105537 0.105273 0.105016 0.104764 0.104516 0.104271 0.104029 0.103790 0.103552 0.103316 0.103081 0.102848 0.102615 0.102384 0.102153 0.101923 0.101694 0.101466 0.101238 0.101011 0.100784 0.100559 0.100333 0.100109 0.099885 0.099662 0.099439 0.099217 0.098996 0.098776 0.098556 0.098337 0.098118 0.097901 0.097684 0.097467 0.097252 0.097037 0.096823
0.109182 0.108856 0.108539 0.108262 0.107987 0.107703 0.107411 0.107116 0.106823 0.106534 0.106249 0.105970 0.105694 0.105424 0.105157 0.104893 0.104632 0.104374 0.104118 0.103864 0.103612 0.103362 0.103113 0.102865 0.102618 0.102373 0.102129 0.101885 0.101643 0.101402 0.101161 0.100922 0.100684 0.100446 0.100209 0.099973 0.099738 0.099504 0.099271 0.099039 0.098807 0.098576 0.098347 0.098118 0.097890 0.097662 0.097436 0.097210 0.096986 0.096762
0.107485 0.108044 0.108253 0.108243 0.108111 0.107912 0.107677 0.107420 0.107152 0.106879 0.106603 0.106326 0.106050 0.105775 0.105501 0.105229 0.104958 0.104688 0.104420 0.104154 0.103889 0.103625 0.103363 0.103102 0.102842 0.102584 0.102327 0.102071 0.101816 0.101563 0.101311 0.101060 0.100810 0.100561 0.100313 0.100066 0.099821 0.099576 0.099333 0.099090 0.098849 0.098609 0.098369 0.098131 0.097894 0.097657 0.097422 0.097187 0.096954 0.096721
0.108250 0.108760 0.108784 0.108639 0.108430 0.108194 0.107945 0.107688 0.107425 0.107157 0.106886 0.106611 0.106335 0.106057 0.105779 0.105500 0.105222 0.104944 0.104666 0.104390 0.104114 0.103840 0.103567 0.103295 0.103024 0.102755 0.102487 0.102221 0.101956 0.101692 0.101430 0.101169 0.100909 0.100651 0.100394 0.100138 0.099883 0.099630 0.099378 0.099127 0.098877 0.098629 0.098381 0.098135 0.097890 0.097645 0.097402 0.097160 0.096919 0.096679
0.112067 0.110547 0.109718 0.109193 0.108810 0.108493 0.108206 0.107930 0.107657 0.107384 0.107107 0.106828 0.106546 0.106263 0.105977 0.105691 0.105405 0.105118 0.104832 0.104547 0.104263 0.103979 0.103697 0.103417 0.103138 0.102860 0.102584 0.102309 0.102036 0.101764 0.101494 0.101226 0.100959 0.100693 0.100429 0.100166 0.099904 0.099644 0.099385 0.099128 0.098872 0.098616 0.098363 0.098110 0.097858 0.097608 0.097359 0.097111 0.096863 0.096617
0.111268 0.110294 0.109697 0.109290 0.108966 0.108675 0.108394 0.108114 0.107832 0.107546 0.107257 0.106965 0.106671 0.106376 0.106080 0.105783 0.105487 0.105192 0.104898 0.104605 0.104313 0.104023 0.103734 0.103447 0.103162 0.102878 0.102596 0.102316 0.102038 0.101761 0.101486 0.101212 0.100940 0.100669 0.100400 0.100133 0.099867 0.099602 0.099338 0.099076 0.098815 0.098556 0.098297 0.098040 0.097784 0.097529 0.097276 0.097023 0.096771 0.096521
0.108034 0.108819 0.109120 0.109136 0.108997 0.108777 0.108512 0.108223 0.107922 0.107614 0.107303 0.106991 0.106680 0.106369 0.106060 0.105753 0.105447 0.105144 0.104843 0.104544 0.104248 0.103953 0.103661 0.103371 0.103082 0.102796 0.102511 0.102229 0.101948 0.101669 0.101391 0.101115 0.100841 0.100568 0.100297 0.100027 0.099758 0.099491 0.099225 0.098961 0.098697 0.098435 0.098174 0.097914 0.097655 0.097398 0.097141 0.096886 0.096631 0.096377
0.108126 0.109227 0.109492 0.109414 0.109186 0.108888 0.108560 0.108219 0.107875 0.107532 0.107194 0.106860 0.106531 0.106207 0.105888 0.105574 0.105263 0.104956 0.104653 0.104353 0.104055 0.103761 0.103468 0.103179 0.102891 0.102605 0.102322 0.102040 0.101760 0.101482 0.101205 0.100930 0.100656 0.100383 0.100112 0.099842 0.099574 0.099306 0.099040 0.098775 0.098511 0.098248 0.097986 0.097725 0.097465 0.097206 0.096948 0.096691 0.096435 0.096179
0.113417 0.111634 0.110602 0.109889 0.109324 0.108836 0.108393 0.107982 0.107594 0.107223 0.106867 0.106523 0.106188 0.105862 0.105544 0.105231 0.104923 0.104620 0.104322 0.104026 0.103734 0.103444 0.103157 0.102872 0.102590 0.102309 0.102030 0.101752 0.101476 0.101201 0.100928 0.100656 0.100384 0.100115 0.099846 0.099578 0.099311 0.099045 0.098780 0.098516 0.098253 0.097991 0.097729 0.097469 0.097209 0.096950 0.096691 0.096434 0.096177 0.095921
0.113344 0.111448 0.110283 0.109449 0.108798 0.108259 0.107793 0.107376 0.106991 0.106631 0.106288 0.105959 0.105641 0.105330 0.105027 0.104729 0.104435 0.104146 0.103860 0.103576 0.103295 0.103016 0.102739 0.102463 0.102189 0.101916 0.101644 0.101373 0.101104 0.100835 0.100567 0.100299 0.100033 0.099767 0.099502 0.099238 0.098974 0.098711 0.098448 0.098186 0.097925 0.097664 0.097404 0.097145 0.096886 0.096627 0.096370 0.096113 0.095856 0.095600
0.107525 0.108371 0.108198 0.107828 0.107439 0.107070 0.106724 0.106397 0.106085 0.105784 0.105492 0.105206 0.104925 0.104648 0.104374 0.104102 0.103832 0.103564 0.103296 0.103030 0.102764 0.102499 0.102235 0.101971 0.101708 0.101445 0.101182 0.100919 0.100657 0.100395 0.100133 0.099872 0.099610 0.099349 0.099089 0.098828 0.098568 0.098308 0.098048 0.097789 0.097529 0.097271 0.097012 0.096754 0.096497 0.096240 0.095983 0.095727 0.095471 0.095216
0.107461 0.106122 0.105921 0.105854 0.105754 0.105611 0.105437 0.105243 0.105034 0.104816 0.104591 0.104362 0.104128 0.103891 0.103651 0.103410 0.103166 0.102921 0.102674 0.102426 0.102177 0.101926 0.101675 0.101423 0.101170 0.100917 0.100663 0.100408 0.100153 0.099897 0.099641 0.099384 0.099128 0.098871 0.098614 0.098357 0.098099 0.097842 0.097585 0.097328 0.097070 0.096813 0.096557 0.096300 0.096044 0.095787 0.095532 0.095276 0.095021 0.094766
0.100923 0.103389 0.104072 0.104304 0.104378 0.104368 0.104303 0.104198 0.104064 0.103908 0.103735 0.103550 0.103353 0.103149 0.102937 0.102719 0.102497 0.102270 0.102039 0.101805 0.101568 0.101329 0.101088 0.100844 0.100599 0.100352 0.100104 0.099855 0.099604 0.099353 0.099101 0.098847 0.098594 0.098339 0.098085 0.097829 0.097574 0.097318 0.097062 0.096806 0.096550 0.096294 0.096038 0.095782 0.095527 0.095271 0.095016 0.094761 0.094506 0.094251
0.106264 0.104141 0.103751 0.103695 0.103676 0.103634 0.103562 0.103462 0.103340 0.103198 0.103040 0.102868 0.102685 0.102493 0.102292 0.102084 0.101870 0.101651 0.101426 0.101198 0.100966 0.100731 0.100493 0.100253 0.100010 0.099766 0.099519 0.099271 0.099022 0.098771 0.098519 0.098267 0.098013 0.097759 0.097504 0.097249 0.096994 0.096738 0.096482 0.096226 0.095969 0.095713 0.095457 0.095201 0.094945 0.094689 0.094434 0.094179 0.093924 0.093670
0.101766 0.103465 0.103718 0.103649 0.103513 0.103366 0.103214 0.103056 0.102892 0.102719 0.102538 0.102349 0.102153 0.101950 0.101740 0.101524 0.101304 0.101079 0.100849 0.100616 0.100379 0.100140 0.099898 0.099653 0.099407 0.099158 0.098908 0.098657 0.098404 0.098150 0.097896 0.097640 0.097384 0.097127 0.096870 0.096613 0.096355 0.096098 0.095840 0.095582 0.095325 0.095067 0.094810 0.094553 0.094296 0.094040 0.093784 0.093529 0.093274 0.093020
0.106230 0.104968 0.104326 0.103913 0.103599 0.103332 0.103088 0.102856 0.102629 0.102405 0.102180 0.101953 0.101724 0.101493 0.101258 0.101021 0.100780 0.100537 0.100292 0.100044 0.099794 0.099542 0.099288 0.099033 0.098777 0.098519 0.098261 0.098001 0.097741 0.097481 0.097220 0.096959 0.096697 0.096436 0.096174 0.095913 0.095652 0.095391 0.095130 0.094870 0.094610 0.094351 0.094092 0.093834 0.093576 0.093319 0.093063 0.092807 0.092552 0.092298
0.106695 0.104988 0.104318 0.103915 0.103584 0.103276 0.102979 0.102692 0.102410 0.102134 0.101862 0.101592 0.101323 0.101055 0.100787 0.100519 0.100251 0.099983 0.099714 0.099445 0.099175 0.098905 0.098635 0.098364 0.098094 0.097823 0.097553 0.097283 0.097013 0.096743 0.096474 0.096206 0.095937 0.095670 0.095403 0.095137 0.094871 0.094607 0.094343 0.094080 0.093818 0.093556 0.093296 0.093037 0.092778 0.092521 0.092264 0.092009 0.091754 0.091500
0.100737 0.103233 0.103733 0.103649 0.103388 0.103075 0.102750 0.102424 0.102101 0.101783 0.101469 0.101159 0.100852 0.100547 0.100246 0.099946 0.099648 0.099352 0.099058 0.098765 0.098473 0.098183 0.097895 0.097607 0.097322 0.097037 0.096754 0.096473 0.096192 0.095913 0.095636 0.095360 0.095085 0.094812 0.094540 0.094270 0.094001 0.093733 0.093467 0.093202 0.092938 0.092676 0.092415 0.092156 0.091898 0.091641 0.091385 0.091131 0.090878 0.090627
0.106701 0.104796 0.103983 0.103473 0.103058 0.102677 0.102311 0.101951 0.101596 0.101245 0.100898 0.100555 0.100216 0.099880 0.099549 0.099221 0.098897 0.098576 0.098258 0.097944 0.097634 0.097326 0.097021 0.096719 0.096420 0.096124 0.095831 0.095540 0.095251 0.094965 0.094682 0.094400 0.094121 0.093845 0.093570 0.093298 0.093027 0.092759 0.092492 0.092228 0.091965 0.091704 0.091445 0.091188 0.090932 0.090678 0.090425 0.090175 0.089925 0.089678
0.105586 0.104178 0.103345 0.102795 0.102356 0.101957 0.101571 0.101190 0.100812 0.100437 0.100065 0.099697 0.099333 0.098975 0.098621 0.098273 0.097930 0.097592 0.097258 0.096930 0.096606 0.096287 0.095972 0.095661 0.095355 0.095052 0.094753 0.094458 0.094166 0.093878 0.093593 0.093311 0.093032 0.092756 0.092483 0.092212 0.091944 0.091678 0.091415 0.091154 0.090896 0.090639 0.090385 0.090133 0.089883 0.089634 0.089388 0.089143 0.088900 0.088659
0.100704 0.101522 0.101698 0.101538 0.101232 0.100867 0.100478 0.100082 0.099685 0.099292 0.098903 0.098519 0.098142 0.097771 0.097407 0.097049 0.096698 0.096353 0.096015 0.095682 0.095356 0.095035 0.094719 0.094408 0.094103 0.093802 0.093506 0.093214 0.092926 0.092642 0.092362 0.092086 0.091813 0.091543 0.091277 0.091013 0.090752 0.090495 0.090240 0.089987 0.089737 0.089489 0.089243 0.089000 0.088759 0.088519 0.088282 0.088047 0.087813 0.087581
0.099406 0.100559 0.100555 0.100245 0.099846 0.099424 0.098998 0.098578 0.098165 0.097761 0.097366 0.096980 0.096603 0.096235 0.095875 0.095522 0.095178 0.094841 0.094511 0.094188 0.093871 0.093560 0.093256 0.092956 0.092663 0.092374 0.092090 0.091810 0.091535 0.091264 0.090997 0.090733 0.090474 0.090217 0.089964 0.089714 0.089466 0.089222 0.088980 0.088740 0.088503 0.088269 0.088036 0.087806 0.087577 0.087351 0.087126 0.086903 0.086682 0.086462
0.104729 0.100984 0.099457 0.098618 0.098016 0.097510 0.097051 0.096621 0.096211 0.095818 0.095438 0.095070 0.094714 0.094367 0.094030 0.093702 0.093381 0.093068 0.092763 0.092464 0.092171 0.091884 0.091603 0.091327 0.091056 0.090790 0.090529 0.090272 0.090018 0.089769 0.089523 0.089280 0.089041 0.088805 0.088571 0.088340 0.088112 0.087886 0.087663 0.087442 0.087223 0.087005 0.086790 0.086576 0.086365 0.086154 0.085946 0.085738 0.085532 0.085328
0.095762 0.096539 0.096321 0.095882 0.095423 0.094988 0.094581 0.094198 0.093835 0.093487 0.093153 0.092831 0.092519 0.092217 0.091924 0.091638 0.091359 0.091087 0.090822 0.090561 0.090307 0.090057 0.089812 0.089571 0.089334 0.089101 0.088872 0.088646 0.088423 0.088203 0.087986 0.087771 0.087559 0.087349 0.087141 0.086935 0.086731 0.086529 0.086328 0.086129 0.085932 0.085736 0.085541 0.085348 0.085155 0.084964 0.084774 0.084585 0.084397 0.084210
0.091996 0.092801 0.092791 0.092566 0.092284 0.091990 0.091699 0.091415 0.091139 0.090873 0.090614 0.090364 0.090120 0.089883 0.089652 0.089427 0.089206 0.088990 0.088777 0.088569 0.088364 0.088162 0.087962 0.087766 0.087572 0.087380 0.087190 0.087002 0.086816 0.086631 0.086448 0.086266 0.086086 0.085907 0.085729 0.085551 0.085375 0.085200 0.085025 0.084852 0.084679 0.084506 0.084334 0.084163 0.083992 0.083822 0.083652 0.083483 0.083314 0.083145
0.093013 0.090164 0.089414 0.089147 0.088976 0.088817 0.088654 0.088488 0.088322 0.088157 0.087993 0.087831 0.087672 0.087514 0.087359 0.087205 0.087053 0.086901 0.086751 0.086602 0.086453 0.086306 0.086158 0.086011 0.085864 0.085718 0.085572 0.085425 0.085279 0.085133 0.084987 0.084840 0.084694 0.084547 0.084400 0.084254 0.084106 0.083959 0.083812 0.083664 0.083516 0.083368 0.083219 0.083071 0.082922 0.082773 0.082623 0.082473 0.082324 0.082173
0.081599 0.084818 0.085611 0.085794 0.085814 0.085786 0.085741 0.085689 0.085631 0.085570 0.085505 0.085437 0.085366 0.085292 0.085215 0.085136 0.085055 0.084971 0.084884 0.084796 0.084705 0.084612 0.084516 0.084419 0.084319 0.084218 0.084115 0.084010 0.083903 0.083794 0.083684 0.083572 0.083458 0.083343 0.083227 0.083109 0.082989 0.082869 0.082747 0.082624 0.082500 0.082375 0.082248 0.082121 0.081992 0.081863 0.081732 0.081601 0.081469 0.081336
0.085406 0.083623 0.083216 0.083136 0.083148 0.083187 0.083233 0.083279 0.083319 0.083352 0.083377 0.083395 0.083405 0.083408 0.083403 0.083392 0.083375 0.083352 0.083323 0.083288 0.083249 0.083205 0.083156 0.083102 0.083044 0.082983 0.082917 0.082848 0.082775 0.082699 0.082620 0.082538 0.082453 0.082365 0.082275 0.082182 0.082087 0.081989 0.081889 0.081787 0.081683 0.081577 0.081469 0.081360 0.081249 0.081136 0.081021 0.080905 0.080788 0.080669
0.081317 0.081033 0.080910 0.080954 0.081074 0.081216 0.081358 0.081492 0.081614 0.081723 0.081820 0.081904 0.081976 0.082037 0.082088 0.082129 0.082160 0.082183 0.082198 0.082204 0.082203 0.082196 0.082181 0.082161 0.082134 0.082102 0.082065 0.082022 0.081975 0.081923 0.081867 0.081807 0.081743 0.081675 0.081604 0.081529 0.081452 0.081371 0.081287 0.081200 0.081111 0.081019 0.080925 0.080828 0.080729 0.080629 0.080526 0.080421 0.080314 0.080206
0.077221 0.078366 0.079059 0.079513 0.079845 0.080111 0.080336 0.080532 0.080705 0.080859 0.080995 0.081116 0.081223 0.081316 0.081396 0.081465 0.081523 0.081570 0.081608 0.081637 0.081657 0.081669 0.081673 0.081670 0.081660 0.081644 0.081622 0.081593 0.081560 0.081521 0.081477 0.081429 0.081376 0.081318 0.081257 0.081192 0.081124 0.081051 0.080976 0.080898 0.080816 0.080732 0.080644 0.080555 0.080463 0.080368 0.080271 0.080172 0.080071 0.079968
