0.115488 0.114796 0.114625 0.114597 0.114612 0.114638 0.114664 0.114686 0.114703 0.114716 0.114724 0.114728 0.114729 0.114727 0.114724 0.114718 0.114711 0.114703 0.114694 0.114684 0.114674 0.114663 0.114652 0.114641 0.114630 0.114619 0.114608 0.114597 0.114586 0.114575 0.114565 0.114554 0.114544 0.114534 0.114524 0.114514 0.114505 0.114496 0.114487 0.114478 0.114470 0.114462 0.114454 0.114447 0.114439 0.114432 0.114425 0.114419 0.114413 0.114406
0.112603 0.114219 0.114650 0.114800 0.114867 0.114903 0.114924 0.114935 0.114940 0.114941 0.114939 0.114934 0.114928 0.114920 0.114911 0.114901 0.114890 0.114879 0.114867 0.114855 0.114843 0.114831 0.114819 0.114807 0.114795 0.114783 0.114772 0.114760 0.114749 0.114738 0.114727 0.114716 0.114706 0.114696 0.114686 0.114676 0.114667 0.114658 0.114649 0.114640 0.114632 0.114624 0.114617 0.114609 0.114602 0.114595 0.114589 0.114582 0.114576 0.114571
0.117253 0.115637 0.115426 0.115426 0.115435 0.115431 0.115417 0.115400 0.115380 0.115361 0.115341 0.115322 0.115303 0.115285 0.115267 0.115250 0.115234 0.115218 0.115202 0.115187 0.115172 0.115158 0.115144 0.115130 0.115117 0.115104 0.115092 0.115080 0.115068 0.115056 0.115045 0.115034 0.115024 0.115014 0.115004 0.114994 0.114985 0.114977 0.114968 0.114960 0.114952 0.114945 0.114937 0.114931 0.114924 0.114918 0.114912 0.114906 0.114901 0.114896
0.113589 0.115957 0.116304 0.116277 0.116198 0.116123 0.116060 0.116005 0.115958 0.115917 0.115880 0.115847 0.115816 0.115789 0.115764 0.115740 0.115718 0.115698 0.115679 0.115661 0.115644 0.115628 0.115612 0.115597 0.115583 0.115570 0.115557 0.115544 0.115532 0.115521 0.115510 0.115499 0.115489 0.115479 0.115469 0.115461 0.115452 0.115444 0.115436 0.115429 0.115422 0.115415 0.115409 0.115403 0.115397 0.115392 0.115387 0.115383 0.115379 0.115375
0.122194 0.118540 0.117510 0.117132 0.116942 0.116820 0.116730 0.116657 0.116597 0.116545 0.116499 0.116459 0.116424 0.116392 0.116364 0.116338 0.116314 0.116293 0.116273 0.116254 0.116236 0.116220 0.116204 0.116189 0.116175 0.116162 0.116149 0.116137 0.116126 0.116115 0.116105 0.116095 0.116086 0.116077 0.116069 0.116061 0.116054 0.116047 0.116040 0.116034 0.116029 0.116024 0.116019 0.116015 0.116011 0.116008 0.116005 0.116003 0.116000 0.115999
0.114488 0.117001 0.117479 0.117524 0.117476 0.117411 0.117347 0.117290 0.117239 0.117194 0.117155 0.117121 0.117090 0.117062 0.117038 0.117015 0.116994 0.116975 0.116957 0.116941 0.116925 0.116911 0.116897 0.116884 0.116872 0.116860 0.116850 0.116839 0.116830 0.116821 0.116813 0.116805 0.116798 0.116791 0.116785 0.116779 0.116774 0.116770 0.116766 0.116763 0.116760 0.116757 0.116755 0.116754 0.116753 0.116752 0.116752 0.116752 0.116753 0.116754
0.119184 0.118023 0.117938 0.117959 0.117960 0.117944 0.117920 0.117895 0.117871 0.117849 0.117829 0.117810 0.117793 0.117777 0.117762 0.117748 0.117735 0.117722 0.117711 0.117699 0.117688 0.117678 0.117669 0.117659 0.117651 0.117643 0.117636 0.117629 0.117623 0.117618 0.117613 0.117608 0.117605 0.117602 0.117599 0.117597 0.117596 0.117595 0.117595 0.117596 0.117597 0.117598 0.117600 0.117603 0.117606 0.117609 0.117613 0.117618 0.117623 0.117628
0.117209 0.118337 0.118469 0.118472 0.118473 0.118481 0.118492 0.118502 0.118511 0.118518 0.118522 0.118525 0.118526 0.118526 0.118524 0.118522 0.118518 0.118515 0.118511 0.118507 0.118503 0.118499 0.118495 0.118492 0.118489 0.118487 0.118485 0.118484 0.118483 0.118483 0.118483 0.118484 0.118486 0.118488 0.118491 0.118495 0.118499 0.118504 0.118509 0.118515 0.118522 0.118529 0.118537 0.118545 0.118554 0.118563 0.118572 0.118582 0.118593 0.118604
0.121294 0.119447 0.119040 0.118976 0.119003 0.119052 0.119103 0.119149 0.119189 0.119222 0.119249 0.119270 0.119288 0.119301 0.119312 0.119321 0.119328 0.119333 0.119338 0.119342 0.119346 0.119350 0.119354 0.119358 0.119363 0.119368 0.119374 0.119380 0.119387 0.119394 0.119402 0.119411 0.119420 0.119430 0.119440 0.119452 0.119463 0.119476 0.119489 0.119502 0.119517 0.119531 0.119546 0.119562 0.119578 0.119595 0.119612 0.119629 0.119647 0.119666
0.116775 0.118602 0.119182 0.119441 0.119598 0.119711 0.119799 0.119869 0.119926 0.119972 0.120010 0.120042 0.120068 0.120090 0.120109 0.120126 0.120141 0.120155 0.120169 0.120182 0.120195 0.120208 0.120221 0.120235 0.120250 0.120264 0.120280 0.120296 0.120313 0.120330 0.120348 0.120367 0.120386 0.120406 0.120427 0.120448 0.120470 0.120492 0.120515 0.120538 0.120562 0.120587 0.120612 0.120637 0.120663 0.120689 0.120715 0.120742 0.120769 0.120796
0.120105 0.119916 0.120099 0.120282 0.120420 0.120523 0.120600 0.120660 0.120708 0.120748 0.120782 0.120811 0.120838 0.120863 0.120886 0.120909 0.120931 0.120954 0.120977 0.121000 0.121024 0.121048 0.121074 0.121100 0.121126 0.121154 0.121182 0.121211 0.121241 0.121271 0.121302 0.121333 0.121366 0.121398 0.121432 0.121466 0.121500 0.121535 0.121570 0.121606 0.121642 0.121678 0.121715 0.121752 0.121789 0.121827 0.121865 0.121903 0.121941 0.121980
0.121385 0.121366 0.121348 0.121361 0.121383 0.121405 0.121425 0.121444 0.121463 0.121482 0.121503 0.121525 0.121549 0.121575 0.121604 0.121634 0.121666 0.121699 0.121735 0.121772 0.121810 0.121849 0.121890 0.121931 0.121974 0.122018 0.122062 0.122107 0.122153 0.122199 0.122246 0.122294 0.122342 0.122390 0.122439 0.122488 0.122538 0.122588 0.122638 0.122688 0.122738 0.122789 0.122840 0.122891 0.122942 0.122994 0.123045 0.123097 0.123148 0.123200
0.122609 0.122487 0.122372 0.122269 0.122189 0.122134 0.122098 0.122079 0.122073 0.122079 0.122093 0.122116 0.122146 0.122181 0.122222 0.122266 0.122315 0.122366 0.122420 0.122476 0.122534 0.122593 0.122654 0.122716 0.122778 0.122842 0.122906 0.122971 0.123037 0.123102 0.123169 0.123235 0.123302 0.123368 0.123435 0.123502 0.123570 0.123637 0.123704 0.123771 0.123839 0.123906 0.123973 0.124040 0.124107 0.124174 0.124241 0.124308 0.124374 0.124441
0.123045 0.123023 0.122833 0.122675 0.122565 0.122493 0.122451 0.122434 0.122437 0.122457 0.122490 0.122535 0.122588 0.122648 0.122715 0.122786 0.122861 0.122939 0.123019 0.123102 0.123186 0.123271 0.123357 0.123444 0.123531 0.123619 0.123707 0.123795 0.123883 0.123971 0.124059 0.124147 0.124235 0.124323 0.124410 0.124497 0.124584 0.124671 0.124757 0.124844 0.124930 0.125015 0.125101 0.125186 0.125270 0.125355 0.125439 0.125523 0.125606 0.125689
0.123928 0.122803 0.122526 0.122437 0.122404 0.122401 0.122423 0.122466 0.122525 0.122598 0.122682 0.122775 0.122874 0.122978 0.123085 0.123196 0.123308 0.123422 0.123537 0.123653 0.123769 0.123885 0.124000 0.124116 0.124231 0.124346 0.124460 0.124574 0.124687 0.124800 0.124912 0.125023 0.125134 0.125245 0.125354 0.125463 0.125572 0.125680 0.125787 0.125894 0.126000 0.126106 0.126211 0.126315 0.126419 0.126523 0.126625 0.126728 0.126830 0.126931
0.119108 0.121003 0.121508 0.121700 0.121833 0.121964 0.122104 0.122252 0.122406 0.122564 0.122724 0.122885 0.123046 0.123206 0.123366 0.123524 0.123681 0.123837 0.123991 0.124143 0.124294 0.124443 0.124591 0.124737 0.124882 0.125025 0.125168 0.125308 0.125448 0.125586 0.125723 0.125860 0.125994 0.126128 0.126261 0.126393 0.126524 0.126655 0.126784 0.126912 0.127040 0.127166 0.127292 0.127418 0.127542 0.127666 0.127789 0.127911 0.128032 0.128153
0.122546 0.120955 0.120731 0.120880 0.121134 0.121413 0.121692 0.121964 0.122226 0.122478 0.122720 0.122953 0.123178 0.123396 0.123608 0.123814 0.124015 0.124212 0.124404 0.124593 0.124778 0.124960 0.125139 0.125315 0.125489 0.125661 0.125830 0.125998 0.126164 0.126328 0.126490 0.126651 0.126810 0.126968 0.127124 0.127280 0.127434 0.127587 0.127738 0.127889 0.128039 0.128187 0.128335 0.128482 0.128627 0.128772 0.128916 0.129059 0.129201 0.129343
0.117874 0.118849 0.119509 0.120067 0.120565 0.121015 0.121425 0.121801 0.122150 0.122475 0.122780 0.123070 0.123345 0.123609 0.123862 0.124107 0.124344 0.124574 0.124799 0.125019 0.125233 0.125444 0.125651 0.125855 0.126055 0.126253 0.126448 0.126641 0.126831 0.127020 0.127206 0.127391 0.127574 0.127756 0.127936 0.128114 0.128291 0.128467 0.128641 0.128815 0.128987 0.129158 0.129328 0.129496 0.129664 0.129831 0.129997 0.130162 0.130325 0.130488
0.115740 0.117881 0.119076 0.119884 0.120510 0.121035 0.121494 0.121908 0.122288 0.122642 0.122973 0.123288 0.123588 0.123875 0.124152 0.124421 0.124681 0.124935 0.125182 0.125425 0.125663 0.125897 0.126126 0.126353 0.126576 0.126797 0.127015 0.127231 0.127444 0.127656 0.127865 0.128073 0.128278 0.128483 0.128685 0.128887 0.129087 0.129285 0.129482 0.129678 0.129873 0.130067 0.130259 0.130451 0.130641 0.130830 0.131019 0.131206 0.131392 0.131577
0.120171 0.119853 0.120196 0.120656 0.121108 0.121529 0.121920 0.122288 0.122636 0.122968 0.123286 0.123594 0.123892 0.124182 0.124465 0.124742 0.125013 0.125279 0.125541 0.125799 0.126053 0.126304 0.126553 0.126798 0.127041 0.127281 0.127519 0.127756 0.127990 0.128223 0.128454 0.128683 0.128911 0.129137 0.129362 0.129586 0.129809 0.130030 0.130250 0.130469 0.130686 0.130903 0.131119 0.131333 0.131547 0.131759 0.131970 0.132181 0.132390 0.132599
0.120944 0.121370 0.121554 0.121745 0.121973 0.122228 0.122498 0.122777 0.123060 0.123344 0.123628 0.123912 0.124193 0.124473 0.124751 0.125028 0.125302 0.125574 0.125844 0.126113 0.126379 0.126644 0.126907 0.127169 0.127429 0.127687 0.127944 0.128200 0.128454 0.128707 0.128959 0.129209 0.129458 0.129707 0.129954 0.130200 0.130445 0.130689 0.130932 0.131174 0.131415 0.131655 0.131894 0.132132 0.132370 0.132606 0.132841 0.133076 0.133309 0.133542
0.122854 0.122583 0.122482 0.122497 0.122592 0.122740 0.122926 0.123138 0.123369 0.123613 0.123868 0.124129 0.124396 0.124667 0.124941 0.125217 0.125494 0.125772 0.126050 0.126328 0.126607 0.126885 0.127163 0.127440 0.127717 0.127993 0.128268 0.128543 0.128817 0.129091 0.129363 0.129635 0.129906 0.130177 0.130446 0.130715 0.130983 0.131250 0.131517 0.131783 0.132048 0.132312 0.132575 0.132838 0.133100 0.133361 0.133621 0.133881 0.134139 0.134397
0.122880 0.122473 0.122442 0.122519 0.122641 0.122795 0.122975 0.123178 0.123400 0.123638 0.123888 0.124148 0.124416 0.124690 0.124969 0.125252 0.125539 0.125827 0.126118 0.126410 0.126703 0.126997 0.127292 0.127587 0.127882 0.128177 0.128473 0.128768 0.129063 0.129358 0.129652 0.129946 0.130240 0.130534 0.130827 0.131119 0.131411 0.131703 0.131994 0.132284 0.132574 0.132864 0.133152 0.133441 0.133728 0.134015 0.134301 0.134587 0.134872 0.135156
0.120047 0.121131 0.121599 0.121881 0.122114 0.122343 0.122579 0.122826 0.123083 0.123351 0.123627 0.123910 0.124200 0.124494 0.124793 0.125096 0.125401 0.125709 0.126019 0.126331 0.126644 0.126958 0.127273 0.127589 0.127906 0.128223 0.128541 0.128858 0.129176 0.129494 0.129812 0.130130 0.130448 0.130766 0.131084 0.131402 0.131719 0.132036 0.132353 0.132670 0.132986 0.133302 0.133617 0.133932 0.134247 0.134561 0.134875 0.135188 0.135500 0.135812
0.120440 0.120450 0.120609 0.120867 0.121167 0.121482 0.121801 0.122122 0.122444 0.122766 0.123090 0.123416 0.123743 0.124072 0.124402 0.124734 0.125068 0.125403 0.125739 0.126076 0.126415 0.126754 0.127094 0.127435 0.127776 0.128118 0.128461 0.128803 0.129147 0.129490 0.129834 0.130178 0.130522 0.130866 0.131211 0.131555 0.131900 0.132244 0.132588 0.132932 0.133276 0.133620 0.133964 0.134307 0.134650 0.134993 0.135336 0.135678 0.136020 0.136361
0.119623 0.118866 0.119083 0.119494 0.119931 0.120360 0.120774 0.121175 0.121566 0.121949 0.122327 0.122701 0.123072 0.123441 0.123810 0.124177 0.124544 0.124911 0.125278 0.125645 0.126012 0.126380 0.126749 0.127117 0.127487 0.127856 0.128227 0.128597 0.128968 0.129340 0.129711 0.130083 0.130456 0.130829 0.131201 0.131575 0.131948 0.132321 0.132695 0.133068 0.133442 0.133815 0.134189 0.134563 0.134936 0.135309 0.135682 0.136055 0.136427 0.136800
0.112747 0.116026 0.117311 0.118066 0.118651 0.119166 0.119646 0.120103 0.120545 0.120977 0.121399 0.121816 0.122227 0.122635 0.123040 0.123442 0.123844 0.124244 0.124643 0.125042 0.125441 0.125840 0.126239 0.126638 0.127037 0.127437 0.127837 0.128238 0.128639 0.129040 0.129442 0.129844 0.130247 0.130650 0.131054 0.131458 0.131862 0.132266 0.132671 0.133076 0.133481 0.133886 0.134291 0.134697 0.135102 0.135508 0.135913 0.136318 0.136724 0.137129
0.118412 0.116579 0.116628 0.117048 0.117533 0.118020 0.118501 0.118973 0.119437 0.119894 0.120346 0.120793 0.121235 0.121675 0.122112 0.122547 0.122981 0.123413 0.123845 0.124276 0.124707 0.125137 0.125568 0.125999 0.126430 0.126862 0.127294 0.127727 0.128160 0.128593 0.129027 0.129462 0.129897 0.130332 0.130768 0.131205 0.131642 0.132079 0.132517 0.132956 0.133394 0.133833 0.134272 0.134711 0.135151 0.135590 0.136030 0.136470 0.136910 0.137349
0.112674 0.114889 0.115535 0.115958 0.116383 0.116830 0.117290 0.117757 0.118227 0.118697 0.119166 0.119634 0.120101 0.120568 0.121033 0.121497 0.121961 0.122424 0.122888 0.123351 0.123814 0.124277 0.124741 0.125205 0.125669 0.126134 0.126600 0.127066 0.127533 0.128001 0.128469 0.128938 0.129407 0.129877 0.130348 0.130819 0.131291 0.131764 0.132237 0.132711 0.133185 0.133660 0.134134 0.134610 0.135085 0.135561 0.136037 0.136513 0.136990 0.137466
0.116078 0.114292 0.114237 0.114563 0.114984 0.115436 0.115902 0.116377 0.116857 0.117342 0.117829 0.118319 0.118810 0.119302 0.119795 0.120288 0.120782 0.121277 0.121773 0.122268 0.122765 0.123262 0.123760 0.124259 0.124758 0.125258 0.125759 0.126261 0.126764 0.127267 0.127772 0.128277 0.128783 0.129290 0.129798 0.130306 0.130815 0.131325 0.131836 0.132347 0.132859 0.133371 0.133884 0.134397 0.134911 0.135425 0.135940 0.136455 0.136970 0.137485
0.108663 0.111048 0.112055 0.112701 0.113245 0.113757 0.114262 0.114767 0.115275 0.115787 0.116302 0.116820 0.117340 0.117863 0.118387 0.118913 0.119440 0.119969 0.120499 0.121030 0.121562 0.122095 0.122629 0.123165 0.123701 0.124239 0.124777 0.125317 0.125858 0.126399 0.126942 0.127486 0.128031 0.128577 0.129123 0.129671 0.130220 0.130769 0.131319 0.131870 0.132422 0.132974 0.133527 0.134081 0.134635 0.135190 0.135745 0.136301 0.136857 0.137413
0.109223 0.109617 0.110159 0.110715 0.111267 0.111816 0.112364 0.112912 0.113462 0.114014 0.114568 0.115124 0.115682 0.116243 0.116804 0.117368 0.117933 0.118500 0.119068 0.119637 0.120208 0.120780 0.121354 0.121928 0.122504 0.123082 0.123660 0.124240 0.124822 0.125404 0.125988 0.126572 0.127158 0.127745 0.128334 0.128923 0.129513 0.130104 0.130697 0.131290 0.131884 0.132478 0.133074 0.133670 0.134267 0.134864 0.135462 0.136061 0.136660 0.137259
0.108504 0.107778 0.107995 0.108480 0.109046 0.109637 0.110235 0.110835 0.111436 0.112038 0.112640 0.113242 0.113845 0.114449 0.115054 0.115660 0.116268 0.116877 0.117487 0.118099 0.118711 0.119326 0.119942 0.120559 0.121177 0.121797 0.122419 0.123042 0.123666 0.124291 0.124918 0.125546 0.126176 0.126807 0.127439 0.128072 0.128706 0.129342 0.129978 0.130616 0.131254 0.131893 0.132533 0.133174 0.133816 0.134458 0.135101 0.135745 0.136389 0.137034
0.101875 0.104152 0.105179 0.105923 0.106604 0.107269 0.107928 0.108586 0.109241 0.109895 0.110548 0.111200 0.111851 0.112503 0.113155 0.113807 0.114461 0.115115 0.115771 0.116428 0.117086 0.117745 0.118406 0.119068 0.119732 0.120397 0.121064 0.121732 0.122402 0.123073 0.123746 0.124420 0.125096 0.125772 0.126450 0.127130 0.127810 0.128492 0.129175 0.129859 0.130544 0.131230 0.131917 0.132605 0.133294 0.133983 0.134673 0.135364 0.136055 0.136747
0.102970 0.102217 0.102678 0.103362 0.104079 0.104796 0.105509 0.106218 0.106924 0.107627 0.108329 0.109030 0.109730 0.110430 0.111131 0.111831 0.112533 0.113235 0.113938 0.114642 0.115348 0.116055 0.116763 0.117473 0.118185 0.118897 0.119612 0.120328 0.121045 0.121764 0.122485 0.123207 0.123930 0.124655 0.125381 0.126109 0.126838 0.127568 0.128300 0.129032 0.129766 0.130501 0.131237 0.131974 0.132711 0.133450 0.134189 0.134929 0.135670 0.136412
0.096406 0.098807 0.099887 0.100715 0.101492 0.102255 0.103012 0.103766 0.104517 0.105266 0.106015 0.106763 0.107511 0.108259 0.109007 0.109757 0.110507 0.111258 0.112010 0.112763 0.113518 0.114274 0.115032 0.115791 0.116552 0.117314 0.118078 0.118843 0.119610 0.120379 0.121149 0.121921 0.122694 0.123469 0.124246 0.125023 0.125803 0.126583 0.127365 0.128148 0.128933 0.129718 0.130505 0.131293 0.132081 0.132871 0.133662 0.134453 0.135245 0.136038
0.097881 0.096852 0.097322 0.098069 0.098861 0.099657 0.100451 0.101245 0.102038 0.102831 0.103624 0.104419 0.105214 0.106010 0.106807 0.107605 0.108405 0.109206 0.110008 0.110811 0.111616 0.112423 0.113231 0.114040 0.114852 0.115665 0.116479 0.117296 0.118114 0.118933 0.119755 0.120578 0.121402 0.122229 0.123057 0.123886 0.124717 0.125550 0.126384 0.127219 0.128056 0.128894 0.129733 0.130574 0.131415 0.132258 0.133102 0.133946 0.134792 0.135638
0.090113 0.093134 0.094404 0.095318 0.096161 0.096993 0.097824 0.098658 0.099494 0.100333 0.101173 0.102015 0.102859 0.103704 0.104550 0.105398 0.106248 0.107098 0.107951 0.108805 0.109661 0.110518 0.111377 0.112238 0.113101 0.113965 0.114832 0.115700 0.116570 0.117441 0.118315 0.119191 0.120068 0.120947 0.121828 0.122710 0.123595 0.124481 0.125368 0.126257 0.127148 0.128040 0.128933 0.129828 0.130724 0.131622 0.132520 0.133420 0.134321 0.135222
0.093056 0.091521 0.091839 0.092566 0.093396 0.094258 0.095132 0.096014 0.096899 0.097787 0.098677 0.099569 0.100463 0.101358 0.102254 0.103152 0.104052 0.104953 0.105856 0.106761 0.107668 0.108576 0.109487 0.110399 0.111314 0.112230 0.113149 0.114069 0.114992 0.115917 0.116843 0.117772 0.118703 0.119636 0.120571 0.121507 0.122446 0.123387 0.124329 0.125273 0.126219 0.127167 0.128116 0.129067 0.130020 0.130973 0.131929 0.132885 0.133843 0.134802
0.084307 0.087246 0.088565 0.089569 0.090516 0.091455 0.092394 0.093333 0.094274 0.095214 0.096156 0.097099 0.098042 0.098987 0.099934 0.100882 0.101832 0.102783 0.103737 0.104692 0.105650 0.106610 0.107572 0.108536 0.109502 0.110471 0.111442 0.112415 0.113391 0.114369 0.115350 0.116333 0.117318 0.118305 0.119295 0.120287 0.121282 0.122278 0.123277 0.124278 0.125280 0.126285 0.127292 0.128301 0.129311 0.130323 0.131337 0.132353 0.133370 0.134389
0.085580 0.084934 0.085662 0.086639 0.087650 0.088657 0.089657 0.090652 0.091645 0.092636 0.093627 0.094619 0.095611 0.096605 0.097601 0.098598 0.099597 0.100599 0.101602 0.102608 0.103617 0.104627 0.105641 0.106657 0.107675 0.108696 0.109720 0.110747 0.111777 0.112809 0.113844 0.114882 0.115922 0.116965 0.118011 0.119060 0.120111 0.121165 0.122221 0.123280 0.124341 0.125404 0.126470 0.127538 0.128609 0.129681 0.130756 0.131833 0.132911 0.133992
0.078627 0.081232 0.082643 0.083788 0.084862 0.085913 0.086954 0.087991 0.089026 0.090062 0.091098 0.092136 0.093176 0.094217 0.095261 0.096307 0.097355 0.098406 0.099459 0.100515 0.101574 0.102636 0.103701 0.104769 0.105840 0.106914 0.107992 0.109072 0.110156 0.111243 0.112334 0.113427 0.114524 0.115624 0.116727 0.117833 0.118943 0.120055 0.121171 0.122289 0.123410 0.124534 0.125661 0.126791 0.127924 0.129059 0.130196 0.131336 0.132479 0.133624
0.079156 0.079230 0.080092 0.081102 0.082145 0.083201 0.084265 0.085335 0.086409 0.087486 0.088567 0.089650 0.090736 0.091825 0.092916 0.094011 0.095108 0.096208 0.097311 0.098418 0.099528 0.100642 0.101759 0.102879 0.104003 0.105131 0.106263 0.107399 0.108538 0.109681 0.110828 0.111978 0.113133 0.114291 0.115453 0.116618 0.117787 0.118960 0.120136 0.121316 0.122500 0.123687 0.124877 0.126071 0.127267 0.128468 0.129671 0.130877 0.132087 0.133300
0.074611 0.076191 0.077252 0.078285 0.079347 0.080435 0.081539 0.082653 0.083774 0.084898 0.086027 0.087158 0.088293 0.089430 0.090571 0.091715 0.092862 0.094012 0.095166 0.096324 0.097486 0.098652 0.099822 0.100996 0.102174 0.103357 0.104544 0.105735 0.106931 0.108131 0.109336 0.110545 0.111758 0.112976 0.114199 0.115425 0.116656 0.117891 0.119131 0.120375 0.121622 0.122874 0.124131 0.125391 0.126655 0.127923 0.129195 0.130471 0.131751 0.133035
0.073049 0.073176 0.074127 0.075252 0.076417 0.077592 0.078770 0.079949 0.081128 0.082308 0.083489 0.084672 0.085858 0.087045 0.088236 0.089430 0.090628 0.091830 0.093035 0.094245 0.095460 0.096679 0.097903 0.099131 0.100365 0.101603 0.102847 0.104095 0.105349 0.106608 0.107872 0.109141 0.110415 0.111695 0.112980 0.114269 0.115564 0.116864 0.118169 0.119479 0.120795 0.122115 0.123440 0.124769 0.126104 0.127444 0.128788 0.130138 0.131492 0.132851
0.066337 0.069086 0.070775 0.072186 0.073503 0.074780 0.076036 0.077281 0.078518 0.079752 0.080985 0.082219 0.083454 0.084691 0.085932 0.087177 0.088425 0.089678 0.090936 0.092198 0.093466 0.094739 0.096018 0.097302 0.098592 0.099887 0.101188 0.102496 0.103809 0.105128 0.106453 0.107785 0.109122 0.110465 0.111814 0.113170 0.114531 0.115899 0.117272 0.118651 0.120037 0.121428 0.122825 0.124229 0.125638 0.127053 0.128474 0.129901 0.131335 0.132774
0.066554 0.066973 0.068188 0.069518 0.070844 0.072150 0.073441 0.074724 0.076002 0.077278 0.078554 0.079832 0.081113 0.082397 0.083686 0.084979 0.086278 0.087581 0.088891 0.090206 0.091528 0.092855 0.094189 0.095529 0.096877 0.098230 0.099591 0.100958 0.102333 0.103714 0.105102 0.106497 0.107900 0.109309 0.110726 0.112149 0.113580 0.115018 0.116463 0.117915 0.119375 0.120841 0.122315 0.123796 0.125284 0.126780 0.128282 0.129793 0.131311 0.132837
0.062241 0.064448 0.065874 0.067168 0.068447 0.069729 0.071017 0.072311 0.073610 0.074915 0.076225 0.077541 0.078863 0.080191 0.081525 0.082865 0.084212 0.085566 0.086927 0.088295 0.089670 0.091052 0.092442 0.093840 0.095245 0.096658 0.098080 0.099509 0.100946 0.102391 0.103845 0.105306 0.106777 0.108255 0.109742 0.111237 0.112740 0.114252 0.115773 0.117302 0.118839 0.120385 0.121940 0.123504 0.125077 0.126659 0.128249 0.129850 0.131459 0.133079
0.062854 0.062897 0.063818 0.064957 0.066173 0.067430 0.068714 0.070018 0.071337 0.072668 0.074011 0.075363 0.076724 0.078094 0.079473 0.080859 0.082254 0.083658 0.085070 0.086491 0.087920 0.089358 0.090805 0.092261 0.093726 0.095200 0.096684 0.098176 0.099679 0.101190 0.102712 0.104243 0.105784 0.107334 0.108895 0.110465 0.112045 0.113635 0.115236 0.116847 0.118468 0.120099 0.121741 0.123394 0.125058 0.126733 0.128419 0.130117 0.131827 0.133551
0.058044 0.060022 0.061349 0.062595 0.063859 0.065151 0.066469 0.067807 0.069162 0.070531 0.071913 0.073306 0.074710 0.076124 0.077548 0.078983 0.080427 0.081882 0.083346 0.084821 0.086305 0.087800 0.089306 0.090822 0.092349 0.093886 0.095434 0.096993 0.098564 0.100145 0.101737 0.103341 0.104957 0.106583 0.108222 0.109872 0.111534 0.113208 0.114894 0.116592 0.118303 0.120026 0.121763 0.123512 0.125275 0.127052 0.128844 0.130650 0.132473 0.134316
0.057025 0.057608 0.058809 0.060143 0.061510 0.062890 0.064280 0.065680 0.067090 0.068510 0.069940 0.071382 0.072834 0.074297 0.075771 0.077256 0.078753 0.080260 0.081780 0.083311 0.084854 0.086408 0.087975 0.089554 0.091145 0.092749 0.094365 0.095994 0.097636 0.099291 0.100959 0.102640 0.104334 0.106043 0.107764 0.109500 0.111250 0.113014 0.114792 0.116586 0.118394 0.120218 0.122057 0.123913 0.125786 0.127677 0.129585 0.131515 0.133470 0.135462
0.052370 0.054522 0.056211 0.057764 0.059265 0.060744 0.062214 0.063682 0.065154 0.066632 0.068117 0.069612 0.071118 0.072634 0.074162 0.075702 0.077254 0.078819 0.080397 0.081988 0.083593 0.085211 0.086842 0.088488 0.090148 0.091822 0.093511 0.095215 0.096933 0.098667 0.100416 0.102180 0.103960 0.105756 0.107568 0.109397 0.111242 0.113104 0.114984 0.116881 0.118797 0.120732 0.122686 0.124661 0.126657 0.128676 0.130720 0.132797 0.134924 0.137158
0.050956 0.052576 0.054186 0.055756 0.057299 0.058829 0.060353 0.061876 0.063403 0.064936 0.066477 0.068027 0.069589 0.071162 0.072747 0.074346 0.075958 0.077585 0.079225 0.080881 0.082552 0.084238 0.085940 0.087658 0.089392 0.091143 0.092910 0.094695 0.096496 0.098315 0.100152 0.102007 0.103880 0.105772 0.107683 0.109613 0.111563 0.113534 0.115526 0.117539 0.119575 0.121634 0.123718 0.125827 0.127965 0.130135 0.132345 0.134624 0.137053 0.139875
0.049947 0.051179 0.052607 0.054109 0.055639 0.057184 0.058738 0.060302 0.061875 0.063458 0.065052 0.066658 0.068276 0.069909 0.071555 0.073216 0.074893 0.076586 0.078295 0.080020 0.081763 0.083524 0.085302 0.087099 0.088914 0.090748 0.092602 0.094474 0.096367 0.098280 0.100213 0.102168 0.104144 0.106142 0.108162 0.110206 0.112273 0.114365 0.116482 0.118626 0.120798 0.123000 0.125233 0.127500 0.129806 0.132166 0.134617 0.137278 0.140511 0.145404
0.047919 0.049600 0.051146 0.052677 0.054224 0.055790 0.057374 0.058975 0.060591 0.062222 0.063868 0.065530 0.067208 0.068902 0.070613 0.072341 0.074087 0.075852 0.077635 0.079438 0.081260 0.083102 0.084965 0.086849 0.088753 0.090679 0.092628 0.094598 0.096592 0.098609 0.100650 0.102715 0.104806 0.106922 0.109065 0.111236 0.113435 0.115665 0.117926 0.120220 0.122549 0.124916 0.127325 0.129784 0.132310 0.134959 0.137902 0.141672 0.147890 0.161328
0.047103 0.048451 0.049925 0.051461 0.053032 0.054630 0.056251 0.057893 0.059556 0.061239 0.062940 0.064662 0.066403 0.068164 0.069945 0.071747 0.073569 0.075413 0.077279 0.079167 0.081077 0.083010 0.084966 0.086946 0.088950 0.090979 0.093033 0.095113 0.097220 0.099353 0.101514 0.103704 0.105924 0.108174 0.110456 0.112771 0.115121 0.117509 0.119935 0.122404 0.124919 0.127486 0.130114 0.132829 0.135707 0.138995 0.143471 0.151532 0.170308 0.219995
0.045799 0.047258 0.048815 0.050410 0.052032 0.053679 0.055350 0.057046 0.058765 0.060507 0.062273 0.064063 0.065876 0.067712 0.069572 0.071457 0.073365 0.075298 0.077256 0.079239 0.081248 0.083282 0.085344 0.087432 0.089548 0.091692 0.093865 0.096068 0.098301 0.100565 0.102862 0.105193 0.107559 0.109961 0.112402 0.114884 0.117409 0.119981 0.122603 0.125281 0.128022 0.130841 0.133771 0.136918 0.140631 0.146034 0.156643 0.182974 0.254456 0.435888
0.044224 0.046094 0.047806 0.049494 0.051191 0.052907 0.054647 0.056413 0.058204 0.060022 0.061866 0.063737 0.065635 0.067560 0.069512 0.071492 0.073499 0.075533 0.077596 0.079687 0.081808 0.083957 0.086137 0.088348 0.090589 0.092863 0.095170 0.097511 0.099888 0.102301 0.104752 0.107243 0.109776 0.112353 0.114978 0.117653 0.120384 0.123175 0.126034 0.128971 0.132004 0.135181 0.138644 0.142879 0.149497 0.163609 0.200583 0.301784 0.530124 0.779438
0.043521 0.045209 0.046952 0.048714 0.050496 0.052299 0.054128 0.055983 0.057867 0.059779 0.061721 0.063692 0.065693 0.067723 0.069784 0.071874 0.073995 0.076147 0.078330 0.080545 0.082792 0.085072 0.087386 0.089734 0.092118 0.094539 0.096997 0.099495 0.102034 0.104615 0.107242 0.109917 0.112643 0.115423 0.118263 0.121168 0.124145 0.127205 0.130361 0.133637 0.137096 0.140929 0.145804 0.153989 0.172833 0.224527 0.365390 0.619879 0.860287 1.118800
0.042831 0.044479 0.046252 0.048085 0.049958 0.051863 0.053799 0.055766 0.057765 0.059794 0.061854 0.063946 0.066069 0.068224 0.070411 0.072631 0.074884 0.077170 0.079490 0.081846 0.084236 0.086664 0.089129 0.091633 0.094177 0.096763 0.099393 0.102068 0.104791 0.107565 0.110393 0.113280 0.116229 0.119248 0.122344 0.125526 0.128808 0.132209 0.135761 0.139544 0.143809 0.149453 0.159624 0.184702 0.255821 0.442023 0.700093 0.938150 1.213180 1.563366
0.041776 0.043709 0.045636 0.047592 0.049587 0.051619 0.053688 0.055790 0.057926 0.060094 0.062295 0.064527 0.066793 0.069092 0.071424 0.073791 0.076194 0.078632 0.081108 0.083621 0.086174 0.088767 0.091403 0.094082 0.096807 0.099579 0.102402 0.105278 0.108211 0.111205 0.114265 0.117397 0.120610 0.123913 0.127319 0.130846 0.134519 0.138383 0.142537 0.147300 0.153850 0.166467 0.199573 0.295478 0.521072 0.771543 1.013144 1.306235 1.675895 2.103710
0.040852 0.043013 0.045121 0.047249 0.049411 0.051607 0.053837 0.056099 0.058394 0.060721 0.063080 0.065472 0.067897 0.070357 0.072852 0.075384 0.077954 0.080562 0.083211 0.085902 0.088635 0.091414 0.094239 0.097114 0.100041 0.103023 0.106063 0.109167 0.112339 0.115585 0.118913 0.122334 0.125861 0.129509 0.133304 0.137278 0.141490 0.146063 0.151392 0.158973 0.174479 0.217523 0.343699 0.593479 0.835677 1.084259 1.394846 1.779986 2.216704 2.682622
0.040506 0.042574 0.044830 0.047152 0.049507 0.051891 0.054302 0.056742 0.059211 0.061710 0.064242 0.066808 0.069408 0.072045 0.074719 0.077433 0.080187 0.082983 0.085823 0.088709 0.091643 0.094627 0.097663 0.100756 0.103908 0.107124 0.110409 0.113770 0.117214 0.120750 0.124393 0.128157 0.132065 0.136147 0.140449 0.145043 0.150085 0.156042 0.164741 0.183450 0.238005 0.396883 0.655431 0.892608 1.149547 1.475289 1.871995 2.314968 2.783826 3.266961
0.039808 0.042345 0.044869 0.047403 0.049955 0.052528 0.055124 0.057745 0.060396 0.063078 0.065795 0.068547 0.071336 0.074165 0.077034 0.079947 0.082903 0.085905 0.088955 0.092056 0.095210 0.098419 0.101688 0.105021 0.108423 0.111900 0.115460 0.119111 0.122866 0.126740 0.130754 0.134934 0.139319 0.143968 0.148974 0.154526 0.161159 0.170995 0.192949 0.259739 0.448113 0.706244 0.941284 1.206236 1.543648 1.948331 2.395334 2.865891 3.349496 3.840521
0.039626 0.042532 0.045286 0.048017 0.050754 0.053507 0.056285 0.059092 0.061932 0.064808 0.067722 0.070676 0.073671 0.076710 0.079793 0.082922 0.086099 0.089326 0.092606 0.095941 0.099334 0.102790 0.106314 0.109911 0.113588 0.117354 0.121220 0.125200 0.129313 0.133582 0.138041 0.142737 0.147744 0.153178 0.159265 0.166599 0.177496 0.202291 0.280572 0.490919 0.745677 0.979969 1.251049 1.596071 2.005460 2.454568 2.925756 3.409228 3.899709 4.394252
0.040526 0.043174 0.046026 0.048911 0.051815 0.054746 0.057713 0.060718 0.063765 0.066855 0.069988 0.073166 0.076388 0.079657 0.082974 0.086340 0.089758 0.093229 0.096757 0.100346 0.103999 0.107722 0.111522 0.115406 0.119385 0.123470 0.127678 0.132031 0.136555 0.141292 0.146297 0.151658 0.157515 0.164134 0.172155 0.183938 0.210590 0.297376 0.520936 0.772878 1.006575 1.280651 1.628941 2.039949 2.489409 2.960273 3.443078 3.932713 4.426313 4.922176
0.040717 0.043896 0.046902 0.049922 0.052995 0.056126 0.059312 0.062550 0.065838 0.069172 0.072554 0.075981 0.079456 0.082978 0.086549 0.090172 0.093849 0.097582 0.101377 0.105237 0.109168 0.113177 0.117273 0.121467 0.125773 0.130208 0.134797 0.139571 0.144575 0.149875 0.155568 0.161819 0.168926 0.177565 0.189982 0.216994 0.306658 0.535255 0.786402 1.018994 1.292086 1.639059 2.048594 2.496680 2.966295 3.447936 3.936463 4.428991 4.923809 5.419852
0.041582 0.044504 0.047584 0.050811 0.054144 0.057553 0.061024 0.064546 0.068116 0.071730 0.075388 0.079091 0.082839 0.086634 0.090478 0.094374 0.098325 0.102336 0.106411 0.110557 0.114781 0.119092 0.123503 0.128028 0.132686 0.137502 0.142513 0.147766 0.153332 0.159320 0.165908 0.173417 0.182537 0.195293 0.221041 0.305952 0.531396 0.784384 1.015448 1.283212 1.623922 2.028613 2.473447 2.940824 3.420791 3.907959 4.399314 4.893075 5.388137 5.883779
0.041413 0.044352 0.047870 0.051545 0.055282 0.059059 0.062871 0.066717 0.070597 0.074513 0.078466 0.082459 0.086493 0.090573 0.094700 0.098880 0.103116 0.107415 0.111782 0.116225 0.120753 0.125380 0.130120 0.134994 0.140027 0.145256 0.150733 0.156530 0.162760 0.169607 0.177397 0.186800 0.199577 0.222897 0.295379 0.506984 0.764498 0.994725 1.253098 1.582109 1.977957 2.417255 2.881199 3.358891 3.844420 4.334500 4.827209 5.321360 5.816186 6.311174
0.038553 0.043804 0.048246 0.052462 0.056617 0.060760 0.064911 0.069079 0.073269 0.077487 0.081736 0.086021 0.090346 0.094714 0.099131 0.103600 0.108128 0.112721 0.117386 0.122134 0.126976 0.131928 0.137009 0.142246 0.147675 0.153347 0.159334 0.165747 0.172765 0.180700 0.190165 0.202632 0.223140 0.278613 0.460963 0.723542 0.956047 1.202339 1.513791 1.895743 2.326445 2.785335 3.259937 3.743444 4.232105 4.723753 5.217067 5.711202 6.205598 6.699868
0.041055 0.045086 0.049405 0.053807 0.058231 0.062665 0.067109 0.071568 0.076049 0.080557 0.085096 0.089671 0.094287 0.098947 0.103656 0.108419 0.113243 0.118135 0.123104 0.128162 0.133322 0.138605 0.144035 0.149646 0.155487 0.161626 0.168167 0.175274 0.183226 0.192553 0.204426 0.222250 0.261611 0.397713 0.656985 0.898210 1.132959 1.421302 1.782868 2.200592 2.652024 3.122306 3.603190 4.090172 4.580690 5.073212 5.566770 6.060729 6.554659 7.048257
0.041792 0.045975 0.050534 0.055189 0.059870 0.064565 0.069278 0.074014 0.078778 0.083574 0.088405 0.093274 0.098186 0.103143 0.108150 0.113213 0.118338 0.123534 0.128810 0.134180 0.139661 0.145277 0.151058 0.157049 0.163310 0.169935 0.177065 0.184939 0.193987 0.205094 0.220508 0.248380 0.332743 0.560756 0.817776 1.047341 1.309439 1.642804 2.041128 2.481332 2.945309 3.422563 3.907379 4.396568 4.888261 5.381305 5.874954 6.368707 6.862219 7.355247
0.040339 0.046087 0.051262 0.056260 0.061222 0.066195 0.071196 0.076228 0.081295 0.086397 0.091536 0.096713 0.101932 0.107196 0.112509 0.117876 0.123306 0.128807 0.134391 0.140073 0.145873 0.151818 0.157948 0.164314 0.170995 0.178110 0.185851 0.194551 0.204850 0.218196 0.238841 0.285895 0.442536 0.707170 0.945459 1.184638 1.482403 1.852270 2.275195 2.729541 3.201427 3.683180 4.170598 4.661277 5.153770 5.647162 6.140852 6.634429 7.127608 7.620184
0.041585 0.046599 0.051697 0.056888 0.062142 0.067442 0.072779 0.078148 0.083548 0.088979 0.094442 0.099939 0.105473 0.111049 0.116670 0.122343 0.128077 0.133880 0.139767 0.145753 0.151864 0.158129 0.164594 0.171321 0.178408 0.186001 0.194350 0.203901 0.215570 0.231628 0.259787 0.339211 0.559836 0.820495 1.051527 1.311765 1.642250 2.038407 2.477443 2.940904 3.417974 3.902757 4.391973 4.883705 5.376775 5.870425 6.364147 6.857595 7.350524 7.842758
0.040742 0.045978 0.051508 0.057126 0.062785 0.068467 0.074168 0.079887 0.085625 0.091384 0.097167 0.102979 0.108822 0.114701 0.120622 0.126591 0.132618 0.138712 0.144888 0.151165 0.157569 0.164135 0.170913 0.177977 0.185439 0.193477 0.202398 0.212775 0.225850 0.244968 0.283086 0.403322 0.657610 0.906022 1.140730 1.424082 1.780188 2.194324 2.643912 3.113362 3.593910 4.080775 4.571254 5.063741 5.557232 6.051073 6.544824 7.038177 7.530919 8.022895
0.039921 0.045741 0.051651 0.057618 0.063608 0.069608 0.075616 0.081636 0.087670 0.093721 0.099794 0.105891 0.112018 0.118178 0.124378 0.130623 0.136922 0.143287 0.149732 0.156277 0.162949 0.169788 0.176847 0.184210 0.192003 0.200430 0.209852 0.220966 0.235345 0.257550 0.306996 0.464119 0.729072 0.969279 1.212656 1.515859 1.890236 2.316248 2.772681 3.246050 3.728910 4.217179 4.708518 5.201520 5.695294 6.189257 6.683010 7.176278 7.668866 8.160633
0.039777 0.046135 0.052380 0.058581 0.064779 0.070992 0.077222 0.083472 0.089744 0.096039 0.102359 0.108707 0.115084 0.121496 0.127946 0.134440 0.140986 0.147595 0.154282 0.161067 0.167977 0.175054 0.182356 0.189970 0.198035 0.206775 0.216592 0.228282 0.243699 0.268498 0.328072 0.510096 0.775822 1.012644 1.264897 1.582539 1.968810 2.402218 2.862871 3.338658 3.822947 4.312075 4.803929 5.297221 5.791135 6.285129 6.778834 7.271994 7.764425 8.255999
0.040287 0.046895 0.053286 0.059650 0.066024 0.072420 0.078843 0.085295 0.091776 0.098287 0.104827 0.111398 0.118001 0.124638 0.131313 0.138030 0.144796 0.151622 0.158522 0.165514 0.172628 0.179904 0.187403 0.195215 0.203482 0.212443 0.222521 0.234566 0.250598 0.276923 0.342457 0.536012 0.800203 1.036480 1.294981 1.621094 2.013868 2.451184 2.914020 3.391026 3.876000 4.365505 4.857546 5.350902 5.844796 6.338709 6.832288 7.325288 7.817534 8.308901
0.040865 0.047221 0.053808 0.060410 0.067018 0.073640 0.080284 0.086953 0.093650 0.100374 0.107127 0.113910 0.120722 0.127567 0.134446 0.141363 0.148325 0.155340 0.162422 0.169589 0.176870 0.184303 0.191949 0.199899 0.208294 0.217373 0.227560 0.239705 0.255829 0.282229 0.347711 0.540398 0.803409 1.040364 1.301140 1.629737 2.024226 2.462464 2.925724 3.402880 3.887855 4.377275 4.869179 5.362364 5.856064 6.349767 6.843127 7.335899 7.827912 8.319042
0.040432 0.047287 0.054070 0.060893 0.067743 0.074610 0.081493 0.088393 0.095312 0.102252 0.109215 0.116200 0.123211 0.130247 0.137310 0.144405 0.151536 0.158712 0.165944 0.173250 0.180656 0.188201 0.195942 0.203967 0.212411 0.221502 0.231642 0.243628 0.259316 0.284338 0.343803 0.523453 0.785412 1.023759 1.282520 1.607623 1.999178 2.435455 2.897431 3.373691 3.857989 4.346861 4.838298 5.331073 5.824401 6.317763 6.810804 7.303277 7.795008 8.285870
0.039808 0.047069 0.054206 0.061299 0.068384 0.075471 0.082567 0.089676 0.096798 0.103936 0.111090 0.118260 0.125447 0.132651 0.139873 0.147117 0.154386 0.161687 0.169031 0.176435 0.183923 0.191531 0.199311 0.207345 0.215759 0.224758 0.234705 0.246299 0.261113 0.283677 0.333054 0.486939 0.745112 0.986165 1.239223 1.554781 1.938409 2.369569 2.828396 3.302633 3.785534 4.273377 4.764014 5.256139 5.748925 6.241823 6.734461 7.226579 7.717993 8.208572
0.041178 0.047755 0.054786 0.061935 0.069130 0.076355 0.083603 0.090871 0.098156 0.105455 0.112765 0.120085 0.127413 0.134748 0.142092 0.149445 0.156811 0.164195 0.171607 0.179062 0.186582 0.194198 0.201959 0.209936 0.218242 0.227055 0.236683 0.247703 0.261353 0.280943 0.319101 0.436077 0.680642 0.926806 1.172279 1.472329 1.842218 2.264389 2.717787 3.188657 3.669340 4.155629 4.645119 5.136365 5.628456 6.120792 6.612969 7.104706 7.595803 8.086118
0.040402 0.048069 0.055338 0.062584 0.069875 0.077209 0.084577 0.091968 0.099375 0.106791 0.114212 0.121635 0.129057 0.136476 0.143892 0.151305 0.158717 0.166133 0.173562 0.181015 0.188511 0.196079 0.203761 0.211617 0.219742 0.228287 0.237499 0.247827 0.260182 0.276795 0.305113 0.381955 0.591161 0.843795 1.083331 1.362915 1.712102 2.120101 2.564974 3.030710 3.508145 3.992261 4.480227 4.970363 5.461626 5.953336 6.445036 6.936410 7.427234 7.917350
0.040869 0.048120 0.055513 0.062955 0.070420 0.077897 0.085384 0.092876 0.100368 0.107858 0.115340 0.122813 0.130273 0.137719 0.145150 0.152566 0.159968 0.167360 0.174749 0.182144 0.189561 0.197024 0.204568 0.212243 0.220126 0.228337 0.237066 0.246646 0.257709 0.271664 0.292561 0.338018 0.483772 0.733282 0.973421 1.231018 1.551750 1.938330 2.370098 2.828119 3.300867 3.781995 4.267971 4.756745 5.247059 5.738107 6.229355 6.720433 7.211084 7.701123
0.040455 0.047850 0.055499 0.063148 0.070766 0.078357 0.085925 0.093473 0.101001 0.108508 0.115994 0.123457 0.130896 0.138310 0.145697 0.153057 0.160392 0.167703 0.174995 0.182277 0.189561 0.196866 0.204219 0.211661 0.219252 0.227083 0.235295 0.244122 0.253983 0.265729 0.281460 0.308528 0.385173 0.592604 0.840312 1.081959 1.368171 1.723547 2.135064 2.581252 3.047069 3.523987 4.007314 4.494384 4.983601 5.473963 5.964814 6.455708 6.946334 7.436471
0.039851 0.047921 0.055627 0.063281 0.070910 0.078509 0.086073 0.093602 0.101096 0.108556 0.115982 0.123375 0.130733 0.138055 0.145341 0.152590 0.159802 0.166979 0.174124 0.181243 0.188344 0.195443 0.202561 0.209728 0.216990 0.224413 0.232097 0.240203 0.248998 0.258979 0.271215 0.288699 0.324382 0.440827 0.676775 0.917718 1.171539 1.485055 1.865284 2.292643 2.747689 3.218346 3.697934 4.182742 4.670611 5.160221 5.650728 6.141568 6.632351 7.122804
0.039912 0.047629 0.055372 0.063034 0.070625 0.078158 0.085640 0.093074 0.100464 0.107811 0.115116 0.122380 0.129602 0.136780 0.143913 0.151001 0.158042 0.165036 0.171986 0.178896 0.185772 0.192624 0.199468 0.206328 0.213236 0.220238 0.227406 0.234843 0.242717 0.251312 0.261176 0.273561 0.292526 0.338338 0.487355 0.730327 0.969793 1.238028 1.572435 1.969016 2.406277 2.866914 3.340777 3.822284 4.308293 4.796947 5.287093 5.777980 6.269099 6.760100
0.039565 0.047181 0.054772 0.062300 0.069754 0.077139 0.084465 0.091739 0.098963 0.106141 0.113273 0.120358 0.127394 0.134380 0.141313 0.148191 0.155014 0.161781 0.168492 0.175150 0.181760 0.188329 0.194869 0.201396 0.207933 0.214513 0.221183 0.228012 0.235101 0.242614 0.250831 0.260307 0.272416 0.292333 0.346285 0.512749 0.756062 0.997286 1.276850 1.624802 2.031313 2.474619 2.938871 3.415022 3.898096 4.385267 4.874846 5.365770 5.857341 6.349086
0.038837 0.046346 0.053727 0.061023 0.068246 0.075406 0.082512 0.089569 0.096577 0.103536 0.110446 0.117303 0.124104 0.130848 0.137531 0.144151 0.150706 0.157198 0.163624 0.169988 0.176293 0.182545 0.188752 0.194925 0.201081 0.207243 0.213442 0.219721 0.226143 0.232802 0.239845 0.247530 0.256378 0.267816 0.287843 0.344723 0.514308 0.757243 1.000338 1.285877 1.640556 2.052140 2.498813 2.965372 3.443251 3.927736 4.416138 4.906838 5.398814 5.891392
0.037701 0.045116 0.052269 0.059272 0.066199 0.073075 0.079908 0.086696 0.093436 0.100124 0.106755 0.113326 0.119834 0.126275 0.132648 0.138952 0.145184 0.151347 0.157440 0.163465 0.169426 0.175326 0.181174 0.186976 0.192745 0.198497 0.204251 0.210035 0.215889 0.221865 0.228044 0.234552 0.241608 0.249677 0.260173 0.279263 0.333440 0.494066 0.736798 0.980359 1.266052 1.621269 2.033916 2.481833 2.949684 3.428869 3.914666 4.404381 4.896393 5.389675
0.037980 0.044362 0.050807 0.057329 0.063874 0.070408 0.076910 0.083367 0.089771 0.096115 0.102393 0.108601 0.114739 0.120804 0.126796 0.132715 0.138563 0.144340 0.150049 0.155692 0.161272 0.166793 0.172260 0.177681 0.183062 0.188415 0.193752 0.199093 0.204459 0.209884 0.215410 0.221102 0.227062 0.233466 0.240713 0.250133 0.267396 0.314983 0.456562 0.697515 0.940409 1.220964 1.570869 1.980819 2.427984 2.896157 3.376223 3.863203 4.354270 4.847730
0.037417 0.043122 0.049209 0.055370 0.061536 0.067678 0.073777 0.079817 0.085791 0.091694 0.097522 0.103276 0.108956 0.114563 0.120101 0.125571 0.130976 0.136319 0.141603 0.146830 0.152004 0.157128 0.162207 0.167244 0.172246 0.177220 0.182175 0.187120 0.192072 0.197046 0.202070 0.207176 0.212414 0.217861 0.223655 0.230130 0.238462 0.253419 0.292758 0.408854 0.641768 0.884650 1.156039 1.494979 1.898254 2.342496 2.809897 3.290322 3.778269 4.270645
0.035958 0.042063 0.047870 0.053631 0.059353 0.065016 0.070608 0.076122 0.081557 0.086914 0.092196 0.097408 0.102555 0.107640 0.112669 0.117645 0.122572 0.127455 0.132295 0.137095 0.141859 0.146589 0.151288 0.155959 0.160605 0.165232 0.169842 0.174445 0.179046 0.183657 0.188292 0.192967 0.197710 0.202556 0.207560 0.212829 0.218637 0.225961 0.238558 0.269734 0.359613 0.571794 0.817293 1.077543 1.400381 1.792458 2.231198 2.696479 3.176577 3.665156
0.035965 0.041266 0.046679 0.051995 0.057193 0.062277 0.067256 0.072143 0.076949 0.081685 0.086360 0.090983 0.095561 0.100102 0.104609 0.109088 0.113542 0.117974 0.122387 0.126782 0.131160 0.135525 0.139876 0.144216 0.148545 0.152867 0.157183 0.161497 0.165812 0.170134 0.174470 0.178830 0.183226 0.187676 0.192206 0.196855 0.201703 0.206969 0.213427 0.223899 0.248018 0.315292 0.492077 0.741232 0.991496 1.294472 1.670228 2.100275 2.561718 3.040593
0.035088 0.040483 0.045464 0.050191 0.054731 0.059129 0.063419 0.067629 0.071779 0.075885 0.079961 0.084015 0.088056 0.092090 0.096119 0.100148 0.104178 0.108211 0.112249 0.116290 0.120337 0.124388 0.128444 0.132505 0.136571 0.140642 0.144718 0.148801 0.152891 0.156992 0.161105 0.165236 0.169391 0.173578 0.177808 0.182100 0.186481 0.191012 0.195861 0.201615 0.210331 0.228821 0.278055 0.412429 0.657143 0.902668 1.184487 1.538713 1.956104 2.411540
0.035541 0.039844 0.043940 0.047845 0.051609 0.055276 0.058882 0.062454 0.066010 0.069564 0.073127 0.076704 0.080300 0.083919 0.087561 0.091228 0.094920 0.098637 0.102377 0.106141 0.109927 0.113733 0.117560 0.121404 0.125266 0.129145 0.133039 0.136947 0.140870 0.144808 0.148761 0.152732 0.156721 0.160734 0.164775 0.168851 0.172976 0.177167 0.181470 0.186011 0.191224 0.198569 0.212771 0.248282 0.345010 0.565339 0.813714 1.076473 1.405170 1.805248
0.035055 0.038437 0.041611 0.044689 0.047724 0.050750 0.053789 0.056855 0.059956 0.063099 0.066286 0.069518 0.072796 0.076120 0.079488 0.082900 0.086353 0.089846 0.093378 0.096945 0.100546 0.104179 0.107842 0.111533 0.115250 0.118992 0.122757 0.126543 0.130349 0.134175 0.138019 0.141881 0.145762 0.149663 0.153585 0.157532 0.161509 0.165522 0.169587 0.173734 0.178059 0.182872 0.189192 0.200255 0.225919 0.294604 0.471268 0.724621 0.974528 1.276789
0.033931 0.036272 0.038633 0.041045 0.043532 0.046103 0.048756 0.051490 0.054300 0.057184 0.060137 0.063157 0.066240 0.069383 0.072583 0.075837 0.079142 0.082496 0.085896 0.089339 0.092823 0.096345 0.099903 0.103496 0.107119 0.110773 0.114454 0.118161 0.121891 0.125644 0.129419 0.133213 0.137026 0.140858 0.144709 0.148581 0.152473 0.156390 0.160337 0.164322 0.168370 0.172549 0.177078 0.182663 0.191504 0.210295 0.258698 0.387998 0.634173 0.882241
0.032706 0.034060 0.035783 0.037762 0.039928 0.042243 0.044686 0.047240 0.049896 0.052643 0.055474 0.058382 0.061363 0.064411 0.067522 0.070693 0.073919 0.077197 0.080526 0.083900 0.087319 0.090780 0.094279 0.097815 0.101385 0.104988 0.108621 0.112281 0.115968 0.119680 0.123413 0.127168 0.130943 0.134737 0.138549 0.142379 0.146226 0.150093 0.153980 0.157892 0.161835 0.165827 0.169917 0.174261 0.179346 0.186677 0.200807 0.235264 0.328546 0.551863
0.030492 0.032096 0.033840 0.035749 0.037823 0.040048 0.042409 0.044892 0.047485 0.050176 0.052958 0.055821 0.058761 0.061770 0.064845 0.067981 0.071174 0.074421 0.077719 0.081065 0.084456 0.087889 0.091363 0.094874 0.098420 0.102000 0.105611 0.109251 0.112919 0.116611 0.120327 0.124064 0.127822 0.131598 0.135393 0.139205 0.143033 0.146878 0.150741 0.154623 0.158528 0.162461 0.166438 0.170502 0.174783 0.179681 0.186423 0.198740 0.228145 0.315906
