0.085179 0.086588 0.087778 0.088953 0.090160 0.091407 0.092692 0.094014 0.095369 0.096758 0.098177 0.099626 0.101104 0.102612 0.104148 0.105713 0.107306 0.108927 0.110577 0.112254 0.113960 0.115694 0.117457 0.119247 0.121067 0.122915 0.124792 0.126699 0.128634 0.130599 0.132595 0.134620 0.136676 0.138762 0.140880 0.143029 0.145210 0.147424 0.149670 0.151950 0.154263 0.156610 0.158992 0.161409 0.163862 0.166351 0.168876 0.171439 0.174040 0.176679
0.086903 0.087153 0.088097 0.089241 0.090461 0.091724 0.093022 0.094350 0.095709 0.097098 0.098516 0.099963 0.101440 0.102945 0.104480 0.106043 0.107635 0.109255 0.110904 0.112581 0.114288 0.116022 0.117786 0.119578 0.121399 0.123250 0.125129 0.127038 0.128977 0.130945 0.132944 0.134973 0.137032 0.139123 0.141246 0.143400 0.145586 0.147805 0.150056 0.152342 0.154661 0.157014 0.159403 0.161826 0.164286 0.166782 0.169316 0.171886 0.174495 0.177143
0.085058 0.087084 0.088513 0.089808 0.091083 0.092369 0.093676 0.095007 0.096365 0.097750 0.099164 0.100607 0.102080 0.103581 0.105112 0.106673 0.108263 0.109883 0.111532 0.113210 0.114917 0.116654 0.118421 0.120216 0.122041 0.123896 0.125781 0.127695 0.129640 0.131615 0.133621 0.135658 0.137726 0.139826 0.141957 0.144121 0.146317 0.148547 0.150809 0.153106 0.155438 0.157804 0.160205 0.162643 0.165117 0.167628 0.170176 0.172763 0.175388 0.178052
0.087506 0.088417 0.089583 0.090807 0.092056 0.093324 0.094616 0.095935 0.097281 0.098656 0.100062 0.101498 0.102965 0.104463 0.105992 0.107551 0.109141 0.110761 0.112412 0.114093 0.115804 0.117546 0.119317 0.121119 0.122952 0.124814 0.126707 0.128631 0.130586 0.132572 0.134589 0.136638 0.138719 0.140832 0.142977 0.145156 0.147368 0.149613 0.151893 0.154208 0.156558 0.158943 0.161365 0.163823 0.166318 0.168851 0.171422 0.174033 0.176683 0.179372
0.088786 0.089802 0.090905 0.092060 0.093253 0.094480 0.095741 0.097036 0.098366 0.099730 0.101127 0.102558 0.104022 0.105519 0.107048 0.108610 0.110203 0.111828 0.113484 0.115171 0.116890 0.118639 0.120420 0.122232 0.124075 0.125949 0.127855 0.129792 0.131761 0.133762 0.135795 0.137861 0.139959 0.142091 0.144256 0.146454 0.148688 0.150955 0.153258 0.155597 0.157972 0.160383 0.162831 0.165317 0.167842 0.170404 0.173007 0.175649 0.178332 0.181056
0.089863 0.091101 0.092223 0.093339 0.094488 0.095681 0.096918 0.098198 0.099519 0.100879 0.102276 0.103708 0.105176 0.106678 0.108213 0.109782 0.111383 0.113017 0.114683 0.116381 0.118111 0.119873 0.121667 0.123493 0.125351 0.127241 0.129163 0.131118 0.133106 0.135126 0.137180 0.139268 0.141389 0.143544 0.145734 0.147959 0.150219 0.152515 0.154847 0.157216 0.159623 0.162067 0.164549 0.167070 0.169631 0.172231 0.174872 0.177555 0.180279 0.183045
0.091527 0.092474 0.093439 0.094490 0.095617 0.096806 0.098048 0.099336 0.100667 0.102037 0.103445 0.104889 0.106368 0.107881 0.109428 0.111009 0.112623 0.114270 0.115950 0.117663 0.119408 0.121186 0.122998 0.124841 0.126718 0.128629 0.130572 0.132549 0.134560 0.136605 0.138684 0.140798 0.142947 0.145132 0.147352 0.149609 0.151902 0.154232 0.156600 0.159006 0.161451 0.163935 0.166458 0.169022 0.171626 0.174272 0.176960 0.179691 0.182465 0.185283
0.093145 0.093422 0.094320 0.095413 0.096594 0.097830 0.099110 0.100430 0.101786 0.103177 0.104604 0.106065 0.107560 0.109088 0.110651 0.112247 0.113876 0.115539 0.117236 0.118966 0.120730 0.122527 0.124359 0.126224 0.128124 0.130058 0.132026 0.134030 0.136068 0.138142 0.140252 0.142397 0.144579 0.146798 0.149054 0.151348 0.153680 0.156051 0.158461 0.160910 0.163400 0.165930 0.168501 0.171115 0.173771 0.176470 0.179212 0.181999 0.184832 0.187709
0.091263 0.093430 0.094913 0.096237 0.097532 0.098836 0.100162 0.101513 0.102893 0.104304 0.105747 0.107222 0.108731 0.110274 0.111851 0.113461 0.115107 0.116786 0.118501 0.120250 0.122034 0.123853 0.125707 0.127597 0.129522 0.131483 0.133480 0.135514 0.137584 0.139691 0.141835 0.144017 0.146237 0.148496 0.150793 0.153130 0.155506 0.157923 0.160380 0.162879 0.165420 0.168003 0.170630 0.173300 0.176014 0.178774 0.181579 0.184430 0.187328 0.190274
0.093904 0.094788 0.096023 0.097317 0.098621 0.099935 0.101266 0.102621 0.104004 0.105419 0.106866 0.108348 0.109864 0.111416 0.113003 0.114627 0.116287 0.117983 0.119715 0.121484 0.123290 0.125132 0.127011 0.128928 0.130882 0.132873 0.134902 0.136969 0.139074 0.141219 0.143402 0.145624 0.147887 0.150189 0.152533 0.154917 0.157343 0.159811 0.162322 0.164877 0.167475 0.170117 0.172805 0.175538 0.178318 0.181144 0.184019 0.186941 0.189913 0.192935
0.095001 0.096240 0.097434 0.098636 0.099860 0.101115 0.102403 0.103728 0.105091 0.106493 0.107933 0.109412 0.110931 0.112488 0.114085 0.115720 0.117394 0.119107 0.120858 0.122649 0.124478 0.126345 0.128252 0.130198 0.132183 0.134207 0.136271 0.138376 0.140520 0.142705 0.144931 0.147198 0.149507 0.151858 0.154252 0.156689 0.159170 0.161694 0.164264 0.166879 0.169539 0.172247 0.175001 0.177804 0.180655 0.183555 0.186505 0.189505 0.192557 0.195662
0.096696 0.097882 0.098896 0.099939 0.101046 0.102220 0.103453 0.104741 0.106081 0.107468 0.108902 0.110381 0.111903 0.113469 0.115076 0.116726 0.118417 0.120149 0.121922 0.123736 0.125592 0.127488 0.129425 0.131403 0.133422 0.135483 0.137585 0.139730 0.141916 0.144146 0.146418 0.148733 0.151093 0.153496 0.155944 0.158438 0.160977 0.163563 0.166195 0.168875 0.171603 0.174380 0.177207 0.180083 0.183011 0.185990 0.189021 0.192106 0.195244 0.198437
0.099193 0.099236 0.099920 0.100850 0.101910 0.103059 0.104281 0.105565 0.106906 0.108298 0.109741 0.111231 0.112767 0.114349 0.115975 0.117645 0.119358 0.121115 0.122914 0.124756 0.126641 0.128569 0.130540 0.132553 0.134610 0.136710 0.138854 0.141041 0.143273 0.145550 0.147871 0.150238 0.152651 0.155110 0.157616 0.160169 0.162770 0.165420 0.168119 0.170868 0.173668 0.176519 0.179421 0.182377 0.185385 0.188448 0.191566 0.194739 0.197969 0.201256
0.097425 0.098893 0.100057 0.101195 0.102368 0.103591 0.104866 0.106192 0.107567 0.108991 0.110462 0.111979 0.113542 0.115150 0.116803 0.118501 0.120242 0.122028 0.123858 0.125732 0.127651 0.129614 0.131621 0.133673 0.135769 0.137911 0.140098 0.142331 0.144611 0.146937 0.149310 0.151730 0.154199 0.156716 0.159282 0.161898 0.164564 0.167281 0.170050 0.172871 0.175745 0.178672 0.181655 0.184692 0.187785 0.190936 0.194144 0.197410 0.200735 0.204121
0.097546 0.098798 0.100088 0.101374 0.102671 0.103990 0.105341 0.106728 0.108155 0.109623 0.111133 0.112687 0.114284 0.115925 0.117610 0.119339 0.121113 0.122931 0.124794 0.126703 0.128657 0.130656 0.132701 0.134793 0.136931 0.139116 0.141348 0.143628 0.145956 0.148333 0.150759 0.153234 0.155760 0.158337 0.160965 0.163645 0.166378 0.169164 0.172005 0.174900 0.177851 0.180858 0.183922 0.187045 0.190226 0.193466 0.196768 0.200130 0.203555 0.207043
0.098075 0.099198 0.100464 0.101782 0.103129 0.104501 0.105901 0.107334 0.108802 0.110308 0.111853 0.113440 0.115068 0.116740 0.118455 0.120215 0.122020 0.123870 0.125766 0.127709 0.129698 0.131733 0.133817 0.135948 0.138127 0.140356 0.142633 0.144960 0.147337 0.149765 0.152245 0.154776 0.157360 0.159997 0.162688 0.165434 0.168234 0.171091 0.174005 0.176976 0.180005 0.183094 0.186242 0.189451 0.192723 0.196056 0.199453 0.202915 0.206442 0.210035
0.098310 0.099893 0.101241 0.102564 0.103907 0.105281 0.106690 0.108134 0.109617 0.111140 0.112703 0.114310 0.115959 0.117653 0.119392 0.121177 0.123008 0.124886 0.126811 0.128785 0.130806 0.132876 0.134996 0.137166 0.139385 0.141656 0.143978 0.146351 0.148777 0.151257 0.153790 0.156377 0.159019 0.161717 0.164471 0.167283 0.170152 0.173081 0.176068 0.179116 0.182226 0.185397 0.188631 0.191929 0.195292 0.198721 0.202216 0.205779 0.209410 0.213111
0.100738 0.101411 0.102509 0.103733 0.105020 0.106355 0.107735 0.109161 0.110632 0.112150 0.113714 0.115325 0.116983 0.118689 0.120443 0.122245 0.124097 0.125997 0.127948 0.129948 0.131999 0.134101 0.136255 0.138461 0.140719 0.143031 0.145396 0.147816 0.150290 0.152820 0.155407 0.158050 0.160751 0.163510 0.166328 0.169206 0.172145 0.175146 0.178208 0.181335 0.184525 0.187781 0.191102 0.194491 0.197947 0.201472 0.205068 0.208734 0.212472 0.216283
0.101114 0.102697 0.103918 0.105108 0.106336 0.107618 0.108956 0.110349 0.111797 0.113299 0.114854 0.116461 0.118120 0.119832 0.121595 0.123410 0.125278 0.127198 0.129170 0.131195 0.133274 0.135406 0.137593 0.139834 0.142131 0.144483 0.146891 0.149356 0.151879 0.154460 0.157100 0.159799 0.162559 0.165380 0.168263 0.171209 0.174218 0.177292 0.180432 0.183637 0.186910 0.190252 0.193662 0.197143 0.200695 0.204319 0.208016 0.211788 0.215635 0.219559
0.104033 0.104503 0.105425 0.106499 0.107662 0.108900 0.110205 0.111575 0.113007 0.114498 0.116047 0.117653 0.119315 0.121033 0.122807 0.124635 0.126519 0.128459 0.130453 0.132504 0.134611 0.136774 0.138994 0.141271 0.143606 0.145999 0.148452 0.150964 0.153536 0.156169 0.158864 0.161621 0.164441 0.167325 0.170274 0.173289 0.176371 0.179520 0.182737 0.186024 0.189382 0.192811 0.196312 0.199887 0.203537 0.207262 0.211064 0.214944 0.218902 0.222941
0.104207 0.105473 0.106528 0.107621 0.108789 0.110031 0.111342 0.112718 0.114156 0.115654 0.117212 0.118828 0.120502 0.122235 0.124025 0.125872 0.127778 0.129741 0.131762 0.133841 0.135979 0.138176 0.140432 0.142748 0.145125 0.147562 0.150061 0.152622 0.155245 0.157933 0.160685 0.163502 0.166385 0.169335 0.172352 0.175439 0.178594 0.181821 0.185119 0.188490 0.191934 0.195453 0.199048 0.202719 0.206469 0.210298 0.214207 0.218197 0.222270 0.226427
0.105576 0.106208 0.107237 0.108404 0.109646 0.110946 0.112302 0.113714 0.115182 0.116707 0.118290 0.119931 0.121630 0.123388 0.125204 0.127079 0.129014 0.131008 0.133062 0.135176 0.137350 0.139586 0.141883 0.144242 0.146664 0.149149 0.151698 0.154311 0.156990 0.159735 0.162548 0.165428 0.168377 0.171395 0.174484 0.177645 0.180878 0.184185 0.187566 0.191023 0.194557 0.198169 0.201860 0.205632 0.209484 0.213420 0.217439 0.221543 0.225733 0.230010
0.104623 0.106237 0.107639 0.108986 0.110333 0.111705 0.113116 0.114574 0.116083 0.117646 0.119265 0.120941 0.122675 0.124468 0.126320 0.128232 0.130204 0.132236 0.134330 0.136485 0.138702 0.140982 0.143326 0.145733 0.148205 0.150742 0.153346 0.156016 0.158754 0.161561 0.164437 0.167384 0.170402 0.173492 0.176656 0.179894 0.183208 0.186598 0.190066 0.193613 0.197240 0.200948 0.204738 0.208612 0.212571 0.216616 0.220748 0.224969 0.229279 0.233681
0.105446 0.106938 0.108318 0.109661 0.111018 0.112411 0.113852 0.115344 0.116890 0.118493 0.120152 0.121870 0.123645 0.125480 0.127374 0.129328 0.131344 0.133421 0.135560 0.137761 0.140027 0.142356 0.144750 0.147211 0.149737 0.152331 0.154993 0.157724 0.160525 0.163397 0.166341 0.169358 0.172449 0.175615 0.178856 0.182175 0.185573 0.189050 0.192608 0.196247 0.199970 0.203777 0.207670 0.211650 0.215718 0.219875 0.224124 0.228464 0.232898 0.237427
0.107271 0.108183 0.109226 0.110412 0.111707 0.113090 0.114544 0.116064 0.117645 0.119287 0.120987 0.122747 0.124566 0.126444 0.128384 0.130384 0.132446 0.134571 0.136759 0.139010 0.141327 0.143709 0.146158 0.148674 0.151258 0.153912 0.156636 0.159431 0.162298 0.165238 0.168252 0.171342 0.174508 0.177752 0.181075 0.184478 0.187962 0.191528 0.195178 0.198913 0.202735 0.206644 0.210642 0.214731 0.218911 0.223184 0.227551 0.232015 0.236575 0.241234
0.108513 0.108826 0.109766 0.110961 0.112291 0.113712 0.115206 0.116765 0.118386 0.120068 0.121809 0.123611 0.125472 0.127395 0.129378 0.131424 0.133533 0.135706 0.137943 0.140246 0.142614 0.145051 0.147555 0.150128 0.152772 0.155487 0.158274 0.161134 0.164069 0.167079 0.170166 0.173331 0.176575 0.179899 0.183304 0.186793 0.190366 0.194024 0.197769 0.201602 0.205524 0.209538 0.213643 0.217843 0.222137 0.226529 0.231018 0.235607 0.240296 0.245088
0.106169 0.108231 0.109848 0.111341 0.112822 0.114332 0.115887 0.117494 0.119157 0.120878 0.122657 0.124497 0.126397 0.128359 0.130384 0.132473 0.134626 0.136845 0.139129 0.141481 0.143901 0.146391 0.148950 0.151580 0.154283 0.157059 0.159910 0.162836 0.165839 0.168920 0.172080 0.175320 0.178643 0.182048 0.185538 0.189114 0.192777 0.196528 0.200369 0.204302 0.208327 0.212446 0.216662 0.220974 0.225385 0.229897 0.234510 0.239226 0.244047 0.248974
0.107048 0.108897 0.110488 0.112011 0.113532 0.115079 0.116667 0.118305 0.119997 0.121747 0.123556 0.125427 0.127360 0.129357 0.131418 0.133545 0.135739 0.138000 0.140329 0.142727 0.145196 0.147736 0.150348 0.153034 0.155795 0.158631 0.161544 0.164535 0.167606 0.170757 0.173990 0.177307 0.180708 0.184195 0.187770 0.191433 0.195187 0.199032 0.202970 0.207003 0.211133 0.215359 0.219686 0.224113 0.228642 0.233275 0.238013 0.242859 0.247813 0.252877
0.110285 0.110597 0.111679 0.113015 0.114463 0.115983 0.117566 0.119209 0.120913 0.122679 0.124509 0.126403 0.128362 0.130388 0.132480 0.134641 0.136871 0.139170 0.141540 0.143982 0.146496 0.149085 0.151748 0.154487 0.157304 0.160198 0.163173 0.166228 0.169365 0.172586 0.175892 0.179284 0.182763 0.186332 0.189991 0.193742 0.197587 0.201526 0.205562 0.209696 0.213930 0.218265 0.222703 0.227245 0.231894 0.236650 0.241515 0.246491 0.251579 0.256781
0.109258 0.111192 0.112630 0.114014 0.115447 0.116947 0.118518 0.120158 0.121867 0.123643 0.125488 0.127401 0.129383 0.131433 0.133554 0.135746 0.138008 0.140344 0.142752 0.145235 0.147793 0.150428 0.153140 0.155931 0.158802 0.161753 0.164788 0.167906 0.171109 0.174398 0.177776 0.181242 0.184800 0.188449 0.192192 0.196031 0.199967 0.204000 0.208134 0.212370 0.216708 0.221152 0.225702 0.230360 0.235128 0.240008 0.245000 0.250107 0.255331 0.260672
0.111417 0.112375 0.113610 0.114949 0.116367 0.117864 0.119436 0.121082 0.122801 0.124591 0.126453 0.128385 0.130389 0.132465 0.134613 0.136834 0.139130 0.141500 0.143946 0.146469 0.149070 0.151750 0.154510 0.157351 0.160275 0.163283 0.166376 0.169556 0.172824 0.176182 0.179630 0.183171 0.186806 0.190536 0.194363 0.198289 0.202315 0.206443 0.210675 0.215012 0.219455 0.224008 0.228670 0.233444 0.238332 0.243335 0.248456 0.253695 0.259054 0.264535
0.112117 0.113195 0.114384 0.115712 0.117144 0.118661 0.120256 0.121924 0.123664 0.125477 0.127361 0.129318 0.131348 0.133451 0.135629 0.137881 0.140210 0.142616 0.145100 0.147664 0.150307 0.153032 0.155840 0.158732 0.161709 0.164773 0.167926 0.171167 0.174500 0.177925 0.181444 0.185059 0.188770 0.192581 0.196492 0.200505 0.204622 0.208844 0.213173 0.217611 0.222160 0.226820 0.231595 0.236486 0.241494 0.246621 0.251869 0.257239 0.262734 0.268355
0.112487 0.113458 0.114795 0.116238 0.117747 0.119319 0.120956 0.122659 0.124432 0.126274 0.128188 0.130175 0.132235 0.134369 0.136579 0.138866 0.141231 0.143674 0.146198 0.148803 0.151490 0.154262 0.157118 0.160061 0.163092 0.166212 0.169423 0.172727 0.176124 0.179617 0.183207 0.186895 0.190684 0.194575 0.198569 0.202669 0.206876 0.211192 0.215619 0.220158 0.224811 0.229580 0.234467 0.239473 0.244601 0.249851 0.255227 0.260728 0.266359 0.272119
0.110790 0.113308 0.115072 0.116668 0.118254 0.119878 0.121558 0.123299 0.125107 0.126983 0.128930 0.130950 0.133043 0.135212 0.137457 0.139781 0.142183 0.144666 0.147231 0.149879 0.152611 0.155430 0.158336 0.161330 0.164415 0.167592 0.170863 0.174228 0.177691 0.181251 0.184912 0.188674 0.192539 0.196510 0.200588 0.204775 0.209072 0.213481 0.218004 0.222644 0.227401 0.232278 0.237276 0.242397 0.247643 0.253017 0.258518 0.264150 0.269915 0.275813
0.113999 0.114499 0.115730 0.117193 0.118760 0.120400 0.122105 0.123876 0.125714 0.127623 0.129602 0.131655 0.133783 0.135987 0.138269 0.140630 0.143071 0.145594 0.148201 0.150893 0.153671 0.156537 0.159493 0.162540 0.165679 0.168913 0.172243 0.175670 0.179197 0.182825 0.186556 0.190391 0.194334 0.198384 0.202544 0.206817 0.211203 0.215705 0.220324 0.225063 0.229923 0.234906 0.240014 0.245249 0.250613 0.256107 0.261734 0.267494 0.273391 0.279425
0.113224 0.114708 0.116160 0.117672 0.119255 0.120907 0.122629 0.124421 0.126284 0.128220 0.130230 0.132314 0.134475 0.136713 0.139031 0.141429 0.143908 0.146472 0.149120 0.151855 0.154679 0.157592 0.160597 0.163695 0.166889 0.170178 0.173567 0.177056 0.180646 0.184341 0.188141 0.192049 0.196067 0.200195 0.204437 0.208794 0.213268 0.217861 0.222575 0.227411 0.232372 0.237460 0.242676 0.248023 0.253501 0.259114 0.264862 0.270748 0.276774 0.282941
0.113159 0.115007 0.116599 0.118153 0.119748 0.121411 0.123146 0.124957 0.126842 0.128803 0.130840 0.132954 0.135145 0.137415 0.139766 0.142199 0.144715 0.147316 0.150004 0.152781 0.155648 0.158607 0.161659 0.164807 0.168053 0.171397 0.174843 0.178391 0.182044 0.185804 0.189672 0.193651 0.197742 0.201947 0.206268 0.210708 0.215267 0.219949 0.224754 0.229686 0.234745 0.239934 0.245255 0.250709 0.256299 0.262027 0.267893 0.273901 0.280051 0.286346
0.114994 0.115906 0.117186 0.118652 0.120236 0.121910 0.123667 0.125501 0.127410 0.129396 0.131458 0.133598 0.135816 0.138115 0.140495 0.142959 0.145508 0.148144 0.150869 0.153684 0.156592 0.159594 0.162692 0.165887 0.169182 0.172579 0.176080 0.179685 0.183398 0.187220 0.191154 0.195200 0.199362 0.203640 0.208038 0.212557 0.217198 0.221965 0.226859 0.231881 0.237035 0.242321 0.247742 0.253300 0.258997 0.264834 0.270813 0.276937 0.283207 0.289624
0.114745 0.116011 0.117473 0.119044 0.120696 0.122419 0.124212 0.126075 0.128010 0.130018 0.132102 0.134263 0.136504 0.138827 0.141232 0.143723 0.146301 0.148968 0.151726 0.154577 0.157522 0.160563 0.163703 0.166943 0.170285 0.173731 0.177283 0.180943 0.184713 0.188594 0.192589 0.196700 0.200928 0.205276 0.209746 0.214340 0.219059 0.223906 0.228883 0.233992 0.239234 0.244612 0.250128 0.255783 0.261580 0.267520 0.273605 0.279837 0.286219 0.292751
0.113991 0.116021 0.117796 0.119513 0.121239 0.123005 0.124825 0.126707 0.128658 0.130680 0.132778 0.134955 0.137213 0.139554 0.141981 0.144495 0.147098 0.149793 0.152580 0.155463 0.158442 0.161520 0.164699 0.167980 0.171366 0.174857 0.178457 0.182167 0.185989 0.189926 0.193978 0.198148 0.202439 0.206852 0.211388 0.216051 0.220843 0.225764 0.230818 0.236006 0.241330 0.246792 0.252395 0.258139 0.264028 0.270063 0.276245 0.282577 0.289061 0.295698
0.115447 0.116997 0.118615 0.120268 0.121963 0.123711 0.125520 0.127396 0.129346 0.131371 0.133475 0.135662 0.137932 0.140289 0.142733 0.145268 0.147894 0.150614 0.153429 0.156341 0.159352 0.162463 0.165677 0.168996 0.172421 0.175955 0.179598 0.183354 0.187224 0.191210 0.195314 0.199539 0.203885 0.208356 0.212953 0.217679 0.222535 0.227523 0.232645 0.237904 0.243302 0.248840 0.254520 0.260344 0.266315 0.272434 0.278703 0.285124 0.291698 0.298428
0.116971 0.118224 0.119632 0.121152 0.122763 0.124458 0.126234 0.128092 0.130032 0.132056 0.134165 0.136360 0.138642 0.141014 0.143477 0.146031 0.148679 0.151423 0.154263 0.157203 0.160243 0.163385 0.166632 0.169984 0.173445 0.177015 0.180698 0.184494 0.188406 0.192436 0.196585 0.200857 0.205252 0.209773 0.214423 0.219202 0.224114 0.229160 0.234342 0.239662 0.245122 0.250725 0.256472 0.262365 0.268406 0.274597 0.280940 0.287436 0.294088 0.300897
0.117810 0.119048 0.120408 0.121873 0.123441 0.125107 0.126868 0.128721 0.130663 0.132695 0.134815 0.137025 0.139324 0.141714 0.144196 0.146772 0.149442 0.152209 0.155074 0.158038 0.161105 0.164274 0.167549 0.170931 0.174422 0.178024 0.181739 0.185569 0.189517 0.193583 0.197770 0.202080 0.206516 0.211078 0.215771 0.220594 0.225551 0.230644 0.235874 0.241243 0.246755 0.252410 0.258210 0.264158 0.270256 0.276505 0.282907 0.289464 0.296178 0.303050
0.117995 0.119403 0.120804 0.122295 0.123889 0.125582 0.127370 0.129248 0.131216 0.133271 0.135415 0.137647 0.139968 0.142380 0.144883 0.147480 0.150172 0.152960 0.155847 0.158833 0.161922 0.165114 0.168412 0.171818 0.175333 0.178960 0.182700 0.186556 0.190530 0.194624 0.198839 0.203179 0.207644 0.212238 0.216962 0.221818 0.226808 0.231935 0.237200 0.242606 0.248154 0.253847 0.259686 0.265674 0.271813 0.278103 0.284548 0.291149 0.297907 0.304824
0.118363 0.119451 0.120887 0.122474 0.124159 0.125928 0.127775 0.129702 0.131710 0.133799 0.135972 0.138230 0.140574 0.143007 0.145531 0.148147 0.150857 0.153662 0.156566 0.159569 0.162674 0.165882 0.169196 0.172618 0.176150 0.179793 0.183550 0.187423 0.191413 0.195524 0.199757 0.204115 0.208598 0.213210 0.217953 0.222828 0.227838 0.232985 0.238271 0.243698 0.249268 0.254983 0.260845 0.266855 0.273017 0.279331 0.285800 0.292425 0.299208 0.306151
0.117084 0.119048 0.120853 0.122629 0.124427 0.126272 0.128175 0.130146 0.132187 0.134305 0.136501 0.138779 0.141141 0.143590 0.146128 0.148756 0.151477 0.154293 0.157207 0.160219 0.163332 0.166549 0.169870 0.173299 0.176837 0.180487 0.184250 0.188129 0.192126 0.196242 0.200480 0.204843 0.209332 0.213949 0.218696 0.223576 0.228591 0.233742 0.239033 0.244464 0.250038 0.255757 0.261623 0.267638 0.273804 0.280122 0.286595 0.293223 0.300010 0.306957
0.117527 0.119475 0.121267 0.123044 0.124851 0.126709 0.128626 0.130609 0.132662 0.134790 0.136996 0.139282 0.141651 0.144106 0.146648 0.149280 0.152004 0.154822 0.157736 0.160748 0.163861 0.167076 0.170395 0.173821 0.177355 0.181001 0.184758 0.188631 0.192621 0.196730 0.200961 0.205315 0.209794 0.214401 0.219138 0.224007 0.229010 0.234149 0.239427 0.244844 0.250404 0.256108 0.261959 0.267958 0.274106 0.280407 0.286862 0.293472 0.300239 0.307166
0.119588 0.120547 0.121984 0.123615 0.125354 0.127175 0.129072 0.131042 0.133088 0.135211 0.137413 0.139696 0.142062 0.144513 0.147051 0.149678 0.152396 0.155207 0.158113 0.161116 0.164218 0.167422 0.170728 0.174140 0.177660 0.181289 0.185029 0.188883 0.192853 0.196941 0.201150 0.205480 0.209935 0.214516 0.219226 0.224067 0.229041 0.234149 0.239395 0.244780 0.250305 0.255974 0.261788 0.267749 0.273859 0.280120 0.286533 0.293101 0.299824 0.306705
0.118837 0.120635 0.122298 0.123970 0.125701 0.127505 0.129386 0.131344 0.133379 0.135494 0.137687 0.139962 0.142319 0.144761 0.147288 0.149903 0.152607 0.155404 0.158293 0.161278 0.164361 0.167543 0.170827 0.174214 0.177707 0.181307 0.185018 0.188840 0.192777 0.196829 0.201001 0.205292 0.209706 0.214245 0.218911 0.223705 0.228631 0.233690 0.238884 0.244215 0.249686 0.255298 0.261053 0.266954 0.273001 0.279198 0.285545 0.292045 0.298699 0.305508
0.118845 0.120698 0.122358 0.124033 0.125771 0.127582 0.129467 0.131426 0.133460 0.135571 0.137759 0.140025 0.142372 0.144801 0.147314 0.149912 0.152598 0.155372 0.158238 0.161198 0.164252 0.167403 0.170653 0.174005 0.177460 0.181020 0.184687 0.188464 0.192353 0.196356 0.200474 0.204710 0.209067 0.213546 0.218149 0.222879 0.227737 0.232726 0.237848 0.243105 0.248498 0.254031 0.259704 0.265520 0.271480 0.277588 0.283843 0.290249 0.296806 0.303516
0.120182 0.120769 0.122146 0.123789 0.125549 0.127385 0.129290 0.131262 0.133302 0.135414 0.137598 0.139857 0.142193 0.144608 0.147103 0.149680 0.152341 0.155089 0.157924 0.160849 0.163866 0.166977 0.170183 0.173488 0.176893 0.180400 0.184011 0.187728 0.191554 0.195491 0.199540 0.203704 0.207986 0.212386 0.216908 0.221553 0.226324 0.231222 0.236250 0.241410 0.246704 0.252133 0.257700 0.263407 0.269255 0.275247 0.281383 0.287667 0.294100 0.300683
0.116754 0.119380 0.121400 0.123260 0.125101 0.126973 0.128896 0.130876 0.132921 0.135031 0.137210 0.139460 0.141782 0.144179 0.146652 0.149202 0.151833 0.154545 0.157342 0.160224 0.163194 0.166254 0.169405 0.172651 0.175993 0.179433 0.182973 0.186616 0.190364 0.194218 0.198181 0.202256 0.206443 0.210746 0.215167 0.219707 0.224369 0.229155 0.234067 0.239107 0.244277 0.249579 0.255015 0.260586 0.266296 0.272146 0.278136 0.284270 0.290550 0.296975
0.117513 0.119278 0.121015 0.122768 0.124565 0.126419 0.128333 0.130310 0.132350 0.134453 0.136622 0.138857 0.141160 0.143533 0.145976 0.148493 0.151085 0.153753 0.156501 0.159329 0.162241 0.165238 0.168322 0.171495 0.174760 0.178118 0.181573 0.185125 0.188778 0.192532 0.196392 0.200358 0.204433 0.208619 0.212918 0.217332 0.221863 0.226515 0.231287 0.236184 0.241206 0.246355 0.251635 0.257046 0.262590 0.268269 0.274086 0.280042 0.286138 0.292376
0.118574 0.119244 0.120545 0.122132 0.123870 0.125706 0.127616 0.129590 0.131624 0.133718 0.135872 0.138086 0.140362 0.142701 0.145106 0.147579 0.150120 0.152734 0.155420 0.158183 0.161023 0.163943 0.166945 0.170031 0.173204 0.176465 0.179817 0.183262 0.186802 0.190440 0.194176 0.198015 0.201957 0.206006 0.210162 0.214429 0.218808 0.223302 0.227912 0.232641 0.237491 0.242463 0.247560 0.252784 0.258136 0.263618 0.269232 0.274981 0.280864 0.286885
0.115673 0.117509 0.119281 0.121086 0.122936 0.124832 0.126772 0.128757 0.130789 0.132870 0.135001 0.137185 0.139423 0.141718 0.144073 0.146488 0.148967 0.151512 0.154124 0.156806 0.159560 0.162389 0.165294 0.168277 0.171342 0.174489 0.177722 0.181042 0.184452 0.187953 0.191548 0.195240 0.199030 0.202920 0.206913 0.211011 0.215216 0.219530 0.223954 0.228492 0.233145 0.237915 0.242804 0.247814 0.252947 0.258205 0.263589 0.269101 0.274743 0.280516
0.113281 0.115766 0.117971 0.120012 0.121985 0.123939 0.125901 0.127886 0.129902 0.131956 0.134050 0.136189 0.138376 0.140612 0.142902 0.145246 0.147648 0.150109 0.152632 0.155219 0.157873 0.160594 0.163386 0.166251 0.169191 0.172208 0.175304 0.178482 0.181744 0.185091 0.188527 0.192052 0.195670 0.199383 0.203192 0.207099 0.211108 0.215220 0.219436 0.223760 0.228192 0.232735 0.237392 0.242163 0.247050 0.252056 0.257182 0.262430 0.267802 0.273299
0.113291 0.115506 0.117466 0.119374 0.121272 0.123175 0.125094 0.127034 0.129002 0.131003 0.133040 0.135116 0.137234 0.139397 0.141606 0.143865 0.146176 0.148539 0.150959 0.153437 0.155975 0.158575 0.161239 0.163970 0.166770 0.169641 0.172584 0.175603 0.178700 0.181876 0.185133 0.188475 0.191902 0.195417 0.199023 0.202721 0.206513 0.210401 0.214388 0.218475 0.222664 0.226958 0.231357 0.235865 0.240482 0.245211 0.250053 0.255010 0.260084 0.265275
0.115344 0.115960 0.117342 0.118973 0.120705 0.122492 0.124318 0.126179 0.128072 0.129999 0.131960 0.133958 0.135994 0.138070 0.140187 0.142348 0.144554 0.146808 0.149112 0.151468 0.153877 0.156342 0.158865 0.161449 0.164094 0.166804 0.169581 0.172426 0.175342 0.178330 0.181394 0.184534 0.187754 0.191055 0.194439 0.197908 0.201465 0.205111 0.208848 0.212678 0.216603 0.220625 0.224746 0.228967 0.233291 0.237718 0.242252 0.246892 0.251642 0.256502
0.112729 0.114942 0.116675 0.118328 0.119999 0.121707 0.123453 0.125236 0.127052 0.128900 0.130780 0.132693 0.134639 0.136619 0.138635 0.140689 0.142783 0.144917 0.147095 0.149318 0.151588 0.153907 0.156278 0.158702 0.161181 0.163718 0.166314 0.168972 0.171694 0.174482 0.177337 0.180262 0.183259 0.186330 0.189476 0.192701 0.196005 0.199391 0.202860 0.206415 0.210057 0.213788 0.217609 0.221524 0.225532 0.229636 0.233838 0.238139 0.242540 0.247043
0.112746 0.114196 0.115770 0.117386 0.119032 0.120708 0.122412 0.124141 0.125895 0.127673 0.129475 0.131302 0.133156 0.135037 0.136947 0.138888 0.140861 0.142869 0.144913 0.146995 0.149118 0.151282 0.153491 0.155746 0.158049 0.160403 0.162809 0.165269 0.167785 0.170360 0.172995 0.175692 0.178453 0.181281 0.184176 0.187141 0.190178 0.193289 0.196475 0.199738 0.203080 0.206503 0.210008 0.213596 0.217271 0.221032 0.224881 0.228821 0.232852 0.236976
0.111606 0.112967 0.114529 0.116172 0.117842 0.119523 0.121210 0.122904 0.124606 0.126320 0.128048 0.129790 0.131550 0.133329 0.135129 0.136952 0.138800 0.140675 0.142580 0.144515 0.146483 0.148486 0.150525 0.152604 0.154723 0.156885 0.159092 0.161346 0.163648 0.166000 0.168405 0.170864 0.173379 0.175952 0.178585 0.181279 0.184037 0.186860 0.189749 0.192707 0.195735 0.198834 0.202007 0.205254 0.208577 0.211978 0.215457 0.219017 0.222658 0.226382
0.109365 0.111298 0.113136 0.114898 0.116609 0.118289 0.119949 0.121598 0.123242 0.124884 0.126530 0.128182 0.129843 0.131515 0.133200 0.134901 0.136619 0.138357 0.140117 0.141900 0.143708 0.145544 0.147409 0.149305 0.151234 0.153199 0.155200 0.157240 0.159320 0.161443 0.163610 0.165823 0.168084 0.170394 0.172755 0.175169 0.177637 0.180162 0.182744 0.185385 0.188086 0.190850 0.193677 0.196569 0.199527 0.202552 0.205646 0.208809 0.212044 0.215350
0.108062 0.110312 0.112179 0.113892 0.115536 0.117143 0.118727 0.120297 0.121857 0.123412 0.124963 0.126515 0.128069 0.129627 0.131192 0.132765 0.134349 0.135945 0.137556 0.139182 0.140827 0.142491 0.144177 0.145886 0.147621 0.149383 0.151173 0.152995 0.154848 0.156736 0.158659 0.160620 0.162619 0.164660 0.166742 0.168868 0.171039 0.173257 0.175523 0.177838 0.180204 0.182622 0.185093 0.187618 0.190199 0.192836 0.195531 0.198285 0.201098 0.203972
0.109219 0.110354 0.111704 0.113141 0.114608 0.116082 0.117553 0.119019 0.120477 0.121930 0.123377 0.124820 0.126261 0.127700 0.129139 0.130581 0.132026 0.133476 0.134934 0.136401 0.137878 0.139367 0.140870 0.142389 0.143926 0.145481 0.147058 0.148656 0.150279 0.151927 0.153602 0.155306 0.157040 0.158806 0.160604 0.162437 0.164305 0.166210 0.168153 0.170135 0.172158 0.174222 0.176329 0.178479 0.180673 0.182913 0.185198 0.187531 0.189911 0.192339
0.108918 0.109728 0.110940 0.112267 0.113629 0.115003 0.116375 0.117743 0.119102 0.120453 0.121794 0.123126 0.124451 0.125768 0.127079 0.128385 0.129689 0.130991 0.132293 0.133596 0.134903 0.136214 0.137532 0.138858 0.140194 0.141540 0.142900 0.144273 0.145662 0.147068 0.148492 0.149936 0.151401 0.152888 0.154399 0.155934 0.157495 0.159083 0.160699 0.162343 0.164017 0.165722 0.167458 0.169226 0.171027 0.172861 0.174729 0.176631 0.178568 0.180540
0.105756 0.108134 0.109764 0.111187 0.112545 0.113873 0.115181 0.116471 0.117745 0.119001 0.120240 0.121464 0.122672 0.123866 0.125047 0.126217 0.127376 0.128527 0.129671 0.130809 0.131943 0.133074 0.134204 0.135335 0.136467 0.137603 0.138743 0.139889 0.141043 0.142204 0.143376 0.144558 0.145752 0.146959 0.148180 0.149416 0.150667 0.151935 0.153221 0.154524 0.155847 0.157188 0.158549 0.159931 0.161333 0.162756 0.164200 0.165665 0.167152 0.168660
0.107021 0.107652 0.108868 0.110186 0.111498 0.112783 0.114036 0.115259 0.116453 0.117618 0.118757 0.119871 0.120961 0.122030 0.123079 0.124108 0.125121 0.126118 0.127101 0.128071 0.129030 0.129979 0.130920 0.131854 0.132782 0.133706 0.134626 0.135544 0.136461 0.137378 0.138296 0.139216 0.140138 0.141064 0.141995 0.142931 0.143872 0.144819 0.145773 0.146735 0.147703 0.148680 0.149664 0.150656 0.151657 0.152665 0.153682 0.154706 0.155737 0.156776
0.104739 0.106561 0.107999 0.109334 0.110615 0.111849 0.113037 0.114183 0.115287 0.116353 0.117384 0.118382 0.119349 0.120287 0.121198 0.122084 0.122946 0.123786 0.124605 0.125405 0.126188 0.126954 0.127704 0.128440 0.129163 0.129875 0.130575 0.131265 0.131946 0.132619 0.133284 0.133943 0.134595 0.135241 0.135882 0.136518 0.137150 0.137777 0.138401 0.139020 0.139636 0.140247 0.140854 0.141457 0.142054 0.142647 0.143234 0.143814 0.144388 0.144954
0.105002 0.106205 0.107522 0.108798 0.110009 0.111158 0.112251 0.113291 0.114284 0.115233 0.116141 0.117011 0.117844 0.118644 0.119412 0.120149 0.120857 0.121537 0.122191 0.122820 0.123424 0.124006 0.124566 0.125106 0.125625 0.126125 0.126607 0.127071 0.127518 0.127948 0.128363 0.128762 0.129146 0.129515 0.129869 0.130208 0.130533 0.130842 0.131137 0.131417 0.131681 0.131929 0.132160 0.132375 0.132571 0.132748 0.132906 0.133043 0.133157 0.133248
0.104554 0.106143 0.107449 0.108618 0.109698 0.110709 0.111663 0.112566 0.113423 0.114235 0.115006 0.115737 0.116429 0.117084 0.117704 0.118289 0.118841 0.119361 0.119849 0.120306 0.120735 0.121134 0.121506 0.121850 0.122168 0.122459 0.122725 0.122967 0.123183 0.123375 0.123543 0.123686 0.123806 0.123901 0.123972 0.124019 0.124040 0.124036 0.124006 0.123950 0.123867 0.123755 0.123614 0.123443 0.123240 0.123005 0.122735 0.122429 0.122086 0.121704
0.105976 0.106856 0.107785 0.108687 0.109551 0.110377 0.111164 0.111912 0.112621 0.113289 0.113918 0.114507 0.115057 0.115568 0.116040 0.116475 0.116872 0.117233 0.117558 0.117847 0.118102 0.118323 0.118510 0.118663 0.118784 0.118872 0.118927 0.118950 0.118941 0.118899 0.118826 0.118719 0.118580 0.118407 0.118200 0.117959 0.117683 0.117371 0.117022 0.116635 0.116209 0.115743 0.115234 0.114682 0.114085 0.113441 0.112748 0.112003 0.111205 0.110352
0.106598 0.107289 0.107946 0.108614 0.109286 0.109948 0.110587 0.111196 0.111770 0.112306 0.112802 0.113258 0.113672 0.114045 0.114376 0.114666 0.114915 0.115123 0.115291 0.115418 0.115506 0.115554 0.115562 0.115531 0.115460 0.115351 0.115202 0.115013 0.114785 0.114516 0.114207 0.113858 0.113466 0.113032 0.112555 0.112033 0.111466 0.110852 0.110191 0.109480 0.108717 0.107902 0.107032 0.106106 0.105120 0.104072 0.102961 0.101782 0.100534 0.099212
0.106558 0.106941 0.107481 0.108077 0.108678 0.109259 0.109808 0.110320 0.110790 0.111217 0.111600 0.111938 0.112230 0.112477 0.112678 0.112833 0.112943 0.113007 0.113025 0.112999 0.112926 0.112809 0.112646 0.112438 0.112184 0.111884 0.111538 0.111146 0.110706 0.110218 0.109682 0.109096 0.108460 0.107772 0.107031 0.106237 0.105386 0.104479 0.103512 0.102484 0.101393 0.100237 0.099013 0.097718 0.096350 0.094905 0.093381 0.091774 0.090081 0.088297
0.104819 0.105619 0.106416 0.107129 0.107762 0.108325 0.108828 0.109274 0.109667 0.110006 0.110294 0.110530 0.110714 0.110847 0.110929 0.110960 0.110940 0.110870 0.110748 0.110576 0.110353 0.110078 0.109752 0.109375 0.108946 0.108464 0.107929 0.107340 0.106696 0.105997 0.105241 0.104427 0.103555 0.102621 0.101625 0.100566 0.099440 0.098246 0.096983 0.095646 0.094234 0.092744 0.091173 0.089518 0.087775 0.085941 0.084011 0.081982 0.079850 0.077609
0.102923 0.104447 0.105409 0.106146 0.106759 0.107285 0.107736 0.108121 0.108443 0.108704 0.108906 0.109050 0.109135 0.109164 0.109136 0.109051 0.108910 0.108713 0.108459 0.108149 0.107782 0.107359 0.106878 0.106339 0.105742 0.105085 0.104368 0.103591 0.102751 0.101848 0.100881 0.099847 0.098745 0.097574 0.096331 0.095014 0.093621 0.092150 0.090597 0.088959 0.087234 0.085419 0.083509 0.081500 0.079390 0.077173 0.074845 0.072401 0.069836 0.067145
0.104064 0.104266 0.104768 0.105304 0.105805 0.106247 0.106626 0.106938 0.107184 0.107366 0.107483 0.107536 0.107527 0.107455 0.107321 0.107126 0.106869 0.106550 0.106170 0.105728 0.105224 0.104657 0.104027 0.103333 0.102574 0.101749 0.100858 0.099898 0.098869 0.097770 0.096597 0.095351 0.094028 0.092626 0.091143 0.089577 0.087924 0.086182 0.084347 0.082416 0.080386 0.078252 0.076011 0.073657 0.071187 0.068595 0.065876 0.063024 0.060033 0.056897
0.102920 0.103496 0.103999 0.104470 0.104894 0.105258 0.105556 0.105787 0.105949 0.106044 0.106071 0.106031 0.105924 0.105752 0.105513 0.105208 0.104837 0.104400 0.103897 0.103326 0.102688 0.101982 0.101207 0.100363 0.099447 0.098459 0.097399 0.096263 0.095050 0.093760 0.092389 0.090935 0.089397 0.087771 0.086055 0.084246 0.082340 0.080334 0.078225 0.076008 0.073680 0.071235 0.068670 0.065978 0.063155 0.060194 0.057091 0.053837 0.050428 0.046855
0.102076 0.102697 0.103259 0.103715 0.104077 0.104360 0.104568 0.104705 0.104773 0.104772 0.104702 0.104564 0.104356 0.104080 0.103734 0.103320 0.102835 0.102280 0.101654 0.100956 0.100187 0.099344 0.098427 0.097435 0.096366 0.095219 0.093993 0.092685 0.091293 0.089817 0.088252 0.086597 0.084848 0.083004 0.081061 0.079014 0.076862 0.074599 0.072221 0.069725 0.067105 0.064356 0.061472 0.058449 0.055280 0.051958 0.048477 0.044829 0.041007 0.037005
0.101498 0.102350 0.102829 0.103159 0.103397 0.103563 0.103661 0.103693 0.103657 0.103555 0.103383 0.103142 0.102831 0.102449 0.101995 0.101469 0.100869 0.100196 0.099448 0.098624 0.097724 0.096745 0.095688 0.094550 0.093331 0.092027 0.090638 0.089161 0.087594 0.085935 0.084180 0.082328 0.080374 0.078316 0.076150 0.073872 0.071477 0.068963 0.066323 0.063553 0.060647 0.057600 0.054406 0.051057 0.047549 0.043872 0.040019 0.035984 0.031760 0.027346
0.102747 0.102525 0.102567 0.102662 0.102743 0.102785 0.102775 0.102704 0.102570 0.102368 0.102096 0.101754 0.101340 0.100852 0.100289 0.099651 0.098937 0.098145 0.097275 0.096325 0.095294 0.094182 0.092985 0.091703 0.090334 0.088876 0.087326 0.085683 0.083943 0.082104 0.080163 0.078117 0.075962 0.073694 0.071310 0.068805 0.066174 0.063413 0.060516 0.057478 0.054293 0.050954 0.047454 0.043787 0.039945 0.035920 0.031705 0.027293 0.022689 0.017922
0.101817 0.101817 0.101863 0.101918 0.101945 0.101922 0.101840 0.101691 0.101472 0.101182 0.100817 0.100378 0.099863 0.099271 0.098600 0.097851 0.097022 0.096113 0.095120 0.094045 0.092885 0.091638 0.090303 0.088878 0.087361 0.085750 0.084042 0.082234 0.080324 0.078309 0.076185 0.073949 0.071597 0.069124 0.066526 0.063798 0.060936 0.057934 0.054786 0.051485 0.048026 0.044401 0.040604 0.036625 0.032457 0.028092 0.023525 0.018767 0.013869 0.008988
0.099834 0.100437 0.100783 0.100963 0.101022 0.100984 0.100857 0.100646 0.100354 0.099980 0.099527 0.098993 0.098378 0.097683 0.096905 0.096045 0.095102 0.094074 0.092961 0.091760 0.090471 0.089091 0.087619 0.086053 0.084390 0.082628 0.080764 0.078796 0.076719 0.074531 0.072227 0.069805 0.067260 0.064586 0.061780 0.058835 0.055747 0.052510 0.049116 0.045560 0.041834 0.037931 0.033842 0.029559 0.025073 0.020383 0.015506 0.010526 0.005685 0.001679
0.099096 0.099697 0.100014 0.100160 0.100174 0.100078 0.099883 0.099595 0.099219 0.098756 0.098208 0.097576 0.096860 0.096060 0.095174 0.094203 0.093145 0.092000 0.090766 0.089441 0.088024 0.086513 0.084907 0.083201 0.081395 0.079485 0.077469 0.075343 0.073103 0.070747 0.068269 0.065666 0.062933 0.060064 0.057056 0.053901 0.050594 0.047128 0.043497 0.039693 0.035708 0.031534 0.027163 0.022585 0.017800 0.012835 0.007828 0.003224 0.000001 0.000001
0.100030 0.099764 0.099691 0.099609 0.099463 0.099239 0.098929 0.098534 0.098053 0.097487 0.096835 0.096098 0.095276 0.094367 0.093371 0.092288 0.091116 0.089854 0.088500 0.087054 0.085512 0.083873 0.082135 0.080294 0.078349 0.076296 0.074132 0.071854 0.069457 0.066938 0.064292 0.061515 0.058601 0.055546 0.052342 0.048985 0.045468 0.041783 0.037923 0.033880 0.029647 0.025212 0.020570 0.015717 0.010692 0.005689 0.001413 0.000001 0.000001 0.000001
0.099381 0.099424 0.099259 0.099021 0.098722 0.098356 0.097916 0.097399 0.096801 0.096121 0.095359 0.094512 0.093580 0.092561 0.091456 0.090261 0.088977 0.087601 0.086132 0.084567 0.082904 0.081142 0.079278 0.077308 0.075230 0.073040 0.070736 0.068313 0.065767 0.063093 0.060288 0.057345 0.054260 0.051027 0.047639 0.044090 0.040372 0.036479 0.032402 0.028132 0.023661 0.018979 0.014086 0.009028 0.004077 0.000067 0.000001 0.000001 0.000001 0.000001
0.099062 0.098782 0.098508 0.098172 0.097763 0.097281 0.096723 0.096090 0.095378 0.094587 0.093715 0.092761 0.091722 0.090598 0.089387 0.088086 0.086694 0.085210 0.083631 0.081954 0.080179 0.078301 0.076318 0.074227 0.072025 0.069708 0.067273 0.064715 0.062030 0.059212 0.056258 0.053162 0.049917 0.046518 0.042958 0.039229 0.035325 0.031236 0.026955 0.022473 0.017779 0.012871 0.007801 0.002941 0.000001 0.000001 0.000001 0.000001 0.000001 0.000001
0.098031 0.097760 0.097427 0.097006 0.096501 0.095917 0.095257 0.094521 0.093709 0.092818 0.091848 0.090796 0.089661 0.088440 0.087132 0.085734 0.084245 0.082662 0.080983 0.079205 0.077327 0.075344 0.073254 0.071053 0.068739 0.066307 0.063753 0.061073 0.058261 0.055314 0.052225 0.048988 0.045598 0.042048 0.038330 0.034437 0.030361 0.026093 0.021624 0.016945 0.012048 0.006983 0.002189 0.000001 0.000001 0.000001 0.000001 0.000001 0.000001 0.000001
0.096598 0.096451 0.096030 0.095496 0.094887 0.094209 0.093461 0.092642 0.091747 0.090776 0.089725 0.088592 0.087376 0.086073 0.084683 0.083202 0.081628 0.079960 0.078195 0.076329 0.074361 0.072287 0.070104 0.067809 0.065397 0.062864 0.060207 0.057420 0.054498 0.051436 0.048228 0.044868 0.041349 0.037664 0.033805 0.029765 0.025535 0.021105 0.016467 0.011610 0.006566 0.001783 0.000001 0.000001 0.000001 0.000001 0.000001 0.000001 0.000001 0.000001
0.095863 0.094920 0.094214 0.093552 0.092865 0.092125 0.091322 0.090447 0.089496 0.088466 0.087355 0.086161 0.084881 0.083515 0.082059 0.080511 0.078870 0.077134 0.075298 0.073362 0.071321 0.069173 0.066914 0.064540 0.062048 0.059432 0.056689 0.053812 0.050798 0.047639 0.044330 0.040864 0.037235 0.033434 0.029453 0.025285 0.020920 0.016347 0.011558 0.006559 0.001724 0.000001 0.000001 0.000001 0.000001 0.000001 0.000001 0.000001 0.000001 0.000001
0.092726 0.092243 0.091716 0.091123 0.090457 0.089714 0.088893 0.087992 0.087008 0.085942 0.084791 0.083555 0.082231 0.080818 0.079315 0.077719 0.076029 0.074242 0.072355 0.070366 0.068271 0.066067 0.063751 0.061318 0.058763 0.056084 0.053273 0.050327 0.047238 0.044002 0.040611 0.037059 0.033338 0.029440 0.025357 0.021080 0.016599 0.011903 0.006987 0.002055 0.000001 0.000001 0.000001 0.000001 0.000001 0.000001 0.000001 0.000001 0.000001 0.000001
0.089135 0.089292 0.088994 0.088491 0.087861 0.087129 0.086304 0.085391 0.084389 0.083301 0.082126 0.080862 0.079511 0.078069 0.076536 0.074910 0.073189 0.071370 0.069451 0.067428 0.065298 0.063058 0.060704 0.058231 0.055634 0.052909 0.050051 0.047053 0.043910 0.040615 0.037162 0.033542 0.029748 0.025772 0.021605 0.017238 0.012660 0.007862 0.002878 0.000001 0.000001 0.000001 0.000001 0.000001 0.000001 0.000001 0.000001 0.000001 0.000001 0.000001
0.088096 0.087167 0.086561 0.085965 0.085300 0.084549 0.083709 0.082780 0.081764 0.080661 0.079471 0.078193 0.076827 0.075372 0.073826 0.072187 0.070452 0.068620 0.066687 0.064649 0.062504 0.060246 0.057872 0.055378 0.052757 0.050006 0.047117 0.044086 0.040906 0.037570 0.034071 0.030401 0.026552 0.022515 0.018282 0.013842 0.009185 0.004302 0.000001 0.000001 0.000001 0.000001 0.000001 0.000001 0.000001 0.000001 0.000001 0.000001 0.000001 0.000001
0.084547 0.084579 0.084156 0.083565 0.082873 0.082093 0.081229 0.080281 0.079250 0.078136 0.076939 0.075657 0.074290 0.072835 0.071292 0.069656 0.067926 0.066097 0.064167 0.062132 0.059988 0.057730 0.055353 0.052853 0.050225 0.047462 0.044559 0.041510 0.038308 0.034945 0.031415 0.027709 0.023820 0.019738 0.015453 0.010956 0.006235 0.001331 0.000001 0.000001 0.000001 0.000001 0.000001 0.000001 0.000001 0.000001 0.000001 0.000001 0.000001 0.000001
0.083616 0.082766 0.082088 0.081399 0.080652 0.079834 0.078941 0.077974 0.076932 0.075815 0.074620 0.073347 0.071993 0.070554 0.069028 0.067412 0.065702 0.063893 0.061982 0.059964 0.057835 0.055590 0.053224 0.050731 0.048107 0.045345 0.042440 0.039384 0.036171 0.032794 0.029244 0.025515 0.021596 0.017479 0.013155 0.008613 0.003841 0.000001 0.000001 0.000001 0.000001 0.000001 0.000001 0.000001 0.000001 0.000001 0.000001 0.000001 0.000001 0.000001
0.081383 0.080789 0.080140 0.079421 0.078633 0.077780 0.076864 0.075887 0.074848 0.073743 0.072569 0.071323 0.069999 0.068594 0.067103 0.065522 0.063845 0.062069 0.060189 0.058200 0.056097 0.053875 0.051528 0.049052 0.046441 0.043688 0.040788 0.037733 0.034517 0.031133 0.027572 0.023826 0.019886 0.015744 0.011389 0.006811 0.001999 0.000001 0.000001 0.000001 0.000001 0.000001 0.000001 0.000001 0.000001 0.000001 0.000001 0.000001 0.000001 0.000001
0.079291 0.078983 0.078340 0.077571 0.076738 0.075863 0.074950 0.073993 0.072988 0.071927 0.070802 0.069608 0.068338 0.066986 0.065547 0.064014 0.062384 0.060651 0.058810 0.056857 0.054786 0.052592 0.050271 0.047815 0.045221 0.042481 0.039589 0.036540 0.033325 0.029937 0.026369 0.022612 0.018658 0.014496 0.010117 0.005511 0.000667 0.000001 0.000001 0.000001 0.000001 0.000001 0.000001 0.000001 0.000001 0.000001 0.000001 0.000001 0.000001 0.000001
0.078760 0.077487 0.076510 0.075627 0.074784 0.073952 0.073110 0.072240 0.071326 0.070355 0.069318 0.068207 0.067013 0.065732 0.064357 0.062884 0.061307 0.059622 0.057825 0.055909 0.053872 0.051708 0.049411 0.046977 0.044399 0.041673 0.038791 0.035747 0.032535 0.029146 0.025574 0.021809 0.017843 0.013666 0.009268 0.004639 0.000001 0.000001 0.000001 0.000001 0.000001 0.000001 0.000001 0.000001 0.000001 0.000001 0.000001 0.000001 0.000001 0.000001
0.075440 0.074728 0.073930 0.073230 0.072594 0.071973 0.071328 0.070634 0.069877 0.069043 0.068126 0.067118 0.066016 0.064814 0.063509 0.062097 0.060573 0.058935 0.057178 0.055298 0.053291 0.051153 0.048878 0.046462 0.043899 0.041184 0.038311 0.035273 0.032062 0.028673 0.025097 0.021326 0.017351 0.013162 0.008750 0.004103 0.000001 0.000001 0.000001 0.000001 0.000001 0.000001 0.000001 0.000001 0.000001 0.000001 0.000001 0.000001 0.000001 0.000001
0.071919 0.070940 0.070678 0.070551 0.070388 0.070137 0.069783 0.069320 0.068747 0.068063 0.067268 0.066362 0.065345 0.064214 0.062969 0.061608 0.060128 0.058527 0.056802 0.054949 0.052965 0.050846 0.048587 0.046185 0.043632 0.040925 0.038058 0.035023 0.031814 0.028424 0.024846 0.021070 0.017089 0.012892 0.008469 0.003810 0.000001 0.000001 0.000001 0.000001 0.000001 0.000001 0.000001 0.000001 0.000001 0.000001 0.000001 0.000001 0.000001 0.000001
0.064557 0.066715 0.067904 0.068570 0.068896 0.068973 0.068850 0.068557 0.068113 0.067529 0.066813 0.065971 0.065005 0.063917 0.062707 0.061375 0.059920 0.058340 0.056632 0.054794 0.052823 0.050714 0.048464 0.046068 0.043521 0.040818 0.037954 0.034920 0.031712 0.028322 0.024742 0.020964 0.016979 0.012778 0.008350 0.003685 0.000001 0.000001 0.000001 0.000001 0.000001 0.000001 0.000001 0.000001 0.000001 0.000001 0.000001 0.000001 0.000001 0.000001
