0.106466 0.108104 0.109380 0.110654 0.111908 0.113125 0.114311 0.115483 0.116659 0.117853 0.119076 0.120336 0.121639 0.122990 0.124393 0.125850 0.127364 0.128938 0.130573 0.132271 0.134035 0.135867 0.137767 0.139740 0.141787 0.143910 0.146113 0.148398 0.150768 0.153226 0.155776 0.158423 0.161169 0.164019 0.166977 0.170050 0.173241 0.176557 0.180004 0.183588 0.187317 0.191197 0.195237 0.199446 0.203832 0.208406 0.213178 0.218159 0.223362 0.228799
0.110776 0.109804 0.110845 0.111988 0.113038 0.114044 0.115055 0.116094 0.117173 0.118299 0.119475 0.120703 0.121984 0.123320 0.124713 0.126164 0.127674 0.129245 0.130878 0.132576 0.134340 0.136172 0.138073 0.140047 0.142094 0.144219 0.146423 0.148709 0.151080 0.153541 0.156093 0.158741 0.161489 0.164341 0.167303 0.170378 0.173573 0.176892 0.180343 0.183931 0.187665 0.191550 0.195595 0.199810 0.204202 0.208783 0.213562 0.218551 0.223762 0.229207
0.103879 0.111611 0.113528 0.114226 0.114781 0.115424 0.116187 0.117059 0.118025 0.119074 0.120196 0.121387 0.122643 0.123962 0.125344 0.126787 0.128293 0.129861 0.131494 0.133191 0.134956 0.136788 0.138691 0.140667 0.142717 0.144843 0.147050 0.149339 0.151714 0.154177 0.156733 0.159386 0.162139 0.164996 0.167963 0.171045 0.174247 0.177574 0.181033 0.184631 0.188374 0.192270 0.196327 0.200554 0.204960 0.209555 0.214350 0.219355 0.224583 0.230047
0.131034 0.120309 0.116999 0.116105 0.116132 0.116578 0.117253 0.118079 0.119016 0.120044 0.121151 0.122332 0.123580 0.124895 0.126273 0.127715 0.129220 0.130789 0.132423 0.134123 0.135889 0.137725 0.139630 0.141609 0.143663 0.145794 0.148005 0.150299 0.152679 0.155149 0.157712 0.160372 0.163133 0.166000 0.168977 0.172070 0.175283 0.178624 0.182098 0.185711 0.189471 0.193386 0.197464 0.201712 0.206142 0.210762 0.215583 0.220616 0.225874 0.231369
0.112069 0.113930 0.114837 0.115618 0.116410 0.117244 0.118133 0.119083 0.120096 0.121172 0.122312 0.123514 0.124778 0.126103 0.127491 0.128940 0.130451 0.132026 0.133665 0.135369 0.137141 0.138981 0.140893 0.142878 0.144938 0.147076 0.149294 0.151597 0.153987 0.156467 0.159042 0.161714 0.164490 0.167372 0.170366 0.173477 0.176711 0.180074 0.183571 0.187210 0.190998 0.194943 0.199053 0.203336 0.207803 0.212462 0.217325 0.222403 0.227708 0.233252
0.100431 0.109104 0.113209 0.115417 0.116887 0.118080 0.119180 0.120266 0.121371 0.122513 0.123700 0.124938 0.126229 0.127576 0.128981 0.130444 0.131968 0.133553 0.135202 0.136917 0.138698 0.140549 0.142470 0.144466 0.146538 0.148688 0.150921 0.153239 0.155645 0.158143 0.160737 0.163431 0.166229 0.169137 0.172159 0.175300 0.178566 0.181963 0.185498 0.189178 0.193009 0.197001 0.201160 0.205497 0.210021 0.214741 0.219668 0.224815 0.230192 0.235812
0.117241 0.116773 0.116930 0.117635 0.118575 0.119606 0.120679 0.121784 0.122924 0.124102 0.125324 0.126593 0.127912 0.129283 0.130709 0.132192 0.133734 0.135337 0.137003 0.138734 0.140532 0.142400 0.144341 0.146356 0.148448 0.150621 0.152878 0.155221 0.157655 0.160183 0.162809 0.165538 0.168374 0.171322 0.174387 0.177575 0.180892 0.184343 0.187936 0.191677 0.195575 0.199638 0.203873 0.208291 0.212900 0.217712 0.222737 0.227986 0.233471 0.239206
0.131897 0.122031 0.119901 0.119884 0.120530 0.121426 0.122442 0.123533 0.124680 0.125878 0.127124 0.128420 0.129766 0.131165 0.132618 0.134128 0.135696 0.137326 0.139019 0.140778 0.142605 0.144503 0.146475 0.148523 0.150651 0.152861 0.155157 0.157542 0.160021 0.162597 0.165274 0.168058 0.170952 0.173962 0.177094 0.180353 0.183745 0.187278 0.190957 0.194791 0.198788 0.202955 0.207302 0.211839 0.216575 0.221521 0.226688 0.232088 0.237734 0.243638
0.099138 0.114412 0.118969 0.120819 0.122014 0.123086 0.124173 0.125305 0.126487 0.127719 0.129000 0.130331 0.131714 0.133150 0.134641 0.136190 0.137798 0.139469 0.141204 0.143007 0.144880 0.146826 0.148847 0.150948 0.153131 0.155399 0.157756 0.160207 0.162754 0.165403 0.168157 0.171022 0.174003 0.177106 0.180335 0.183698 0.187201 0.190851 0.194656 0.198623 0.202761 0.207079 0.211586 0.216293 0.221210 0.226348 0.231719 0.237336 0.243211 0.249357
0.130603 0.122881 0.121901 0.122510 0.123511 0.124626 0.125793 0.127001 0.128248 0.129538 0.130874 0.132259 0.133694 0.135184 0.136730 0.138335 0.140001 0.141733 0.143531 0.145399 0.147340 0.149357 0.151452 0.153630 0.155894 0.158248 0.160694 0.163239 0.165885 0.168638 0.171503 0.174484 0.177588 0.180821 0.184188 0.187698 0.191355 0.195170 0.199149 0.203301 0.207636 0.212162 0.216892 0.221834 0.227002 0.232406 0.238060 0.243976 0.250170 0.256653
0.121552 0.121861 0.122561 0.123620 0.124823 0.126075 0.127348 0.128643 0.129967 0.131328 0.132733 0.134187 0.135693 0.137255 0.138876 0.140559 0.142307 0.144123 0.146008 0.147967 0.150003 0.152118 0.154317 0.156602 0.158978 0.161449 0.164019 0.166692 0.169474 0.172370 0.175384 0.178524 0.181795 0.185204 0.188758 0.192464 0.196330 0.200366 0.204579 0.208979 0.213577 0.218384 0.223410 0.228668 0.234171 0.239931 0.245964 0.252282 0.258903 0.265840
0.110776 0.119168 0.122713 0.124733 0.126262 0.127636 0.128977 0.130329 0.131716 0.133147 0.134628 0.136164 0.137758 0.139413 0.141132 0.142917 0.144770 0.146696 0.148696 0.150774 0.152934 0.155178 0.157511 0.159937 0.162460 0.165084 0.167815 0.170657 0.173616 0.176697 0.179908 0.183254 0.186742 0.190380 0.194175 0.198137 0.202274 0.206595 0.211111 0.215833 0.220772 0.225940 0.231350 0.237015 0.242951 0.249171 0.255692 0.262531 0.269703 0.277226
0.130172 0.126268 0.126280 0.127158 0.128267 0.129483 0.130778 0.132147 0.133586 0.135091 0.136661 0.138297 0.139999 0.141768 0.143607 0.145517 0.147501 0.149563 0.151705 0.153931 0.156245 0.158650 0.161151 0.163752 0.166458 0.169275 0.172207 0.175260 0.178441 0.181755 0.185211 0.188815 0.192575 0.196500 0.200598 0.204879 0.209354 0.214033 0.218928 0.224051 0.229414 0.235033 0.240921 0.247095 0.253569 0.260362 0.267492 0.274976 0.282834 0.291086
0.125862 0.128306 0.128737 0.129323 0.130237 0.131392 0.132711 0.134148 0.135680 0.137293 0.138981 0.140742 0.142574 0.144480 0.146461 0.148519 0.150658 0.152882 0.155192 0.157594 0.160092 0.162689 0.165391 0.168203 0.171130 0.174178 0.177353 0.180661 0.184109 0.187706 0.191457 0.195373 0.199462 0.203734 0.208198 0.212866 0.217749 0.222860 0.228211 0.233817 0.239693 0.245855 0.252318 0.259102 0.266224 0.273703 0.281562 0.289819 0.298498 0.307620
0.133621 0.129540 0.129603 0.130598 0.131892 0.133333 0.134874 0.136496 0.138190 0.139955 0.141790 0.143699 0.145683 0.147744 0.149887 0.152115 0.154431 0.156839 0.159343 0.161948 0.164658 0.167478 0.170414 0.173471 0.176655 0.179973 0.183431 0.187037 0.190799 0.194725 0.198824 0.203105 0.207579 0.212257 0.217149 0.222269 0.227629 0.233243 0.239128 0.245297 0.251769 0.258562 0.265693 0.273184 0.281055 0.289328 0.298027 0.307175 0.316797 0.326916
0.116379 0.125917 0.129662 0.132042 0.134030 0.135885 0.137704 0.139535 0.141405 0.143330 0.145323 0.147390 0.149537 0.151769 0.154091 0.156506 0.159019 0.161634 0.164355 0.167188 0.170138 0.173210 0.176410 0.179744 0.183220 0.186844 0.190625 0.194570 0.198687 0.202988 0.207481 0.212177 0.217088 0.222226 0.227603 0.233235 0.239135 0.245319 0.251805 0.258609 0.265752 0.273252 0.281132 0.289414 0.298121 0.307279 0.316911 0.327046 0.337709 0.348927
0.137500 0.132826 0.133906 0.135861 0.137838 0.139758 0.141665 0.143599 0.145588 0.147647 0.149787 0.152014 0.154333 0.156748 0.159264 0.161884 0.164613 0.167456 0.170417 0.173501 0.176716 0.180066 0.183558 0.187199 0.190998 0.194961 0.199097 0.203416 0.207927 0.212641 0.217569 0.222723 0.228116 0.233760 0.239671 0.245864 0.252356 0.259163 0.266305 0.273802 0.281674 0.289943 0.298634 0.307770 0.317378 0.327485 0.338118 0.349305 0.361077 0.373460
0.126293 0.136430 0.139744 0.141605 0.143254 0.144973 0.146811 0.148772 0.150848 0.153034 0.155327 0.157727 0.160233 0.162848 0.165576 0.168419 0.171383 0.174472 0.177692 0.181049 0.184549 0.188199 0.192006 0.195978 0.200123 0.204451 0.208970 0.213692 0.218625 0.223783 0.229177 0.234821 0.240728 0.246914 0.253393 0.260184 0.267304 0.274772 0.282608 0.290835 0.299475 0.308552 0.318092 0.328122 0.338668 0.349761 0.361430 0.373704 0.386614 0.400190
0.156466 0.149557 0.147940 0.148234 0.149386 0.150997 0.152888 0.154974 0.157211 0.159577 0.162064 0.164665 0.167382 0.170217 0.173173 0.176254 0.179466 0.182815 0.186307 0.189949 0.193748 0.197712 0.201848 0.206166 0.210674 0.215383 0.220302 0.225443 0.230817 0.236437 0.242316 0.248469 0.254910 0.261655 0.268722 0.276130 0.283896 0.292043 0.300591 0.309566 0.318990 0.328890 0.339293 0.350229 0.361725 0.373813 0.386523 0.399886 0.413933 0.428693
0.154310 0.151702 0.152040 0.153520 0.155459 0.157617 0.159915 0.162323 0.164833 0.167445 0.170160 0.172984 0.175923 0.178982 0.182168 0.185489 0.188950 0.192559 0.196324 0.200252 0.204352 0.208632 0.213101 0.217768 0.222643 0.227737 0.233060 0.238625 0.244444 0.250531 0.256899 0.263564 0.270542 0.277850 0.285506 0.293530 0.301944 0.310768 0.320027 0.329746 0.339950 0.350668 0.361927 0.373759 0.386194 0.399263 0.412997 0.427427 0.442583 0.458493
0.136638 0.149110 0.155544 0.159679 0.162918 0.165804 0.168563 0.171300 0.174067 0.176897 0.179812 0.182829 0.185960 0.189217 0.192610 0.196147 0.199838 0.203691 0.207714 0.211915 0.216304 0.220889 0.225680 0.230687 0.235919 0.241389 0.247107 0.253087 0.259341 0.265883 0.272729 0.279894 0.287396 0.295253 0.303484 0.312110 0.321154 0.330639 0.340591 0.351035 0.362001 0.373516 0.385611 0.398317 0.411665 0.425687 0.440414 0.455875 0.472098 0.489107
0.159914 0.164169 0.167797 0.171000 0.173961 0.176794 0.179576 0.182361 0.185191 0.188095 0.191098 0.194218 0.197470 0.200865 0.204414 0.208125 0.212008 0.216071 0.220322 0.224770 0.229422 0.234289 0.239380 0.244704 0.250272 0.256096 0.262187 0.268559 0.275225 0.282199 0.289498 0.297138 0.305138 0.313518 0.322297 0.331499 0.341147 0.351266 0.361885 0.373029 0.384730 0.397017 0.409920 0.423472 0.437704 0.452646 0.468328 0.484777 0.502016 0.520063
0.191379 0.185775 0.185049 0.186269 0.188214 0.190452 0.192850 0.195378 0.198039 0.200841 0.203796 0.206913 0.210199 0.213661 0.217307 0.221141 0.225172 0.229405 0.233847 0.238506 0.243390 0.248507 0.253865 0.259476 0.265349 0.271496 0.277929 0.284661 0.291706 0.299079 0.306798 0.314881 0.323346 0.332216 0.341513 0.351260 0.361484 0.372211 0.383470 0.395290 0.407701 0.420735 0.434421 0.448792 0.463878 0.479706 0.496302 0.513689 0.531885 0.550900
0.196983 0.198673 0.200630 0.202243 0.203798 0.205488 0.207391 0.209528 0.211900 0.214502 0.217328 0.220374 0.223638 0.227119 0.230818 0.234736 0.238877 0.243244 0.247844 0.252681 0.257762 0.263095 0.268689 0.274552 0.280695 0.287130 0.293868 0.300924 0.308312 0.316049 0.324153 0.332645 0.341545 0.350876 0.360662 0.370930 0.381707 0.393020 0.404899 0.417374 0.430476 0.444234 0.458680 0.473842 0.489747 0.506420 0.523881 0.542147 0.561227 0.581124
0.202155 0.214833 0.217761 0.218633 0.219362 0.220401 0.221823 0.223611 0.225734 0.228163 0.230877 0.233859 0.237100 0.240592 0.244331 0.248317 0.252549 0.257030 0.261763 0.266752 0.272003 0.277524 0.283321 0.289405 0.295785 0.302473 0.309483 0.316829 0.324528 0.332599 0.341061 0.349936 0.359248 0.369020 0.379278 0.390050 0.401363 0.413245 0.425727 0.438838 0.452608 0.467065 0.482238 0.498152 0.514831 0.532293 0.550554 0.569621 0.589496 0.610171
0.264655 0.242649 0.235490 0.233230 0.232909 0.233551 0.234793 0.236481 0.238541 0.240931 0.243626 0.246609 0.249869 0.253400 0.257195 0.261255 0.265577 0.270164 0.275018 0.280144 0.285547 0.291233 0.297210 0.303488 0.310078 0.316993 0.324249 0.331862 0.339851 0.348237 0.357041 0.366286 0.375995 0.386194 0.396910 0.408169 0.419999 0.432429 0.445488 0.459205 0.473606 0.488720 0.504570 0.521180 0.538566 0.556743 0.575718 0.595492 0.616057 0.637396
0.235345 0.239703 0.240858 0.241681 0.242697 0.243999 0.245601 0.247503 0.249700 0.252188 0.254961 0.258016 0.261347 0.264951 0.268828 0.272977 0.277398 0.282093 0.287065 0.292320 0.297862 0.303698 0.309838 0.316293 0.323076 0.330204 0.337693 0.345563 0.353833 0.362523 0.371657 0.381256 0.391346 0.401953 0.413101 0.424819 0.437135 0.450075 0.463668 0.477942 0.492921 0.508630 0.525090 0.542320 0.560332 0.579134 0.598726 0.619101 0.640244 0.662127
0.227155 0.239457 0.245332 0.248502 0.250680 0.252594 0.254551 0.256682 0.259043 0.261660 0.264542 0.267695 0.271121 0.274820 0.278793 0.283041 0.287566 0.292371 0.297460 0.302838 0.308511 0.314489 0.320782 0.327407 0.334378 0.341712 0.349428 0.357543 0.366079 0.375056 0.384497 0.394426 0.404867 0.415846 0.427389 0.439523 0.452275 0.465671 0.479740 0.494505 0.509991 0.526219 0.543207 0.560968 0.579510 0.598836 0.618940 0.639807 0.661414 0.683726
0.259483 0.256899 0.256682 0.257418 0.258643 0.260203 0.262051 0.264176 0.266577 0.269255 0.272211 0.275445 0.278957 0.282746 0.286814 0.291160 0.295788 0.300700 0.305899 0.311393 0.317190 0.323303 0.329746 0.336533 0.343682 0.351209 0.359133 0.367472 0.376247 0.385481 0.395194 0.405413 0.416160 0.427462 0.439345 0.451835 0.464959 0.478742 0.493211 0.508388 0.524295 0.540951 0.558370 0.576563 0.595533 0.615276 0.635783 0.657031 0.678993 0.701626
0.278879 0.269530 0.265756 0.264757 0.265115 0.266227 0.267842 0.269855 0.272215 0.274896 0.277885 0.281171 0.284748 0.288612 0.292761 0.297194 0.301913 0.306920 0.312218 0.317816 0.323727 0.329964 0.336540 0.343472 0.350775 0.358467 0.366566 0.375092 0.384066 0.393510 0.403446 0.413899 0.424892 0.436453 0.448606 0.461377 0.474792 0.488877 0.503656 0.519150 0.535380 0.552362 0.570108 0.588624 0.607912 0.627963 0.648762 0.670286 0.692498 0.715355
0.265086 0.265756 0.266941 0.267786 0.268698 0.269914 0.271508 0.273484 0.275825 0.278510 0.281523 0.284848 0.288476 0.292399 0.296614 0.301117 0.305908 0.310990 0.316367 0.322051 0.328053 0.334386 0.341065 0.348106 0.355524 0.363338 0.371566 0.380227 0.389344 0.398937 0.409030 0.419646 0.430811 0.442549 0.454887 0.467850 0.481463 0.495750 0.510736 0.526442 0.542885 0.560080 0.578038 0.596764 0.616255 0.636501 0.657485 0.679179 0.701544 0.724534
0.248276 0.264291 0.267970 0.269182 0.270148 0.271385 0.273001 0.275005 0.277378 0.280100 0.283152 0.286520 0.290192 0.294161 0.298422 0.302973 0.307812 0.312942 0.318369 0.324104 0.330160 0.336549 0.343286 0.350387 0.357867 0.365746 0.374040 0.382771 0.391960 0.401628 0.411798 0.422494 0.433741 0.445564 0.457989 0.471040 0.484744 0.499124 0.514204 0.530003 0.546539 0.563828 0.581878 0.600692 0.620268 0.640595 0.661654 0.683415 0.705839 0.728878
0.306466 0.278196 0.270870 0.269272 0.269583 0.270746 0.272436 0.274535 0.276992 0.279782 0.282886 0.286294 0.289998 0.293992 0.298273 0.302840 0.307693 0.312834 0.318270 0.324012 0.330072 0.336464 0.343203 0.350303 0.357782 0.365656 0.373946 0.382670 0.391849 0.401507 0.411664 0.422346 0.433576 0.445381 0.457785 0.470814 0.484493 0.498846 0.513897 0.529665 0.546169 0.563423 0.581437 0.600215 0.619754 0.640043 0.661064 0.682788 0.705177 0.728182
0.239224 0.258185 0.262918 0.264852 0.266415 0.268128 0.270103 0.272366 0.274920 0.277765 0.280896 0.284312 0.288010 0.291988 0.296246 0.300784 0.305604 0.310709 0.316104 0.321799 0.327808 0.334143 0.340820 0.347853 0.355259 0.363056 0.371262 0.379897 0.388982 0.398538 0.408588 0.419156 0.430266 0.441944 0.454215 0.467104 0.480638 0.494840 0.509734 0.525342 0.541682 0.558770 0.576617 0.595227 0.614601 0.634730 0.655597 0.677175 0.699429 0.722312
0.259483 0.256766 0.258694 0.260764 0.262664 0.264575 0.266636 0.268919 0.271454 0.274256 0.277330 0.280678 0.284300 0.288197 0.292370 0.296820 0.301549 0.306561 0.311860 0.317454 0.323353 0.329570 0.336121 0.343020 0.350284 0.357929 0.365975 0.374439 0.383343 0.392707 0.402556 0.412911 0.423799 0.435242 0.447268 0.459902 0.473170 0.487096 0.501707 0.517023 0.533067 0.549854 0.567398 0.585707 0.604784 0.624623 0.645212 0.666528 0.688539 0.711202
0.255172 0.257187 0.257570 0.258196 0.259224 0.260614 0.262332 0.264358 0.266680 0.269294 0.272192 0.275374 0.278835 0.282575 0.286593 0.290889 0.295466 0.300325 0.305472 0.310910 0.316646 0.322692 0.329060 0.335765 0.342822 0.350249 0.358062 0.366281 0.374925 0.384016 0.393576 0.403627 0.414194 0.425302 0.436977 0.449244 0.462131 0.475663 0.489866 0.504763 0.520379 0.536731 0.553837 0.571708 0.590352 0.609767 0.629945 0.650871 0.672518 0.694850
0.264224 0.258335 0.255612 0.254639 0.254709 0.255455 0.256693 0.258334 0.260329 0.262653 0.265289 0.268226 0.271457 0.274976 0.278781 0.282868 0.287238 0.291891 0.296832 0.302063 0.307589 0.313417 0.319557 0.326020 0.332820 0.339974 0.347497 0.355408 0.363726 0.372472 0.381667 0.391333 0.401496 0.412178 0.423407 0.435208 0.447609 0.460635 0.474315 0.488673 0.503735 0.519523 0.536057 0.553354 0.571424 0.590274 0.609901 0.630297 0.651442 0.673308
0.253017 0.248976 0.247662 0.247291 0.247423 0.247970 0.248911 0.250232 0.251915 0.253942 0.256297 0.258968 0.261942 0.265212 0.268771 0.272615 0.276742 0.281152 0.285846 0.290826 0.296097 0.301664 0.307533 0.313714 0.320218 0.327056 0.334246 0.341802 0.349742 0.358087 0.366857 0.376074 0.385761 0.395943 0.406645 0.417893 0.429715 0.442138 0.455191 0.468899 0.483291 0.498392 0.514225 0.530811 0.548167 0.566304 0.585228 0.604937 0.625422 0.646660
0.225862 0.233636 0.236243 0.236988 0.237303 0.237736 0.238474 0.239568 0.241020 0.242817 0.244942 0.247381 0.250121 0.253152 0.256467 0.260061 0.263931 0.268076 0.272496 0.277193 0.282172 0.287436 0.292991 0.298846 0.305008 0.311489 0.318301 0.325459 0.332977 0.340875 0.349170 0.357884 0.367039 0.376659 0.386767 0.397391 0.408557 0.420292 0.432625 0.445584 0.459199 0.473496 0.488503 0.504244 0.520740 0.538009 0.556064 0.574909 0.594543 0.614953
0.228879 0.228595 0.226477 0.225079 0.224509 0.224584 0.225160 0.226151 0.227505 0.229189 0.231179 0.233460 0.236021 0.238851 0.241946 0.245301 0.248914 0.252783 0.256911 0.261300 0.265953 0.270874 0.276071 0.281550 0.287320 0.293389 0.299770 0.306474 0.313516 0.320910 0.328675 0.336829 0.345392 0.354387 0.363836 0.373765 0.384199 0.395165 0.406691 0.418806 0.431538 0.444916 0.458970 0.473725 0.489207 0.505437 0.522433 0.540206 0.558759 0.578087
0.240517 0.217689 0.210587 0.208369 0.207918 0.208263 0.209073 0.210225 0.211666 0.213372 0.215329 0.217528 0.219964 0.222631 0.225528 0.228654 0.232008 0.235593 0.239409 0.243461 0.247754 0.252292 0.257082 0.262132 0.267449 0.273044 0.278927 0.285108 0.291601 0.298420 0.305580 0.313098 0.320992 0.329282 0.337990 0.347137 0.356749 0.366849 0.377465 0.388623 0.400352 0.412679 0.425632 0.439239 0.453525 0.468513 0.484222 0.500665 0.517848 0.535768
0.157328 0.176970 0.183753 0.186675 0.188406 0.189814 0.191204 0.192691 0.194323 0.196119 0.198089 0.200236 0.202565 0.205077 0.207775 0.210661 0.213740 0.217014 0.220487 0.224166 0.228055 0.232161 0.236490 0.241051 0.245853 0.250903 0.256213 0.261793 0.267654 0.273811 0.280276 0.287064 0.294191 0.301675 0.309535 0.317791 0.326463 0.335574 0.345148 0.355208 0.365780 0.376888 0.388557 0.400811 0.413674 0.427164 0.441299 0.456087 0.471531 0.487623
0.153448 0.161015 0.165316 0.167966 0.169916 0.171608 0.173238 0.174896 0.176625 0.178450 0.180385 0.182439 0.184622 0.186939 0.189398 0.192003 0.194762 0.197680 0.200763 0.204018 0.207450 0.211068 0.214877 0.218887 0.223104 0.227539 0.232200 0.237097 0.242242 0.247644 0.253317 0.259273 0.265526 0.272091 0.278983 0.286219 0.293815 0.301791 0.310166 0.318958 0.328187 0.337873 0.348034 0.358688 0.369850 0.381532 0.393741 0.406477 0.419729 0.433477
0.172414 0.157651 0.153374 0.152837 0.153632 0.154917 0.156400 0.157981 0.159631 0.161344 0.163127 0.164987 0.166932 0.168973 0.171116 0.173371 0.175744 0.178243 0.180875 0.183646 0.186563 0.189633 0.192862 0.196259 0.199830 0.203583 0.207526 0.211668 0.216017 0.220583 0.225375 0.230404 0.235681 0.241217 0.247023 0.253111 0.259495 0.266187 0.273199 0.280544 0.288235 0.296282 0.304694 0.313478 0.322638 0.332173 0.342072 0.352320 0.362886 0.373725
0.131034 0.134440 0.136033 0.137277 0.138543 0.139873 0.141246 0.142644 0.144065 0.145513 0.146998 0.148530 0.150121 0.151780 0.153515 0.155336 0.157249 0.159261 0.161380 0.163609 0.165957 0.168427 0.171026 0.173760 0.176634 0.179655 0.182827 0.186158 0.189653 0.193320 0.197165 0.201195 0.205416 0.209836 0.214462 0.219300 0.224357 0.229638 0.235148 0.240892 0.246872 0.253086 0.259534 0.266206 0.273091 0.280169 0.287412 0.294780 0.302216 0.309645
0.103017 0.116216 0.121458 0.124115 0.125814 0.127115 0.128237 0.129279 0.130291 0.131304 0.132340 0.133412 0.134533 0.135712 0.136955 0.138270 0.139661 0.141133 0.142691 0.144338 0.146078 0.147916 0.149854 0.151895 0.154045 0.156305 0.158679 0.161170 0.163782 0.166518 0.169381 0.172373 0.175496 0.178753 0.182145 0.185672 0.189334 0.193127 0.197049 0.201092 0.205249 0.209505 0.213844 0.218243 0.222672 0.227092 0.231453 0.235690 0.239723 0.243447
0.127155 0.117148 0.115732 0.116062 0.116604 0.117079 0.117487 0.117867 0.118254 0.118672 0.119135 0.119652 0.120228 0.120867 0.121571 0.122341 0.123180 0.124089 0.125068 0.126119 0.127242 0.128440 0.129712 0.131060 0.132485 0.133986 0.135564 0.137219 0.138951 0.140759 0.142643 0.144600 0.146627 0.148720 0.150876 0.153087 0.155345 0.157639 0.159956 0.162279 0.164587 0.166855 0.169053 0.171142 0.173079 0.174807 0.176257 0.177347 0.177978 0.178026
0.103879 0.110485 0.110984 0.110317 0.109526 0.108825 0.108251 0.107800 0.107465 0.107233 0.107096 0.107045 0.107074 0.107176 0.107348 0.107585 0.107885 0.108244 0.108661 0.109135 0.109662 0.110243 0.110874 0.111554 0.112282 0.113054 0.113869 0.114722 0.115611 0.116531 0.117476 0.118440 0.119415 0.120393 0.121362 0.122309 0.123217 0.124068 0.124840 0.125507 0.126039 0.126402 0.126555 0.126453 0.126040 0.125250 0.124008 0.122229 0.119812 0.116626
0.117241 0.110994 0.107351 0.104591 0.102414 0.100690 0.099311 0.098196 0.097281 0.096524 0.095892 0.095364 0.094922 0.094556 0.094255 0.094013 0.093824 0.093682 0.093584 0.093525 0.093502 0.093512 0.093550 0.093613 0.093696 0.093794 0.093903 0.094015 0.094125 0.094224 0.094304 0.094353 0.094359 0.094309 0.094185 0.093968 0.093635 0.093161 0.092517 0.091675 0.090602 0.089259 0.087607 0.085603 0.083192 0.080305 0.076896 0.072905 0.068229 0.062767
0.111207 0.104267 0.099300 0.095895 0.093418 0.091493 0.089919 0.088583 0.087418 0.086379 0.085440 0.084581 0.083789 0.083052 0.082363 0.081716 0.081105 0.080526 0.079973 0.079442 0.078928 0.078428 0.077935 0.077444 0.076950 0.076445 0.075922 0.075373 0.074789 0.074157 0.073467 0.072703 0.071850 0.070889 0.069799 0.068555 0.067130 0.065497 0.063632 0.061513 0.059114 0.056405 0.053374 0.049990 0.046195 0.041974 0.037403 0.032405 0.026839 0.021009
0.092241 0.087468 0.085573 0.084240 0.083013 0.081809 0.080619 0.079446 0.078294 0.077166 0.076062 0.074984 0.073930 0.072900 0.071892 0.070902 0.069929 0.068970 0.068020 0.067075 0.066132 0.065184 0.064226 0.063252 0.062255 0.061225 0.060155 0.059033 0.057849 0.056589 0.055238 0.053779 0.052193 0.050457 0.048547 0.046435 0.044100 0.041528 0.038723 0.035692 0.032413 0.028917 0.025260 0.021385 0.017198 0.013179 0.009341 0.005361 0.001043 0.000001
0.057759 0.069453 0.073344 0.074500 0.074510 0.073954 0.073085 0.072031 0.070865 0.069632 0.068361 0.067068 0.065766 0.064461 0.063157 0.061855 0.060554 0.059254 0.057951 0.056642 0.055322 0.053985 0.052626 0.051237 0.049811 0.048337 0.046805 0.045204 0.043520 0.041738 0.039841 0.037811 0.035624 0.033257 0.030681 0.027881 0.024876 0.021702 0.018461 0.015159 0.011752 0.008660 0.005764 0.002830 0.000001 0.000001 0.000001 0.000001 0.000001 0.000001
0.077155 0.073090 0.072235 0.071749 0.071037 0.070046 0.068833 0.067466 0.065995 0.064460 0.062886 0.061288 0.059679 0.058066 0.056450 0.054835 0.053218 0.051599 0.049974 0.048339 0.046689 0.045017 0.043317 0.041580 0.039797 0.037958 0.036051 0.034063 0.031980 0.029784 0.027458 0.024979 0.022326 0.019470 0.016389 0.013166 0.009939 0.006912 0.004321 0.001880 0.000001 0.000001 0.000001 0.000001 0.000001 0.000001 0.000001 0.000001 0.000001 0.000001
0.083190 0.079676 0.076887 0.074507 0.072295 0.070152 0.068043 0.065957 0.063891 0.061845 0.059820 0.057815 0.055831 0.053865 0.051917 0.049983 0.048059 0.046141 0.044224 0.042302 0.040368 0.038415 0.036434 0.034417 0.032352 0.030228 0.028033 0.025752 0.023369 0.020867 0.018226 0.015422 0.012432 0.009226 0.005865 0.002991 0.000544 0.000001 0.000001 0.000001 0.000001 0.000001 0.000001 0.000001 0.000001 0.000001 0.000001 0.000001 0.000001 0.000001
0.088793 0.086992 0.083497 0.079695 0.076081 0.072746 0.069660 0.066772 0.064037 0.061422 0.058903 0.056464 0.054090 0.051773 0.049502 0.047269 0.045067 0.042888 0.040724 0.038567 0.036407 0.034237 0.032045 0.029822 0.027555 0.025232 0.022839 0.020361 0.017780 0.015079 0.012236 0.009228 0.006029 0.002613 0.000001 0.000001 0.000001 0.000001 0.000001 0.000001 0.000001 0.000001 0.000001 0.000001 0.000001 0.000001 0.000001 0.000001 0.000001 0.000001
0.103017 0.096566 0.090155 0.084736 0.080094 0.075988 0.072258 0.068806 0.065571 0.062510 0.059593 0.056798 0.054106 0.051503 0.048975 0.046511 0.044099 0.041728 0.039390 0.037072 0.034764 0.032456 0.030137 0.027794 0.025415 0.022985 0.020492 0.017917 0.015245 0.012455 0.009525 0.006432 0.003149 0.000001 0.000001 0.000001 0.000001 0.000001 0.000001 0.000001 0.000001 0.000001 0.000001 0.000001 0.000001 0.000001 0.000001 0.000001 0.000001 0.000001
0.117672 0.100448 0.092600 0.087278 0.082784 0.078673 0.074818 0.071174 0.067718 0.064433 0.061303 0.058311 0.055443 0.052684 0.050019 0.047436 0.044922 0.042465 0.040053 0.037675 0.035319 0.032972 0.030624 0.028261 0.025870 0.023437 0.020947 0.018384 0.015728 0.012962 0.010062 0.007005 0.003763 0.000311 0.000001 0.000001 0.000001 0.000001 0.000001 0.000001 0.000001 0.000001 0.000001 0.000001 0.000001 0.000001 0.000001 0.000001 0.000001 0.000001
0.075431 0.089148 0.090233 0.087826 0.084396 0.080703 0.077015 0.073432 0.069994 0.066709 0.063574 0.060580 0.057716 0.054967 0.052321 0.049765 0.047286 0.044872 0.042511 0.040191 0.037901 0.035629 0.033362 0.031089 0.028795 0.026468 0.024091 0.021650 0.019125 0.016498 0.013746 0.010846 0.007771 0.004490 0.001455 0.000001 0.000001 0.000001 0.000001 0.000001 0.000001 0.000001 0.000001 0.000001 0.000001 0.000001 0.000001 0.000001 0.000001 0.000001
0.109914 0.099028 0.094053 0.090022 0.086161 0.082421 0.078831 0.075411 0.072161 0.069075 0.066139 0.063341 0.060668 0.058107 0.055645 0.053270 0.050971 0.048737 0.046557 0.044421 0.042317 0.040236 0.038165 0.036093 0.034007 0.031896 0.029744 0.027535 0.025254 0.022881 0.020396 0.017775 0.014992 0.012017 0.008867 0.005781 0.003231 0.000966 0.000001 0.000001 0.000001 0.000001 0.000001 0.000001 0.000001 0.000001 0.000001 0.000001 0.000001 0.000001
0.108190 0.102767 0.096549 0.091392 0.087106 0.083395 0.080066 0.077009 0.074160 0.071477 0.068936 0.066517 0.064205 0.061989 0.059859 0.057805 0.055817 0.053887 0.052008 0.050169 0.048362 0.046579 0.044810 0.043044 0.041271 0.039480 0.037657 0.035789 0.033860 0.031853 0.029749 0.027525 0.025156 0.022615 0.019874 0.016942 0.013933 0.010916 0.007955 0.005377 0.002927 0.000428 0.000001 0.000001 0.000001 0.000001 0.000001 0.000001 0.000001 0.000001
0.109914 0.099376 0.093549 0.089415 0.086108 0.083271 0.080727 0.078380 0.076179 0.074093 0.072104 0.070200 0.068372 0.066615 0.064922 0.063289 0.061709 0.060178 0.058690 0.057238 0.055818 0.054422 0.053043 0.051672 0.050302 0.048923 0.047523 0.046091 0.044613 0.043073 0.041456 0.039740 0.037902 0.035918 0.033757 0.031390 0.028812 0.026036 0.023063 0.019958 0.016732 0.013313 0.009899 0.006729 0.003495 0.000014 0.000001 0.000001 0.000001 0.000001
0.082328 0.086083 0.086333 0.085552 0.084372 0.083016 0.081588 0.080140 0.078701 0.077288 0.075909 0.074570 0.073274 0.072023 0.070817 0.069655 0.068536 0.067458 0.066418 0.065413 0.064440 0.063494 0.062570 0.061662 0.060765 0.059870 0.058969 0.058052 0.057109 0.056126 0.055088 0.053979 0.052778 0.051462 0.050005 0.048375 0.046543 0.044482 0.042168 0.039581 0.036711 0.033518 0.029965 0.026113 0.021919 0.017267 0.012609 0.008093 0.003330 0.000001
0.080172 0.081961 0.083859 0.084708 0.084787 0.084414 0.083794 0.083044 0.082232 0.081397 0.080563 0.079746 0.078954 0.078195 0.077470 0.076784 0.076137 0.075530 0.074962 0.074432 0.073938 0.073479 0.073051 0.072651 0.072275 0.071917 0.071571 0.071231 0.070887 0.070530 0.070148 0.069727 0.069251 0.068699 0.068051 0.067277 0.066349 0.065231 0.063887 0.062279 0.060366 0.058103 0.055430 0.052298 0.048659 0.044430 0.039564 0.034135 0.028060 0.021295
0.081897 0.087642 0.088728 0.088764 0.088515 0.088159 0.087750 0.087317 0.086877 0.086444 0.086030 0.085643 0.085288 0.084970 0.084693 0.084459 0.084270 0.084126 0.084030 0.083980 0.083977 0.084020 0.084107 0.084238 0.084411 0.084621 0.084866 0.085142 0.085442 0.085760 0.086087 0.086414 0.086728 0.087015 0.087256 0.087430 0.087511 0.087469 0.087268 0.086869 0.086226 0.085287 0.083991 0.082267 0.080042 0.077227 0.073721 0.069444 0.064311 0.058199
0.113793 0.101405 0.096859 0.094825 0.093756 0.093116 0.092695 0.092401 0.092193 0.092051 0.091968 0.091940 0.091965 0.092044 0.092178 0.092368 0.092614 0.092918 0.093281 0.093703 0.094187 0.094731 0.095337 0.096005 0.096735 0.097527 0.098378 0.099288 0.100253 0.101272 0.102338 0.103447 0.104590 0.105758 0.106939 0.108117 0.109275 0.110389 0.111431 0.112367 0.113158 0.113757 0.114108 0.114145 0.113792 0.112961 0.111549 0.109443 0.106522 0.102652
0.096983 0.099621 0.099184 0.098489 0.097962 0.097630 0.097459 0.097418 0.097484 0.097643 0.097883 0.098198 0.098585 0.099042 0.099567 0.100161 0.100825 0.101559 0.102366 0.103247 0.104203 0.105238 0.106353 0.107549 0.108829 0.110195 0.111648 0.113189 0.114819 0.116539 0.118346 0.120241 0.122221 0.124280 0.126415 0.128616 0.130872 0.133170 0.135491 0.137813 0.140106 0.142336 0.144458 0.146420 0.148160 0.149600 0.150653 0.151213 0.151159 0.150358
0.098276 0.098558 0.099781 0.100473 0.100848 0.101130 0.101431 0.101795 0.102238 0.102762 0.103365 0.104047 0.104805 0.105639 0.106549 0.107536 0.108603 0.109751 0.110984 0.112303 0.113712 0.115216 0.116817 0.118519 0.120327 0.122244 0.124275 0.126423 0.128693 0.131088 0.133611 0.136266 0.139054 0.141978 0.145038 0.148233 0.151560 0.155015 0.158590 0.162273 0.166049 0.169897 0.173791 0.177696 0.181568 0.185354 0.188985 0.192383 0.195449 0.198070
0.091810 0.099639 0.101563 0.102448 0.103170 0.103891 0.104649 0.105459 0.106327 0.107257 0.108253 0.109317 0.110452 0.111661 0.112946 0.114312 0.115762 0.117300 0.118931 0.120659 0.122490 0.124428 0.126480 0.128651 0.130947 0.133374 0.135939 0.138649 0.141509 0.144528 0.147713 0.151070 0.154606 0.158328 0.162244 0.166357 0.170675 0.175200 0.179936 0.184882 0.190036 0.195394 0.200944 0.206673 0.212559 0.218572 0.224675 0.230817 0.236934 0.242950
0.121983 0.107172 0.104312 0.104353 0.105184 0.106266 0.107446 0.108680 0.109958 0.111279 0.112649 0.114074 0.115561 0.117115 0.118744 0.120453 0.122248 0.124136 0.126124 0.128217 0.130422 0.132747 0.135199 0.137784 0.140511 0.143389 0.146424 0.149628 0.153008 0.156575 0.160339 0.164310 0.168500 0.172919 0.177579 0.182493 0.187671 0.193126 0.198868 0.204909 0.211257 0.217922 0.224909 0.232222 0.239861 0.247819 0.256087 0.264647 0.273470 0.282520
0.080603 0.097912 0.102947 0.105313 0.107088 0.108724 0.110325 0.111922 0.113530 0.115163 0.116831 0.118545 0.120315 0.122150 0.124059 0.126049 0.128129 0.130307 0.132589 0.134985 0.137501 0.140147 0.142930 0.145859 0.148943 0.152193 0.155618 0.159228 0.163036 0.167052 0.171289 0.175761 0.180482 0.185465 0.190728 0.196284 0.202153 0.208350 0.214895 0.221805 0.229101 0.236800 0.244921 0.253483 0.262503 0.271994 0.281971 0.292442 0.303411 0.314877
0.115086 0.106229 0.106475 0.108278 0.110218 0.112088 0.113896 0.115677 0.117459 0.119263 0.121104 0.122995 0.124947 0.126968 0.129069 0.131257 0.133540 0.135928 0.138427 0.141046 0.143794 0.146680 0.149712 0.152899 0.156252 0.159781 0.163497 0.167411 0.171537 0.175886 0.180473 0.185312 0.190420 0.195813 0.201509 0.207527 0.213888 0.220611 0.227721 0.235241 0.243195 0.251611 0.260515 0.269936 0.279902 0.290442 0.301585 0.313361 0.325795 0.338914
0.096552 0.107120 0.110918 0.113181 0.115037 0.116774 0.118488 0.120218 0.121985 0.123802 0.125679 0.127625 0.129646 0.131750 0.133944 0.136235 0.138631 0.141138 0.143766 0.146520 0.149411 0.152445 0.155633 0.158983 0.162505 0.166210 0.170108 0.174213 0.178536 0.183090 0.187891 0.192953 0.198293 0.203929 0.209880 0.216165 0.222807 0.229828 0.237253 0.245109 0.253424 0.262227 0.271551 0.281429 0.291897 0.302991 0.314749 0.327212 0.340419 0.354411
0.122414 0.119422 0.119473 0.120225 0.121283 0.122541 0.123947 0.125470 0.127094 0.128811 0.130619 0.132518 0.134512 0.136604 0.138799 0.141103 0.143521 0.146059 0.148725 0.151524 0.154464 0.157553 0.160799 0.164211 0.167799 0.171572 0.175541 0.179718 0.184114 0.188743 0.193619 0.198757 0.204174 0.209885 0.215911 0.222272 0.228988 0.236084 0.243584 0.251515 0.259906 0.268789 0.278195 0.288161 0.298723 0.309922 0.321800 0.334399 0.347766 0.361949
0.129310 0.127989 0.127042 0.127056 0.127678 0.128648 0.129833 0.131170 0.132630 0.134203 0.135884 0.137671 0.139566 0.141572 0.143691 0.145928 0.148287 0.150773 0.153391 0.156147 0.159048 0.162100 0.165310 0.168687 0.172238 0.175974 0.179904 0.184038 0.188388 0.192966 0.197785 0.202859 0.208204 0.213836 0.219772 0.226031 0.232635 0.239606 0.246967 0.254745 0.262968 0.271665 0.280869 0.290614 0.300937 0.311878 0.323477 0.335780 0.348831 0.362681
0.134052 0.131175 0.131632 0.132646 0.133723 0.134819 0.135963 0.137180 0.138488 0.139898 0.141414 0.143042 0.144785 0.146644 0.148624 0.150726 0.152956 0.155315 0.157810 0.160445 0.163224 0.166155 0.169242 0.172493 0.175916 0.179518 0.183309 0.187297 0.191492 0.195906 0.200550 0.205437 0.210581 0.215998 0.221702 0.227713 0.234048 0.240730 0.247781 0.255224 0.263085 0.271394 0.280180 0.289476 0.299316 0.309737 0.320780 0.332485 0.344899 0.358067
0.120259 0.132361 0.137047 0.139240 0.140556 0.141584 0.142555 0.143565 0.144658 0.145852 0.147157 0.148577 0.150116 0.151777 0.153560 0.155470 0.157509 0.159679 0.161985 0.164430 0.167018 0.169755 0.172645 0.175694 0.178909 0.182295 0.185862 0.189616 0.193566 0.197722 0.202095 0.206696 0.211537 0.216632 0.221996 0.227646 0.233598 0.239872 0.246488 0.253470 0.260839 0.268624 0.276851 0.285551 0.294756 0.304500 0.314820 0.325756 0.337350 0.349646
0.153879 0.150485 0.149252 0.148854 0.148880 0.149170 0.149652 0.150291 0.151069 0.151979 0.153016 0.154178 0.155466 0.156879 0.158419 0.160087 0.161884 0.163814 0.165878 0.168079 0.170421 0.172907 0.175541 0.178328 0.181273 0.184382 0.187659 0.191114 0.194752 0.198582 0.202614 0.206858 0.211326 0.216029 0.220982 0.226199 0.231697 0.237492 0.243604 0.250053 0.256860 0.264049 0.271647 0.279680 0.288179 0.297174 0.306701 0.316796 0.327499 0.338853
0.175431 0.164597 0.159930 0.157880 0.157009 0.156722 0.156769 0.157039 0.157483 0.158077 0.158810 0.159678 0.160677 0.161806 0.163066 0.164456 0.165977 0.167629 0.169415 0.171336 0.173394 0.175592 0.177932 0.180418 0.183053 0.185843 0.188791 0.191905 0.195190 0.198655 0.202308 0.206159 0.210218 0.214497 0.219007 0.223762 0.228778 0.234068 0.239651 0.245546 0.251770 0.258348 0.265301 0.272654 0.280436 0.288674 0.297401 0.306650 0.316458 0.326865
0.159483 0.163166 0.164015 0.164003 0.163776 0.163560 0.163439 0.163442 0.163582 0.163861 0.164279 0.164836 0.165529 0.166358 0.167321 0.168417 0.169646 0.171007 0.172499 0.174125 0.175884 0.177777 0.179807 0.181975 0.184284 0.186739 0.189344 0.192104 0.195026 0.198117 0.201385 0.204839 0.208488 0.212342 0.216412 0.220711 0.225251 0.230047 0.235113 0.240467 0.246125 0.252107 0.258435 0.265130 0.272216 0.279721 0.287672 0.296100 0.305039 0.314524
0.161207 0.167456 0.169848 0.170440 0.170300 0.169925 0.169536 0.169230 0.169049 0.169009 0.169116 0.169369 0.169766 0.170304 0.170982 0.171795 0.172742 0.173820 0.175029 0.176368 0.177835 0.179431 0.181157 0.183015 0.185007 0.187137 0.189410 0.191831 0.194407 0.197143 0.200047 0.203125 0.206387 0.209842 0.213498 0.217368 0.221461 0.225791 0.230370 0.235214 0.240339 0.245760 0.251497 0.257570 0.264001 0.270812 0.278030 0.285681 0.293797 0.302408
0.187500 0.183221 0.180294 0.178286 0.176801 0.175643 0.174730 0.174025 0.173510 0.173173 0.173004 0.172995 0.173139 0.173431 0.173863 0.174432 0.175134 0.175965 0.176923 0.178005 0.179210 0.180537 0.181988 0.183566 0.185272 0.187111 0.189087 0.191205 0.193470 0.195886 0.198461 0.201200 0.204111 0.207201 0.210480 0.213957 0.217640 0.221542 0.225675 0.230050 0.234682 0.239586 0.244779 0.250277 0.256101 0.262271 0.268809 0.275741 0.283093 0.290893
0.205603 0.192799 0.186865 0.183463 0.181195 0.179541 0.178283 0.177314 0.176579 0.176047 0.175696 0.175511 0.175481 0.175597 0.175851 0.176238 0.176752 0.177389 0.178145 0.179018 0.180006 0.181111 0.182334 0.183677 0.185144 0.186737 0.188460 0.190317 0.192312 0.194450 0.196737 0.199177 0.201777 0.204545 0.207487 0.210613 0.213929 0.217447 0.221177 0.225129 0.229316 0.233752 0.238451 0.243428 0.248700 0.254287 0.260207 0.266482 0.273137 0.280196
0.178448 0.184917 0.185125 0.183830 0.182331 0.180965 0.179807 0.178858 0.178106 0.177533 0.177126 0.176872 0.176762 0.176788 0.176941 0.177215 0.177607 0.178110 0.178722 0.179440 0.180266 0.181202 0.182248 0.183407 0.184681 0.186074 0.187589 0.189229 0.190997 0.192899 0.194939 0.197123 0.199455 0.201942 0.204590 0.207407 0.210400 0.213579 0.216951 0.220528 0.224320 0.228338 0.232596 0.237106 0.241885 0.246948 0.252313 0.257999 0.264027 0.270419
0.187931 0.185135 0.183830 0.182733 0.181662 0.180651 0.179744 0.178966 0.178329 0.177830 0.177467 0.177233 0.177122 0.177128 0.177245 0.177469 0.177795 0.178219 0.178739 0.179354 0.180068 0.180881 0.181796 0.182815 0.183940 0.185175 0.186522 0.187985 0.189567 0.191273 0.193106 0.195072 0.197175 0.199422 0.201817 0.204367 0.207079 0.209962 0.213022 0.216269 0.219713 0.223363 0.227231 0.231329 0.235671 0.240270 0.245142 0.250304 0.255774 0.261572
0.190086 0.184892 0.182770 0.181485 0.180476 0.179614 0.178872 0.178248 0.177740 0.177347 0.177065 0.176890 0.176818 0.176844 0.176965 0.177176 0.177474 0.177856 0.178321 0.178871 0.179508 0.180235 0.181054 0.181967 0.182977 0.184088 0.185301 0.186621 0.188051 0.189594 0.191255 0.193038 0.194948 0.196989 0.199167 0.201488 0.203958 0.206584 0.209373 0.212333 0.215473 0.218801 0.222328 0.226064 0.230021 0.234212 0.238650 0.243351 0.248329 0.253603
0.175431 0.180909 0.181092 0.180218 0.179277 0.178463 0.177795 0.177256 0.176834 0.176518 0.176301 0.176177 0.176141 0.176191 0.176322 0.176530 0.176815 0.177171 0.177600 0.178104 0.178686 0.179348 0.180093 0.180923 0.181842 0.182853 0.183957 0.185160 0.186464 0.187872 0.189388 0.191017 0.192762 0.194629 0.196621 0.198746 0.201007 0.203411 0.205965 0.208676 0.211552 0.214599 0.217829 0.221249 0.224870 0.228704 0.232762 0.237058 0.241605 0.246419
0.193103 0.184498 0.181114 0.179395 0.178293 0.177481 0.176847 0.176344 0.175953 0.175662 0.175463 0.175351 0.175322 0.175371 0.175495 0.175690 0.175954 0.176284 0.176679 0.177141 0.177675 0.178281 0.178963 0.179724 0.180566 0.181492 0.182505 0.183608 0.184805 0.186098 0.187491 0.188988 0.190593 0.192309 0.194143 0.196097 0.198178 0.200391 0.202742 0.205237 0.207883 0.210687 0.213657 0.216802 0.220131 0.223653 0.227380 0.231323 0.235494 0.239907
0.182328 0.179987 0.179007 0.178225 0.177485 0.176799 0.176190 0.175671 0.175247 0.174917 0.174680 0.174531 0.174466 0.174480 0.174570 0.174731 0.174959 0.175251 0.175605 0.176023 0.176507 0.177059 0.177683 0.178380 0.179153 0.180004 0.180937 0.181953 0.183056 0.184250 0.185536 0.186919 0.188402 0.189989 0.191685 0.193492 0.195417 0.197464 0.199639 0.201946 0.204393 0.206986 0.209731 0.212637 0.215712 0.218964 0.222402 0.226038 0.229883 0.233947
0.164655 0.175898 0.178137 0.178047 0.177367 0.176583 0.175845 0.175198 0.174659 0.174228 0.173902 0.173675 0.173541 0.173494 0.173527 0.173636 0.173815 0.174059 0.174366 0.174734 0.175167 0.175667 0.176234 0.176871 0.177580 0.178364 0.179224 0.180164 0.181185 0.182291 0.183484 0.184768 0.186145 0.187620 0.189196 0.190877 0.192667 0.194570 0.196592 0.198738 0.201012 0.203422 0.205973 0.208672 0.211527 0.214544 0.217734 0.221104 0.224666 0.228428
0.203017 0.187249 0.181962 0.179439 0.177789 0.176516 0.175478 0.174623 0.173925 0.173368 0.172936 0.172620 0.172409 0.172293 0.172266 0.172318 0.172445 0.172641 0.172900 0.173221 0.173606 0.174055 0.174571 0.175154 0.175806 0.176530 0.177327 0.178200 0.179150 0.180180 0.181293 0.182492 0.183779 0.185157 0.186630 0.188202 0.189876 0.191657 0.193548 0.195554 0.197681 0.199934 0.202317 0.204838 0.207504 0.210320 0.213295 0.216437 0.219754 0.223257
0.179310 0.182420 0.180881 0.178874 0.177113 0.175656 0.174460 0.173481 0.172684 0.172045 0.171544 0.171166 0.170899 0.170732 0.170658 0.170667 0.170753 0.170909 0.171131 0.171415 0.171761 0.172170 0.172643 0.173182 0.173788 0.174463 0.175208 0.176025 0.176916 0.177884 0.178930 0.180058 0.181269 0.182567 0.183955 0.185435 0.187012 0.188689 0.190469 0.192358 0.194360 0.196479 0.198720 0.201090 0.203594 0.206238 0.209030 0.211977 0.215086 0.218367
0.181897 0.179607 0.177956 0.176335 0.174842 0.173536 0.172421 0.171484 0.170705 0.170068 0.169561 0.169171 0.168888 0.168704 0.168610 0.168599 0.168665 0.168802 0.169003 0.169266 0.169589 0.169973 0.170419 0.170928 0.171501 0.172141 0.172848 0.173624 0.174471 0.175391 0.176385 0.177457 0.178609 0.179842 0.181161 0.182567 0.184065 0.185657 0.187346 0.189138 0.191035 0.193043 0.195166 0.197409 0.199778 0.202278 0.204916 0.207698 0.210631 0.213724
0.179741 0.176278 0.174164 0.172679 0.171475 0.170431 0.169511 0.168708 0.168021 0.167447 0.166983 0.166623 0.166360 0.166190 0.166106 0.166101 0.166171 0.166309 0.166512 0.166773 0.167092 0.167469 0.167905 0.168401 0.168959 0.169580 0.170264 0.171015 0.171833 0.172721 0.173680 0.174712 0.175820 0.177006 0.178272 0.179622 0.181057 0.182583 0.184200 0.185914 0.187728 0.189646 0.191672 0.193812 0.196069 0.198450 0.200960 0.203606 0.206393 0.209329
0.171552 0.170387 0.169476 0.168630 0.167779 0.166946 0.166167 0.165466 0.164859 0.164350 0.163941 0.163628 0.163406 0.163272 0.163219 0.163242 0.163337 0.163497 0.163720 0.163999 0.164333 0.164721 0.165164 0.165665 0.166223 0.166841 0.167520 0.168261 0.169066 0.169937 0.170876 0.171884 0.172964 0.174117 0.175348 0.176657 0.178048 0.179523 0.181087 0.182741 0.184490 0.186338 0.188288 0.190345 0.192514 0.194798 0.197205 0.199739 0.202407 0.205215
0.164224 0.165687 0.165950 0.165337 0.164442 0.163541 0.162728 0.162031 0.161451 0.160985 0.160624 0.160361 0.160190 0.160105 0.160098 0.160165 0.160300 0.160498 0.160756 0.161068 0.161432 0.161846 0.162313 0.162832 0.163406 0.164035 0.164722 0.165467 0.166273 0.167141 0.168073 0.169071 0.170137 0.171273 0.172482 0.173765 0.175126 0.176568 0.178092 0.179704 0.181405 0.183200 0.185092 0.187086 0.189185 0.191395 0.193720 0.196166 0.198739 0.201444
0.164224 0.166927 0.164891 0.162846 0.161283 0.160104 0.159197 0.158492 0.157945 0.157530 0.157229 0.157029 0.156920 0.156894 0.156945 0.157066 0.157253 0.157500 0.157803 0.158158 0.158562 0.159013 0.159512 0.160060 0.160660 0.161311 0.162016 0.162776 0.163593 0.164469 0.165405 0.166404 0.167467 0.168596 0.169795 0.171064 0.172408 0.173828 0.175328 0.176910 0.178578 0.180335 0.182185 0.184131 0.186179 0.188332 0.190595 0.192974 0.195473 0.198098
0.193103 0.168597 0.161488 0.158717 0.157225 0.156225 0.155485 0.154920 0.154493 0.154183 0.153976 0.153861 0.153830 0.153876 0.153993 0.154176 0.154420 0.154720 0.155073 0.155475 0.155923 0.156415 0.156951 0.157533 0.158162 0.158841 0.159569 0.160350 0.161184 0.162074 0.163021 0.164027 0.165095 0.166226 0.167422 0.168687 0.170022 0.171431 0.172915 0.174479 0.176125 0.177857 0.179678 0.181591 0.183602 0.185714 0.187932 0.190260 0.192704 0.195270
0.117672 0.144802 0.151227 0.152566 0.152596 0.152298 0.151949 0.151640 0.151398 0.151231 0.151142 0.151126 0.151181 0.151304 0.151489 0.151733 0.152032 0.152384 0.152784 0.153231 0.153720 0.154249 0.154821 0.155435 0.156094 0.156799 0.157551 0.158353 0.159205 0.160111 0.161071 0.162088 0.163163 0.164299 0.165498 0.166763 0.168096 0.169500 0.170977 0.172530 0.174163 0.175879 0.177681 0.179572 0.181558 0.183642 0.185828 0.188122 0.190528 0.193051
0.169397 0.153531 0.150499 0.149903 0.149683 0.149495 0.149317 0.149169 0.149068 0.149021 0.149033 0.149104 0.149234 0.149421 0.149663 0.149957 0.150302 0.150695 0.151133 0.151613 0.152134 0.152694 0.153293 0.153932 0.154614 0.155340 0.156111 0.156930 0.157798 0.158716 0.159688 0.160714 0.161797 0.162939 0.164142 0.165409 0.166742 0.168144 0.169618 0.171166 0.172792 0.174499 0.176289 0.178168 0.180139 0.182205 0.184372 0.186644 0.189025 0.191522
0.146983 0.150012 0.149604 0.148943 0.148471 0.148169 0.147981 0.147873 0.147829 0.147841 0.147908 0.148028 0.148201 0.148425 0.148699 0.149022 0.149393 0.149808 0.150267 0.150766 0.151305 0.151881 0.152495 0.153148 0.153843 0.154580 0.155362 0.156190 0.157066 0.157992 0.158970 0.160001 0.161089 0.162235 0.163441 0.164709 0.166043 0.167445 0.168918 0.170464 0.172087 0.173789 0.175575 0.177448 0.179411 0.181470 0.183627 0.185888 0.188258 0.190741
