0.168376 0.171788 0.174531 0.176899 0.179129 0.181387 0.183776 0.186356 0.189157 0.192195 0.195475 0.198998 0.202765 0.206774 0.211023 0.215512 0.220239 0.225204 0.230408 0.235852 0.241535 0.247462 0.253634 0.260053 0.266723 0.273649 0.280834 0.288282 0.296000 0.303992 0.312266 0.320827 0.329683 0.338840 0.348308 0.358095 0.368209 0.378659 0.389455 0.400605 0.412119 0.424002 0.436257 0.448832 0.461538 0.474368 0.487331 0.500440 0.513703 0.527128
0.178224 0.178816 0.179552 0.180603 0.182045 0.183867 0.186033 0.188511 0.191277 0.194314 0.197609 0.201157 0.204950 0.208986 0.213262 0.217776 0.222528 0.227518 0.232746 0.238213 0.243922 0.249873 0.256069 0.262514 0.269211 0.276164 0.283378 0.290856 0.298605 0.306629 0.314936 0.323532 0.332424 0.341620 0.351127 0.360953 0.371108 0.381599 0.392435 0.403622 0.415166 0.427069 0.439318 0.451806 0.464425 0.477181 0.490082 0.503137 0.516351 0.529735
0.189400 0.186596 0.185193 0.185186 0.186164 0.187813 0.189944 0.192450 0.195268 0.198367 0.201726 0.205334 0.209185 0.213276 0.217603 0.222168 0.226968 0.232005 0.237280 0.242795 0.248551 0.254551 0.260798 0.267295 0.274046 0.281054 0.288326 0.295864 0.303675 0.311765 0.320140 0.328807 0.337772 0.347043 0.356628 0.366534 0.376768 0.387337 0.398245 0.409494 0.421082 0.432994 0.445168 0.457495 0.469975 0.482609 0.495403 0.508363 0.521493 0.534802
0.191984 0.187431 0.187195 0.188453 0.190341 0.192589 0.195111 0.197878 0.200883 0.204120 0.207590 0.211292 0.215225 0.219391 0.223789 0.228422 0.233290 0.238395 0.243739 0.249324 0.255152 0.261226 0.267549 0.274125 0.280958 0.288052 0.295412 0.303043 0.310950 0.319140 0.327618 0.336392 0.345468 0.354853 0.364553 0.374573 0.384918 0.395588 0.406582 0.417889 0.429489 0.441327 0.453321 0.465480 0.477805 0.490300 0.502969 0.515815 0.528844 0.542059
0.171752 0.182391 0.188501 0.192605 0.195872 0.198843 0.201777 0.204799 0.207976 0.211342 0.214915 0.218708 0.222726 0.226973 0.231454 0.236169 0.241122 0.246314 0.251747 0.257425 0.263350 0.269525 0.275952 0.282637 0.289583 0.296794 0.304275 0.312032 0.320070 0.328395 0.337014 0.345932 0.355156 0.364688 0.374534 0.384692 0.395159 0.405927 0.416978 0.428282 0.439783 0.451442 0.463274 0.475279 0.487462 0.499825 0.512372 0.525106 0.538032 0.551153
0.185189 0.194200 0.198665 0.201789 0.204547 0.207271 0.210097 0.213086 0.216272 0.219672 0.223297 0.227154 0.231246 0.235576 0.240146 0.244957 0.250013 0.255313 0.260861 0.266658 0.272707 0.279012 0.285575 0.292400 0.299492 0.306854 0.314492 0.322411 0.330617 0.339115 0.347911 0.357008 0.366409 0.376112 0.386114 0.396404 0.406965 0.417770 0.428786 0.439959 0.451307 0.462829 0.474530 0.486412 0.498478 0.510731 0.523175 0.535813 0.548648 0.561686
0.230340 0.217393 0.213779 0.213574 0.214808 0.216780 0.219222 0.222022 0.225129 0.228516 0.232172 0.236089 0.240261 0.244688 0.249368 0.254300 0.259484 0.264922 0.270614 0.276562 0.282769 0.289237 0.295970 0.302971 0.310244 0.317793 0.325625 0.333743 0.342154 0.350860 0.359864 0.369163 0.378753 0.388621 0.398749 0.409109 0.419675 0.430397 0.441290 0.452360 0.463606 0.475031 0.486638 0.498431 0.510412 0.522584 0.534951 0.547516 0.560283 0.573255
0.218183 0.220104 0.220880 0.221867 0.223358 0.225349 0.227775 0.230580 0.233723 0.237176 0.240922 0.244949 0.249248 0.253814 0.258644 0.263736 0.269088 0.274701 0.280575 0.286712 0.293113 0.299782 0.306721 0.313934 0.321425 0.329199 0.337260 0.345613 0.354261 0.363200 0.372426 0.381923 0.391672 0.401640 0.411804 0.422119 0.432604 0.443263 0.454094 0.465102 0.476288 0.487655 0.499207 0.510946 0.522874 0.534997 0.547315 0.559833 0.572555 0.585483
0.210535 0.220580 0.224693 0.227329 0.229723 0.232253 0.235035 0.238106 0.241472 0.245129 0.249072 0.253295 0.257793 0.262561 0.267597 0.272899 0.278466 0.284298 0.290396 0.296761 0.303395 0.310301 0.317483 0.324944 0.332688 0.340721 0.349044 0.357660 0.366561 0.375733 0.385152 0.394783 0.404595 0.414555 0.424683 0.434980 0.445444 0.456080 0.466890 0.477876 0.489040 0.500386 0.511916 0.523633 0.535541 0.547641 0.559938 0.572434 0.585134 0.598040
0.240131 0.230498 0.230275 0.232305 0.234959 0.237903 0.241089 0.244525 0.248221 0.252183 0.256413 0.260911 0.265676 0.270708 0.276004 0.281565 0.287391 0.293484 0.299844 0.306473 0.313375 0.320552 0.328008 0.335748 0.343776 0.352095 0.360702 0.369585 0.378718 0.388063 0.397577 0.407236 0.417059 0.427044 0.437191 0.447504 0.457985 0.468635 0.479458 0.490455 0.501630 0.512984 0.524521 0.536243 0.548154 0.560257 0.572555 0.585050 0.597748 0.610650
0.214154 0.227869 0.232916 0.236246 0.239401 0.242716 0.246265 0.250063 0.254114 0.258421 0.262983 0.267803 0.272879 0.278214 0.283808 0.289663 0.295781 0.302163 0.308813 0.315734 0.322928 0.330401 0.338156 0.346198 0.354530 0.363147 0.372027 0.381129 0.390399 0.399810 0.409378 0.419100 0.428979 0.439016 0.449214 0.459575 0.470100 0.480793 0.491655 0.502689 0.513897 0.525282 0.536848 0.548596 0.560530 0.572653 0.584968 0.597479 0.610189 0.623102
0.241735 0.236677 0.237647 0.240218 0.243414 0.246991 0.250870 0.255020 0.259425 0.264079 0.268980 0.274129 0.279528 0.285178 0.291082 0.297244 0.303667 0.310353 0.317307 0.324533 0.332034 0.339816 0.347884 0.356239 0.364877 0.373763 0.382838 0.392048 0.401406 0.410911 0.420565 0.430371 0.440329 0.450443 0.460713 0.471142 0.481732 0.492486 0.503405 0.514492 0.525751 0.537182 0.548790 0.560578 0.572547 0.584702 0.597046 0.609582 0.622314 0.635246
0.233369 0.236827 0.239844 0.243213 0.246933 0.250943 0.255210 0.259716 0.264459 0.269436 0.274652 0.280110 0.285813 0.291765 0.297970 0.304433 0.311156 0.318145 0.325403 0.332935 0.340746 0.348841 0.357223 0.365885 0.374785 0.383836 0.393024 0.402352 0.411821 0.421433 0.431190 0.441094 0.451146 0.461349 0.471704 0.482214 0.492880 0.503704 0.514691 0.525841 0.537157 0.548643 0.560301 0.572134 0.584145 0.596338 0.608716 0.621282 0.634040 0.646994
0.229685 0.236801 0.241801 0.246248 0.250615 0.255068 0.259677 0.264478 0.269492 0.274735 0.280215 0.285939 0.291912 0.298140 0.304625 0.311371 0.318383 0.325664 0.333218 0.341050 0.349165 0.357566 0.366250 0.375165 0.384214 0.393397 0.402713 0.412165 0.421753 0.431479 0.441345 0.451353 0.461504 0.471801 0.482245 0.492838 0.503583 0.514482 0.525538 0.536753 0.548129 0.559670 0.571379 0.583259 0.595313 0.607544 0.619956 0.632553 0.645338 0.658315
0.242186 0.242896 0.246608 0.250856 0.255252 0.259792 0.264518 0.269464 0.274648 0.280083 0.285775 0.291728 0.297943 0.304423 0.311170 0.318186 0.325474 0.333036 0.340877 0.349000 0.357410 0.366105 0.375037 0.384098 0.393287 0.402603 0.412047 0.421622 0.431328 0.441167 0.451141 0.461251 0.471499 0.481887 0.492417 0.503092 0.513913 0.524883 0.536004 0.547280 0.558714 0.570307 0.582065 0.593989 0.606083 0.618351 0.630795 0.643421 0.656231 0.669230
0.239378 0.248097 0.252519 0.256392 0.260445 0.264811 0.269502 0.274510 0.279824 0.285433 0.291330 0.297509 0.303965 0.310698 0.317705 0.324987 0.332546 0.340385 0.348505 0.356911 0.365605 0.374551 0.383632 0.392832 0.402154 0.411598 0.421166 0.430857 0.440675 0.450620 0.460694 0.470898 0.481235 0.491707 0.502315 0.513063 0.523952 0.534986 0.546167 0.557499 0.568984 0.580626 0.592427 0.604392 0.616524 0.628826 0.641301 0.653954 0.666788 0.679806
0.263468 0.257445 0.258290 0.261151 0.264917 0.269272 0.274086 0.279289 0.284835 0.290698 0.296859 0.303307 0.310036 0.317042 0.324322 0.331878 0.339711 0.347823 0.356218 0.364900 0.373852 0.382957 0.392174 0.401505 0.410951 0.420513 0.430193 0.439990 0.449908 0.459947 0.470109 0.480396 0.490811 0.501355 0.512031 0.522843 0.533792 0.544883 0.556118 0.567500 0.579032 0.590719 0.602562 0.614567 0.626735 0.639070 0.651576 0.664257 0.677115 0.690154
0.244071 0.254125 0.258898 0.263157 0.267743 0.272732 0.278081 0.283750 0.289712 0.295952 0.302460 0.309234 0.316272 0.323573 0.331140 0.338975 0.347082 0.355464 0.364125 0.373066 0.382198 0.391434 0.400777 0.410226 0.419783 0.429449 0.439227 0.449116 0.459119 0.469237 0.479474 0.489831 0.500311 0.510917 0.521653 0.532521 0.543525 0.554668 0.565954 0.577386 0.588966 0.600699 0.612587 0.624633 0.636841 0.649213 0.661754 0.674465 0.687351 0.700414
0.257082 0.254808 0.258783 0.264233 0.270052 0.276021 0.282128 0.288397 0.294852 0.301512 0.308393 0.315503 0.322851 0.330445 0.338291 0.346394 0.354761 0.363397 0.372309 0.381457 0.390712 0.400065 0.409515 0.419066 0.428717 0.438471 0.448329 0.458293 0.468366 0.478550 0.488849 0.499266 0.509804 0.520467 0.531259 0.542183 0.553243 0.564442 0.575783 0.587270 0.598906 0.610692 0.622632 0.634729 0.646984 0.659401 0.671983 0.684731 0.697650 0.710743
0.236021 0.249937 0.259423 0.267091 0.274017 0.280675 0.287287 0.293968 0.300779 0.307761 0.314937 0.322325 0.329936 0.337782 0.345871 0.354210 0.362808 0.371671 0.380798 0.390070 0.399429 0.408877 0.418417 0.428049 0.437775 0.447599 0.457521 0.467545 0.477676 0.487916 0.498272 0.508746 0.519343 0.530067 0.540922 0.551912 0.563039 0.574307 0.585718 0.597274 0.608978 0.620831 0.632835 0.644993 0.657306 0.669777 0.682409 0.695203 0.708162 0.721289
0.248126 0.260837 0.268349 0.274780 0.281080 0.287476 0.294031 0.300768 0.307699 0.314835 0.322185 0.329757 0.337558 0.345595 0.353876 0.362409 0.371199 0.380255 0.389525 0.398882 0.408320 0.417842 0.427450 0.437145 0.446929 0.456806 0.466781 0.476858 0.487044 0.497343 0.507763 0.518306 0.528977 0.539779 0.550716 0.561792 0.573007 0.584363 0.595862 0.607505 0.619293 0.631227 0.643309 0.655540 0.667921 0.680455 0.693144 0.705990 0.718994 0.732160
0.295337 0.281240 0.280717 0.284325 0.289470 0.295350 0.301679 0.308342 0.315286 0.322488 0.329937 0.337628 0.345564 0.353745 0.362178 0.370866 0.379816 0.389027 0.398372 0.407793 0.417291 0.426870 0.436529 0.446272 0.456103 0.466029 0.476057 0.486195 0.496451 0.506831 0.517338 0.527976 0.538747 0.549655 0.560702 0.571888 0.583213 0.594678 0.606282 0.618026 0.629911 0.641937 0.654104 0.666415 0.678871 0.691473 0.704224 0.717125 0.730177 0.743382
0.258646 0.276657 0.284578 0.290597 0.296510 0.302677 0.309148 0.315912 0.322950 0.330250 0.337805 0.345610 0.353667 0.361975 0.370540 0.379365 0.388457 0.397773 0.407174 0.416647 0.426196 0.435821 0.445524 0.455312 0.465194 0.475183 0.485287 0.495517 0.505880 0.516375 0.527004 0.537766 0.548668 0.559707 0.570884 0.582196 0.593643 0.605225 0.616942 0.628793 0.640780 0.652901 0.665157 0.677551 0.690084 0.702757 0.715571 0.728525 0.741621 0.754862
0.282757 0.283491 0.289350 0.295883 0.302477 0.309150 0.315975 0.322995 0.330233 0.337701 0.345407 0.353354 0.361548 0.369993 0.378694 0.387657 0.396886 0.406276 0.415734 0.425262 0.434861 0.444533 0.454287 0.464137 0.474103 0.484194 0.494420 0.504787 0.515291 0.525929 0.536699 0.547602 0.558638 0.569806 0.581108 0.592542 0.604108 0.615805 0.627634 0.639593 0.651683 0.663902 0.676252 0.688732 0.701342 0.714085 0.726959 0.739965 0.753104 0.766381
0.276618 0.286930 0.294340 0.301252 0.308134 0.315102 0.322205 0.329474 0.336932 0.344597 0.352481 0.360595 0.368947 0.377546 0.386398 0.395511 0.404874 0.414337 0.423865 0.433457 0.443117 0.452852 0.462687 0.472648 0.482751 0.492988 0.503357 0.513858 0.524494 0.535262 0.546161 0.557191 0.568350 0.579639 0.591058 0.602605 0.614281 0.626086 0.638018 0.650077 0.662263 0.674575 0.687014 0.699578 0.712268 0.725084 0.738026 0.751094 0.764289 0.777610
0.290203 0.294537 0.300308 0.306747 0.313559 0.320619 0.327879 0.335328 0.342972 0.350821 0.358884 0.367174 0.375698 0.384466 0.393484 0.402761 0.412251 0.421807 0.431421 0.441093 0.450830 0.460667 0.470640 0.480745 0.490982 0.501350 0.511849 0.522477 0.533235 0.544121 0.555136 0.566278 0.577548 0.588943 0.600465 0.612113 0.623885 0.635783 0.647805 0.659951 0.672221 0.684614 0.697130 0.709768 0.722528 0.735411 0.748415 0.761542 0.774789 0.788159
0.294573 0.298403 0.304510 0.311265 0.318287 0.325500 0.332899 0.340495 0.348297 0.356313 0.364552 0.373020 0.381724 0.390671 0.399867 0.409319 0.418934 0.428598 0.438311 0.448076 0.457924 0.467901 0.478007 0.488241 0.498602 0.509089 0.519703 0.530442 0.541307 0.552296 0.563410 0.574648 0.586009 0.597493 0.609100 0.620830 0.632681 0.644654 0.656749 0.668964 0.681300 0.693756 0.706332 0.719028 0.731844 0.744778 0.757832 0.771003 0.784294 0.797702
0.285718 0.298800 0.307520 0.315045 0.322322 0.329664 0.337181 0.344914 0.352872 0.361061 0.369483 0.378138 0.387030 0.396163 0.405542 0.415168 0.424906 0.434683 0.444500 0.454367 0.464343 0.474441 0.484662 0.495005 0.505470 0.516057 0.526765 0.537593 0.548543 0.559613 0.570803 0.582114 0.593544 0.605094 0.616764 0.628552 0.640460 0.652486 0.664631 0.676894 0.689275 0.701774 0.714390 0.727123 0.739974 0.752941 0.766025 0.779225 0.792542 0.805974
0.304566 0.306914 0.312364 0.318785 0.325725 0.333044 0.340677 0.348583 0.356740 0.365133 0.373758 0.382610 0.391693 0.401009 0.410563 0.420344 0.430195 0.440075 0.449987 0.459950 0.470023 0.480213 0.490519 0.500942 0.511481 0.522136 0.532908 0.543796 0.554801 0.565922 0.577160 0.588515 0.599987 0.611575 0.623279 0.635100 0.647037 0.659090 0.671260 0.683545 0.695946 0.708463 0.721096 0.733844 0.746708 0.759686 0.772780 0.785989 0.799312 0.812751
0.303004 0.308761 0.314216 0.320669 0.327853 0.335497 0.343456 0.351661 0.360083 0.368712 0.377545 0.386585 0.395837 0.405308 0.415006 0.424901 0.434835 0.444789 0.454769 0.464791 0.474918 0.485155 0.495503 0.505963 0.516535 0.527219 0.538016 0.548926 0.559950 0.571087 0.582338 0.593703 0.605183 0.616776 0.628485 0.640307 0.652244 0.664295 0.676461 0.688742 0.701137 0.713647 0.726271 0.739010 0.751863 0.764831 0.777913 0.791110 0.804421 0.817847
0.303523 0.305177 0.312543 0.320822 0.329193 0.337583 0.346029 0.354572 0.363242 0.372060 0.381044 0.390209 0.399566 0.409128 0.418905 0.428851 0.438816 0.448797 0.458800 0.468831 0.478954 0.489183 0.499521 0.509968 0.520524 0.531191 0.541969 0.552858 0.563858 0.574972 0.586197 0.597536 0.608987 0.620552 0.632231 0.644023 0.655928 0.667948 0.680082 0.692330 0.704692 0.717169 0.729760 0.742466 0.755287 0.768223 0.781274 0.794441 0.807725 0.821125
0.272135 0.298575 0.312469 0.322730 0.331826 0.340536 0.349145 0.357778 0.366498 0.375344 0.384341 0.393509 0.402863 0.412419 0.422188 0.432103 0.442035 0.451984 0.461957 0.471956 0.482012 0.492175 0.502445 0.512826 0.523316 0.533916 0.544628 0.555452 0.566388 0.577437 0.588599 0.599874 0.611262 0.622764 0.634380 0.646110 0.657955 0.669915 0.681990 0.694179 0.706485 0.718906 0.731443 0.744097 0.756868 0.769756 0.782762 0.795888 0.809135 0.822505
0.322258 0.317471 0.321964 0.328932 0.336655 0.344677 0.352875 0.361225 0.369728 0.378396 0.387241 0.396274 0.405508 0.414954 0.424623 0.434434 0.444268 0.454130 0.464023 0.473950 0.483920 0.493960 0.504111 0.514377 0.524753 0.535243 0.545847 0.556566 0.567400 0.578348 0.589411 0.600589 0.611883 0.623292 0.634817 0.646460 0.658218 0.670095 0.682088 0.694200 0.706431 0.718780 0.731249 0.743839 0.756550 0.769384 0.782343 0.795430 0.808651 0.822007
0.316783 0.322428 0.327905 0.334216 0.341163 0.348534 0.356212 0.364139 0.372291 0.380660 0.389245 0.398049 0.407078 0.416339 0.425839 0.435495 0.445190 0.454925 0.464704 0.474529 0.484402 0.494333 0.504342 0.514451 0.524674 0.535021 0.545487 0.556071 0.566772 0.577591 0.588528 0.599584 0.610758 0.622053 0.633468 0.645004 0.656660 0.668438 0.680339 0.692364 0.704512 0.716785 0.729183 0.741710 0.754369 0.767163 0.780093 0.793160 0.806368 0.819721
0.310618 0.321221 0.329263 0.336420 0.343431 0.350566 0.357914 0.365500 0.373328 0.381397 0.389706 0.398258 0.407054 0.416100 0.425400 0.434885 0.444427 0.454023 0.463675 0.473384 0.483154 0.492986 0.502889 0.512874 0.522954 0.533145 0.543454 0.553882 0.564431 0.575103 0.585897 0.596816 0.607861 0.619032 0.630328 0.641751 0.653302 0.664983 0.676795 0.688738 0.700813 0.713022 0.725366 0.737845 0.750464 0.763226 0.776133 0.789188 0.802393 0.815752
0.317776 0.323461 0.329869 0.336463 0.343195 0.350104 0.357223 0.364572 0.372159 0.379990 0.388068 0.396396 0.404977 0.413816 0.422918 0.432244 0.441644 0.451110 0.460643 0.470243 0.479914 0.489656 0.499473 0.509369 0.519354 0.529435 0.539623 0.549924 0.560344 0.570885 0.581551 0.592343 0.603265 0.614317 0.625502 0.636819 0.648271 0.659860 0.671586 0.683452 0.695458 0.707607 0.719900 0.732339 0.744925 0.757662 0.770553 0.783600 0.796807 0.810177
0.318805 0.322735 0.327888 0.333819 0.340210 0.346912 0.353866 0.361055 0.368477 0.376135 0.384033 0.392179 0.400577 0.409234 0.418155 0.427333 0.436618 0.445976 0.455408 0.464916 0.474501 0.484166 0.493912 0.503743 0.513663 0.523675 0.533788 0.544008 0.554341 0.564792 0.575365 0.586063 0.596891 0.607850 0.618945 0.630177 0.641547 0.653059 0.664714 0.676514 0.688463 0.700561 0.712811 0.725214 0.737775 0.750493 0.763374 0.776419 0.789632 0.803016
0.310730 0.315798 0.321736 0.327982 0.334446 0.341112 0.347980 0.355055 0.362345 0.369858 0.377603 0.385589 0.393822 0.402310 0.411062 0.420083 0.429278 0.438548 0.447898 0.457329 0.466844 0.476444 0.486133 0.495912 0.505784 0.515753 0.525821 0.535995 0.546278 0.556677 0.567195 0.577837 0.588606 0.599508 0.610544 0.621718 0.633033 0.644493 0.656099 0.667854 0.679762 0.691825 0.704045 0.716426 0.728969 0.741678 0.754555 0.767605 0.780829 0.794232
0.296649 0.306354 0.313600 0.320213 0.326720 0.333304 0.340039 0.346960 0.354087 0.361433 0.369008 0.376821 0.384880 0.393194 0.401769 0.410614 0.419704 0.428896 0.438172 0.447534 0.456986 0.466529 0.476166 0.485900 0.495732 0.505666 0.515704 0.525849 0.536106 0.546477 0.556968 0.567581 0.578322 0.589194 0.600201 0.611346 0.622633 0.634065 0.645646 0.657378 0.669266 0.681311 0.693518 0.705889 0.718428 0.731138 0.744021 0.757082 0.770324 0.783750
0.298402 0.301069 0.306145 0.311869 0.317880 0.324110 0.330555 0.337219 0.344109 0.351230 0.358589 0.366191 0.374044 0.382154 0.390527 0.399171 0.408088 0.417196 0.426394 0.435684 0.445069 0.454553 0.464136 0.473822 0.483614 0.493512 0.503520 0.513641 0.523876 0.534229 0.544704 0.555304 0.566032 0.576892 0.587888 0.599022 0.610300 0.621723 0.633297 0.645024 0.656907 0.668951 0.681159 0.693533 0.706078 0.718798 0.731695 0.744773 0.758037 0.771489
0.285875 0.292211 0.297276 0.302461 0.307960 0.313763 0.319840 0.326177 0.332766 0.339605 0.346695 0.354039 0.361641 0.369506 0.377640 0.386048 0.394736 0.403693 0.412796 0.421999 0.431305 0.440717 0.450236 0.459864 0.469605 0.479459 0.489429 0.499517 0.509726 0.520058 0.530516 0.541102 0.551819 0.562671 0.573661 0.584792 0.596068 0.607491 0.619065 0.630795 0.642683 0.654733 0.666948 0.679332 0.691890 0.704624 0.717538 0.730636 0.743922 0.757400
0.281188 0.283021 0.287019 0.291769 0.296918 0.302369 0.308095 0.314085 0.320337 0.326849 0.333625 0.340665 0.347973 0.355553 0.363408 0.371543 0.379963 0.388671 0.397635 0.406730 0.415938 0.425261 0.434698 0.444254 0.453928 0.463724 0.473643 0.483686 0.493855 0.504154 0.514583 0.525146 0.535845 0.546681 0.557660 0.568782 0.580051 0.591471 0.603044 0.614774 0.626665 0.638719 0.650941 0.663333 0.675900 0.688646 0.701574 0.714688 0.727991 0.741489
0.264223 0.270173 0.275243 0.280111 0.285051 0.290174 0.295532 0.301145 0.307025 0.313175 0.319600 0.326302 0.333283 0.340545 0.348091 0.355923 0.364046 0.372463 0.381173 0.390131 0.399223 0.408438 0.417778 0.427244 0.436836 0.446557 0.456407 0.466389 0.476504 0.486752 0.497138 0.507662 0.518326 0.529133 0.540085 0.551185 0.562436 0.573840 0.585400 0.597120 0.609002 0.621050 0.633267 0.645658 0.658224 0.670971 0.683901 0.697019 0.710329 0.723834
0.254466 0.259983 0.264244 0.268415 0.272771 0.277384 0.282277 0.287460 0.292934 0.298700 0.304758 0.311108 0.317748 0.324680 0.331903 0.339420 0.347232 0.355342 0.363752 0.372455 0.381408 0.390505 0.399734 0.409097 0.418593 0.428224 0.437992 0.447896 0.457939 0.468121 0.478445 0.488912 0.499524 0.510283 0.521191 0.532251 0.543464 0.554834 0.566363 0.578054 0.589910 0.601934 0.614129 0.626500 0.639048 0.651777 0.664692 0.677796 0.691093 0.704586
0.253608 0.251465 0.253160 0.256139 0.259748 0.263793 0.268210 0.272969 0.278056 0.283458 0.289171 0.295188 0.301506 0.308122 0.315035 0.322244 0.329750 0.337553 0.345657 0.354062 0.362761 0.371713 0.380830 0.390082 0.399474 0.409005 0.418677 0.428491 0.438448 0.448548 0.458794 0.469186 0.479728 0.490419 0.501263 0.512262 0.523417 0.534731 0.546208 0.557848 0.569655 0.581633 0.593784 0.606111 0.618617 0.631307 0.644183 0.657248 0.670508 0.683965
0.229471 0.235555 0.238858 0.241924 0.245278 0.249006 0.253107 0.257565 0.262361 0.267483 0.272920 0.278665 0.284710 0.291052 0.297689 0.304619 0.311841 0.319357 0.327167 0.335274 0.343679 0.352375 0.361330 0.370479 0.379761 0.389188 0.398758 0.408472 0.418331 0.428337 0.438490 0.448793 0.459246 0.469852 0.480612 0.491529 0.502605 0.513841 0.525241 0.536807 0.548542 0.560448 0.572529 0.584787 0.597225 0.609848 0.622657 0.635658 0.648853 0.662245
0.222354 0.221321 0.223254 0.226060 0.229332 0.232983 0.236985 0.241320 0.245974 0.250937 0.256199 0.261753 0.267595 0.273721 0.280129 0.286819 0.293790 0.301044 0.308582 0.316407 0.324521 0.332927 0.341619 0.350575 0.359750 0.369072 0.378535 0.388144 0.397898 0.407799 0.417848 0.428047 0.438397 0.448901 0.459559 0.470375 0.481351 0.492488 0.503789 0.515257 0.526894 0.538703 0.550687 0.562850 0.575193 0.587720 0.600435 0.613340 0.626440 0.639738
0.197311 0.202277 0.205560 0.208830 0.212357 0.216171 0.220269 0.224643 0.229287 0.234199 0.239375 0.244813 0.250514 0.256476 0.262699 0.269185 0.275936 0.282953 0.290240 0.297799 0.305635 0.313751 0.322149 0.330829 0.339775 0.348956 0.358321 0.367818 0.377461 0.387249 0.397184 0.407268 0.417502 0.427888 0.438429 0.449126 0.459983 0.471000 0.482181 0.493528 0.505044 0.516732 0.528594 0.540634 0.552854 0.565258 0.577849 0.590630 0.603605 0.616778
0.183991 0.184795 0.187892 0.191536 0.195420 0.199498 0.203771 0.208249 0.212938 0.217845 0.222975 0.228333 0.233922 0.239745 0.245807 0.252109 0.258657 0.265453 0.272501 0.279806 0.287372 0.295203 0.303305 0.311682 0.320333 0.329252 0.338419 0.347796 0.357328 0.366996 0.376809 0.386767 0.396873 0.407130 0.417538 0.428101 0.438821 0.449700 0.460741 0.471947 0.483320 0.494863 0.506579 0.518471 0.530542 0.542796 0.555236 0.567864 0.580685 0.593701
0.159144 0.166712 0.171473 0.175684 0.179841 0.184076 0.188439 0.192955 0.197640 0.202509 0.207569 0.212830 0.218297 0.223975 0.229871 0.235989 0.242333 0.248908 0.255720 0.262772 0.270070 0.277618 0.285424 0.293491 0.301825 0.310429 0.319299 0.328425 0.337781 0.347329 0.357012 0.366836 0.376805 0.386920 0.397183 0.407598 0.418166 0.428891 0.439774 0.450820 0.462030 0.473408 0.484956 0.496678 0.508577 0.520655 0.532917 0.545366 0.558005 0.570838
0.156450 0.156065 0.158986 0.162678 0.166622 0.170723 0.174973 0.179380 0.183952 0.188698 0.193624 0.198737 0.204043 0.209547 0.215253 0.221167 0.227294 0.233638 0.240204 0.246997 0.254022 0.261286 0.268792 0.276547 0.284558 0.292828 0.301363 0.310163 0.319223 0.328528 0.338049 0.347740 0.357560 0.367524 0.377632 0.387887 0.398291 0.408847 0.419558 0.430428 0.441458 0.452652 0.464013 0.475545 0.487250 0.499131 0.511193 0.523439 0.535871 0.548494
0.137571 0.144493 0.148531 0.152115 0.155764 0.159580 0.163581 0.167764 0.172129 0.176676 0.181405 0.186319 0.191422 0.196715 0.202203 0.207890 0.213779 0.219876 0.226184 0.232709 0.239454 0.246426 0.253630 0.261071 0.268755 0.276688 0.284876 0.293324 0.302034 0.311007 0.320235 0.329698 0.339361 0.349170 0.359113 0.369198 0.379427 0.389804 0.400331 0.411011 0.421848 0.432844 0.444002 0.455326 0.466820 0.478486 0.490328 0.502349 0.514553 0.526944
0.138824 0.138578 0.140704 0.143587 0.146841 0.150356 0.154092 0.158029 0.162158 0.166474 0.170975 0.175661 0.180532 0.185591 0.190839 0.196280 0.201918 0.207755 0.213795 0.220043 0.226503 0.233179 0.240078 0.247203 0.254562 0.262158 0.269999 0.278090 0.286437 0.295045 0.303915 0.313046 0.322424 0.332027 0.341808 0.351716 0.361764 0.371953 0.382287 0.392769 0.403401 0.414187 0.425131 0.436235 0.447503 0.458938 0.470545 0.482326 0.494284 0.506425
0.127971 0.130550 0.133234 0.136178 0.139345 0.142709 0.146260 0.149991 0.153903 0.157994 0.162265 0.166716 0.171348 0.176163 0.181164 0.186352 0.191730 0.197302 0.203071 0.209040 0.215213 0.221595 0.228191 0.235004 0.242041 0.249306 0.256806 0.264546 0.272533 0.280772 0.289270 0.298028 0.307050 0.316329 0.325849 0.335574 0.345438 0.355436 0.365572 0.375849 0.386271 0.396840 0.407561 0.418436 0.429469 0.440663 0.452023 0.463551 0.475251 0.487127
0.119117 0.123453 0.126914 0.130110 0.133291 0.136559 0.139957 0.143506 0.147216 0.151093 0.155141 0.159363 0.163760 0.168335 0.173090 0.178028 0.183150 0.188461 0.193961 0.199656 0.205549 0.211643 0.217943 0.224453 0.231179 0.238124 0.245294 0.252696 0.260334 0.268216 0.276346 0.284732 0.293378 0.302288 0.311460 0.320884 0.330533 0.340344 0.350280 0.360352 0.370560 0.380910 0.391404 0.402045 0.412838 0.423786 0.434892 0.446160 0.457593 0.469196
0.117972 0.120468 0.123164 0.125967 0.128881 0.131923 0.135108 0.138446 0.141945 0.145607 0.149437 0.153436 0.157607 0.161951 0.166470 0.171167 0.176044 0.181104 0.186348 0.191781 0.197406 0.203226 0.209244 0.215466 0.221895 0.228536 0.235394 0.242475 0.249784 0.257326 0.265108 0.273137 0.281418 0.289957 0.298759 0.307825 0.317152 0.326717 0.336462 0.346329 0.356326 0.366457 0.376725 0.387134 0.397686 0.408385 0.419235 0.430240 0.441403 0.452728
0.118335 0.119307 0.121092 0.123320 0.125835 0.128570 0.131496 0.134602 0.137880 0.141328 0.144945 0.148732 0.152688 0.156815 0.161114 0.165586 0.170234 0.175060 0.180066 0.185255 0.190631 0.196195 0.201952 0.207906 0.214060 0.220419 0.226988 0.233771 0.240773 0.248001 0.255459 0.263155 0.271093 0.279282 0.287726 0.296431 0.305402 0.314637 0.324120 0.333792 0.343583 0.353501 0.363547 0.373726 0.384041 0.394495 0.405093 0.415836 0.426731 0.437779
0.115841 0.117436 0.119222 0.121261 0.123547 0.126056 0.128767 0.131667 0.134747 0.138001 0.141425 0.145018 0.148779 0.152709 0.156808 0.161077 0.165518 0.170133 0.174923 0.179892 0.185042 0.190376 0.195896 0.201607 0.207513 0.213616 0.219922 0.226435 0.233159 0.240101 0.247265 0.254657 0.262283 0.270149 0.278263 0.286629 0.295256 0.304147 0.313303 0.322712 0.332309 0.342021 0.351854 0.361812 0.371897 0.382113 0.392464 0.402953 0.413583 0.424360
0.113254 0.115336 0.117299 0.119367 0.121596 0.124001 0.126583 0.129340 0.132268 0.135364 0.138627 0.142056 0.145650 0.149410 0.153336 0.157428 0.161689 0.166120 0.170722 0.175498 0.180451 0.185582 0.190895 0.196392 0.202078 0.207956 0.214030 0.220303 0.226781 0.233469 0.240370 0.247492 0.254839 0.262417 0.270233 0.278293 0.286603 0.295172 0.304003 0.313100 0.322450 0.331971 0.341601 0.351347 0.361213 0.371201 0.381315 0.391559 0.401936 0.412450
0.112285 0.113661 0.115558 0.117644 0.119866 0.122228 0.124738 0.127401 0.130221 0.133200 0.136338 0.139636 0.143095 0.146716 0.150499 0.154446 0.158557 0.162834 0.167278 0.171892 0.176678 0.181637 0.186774 0.192089 0.197587 0.203272 0.209145 0.215212 0.221477 0.227944 0.234617 0.241502 0.248605 0.255930 0.263484 0.271273 0.279304 0.287583 0.296117 0.304913 0.313973 0.323279 0.332719 0.342267 0.351925 0.361698 0.371588 0.381599 0.391735 0.401998
0.109346 0.111990 0.114110 0.116201 0.118384 0.120692 0.123136 0.125725 0.128462 0.131352 0.134396 0.137595 0.140951 0.144465 0.148137 0.151969 0.155962 0.160117 0.164436 0.168919 0.173570 0.178389 0.183381 0.188546 0.193888 0.199411 0.205117 0.211010 0.217095 0.223374 0.229853 0.236537 0.243430 0.250538 0.257866 0.265421 0.273208 0.281235 0.289507 0.298033 0.306818 0.315866 0.325123 0.334486 0.343951 0.353522 0.363203 0.372996 0.382905 0.392932
0.111032 0.111689 0.113211 0.115070 0.117127 0.119345 0.121714 0.124233 0.126902 0.129724 0.132699 0.135827 0.139110 0.142547 0.146140 0.149888 0.153794 0.157857 0.162080 0.166463 0.171008 0.175718 0.180594 0.185640 0.190857 0.196248 0.201818 0.207568 0.213504 0.219628 0.225945 0.232460 0.239177 0.246102 0.253239 0.260594 0.268174 0.275984 0.284031 0.292322 0.300865 0.309665 0.318718 0.327909 0.337196 0.346581 0.356067 0.365657 0.375355 0.385164
0.108250 0.110290 0.112091 0.113957 0.115954 0.118102 0.120407 0.122871 0.125491 0.128268 0.131199 0.134283 0.137520 0.140908 0.144449 0.148141 0.151986 0.155985 0.160138 0.164447 0.168914 0.173540 0.178328 0.183280 0.188399 0.193686 0.199146 0.204782 0.210596 0.216594 0.222779 0.229154 0.235726 0.242498 0.249475 0.256663 0.264068 0.271696 0.279553 0.287645 0.295979 0.304563 0.313403 0.322435 0.331557 0.340770 0.350077 0.359481 0.368985 0.378591
0.107864 0.109423 0.111110 0.112890 0.114816 0.116913 0.119183 0.121623 0.124226 0.126987 0.129902 0.132968 0.136182 0.139545 0.143054 0.146712 0.150518 0.154472 0.158576 0.162832 0.167241 0.171805 0.176525 0.181405 0.186447 0.191653 0.197026 0.202570 0.208288 0.214183 0.220260 0.226522 0.232974 0.239621 0.246466 0.253516 0.260776 0.268251 0.275948 0.283873 0.292032 0.300432 0.309081 0.317955 0.326926 0.335982 0.345126 0.354360 0.363686 0.373107
0.107684 0.108927 0.110215 0.111809 0.113682 0.115784 0.118078 0.120544 0.123168 0.125942 0.128864 0.131929 0.135137 0.138487 0.141980 0.145615 0.149393 0.153316 0.157384 0.161600 0.165965 0.170480 0.175149 0.179972 0.184953 0.190094 0.195399 0.200869 0.206509 0.212322 0.218312 0.224482 0.230836 0.237380 0.244117 0.251053 0.258193 0.265542 0.273106 0.280891 0.288903 0.297150 0.305637 0.314360 0.323194 0.332108 0.341103 0.350183 0.359347 0.368600
0.107932 0.107594 0.108773 0.110544 0.112602 0.114845 0.117239 0.119771 0.122437 0.125236 0.128169 0.131237 0.134440 0.137779 0.141256 0.144871 0.148625 0.152521 0.156559 0.160741 0.165069 0.169544 0.174170 0.178947 0.183878 0.188967 0.194215 0.199625 0.205202 0.210947 0.216865 0.222960 0.229235 0.235694 0.242342 0.249185 0.256225 0.263470 0.270924 0.278593 0.286483 0.294601 0.302953 0.311542 0.320251 0.329036 0.337897 0.346836 0.355855 0.364955
0.100641 0.104255 0.107112 0.109623 0.112026 0.114437 0.116912 0.119482 0.122162 0.124961 0.127886 0.130939 0.134123 0.137442 0.140895 0.144484 0.148212 0.152079 0.156086 0.160236 0.164530 0.168969 0.173556 0.178293 0.183182 0.188225 0.193425 0.198786 0.204309 0.209998 0.215857 0.221889 0.228097 0.234487 0.241062 0.247826 0.254785 0.261943 0.269305 0.276878 0.284667 0.292678 0.300917 0.309389 0.317987 0.326655 0.335394 0.344207 0.353094 0.362057
0.100268 0.105015 0.107871 0.110248 0.112531 0.114847 0.117246 0.119752 0.122376 0.125127 0.128007 0.131020 0.134168 0.137450 0.140869 0.144426 0.148121 0.151955 0.155930 0.160046 0.164306 0.168711 0.173262 0.177962 0.182813 0.187816 0.192975 0.198292 0.203770 0.209411 0.215220 0.221199 0.227352 0.233683 0.240196 0.246896 0.253786 0.260872 0.268159 0.275651 0.283356 0.291277 0.299423 0.307796 0.316292 0.324854 0.333484 0.342183 0.350952 0.359792
0.113519 0.110398 0.110692 0.112042 0.113820 0.115842 0.118051 0.120422 0.122945 0.125616 0.128432 0.131390 0.134489 0.137728 0.141108 0.144627 0.148286 0.152087 0.156028 0.160112 0.164339 0.168711 0.173229 0.177895 0.182711 0.187679 0.192801 0.198080 0.203518 0.209118 0.214884 0.220818 0.226924 0.233205 0.239666 0.246311 0.253144 0.260169 0.267392 0.274818 0.282451 0.290298 0.298365 0.306654 0.315059 0.323526 0.332058 0.340654 0.349317 0.358046
0.106493 0.110088 0.111762 0.113261 0.114931 0.116818 0.118908 0.121184 0.123631 0.126238 0.128999 0.131909 0.134966 0.138166 0.141510 0.144995 0.148622 0.152391 0.156302 0.160356 0.164554 0.168896 0.173384 0.178020 0.182806 0.187742 0.192832 0.198077 0.203481 0.209045 0.214774 0.220669 0.226734 0.232974 0.239391 0.245989 0.252773 0.259747 0.266916 0.274285 0.281859 0.289643 0.297643 0.305860 0.314182 0.322564 0.331007 0.339511 0.348077 0.356708
0.111042 0.111091 0.112263 0.113781 0.115515 0.117438 0.119539 0.121808 0.124239 0.126825 0.129563 0.132448 0.135480 0.138656 0.141974 0.145435 0.149038 0.152783 0.156670 0.160699 0.164872 0.169189 0.173652 0.178262 0.183021 0.187930 0.192992 0.198209 0.203583 0.209116 0.214813 0.220675 0.226705 0.232908 0.239287 0.245846 0.252588 0.259519 0.266642 0.273962 0.281485 0.289215 0.297159 0.305312 0.313560 0.321864 0.330227 0.338649 0.347129 0.355676
0.109182 0.110520 0.112058 0.113807 0.115713 0.117756 0.119934 0.122250 0.124706 0.127304 0.130044 0.132927 0.135951 0.139116 0.142422 0.145869 0.149456 0.153184 0.157054 0.161065 0.165219 0.169516 0.173958 0.178547 0.183284 0.188170 0.193208 0.198401 0.203749 0.209256 0.214925 0.220758 0.226759 0.232931 0.239277 0.245801 0.252507 0.259400 0.266483 0.273762 0.281241 0.288925 0.296819 0.304916 0.313096 0.321331 0.329621 0.337967 0.346371 0.354874
0.107485 0.109750 0.111830 0.113843 0.115884 0.118005 0.120233 0.122582 0.125062 0.127676 0.130426 0.133313 0.136338 0.139501 0.142802 0.146241 0.149820 0.153537 0.157394 0.161392 0.165531 0.169813 0.174239 0.178810 0.183528 0.188395 0.193413 0.198584 0.203911 0.209395 0.215040 0.220848 0.226822 0.232967 0.239284 0.245778 0.252453 0.259313 0.266361 0.273603 0.281043 0.288686 0.296537 0.304583 0.312702 0.320873 0.329097 0.337375 0.345722 0.354210
0.108250 0.110524 0.112427 0.114296 0.116245 0.118316 0.120520 0.122862 0.125342 0.127958 0.130711 0.133601 0.136626 0.139787 0.143084 0.146518 0.150089 0.153798 0.157645 0.161631 0.165758 0.170027 0.174438 0.178995 0.183697 0.188547 0.193548 0.198700 0.204007 0.209471 0.215094 0.220880 0.226832 0.232951 0.239243 0.245710 0.252357 0.259186 0.266203 0.273412 0.280817 0.288424 0.296236 0.304234 0.312296 0.320410 0.328574 0.336791 0.345115 0.353592
0.112067 0.112304 0.113343 0.114827 0.116600 0.118588 0.120753 0.123076 0.125545 0.128155 0.130903 0.133787 0.136806 0.139961 0.143250 0.146676 0.150237 0.153936 0.157772 0.161747 0.165861 0.170117 0.174515 0.179057 0.183744 0.188579 0.193563 0.198699 0.203988 0.209433 0.215037 0.220802 0.226732 0.232829 0.239097 0.245539 0.252160 0.258962 0.265950 0.273128 0.280500 0.288072 0.295849 0.303801 0.311812 0.319872 0.327980 0.336155 0.344473 0.352942
0.111268 0.111961 0.113218 0.114827 0.116671 0.118694 0.120873 0.123196 0.125658 0.128256 0.130991 0.133860 0.136865 0.140005 0.143280 0.146692 0.150240 0.153924 0.157747 0.161708 0.165809 0.170051 0.174435 0.178963 0.183635 0.188455 0.193423 0.198542 0.203814 0.209241 0.214826 0.220572 0.226481 0.232557 0.238802 0.245221 0.251816 0.258591 0.265551 0.272699 0.280040 0.287579 0.295321 0.303230 0.311192 0.319201 0.327259 0.335421 0.343736 0.352203
0.108034 0.110441 0.112582 0.114608 0.116634 0.118726 0.120919 0.123231 0.125671 0.128244 0.130952 0.133796 0.136776 0.139894 0.143149 0.146541 0.150072 0.153740 0.157547 0.161493 0.165579 0.169806 0.174175 0.178687 0.183345 0.188149 0.193101 0.198204 0.203459 0.208868 0.214435 0.220161 0.226050 0.232104 0.238327 0.244721 0.251291 0.258040 0.264971 0.272090 0.279399 0.286905 0.294611 0.302477 0.310394 0.318355 0.326378 0.334543 0.342859 0.351327
0.108126 0.110909 0.112991 0.114894 0.116805 0.118801 0.120915 0.123160 0.125545 0.128071 0.130739 0.133549 0.136501 0.139593 0.142826 0.146198 0.149710 0.153361 0.157152 0.161082 0.165153 0.169366 0.173720 0.178218 0.182861 0.187649 0.192586 0.197671 0.202909 0.208300 0.213848 0.219554 0.225422 0.231453 0.237652 0.244022 0.250565 0.257286 0.264188 0.271275 0.278552 0.286022 0.293691 0.301515 0.309386 0.317302 0.325320 0.333489 0.341811 0.350283
0.113417 0.113323 0.114113 0.115373 0.116933 0.118719 0.120699 0.122854 0.125175 0.127655 0.130287 0.133069 0.135997 0.139070 0.142285 0.145642 0.149140 0.152777 0.156555 0.160473 0.164531 0.168730 0.173070 0.177554 0.182182 0.186955 0.191875 0.196943 0.202163 0.207535 0.213062 0.218746 0.224591 0.230599 0.236772 0.243114 0.249629 0.256320 0.263189 0.270243 0.277483 0.284915 0.292544 0.300324 0.308150 0.316037 0.324064 0.332242 0.340571 0.349050
0.113344 0.113097 0.113757 0.114896 0.116362 0.118084 0.120023 0.122153 0.124457 0.126926 0.129551 0.132327 0.135250 0.138318 0.141527 0.144878 0.148369 0.151998 0.155767 0.159675 0.163723 0.167910 0.172238 0.176707 0.181320 0.186077 0.190979 0.196029 0.201229 0.206580 0.212084 0.217745 0.223564 0.229545 0.235689 0.242001 0.248484 0.255140 0.261974 0.268989 0.276189 0.283579 0.291162 0.298897 0.306679 0.314565 0.322603 0.330790 0.339128 0.347616
0.107525 0.110013 0.111640 0.113220 0.114929 0.116801 0.118841 0.121041 0.123398 0.125904 0.128558 0.131355 0.134293 0.137371 0.140587 0.143940 0.147430 0.151057 0.154820 0.158720 0.162758 0.166934 0.171249 0.175703 0.180299 0.185038 0.189921 0.194950 0.200126 0.205452 0.210931 0.216564 0.222353 0.228302 0.234414 0.240691 0.247136 0.253754 0.260546 0.267518 0.274672 0.282013 0.289545 0.297231 0.304987 0.312885 0.320933 0.329130 0.337477 0.345974
0.107461 0.107760 0.109324 0.111175 0.113145 0.115221 0.117411 0.119722 0.122160 0.124727 0.127425 0.130254 0.133215 0.136309 0.139534 0.142892 0.146382 0.150005 0.153762 0.157653 0.161678 0.165840 0.170138 0.174574 0.179150 0.183866 0.188725 0.193728 0.198877 0.204173 0.209620 0.215220 0.220974 0.226887 0.232959 0.239195 0.245597 0.252169 0.258913 0.265834 0.272936 0.280221 0.287695 0.295332 0.303091 0.310999 0.319056 0.327262 0.335618 0.344122
0.100923 0.104964 0.107398 0.109533 0.111657 0.113843 0.116118 0.118495 0.120983 0.123587 0.126312 0.129159 0.132131 0.135229 0.138454 0.141808 0.145290 0.148902 0.152645 0.156519 0.160526 0.164666 0.168942 0.173353 0.177901 0.182589 0.187416 0.192387 0.197501 0.202761 0.208170 0.213729 0.219442 0.225310 0.231336 0.237523 0.243874 0.250393 0.257082 0.263945 0.270986 0.278207 0.285616 0.293225 0.300993 0.308909 0.316974 0.325187 0.333550 0.342060
0.106264 0.105697 0.107025 0.108844 0.110849 0.112977 0.115218 0.117572 0.120043 0.122632 0.125342 0.128174 0.131130 0.134210 0.137416 0.140748 0.144207 0.147795 0.151511 0.155357 0.159334 0.163443 0.167686 0.172062 0.176574 0.181224 0.186012 0.190941 0.196013 0.201228 0.206591 0.212102 0.217764 0.223579 0.229551 0.235681 0.241973 0.248430 0.255055 0.261851 0.268822 0.275971 0.283316 0.290922 0.298695 0.306617 0.314687 0.322906 0.331273 0.339789
0.101766 0.105007 0.106957 0.108733 0.110590 0.112580 0.114709 0.116974 0.119370 0.121897 0.124552 0.127335 0.130245 0.133281 0.136445 0.139736 0.143154 0.146701 0.150376 0.154180 0.158115 0.162181 0.166379 0.170710 0.175175 0.179777 0.184516 0.189395 0.194414 0.199576 0.204882 0.210336 0.215938 0.221693 0.227601 0.233665 0.239890 0.246276 0.252828 0.259548 0.266440 0.273512 0.280820 0.288419 0.296196 0.304121 0.312195 0.320417 0.328787 0.337306
0.106230 0.106496 0.107523 0.108923 0.110568 0.112404 0.114408 0.116565 0.118867 0.121308 0.123886 0.126597 0.129441 0.132414 0.135518 0.138751 0.142113 0.145604 0.149224 0.152974 0.156854 0.160865 0.165007 0.169283 0.173691 0.178235 0.182916 0.187734 0.192691 0.197790 0.203032 0.208420 0.213954 0.219639 0.225475 0.231465 0.237613 0.243921 0.250391 0.257027 0.263833 0.270838 0.278127 0.285713 0.293492 0.301419 0.309494 0.317719 0.326092 0.334613
0.106695 0.106482 0.107438 0.108814 0.110411 0.112177 0.114097 0.116166 0.118381 0.120737 0.123234 0.125867 0.128636 0.131538 0.134571 0.137736 0.141032 0.144457 0.148012 0.151698 0.155513 0.159460 0.163538 0.167748 0.172091 0.176569 0.181182 0.185931 0.190819 0.195848 0.201017 0.206331 0.211790 0.217396 0.223153 0.229062 0.235126 0.241347 0.247728 0.254272 0.260993 0.267965 0.275232 0.282799 0.290579 0.298507 0.306585 0.314811 0.323187 0.331711
0.100737 0.104635 0.106739 0.108411 0.110051 0.111780 0.113639 0.115637 0.117777 0.120058 0.122479 0.125037 0.127731 0.130560 0.133521 0.136614 0.139838 0.143192 0.146677 0.150292 0.154037 0.157913 0.161920 0.166059 0.170330 0.174735 0.179275 0.183950 0.188763 0.193714 0.198806 0.204039 0.209417 0.214940 0.220612 0.226433 0.232407 0.238536 0.244823 0.251274 0.257940 0.264890 0.272132 0.279674 0.287455 0.295387 0.303468 0.311698 0.320078 0.328607
0.106701 0.106196 0.106931 0.108120 0.109556 0.111176 0.112955 0.114884 0.116956 0.119170 0.121522 0.124010 0.126634 0.129391 0.132280 0.135301 0.138453 0.141736 0.145148 0.148690 0.152363 0.156166 0.160099 0.164164 0.168360 0.172689 0.177152 0.181750 0.186484 0.191355 0.196366 0.201516 0.206809 0.212246 0.217829 0.223560 0.229442 0.235476 0.241666 0.248042 0.254685 0.261613 0.268831 0.276347 0.284128 0.292065 0.300152 0.308390 0.316776 0.325313
0.105586 0.105553 0.106212 0.107311 0.108679 0.110241 0.111964 0.113834 0.115847 0.117998 0.120285 0.122708 0.125264 0.127953 0.130774 0.133725 0.136807 0.140020 0.143361 0.146832 0.150433 0.154163 0.158024 0.162015 0.166137 0.170391 0.174777 0.179298 0.183953 0.188744 0.193673 0.198741 0.203949 0.209300 0.214795 0.220435 0.226223 0.232163 0.238268 0.244616 0.251240 0.258147 0.265343 0.272836 0.280613 0.288561 0.296660 0.304909 0.313307 0.321856
0.100704 0.102786 0.104427 0.105897 0.107374 0.108940 0.110625 0.112443 0.114396 0.116485 0.118709 0.121068 0.123561 0.126186 0.128942 0.131829 0.134846 0.137992 0.141268 0.144672 0.148206 0.151868 0.155660 0.159581 0.163633 0.167816 0.172130 0.176577 0.181157 0.185872 0.190723 0.195711 0.200838 0.206105 0.211514 0.217067 0.222766 0.228620 0.234687 0.241022 0.247633 0.254524 0.261702 0.269175 0.276945 0.284911 0.293027 0.301293 0.309709 0.318276
0.099406 0.101785 0.103214 0.104500 0.105849 0.107317 0.108922 0.110667 0.112554 0.114580 0.116745 0.119045 0.121481 0.124049 0.126748 0.129579 0.132539 0.135628 0.138846 0.142192 0.145667 0.149269 0.153000 0.156860 0.160849 0.164968 0.169217 0.173597 0.178109 0.182755 0.187534 0.192450 0.197502 0.202692 0.208022 0.213493 0.219112 0.224917 0.230981 0.237311 0.243914 0.250795 0.257961 0.265419 0.273176 0.281167 0.289308 0.297598 0.306038 0.314629
0.104729 0.102253 0.102120 0.102826 0.103916 0.105245 0.106760 0.108438 0.110268 0.112244 0.114362 0.116618 0.119010 0.121534 0.124191 0.126978 0.129894 0.132939 0.136112 0.139412 0.142839 0.146393 0.150075 0.153884 0.157821 0.161886 0.166081 0.170404 0.174858 0.179444 0.184162 0.189014 0.194000 0.199122 0.204382 0.209782 0.215348 0.221157 0.227224 0.233555 0.240156 0.247033 0.254194 0.261644 0.269390 0.277405 0.285577 0.293899 0.302369 0.310989
0.095762 0.097782 0.098941 0.100009 0.101193 0.102538 0.104045 0.105708 0.107522 0.109480 0.111578 0.113813 0.116183 0.118684 0.121317 0.124078 0.126968 0.129984 0.133128 0.136397 0.139792 0.143312 0.146958 0.150730 0.154628 0.158653 0.162804 0.167084 0.171492 0.176029 0.180697 0.185496 0.190428 0.195493 0.200693 0.206043 0.211614 0.217436 0.223513 0.229852 0.236458 0.243338 0.250498 0.257946 0.265688 0.273720 0.281930 0.290288 0.298794 0.307449
0.091996 0.093998 0.095313 0.096548 0.097860 0.099292 0.100858 0.102561 0.104402 0.106378 0.108488 0.110731 0.113104 0.115606 0.118235 0.120991 0.123873 0.126880 0.130010 0.133265 0.136643 0.140145 0.143770 0.147519 0.151392 0.155390 0.159512 0.163760 0.168135 0.172636 0.177266 0.182025 0.186914 0.191934 0.197091 0.202441 0.208033 0.213873 0.219967 0.226318 0.232935 0.239823 0.246989 0.254439 0.262182 0.270224 0.278476 0.286874 0.295420 0.304113
0.093013 0.091281 0.091798 0.092936 0.094306 0.095819 0.097458 0.099224 0.101116 0.103135 0.105281 0.107554 0.109952 0.112474 0.115120 0.117889 0.120780 0.123793 0.126927 0.130182 0.133558 0.137055 0.140673 0.144412 0.148273 0.152256 0.156362 0.160591 0.164944 0.169421 0.174025 0.178755 0.183613 0.188600 0.193748 0.199126 0.204744 0.210606 0.216718 0.223087 0.229718 0.236617 0.243792 0.251250 0.258998 0.267043 0.275336 0.283776 0.292362 0.301094
0.081599 0.085863 0.087858 0.089385 0.090887 0.092475 0.094178 0.096002 0.097950 0.100022 0.102215 0.104530 0.106966 0.109522 0.112197 0.114991 0.117903 0.120934 0.124083 0.127350 0.130734 0.134237 0.137858 0.141598 0.145456 0.149435 0.153534 0.157753 0.162095 0.166559 0.171146 0.175858 0.180695 0.185665 0.190840 0.196246 0.201888 0.207773 0.213906 0.220292 0.226939 0.233852 0.241038 0.248505 0.256260 0.264310 0.272633 0.281114 0.289738 0.298507
0.085406 0.084621 0.085355 0.086558 0.087992 0.089593 0.091336 0.093211 0.095211 0.097334 0.099575 0.101935 0.104412 0.107004 0.109713 0.112536 0.115475 0.118528 0.121697 0.124980 0.128379 0.131893 0.135523 0.139269 0.143132 0.147112 0.151211 0.155428 0.159765 0.164222 0.168801 0.173502 0.178327 0.183307 0.188508 0.193939 0.199604 0.205509 0.211661 0.218063 0.224725 0.231650 0.238848 0.246324 0.254086 0.262142 0.270486 0.279000 0.287657 0.296458
0.081317 0.081991 0.082958 0.084238 0.085737 0.087401 0.089204 0.091133 0.093183 0.095350 0.097633 0.100030 0.102541 0.105165 0.107902 0.110751 0.113712 0.116786 0.119973 0.123272 0.126684 0.130209 0.133849 0.137603 0.141471 0.145456 0.149557 0.153775 0.158111 0.162566 0.167142 0.171838 0.176656 0.181656 0.186878 0.192327 0.198009 0.203930 0.210095 0.216510 0.223182 0.230118 0.237324 0.244808 0.252576 0.260637 0.268992 0.277532 0.286213 0.295036
0.077221 0.079269 0.081031 0.082705 0.084401 0.086172 0.088040 0.090014 0.092098 0.094294 0.096601 0.099020 0.101551 0.104193 0.106946 0.109810 0.112785 0.115871 0.119068 0.122376 0.125796 0.129329 0.132974 0.136733 0.140606 0.144594 0.148697 0.152916 0.157253 0.161708 0.166281 0.170976 0.175794 0.180806 0.186038 0.191497 0.197189 0.203118 0.209290 0.215712 0.222391 0.229332 0.236543 0.244030 0.251802 0.259866 0.268226 0.276779 0.285473 0.294308
