0.155999 0.428580 0.000001 0.258345
0.156317 0.429613 0.000001 0.258854
0.156938 0.431637 0.000001 0.259849
0.157838 0.434571 0.000001 0.261291
0.158981 0.438300 0.000001 0.263121
0.160324 0.442691 0.000001 0.265274
0.161822 0.447594 0.000001 0.267676
0.163429 0.452862 0.000001 0.270255
0.165102 0.458351 0.000001 0.272944
0.166803 0.463935 0.000001 0.275683
0.168500 0.469506 0.000001 0.278423
0.170168 0.474978 0.000001 0.281123
0.171789 0.480285 0.000001 0.283756
0.173349 0.485384 0.000001 0.286300
0.174841 0.490246 0.000001 0.288742
0.176257 0.494857 0.000001 0.291070
0.177594 0.499209 0.000001 0.293276
0.178847 0.503297 0.000001 0.295348
0.180010 0.507116 0.000001 0.297271
0.181073 0.510655 0.000001 0.299024
0.182022 0.513895 0.000001 0.300575
0.182838 0.516806 0.000001 0.301886
0.183494 0.519348 0.000001 0.302905
0.183961 0.521470 0.000001 0.303573
0.184201 0.523114 0.000001 0.303818
0.184172 0.524217 0.000001 0.303560
0.183828 0.524711 0.000001 0.302711
0.183115 0.524533 0.000001 0.301173
0.181975 0.523625 0.000001 0.298841
0.180342 0.521937 0.000001 0.295600
0.178139 0.519432 0.000001 0.291323
0.175274 0.516089 0.000001 0.285873
0.171633 0.511897 0.000001 0.279094
0.167070 0.506863 0.000001 0.270816
0.161396 0.500998 0.000001 0.260857
0.154359 0.494313 0.000001 0.249026
0.145625 0.486796 0.000001 0.235150
0.134741 0.478381 0.000001 0.219103
0.121091 0.468889 0.000001 0.200875
0.103830 0.457944 0.003905 0.180670
0.082269 0.444964 0.031300 0.159055
0.058051 0.429621 0.075906 0.137043
0.034170 0.411552 0.130117 0.116005
0.014137 0.390301 0.185994 0.097412
0.001532 0.365501 0.236652 0.082438
0.000001 0.337284 0.278064 0.071481
0.000001 0.306854 0.311101 0.063564
0.000001 0.275281 0.337057 0.057840
0.000001 0.243432 0.356892 0.053734
0.000001 0.212059 0.371240 0.050875
0.000001 0.181857 0.380462 0.049034
0.000001 0.153483 0.384696 0.048087
0.000001 0.127550 0.383934 0.047992
0.000001 0.104596 0.378087 0.048773
0.000001 0.085044 0.367051 0.050502
0.000001 0.069147 0.350763 0.053301
0.000001 0.056942 0.329247 0.057328
0.000001 0.048214 0.302646 0.062777
0.000001 0.042483 0.271227 0.069874
0.000001 0.039016 0.235373 0.078877
0.000001 0.036868 0.195559 0.090078
0.002447 0.034937 0.152346 0.103793
0.013835 0.032405 0.107590 0.119936
0.029000 0.029420 0.066177 0.137297
0.044240 0.026358 0.032846 0.154488
0.057270 0.023518 0.010566 0.170421
0.067170 0.021083 0.000017 0.184473
0.074185 0.019188 0.000001 0.196435
0.079274 0.017962 0.000001 0.206360
0.083024 0.017366 0.000001 0.214419
0.085798 0.017297 0.000001 0.220812
0.087821 0.017653 0.000001 0.225726
0.089244 0.018353 0.000001 0.229327
0.090171 0.019345 0.000001 0.231760
0.090681 0.020610 0.000001 0.233152
0.090841 0.022150 0.000001 0.233615
0.090706 0.023988 0.000001 0.233254
0.090330 0.026159 0.000001 0.232166
0.089762 0.028700 0.000001 0.230445
0.089047 0.031643 0.000001 0.228181
0.088228 0.035010 0.000001 0.225467
0.087343 0.038803 0.000001 0.222392
0.086426 0.043002 0.000001 0.219043
0.085504 0.047560 0.000001 0.215505
0.084602 0.052409 0.000001 0.211861
0.083736 0.057458 0.000001 0.208187
0.082919 0.062604 0.000001 0.204554
0.082158 0.067737 0.000001 0.201026
0.081460 0.072749 0.000001 0.197660
0.080826 0.077540 0.000001 0.194500
0.080257 0.082024 0.000001 0.191585
0.079753 0.086134 0.000001 0.188941
0.079311 0.089818 0.000001 0.186587
0.078931 0.093045 0.000001 0.184533
0.078609 0.095798 0.000001 0.182782
0.078345 0.098074 0.000001 0.181335
0.078135 0.099876 0.000001 0.180187
0.077979 0.101214 0.000001 0.179333
0.077875 0.102099 0.000001 0.178766
0.077824 0.102538 0.000001 0.178484
