0.059585 0.062360 0.065053 0.067649 0.070202 0.072738 0.075275 0.077826 0.080399 0.083001 0.085638 0.088312 0.091029 0.093789 0.096596 0.099453 0.102360 0.105320 0.108335 0.111407 0.114536 0.117725 0.120976 0.124289 0.127667 0.131110 0.134620 0.138199 0.141847 0.145567 0.149359 0.153225 0.157165 0.161182 0.165275 0.169447 0.173698 0.178030 0.182443 0.186939 0.191518 0.196181 0.200930 0.205765 0.210687 0.215696 0.220794 0.225981 0.231258 0.236625
0.062090 0.064920 0.067292 0.069604 0.071948 0.074331 0.076754 0.079216 0.081720 0.084267 0.086857 0.089492 0.092174 0.094906 0.097687 0.100520 0.103407 0.106348 0.109346 0.112402 0.115518 0.118695 0.121934 0.125237 0.128604 0.132039 0.135541 0.139113 0.142754 0.146468 0.150254 0.154115 0.158050 0.162063 0.166152 0.170321 0.174569 0.178898 0.183308 0.187801 0.192378 0.197040 0.201787 0.206620 0.211540 0.216548 0.221645 0.226831 0.232107 0.237474
0.068711 0.069182 0.070819 0.072774 0.074882 0.077088 0.079371 0.081721 0.084131 0.086597 0.089119 0.091694 0.094324 0.097008 0.099747 0.102542 0.105395 0.108305 0.111275 0.114306 0.117398 0.120554 0.123773 0.127058 0.130410 0.133830 0.137318 0.140877 0.144508 0.148211 0.151988 0.155840 0.159768 0.163773 0.167857 0.172019 0.176262 0.180586 0.184993 0.189482 0.194056 0.198714 0.203458 0.208289 0.213208 0.218214 0.223310 0.228494 0.233769 0.239135
0.068039 0.071930 0.074225 0.076256 0.078318 0.080452 0.082660 0.084936 0.087276 0.089677 0.092137 0.094656 0.097234 0.099871 0.102567 0.105322 0.108138 0.111015 0.113955 0.116957 0.120024 0.123156 0.126354 0.129620 0.132954 0.136358 0.139832 0.143377 0.146996 0.150688 0.154455 0.158298 0.162219 0.166217 0.170294 0.174451 0.178689 0.183009 0.187411 0.191898 0.196469 0.201125 0.205867 0.210697 0.215614 0.220620 0.225715 0.230900 0.236175 0.241541
0.077054 0.076410 0.077867 0.079804 0.081888 0.084039 0.086242 0.088498 0.090809 0.093175 0.095599 0.098082 0.100624 0.103227 0.105891 0.108617 0.111405 0.114257 0.117173 0.120154 0.123201 0.126315 0.129497 0.132748 0.136068 0.139460 0.142923 0.146459 0.150069 0.153754 0.157515 0.161353 0.165268 0.169262 0.173336 0.177491 0.181727 0.186046 0.190448 0.194934 0.199505 0.204162 0.208906 0.213737 0.218656 0.223664 0.228761 0.233948 0.239226 0.244595
0.072816 0.077944 0.080873 0.083234 0.085461 0.087666 0.089889 0.092150 0.094456 0.096815 0.099228 0.101699 0.104228 0.106818 0.109470 0.112184 0.114961 0.117802 0.120709 0.123681 0.126721 0.129828 0.133005 0.136251 0.139567 0.142956 0.146417 0.149952 0.153561 0.157246 0.161008 0.164847 0.168764 0.172761 0.176838 0.180996 0.185236 0.189560 0.193966 0.198458 0.203035 0.207698 0.212448 0.217285 0.222211 0.227225 0.232330 0.237524 0.242809 0.248185
0.082220 0.083010 0.084879 0.086936 0.089058 0.091224 0.093436 0.095698 0.098012 0.100381 0.102805 0.105287 0.107827 0.110428 0.113088 0.115811 0.118597 0.121447 0.124362 0.127343 0.130391 0.133506 0.136691 0.139946 0.143272 0.146670 0.150140 0.153685 0.157304 0.161000 0.164772 0.168622 0.172551 0.176559 0.180648 0.184818 0.189070 0.193406 0.197825 0.202330 0.206919 0.211595 0.216358 0.221208 0.226147 0.231175 0.236292 0.241500 0.246798 0.252187
0.084366 0.086589 0.088412 0.090314 0.092347 0.094481 0.096695 0.098977 0.101319 0.103719 0.106177 0.108692 0.111264 0.113896 0.116587 0.119339 0.122152 0.125029 0.127970 0.130976 0.134049 0.137189 0.140398 0.143676 0.147025 0.150446 0.153939 0.157506 0.161148 0.164866 0.168660 0.172532 0.176482 0.180513 0.184623 0.188815 0.193089 0.197447 0.201888 0.206413 0.211024 0.215721 0.220505 0.225377 0.230336 0.235385 0.240523 0.245750 0.251069 0.256478
0.088021 0.089094 0.090877 0.092888 0.095027 0.097249 0.099537 0.101885 0.104287 0.106744 0.109256 0.111823 0.114445 0.117125 0.119863 0.122660 0.125517 0.128437 0.131419 0.134466 0.137578 0.140757 0.144003 0.147318 0.150704 0.154160 0.157689 0.161291 0.164967 0.168719 0.172547 0.176452 0.180436 0.184498 0.188641 0.192865 0.197171 0.201559 0.206031 0.210587 0.215229 0.219956 0.224769 0.229670 0.234659 0.239736 0.244902 0.250158 0.255504 0.260940
0.086338 0.089689 0.092376 0.094823 0.097209 0.099591 0.101994 0.104432 0.106914 0.109442 0.112020 0.114649 0.117333 0.120071 0.122867 0.125720 0.128632 0.131605 0.134641 0.137739 0.140902 0.144131 0.147426 0.150790 0.154223 0.157726 0.161301 0.164949 0.168670 0.172466 0.176338 0.180287 0.184313 0.188418 0.192603 0.196868 0.201215 0.205643 0.210155 0.214751 0.219431 0.224197 0.229048 0.233987 0.239012 0.244126 0.249328 0.254619 0.260000 0.265471
0.088733 0.091675 0.094326 0.096816 0.099264 0.101715 0.104189 0.106697 0.109247 0.111843 0.114487 0.117182 0.119929 0.122731 0.125589 0.128504 0.131477 0.134511 0.137606 0.140763 0.143985 0.147271 0.150624 0.154045 0.157533 0.161092 0.164722 0.168423 0.172198 0.176047 0.179971 0.183971 0.188048 0.192204 0.196438 0.200752 0.205148 0.209624 0.214184 0.218826 0.223553 0.228364 0.233261 0.238244 0.243314 0.248471 0.253716 0.259049 0.264472 0.269983
0.092753 0.094599 0.096653 0.098883 0.101239 0.103676 0.106175 0.108728 0.111331 0.113985 0.116690 0.119447 0.122258 0.125123 0.128045 0.131023 0.134061 0.137158 0.140317 0.143537 0.146822 0.150171 0.153585 0.157067 0.160617 0.164236 0.167926 0.171687 0.175521 0.179428 0.183410 0.187467 0.191601 0.195813 0.200103 0.204472 0.208922 0.213453 0.218065 0.222760 0.227539 0.232402 0.237350 0.242383 0.247502 0.252708 0.258001 0.263382 0.268852 0.274410
0.094810 0.096193 0.098232 0.100503 0.102901 0.105382 0.107928 0.110531 0.113188 0.115898 0.118662 0.121480 0.124353 0.127281 0.130266 0.133309 0.136411 0.139573 0.142796 0.146081 0.149430 0.152843 0.156321 0.159867 0.163480 0.167162 0.170914 0.174738 0.178633 0.182602 0.186644 0.190762 0.194956 0.199227 0.203577 0.208004 0.212512 0.217100 0.221770 0.226521 0.231356 0.236274 0.241276 0.246363 0.251536 0.256795 0.262140 0.267572 0.273092 0.278700
0.092295 0.096166 0.099053 0.101675 0.104249 0.106835 0.109458 0.112127 0.114846 0.117618 0.120443 0.123323 0.126258 0.129249 0.132297 0.135404 0.138569 0.141795 0.145081 0.148430 0.151842 0.155319 0.158861 0.162469 0.166146 0.169891 0.173705 0.177591 0.181548 0.185579 0.189683 0.193862 0.198116 0.202448 0.206857 0.211344 0.215911 0.220558 0.225286 0.230095 0.234987 0.239962 0.245020 0.250163 0.255391 0.260704 0.266103 0.271588 0.277161 0.282820
0.095604 0.097747 0.100302 0.102895 0.105510 0.108157 0.110844 0.113578 0.116361 0.119197 0.122086 0.125029 0.128026 0.131080 0.134190 0.137358 0.140585 0.143872 0.147219 0.150629 0.154102 0.157639 0.161241 0.164910 0.168647 0.172452 0.176327 0.180272 0.184289 0.188379 0.192543 0.196782 0.201095 0.205486 0.209954 0.214499 0.219124 0.223829 0.228614 0.233481 0.238429 0.243460 0.248574 0.253772 0.259054 0.264422 0.269874 0.275413 0.281038 0.286749
0.096051 0.099126 0.101621 0.104137 0.106744 0.109425 0.112166 0.114962 0.117810 0.120710 0.123661 0.126665 0.129723 0.132835 0.136003 0.139228 0.142511 0.145854 0.149257 0.152723 0.156251 0.159844 0.163502 0.167226 0.171018 0.174879 0.178810 0.182811 0.186884 0.191030 0.195249 0.199543 0.203913 0.208359 0.212882 0.217483 0.222163 0.226922 0.231762 0.236683 0.241685 0.246770 0.251937 0.257188 0.262523 0.267942 0.273446 0.279036 0.284711 0.290473
0.099971 0.100485 0.102681 0.105242 0.107931 0.110691 0.113505 0.116368 0.119279 0.122237 0.125245 0.128302 0.131411 0.134573 0.137791 0.141064 0.144396 0.147787 0.151239 0.154752 0.158329 0.161970 0.165677 0.169451 0.173292 0.177202 0.181183 0.185234 0.189357 0.193553 0.197823 0.202167 0.206587 0.211084 0.215657 0.220309 0.225039 0.229849 0.234739 0.239710 0.244762 0.249896 0.255113 0.260412 0.265796 0.271263 0.276815 0.282452 0.288174 0.293982
0.093079 0.099754 0.103379 0.106361 0.109228 0.112090 0.114976 0.117895 0.120852 0.123852 0.126898 0.129993 0.133139 0.136338 0.139592 0.142903 0.146272 0.149701 0.153191 0.156744 0.160361 0.164043 0.167791 0.171606 0.175489 0.179442 0.183465 0.187560 0.191726 0.195966 0.200280 0.204668 0.209133 0.213674 0.218292 0.222988 0.227763 0.232617 0.237551 0.242566 0.247662 0.252840 0.258101 0.263444 0.268871 0.274381 0.279976 0.285655 0.291419 0.297268
0.105522 0.103550 0.105420 0.108081 0.110909 0.113779 0.116676 0.119605 0.122572 0.125584 0.128644 0.131756 0.134920 0.138140 0.141418 0.144753 0.148149 0.151606 0.155126 0.158709 0.162358 0.166072 0.169853 0.173701 0.177619 0.181607 0.185666 0.189796 0.193999 0.198275 0.202626 0.207051 0.211553 0.216131 0.220787 0.225521 0.230333 0.235225 0.240197 0.245250 0.250384 0.255599 0.260897 0.266277 0.271740 0.277287 0.282918 0.288633 0.294433 0.300317
0.094662 0.103017 0.107049 0.110080 0.112908 0.115719 0.118562 0.121452 0.124395 0.127392 0.130447 0.133558 0.136728 0.139958 0.143248 0.146599 0.150013 0.153490 0.157031 0.160637 0.164309 0.168048 0.171855 0.175730 0.179675 0.183691 0.187777 0.191936 0.196168 0.200474 0.204854 0.209310 0.213842 0.218450 0.223136 0.227900 0.232743 0.237665 0.242667 0.247750 0.252914 0.258160 0.263487 0.268897 0.274390 0.279966 0.285626 0.291370 0.297198 0.303111
0.110465 0.108784 0.110246 0.112490 0.115013 0.117677 0.120439 0.123280 0.126194 0.129175 0.132220 0.135330 0.138503 0.141739 0.145038 0.148401 0.151828 0.155320 0.158877 0.162500 0.166191 0.169949 0.173775 0.177671 0.181636 0.185673 0.189781 0.193962 0.198216 0.202544 0.206946 0.211424 0.215979 0.220610 0.225318 0.230105 0.234970 0.239915 0.244940 0.250045 0.255232 0.260499 0.265849 0.271281 0.276795 0.282393 0.288074 0.293839 0.299688 0.305621
0.105729 0.109270 0.111666 0.114077 0.116631 0.119304 0.122070 0.124916 0.127835 0.130822 0.133875 0.136993 0.140176 0.143423 0.146733 0.150108 0.153548 0.157053 0.160624 0.164261 0.167966 0.171738 0.175579 0.179489 0.183470 0.187521 0.191644 0.195840 0.200109 0.204452 0.208870 0.213363 0.217932 0.222578 0.227302 0.232104 0.236984 0.241943 0.246983 0.252102 0.257303 0.262585 0.267948 0.273394 0.278922 0.284533 0.290227 0.296004 0.301865 0.307810
0.107296 0.109286 0.112101 0.114921 0.117722 0.120536 0.123390 0.126294 0.129255 0.132274 0.135354 0.138495 0.141696 0.144960 0.148286 0.151675 0.155127 0.158644 0.162227 0.165875 0.169589 0.173372 0.177222 0.181142 0.185131 0.189192 0.193324 0.197528 0.201805 0.206156 0.210582 0.215083 0.219659 0.224313 0.229044 0.233852 0.238739 0.243705 0.248751 0.253877 0.259083 0.264371 0.269740 0.275191 0.280724 0.286339 0.292038 0.297819 0.303684 0.309633
0.103360 0.109193 0.112754 0.115778 0.118686 0.121583 0.124505 0.127466 0.130474 0.133532 0.136644 0.139810 0.143034 0.146316 0.149657 0.153058 0.156522 0.160048 0.163638 0.167292 0.171013 0.174800 0.178654 0.182578 0.186570 0.190633 0.194767 0.198972 0.203251 0.207603 0.212029 0.216530 0.221106 0.225759 0.230489 0.235297 0.240183 0.245147 0.250191 0.255315 0.260519 0.265804 0.271170 0.276617 0.282147 0.287758 0.293452 0.299229 0.305090 0.311033
0.113624 0.112599 0.114391 0.116919 0.119692 0.122568 0.125507 0.128496 0.131531 0.134615 0.137747 0.140932 0.144169 0.147462 0.150811 0.154219 0.157687 0.161216 0.164807 0.168462 0.172181 0.175967 0.179819 0.183738 0.187727 0.191785 0.195913 0.200113 0.204385 0.208730 0.213149 0.217643 0.222212 0.226856 0.231578 0.236376 0.241253 0.246207 0.251241 0.256354 0.261548 0.266821 0.272176 0.277611 0.283128 0.288727 0.294409 0.300172 0.306019 0.311948
0.105981 0.111470 0.114761 0.117658 0.120532 0.123442 0.126394 0.129390 0.132430 0.135516 0.138650 0.141834 0.145071 0.148361 0.151707 0.155110 0.158572 0.162094 0.165678 0.169324 0.173035 0.176810 0.180651 0.184560 0.188536 0.192582 0.196697 0.200884 0.205142 0.209472 0.213876 0.218354 0.222907 0.227536 0.232240 0.237021 0.241880 0.246817 0.251832 0.256927 0.262101 0.267355 0.272689 0.278104 0.283600 0.289178 0.294838 0.300580 0.306404 0.312310
0.111629 0.112823 0.115494 0.118373 0.121276 0.124190 0.127130 0.130104 0.133121 0.136185 0.139298 0.142463 0.145681 0.148954 0.152283 0.155669 0.159114 0.162619 0.166185 0.169813 0.173505 0.177262 0.181084 0.184973 0.188929 0.192954 0.197048 0.201213 0.205449 0.209757 0.214138 0.218592 0.223121 0.227725 0.232405 0.237161 0.241994 0.246904 0.251893 0.256960 0.262106 0.267332 0.272638 0.278024 0.283491 0.289039 0.294668 0.300379 0.306172 0.312047
0.108066 0.112937 0.116202 0.119088 0.121909 0.124741 0.127612 0.130530 0.133500 0.136523 0.139599 0.142731 0.145918 0.149161 0.152461 0.155820 0.159238 0.162715 0.166255 0.169856 0.173521 0.177250 0.181044 0.184904 0.188832 0.192828 0.196893 0.201028 0.205234 0.209512 0.213861 0.218284 0.222781 0.227352 0.231999 0.236721 0.241520 0.246396 0.251349 0.256381 0.261491 0.266680 0.271949 0.277298 0.282727 0.288236 0.293827 0.299498 0.305251 0.311086
0.113892 0.115070 0.117160 0.119572 0.122160 0.124862 0.127649 0.130507 0.133427 0.136407 0.139444 0.142537 0.145687 0.148894 0.152159 0.155482 0.158864 0.162307 0.165811 0.169377 0.173006 0.176700 0.180458 0.184283 0.188174 0.192133 0.196161 0.200259 0.204426 0.208665 0.212976 0.217359 0.221816 0.226346 0.230951 0.235632 0.240388 0.245221 0.250131 0.255119 0.260185 0.265329 0.270552 0.275854 0.281237 0.286699 0.292242 0.297865 0.303570 0.309356
0.112528 0.114396 0.116576 0.119003 0.121594 0.124290 0.127062 0.129898 0.132790 0.135737 0.138738 0.141794 0.144905 0.148072 0.151296 0.154578 0.157919 0.161320 0.164782 0.168306 0.171893 0.175544 0.179259 0.183040 0.186888 0.190802 0.194785 0.198837 0.202959 0.207151 0.211415 0.215750 0.220159 0.224640 0.229196 0.233827 0.238533 0.243314 0.248172 0.253108 0.258120 0.263211 0.268380 0.273628 0.278955 0.284361 0.289848 0.295414 0.301061 0.306789
0.108205 0.111531 0.114585 0.117446 0.120245 0.123034 0.125838 0.128672 0.131545 0.134461 0.137426 0.140440 0.143508 0.146630 0.149809 0.153044 0.156338 0.159692 0.163106 0.166582 0.170120 0.173721 0.177387 0.181117 0.184913 0.188777 0.192707 0.196706 0.200774 0.204912 0.209121 0.213400 0.217752 0.222177 0.226675 0.231247 0.235894 0.240616 0.245414 0.250288 0.255239 0.260267 0.265373 0.270558 0.275820 0.281162 0.286583 0.292084 0.297664 0.303325
0.105085 0.109522 0.112817 0.115735 0.118539 0.121308 0.124078 0.126869 0.129694 0.132561 0.135474 0.138438 0.141454 0.144525 0.147651 0.150834 0.154075 0.157376 0.160736 0.164157 0.167640 0.171185 0.174794 0.178466 0.182205 0.186008 0.189879 0.193817 0.197824 0.201900 0.206045 0.210261 0.214548 0.218908 0.223340 0.227845 0.232424 0.237078 0.241806 0.246611 0.251491 0.256448 0.261483 0.266594 0.271784 0.277052 0.282398 0.287824 0.293329 0.298913
0.108760 0.109570 0.111633 0.114029 0.116554 0.119142 0.121782 0.124472 0.127213 0.130006 0.132853 0.135754 0.138711 0.141723 0.144791 0.147916 0.151098 0.154339 0.157639 0.160999 0.164420 0.167902 0.171447 0.175055 0.178727 0.182464 0.186267 0.190136 0.194073 0.198079 0.202153 0.206296 0.210511 0.214796 0.219153 0.223583 0.228086 0.232662 0.237313 0.242039 0.246840 0.251716 0.256669 0.261699 0.266806 0.271991 0.277254 0.282594 0.288014 0.293512
0.103896 0.106874 0.109264 0.111532 0.113861 0.116281 0.118788 0.121372 0.124027 0.126746 0.129526 0.132363 0.135257 0.138206 0.141212 0.144273 0.147391 0.150566 0.153800 0.157091 0.160443 0.163854 0.167328 0.170863 0.174461 0.178123 0.181850 0.185643 0.189502 0.193428 0.197422 0.201486 0.205618 0.209821 0.214094 0.218440 0.222857 0.227347 0.231911 0.236548 0.241260 0.246047 0.250910 0.255848 0.260863 0.265954 0.271123 0.276369 0.281693 0.287094
0.100976 0.103697 0.105801 0.107898 0.110130 0.112486 0.114942 0.117480 0.120087 0.122755 0.125479 0.128258 0.131091 0.133976 0.136915 0.139907 0.142954 0.146057 0.149216 0.152432 0.155706 0.159039 0.162432 0.165887 0.169403 0.172982 0.176625 0.180332 0.184104 0.187943 0.191849 0.195822 0.199864 0.203976 0.208156 0.212408 0.216731 0.221125 0.225592 0.230132 0.234745 0.239433 0.244194 0.249031 0.253943 0.258931 0.263995 0.269135 0.274353 0.279647
0.100213 0.099352 0.100841 0.102972 0.105330 0.107784 0.110293 0.112845 0.115438 0.118072 0.120749 0.123470 0.126238 0.129054 0.131919 0.134834 0.137803 0.140824 0.143900 0.147032 0.150221 0.153467 0.156773 0.160138 0.163564 0.167051 0.170601 0.174215 0.177893 0.181635 0.185444 0.189319 0.193262 0.197272 0.201351 0.205500 0.209718 0.214007 0.218367 0.222799 0.227304 0.231881 0.236531 0.241255 0.246053 0.250926 0.255874 0.260898 0.265997 0.271171
0.084120 0.090486 0.094254 0.097232 0.099945 0.102548 0.105107 0.107656 0.110214 0.112794 0.115405 0.118053 0.120742 0.123475 0.126255 0.129085 0.131964 0.134896 0.137881 0.140921 0.144016 0.147168 0.150378 0.153646 0.156974 0.160362 0.163812 0.167323 0.170898 0.174536 0.178239 0.182007 0.185841 0.189741 0.193709 0.197744 0.201848 0.206022 0.210265 0.214578 0.218962 0.223418 0.227945 0.232545 0.237218 0.241963 0.246783 0.251676 0.256644 0.261686
0.084549 0.086633 0.089486 0.092188 0.094739 0.097207 0.099642 0.102074 0.104522 0.106997 0.109506 0.112054 0.114646 0.117282 0.119966 0.122698 0.125481 0.128315 0.131202 0.134143 0.137138 0.140189 0.143297 0.146461 0.149684 0.152966 0.156307 0.159709 0.163173 0.166698 0.170286 0.173938 0.177653 0.181434 0.185280 0.189192 0.193171 0.197218 0.201332 0.205515 0.209767 0.214089 0.218480 0.222943 0.227476 0.232081 0.236758 0.241507 0.246329 0.251224
0.080442 0.083602 0.085642 0.087567 0.089571 0.091665 0.093833 0.096063 0.098348 0.100684 0.103069 0.105504 0.107987 0.110519 0.113100 0.115731 0.118413 0.121146 0.123931 0.126768 0.129659 0.132604 0.135603 0.138658 0.141770 0.144938 0.148164 0.151449 0.154793 0.158196 0.161661 0.165186 0.168774 0.172424 0.176137 0.179915 0.183757 0.187664 0.191637 0.195676 0.199782 0.203956 0.208198 0.212508 0.216887 0.221336 0.225855 0.230444 0.235104 0.239835
0.081668 0.080143 0.080677 0.081948 0.083572 0.085411 0.087387 0.089462 0.091614 0.093832 0.096109 0.098440 0.100822 0.103255 0.105738 0.108270 0.110852 0.113483 0.116165 0.118896 0.121679 0.124514 0.127401 0.130341 0.133334 0.136382 0.139485 0.142644 0.145859 0.149131 0.152460 0.155849 0.159296 0.162804 0.166372 0.170001 0.173692 0.177446 0.181263 0.185144 0.189089 0.193099 0.197174 0.201316 0.205524 0.209800 0.214143 0.218554 0.223033 0.227582
0.068100 0.070603 0.072588 0.074448 0.076305 0.078223 0.080206 0.082251 0.084353 0.086508 0.088714 0.090968 0.093270 0.095617 0.098010 0.100449 0.102934 0.105465 0.108042 0.110666 0.113337 0.116056 0.118824 0.121641 0.124509 0.127427 0.130396 0.133418 0.136492 0.139621 0.142803 0.146041 0.149335 0.152685 0.156093 0.159559 0.163083 0.166667 0.170311 0.174016 0.177782 0.181611 0.185502 0.189456 0.193474 0.197557 0.201704 0.205917 0.210196 0.214542
0.056659 0.060961 0.063921 0.066330 0.068493 0.070573 0.072639 0.074714 0.076812 0.078940 0.081101 0.083298 0.085531 0.087801 0.090110 0.092457 0.094844 0.097271 0.099738 0.102248 0.104800 0.107394 0.110033 0.112717 0.115446 0.118222 0.121044 0.123915 0.126835 0.129804 0.132824 0.135895 0.139018 0.142194 0.145424 0.148708 0.152047 0.155443 0.158895 0.162404 0.165972 0.169598 0.173284 0.177030 0.180837 0.184706 0.188636 0.192629 0.196685 0.200805
0.053832 0.054834 0.056828 0.058983 0.061106 0.063181 0.065246 0.067312 0.069387 0.071477 0.073586 0.075719 0.077877 0.080063 0.082278 0.084523 0.086801 0.089112 0.091458 0.093839 0.096257 0.098712 0.101206 0.103740 0.106314 0.108930 0.111588 0.114290 0.117036 0.119827 0.122665 0.125550 0.128482 0.131464 0.134495 0.137577 0.140711 0.143897 0.147135 0.150428 0.153775 0.157178 0.160637 0.164152 0.167725 0.171357 0.175047 0.178796 0.182606 0.186476
0.045647 0.048316 0.050467 0.052512 0.054524 0.056509 0.058486 0.060474 0.062472 0.064482 0.066504 0.068542 0.070598 0.072673 0.074770 0.076890 0.079036 0.081209 0.083410 0.085640 0.087902 0.090196 0.092523 0.094884 0.097281 0.099715 0.102187 0.104698 0.107248 0.109839 0.112473 0.115149 0.117869 0.120634 0.123445 0.126303 0.129208 0.132162 0.135165 0.138218 0.141322 0.144478 0.147687 0.150948 0.154264 0.157635 0.161061 0.164543 0.168082 0.171679
0.041168 0.043100 0.045029 0.046961 0.048882 0.050777 0.052648 0.054507 0.056375 0.058252 0.060138 0.062035 0.063946 0.065871 0.067813 0.069773 0.071754 0.073757 0.075783 0.077833 0.079910 0.082015 0.084148 0.086311 0.088505 0.090732 0.092993 0.095288 0.097619 0.099986 0.102392 0.104837 0.107322 0.109848 0.112415 0.115026 0.117681 0.120380 0.123125 0.125916 0.128755 0.131642 0.134578 0.137564 0.140600 0.143688 0.146827 0.150020 0.153266 0.156566
0.037244 0.038624 0.040520 0.042453 0.044325 0.046131 0.047882 0.049595 0.051287 0.052975 0.054671 0.056379 0.058098 0.059829 0.061573 0.063334 0.065112 0.066910 0.068727 0.070566 0.072428 0.074314 0.076225 0.078162 0.080128 0.082122 0.084147 0.086203 0.088291 0.090412 0.092569 0.094760 0.096989 0.099254 0.101559 0.103902 0.106286 0.108711 0.111178 0.113689 0.116243 0.118841 0.121485 0.124175 0.126913 0.129698 0.132532 0.135416 0.138349 0.141334
0.031399 0.034953 0.037337 0.039276 0.041019 0.042656 0.044226 0.045749 0.047241 0.048715 0.050185 0.051659 0.053142 0.054635 0.056144 0.057670 0.059213 0.060773 0.062352 0.063951 0.065570 0.067212 0.068876 0.070565 0.072280 0.074021 0.075790 0.077587 0.079415 0.081272 0.083162 0.085084 0.087040 0.089030 0.091055 0.093116 0.095215 0.097351 0.099526 0.101741 0.103996 0.106293 0.108631 0.111012 0.113438 0.115907 0.118422 0.120983 0.123591 0.126247
0.033655 0.034827 0.036131 0.037496 0.038866 0.040215 0.041536 0.042829 0.044099 0.045350 0.046590 0.047827 0.049066 0.050311 0.051566 0.052835 0.054121 0.055423 0.056744 0.058083 0.059443 0.060825 0.062229 0.063656 0.065107 0.066583 0.068085 0.069614 0.071171 0.072757 0.074371 0.076016 0.077691 0.079399 0.081138 0.082911 0.084718 0.086560 0.088438 0.090351 0.092303 0.094292 0.096320 0.098388 0.100496 0.102646 0.104838 0.107073 0.109352 0.111675
0.035234 0.034579 0.035226 0.036224 0.037312 0.038413 0.039504 0.040578 0.041632 0.042670 0.043694 0.044709 0.045719 0.046730 0.047745 0.048770 0.049806 0.050857 0.051926 0.053012 0.054118 0.055245 0.056393 0.057563 0.058757 0.059974 0.061216 0.062482 0.063775 0.065094 0.066440 0.067814 0.069216 0.070648 0.072109 0.073601 0.075124 0.076679 0.078266 0.079888 0.081543 0.083234 0.084961 0.086724 0.088525 0.090364 0.092243 0.094162 0.096121 0.098123
0.028457 0.031943 0.033668 0.034878 0.035920 0.036891 0.037823 0.038724 0.039600 0.040454 0.041289 0.042110 0.042921 0.043727 0.044532 0.045342 0.046161 0.046991 0.047835 0.048696 0.049574 0.050471 0.051388 0.052325 0.053283 0.054263 0.055265 0.056290 0.057339 0.058412 0.059509 0.060632 0.061780 0.062955 0.064158 0.065388 0.066646 0.067934 0.069252 0.070601 0.071981 0.073393 0.074839 0.076319 0.077833 0.079383 0.080970 0.082594 0.084257 0.085959
0.031788 0.031990 0.032814 0.033738 0.034641 0.035498 0.036310 0.037082 0.037818 0.038524 0.039205 0.039867 0.040515 0.041156 0.041794 0.042433 0.043079 0.043732 0.044397 0.045075 0.045766 0.046473 0.047197 0.047937 0.048696 0.049473 0.050269 0.051086 0.051923 0.052781 0.053661 0.054563 0.055488 0.056437 0.057410 0.058409 0.059433 0.060484 0.061562 0.062668 0.063803 0.064968 0.066163 0.067390 0.068649 0.069942 0.071269 0.072631 0.074029 0.075464
0.030932 0.031031 0.031738 0.032570 0.033390 0.034163 0.034881 0.035550 0.036175 0.036764 0.037327 0.037870 0.038401 0.038923 0.039442 0.039962 0.040485 0.041013 0.041548 0.042091 0.042644 0.043207 0.043782 0.044369 0.044971 0.045587 0.046219 0.046866 0.047531 0.048213 0.048914 0.049634 0.050374 0.051135 0.051917 0.052722 0.053550 0.054401 0.055278 0.056180 0.057108 0.058064 0.059048 0.060061 0.061105 0.062179 0.063286 0.064426 0.065600 0.066809
0.025974 0.028945 0.030382 0.031363 0.032166 0.032871 0.033505 0.034083 0.034617 0.035120 0.035603 0.036072 0.036530 0.036981 0.037431 0.037879 0.038326 0.038773 0.039222 0.039674 0.040130 0.040592 0.041061 0.041538 0.042025 0.042521 0.043029 0.043550 0.044083 0.044631 0.045195 0.045774 0.046370 0.046984 0.047617 0.048270 0.048943 0.049637 0.050355 0.051095 0.051860 0.052650 0.053466 0.054310 0.055182 0.056083 0.057015 0.057978 0.058973 0.060002
0.030012 0.029250 0.029715 0.030380 0.031028 0.031621 0.032161 0.032658 0.033127 0.033582 0.034027 0.034461 0.034885 0.035298 0.035705 0.036105 0.036502 0.036895 0.037286 0.037676 0.038067 0.038460 0.038856 0.039257 0.039663 0.040075 0.040496 0.040926 0.041366 0.041818 0.042282 0.042759 0.043251 0.043758 0.044282 0.044823 0.045382 0.045962 0.046561 0.047182 0.047826 0.048494 0.049186 0.049904 0.050648 0.051421 0.052223 0.053055 0.053918 0.054813
0.025912 0.027777 0.028662 0.029297 0.029847 0.030350 0.030818 0.031273 0.031719 0.032153 0.032576 0.032986 0.033386 0.033774 0.034152 0.034522 0.034884 0.035240 0.035592 0.035940 0.036286 0.036631 0.036977 0.037324 0.037674 0.038029 0.038390 0.038757 0.039131 0.039515 0.039910 0.040315 0.040733 0.041165 0.041611 0.042073 0.042552 0.043048 0.043564 0.044100 0.044657 0.045236 0.045839 0.046467 0.047120 0.047800 0.048508 0.049246 0.050014 0.050813
0.027117 0.027231 0.027619 0.028087 0.028568 0.029036 0.029497 0.029952 0.030394 0.030822 0.031234 0.031630 0.032012 0.032381 0.032737 0.033083 0.033419 0.033747 0.034069 0.034386 0.034699 0.035010 0.035319 0.035629 0.035941 0.036255 0.036574 0.036897 0.037227 0.037565 0.037912 0.038268 0.038636 0.039015 0.039409 0.039816 0.040240 0.040680 0.041138 0.041615 0.042113 0.042631 0.043173 0.043738 0.044328 0.044944 0.045588 0.046260 0.046963 0.047696
0.025989 0.025733 0.026141 0.026706 0.027271 0.027800 0.028303 0.028778 0.029226 0.029649 0.030049 0.030429 0.030790 0.031136 0.031469 0.031790 0.032100 0.032403 0.032698 0.032988 0.033275 0.033558 0.033841 0.034123 0.034406 0.034692 0.034981 0.035275 0.035575 0.035881 0.036196 0.036520 0.036854 0.037200 0.037559 0.037931 0.038319 0.038722 0.039143 0.039582 0.040040 0.040520 0.041021 0.041546 0.042095 0.042670 0.043272 0.043902 0.044561 0.045251
0.020741 0.023276 0.024665 0.025610 0.026330 0.026922 0.027441 0.027907 0.028332 0.028724 0.029091 0.029436 0.029763 0.030075 0.030375 0.030665 0.030946 0.031221 0.031490 0.031754 0.032016 0.032277 0.032536 0.032797 0.033059 0.033324 0.033592 0.033866 0.034145 0.034432 0.034727 0.035030 0.035344 0.035670 0.036007 0.036358 0.036724 0.037106 0.037504 0.037921 0.038357 0.038813 0.039291 0.039792 0.040317 0.040867 0.041444 0.042049 0.042684 0.043348
0.023177 0.023996 0.024875 0.025603 0.026180 0.026653 0.027067 0.027439 0.027781 0.028099 0.028399 0.028685 0.028959 0.029225 0.029483 0.029735 0.029982 0.030226 0.030467 0.030707 0.030947 0.031187 0.031428 0.031671 0.031917 0.032167 0.032422 0.032683 0.032950 0.033224 0.033508 0.033800 0.034103 0.034418 0.034745 0.035085 0.035440 0.035811 0.036199 0.036604 0.037029 0.037475 0.037941 0.038431 0.038944 0.039483 0.040048 0.040641 0.041263 0.041916
0.025938 0.026043 0.026244 0.026468 0.026686 0.026891 0.027102 0.027315 0.027528 0.027742 0.027955 0.028168 0.028381 0.028593 0.028806 0.029019 0.029233 0.029448 0.029664 0.029882 0.030103 0.030326 0.030553 0.030784 0.031020 0.031261 0.031508 0.031761 0.032023 0.032292 0.032571 0.032859 0.033159 0.033470 0.033794 0.034132 0.034484 0.034853 0.035238 0.035642 0.036064 0.036507 0.036971 0.037458 0.037969 0.038505 0.039068 0.039658 0.040278 0.040927
0.027717 0.027696 0.027474 0.027325 0.027255 0.027238 0.027272 0.027345 0.027446 0.027568 0.027706 0.027856 0.028017 0.028185 0.028361 0.028543 0.028730 0.028923 0.029121 0.029324 0.029532 0.029746 0.029965 0.030189 0.030420 0.030658 0.030903 0.031155 0.031416 0.031686 0.031966 0.032256 0.032558 0.032872 0.033199 0.033540 0.033897 0.034269 0.034658 0.035065 0.035492 0.035939 0.036407 0.036898 0.037413 0.037953 0.038519 0.039113 0.039736 0.040389
0.029722 0.028209 0.027724 0.027529 0.027434 0.027382 0.027365 0.027389 0.027444 0.027524 0.027626 0.027745 0.027878 0.028024 0.028181 0.028347 0.028521 0.028704 0.028894 0.029091 0.029295 0.029506 0.029724 0.029949 0.030181 0.030421 0.030670 0.030926 0.031192 0.031468 0.031754 0.032051 0.032360 0.032681 0.033016 0.033365 0.033729 0.034110 0.034507 0.034923 0.035358 0.035813 0.036289 0.036789 0.037311 0.037859 0.038434 0.039035 0.039666 0.040326
0.024695 0.026419 0.026987 0.027211 0.027322 0.027388 0.027436 0.027494 0.027570 0.027663 0.027771 0.027893 0.028028 0.028175 0.028333 0.028500 0.028676 0.028860 0.029053 0.029253 0.029461 0.029677 0.029901 0.030132 0.030372 0.030619 0.030876 0.031141 0.031417 0.031702 0.031998 0.032305 0.032625 0.032957 0.033302 0.033663 0.034038 0.034429 0.034838 0.035265 0.035711 0.036177 0.036665 0.037175 0.037708 0.038267 0.038851 0.039463 0.040103 0.040773
0.026896 0.026818 0.027036 0.027267 0.027466 0.027631 0.027768 0.027888 0.028012 0.028142 0.028280 0.028426 0.028580 0.028743 0.028914 0.029093 0.029280 0.029475 0.029677 0.029888 0.030106 0.030332 0.030566 0.030808 0.031058 0.031317 0.031585 0.031863 0.032150 0.032448 0.032756 0.033076 0.033408 0.033753 0.034112 0.034485 0.034874 0.035278 0.035700 0.036140 0.036599 0.037077 0.037577 0.038099 0.038645 0.039215 0.039811 0.040433 0.041084 0.041764
0.028021 0.027767 0.027844 0.028039 0.028260 0.028474 0.028667 0.028838 0.028998 0.029159 0.029323 0.029491 0.029664 0.029844 0.030030 0.030223 0.030423 0.030630 0.030845 0.031067 0.031297 0.031535 0.031781 0.032035 0.032298 0.032570 0.032851 0.033142 0.033442 0.033754 0.034076 0.034410 0.034756 0.035115 0.035488 0.035875 0.036278 0.036696 0.037132 0.037585 0.038057 0.038549 0.039062 0.039596 0.040154 0.040736 0.041343 0.041977 0.042638 0.043328
0.028059 0.028916 0.029339 0.029641 0.029899 0.030130 0.030339 0.030527 0.030697 0.030861 0.031029 0.031203 0.031382 0.031569 0.031762 0.031962 0.032171 0.032387 0.032611 0.032843 0.033083 0.033332 0.033589 0.033855 0.034130 0.034415 0.034709 0.035012 0.035327 0.035651 0.035988 0.036336 0.036696 0.037069 0.037456 0.037858 0.038274 0.038707 0.039156 0.039623 0.040109 0.040614 0.041139 0.041686 0.042256 0.042849 0.043468 0.044112 0.044783 0.045482
0.031886 0.031817 0.032035 0.032263 0.032468 0.032654 0.032827 0.032991 0.033145 0.033294 0.033443 0.033602 0.033772 0.033951 0.034141 0.034341 0.034551 0.034770 0.034998 0.035236 0.035484 0.035741 0.036007 0.036283 0.036568 0.036864 0.037170 0.037486 0.037813 0.038151 0.038500 0.038862 0.039236 0.039624 0.040025 0.040440 0.040871 0.041317 0.041781 0.042261 0.042760 0.043278 0.043816 0.044375 0.044957 0.045561 0.046190 0.046844 0.047525 0.048233
0.034887 0.035485 0.035644 0.035726 0.035806 0.035899 0.036005 0.036122 0.036247 0.036376 0.036509 0.036648 0.036798 0.036964 0.037144 0.037337 0.037543 0.037761 0.037991 0.038231 0.038483 0.038746 0.039019 0.039304 0.039598 0.039904 0.040221 0.040549 0.040888 0.041239 0.041602 0.041977 0.042365 0.042766 0.043181 0.043611 0.044056 0.044517 0.044994 0.045488 0.046001 0.046532 0.047083 0.047655 0.048248 0.048864 0.049504 0.050169 0.050859 0.051577
0.040996 0.040059 0.039719 0.039584 0.039548 0.039570 0.039632 0.039721 0.039830 0.039953 0.040085 0.040225 0.040373 0.040530 0.040700 0.040887 0.041090 0.041307 0.041537 0.041780 0.042036 0.042305 0.042586 0.042878 0.043182 0.043498 0.043826 0.044166 0.044518 0.044883 0.045259 0.045649 0.046051 0.046467 0.046898 0.047343 0.047803 0.048279 0.048771 0.049281 0.049808 0.050354 0.050919 0.051505 0.052113 0.052742 0.053395 0.054072 0.054774 0.055502
0.043329 0.043453 0.043377 0.043334 0.043344 0.043397 0.043483 0.043594 0.043723 0.043867 0.044022 0.044185 0.044354 0.044530 0.044714 0.044907 0.045113 0.045330 0.045565 0.045815 0.046079 0.046356 0.046645 0.046948 0.047264 0.047593 0.047935 0.048289 0.048656 0.049035 0.049428 0.049834 0.050253 0.050687 0.051135 0.051597 0.052075 0.052569 0.053080 0.053608 0.054153 0.054717 0.055301 0.055905 0.056529 0.057176 0.057846 0.058540 0.059258 0.060003
0.046922 0.046729 0.046839 0.046989 0.047141 0.047295 0.047457 0.047627 0.047807 0.047995 0.048193 0.048397 0.048608 0.048824 0.049045 0.049272 0.049506 0.049747 0.049999 0.050263 0.050539 0.050827 0.051131 0.051450 0.051784 0.052130 0.052490 0.052862 0.053247 0.053646 0.054058 0.054485 0.054926 0.055381 0.055852 0.056337 0.056839 0.057356 0.057891 0.058442 0.059012 0.059601 0.060209 0.060838 0.061488 0.062160 0.062855 0.063574 0.064317 0.065087
0.048937 0.050012 0.050499 0.050817 0.051076 0.051313 0.051544 0.051776 0.052012 0.052255 0.052505 0.052762 0.053025 0.053294 0.053569 0.053848 0.054132 0.054422 0.054718 0.055021 0.055333 0.055654 0.055986 0.056330 0.056688 0.057058 0.057440 0.057835 0.058244 0.058669 0.059110 0.059565 0.060035 0.060521 0.061022 0.061539 0.062072 0.062622 0.063190 0.063776 0.064381 0.065006 0.065650 0.066316 0.067003 0.067713 0.068447 0.069205 0.069988 0.070797
0.055090 0.054679 0.054767 0.054973 0.055210 0.055463 0.055726 0.055999 0.056283 0.056578 0.056882 0.057195 0.057517 0.057847 0.058184 0.058527 0.058876 0.059230 0.059589 0.059955 0.060326 0.060705 0.061091 0.061487 0.061892 0.062308 0.062735 0.063174 0.063624 0.064089 0.064569 0.065065 0.065577 0.066104 0.066649 0.067210 0.067790 0.068388 0.069004 0.069641 0.070297 0.070975 0.071674 0.072395 0.073140 0.073908 0.074701 0.075519 0.076363 0.077235
0.058320 0.058782 0.058974 0.059156 0.059373 0.059627 0.059910 0.060218 0.060546 0.060891 0.061250 0.061623 0.062008 0.062403 0.062808 0.063222 0.063643 0.064071 0.064506 0.064947 0.065395 0.065849 0.066311 0.066780 0.067257 0.067744 0.068241 0.068749 0.069268 0.069800 0.070347 0.070909 0.071487 0.072083 0.072696 0.073329 0.073981 0.074653 0.075346 0.076061 0.076798 0.077558 0.078342 0.079149 0.079982 0.080839 0.081723 0.082634 0.083572 0.084539
0.063155 0.062912 0.062957 0.063124 0.063364 0.063653 0.063980 0.064337 0.064718 0.065120 0.065541 0.065978 0.066430 0.066895 0.067372 0.067860 0.068358 0.068866 0.069382 0.069907 0.070440 0.070981 0.071530 0.072088 0.072654 0.073231 0.073818 0.074416 0.075027 0.075651 0.076291 0.076947 0.077621 0.078314 0.079026 0.079760 0.080516 0.081295 0.082097 0.082923 0.083773 0.084649 0.085550 0.086478 0.087433 0.088415 0.089426 0.090465 0.091533 0.092632
0.066048 0.066180 0.066425 0.066734 0.067083 0.067460 0.067863 0.068290 0.068739 0.069209 0.069698 0.070205 0.070728 0.071266 0.071818 0.072383 0.072961 0.073550 0.074150 0.074761 0.075383 0.076015 0.076658 0.077311 0.077976 0.078652 0.079342 0.080045 0.080765 0.081500 0.082254 0.083028 0.083822 0.084638 0.085477 0.086340 0.087229 0.088143 0.089084 0.090051 0.091046 0.092069 0.093120 0.094200 0.095310 0.096449 0.097618 0.098819 0.100051 0.101315
0.068273 0.069026 0.069620 0.070122 0.070594 0.071067 0.071552 0.072056 0.072579 0.073121 0.073683 0.074262 0.074859 0.075471 0.076099 0.076742 0.077398 0.078069 0.078752 0.079449 0.080159 0.080882 0.081619 0.082369 0.083135 0.083916 0.084715 0.085532 0.086370 0.087230 0.088113 0.089020 0.089952 0.090912 0.091899 0.092914 0.093958 0.095031 0.096133 0.097266 0.098429 0.099623 0.100849 0.102106 0.103395 0.104717 0.106072 0.107460 0.108883 0.110340
0.071565 0.072478 0.073007 0.073489 0.073987 0.074511 0.075060 0.075631 0.076224 0.076838 0.077470 0.078121 0.078789 0.079474 0.080175 0.080892 0.081624 0.082372 0.083135 0.083914 0.084708 0.085519 0.086347 0.087193 0.088059 0.088946 0.089857 0.090794 0.091758 0.092750 0.093771 0.094822 0.095906 0.097021 0.098169 0.099349 0.100562 0.101807 0.103086 0.104398 0.105744 0.107124 0.108539 0.109989 0.111474 0.112994 0.114551 0.116144 0.117774 0.119442
0.077270 0.076248 0.076294 0.076679 0.077190 0.077760 0.078366 0.079001 0.079658 0.080337 0.081035 0.081752 0.082486 0.083237 0.084005 0.084790 0.085592 0.086411 0.087247 0.088102 0.088975 0.089867 0.090781 0.091720 0.092685 0.093679 0.094706 0.095766 0.096861 0.097990 0.099154 0.100356 0.101595 0.102870 0.104181 0.105529 0.106914 0.108335 0.109792 0.111287 0.112820 0.114390 0.115998 0.117645 0.119331 0.121055 0.122819 0.124624 0.126468 0.128354
0.076380 0.077916 0.078780 0.079464 0.080112 0.080767 0.081442 0.082138 0.082855 0.083591 0.084346 0.085119 0.085910 0.086718 0.087544 0.088387 0.089250 0.090131 0.091032 0.091954 0.092899 0.093867 0.094865 0.095895 0.096961 0.098065 0.099211 0.100397 0.101622 0.102887 0.104190 0.105534 0.106917 0.108342 0.109806 0.111311 0.112856 0.114443 0.116070 0.117738 0.119448 0.121199 0.122993 0.124828 0.126707 0.128628 0.130593 0.132601 0.134654 0.136751
0.079620 0.080660 0.081432 0.082135 0.082831 0.083540 0.084268 0.085013 0.085777 0.086558 0.087356 0.088173 0.089007 0.089860 0.090732 0.091624 0.092537 0.093472 0.094430 0.095412 0.096421 0.097464 0.098547 0.099673 0.100842 0.102054 0.103309 0.104607 0.105948 0.107333 0.108762 0.110234 0.111749 0.113309 0.114913 0.116562 0.118255 0.119993 0.121775 0.123603 0.125477 0.127396 0.129361 0.131372 0.133430 0.135535 0.137687 0.139887 0.142135 0.144432
0.084449 0.083774 0.084044 0.084623 0.085311 0.086044 0.086801 0.087575 0.088366 0.089173 0.089998 0.090843 0.091708 0.092593 0.093501 0.094432 0.095388 0.096368 0.097376 0.098414 0.099490 0.100612 0.101781 0.102995 0.104256 0.105562 0.106915 0.108315 0.109762 0.111255 0.112795 0.114383 0.116018 0.117701 0.119431 0.121209 0.123036 0.124911 0.126835 0.128807 0.130829 0.132901 0.135022 0.137193 0.139415 0.141688 0.144012 0.146387 0.148814 0.151293
0.083439 0.084920 0.085860 0.086665 0.087433 0.088193 0.088958 0.089736 0.090530 0.091344 0.092181 0.093041 0.093926 0.094837 0.095775 0.096741 0.097735 0.098758 0.099814 0.100913 0.102061 0.103258 0.104504 0.105800 0.107144 0.108538 0.109981 0.111474 0.113017 0.114609 0.116252 0.117944 0.119687 0.121481 0.123326 0.125222 0.127169 0.129168 0.131219 0.133323 0.135479 0.137688 0.139950 0.142266 0.144635 0.147059 0.149538 0.152071 0.154660 0.157305
0.085669 0.086744 0.087656 0.088441 0.089169 0.089884 0.090611 0.091362 0.092141 0.092952 0.093795 0.094670 0.095577 0.096516 0.097487 0.098489 0.099525 0.100595 0.101709 0.102875 0.104093 0.105362 0.106684 0.108057 0.109482 0.110958 0.112486 0.114067 0.115699 0.117383 0.119120 0.120910 0.122753 0.124648 0.126597 0.128600 0.130658 0.132769 0.134935 0.137157 0.139433 0.141766 0.144155 0.146600 0.149102 0.151662 0.154279 0.156955 0.159689 0.162482
0.088679 0.088907 0.089283 0.089744 0.090280 0.090886 0.091555 0.092282 0.093060 0.093884 0.094751 0.095657 0.096602 0.097583 0.098599 0.099651 0.100739 0.101868 0.103050 0.104287 0.105577 0.106921 0.108318 0.109769 0.111273 0.112830 0.114440 0.116104 0.117822 0.119594 0.121420 0.123300 0.125235 0.127225 0.129270 0.131371 0.133529 0.135742 0.138013 0.140341 0.142727 0.145171 0.147673 0.150235 0.152856 0.155536 0.158278 0.161080 0.163943 0.166868
0.089642 0.089559 0.089580 0.089843 0.090302 0.090901 0.091600 0.092375 0.093209 0.094095 0.095025 0.095996 0.097005 0.098051 0.099133 0.100251 0.101405 0.102609 0.103868 0.105181 0.106548 0.107970 0.109445 0.110974 0.112557 0.114193 0.115884 0.117630 0.119429 0.121284 0.123194 0.125159 0.127180 0.129257 0.131391 0.133583 0.135831 0.138138 0.140504 0.142928 0.145412 0.147956 0.150560 0.153226 0.155953 0.158742 0.161593 0.164508 0.167485 0.170527
0.088423 0.087582 0.087780 0.088350 0.089082 0.089903 0.090782 0.091709 0.092674 0.093676 0.094711 0.095780 0.096880 0.098012 0.099177 0.100374 0.101610 0.102898 0.104239 0.105634 0.107081 0.108582 0.110135 0.111742 0.113403 0.115117 0.116886 0.118708 0.120586 0.122519 0.124507 0.126551 0.128652 0.130810 0.133026 0.135299 0.137631 0.140022 0.142473 0.144984 0.147556 0.150190 0.152885 0.155643 0.158464 0.161349 0.164298 0.167312 0.170391 0.173536
0.080275 0.082868 0.084606 0.085986 0.087206 0.088356 0.089479 0.090597 0.091722 0.092860 0.094017 0.095195 0.096396 0.097623 0.098876 0.100159 0.101482 0.102856 0.104280 0.105755 0.107281 0.108858 0.110487 0.112169 0.113903 0.115690 0.117531 0.119426 0.121375 0.123380 0.125440 0.127556 0.129730 0.131960 0.134249 0.136596 0.139003 0.141470 0.143997 0.146585 0.149235 0.151948 0.154724 0.157563 0.160467 0.163436 0.166471 0.169571 0.172739 0.175974
0.078118 0.080859 0.082739 0.084273 0.085648 0.086947 0.088207 0.089453 0.090695 0.091943 0.093201 0.094474 0.095764 0.097075 0.098408 0.099769 0.101173 0.102624 0.104123 0.105671 0.107267 0.108914 0.110611 0.112359 0.114158 0.116010 0.117915 0.119874 0.121887 0.123955 0.126078 0.128258 0.130495 0.132790 0.135143 0.137555 0.140027 0.142559 0.145153 0.147809 0.150527 0.153309 0.156155 0.159065 0.162041 0.165083 0.168192 0.171368 0.174613 0.177926
0.082561 0.081924 0.082561 0.083603 0.084786 0.086024 0.087288 0.088569 0.089862 0.091168 0.092488 0.093822 0.095174 0.096545 0.097937 0.099359 0.100826 0.102338 0.103897 0.105502 0.107155 0.108858 0.110609 0.112412 0.114265 0.116171 0.118129 0.120141 0.122207 0.124328 0.126505 0.128738 0.131029 0.133377 0.135785 0.138252 0.140780 0.143368 0.146019 0.148732 0.151509 0.154349 0.157255 0.160226 0.163263 0.166368 0.169540 0.172781 0.176091 0.179471
0.079879 0.081190 0.082174 0.083205 0.084326 0.085520 0.086764 0.088042 0.089345 0.090670 0.092012 0.093373 0.094754 0.096154 0.097578 0.099040 0.100547 0.102098 0.103696 0.105340 0.107033 0.108775 0.110567 0.112409 0.114303 0.116249 0.118248 0.120300 0.122408 0.124571 0.126790 0.129066 0.131401 0.133793 0.136245 0.138757 0.141331 0.143965 0.146663 0.149424 0.152248 0.155138 0.158094 0.161115 0.164204 0.167361 0.170587 0.173882 0.177247 0.180683
0.079336 0.080550 0.081723 0.082901 0.084102 0.085331 0.086585 0.087862 0.089160 0.090477 0.091815 0.093172 0.094552 0.095955 0.097387 0.098863 0.100386 0.101955 0.103572 0.105238 0.106953 0.108719 0.110535 0.112403 0.114323 0.116297 0.118325 0.120407 0.122545 0.124739 0.126990 0.129299 0.131666 0.134093 0.136580 0.139127 0.141736 0.144408 0.147143 0.149942 0.152806 0.155736 0.158732 0.161795 0.164926 0.168126 0.171395 0.174735 0.178146 0.181628
0.079507 0.080369 0.081639 0.082941 0.084220 0.085480 0.086734 0.087992 0.089262 0.090549 0.091856 0.093187 0.094543 0.095926 0.097349 0.098820 0.100341 0.101912 0.103533 0.105205 0.106929 0.108705 0.110534 0.112416 0.114352 0.116343 0.118390 0.120492 0.122650 0.124866 0.127140 0.129472 0.131864 0.134316 0.136829 0.139404 0.142041 0.144741 0.147506 0.150335 0.153229 0.156190 0.159218 0.162314 0.165479 0.168714 0.172018 0.175394 0.178841 0.182361
0.078077 0.080677 0.082257 0.083564 0.084782 0.085969 0.087150 0.088340 0.089548 0.090778 0.092036 0.093323 0.094642 0.095996 0.097400 0.098857 0.100367 0.101930 0.103547 0.105218 0.106944 0.108723 0.110558 0.112447 0.114393 0.116394 0.118452 0.120567 0.122739 0.124970 0.127260 0.129609 0.132019 0.134489 0.137022 0.139617 0.142274 0.144996 0.147783 0.150635 0.153553 0.156538 0.159591 0.162713 0.165904 0.169166 0.172498 0.175902 0.179378 0.182928
0.083626 0.083132 0.083751 0.084623 0.085578 0.086580 0.087625 0.088710 0.089836 0.091002 0.092207 0.093452 0.094737 0.096067 0.097454 0.098898 0.100399 0.101957 0.103570 0.105240 0.106966 0.108748 0.110586 0.112481 0.114433 0.116441 0.118508 0.120632 0.122814 0.125056 0.127358 0.129719 0.132142 0.134626 0.137173 0.139783 0.142456 0.145194 0.147997 0.150866 0.153802 0.156806 0.159878 0.163020 0.166231 0.169513 0.172867 0.176293 0.179792 0.183365
0.082087 0.083833 0.084587 0.085264 0.086027 0.086887 0.087830 0.088844 0.089919 0.091048 0.092228 0.093454 0.094726 0.096051 0.097436 0.098881 0.100384 0.101944 0.103562 0.105236 0.106967 0.108755 0.110599 0.112501 0.114460 0.116476 0.118550 0.120682 0.122873 0.125124 0.127435 0.129806 0.132239 0.134734 0.137291 0.139912 0.142597 0.145347 0.148163 0.151045 0.153994 0.157012 0.160098 0.163254 0.166481 0.169778 0.173148 0.176590 0.180107 0.183697
0.085642 0.084273 0.084363 0.084921 0.085683 0.086565 0.087535 0.088574 0.089673 0.090825 0.092025 0.093272 0.094563 0.095910 0.097315 0.098777 0.100297 0.101872 0.103503 0.105191 0.106933 0.108732 0.110587 0.112498 0.114466 0.116491 0.118573 0.120714 0.122914 0.125173 0.127492 0.129871 0.132312 0.134815 0.137381 0.140010 0.142704 0.145463 0.148288 0.151180 0.154139 0.157167 0.160263 0.163430 0.166668 0.169977 0.173358 0.176813 0.180341 0.183945
0.079292 0.081195 0.082431 0.083520 0.084591 0.085680 0.086801 0.087957 0.089150 0.090379 0.091644 0.092945 0.094283 0.095673 0.097114 0.098609 0.100156 0.101755 0.103407 0.105113 0.106872 0.108685 0.110553 0.112476 0.114454 0.116489 0.118580 0.120729 0.122937 0.125203 0.127529 0.129915 0.132363 0.134873 0.137445 0.140081 0.142781 0.145547 0.148379 0.151277 0.154243 0.157278 0.160382 0.163556 0.166801 0.170118 0.173508 0.176971 0.180508 0.184121
0.077175 0.079078 0.080664 0.082069 0.083393 0.084686 0.085973 0.087265 0.088569 0.089890 0.091231 0.092595 0.093989 0.095425 0.096907 0.098435 0.100010 0.101634 0.103308 0.105032 0.106807 0.108634 0.110513 0.112447 0.114435 0.116478 0.118577 0.120733 0.122947 0.125219 0.127550 0.129942 0.132394 0.134909 0.137486 0.140126 0.142831 0.145601 0.148437 0.151340 0.154311 0.157350 0.160459 0.163638 0.166888 0.170210 0.173605 0.177073 0.180616 0.184234
0.077853 0.078770 0.079987 0.081321 0.082692 0.084069 0.085444 0.086818 0.088193 0.089574 0.090965 0.092372 0.093801 0.095268 0.096775 0.098325 0.099919 0.101558 0.103245 0.104980 0.106765 0.108600 0.110487 0.112427 0.114421 0.116469 0.118572 0.120732 0.122950 0.125225 0.127560 0.129954 0.132409 0.134926 0.137506 0.140148 0.142855 0.145628 0.148466 0.151371 0.154344 0.157385 0.160496 0.163678 0.166930 0.170255 0.173652 0.177123 0.180669 0.184289
