0.092620 0.096013 0.098529 0.100766 0.102921 0.105063 0.107215 0.109387 0.111580 0.113796 0.116035 0.118295 0.120575 0.122875 0.125194 0.127529 0.129880 0.132244 0.134618 0.137001 0.139387 0.141775 0.144159 0.146535 0.148897 0.151239 0.153554 0.155834 0.158071 0.160256 0.162438 0.164764 0.167242 0.169872 0.172653 0.175586 0.178671 0.181907 0.185294 0.188832 0.192519 0.196356 0.200341 0.204473 0.208752 0.213176 0.217744 0.222456 0.227309 0.232303
0.097901 0.097788 0.099174 0.101041 0.103081 0.105196 0.107351 0.109533 0.111738 0.113964 0.116209 0.118474 0.120757 0.123059 0.125377 0.127712 0.130060 0.132422 0.134793 0.137172 0.139555 0.141939 0.144319 0.146690 0.149047 0.151384 0.153694 0.155969 0.158201 0.160379 0.162560 0.164887 0.167365 0.169995 0.172776 0.175709 0.178794 0.182030 0.185417 0.188954 0.192641 0.196477 0.200462 0.204594 0.208872 0.213296 0.217864 0.222575 0.227428 0.232421
0.094420 0.096828 0.098953 0.101075 0.103231 0.105414 0.107616 0.109832 0.112061 0.114304 0.116561 0.118833 0.121119 0.123422 0.125739 0.128070 0.130415 0.132771 0.135136 0.137508 0.139884 0.142260 0.144631 0.146994 0.149342 0.151669 0.153969 0.156234 0.158454 0.160621 0.162801 0.165128 0.167606 0.170235 0.173017 0.175950 0.179034 0.182270 0.185656 0.189193 0.192880 0.196715 0.200699 0.204830 0.209108 0.213531 0.218098 0.222808 0.227660 0.232652
0.092514 0.096000 0.098723 0.101170 0.103508 0.105796 0.108061 0.110316 0.112570 0.114828 0.117093 0.119369 0.121656 0.123956 0.126269 0.128594 0.130931 0.133279 0.135635 0.137997 0.140361 0.142725 0.145085 0.147434 0.149769 0.152082 0.154368 0.156617 0.158822 0.160973 0.163150 0.165477 0.167955 0.170585 0.173366 0.176298 0.179382 0.182617 0.186003 0.189539 0.193225 0.197059 0.201042 0.205172 0.209449 0.213871 0.218436 0.223145 0.227996 0.232986
0.095684 0.097145 0.099426 0.101817 0.104173 0.106485 0.108765 0.111029 0.113286 0.115543 0.117806 0.120076 0.122357 0.124648 0.126952 0.129267 0.131594 0.133929 0.136272 0.138620 0.140971 0.143320 0.145663 0.147996 0.150314 0.152609 0.154876 0.157105 0.159290 0.161420 0.163596 0.165922 0.168400 0.171029 0.173809 0.176741 0.179824 0.183058 0.186443 0.189978 0.193662 0.197495 0.201477 0.205606 0.209881 0.214301 0.218865 0.223572 0.228421 0.233410
0.094304 0.097937 0.100607 0.102981 0.105261 0.107508 0.109741 0.111971 0.114203 0.116440 0.118685 0.120939 0.123205 0.125483 0.127772 0.130072 0.132383 0.134703 0.137029 0.139360 0.141693 0.144023 0.146348 0.148661 0.150957 0.153231 0.155475 0.157681 0.159842 0.161947 0.164122 0.166448 0.168924 0.171552 0.174331 0.177261 0.180343 0.183575 0.186958 0.190491 0.194174 0.198006 0.201986 0.206113 0.210386 0.214804 0.219367 0.224072 0.228919 0.233906
0.098875 0.100685 0.102545 0.104540 0.106621 0.108751 0.110908 0.113085 0.115277 0.117483 0.119702 0.121933 0.124178 0.126435 0.128705 0.130986 0.133278 0.135578 0.137885 0.140195 0.142507 0.144816 0.147117 0.149407 0.151679 0.153928 0.156146 0.158325 0.160458 0.162539 0.164712 0.167035 0.169509 0.172134 0.174910 0.177838 0.180918 0.184148 0.187529 0.191060 0.194741 0.198571 0.202549 0.206674 0.210945 0.215362 0.219922 0.224626 0.229471 0.234456
0.103116 0.102660 0.104051 0.105923 0.107946 0.110031 0.112149 0.114290 0.116450 0.118627 0.120819 0.123026 0.125247 0.127481 0.129728 0.131987 0.134256 0.136533 0.138816 0.141103 0.143390 0.145673 0.147949 0.150213 0.152458 0.154678 0.156867 0.159016 0.161117 0.163175 0.165343 0.167662 0.170132 0.172754 0.175527 0.178452 0.181529 0.184756 0.188135 0.191663 0.195342 0.199169 0.203145 0.207268 0.211537 0.215952 0.220511 0.225213 0.230056 0.235040
0.096208 0.101693 0.104656 0.106987 0.109154 0.111282 0.113406 0.115537 0.117679 0.119835 0.122004 0.124187 0.126383 0.128593 0.130814 0.133047 0.135290 0.137541 0.139798 0.142058 0.144317 0.146573 0.148820 0.151054 0.153268 0.155458 0.157614 0.159731 0.161797 0.163834 0.165996 0.168309 0.170774 0.173391 0.176160 0.179081 0.182154 0.185378 0.188753 0.192279 0.195955 0.199780 0.203754 0.207875 0.212143 0.216556 0.221113 0.225813 0.230655 0.235637
0.104151 0.104421 0.106231 0.108323 0.110452 0.112577 0.114697 0.116819 0.118947 0.121083 0.123230 0.125388 0.127558 0.129741 0.131935 0.134140 0.136355 0.138577 0.140804 0.143034 0.145263 0.147487 0.149703 0.151905 0.154087 0.156242 0.158365 0.160446 0.162476 0.164492 0.166647 0.168953 0.171412 0.174024 0.176788 0.179704 0.182773 0.185994 0.189366 0.192889 0.196562 0.200385 0.204356 0.208476 0.212742 0.217153 0.221709 0.226408 0.231249 0.236230
0.102997 0.105540 0.107659 0.109747 0.111842 0.113939 0.116036 0.118135 0.120239 0.122351 0.124471 0.126602 0.128744 0.130897 0.133062 0.135236 0.137419 0.139610 0.141805 0.144003 0.146199 0.148390 0.150572 0.152740 0.154887 0.157008 0.159094 0.161138 0.163130 0.165129 0.167275 0.169574 0.172027 0.174632 0.177391 0.180302 0.183367 0.186584 0.189953 0.193473 0.197144 0.200965 0.204935 0.209053 0.213318 0.217728 0.222283 0.226982 0.231822 0.236803
0.104702 0.106983 0.109126 0.111209 0.113273 0.115331 0.117392 0.119457 0.121529 0.123609 0.125699 0.127798 0.129909 0.132030 0.134162 0.136304 0.138454 0.140611 0.142773 0.144937 0.147099 0.149256 0.151403 0.153536 0.155647 0.157731 0.159780 0.161786 0.163740 0.165725 0.167862 0.170154 0.172599 0.175199 0.177953 0.180860 0.183921 0.187134 0.190501 0.194018 0.197688 0.201507 0.205475 0.209592 0.213856 0.218266 0.222821 0.227519 0.232360 0.237341
0.106971 0.108662 0.110646 0.112658 0.114670 0.116686 0.118708 0.120738 0.122777 0.124823 0.126880 0.128946 0.131023 0.133111 0.135209 0.137317 0.139433 0.141556 0.143683 0.145812 0.147940 0.150062 0.152174 0.154271 0.156346 0.158393 0.160405 0.162373 0.164287 0.166263 0.168393 0.170677 0.173117 0.175711 0.178460 0.181364 0.184421 0.187632 0.190996 0.194513 0.198180 0.201999 0.205967 0.210083 0.214347 0.218757 0.223312 0.228011 0.232851 0.237833
0.107170 0.109937 0.111996 0.113971 0.115952 0.117943 0.119940 0.121943 0.123951 0.125966 0.127990 0.130022 0.132065 0.134118 0.136181 0.138254 0.140336 0.142424 0.144517 0.146612 0.148705 0.150792 0.152869 0.154930 0.156970 0.158980 0.160955 0.162884 0.164764 0.166732 0.168856 0.171135 0.173569 0.176160 0.178905 0.181806 0.184861 0.188070 0.191433 0.194948 0.198615 0.202433 0.206401 0.210517 0.214781 0.219192 0.223747 0.228447 0.233288 0.238270
0.111337 0.111536 0.113178 0.115124 0.117119 0.119111 0.121095 0.123073 0.125051 0.127032 0.129019 0.131015 0.133022 0.135039 0.137067 0.139105 0.141152 0.143206 0.145265 0.147326 0.149385 0.151438 0.153480 0.155507 0.157511 0.159485 0.161423 0.163314 0.165164 0.167127 0.169246 0.171521 0.173952 0.176539 0.179283 0.182181 0.185235 0.188443 0.191805 0.195319 0.198986 0.202804 0.206772 0.210889 0.215154 0.219565 0.224122 0.228822 0.233664 0.238647
0.106890 0.111342 0.114055 0.116268 0.118311 0.120284 0.122228 0.124161 0.126092 0.128028 0.129972 0.131928 0.133895 0.135874 0.137866 0.139869 0.141881 0.143901 0.145927 0.147954 0.149979 0.151998 0.154007 0.155999 0.157967 0.159906 0.161807 0.163660 0.165487 0.167446 0.169562 0.171834 0.174263 0.176849 0.179591 0.182488 0.185541 0.188748 0.192110 0.195625 0.199291 0.203110 0.207078 0.211196 0.215461 0.219873 0.224430 0.229131 0.233974 0.238958
0.113210 0.114287 0.116008 0.117837 0.119677 0.121516 0.123360 0.125212 0.127077 0.128956 0.130850 0.132761 0.134686 0.136627 0.138582 0.140550 0.142528 0.144514 0.146506 0.148500 0.150492 0.152478 0.154452 0.156410 0.158343 0.160246 0.162110 0.163925 0.165735 0.167692 0.169806 0.172077 0.174504 0.177089 0.179830 0.182727 0.185779 0.188986 0.192347 0.195862 0.199529 0.203347 0.207315 0.211433 0.215699 0.220111 0.224668 0.229369 0.234212 0.239196
0.115493 0.116484 0.117832 0.119358 0.120984 0.122672 0.124406 0.126175 0.127973 0.129796 0.131642 0.133510 0.135396 0.137300 0.139220 0.141153 0.143098 0.145052 0.147011 0.148972 0.150930 0.152883 0.154823 0.156745 0.158643 0.160510 0.162336 0.164113 0.165913 0.167868 0.169980 0.172250 0.174677 0.177260 0.180000 0.182896 0.185948 0.189154 0.192515 0.196029 0.199695 0.203513 0.207481 0.211598 0.215863 0.220275 0.224832 0.229532 0.234375 0.239358
0.115195 0.117318 0.118858 0.120365 0.121933 0.123565 0.125248 0.126973 0.128731 0.130518 0.132330 0.134164 0.136019 0.137891 0.139780 0.141682 0.143595 0.145517 0.147444 0.149372 0.151298 0.153216 0.155122 0.157009 0.158871 0.160700 0.162488 0.164226 0.166022 0.167976 0.170087 0.172355 0.174780 0.177362 0.180101 0.182996 0.186046 0.189251 0.192610 0.196123 0.199788 0.203604 0.207571 0.211686 0.215950 0.220360 0.224915 0.229613 0.234454 0.239436
0.117984 0.118009 0.119265 0.120815 0.122453 0.124132 0.125839 0.127572 0.129328 0.131105 0.132901 0.134716 0.136548 0.138396 0.140258 0.142132 0.144016 0.145908 0.147804 0.149700 0.151593 0.153478 0.155349 0.157201 0.159026 0.160817 0.162566 0.164269 0.166063 0.168015 0.170124 0.172389 0.174812 0.177392 0.180128 0.183020 0.186068 0.189271 0.192628 0.196138 0.199800 0.203613 0.207577 0.211690 0.215951 0.220358 0.224910 0.229605 0.234443 0.239421
0.112886 0.116629 0.118933 0.120861 0.122680 0.124463 0.126234 0.128004 0.129779 0.131562 0.133355 0.135160 0.136977 0.138806 0.140647 0.142497 0.144355 0.146218 0.148084 0.149950 0.151811 0.153662 0.155499 0.157315 0.159103 0.160857 0.162567 0.164240 0.166032 0.167980 0.170085 0.172347 0.174767 0.177343 0.180075 0.182964 0.186008 0.189206 0.192559 0.196065 0.199723 0.203533 0.207492 0.211601 0.215857 0.220259 0.224807 0.229497 0.234330 0.239304
0.116480 0.117414 0.119148 0.121019 0.122884 0.124720 0.126533 0.128330 0.130121 0.131909 0.133701 0.135498 0.137303 0.139116 0.140937 0.142765 0.144599 0.146437 0.148275 0.150111 0.151941 0.153759 0.155562 0.157343 0.159095 0.160811 0.162482 0.164132 0.165919 0.167862 0.169962 0.172220 0.174634 0.177205 0.179933 0.182816 0.185855 0.189048 0.192395 0.195895 0.199548 0.203352 0.207305 0.211408 0.215657 0.220054 0.224595 0.229279 0.234105 0.239072
0.115148 0.117322 0.119335 0.121271 0.123151 0.124990 0.126802 0.128596 0.130382 0.132164 0.133947 0.135733 0.137524 0.139320 0.141122 0.142930 0.144740 0.146553 0.148364 0.150172 0.151971 0.153759 0.155528 0.157275 0.158991 0.160669 0.162302 0.163934 0.165714 0.167651 0.169745 0.171996 0.174404 0.176969 0.179689 0.182566 0.185598 0.188784 0.192124 0.195617 0.199262 0.203058 0.207004 0.211098 0.215340 0.219729 0.224261 0.228937 0.233755 0.238713
0.114918 0.117684 0.119802 0.121691 0.123500 0.125278 0.127045 0.128807 0.130568 0.132330 0.134096 0.135865 0.137638 0.139416 0.141199 0.142984 0.144772 0.146559 0.148344 0.150124 0.151894 0.153650 0.155387 0.157100 0.158781 0.160423 0.162018 0.163636 0.165409 0.167338 0.169424 0.171667 0.174067 0.176623 0.179335 0.182203 0.185226 0.188403 0.191735 0.195218 0.198854 0.202641 0.206577 0.210661 0.214894 0.219272 0.223794 0.228460 0.233267 0.238214
0.118375 0.119275 0.120624 0.122174 0.123815 0.125501 0.127211 0.128934 0.130667 0.132405 0.134149 0.135898 0.137651 0.139408 0.141168 0.142930 0.144693 0.146455 0.148212 0.149963 0.151704 0.153429 0.155134 0.156813 0.158460 0.160066 0.161624 0.163230 0.164993 0.166913 0.168989 0.171223 0.173612 0.176158 0.178860 0.181718 0.184730 0.187896 0.191216 0.194689 0.198313 0.202088 0.206012 0.210085 0.214305 0.218671 0.223181 0.227834 0.232629 0.237563
0.118789 0.119395 0.120704 0.122248 0.123883 0.125559 0.127254 0.128961 0.130674 0.132393 0.134115 0.135841 0.137570 0.139303 0.141037 0.142773 0.144509 0.146242 0.147971 0.149692 0.151401 0.153094 0.154767 0.156412 0.158024 0.159595 0.161117 0.162712 0.164464 0.166372 0.168436 0.170657 0.173035 0.175568 0.178258 0.181102 0.184101 0.187255 0.190561 0.194020 0.197630 0.201391 0.205301 0.209360 0.213565 0.217916 0.222411 0.227049 0.231829 0.236748
0.114576 0.117863 0.120091 0.121982 0.123760 0.125495 0.127211 0.128916 0.130616 0.132314 0.134011 0.135710 0.137411 0.139114 0.140818 0.142524 0.144228 0.145930 0.147627 0.149315 0.150991 0.152651 0.154289 0.155900 0.157476 0.159011 0.160501 0.162082 0.163819 0.165713 0.167763 0.169969 0.172332 0.174850 0.177524 0.180353 0.183336 0.186473 0.189763 0.193206 0.196799 0.200543 0.204436 0.208477 0.212665 0.216999 0.221477 0.226097 0.230859 0.235760
0.116768 0.118360 0.120148 0.121958 0.123733 0.125468 0.127172 0.128856 0.130527 0.132192 0.133856 0.135519 0.137185 0.138852 0.140521 0.142191 0.143860 0.145527 0.147189 0.148842 0.150482 0.152106 0.153708 0.155283 0.156823 0.158321 0.159780 0.161344 0.163064 0.164940 0.166972 0.169160 0.171504 0.174003 0.176658 0.179468 0.182432 0.185549 0.188820 0.192242 0.195816 0.199540 0.203413 0.207433 0.211601 0.215914 0.220371 0.224970 0.229711 0.234592
0.118040 0.118860 0.120468 0.122183 0.123877 0.125538 0.127176 0.128800 0.130418 0.132035 0.133652 0.135273 0.136896 0.138523 0.140153 0.141784 0.143415 0.145043 0.146666 0.148281 0.149884 0.151470 0.153035 0.154572 0.156074 0.157535 0.158962 0.160504 0.162203 0.164057 0.166067 0.168233 0.170554 0.173031 0.175663 0.178450 0.181390 0.184484 0.187731 0.191130 0.194680 0.198380 0.202228 0.206225 0.210368 0.214657 0.219090 0.223665 0.228382 0.233238
0.114723 0.118692 0.120841 0.122520 0.124081 0.125618 0.127157 0.128704 0.130259 0.131822 0.133391 0.134966 0.136547 0.138132 0.139720 0.141310 0.142900 0.144488 0.146071 0.147646 0.149209 0.150756 0.152280 0.153778 0.155242 0.156664 0.158057 0.159574 0.161246 0.163073 0.165056 0.167195 0.169489 0.171939 0.174543 0.177302 0.180215 0.183281 0.186500 0.189871 0.193392 0.197064 0.200885 0.204853 0.208968 0.213229 0.217633 0.222180 0.226869 0.231697
0.121623 0.120908 0.121624 0.122783 0.124119 0.125540 0.127007 0.128501 0.130012 0.131534 0.133063 0.134599 0.136140 0.137685 0.139232 0.140781 0.142329 0.143876 0.145417 0.146949 0.148470 0.149975 0.151459 0.152915 0.154338 0.155721 0.157079 0.158563 0.160203 0.161999 0.163949 0.166056 0.168317 0.170734 0.173306 0.176032 0.178912 0.181945 0.185131 0.188469 0.191958 0.195597 0.199385 0.203321 0.207403 0.211631 0.216003 0.220518 0.225174 0.229970
0.119264 0.120017 0.121040 0.122321 0.123732 0.125198 0.126687 0.128183 0.129682 0.131183 0.132685 0.134188 0.135692 0.137198 0.138704 0.140211 0.141716 0.143219 0.144716 0.146204 0.147681 0.149142 0.150583 0.151997 0.153378 0.154720 0.156039 0.157485 0.159087 0.160844 0.162757 0.164825 0.167048 0.169426 0.171960 0.174648 0.177490 0.180485 0.183633 0.186933 0.190384 0.193985 0.197736 0.201634 0.205679 0.209869 0.214204 0.218682 0.223301 0.228060
0.115200 0.117452 0.119574 0.121450 0.123161 0.124773 0.126328 0.127846 0.129342 0.130824 0.132298 0.133766 0.135231 0.136695 0.138158 0.139619 0.141079 0.142534 0.143984 0.145426 0.146856 0.148271 0.149666 0.151036 0.152374 0.153674 0.154950 0.156352 0.157910 0.159622 0.161490 0.163514 0.165693 0.168028 0.170517 0.173161 0.175960 0.178911 0.182016 0.185273 0.188680 0.192238 0.195946 0.199801 0.203804 0.207952 0.212244 0.216680 0.221257 0.225974
0.112022 0.116505 0.119199 0.121236 0.122989 0.124600 0.126133 0.127621 0.129079 0.130520 0.131949 0.133370 0.134787 0.136201 0.137613 0.139023 0.140432 0.141836 0.143235 0.144627 0.146008 0.147374 0.148722 0.150046 0.151340 0.152597 0.153828 0.155178 0.156685 0.158347 0.160164 0.162138 0.164267 0.166551 0.168991 0.171586 0.174334 0.177237 0.180292 0.183500 0.186859 0.190369 0.194028 0.197835 0.201789 0.205890 0.210134 0.214523 0.219053 0.223723
0.120252 0.119797 0.120701 0.121978 0.123360 0.124763 0.126162 0.127550 0.128928 0.130297 0.131660 0.133019 0.134375 0.135729 0.137083 0.138436 0.139788 0.141136 0.142481 0.143819 0.145148 0.146463 0.147762 0.149038 0.150287 0.151502 0.152686 0.153979 0.155428 0.157034 0.158795 0.160712 0.162785 0.165014 0.167398 0.169938 0.172631 0.175479 0.178480 0.181633 0.184937 0.188393 0.191997 0.195751 0.199651 0.203698 0.207889 0.212224 0.216701 0.221319
0.120032 0.120781 0.121574 0.122604 0.123776 0.125017 0.126286 0.127568 0.128852 0.130138 0.131424 0.132710 0.133996 0.135284 0.136574 0.137864 0.139154 0.140443 0.141730 0.143012 0.144286 0.145550 0.146798 0.148027 0.149231 0.150404 0.151542 0.152773 0.154160 0.155703 0.157402 0.159258 0.161269 0.163437 0.165760 0.168238 0.170871 0.173658 0.176598 0.179691 0.182935 0.186330 0.189874 0.193568 0.197409 0.201396 0.205528 0.209803 0.214221 0.218780
0.119331 0.120130 0.121442 0.122730 0.123969 0.125183 0.126390 0.127594 0.128800 0.130007 0.131216 0.132428 0.133644 0.134862 0.136084 0.137309 0.138536 0.139763 0.140991 0.142215 0.143435 0.144646 0.145845 0.147027 0.148188 0.149321 0.150420 0.151583 0.152903 0.154379 0.156011 0.157800 0.159745 0.161846 0.164102 0.166514 0.169080 0.171800 0.174674 0.177700 0.180877 0.184206 0.187684 0.191311 0.195086 0.199007 0.203073 0.207282 0.211634 0.216127
0.114991 0.119337 0.121420 0.122875 0.124131 0.125313 0.126467 0.127609 0.128747 0.129885 0.131024 0.132166 0.133312 0.134462 0.135617 0.136776 0.137940 0.139106 0.140275 0.141443 0.142609 0.143769 0.144921 0.146059 0.147180 0.148278 0.149345 0.150441 0.151689 0.153093 0.154654 0.156371 0.158244 0.160273 0.162458 0.164797 0.167290 0.169938 0.172739 0.175692 0.178797 0.182052 0.185458 0.189011 0.192713 0.196561 0.200553 0.204690 0.208969 0.213389
0.124364 0.122231 0.122484 0.123355 0.124391 0.125467 0.126549 0.127628 0.128703 0.129777 0.130851 0.131927 0.133007 0.134091 0.135182 0.136278 0.137380 0.138487 0.139599 0.140714 0.141829 0.142943 0.144051 0.145151 0.146237 0.147305 0.148347 0.149386 0.150559 0.151888 0.153373 0.155013 0.156810 0.158761 0.160868 0.163129 0.165544 0.168113 0.170834 0.173708 0.176733 0.179909 0.183234 0.186707 0.190328 0.194095 0.198007 0.202063 0.206261 0.210601
0.119053 0.121230 0.122448 0.123517 0.124568 0.125613 0.126650 0.127676 0.128695 0.129709 0.130720 0.131732 0.132748 0.133770 0.134798 0.135834 0.136878 0.137930 0.138990 0.140056 0.141126 0.142198 0.143270 0.144337 0.145396 0.146441 0.147468 0.148473 0.149567 0.150816 0.152220 0.153779 0.155493 0.157362 0.159385 0.161562 0.163892 0.166375 0.169011 0.171798 0.174736 0.177824 0.181062 0.184447 0.187979 0.191658 0.195481 0.199447 0.203556 0.207806
0.119440 0.121027 0.122453 0.123682 0.124792 0.125834 0.126835 0.127809 0.128768 0.129717 0.130664 0.131612 0.132564 0.133524 0.134493 0.135473 0.136464 0.137466 0.138479 0.139503 0.140535 0.141574 0.142617 0.143660 0.144701 0.145734 0.146756 0.147759 0.148780 0.149945 0.151264 0.152736 0.154363 0.156143 0.158076 0.160162 0.162400 0.164791 0.167333 0.170026 0.172870 0.175862 0.179003 0.182292 0.185728 0.189308 0.193034 0.196902 0.200913 0.205064
0.120572 0.121984 0.123200 0.124301 0.125317 0.126273 0.127191 0.128084 0.128964 0.129839 0.130714 0.131594 0.132483 0.133384 0.134298 0.135227 0.136171 0.137131 0.138106 0.139096 0.140100 0.141115 0.142139 0.143170 0.144204 0.145237 0.146265 0.147282 0.148288 0.149362 0.150590 0.151971 0.153503 0.155188 0.157024 0.159013 0.161152 0.163443 0.165884 0.168475 0.171215 0.174103 0.177140 0.180323 0.183652 0.187126 0.190744 0.194505 0.198407 0.202450
0.123418 0.123853 0.124571 0.125356 0.126151 0.126940 0.127724 0.128505 0.129289 0.130080 0.130881 0.131696 0.132527 0.133375 0.134242 0.135128 0.136036 0.136963 0.137912 0.138879 0.139866 0.140869 0.141887 0.142918 0.143959 0.145005 0.146054 0.147100 0.148139 0.149181 0.150307 0.151591 0.153022 0.154605 0.156338 0.158221 0.160254 0.162436 0.164768 0.167248 0.169876 0.172652 0.175574 0.178643 0.181856 0.185213 0.188714 0.192357 0.196142 0.200066
0.124413 0.125256 0.125855 0.126437 0.127041 0.127672 0.128326 0.129002 0.129699 0.130418 0.131158 0.131920 0.132706 0.133515 0.134349 0.135208 0.136092 0.137002 0.137937 0.138897 0.139880 0.140886 0.141913 0.142959 0.144020 0.145095 0.146180 0.147271 0.148363 0.149453 0.150558 0.151733 0.153058 0.154534 0.156154 0.157924 0.159844 0.161910 0.164123 0.166483 0.168991 0.171645 0.174445 0.177388 0.180476 0.183708 0.187082 0.190597 0.194254 0.198049
0.126391 0.126393 0.126758 0.127216 0.127723 0.128273 0.128861 0.129483 0.130136 0.130818 0.131528 0.132266 0.133031 0.133824 0.134646 0.135497 0.136377 0.137286 0.138225 0.139193 0.140190 0.141215 0.142266 0.143342 0.144441 0.145561 0.146698 0.147850 0.149012 0.150181 0.151355 0.152548 0.153798 0.155147 0.156648 0.158303 0.160101 0.162040 0.164127 0.166362 0.168742 0.171265 0.173932 0.176742 0.179695 0.182792 0.186031 0.189411 0.192930 0.196587
0.125373 0.126451 0.127021 0.127536 0.128079 0.128660 0.129274 0.129917 0.130586 0.131282 0.132004 0.132752 0.133527 0.134331 0.135165 0.136030 0.136926 0.137855 0.138816 0.139811 0.140839 0.141899 0.142992 0.144115 0.145268 0.146449 0.147655 0.148885 0.150134 0.151399 0.152678 0.153969 0.155281 0.156636 0.158064 0.159599 0.161252 0.163059 0.165021 0.167126 0.169370 0.171751 0.174276 0.176946 0.179760 0.182717 0.185813 0.189049 0.192421 0.195931
0.127066 0.126530 0.126894 0.127514 0.128206 0.128919 0.129642 0.130372 0.131112 0.131866 0.132637 0.133428 0.134242 0.135082 0.135952 0.136852 0.137784 0.138751 0.139754 0.140792 0.141868 0.142981 0.144131 0.145318 0.146541 0.147799 0.149090 0.150412 0.151764 0.153143 0.154544 0.155967 0.157409 0.158876 0.160379 0.161937 0.163567 0.165291 0.167132 0.169097 0.171186 0.173414 0.175801 0.178334 0.181008 0.183820 0.186769 0.189851 0.193068 0.196425
0.123212 0.125008 0.126329 0.127420 0.128393 0.129300 0.130168 0.131013 0.131847 0.132680 0.133520 0.134372 0.135243 0.136138 0.137059 0.138011 0.138996 0.140017 0.141076 0.142175 0.143314 0.144494 0.145717 0.146982 0.148290 0.149639 0.151029 0.152459 0.153927 0.155432 0.156971 0.158542 0.160142 0.161770 0.163429 0.165123 0.166863 0.168660 0.170529 0.172484 0.174534 0.176687 0.178961 0.181364 0.183897 0.186560 0.189350 0.192267 0.195327 0.198539
0.122330 0.125083 0.126711 0.127985 0.129102 0.130128 0.131097 0.132030 0.132943 0.133847 0.134754 0.135670 0.136603 0.137558 0.138541 0.139555 0.140604 0.141691 0.142819 0.143989 0.145203 0.146464 0.147772 0.149128 0.150532 0.151984 0.153486 0.155035 0.156631 0.158273 0.159961 0.161691 0.163462 0.165273 0.167121 0.169007 0.170934 0.172905 0.174929 0.177013 0.179166 0.181396 0.183712 0.186126 0.188644 0.191272 0.194011 0.196863 0.199833 0.202933
0.128836 0.127804 0.128499 0.129526 0.130578 0.131597 0.132584 0.133548 0.134501 0.135452 0.136410 0.137381 0.138372 0.139389 0.140436 0.141517 0.142636 0.143797 0.145001 0.146252 0.147552 0.148902 0.150305 0.151761 0.153271 0.154837 0.156458 0.158135 0.159868 0.161656 0.163499 0.165396 0.167346 0.169346 0.171396 0.173494 0.175641 0.177836 0.180082 0.182381 0.184740 0.187162 0.189653 0.192221 0.194871 0.197611 0.200445 0.203376 0.206408 0.209547
0.125695 0.129099 0.130625 0.131716 0.132701 0.133658 0.134609 0.135564 0.136529 0.137506 0.138503 0.139521 0.140567 0.141644 0.142757 0.143908 0.145101 0.146340 0.147627 0.148965 0.150357 0.151804 0.153308 0.154871 0.156495 0.158181 0.159929 0.161740 0.163615 0.165554 0.167557 0.169624 0.171754 0.173947 0.176201 0.178516 0.180891 0.183325 0.185818 0.188370 0.190984 0.193662 0.196406 0.199219 0.202107 0.205073 0.208123 0.211259 0.214485 0.217805
0.133955 0.133220 0.133669 0.134393 0.135217 0.136095 0.137014 0.137965 0.138945 0.139953 0.140991 0.142060 0.143164 0.144305 0.145486 0.146711 0.147983 0.149305 0.150680 0.152110 0.153599 0.155148 0.156759 0.158434 0.160176 0.161986 0.163864 0.165813 0.167833 0.169924 0.172089 0.174326 0.176636 0.179018 0.181474 0.184002 0.186602 0.189273 0.192015 0.194827 0.197710 0.200664 0.203691 0.206791 0.209967 0.213222 0.216558 0.219977 0.223484 0.227080
0.134763 0.135554 0.136147 0.136880 0.137726 0.138642 0.139607 0.140608 0.141642 0.142708 0.143807 0.144941 0.146114 0.147327 0.148586 0.149892 0.151248 0.152659 0.154126 0.155654 0.157243 0.158898 0.160619 0.162410 0.164272 0.166208 0.168218 0.170305 0.172470 0.174713 0.177036 0.179441 0.181926 0.184494 0.187144 0.189877 0.192692 0.195589 0.198569 0.201631 0.204776 0.208002 0.211310 0.214702 0.218177 0.221737 0.225383 0.229117 0.232941 0.236857
0.136366 0.136830 0.137884 0.138998 0.140104 0.141204 0.142306 0.143420 0.144551 0.145706 0.146890 0.148108 0.149364 0.150663 0.152008 0.153402 0.154850 0.156355 0.157921 0.159549 0.161243 0.163006 0.164840 0.166748 0.168732 0.170793 0.172935 0.175158 0.177465 0.179857 0.182335 0.184900 0.187554 0.190298 0.193133 0.196058 0.199075 0.202184 0.205385 0.208679 0.212065 0.215544 0.219116 0.222781 0.226540 0.230392 0.234339 0.238382 0.242521 0.246758
0.134199 0.137692 0.139700 0.141255 0.142631 0.143924 0.145178 0.146420 0.147665 0.148925 0.150208 0.151523 0.152874 0.154266 0.155706 0.157197 0.158742 0.160347 0.162014 0.163746 0.165548 0.167421 0.169368 0.171393 0.173497 0.175683 0.177953 0.180309 0.182753 0.185287 0.187913 0.190631 0.193444 0.196353 0.199358 0.202461 0.205663 0.208965 0.212367 0.215870 0.219473 0.223179 0.226986 0.230896 0.234908 0.239024 0.243242 0.247564 0.251991 0.256522
0.141409 0.141527 0.142787 0.144202 0.145600 0.146967 0.148315 0.149657 0.151003 0.152365 0.153749 0.155163 0.156614 0.158106 0.159645 0.161236 0.162882 0.164589 0.166359 0.168197 0.170106 0.172089 0.174148 0.176287 0.178509 0.180815 0.183209 0.185692 0.188266 0.190935 0.193698 0.196559 0.199518 0.202578 0.205739 0.209003 0.212371 0.215844 0.219423 0.223109 0.226903 0.230805 0.234816 0.238936 0.243165 0.247504 0.251954 0.256514 0.261184 0.265966
0.141956 0.144630 0.146175 0.147551 0.148926 0.150317 0.151721 0.153140 0.154574 0.156028 0.157509 0.159021 0.160569 0.162160 0.163799 0.165489 0.167236 0.169044 0.170917 0.172859 0.174872 0.176961 0.179129 0.181378 0.183712 0.186132 0.188642 0.191243 0.193939 0.196730 0.199620 0.202610 0.205701 0.208896 0.212195 0.215601 0.219114 0.222736 0.226468 0.230310 0.234264 0.238330 0.242510 0.246802 0.251209 0.255730 0.260366 0.265117 0.269982 0.274962
0.149237 0.148809 0.149719 0.151005 0.152413 0.153869 0.155350 0.156851 0.158371 0.159914 0.161485 0.163089 0.164731 0.166416 0.168149 0.169935 0.171778 0.173683 0.175653 0.177693 0.179806 0.181995 0.184263 0.186615 0.189052 0.191577 0.194193 0.196902 0.199707 0.202609 0.205612 0.208715 0.211922 0.215234 0.218653 0.222179 0.225815 0.229561 0.233419 0.237389 0.241473 0.245671 0.249984 0.254412 0.258955 0.263615 0.268391 0.273283 0.278291 0.283415
0.148360 0.150798 0.152687 0.154390 0.156017 0.157612 0.159199 0.160791 0.162398 0.164025 0.165680 0.167368 0.169095 0.170865 0.172684 0.174556 0.176486 0.178478 0.180537 0.182666 0.184868 0.187147 0.189507 0.191950 0.194479 0.197097 0.199807 0.202611 0.205511 0.208509 0.211608 0.214808 0.218113 0.221523 0.225040 0.228665 0.232400 0.236246 0.240203 0.244272 0.248455 0.252752 0.257162 0.261688 0.266329 0.271084 0.275954 0.280939 0.286038 0.291251
0.151146 0.154157 0.156360 0.158233 0.159972 0.161657 0.163324 0.164990 0.166669 0.168367 0.170093 0.171852 0.173651 0.175493 0.177385 0.179331 0.181336 0.183403 0.185538 0.187743 0.190022 0.192378 0.194816 0.197337 0.199945 0.202642 0.205431 0.208314 0.211293 0.214371 0.217548 0.220827 0.224210 0.227698 0.231292 0.234993 0.238803 0.242722 0.246751 0.250891 0.255142 0.259505 0.263980 0.268566 0.273264 0.278074 0.282994 0.288025 0.293166 0.298415
0.158928 0.159738 0.161116 0.162705 0.164365 0.166050 0.167748 0.169459 0.171186 0.172937 0.174715 0.176529 0.178382 0.180281 0.182230 0.184234 0.186297 0.188425 0.190620 0.192886 0.195227 0.197645 0.200145 0.202729 0.205400 0.208160 0.211011 0.213957 0.216997 0.220136 0.223373 0.226712 0.230153 0.233697 0.237345 0.241099 0.244960 0.248927 0.253002 0.257184 0.261474 0.265872 0.270377 0.274989 0.279708 0.284532 0.289462 0.294495 0.299630 0.304867
0.163597 0.164332 0.165725 0.167329 0.169006 0.170710 0.172432 0.174168 0.175925 0.177706 0.179517 0.181365 0.183255 0.185192 0.187180 0.189225 0.191330 0.193501 0.195739 0.198050 0.200436 0.202900 0.205446 0.208076 0.210792 0.213598 0.216494 0.219483 0.222568 0.225748 0.229027 0.232404 0.235882 0.239462 0.243143 0.246927 0.250814 0.254805 0.258899 0.263096 0.267396 0.271799 0.276303 0.280908 0.285613 0.290416 0.295316 0.300311 0.305400 0.310582
0.164456 0.167866 0.170144 0.172053 0.173837 0.175582 0.177320 0.179066 0.180832 0.182623 0.184448 0.186311 0.188219 0.190175 0.192185 0.194253 0.196383 0.198579 0.200845 0.203183 0.205597 0.208090 0.210665 0.213323 0.216067 0.218900 0.221824 0.224839 0.227948 0.231152 0.234452 0.237849 0.241344 0.244938 0.248630 0.252422 0.256313 0.260303 0.264392 0.268578 0.272862 0.277241 0.281716 0.286283 0.290942 0.295691 0.300528 0.305451 0.310458 0.315548
0.172225 0.173788 0.175496 0.177219 0.178932 0.180640 0.182353 0.184082 0.185835 0.187618 0.189437 0.191299 0.193208 0.195168 0.197183 0.199258 0.201397 0.203602 0.205878 0.208227 0.210653 0.213157 0.215743 0.218413 0.221168 0.224011 0.226944 0.229967 0.233083 0.236291 0.239594 0.242991 0.246484 0.250072 0.253755 0.257534 0.261407 0.265374 0.269434 0.273586 0.277829 0.282161 0.286579 0.291082 0.295669 0.300335 0.305081 0.309903 0.314800 0.319771
0.179358 0.179728 0.180998 0.182521 0.184123 0.185761 0.187426 0.189118 0.190843 0.192605 0.194407 0.196254 0.198151 0.200101 0.202108 0.204176 0.206308 0.208508 0.210778 0.213123 0.215543 0.218043 0.220624 0.223288 0.226038 0.228874 0.231799 0.234813 0.237917 0.241113 0.244401 0.247780 0.251252 0.254815 0.258470 0.262216 0.266052 0.269976 0.273987 0.278084 0.282264 0.286526 0.290867 0.295283 0.299774 0.304336 0.308967 0.313666 0.318432 0.323263
0.180746 0.183998 0.185957 0.187600 0.189189 0.190788 0.192415 0.194075 0.195771 0.197506 0.199284 0.201109 0.202983 0.204911 0.206897 0.208944 0.211055 0.213235 0.215485 0.217810 0.220210 0.222690 0.225250 0.227893 0.230621 0.233435 0.236336 0.239324 0.242402 0.245568 0.248824 0.252169 0.255603 0.259125 0.262734 0.266429 0.270209 0.274073 0.278018 0.282042 0.286141 0.290313 0.294556 0.298867 0.303243 0.307682 0.312183 0.316746 0.321370 0.326058
0.189639 0.189952 0.191121 0.192551 0.194076 0.195648 0.197255 0.198892 0.200563 0.202271 0.204018 0.205810 0.207651 0.209545 0.211496 0.213508 0.215584 0.217729 0.219944 0.222234 0.224600 0.227044 0.229569 0.232176 0.234867 0.237644 0.240505 0.243454 0.246489 0.249611 0.252820 0.256115 0.259496 0.262961 0.266509 0.270140 0.273850 0.277638 0.281500 0.285433 0.289435 0.293502 0.297632 0.301822 0.306070 0.310377 0.314742 0.319169 0.323661 0.328223
0.193149 0.194204 0.195644 0.197192 0.198770 0.200359 0.201958 0.203573 0.205211 0.206878 0.208580 0.210324 0.212116 0.213959 0.215859 0.217820 0.219847 0.221941 0.224107 0.226347 0.228663 0.231058 0.233534 0.236091 0.238732 0.241457 0.244266 0.247161 0.250141 0.253205 0.256354 0.259585 0.262899 0.266295 0.269770 0.273322 0.276948 0.280646 0.284411 0.288240 0.292131 0.296081 0.300086 0.304148 0.308266 0.312443 0.316686 0.321001 0.325397 0.329881
0.194448 0.197863 0.200048 0.201830 0.203464 0.205041 0.206597 0.208153 0.209724 0.211320 0.212950 0.214622 0.216341 0.218114 0.219945 0.221839 0.223798 0.225827 0.227929 0.230105 0.232359 0.234691 0.237105 0.239600 0.242178 0.244839 0.247584 0.250413 0.253325 0.256320 0.259396 0.262553 0.265790 0.269104 0.272494 0.275956 0.279487 0.283082 0.286739 0.290453 0.294224 0.298048 0.301927 0.305864 0.309866 0.313943 0.318105 0.322366 0.326735 0.331216
0.203235 0.204130 0.205490 0.206927 0.208359 0.209779 0.211197 0.212626 0.214077 0.215562 0.217086 0.218658 0.220283 0.221965 0.223709 0.225519 0.227397 0.229348 0.231372 0.233473 0.235652 0.237911 0.240250 0.242672 0.245177 0.247764 0.250434 0.253187 0.256021 0.258936 0.261930 0.265003 0.268153 0.271377 0.274671 0.278032 0.281457 0.284940 0.288480 0.292073 0.295719 0.299421 0.303187 0.307028 0.310961 0.315000 0.319154 0.323444 0.327858 0.332392
0.209830 0.210176 0.211047 0.212113 0.213248 0.214422 0.215630 0.216878 0.218171 0.219514 0.220910 0.222364 0.223879 0.225458 0.227103 0.228819 0.230606 0.232468 0.234406 0.236421 0.238517 0.240693 0.242950 0.245290 0.247712 0.250217 0.252803 0.255471 0.258219 0.261045 0.263949 0.266930 0.269984 0.273108 0.276298 0.279550 0.282860 0.286225 0.289642 0.293113 0.296645 0.300249 0.303948 0.307756 0.311700 0.315775 0.319973 0.324295 0.328742 0.333311
0.212828 0.214713 0.215886 0.216811 0.217705 0.218643 0.219645 0.220716 0.221854 0.223059 0.224329 0.225666 0.227070 0.228543 0.230087 0.231704 0.233396 0.235164 0.237009 0.238935 0.240940 0.243027 0.245195 0.247446 0.249779 0.252193 0.254689 0.257264 0.259918 0.262649 0.265456 0.268337 0.271288 0.274304 0.277383 0.280519 0.283708 0.286951 0.290249 0.293615 0.297071 0.300640 0.304351 0.308192 0.312161 0.316259 0.320484 0.324833 0.329305 0.333899
0.218966 0.219869 0.220254 0.220739 0.221381 0.222151 0.223023 0.223979 0.225010 0.226111 0.227279 0.228515 0.229819 0.231194 0.232640 0.234161 0.235756 0.237429 0.239180 0.241010 0.242922 0.244914 0.246989 0.249145 0.251383 0.253701 0.256100 0.258577 0.261131 0.263760 0.266464 0.269238 0.272079 0.274981 0.277942 0.280956 0.284024 0.287151 0.290356 0.293670 0.297127 0.300718 0.304442 0.308298 0.312284 0.316397 0.320638 0.325003 0.329492 0.334103
0.227066 0.223532 0.223019 0.223392 0.224065 0.224864 0.225736 0.226663 0.227643 0.228678 0.229770 0.230922 0.232138 0.233421 0.234774 0.236199 0.237699 0.239275 0.240929 0.242663 0.244477 0.246372 0.248348 0.250405 0.252542 0.254760 0.257056 0.259429 0.261876 0.264399 0.266993 0.269655 0.272379 0.275162 0.277999 0.280890 0.283846 0.286892 0.290074 0.293397 0.296857 0.300453 0.304182 0.308044 0.312036 0.316156 0.320403 0.324775 0.329271 0.333890
0.216437 0.221494 0.223700 0.225067 0.226142 0.227106 0.228030 0.228951 0.229891 0.230865 0.231882 0.232952 0.234079 0.235270 0.236528 0.237856 0.239257 0.240734 0.242288 0.243921 0.245633 0.247426 0.249298 0.251251 0.253283 0.255394 0.257582 0.259845 0.262182 0.264592 0.267070 0.269613 0.272215 0.274873 0.277585 0.280367 0.283254 0.286290 0.289467 0.292783 0.296238 0.299828 0.303553 0.307410 0.311398 0.315515 0.319760 0.324130 0.328624 0.333241
0.223638 0.224872 0.226340 0.227539 0.228534 0.229418 0.230254 0.231082 0.231925 0.232799 0.233716 0.234684 0.235709 0.236797 0.237951 0.239176 0.240473 0.241845 0.243293 0.244819 0.246425 0.248109 0.249873 0.251716 0.253637 0.255635 0.257709 0.259856 0.262076 0.264366 0.266723 0.269141 0.271615 0.274145 0.276747 0.279470 0.282343 0.285360 0.288520 0.291821 0.295259 0.298835 0.302545 0.306388 0.310363 0.314467 0.318699 0.323057 0.327540 0.332145
0.230137 0.230399 0.230572 0.230923 0.231389 0.231923 0.232507 0.233137 0.233816 0.234545 0.235329 0.236173 0.237078 0.238050 0.239090 0.240201 0.241385 0.242644 0.243980 0.245393 0.246884 0.248454 0.250102 0.251828 0.253632 0.255511 0.257464 0.259489 0.261585 0.263750 0.265978 0.268264 0.270607 0.273023 0.275568 0.278264 0.281108 0.284098 0.287230 0.290504 0.293917 0.297468 0.301154 0.304973 0.308925 0.313006 0.317216 0.321553 0.326015 0.330601
0.237583 0.234995 0.234191 0.233970 0.234024 0.234243 0.234578 0.235003 0.235506 0.236079 0.236720 0.237428 0.238205 0.239051 0.239968 0.240957 0.242021 0.243160 0.244375 0.245667 0.247037 0.248485 0.250010 0.251613 0.253291 0.255043 0.256869 0.258765 0.260731 0.262763 0.264855 0.267006 0.269226 0.271578 0.274084 0.276741 0.279546 0.282498 0.285593 0.288831 0.292209 0.295724 0.299376 0.303162 0.307081 0.311131 0.315310 0.319616 0.324048 0.328605
0.233027 0.235424 0.235803 0.235837 0.235887 0.236019 0.236236 0.236533 0.236905 0.237347 0.237858 0.238437 0.239086 0.239805 0.240595 0.241457 0.242394 0.243406 0.244493 0.245657 0.246898 0.248217 0.249611 0.251082 0.252627 0.254246 0.255936 0.257696 0.259525 0.261417 0.263368 0.265386 0.267530 0.269831 0.272287 0.274894 0.277651 0.280555 0.283604 0.286796 0.290128 0.293600 0.297209 0.300953 0.304830 0.308839 0.312978 0.317245 0.321639 0.326158
0.239750 0.237352 0.236970 0.237007 0.237132 0.237289 0.237480 0.237713 0.237995 0.238334 0.238731 0.239191 0.239715 0.240307 0.240968 0.241700 0.242504 0.243382 0.244335 0.245363 0.246468 0.247649 0.248905 0.250237 0.251642 0.253119 0.254667 0.256284 0.257968 0.259714 0.261524 0.263446 0.265528 0.267769 0.270165 0.272713 0.275412 0.278260 0.281253 0.284390 0.287670 0.291089 0.294646 0.298339 0.302167 0.306127 0.310217 0.314437 0.318784 0.323257
0.234586 0.236800 0.237600 0.237969 0.238182 0.238337 0.238483 0.238644 0.238837 0.239071 0.239355 0.239694 0.240091 0.240552 0.241078 0.241673 0.242338 0.243075 0.243886 0.244772 0.245732 0.246768 0.247879 0.249064 0.250322 0.251652 0.253051 0.254519 0.256052 0.257649 0.259339 0.261190 0.263202 0.265373 0.267701 0.270183 0.272817 0.275599 0.278530 0.281605 0.284823 0.288182 0.291680 0.295315 0.299085 0.302988 0.307023 0.311188 0.315482 0.319902
0.238458 0.239145 0.239358 0.239396 0.239389 0.239381 0.239389 0.239422 0.239488 0.239594 0.239745 0.239948 0.240206 0.240525 0.240906 0.241355 0.241872 0.242460 0.243121 0.243856 0.244665 0.245549 0.246508 0.247540 0.248645 0.249821 0.251066 0.252380 0.253759 0.255214 0.256821 0.258593 0.260528 0.262623 0.264876 0.267285 0.269846 0.272558 0.275418 0.278425 0.281575 0.284868 0.288300 0.291870 0.295577 0.299417 0.303390 0.307495 0.311728 0.316089
0.245162 0.242625 0.241495 0.240930 0.240591 0.240354 0.240174 0.240038 0.239943 0.239890 0.239885 0.239931 0.240033 0.240194 0.240419 0.240709 0.241068 0.241499 0.242002 0.242578 0.243230 0.243956 0.244757 0.245632 0.246580 0.247598 0.248686 0.249843 0.251068 0.252419 0.253940 0.255628 0.257481 0.259495 0.261669 0.263999 0.266483 0.269119 0.271904 0.274836 0.277914 0.281135 0.284496 0.287997 0.291634 0.295407 0.299313 0.303351 0.307519 0.311816
0.243252 0.242632 0.242245 0.241852 0.241458 0.241080 0.240729 0.240412 0.240134 0.239902 0.239718 0.239588 0.239516 0.239506 0.239561 0.239683 0.239876 0.240141 0.240480 0.240893 0.241383 0.241948 0.242588 0.243303 0.244091 0.244950 0.245880 0.246879 0.247972 0.249234 0.250667 0.252268 0.254035 0.255966 0.258056 0.260304 0.262708 0.265264 0.267971 0.270826 0.273827 0.276973 0.280260 0.283687 0.287252 0.290953 0.294788 0.298757 0.302856 0.307085
0.239849 0.242549 0.242886 0.242568 0.242061 0.241508 0.240961 0.240441 0.239962 0.239531 0.239153 0.238834 0.238578 0.238387 0.238264 0.238213 0.238235 0.238331 0.238503 0.238752 0.239078 0.239481 0.239960 0.240515 0.241144 0.241846 0.242619 0.243467 0.244462 0.245633 0.246976 0.248490 0.250170 0.252015 0.254021 0.256186 0.258507 0.260982 0.263609 0.266384 0.269307 0.272375 0.275585 0.278937 0.282427 0.286054 0.289817 0.293713 0.297742 0.301900
0.250441 0.246169 0.244418 0.243314 0.242394 0.241545 0.240745 0.239994 0.239297 0.238657 0.238080 0.237568 0.237126 0.236754 0.236455 0.236231 0.236084 0.236013 0.236021 0.236108 0.236273 0.236517 0.236839 0.237238 0.237713 0.238261 0.238882 0.239609 0.240513 0.241595 0.242850 0.244276 0.245870 0.247630 0.249551 0.251633 0.253872 0.256265 0.258811 0.261507 0.264351 0.267341 0.270475 0.273750 0.277165 0.280718 0.284408 0.288232 0.292188 0.296276
0.245412 0.245457 0.244408 0.243205 0.242032 0.240920 0.239875 0.238897 0.237989 0.237151 0.236386 0.235693 0.235075 0.234533 0.234068 0.233681 0.233372 0.233143 0.232994 0.232926 0.232938 0.233030 0.233201 0.233451 0.233778 0.234179 0.234660 0.235296 0.236112 0.237107 0.238276 0.239618 0.241128 0.242804 0.244643 0.246644 0.248802 0.251116 0.253583 0.256201 0.258968 0.261881 0.264939 0.268140 0.271481 0.274962 0.278579 0.282331 0.286218 0.290236
0.246239 0.244938 0.243531 0.242100 0.240710 0.239391 0.238151 0.236993 0.235913 0.234911 0.233987 0.233140 0.232369 0.231676 0.231062 0.230526 0.230070 0.229694 0.229399 0.229186 0.229054 0.229004 0.229034 0.229145 0.229334 0.229600 0.229971 0.230522 0.231256 0.232168 0.233256 0.234517 0.235947 0.237545 0.239306 0.241228 0.243310 0.245548 0.247940 0.250484 0.253177 0.256018 0.259004 0.262133 0.265404 0.268814 0.272363 0.276047 0.279866 0.283818
0.246425 0.243509 0.241516 0.239820 0.238273 0.236833 0.235483 0.234214 0.233023 0.231906 0.230862 0.229892 0.228995 0.228172 0.227426 0.226757 0.226167 0.225658 0.225230 0.224884 0.224621 0.224440 0.224342 0.224326 0.224391 0.224535 0.224823 0.225298 0.225955 0.226792 0.227805 0.228991 0.230348 0.231872 0.233562 0.235413 0.237424 0.239592 0.241915 0.244390 0.247015 0.249789 0.252709 0.255772 0.258978 0.262324 0.265809 0.269431 0.273187 0.277078
0.239753 0.239291 0.237806 0.236244 0.234746 0.233318 0.231952 0.230643 0.229391 0.228196 0.227061 0.225988 0.224981 0.224043 0.223178 0.222388 0.221676 0.221044 0.220495 0.220029 0.219648 0.219352 0.219141 0.219015 0.218972 0.219020 0.219240 0.219646 0.220236 0.221006 0.221953 0.223074 0.224367 0.225827 0.227453 0.229242 0.231191 0.233298 0.235560 0.237975 0.240540 0.243255 0.246116 0.249122 0.252270 0.255559 0.258988 0.262554 0.266255 0.270091
0.238763 0.235097 0.233325 0.231904 0.230536 0.229175 0.227822 0.226484 0.225174 0.223899 0.222669 0.221491 0.220373 0.219320 0.218340 0.217434 0.216609 0.215867 0.215210 0.214640 0.214158 0.213766 0.213462 0.213246 0.213118 0.213097 0.213260 0.213610 0.214145 0.214861 0.215755 0.216823 0.218063 0.219472 0.221046 0.222784 0.224683 0.226739 0.228951 0.231317 0.233833 0.236499 0.239312 0.242269 0.245370 0.248612 0.251993 0.255512 0.259167 0.262957
0.226663 0.228947 0.228572 0.227500 0.226200 0.224808 0.223376 0.221933 0.220501 0.219098 0.217736 0.216428 0.215184 0.214010 0.212914 0.211901 0.210975 0.210138 0.209393 0.208742 0.208185 0.207721 0.207352 0.207076 0.206890 0.206825 0.206948 0.207260 0.207757 0.208435 0.209292 0.210323 0.211526 0.212898 0.214436 0.216138 0.217999 0.220019 0.222195 0.224524 0.227004 0.229633 0.232409 0.235330 0.238393 0.241599 0.244943 0.248426 0.252045 0.255798
0.231131 0.227362 0.225375 0.223697 0.222036 0.220353 0.218660 0.216980 0.215332 0.213734 0.212199 0.210738 0.209359 0.208070 0.206873 0.205774 0.204774 0.203874 0.203076 0.202379 0.201782 0.201287 0.200889 0.200589 0.200384 0.200301 0.200408 0.200703 0.201182 0.201843 0.202682 0.203696 0.204881 0.206234 0.207752 0.209433 0.211275 0.213273 0.215427 0.217734 0.220191 0.222796 0.225548 0.228445 0.231484 0.234664 0.237984 0.241441 0.245034 0.248761
0.225122 0.223934 0.221895 0.219715 0.217531 0.215385 0.213299 0.211293 0.209378 0.207566 0.205862 0.204270 0.202793 0.201430 0.200183 0.199050 0.198031 0.197123 0.196326 0.195636 0.195053 0.194574 0.194197 0.193919 0.193738 0.193670 0.193786 0.194090 0.194577 0.195244 0.196088 0.197104 0.198290 0.199643 0.201160 0.202839 0.204675 0.206669 0.208816 0.211114 0.213562 0.216158 0.218899 0.221784 0.224810 0.227977 0.231282 0.234724 0.238302 0.242014
0.223408 0.220343 0.217368 0.214450 0.211657 0.209027 0.206573 0.204299 0.202200 0.200270 0.198500 0.196884 0.195412 0.194079 0.192878 0.191804 0.190851 0.190015 0.189292 0.188679 0.188173 0.187769 0.187466 0.187260 0.187149 0.187135 0.187290 0.187629 0.188148 0.188844 0.189713 0.190752 0.191958 0.193329 0.194862 0.196553 0.198401 0.200403 0.202557 0.204861 0.207313 0.209910 0.212652 0.215536 0.218561 0.221724 0.225025 0.228462 0.232034 0.235739
0.218379 0.213932 0.209905 0.206328 0.203143 0.200305 0.197774 0.195515 0.193497 0.191691 0.190074 0.188628 0.187335 0.186185 0.185165 0.184267 0.183486 0.182814 0.182248 0.181784 0.181418 0.181147 0.180969 0.180881 0.180880 0.180965 0.181181 0.181577 0.182148 0.182890 0.183802 0.184880 0.186122 0.187524 0.189085 0.190802 0.192673 0.194695 0.196867 0.199186 0.201652 0.204261 0.207012 0.209904 0.212935 0.216104 0.219409 0.222849 0.226422 0.230127
0.206683 0.201361 0.197340 0.194016 0.191216 0.188836 0.186799 0.185038 0.183504 0.182160 0.180977 0.179933 0.179013 0.178206 0.177501 0.176893 0.176377 0.175949 0.175607 0.175348 0.175171 0.175074 0.175056 0.175116 0.175252 0.175462 0.175764 0.176228 0.176861 0.177661 0.178625 0.179751 0.181036 0.182477 0.184074 0.185824 0.187724 0.189772 0.191968 0.194309 0.196794 0.199420 0.202187 0.205092 0.208135 0.211314 0.214627 0.218075 0.221654 0.225365
0.182928 0.181810 0.179843 0.178130 0.176761 0.175659 0.174747 0.173971 0.173295 0.172699 0.172168 0.171697 0.171280 0.170915 0.170603 0.170344 0.170139 0.169989 0.169896 0.169862 0.169888 0.169975 0.170125 0.170337 0.170612 0.170950 0.171353 0.171884 0.172579 0.173435 0.174450 0.175623 0.176950 0.178432 0.180064 0.181847 0.183777 0.185853 0.188073 0.190436 0.192941 0.195586 0.198369 0.201289 0.204345 0.207536 0.210860 0.214316 0.217904 0.221622
0.164142 0.161362 0.161431 0.162136 0.162884 0.163523 0.164030 0.164416 0.164700 0.164904 0.165048 0.165147 0.165219 0.165275 0.165327 0.165386 0.165459 0.165555 0.165679 0.165839 0.166037 0.166279 0.166567 0.166905 0.167294 0.167736 0.168232 0.168817 0.169559 0.170459 0.171515 0.172725 0.174088 0.175600 0.177262 0.179071 0.181025 0.183123 0.185364 0.187745 0.190267 0.192926 0.195723 0.198656 0.201723 0.204924 0.208257 0.211722 0.215316 0.219041
0.134258 0.142615 0.147818 0.151429 0.154079 0.156082 0.157618 0.158808 0.159735 0.160462 0.161036 0.161495 0.161869 0.162182 0.162455 0.162703 0.162942 0.163182 0.163433 0.163704 0.164002 0.164332 0.164700 0.165109 0.165562 0.166062 0.166610 0.167229 0.167998 0.168922 0.170000 0.171231 0.172612 0.174142 0.175820 0.177643 0.179611 0.181721 0.183973 0.186365 0.188896 0.191564 0.194369 0.197308 0.200382 0.203589 0.206927 0.210396 0.213996 0.217724
