0.056206 0.053335 0.050701 0.048278 0.046036 0.043956 0.042019 0.040205 0.038506 0.036913 0.035420 0.034023 0.032716 0.031496 0.030359 0.029303 0.028325 0.027423 0.026594 0.025838 0.025152 0.024534 0.023985 0.023501 0.023084 0.022730 0.022441 0.022214 0.022050 0.021947 0.021906 0.021926 0.022006 0.022146 0.022346 0.022606 0.022925 0.023303 0.023740 0.024237 0.024792 0.025406 0.026080 0.026812 0.027602 0.028452 0.029360 0.030328 0.031354 0.032439
0.053653 0.051197 0.048897 0.046716 0.044656 0.042717 0.040892 0.039170 0.037547 0.036020 0.034584 0.033236 0.031974 0.030793 0.029693 0.028670 0.027723 0.026849 0.026047 0.025315 0.024653 0.024057 0.023529 0.023065 0.022666 0.022331 0.022059 0.021849 0.021701 0.021613 0.021587 0.021620 0.021714 0.021867 0.022080 0.022352 0.022683 0.023073 0.023521 0.024029 0.024595 0.025219 0.025903 0.026644 0.027445 0.028304 0.029221 0.030197 0.031232 0.032326
0.049924 0.048094 0.046115 0.044186 0.042341 0.040586 0.038918 0.037331 0.035826 0.034401 0.033057 0.031792 0.030604 0.029492 0.028455 0.027490 0.026597 0.025774 0.025020 0.024333 0.023713 0.023158 0.022668 0.022241 0.021877 0.021576 0.021336 0.021156 0.021038 0.020979 0.020980 0.021040 0.021160 0.021338 0.021575 0.021870 0.022224 0.022636 0.023106 0.023634 0.024220 0.024864 0.025567 0.026327 0.027146 0.028023 0.028958 0.029951 0.031003 0.032113
0.047769 0.045161 0.043150 0.041343 0.039645 0.038034 0.036500 0.035037 0.033646 0.032328 0.031082 0.029907 0.028805 0.027772 0.026809 0.025915 0.025088 0.024328 0.023634 0.023004 0.022439 0.021936 0.021495 0.021117 0.020799 0.020542 0.020344 0.020206 0.020127 0.020107 0.020145 0.020242 0.020397 0.020609 0.020879 0.021206 0.021591 0.022034 0.022534 0.023091 0.023706 0.024378 0.025107 0.025894 0.026739 0.027641 0.028601 0.029618 0.030694 0.031827
0.043154 0.041848 0.040221 0.038571 0.036975 0.035453 0.034006 0.032629 0.031324 0.030089 0.028924 0.027829 0.026803 0.025845 0.024954 0.024128 0.023368 0.022673 0.022040 0.021471 0.020963 0.020516 0.020130 0.019804 0.019538 0.019330 0.019181 0.019090 0.019057 0.019081 0.019163 0.019301 0.019497 0.019750 0.020059 0.020425 0.020847 0.021326 0.021862 0.022454 0.023103 0.023809 0.024571 0.025391 0.026267 0.027200 0.028190 0.029238 0.030342 0.031505
0.041133 0.039520 0.037834 0.036185 0.034608 0.033115 0.031704 0.030369 0.029111 0.027928 0.026818 0.025779 0.024810 0.023910 0.023077 0.022310 0.021608 0.020969 0.020393 0.019879 0.019426 0.019033 0.018699 0.018425 0.018209 0.018052 0.017951 0.017908 0.017922 0.017993 0.018120 0.018303 0.018543 0.018838 0.019190 0.019597 0.020060 0.020580 0.021155 0.021786 0.022473 0.023216 0.024015 0.024870 0.025782 0.026750 0.027775 0.028857 0.029995 0.031190
0.040571 0.038097 0.036105 0.034326 0.032688 0.031166 0.029745 0.028415 0.027170 0.026008 0.024925 0.023918 0.022986 0.022124 0.021332 0.020608 0.019950 0.019356 0.018826 0.018358 0.017952 0.017606 0.017319 0.017092 0.016923 0.016811 0.016757 0.016760 0.016819 0.016934 0.017106 0.017333 0.017616 0.017955 0.018349 0.018798 0.019303 0.019863 0.020479 0.021150 0.021877 0.022659 0.023497 0.024391 0.025340 0.026346 0.027407 0.028525 0.029699 0.030929
0.039130 0.036862 0.034786 0.032905 0.031192 0.029621 0.028168 0.026819 0.025568 0.024407 0.023332 0.022339 0.021425 0.020586 0.019820 0.019124 0.018497 0.017937 0.017442 0.017010 0.016641 0.016333 0.016086 0.015898 0.015769 0.015698 0.015685 0.015729 0.015829 0.015986 0.016199 0.016468 0.016792 0.017171 0.017606 0.018097 0.018642 0.019243 0.019898 0.020609 0.021376 0.022197 0.023074 0.024006 0.024994 0.026038 0.027137 0.028292 0.029503 0.030770
0.037445 0.035560 0.033589 0.031720 0.029988 0.028394 0.026921 0.025557 0.024297 0.023132 0.022058 0.021071 0.020166 0.019340 0.018591 0.017914 0.017309 0.016773 0.016303 0.015900 0.015560 0.015283 0.015067 0.014913 0.014818 0.014782 0.014804 0.014884 0.015021 0.015215 0.015465 0.015771 0.016133 0.016551 0.017024 0.017552 0.018136 0.018775 0.019469 0.020219 0.021023 0.021883 0.022798 0.023768 0.024794 0.025875 0.027011 0.028204 0.029452 0.030756
0.037113 0.034610 0.032559 0.030698 0.028981 0.027395 0.025928 0.024568 0.023310 0.022150 0.021082 0.020102 0.019207 0.018392 0.017656 0.016995 0.016407 0.015890 0.015442 0.015061 0.014746 0.014494 0.014305 0.014179 0.014113 0.014106 0.014159 0.014271 0.014440 0.014667 0.014951 0.015291 0.015688 0.016140 0.016648 0.017212 0.017832 0.018507 0.019237 0.020023 0.020863 0.021759 0.022711 0.023718 0.024780 0.025897 0.027070 0.028299 0.029583 0.030923
0.035430 0.033531 0.031599 0.029793 0.028119 0.026570 0.025134 0.023799 0.022562 0.021420 0.020368 0.019404 0.018524 0.017725 0.017005 0.016361 0.015791 0.015293 0.014865 0.014505 0.014212 0.013983 0.013819 0.013717 0.013677 0.013698 0.013779 0.013919 0.014117 0.014374 0.014688 0.015060 0.015488 0.015972 0.016513 0.017110 0.017762 0.018471 0.019235 0.020054 0.020929 0.021860 0.022846 0.023887 0.024984 0.026136 0.027344 0.028608 0.029927 0.031302
0.034365 0.032476 0.030693 0.028996 0.027400 0.025910 0.024522 0.023228 0.022025 0.020913 0.019888 0.018949 0.018092 0.017315 0.016617 0.015995 0.015447 0.014970 0.014564 0.014227 0.013956 0.013751 0.013611 0.013534 0.013519 0.013566 0.013673 0.013840 0.014066 0.014351 0.014693 0.015094 0.015551 0.016066 0.016637 0.017265 0.017948 0.018688 0.019484 0.020335 0.021243 0.022206 0.023224 0.024299 0.025428 0.026614 0.027855 0.029152 0.030504 0.031913
0.033875 0.031888 0.030097 0.028439 0.026893 0.025451 0.024108 0.022856 0.021693 0.020617 0.019626 0.018718 0.017891 0.017144 0.016473 0.015878 0.015356 0.014906 0.014525 0.014213 0.013968 0.013789 0.013674 0.013622 0.013634 0.013706 0.013840 0.014034 0.014287 0.014599 0.014970 0.015398 0.015884 0.016428 0.017028 0.017685 0.018398 0.019168 0.019994 0.020876 0.021814 0.022808 0.023857 0.024963 0.026124 0.027341 0.028614 0.029942 0.031327 0.032767
0.033295 0.031512 0.029780 0.028146 0.026623 0.025209 0.023901 0.022686 0.021561 0.020523 0.019569 0.018698 0.017907 0.017194 0.016556 0.015993 0.015502 0.015082 0.014732 0.014449 0.014232 0.014081 0.013994 0.013971 0.014010 0.014110 0.014272 0.014493 0.014774 0.015114 0.015512 0.015969 0.016483 0.017054 0.017683 0.018369 0.019111 0.019909 0.020764 0.021676 0.022643 0.023666 0.024746 0.025881 0.027072 0.028319 0.029622 0.030981 0.032396 0.033866
0.033361 0.031485 0.029705 0.028058 0.026544 0.025154 0.023878 0.022701 0.021616 0.020619 0.019706 0.018876 0.018124 0.017450 0.016850 0.016324 0.015868 0.015483 0.015166 0.014916 0.014732 0.014612 0.014556 0.014563 0.014632 0.014762 0.014952 0.015202 0.015512 0.015880 0.016307 0.016792 0.017335 0.017934 0.018591 0.019305 0.020076 0.020903 0.021786 0.022726 0.023722 0.024774 0.025882 0.027046 0.028265 0.029541 0.030873 0.032261 0.033704 0.035203
0.033757 0.031503 0.029664 0.028042 0.026570 0.025227 0.023999 0.022871 0.021834 0.020885 0.020019 0.019234 0.018527 0.017896 0.017338 0.016852 0.016437 0.016090 0.015810 0.015596 0.015447 0.015362 0.015339 0.015379 0.015480 0.015641 0.015862 0.016143 0.016482 0.016880 0.017336 0.017850 0.018421 0.019050 0.019735 0.020477 0.021275 0.022130 0.023042 0.024009 0.025033 0.026112 0.027248 0.028440 0.029687 0.030991 0.032350 0.033765 0.035237 0.036763
0.032245 0.030983 0.029496 0.028033 0.026661 0.025394 0.024233 0.023168 0.022191 0.021297 0.020486 0.019753 0.019096 0.018513 0.018002 0.017561 0.017188 0.016883 0.016644 0.016469 0.016357 0.016309 0.016322 0.016396 0.016531 0.016725 0.016978 0.017291 0.017661 0.018089 0.018575 0.019118 0.019718 0.020375 0.021089 0.021859 0.022685 0.023568 0.024507 0.025502 0.026552 0.027659 0.028822 0.030040 0.031314 0.032645 0.034030 0.035472 0.036970 0.038523
0.033187 0.031196 0.029574 0.028141 0.026840 0.025651 0.024566 0.023574 0.022665 0.021837 0.021087 0.020412 0.019810 0.019280 0.018819 0.018427 0.018101 0.017840 0.017643 0.017510 0.017438 0.017428 0.017478 0.017588 0.017758 0.017986 0.018273 0.018617 0.019019 0.019478 0.019994 0.020567 0.021196 0.021882 0.022624 0.023421 0.024275 0.025185 0.026151 0.027173 0.028250 0.029383 0.030572 0.031816 0.033116 0.034472 0.035883 0.037350 0.038873 0.040451
0.032590 0.031014 0.029585 0.028278 0.027081 0.025985 0.024985 0.024075 0.023243 0.022487 0.021803 0.021191 0.020649 0.020176 0.019769 0.019427 0.019149 0.018935 0.018783 0.018691 0.018661 0.018690 0.018778 0.018925 0.019130 0.019392 0.019712 0.020089 0.020522 0.021012 0.021559 0.022161 0.022819 0.023533 0.024303 0.025128 0.026009 0.026946 0.027938 0.028986 0.030089 0.031247 0.032461 0.033731 0.035056 0.036436 0.037872 0.039363 0.040910 0.042512
0.031823 0.030762 0.029596 0.028456 0.027385 0.026395 0.025490 0.024667 0.023915 0.023233 0.022619 0.022073 0.021592 0.021176 0.020823 0.020533 0.020305 0.020137 0.020030 0.019981 0.019991 0.020060 0.020186 0.020369 0.020609 0.020906 0.021259 0.021668 0.022133 0.022653 0.023229 0.023861 0.024548 0.025290 0.026087 0.026939 0.027847 0.028809 0.029827 0.030900 0.032028 0.033211 0.034450 0.035743 0.037092 0.038496 0.039955 0.041469 0.043039 0.044664
0.032242 0.030983 0.029834 0.028778 0.027803 0.026907 0.026089 0.025347 0.024672 0.024062 0.023516 0.023032 0.022612 0.022252 0.021953 0.021713 0.021533 0.021411 0.021348 0.021341 0.021392 0.021499 0.021662 0.021881 0.022156 0.022486 0.022871 0.023312 0.023808 0.024358 0.024963 0.025623 0.026337 0.027107 0.027931 0.028809 0.029742 0.030730 0.031773 0.032870 0.034022 0.035229 0.036491 0.037808 0.039179 0.040606 0.042087 0.043624 0.045215 0.046861
0.032681 0.031368 0.030265 0.029266 0.028354 0.027525 0.026775 0.026101 0.025493 0.024947 0.024463 0.024039 0.023674 0.023367 0.023119 0.022928 0.022794 0.022716 0.022694 0.022728 0.022818 0.022962 0.023161 0.023415 0.023723 0.024086 0.024503 0.024974 0.025500 0.026079 0.026712 0.027400 0.028141 0.028937 0.029787 0.030691 0.031649 0.032661 0.033728 0.034849 0.036024 0.037254 0.038538 0.039877 0.041270 0.042718 0.044220 0.045778 0.047389 0.049056
0.033065 0.031927 0.030821 0.029837 0.028965 0.028188 0.027496 0.026882 0.026334 0.025847 0.025419 0.025049 0.024736 0.024479 0.024278 0.024132 0.024042 0.024006 0.024024 0.024097 0.024223 0.024403 0.024637 0.024924 0.025265 0.025659 0.026107 0.026607 0.027161 0.027769 0.028429 0.029144 0.029911 0.030732 0.031607 0.032535 0.033517 0.034553 0.035643 0.036786 0.037984 0.039235 0.040541 0.041900 0.043314 0.044782 0.046305 0.047882 0.049513 0.051198
0.033304 0.032119 0.031148 0.030282 0.029502 0.028802 0.028178 0.027626 0.027138 0.026707 0.026333 0.026013 0.025749 0.025539 0.025382 0.025279 0.025230 0.025233 0.025290 0.025399 0.025561 0.025775 0.026042 0.026362 0.026733 0.027158 0.027634 0.028163 0.028745 0.029380 0.030067 0.030806 0.031599 0.032445 0.033343 0.034295 0.035299 0.036358 0.037469 0.038634 0.039852 0.041124 0.042450 0.043830 0.045263 0.046750 0.048291 0.049886 0.051536 0.053239
0.032641 0.032025 0.031309 0.030600 0.029933 0.029322 0.028772 0.028285 0.027857 0.027481 0.027158 0.026887 0.026668 0.026502 0.026388 0.026325 0.026314 0.026355 0.026448 0.026592 0.026787 0.027034 0.027333 0.027683 0.028084 0.028537 0.029042 0.029599 0.030207 0.030867 0.031579 0.032343 0.033159 0.034028 0.034949 0.035923 0.036949 0.038029 0.039161 0.040346 0.041584 0.042875 0.044220 0.045617 0.047069 0.048574 0.050132 0.051744 0.053409 0.055129
0.033063 0.032282 0.031564 0.030906 0.030304 0.029758 0.029268 0.028838 0.028462 0.028136 0.027860 0.027634 0.027458 0.027332 0.027257 0.027232 0.027258 0.027334 0.027461 0.027638 0.027865 0.028143 0.028471 0.028850 0.029280 0.029760 0.030291 0.030873 0.031506 0.032190 0.032926 0.033713 0.034551 0.035442 0.036384 0.037378 0.038425 0.039523 0.040674 0.041878 0.043134 0.044443 0.045804 0.047219 0.048687 0.050207 0.051781 0.053408 0.055089 0.056822
0.033496 0.032549 0.031822 0.031189 0.030621 0.030113 0.029663 0.029273 0.028940 0.028655 0.028418 0.028231 0.028093 0.028005 0.027965 0.027975 0.028035 0.028143 0.028301 0.028508 0.028765 0.029071 0.029427 0.029832 0.030288 0.030793 0.031348 0.031954 0.032609 0.033316 0.034073 0.034880 0.035739 0.036649 0.037610 0.038623 0.039687 0.040803 0.041971 0.043191 0.044463 0.045788 0.047165 0.048594 0.050076 0.051611 0.053198 0.054839 0.056532 0.058278
0.033020 0.032619 0.032017 0.031415 0.030863 0.030372 0.029946 0.029582 0.029279 0.029026 0.028822 0.028668 0.028563 0.028506 0.028498 0.028538 0.028627 0.028764 0.028950 0.029184 0.029467 0.029798 0.030178 0.030607 0.031085 0.031612 0.032188 0.032814 0.033490 0.034215 0.034991 0.035817 0.036693 0.037619 0.038597 0.039625 0.040705 0.041836 0.043018 0.044252 0.045538 0.046875 0.048265 0.049707 0.051201 0.052747 0.054346 0.055997 0.057701 0.059457
0.034112 0.033023 0.032223 0.031560 0.030992 0.030507 0.030094 0.029751 0.029470 0.029243 0.029067 0.028940 0.028861 0.028831 0.028849 0.028915 0.029028 0.029190 0.029398 0.029654 0.029959 0.030310 0.030710 0.031158 0.031655 0.032199 0.032793 0.033435 0.034127 0.034867 0.035658 0.036498 0.037388 0.038328 0.039318 0.040359 0.041451 0.042593 0.043787 0.045032 0.046328 0.047676 0.049075 0.050527 0.052030 0.053585 0.055192 0.056852 0.058563 0.060327
0.033717 0.032894 0.032137 0.031493 0.030946 0.030481 0.030091 0.029770 0.029513 0.029309 0.029155 0.029050 0.028993 0.028984 0.029022 0.029107 0.029238 0.029417 0.029642 0.029915 0.030234 0.030601 0.031015 0.031476 0.031985 0.032543 0.033148 0.033802 0.034504 0.035256 0.036056 0.036906 0.037805 0.038754 0.039754 0.040803 0.041903 0.043053 0.044255 0.045507 0.046810 0.048165 0.049571 0.051028 0.052538 0.054099 0.055712 0.057376 0.059093 0.060862
0.033296 0.032407 0.031767 0.031213 0.030725 0.030303 0.029946 0.029651 0.029417 0.029234 0.029099 0.029010 0.028968 0.028972 0.029022 0.029118 0.029260 0.029448 0.029683 0.029963 0.030291 0.030665 0.031086 0.031554 0.032069 0.032633 0.033244 0.033903 0.034611 0.035367 0.036172 0.037027 0.037931 0.038884 0.039888 0.040941 0.042045 0.043199 0.044404 0.045659 0.046966 0.048324 0.049732 0.051193 0.052705 0.054268 0.055883 0.057550 0.059269 0.061040
0.031757 0.031727 0.031308 0.030845 0.030413 0.030030 0.029702 0.029430 0.029213 0.029043 0.028917 0.028835 0.028797 0.028805 0.028857 0.028954 0.029097 0.029285 0.029519 0.029800 0.030126 0.030499 0.030919 0.031386 0.031901 0.032463 0.033073 0.033731 0.034438 0.035193 0.035998 0.036851 0.037754 0.038707 0.039709 0.040762 0.041865 0.043018 0.044222 0.045477 0.046782 0.048139 0.049547 0.051007 0.052518 0.054080 0.055694 0.057360 0.059078 0.060847
0.032693 0.031650 0.031029 0.030537 0.030113 0.029742 0.029422 0.029154 0.028936 0.028763 0.028630 0.028541 0.028494 0.028491 0.028533 0.028620 0.028752 0.028929 0.029152 0.029422 0.029738 0.030101 0.030512 0.030970 0.031475 0.032029 0.032630 0.033281 0.033980 0.034728 0.035526 0.036372 0.037269 0.038216 0.039212 0.040259 0.041356 0.042505 0.043703 0.044953 0.046254 0.047606 0.049009 0.050464 0.051971 0.053529 0.055138 0.056800 0.058513 0.060278
0.031911 0.031376 0.030827 0.030332 0.029890 0.029496 0.029151 0.028856 0.028612 0.028410 0.028251 0.028135 0.028062 0.028034 0.028050 0.028113 0.028221 0.028376 0.028578 0.028827 0.029124 0.029468 0.029860 0.030300 0.030789 0.031327 0.031914 0.032550 0.033235 0.033970 0.034755 0.035590 0.036475 0.037410 0.038396 0.039433 0.040521 0.041659 0.042849 0.044089 0.045382 0.046725 0.048120 0.049567 0.051065 0.052615 0.054217 0.055871 0.057576 0.059333
0.031844 0.031345 0.030811 0.030274 0.029766 0.029304 0.028894 0.028539 0.028238 0.027984 0.027775 0.027612 0.027495 0.027426 0.027403 0.027428 0.027501 0.027623 0.027793 0.028011 0.028279 0.028596 0.028962 0.029378 0.029844 0.030359 0.030925 0.031541 0.032207 0.032924 0.033691 0.034509 0.035378 0.036298 0.037269 0.038292 0.039365 0.040490 0.041667 0.042895 0.044175 0.045506 0.046890 0.048325 0.049812 0.051351 0.052941 0.054584 0.056279 0.058026
0.032472 0.031797 0.031053 0.030346 0.029700 0.029123 0.028613 0.028169 0.027788 0.027460 0.027183 0.026957 0.026781 0.026656 0.026582 0.026559 0.026586 0.026665 0.026794 0.026975 0.027206 0.027489 0.027823 0.028209 0.028646 0.029134 0.029673 0.030264 0.030907 0.031601 0.032347 0.033144 0.033993 0.034894 0.035847 0.036852 0.037908 0.039016 0.040176 0.041389 0.042653 0.043969 0.045338 0.046758 0.048231 0.049755 0.051332 0.052961 0.054642 0.056376
0.033909 0.032421 0.031300 0.030371 0.029568 0.028863 0.028242 0.027697 0.027223 0.026809 0.026451 0.026150 0.025905 0.025715 0.025581 0.025501 0.025475 0.025504 0.025587 0.025724 0.025915 0.026159 0.026456 0.026807 0.027211 0.027669 0.028179 0.028742 0.029357 0.030026 0.030747 0.031521 0.032347 0.033226 0.034157 0.035141 0.036177 0.037266 0.038407 0.039600 0.040846 0.042144 0.043495 0.044898 0.046353 0.047861 0.049421 0.051033 0.052697 0.054414
0.033561 0.032286 0.031164 0.030165 0.029267 0.028458 0.027732 0.027086 0.026515 0.026008 0.025564 0.025183 0.024863 0.024603 0.024403 0.024262 0.024180 0.024156 0.024189 0.024280 0.024427 0.024630 0.024888 0.025202 0.025571 0.025995 0.026474 0.027007 0.027593 0.028234 0.028928 0.029676 0.030477 0.031332 0.032239 0.033200 0.034213 0.035280 0.036399 0.037571 0.038796 0.040073 0.041403 0.042786 0.044221 0.045708 0.047248 0.048841 0.050485 0.052182
0.032758 0.031851 0.030835 0.029807 0.028824 0.027910 0.027078 0.026328 0.025657 0.025057 0.024525 0.024062 0.023666 0.023336 0.023071 0.022869 0.022729 0.022652 0.022635 0.022678 0.022781 0.022942 0.023161 0.023438 0.023771 0.024161 0.024607 0.025108 0.025664 0.026275 0.026941 0.027661 0.028435 0.029263 0.030145 0.031080 0.032069 0.033110 0.034205 0.035353 0.036554 0.037808 0.039114 0.040473 0.041885 0.043349 0.044866 0.046435 0.048057 0.049731
0.033150 0.031985 0.030691 0.029449 0.028299 0.027248 0.026296 0.025439 0.024669 0.023977 0.023361 0.022820 0.022351 0.021954 0.021626 0.021365 0.021171 0.021042 0.020977 0.020975 0.021034 0.021155 0.021335 0.021574 0.021871 0.022227 0.022639 0.023108 0.023633 0.024213 0.024849 0.025540 0.026285 0.027084 0.027938 0.028845 0.029806 0.030821 0.031888 0.033009 0.034183 0.035409 0.036689 0.038021 0.039406 0.040844 0.042334 0.043876 0.045471 0.047119
0.034905 0.032316 0.030479 0.028969 0.027648 0.026467 0.025405 0.024451 0.023590 0.022815 0.022123 0.021511 0.020977 0.020518 0.020133 0.019818 0.019574 0.019397 0.019287 0.019242 0.019260 0.019340 0.019483 0.019685 0.019947 0.020267 0.020646 0.021081 0.021573 0.022122 0.022726 0.023385 0.024099 0.024867 0.025690 0.026567 0.027497 0.028480 0.029517 0.030608 0.031751 0.032947 0.034196 0.035497 0.036851 0.038258 0.039717 0.041229 0.042793 0.044410
0.032467 0.031200 0.029693 0.028223 0.026854 0.025600 0.024459 0.023426 0.022490 0.021645 0.020888 0.020214 0.019623 0.019110 0.018674 0.018312 0.018021 0.017801 0.017648 0.017562 0.017541 0.017584 0.017688 0.017854 0.018080 0.018365 0.018708 0.019109 0.019567 0.020081 0.020650 0.021275 0.021955 0.022689 0.023478 0.024320 0.025215 0.026165 0.027167 0.028222 0.029331 0.030492 0.031706 0.032972 0.034291 0.035662 0.037086 0.038562 0.040090 0.041671
0.032461 0.030683 0.029059 0.027526 0.026093 0.024771 0.023561 0.022463 0.021464 0.020560 0.019747 0.019022 0.018381 0.017822 0.017341 0.016936 0.016604 0.016343 0.016151 0.016026 0.015967 0.015972 0.016039 0.016167 0.016356 0.016604 0.016910 0.017273 0.017694 0.018170 0.018702 0.019289 0.019931 0.020627 0.021377 0.022180 0.023037 0.023947 0.024910 0.025926 0.026994 0.028115 0.029289 0.030515 0.031793 0.033124 0.034507 0.035943 0.037430 0.038970
0.032534 0.030587 0.028744 0.027052 0.025506 0.024097 0.022816 0.021657 0.020605 0.019652 0.018794 0.018025 0.017343 0.016744 0.016223 0.015779 0.015409 0.015110 0.014880 0.014717 0.014619 0.014586 0.014614 0.014703 0.014853 0.015061 0.015326 0.015649 0.016029 0.016464 0.016954 0.017499 0.018098 0.018751 0.019458 0.020218 0.021030 0.021896 0.022814 0.023785 0.024809 0.025884 0.027012 0.028192 0.029425 0.030709 0.032046 0.033435 0.034876 0.036369
0.033059 0.030612 0.028553 0.026730 0.025093 0.023615 0.022281 0.021076 0.019985 0.018996 0.018102 0.017300 0.016583 0.015949 0.015394 0.014915 0.014508 0.014172 0.013904 0.013703 0.013566 0.013492 0.013480 0.013527 0.013634 0.013799 0.014021 0.014300 0.014634 0.015023 0.015467 0.015965 0.016516 0.017121 0.017779 0.018490 0.019254 0.020070 0.020938 0.021858 0.022831 0.023856 0.024932 0.026061 0.027242 0.028474 0.029759 0.031096 0.032485 0.033926
0.032263 0.030245 0.028269 0.026459 0.024817 0.023328 0.021978 0.020754 0.019645 0.018636 0.017720 0.016893 0.016149 0.015486 0.014900 0.014388 0.013947 0.013574 0.013269 0.013028 0.012850 0.012734 0.012679 0.012682 0.012743 0.012861 0.013036 0.013266 0.013551 0.013890 0.014282 0.014729 0.015228 0.015780 0.016385 0.017042 0.017750 0.018511 0.019324 0.020189 0.021105 0.022074 0.023094 0.024166 0.025289 0.026465 0.027692 0.028972 0.030303 0.031687
0.032188 0.029915 0.028009 0.026286 0.024706 0.023254 0.021924 0.020708 0.019599 0.018586 0.017659 0.016817 0.016054 0.015367 0.014754 0.014212 0.013738 0.013330 0.012987 0.012706 0.012487 0.012327 0.012226 0.012183 0.012196 0.012265 0.012389 0.012567 0.012799 0.013084 0.013422 0.013813 0.014256 0.014751 0.015298 0.015896 0.016546 0.017248 0.018001 0.018805 0.019661 0.020568 0.021527 0.022537 0.023599 0.024713 0.025878 0.027096 0.028365 0.029686
0.031150 0.029571 0.027913 0.026316 0.024813 0.023415 0.022120 0.020926 0.019829 0.018823 0.017897 0.017048 0.016273 0.015568 0.014933 0.014364 0.013860 0.013419 0.013040 0.012721 0.012460 0.012257 0.012110 0.012019 0.011983 0.012001 0.012073 0.012197 0.012375 0.012604 0.012885 0.013218 0.013602 0.014037 0.014523 0.015060 0.015648 0.016287 0.016977 0.017718 0.018510 0.019353 0.020247 0.021192 0.022188 0.023236 0.024336 0.025487 0.026691 0.027946
0.031495 0.029774 0.028128 0.026579 0.025133 0.023784 0.022529 0.021366 0.020289 0.019295 0.018378 0.017531 0.016750 0.016035 0.015383 0.014793 0.014263 0.013793 0.013381 0.013026 0.012726 0.012481 0.012291 0.012154 0.012070 0.012038 0.012058 0.012129 0.012251 0.012425 0.012648 0.012922 0.013247 0.013621 0.014046 0.014520 0.015045 0.015620 0.016245 0.016921 0.017647 0.018424 0.019251 0.020129 0.021058 0.022038 0.023070 0.024153 0.025288 0.026475
0.032098 0.030099 0.028441 0.026950 0.025570 0.024281 0.023075 0.021949 0.020900 0.019926 0.019023 0.018185 0.017407 0.016688 0.016027 0.015423 0.014874 0.014381 0.013941 0.013555 0.013221 0.012940 0.012710 0.012530 0.012402 0.012323 0.012294 0.012315 0.012385 0.012504 0.012672 0.012889 0.013156 0.013471 0.013835 0.014248 0.014710 0.015222 0.015783 0.016393 0.017054 0.017764 0.018524 0.019335 0.020196 0.021108 0.022071 0.023085 0.024151 0.025268
0.031186 0.029980 0.028653 0.027325 0.026044 0.024826 0.023676 0.022594 0.021579 0.020629 0.019745 0.018923 0.018156 0.017442 0.016780 0.016169 0.015610 0.015101 0.014642 0.014232 0.013872 0.013560 0.013296 0.013081 0.012914 0.012794 0.012721 0.012696 0.012719 0.012788 0.012905 0.013070 0.013281 0.013540 0.013847 0.014202 0.014604 0.015055 0.015554 0.016102 0.016699 0.017345 0.018040 0.018785 0.019579 0.020424 0.021320 0.022266 0.023263 0.024312
0.031692 0.030383 0.029037 0.027747 0.026522 0.025360 0.024261 0.023223 0.022245 0.021326 0.020466 0.019663 0.018914 0.018213 0.017559 0.016951 0.016390 0.015874 0.015404 0.014980 0.014601 0.014268 0.013979 0.013736 0.013537 0.013383 0.013274 0.013211 0.013192 0.013218 0.013290 0.013407 0.013570 0.013778 0.014033 0.014334 0.014682 0.015076 0.015518 0.016007 0.016544 0.017129 0.017762 0.018444 0.019176 0.019956 0.020787 0.021668 0.022599 0.023581
0.032620 0.030782 0.029375 0.028117 0.026939 0.025826 0.024772 0.023777 0.022837 0.021952 0.021121 0.020343 0.019616 0.018936 0.018298 0.017701 0.017147 0.016634 0.016162 0.015732 0.015344 0.014997 0.014692 0.014429 0.014208 0.014029 0.013892 0.013797 0.013745 0.013735 0.013769 0.013846 0.013967 0.014132 0.014341 0.014594 0.014893 0.015237 0.015627 0.016063 0.016545 0.017074 0.017651 0.018275 0.018948 0.019669 0.020439 0.021258 0.022128 0.023047
0.031407 0.030643 0.029525 0.028367 0.027246 0.026180 0.025171 0.024217 0.023318 0.022471 0.021673 0.020925 0.020224 0.019569 0.018953 0.018375 0.017834 0.017331 0.016865 0.016437 0.016048 0.015696 0.015383 0.015109 0.014873 0.014677 0.014519 0.014402 0.014325 0.014288 0.014291 0.014336 0.014422 0.014551 0.014721 0.014935 0.015191 0.015492 0.015836 0.016225 0.016660 0.017139 0.017665 0.018238 0.018857 0.019524 0.020239 0.021002 0.021814 0.022676
0.032788 0.031045 0.029704 0.028521 0.027430 0.026407 0.025444 0.024537 0.023680 0.022873 0.022112 0.021397 0.020725 0.020096 0.019506 0.018949 0.018427 0.017938 0.017484 0.017065 0.016680 0.016330 0.016015 0.015736 0.015493 0.015287 0.015117 0.014984 0.014889 0.014832 0.014813 0.014833 0.014893 0.014992 0.015132 0.015312 0.015534 0.015798 0.016105 0.016454 0.016847 0.017284 0.017766 0.018293 0.018865 0.019484 0.020150 0.020863 0.021624 0.022434
0.031655 0.030643 0.029557 0.028498 0.027488 0.026530 0.025622 0.024762 0.023949 0.023180 0.022454 0.021771 0.021128 0.020524 0.019958 0.019423 0.018920 0.018448 0.018008 0.017599 0.017223 0.016879 0.016567 0.016289 0.016044 0.015833 0.015657 0.015515 0.015408 0.015337 0.015303 0.015305 0.015344 0.015422 0.015538 0.015692 0.015887 0.016121 0.016397 0.016713 0.017072 0.017473 0.017918 0.018406 0.018939 0.019516 0.020140 0.020809 0.021525 0.022289
0.031454 0.030471 0.029473 0.028492 0.027544 0.026636 0.025771 0.024948 0.024168 0.023429 0.022730 0.022072 0.021451 0.020869 0.020322 0.019806 0.019320 0.018863 0.018436 0.018039 0.017672 0.017336 0.017030 0.016755 0.016512 0.016301 0.016122 0.015976 0.015863 0.015784 0.015739 0.015729 0.015754 0.015816 0.015914 0.016049 0.016222 0.016434 0.016685 0.016975 0.017306 0.017678 0.018092 0.018548 0.019048 0.019590 0.020178 0.020810 0.021488 0.022212
0.032099 0.030782 0.029670 0.028655 0.027703 0.026803 0.025949 0.025140 0.024373 0.023649 0.022965 0.022321 0.021715 0.021146 0.020613 0.020111 0.019638 0.019193 0.018777 0.018390 0.018032 0.017704 0.017404 0.017135 0.016895 0.016686 0.016507 0.016360 0.016244 0.016160 0.016109 0.016092 0.016108 0.016158 0.016244 0.016365 0.016522 0.016717 0.016949 0.017219 0.017528 0.017877 0.018267 0.018697 0.019169 0.019683 0.020241 0.020842 0.021487 0.022178
0.032079 0.031017 0.029939 0.028909 0.027935 0.027017 0.026151 0.025335 0.024567 0.023843 0.023163 0.022524 0.021924 0.021363 0.020839 0.020346 0.019881 0.019446 0.019039 0.018660 0.018310 0.017988 0.017695 0.017430 0.017195 0.016989 0.016812 0.016666 0.016549 0.016464 0.016410 0.016388 0.016398 0.016442 0.016519 0.016630 0.016776 0.016958 0.017176 0.017431 0.017724 0.018055 0.018425 0.018835 0.019285 0.019777 0.020310 0.020886 0.021505 0.022168
0.032463 0.031296 0.030196 0.029143 0.028144 0.027204 0.026321 0.025493 0.024718 0.023991 0.023310 0.022673 0.022077 0.021521 0.021002 0.020515 0.020057 0.019628 0.019228 0.018856 0.018512 0.018197 0.017909 0.017650 0.017419 0.017216 0.017043 0.016898 0.016783 0.016697 0.016642 0.016618 0.016626 0.016665 0.016736 0.016841 0.016980 0.017153 0.017361 0.017605 0.017885 0.018202 0.018558 0.018952 0.019385 0.019858 0.020373 0.020928 0.021526 0.022167
0.032694 0.031522 0.030351 0.029253 0.028231 0.027279 0.026392 0.025563 0.024788 0.024064 0.023388 0.022755 0.022165 0.021615 0.021102 0.020621 0.020169 0.019747 0.019353 0.018987 0.018649 0.018339 0.018057 0.017803 0.017576 0.017377 0.017206 0.017064 0.016951 0.016866 0.016812 0.016787 0.016793 0.016830 0.016898 0.016999 0.017132 0.017299 0.017500 0.017736 0.018007 0.018315 0.018659 0.019041 0.019462 0.019921 0.020420 0.020960 0.021541 0.022164
0.033105 0.031490 0.030231 0.029132 0.028129 0.027201 0.026334 0.025524 0.024765 0.024055 0.023391 0.022770 0.022190 0.021648 0.021144 0.020670 0.020225 0.019810 0.019422 0.019062 0.018730 0.018425 0.018148 0.017898 0.017675 0.017480 0.017313 0.017173 0.017062 0.016979 0.016925 0.016901 0.016906 0.016942 0.017009 0.017107 0.017237 0.017400 0.017597 0.017827 0.018092 0.018392 0.018729 0.019102 0.019513 0.019961 0.020449 0.020977 0.021545 0.022154
0.031512 0.030695 0.029748 0.028797 0.027880 0.027008 0.026183 0.025405 0.024673 0.023984 0.023338 0.022732 0.022165 0.021635 0.021140 0.020674 0.020237 0.019828 0.019447 0.019092 0.018765 0.018466 0.018193 0.017947 0.017728 0.017536 0.017371 0.017234 0.017125 0.017044 0.016991 0.016968 0.016974 0.017009 0.017075 0.017172 0.017300 0.017461 0.017654 0.017881 0.018141 0.018437 0.018767 0.019134 0.019538 0.019979 0.020458 0.020976 0.021534 0.022132
0.031106 0.030287 0.029404 0.028513 0.027646 0.026813 0.026021 0.025271 0.024561 0.023892 0.023262 0.022669 0.022114 0.021594 0.021107 0.020649 0.020218 0.019815 0.019439 0.019089 0.018767 0.018471 0.018202 0.017959 0.017743 0.017554 0.017392 0.017257 0.017150 0.017071 0.017019 0.016997 0.017003 0.017039 0.017105 0.017201 0.017328 0.017487 0.017678 0.017902 0.018160 0.018452 0.018778 0.019140 0.019539 0.019974 0.020447 0.020958 0.021509 0.022099
0.031698 0.030441 0.029378 0.028421 0.027534 0.026702 0.025917 0.025175 0.024474 0.023814 0.023192 0.022607 0.022058 0.021544 0.021063 0.020609 0.020182 0.019783 0.019410 0.019064 0.018744 0.018451 0.018185 0.017944 0.017731 0.017544 0.017384 0.017251 0.017145 0.017067 0.017017 0.016995 0.017002 0.017038 0.017104 0.017200 0.017327 0.017485 0.017675 0.017897 0.018153 0.018442 0.018766 0.019125 0.019519 0.019950 0.020419 0.020925 0.021470 0.022053
0.031665 0.030472 0.029399 0.028423 0.027519 0.026673 0.025878 0.025130 0.024426 0.023764 0.023141 0.022557 0.022009 0.021496 0.021016 0.020563 0.020138 0.019739 0.019368 0.019024 0.018706 0.018414 0.018149 0.017910 0.017698 0.017513 0.017354 0.017222 0.017117 0.017040 0.016991 0.016970 0.016977 0.017014 0.017080 0.017176 0.017302 0.017460 0.017649 0.017870 0.018125 0.018412 0.018734 0.019091 0.019483 0.019911 0.020376 0.020878 0.021419 0.021998
0.031491 0.030372 0.029383 0.028436 0.027533 0.026677 0.025871 0.025113 0.024400 0.023731 0.023103 0.022515 0.021965 0.021451 0.020968 0.020514 0.020088 0.019690 0.019318 0.018974 0.018656 0.018365 0.018101 0.017862 0.017651 0.017466 0.017308 0.017177 0.017073 0.016996 0.016947 0.016927 0.016935 0.016971 0.017038 0.017134 0.017260 0.017417 0.017606 0.017827 0.018080 0.018367 0.018687 0.019042 0.019432 0.019858 0.020321 0.020820 0.021358 0.021934
0.030689 0.030261 0.029379 0.028440 0.027530 0.026667 0.025853 0.025088 0.024370 0.023696 0.023064 0.022472 0.021919 0.021402 0.020917 0.020461 0.020034 0.019634 0.019262 0.018916 0.018598 0.018307 0.018042 0.017804 0.017592 0.017408 0.017250 0.017119 0.017015 0.016939 0.016891 0.016870 0.016878 0.016915 0.016982 0.017078 0.017204 0.017361 0.017550 0.017770 0.018023 0.018309 0.018628 0.018982 0.019371 0.019796 0.020256 0.020754 0.021289 0.021863
0.032773 0.030719 0.029451 0.028419 0.027487 0.026620 0.025806 0.025041 0.024322 0.023647 0.023014 0.022420 0.021865 0.021347 0.020860 0.020402 0.019973 0.019571 0.019198 0.018852 0.018533 0.018241 0.017975 0.017737 0.017525 0.017340 0.017182 0.017052 0.016948 0.016872 0.016824 0.016803 0.016812 0.016849 0.016915 0.017011 0.017138 0.017295 0.017483 0.017703 0.017956 0.018241 0.018560 0.018913 0.019301 0.019725 0.020184 0.020681 0.021214 0.021786
0.030619 0.030130 0.029241 0.028309 0.027408 0.026551 0.025742 0.024979 0.024261 0.023587 0.022953 0.022359 0.021803 0.021284 0.020795 0.020336 0.019905 0.019503 0.019128 0.018781 0.018461 0.018168 0.017902 0.017663 0.017451 0.017266 0.017108 0.016977 0.016873 0.016797 0.016749 0.016729 0.016737 0.016775 0.016841 0.016937 0.017064 0.017221 0.017409 0.017629 0.017882 0.018167 0.018485 0.018838 0.019225 0.019648 0.020106 0.020602 0.021134 0.021704
0.031260 0.030207 0.029226 0.028275 0.027364 0.026501 0.025688 0.024922 0.024201 0.023525 0.022890 0.022294 0.021737 0.021216 0.020726 0.020265 0.019833 0.019429 0.019053 0.018705 0.018384 0.018090 0.017824 0.017584 0.017372 0.017186 0.017028 0.016897 0.016793 0.016717 0.016669 0.016649 0.016657 0.016695 0.016761 0.016858 0.016984 0.017141 0.017329 0.017549 0.017801 0.018086 0.018405 0.018757 0.019144 0.019566 0.020024 0.020518 0.021049 0.021618
0.031962 0.030550 0.029361 0.028315 0.027361 0.026476 0.025650 0.024876 0.024149 0.023468 0.022829 0.022231 0.021671 0.021148 0.020655 0.020192 0.019758 0.019352 0.018975 0.018625 0.018303 0.018009 0.017742 0.017502 0.017289 0.017103 0.016944 0.016813 0.016709 0.016633 0.016585 0.016565 0.016573 0.016611 0.016677 0.016774 0.016900 0.017057 0.017245 0.017465 0.017717 0.018002 0.018319 0.018671 0.019058 0.019479 0.019936 0.020430 0.020960 0.021528
0.031754 0.030426 0.029300 0.028279 0.027332 0.026445 0.025614 0.024834 0.024102 0.023416 0.022772 0.022170 0.021607 0.021080 0.020584 0.020118 0.019682 0.019274 0.018895 0.018545 0.018222 0.017926 0.017658 0.017417 0.017204 0.017018 0.016859 0.016727 0.016623 0.016547 0.016498 0.016478 0.016486 0.016524 0.016590 0.016686 0.016813 0.016970 0.017157 0.017377 0.017629 0.017913 0.018230 0.018582 0.018967 0.019388 0.019844 0.020337 0.020866 0.021433
0.030566 0.029976 0.029115 0.028191 0.027279 0.026403 0.025573 0.024791 0.024054 0.023363 0.022716 0.022109 0.021543 0.021013 0.020514 0.020045 0.019606 0.019197 0.018816 0.018464 0.018140 0.017843 0.017574 0.017333 0.017118 0.016932 0.016772 0.016640 0.016536 0.016459 0.016410 0.016390 0.016398 0.016435 0.016501 0.016597 0.016723 0.016879 0.017067 0.017286 0.017537 0.017821 0.018138 0.018488 0.018873 0.019293 0.019748 0.020240 0.020768 0.021334
0.031384 0.030255 0.029197 0.028200 0.027258 0.026369 0.025532 0.024743 0.024003 0.023308 0.022657 0.022047 0.021478 0.020945 0.020443 0.019973 0.019532 0.019121 0.018738 0.018385 0.018059 0.017762 0.017492 0.017249 0.017034 0.016847 0.016687 0.016554 0.016449 0.016372 0.016322 0.016301 0.016309 0.016345 0.016411 0.016506 0.016631 0.016787 0.016974 0.017192 0.017443 0.017725 0.018041 0.018391 0.018775 0.019194 0.019648 0.020138 0.020665 0.021229
0.032269 0.030581 0.029310 0.028223 0.027240 0.026331 0.025483 0.024689 0.023945 0.023247 0.022594 0.021983 0.021412 0.020877 0.020374 0.019901 0.019459 0.019046 0.018663 0.018308 0.017981 0.017683 0.017412 0.017168 0.016953 0.016764 0.016603 0.016470 0.016364 0.016286 0.016235 0.016214 0.016220 0.016256 0.016320 0.016414 0.016539 0.016693 0.016879 0.017096 0.017345 0.017627 0.017942 0.018290 0.018672 0.019089 0.019542 0.020031 0.020556 0.021118
0.031029 0.030169 0.029144 0.028130 0.027168 0.026265 0.025419 0.024625 0.023881 0.023183 0.022530 0.021918 0.021347 0.020811 0.020306 0.019833 0.019389 0.018976 0.018591 0.018235 0.017907 0.017608 0.017336 0.017091 0.016874 0.016684 0.016522 0.016388 0.016280 0.016201 0.016150 0.016126 0.016132 0.016166 0.016229 0.016322 0.016445 0.016598 0.016782 0.016998 0.017245 0.017525 0.017838 0.018184 0.018565 0.018980 0.019431 0.019917 0.020440 0.021001
0.031084 0.030012 0.028989 0.028008 0.027072 0.026185 0.025347 0.024557 0.023816 0.023119 0.022467 0.021856 0.021285 0.020748 0.020243 0.019768 0.019324 0.018909 0.018524 0.018166 0.017838 0.017537 0.017263 0.017017 0.016799 0.016608 0.016444 0.016308 0.016199 0.016118 0.016065 0.016040 0.016044 0.016076 0.016137 0.016228 0.016349 0.016501 0.016683 0.016896 0.017142 0.017419 0.017730 0.018074 0.018453 0.018865 0.019314 0.019798 0.020318 0.020876
0.031161 0.029960 0.028918 0.027939 0.027007 0.026123 0.025286 0.024498 0.023757 0.023061 0.022409 0.021798 0.021226 0.020689 0.020183 0.019708 0.019263 0.018847 0.018460 0.018102 0.017772 0.017469 0.017194 0.016947 0.016727 0.016534 0.016368 0.016230 0.016119 0.016036 0.015981 0.015954 0.015955 0.015986 0.016045 0.016133 0.016252 0.016401 0.016581 0.016792 0.017034 0.017310 0.017618 0.017959 0.018335 0.018745 0.019190 0.019671 0.020189 0.020743
0.030848 0.030000 0.028970 0.027952 0.026989 0.026086 0.025240 0.024447 0.023704 0.023007 0.022354 0.021743 0.021171 0.020633 0.020127 0.019651 0.019205 0.018788 0.018400 0.018040 0.017708 0.017404 0.017127 0.016878 0.016656 0.016461 0.016293 0.016153 0.016040 0.015954 0.015897 0.015867 0.015866 0.015894 0.015950 0.016036 0.016152 0.016298 0.016475 0.016683 0.016923 0.017195 0.017500 0.017838 0.018211 0.018618 0.019059 0.019537 0.020051 0.020602
0.032178 0.030392 0.029066 0.027947 0.026948 0.026031 0.025181 0.024387 0.023644 0.022948 0.022296 0.021686 0.021115 0.020577 0.020070 0.019594 0.019147 0.018729 0.018340 0.017979 0.017645 0.017339 0.017061 0.016809 0.016585 0.016387 0.016217 0.016074 0.015959 0.015871 0.015811 0.015778 0.015774 0.015799 0.015853 0.015936 0.016049 0.016192 0.016365 0.016570 0.016807 0.017075 0.017377 0.017712 0.018080 0.018484 0.018922 0.019396 0.019906 0.020453
0.030856 0.029774 0.028730 0.027736 0.026798 0.025914 0.025083 0.024302 0.023567 0.022877 0.022230 0.021623 0.021054 0.020517 0.020011 0.019534 0.019087 0.018668 0.018278 0.017915 0.017580 0.017272 0.016991 0.016738 0.016511 0.016312 0.016139 0.015993 0.015875 0.015785 0.015721 0.015686 0.015679 0.015701 0.015752 0.015831 0.015941 0.016081 0.016251 0.016452 0.016685 0.016950 0.017248 0.017579 0.017944 0.018343 0.018777 0.019246 0.019752 0.020295
0.029585 0.029123 0.028342 0.027479 0.026611 0.025769 0.024964 0.024200 0.023478 0.022797 0.022155 0.021553 0.020987 0.020452 0.019946 0.019470 0.019022 0.018603 0.018211 0.017847 0.017510 0.017201 0.016918 0.016662 0.016433 0.016231 0.016056 0.015908 0.015787 0.015694 0.015628 0.015590 0.015580 0.015599 0.015646 0.015722 0.015829 0.015965 0.016131 0.016329 0.016558 0.016820 0.017113 0.017440 0.017801 0.018195 0.018625 0.019090 0.019591 0.020128
0.030652 0.029355 0.028326 0.027387 0.026501 0.025660 0.024862 0.024106 0.023392 0.022716 0.022080 0.021480 0.020916 0.020382 0.019877 0.019401 0.018952 0.018532 0.018139 0.017773 0.017435 0.017124 0.016839 0.016581 0.016350 0.016146 0.015968 0.015818 0.015694 0.015598 0.015530 0.015489 0.015476 0.015491 0.015536 0.015609 0.015712 0.015844 0.016007 0.016201 0.016427 0.016684 0.016973 0.017296 0.017652 0.018042 0.018467 0.018927 0.019422 0.019955
0.030723 0.029502 0.028377 0.027370 0.026450 0.025595 0.024792 0.024036 0.023321 0.022647 0.022011 0.021412 0.020847 0.020312 0.019805 0.019327 0.018878 0.018455 0.018061 0.017693 0.017353 0.017040 0.016753 0.016494 0.016261 0.016054 0.015875 0.015722 0.015596 0.015498 0.015427 0.015383 0.015367 0.015380 0.015421 0.015491 0.015591 0.015720 0.015879 0.016069 0.016291 0.016544 0.016829 0.017147 0.017498 0.017883 0.018303 0.018758 0.019248 0.019775
0.030470 0.029286 0.028264 0.027311 0.026411 0.025559 0.024753 0.023991 0.023272 0.022592 0.021952 0.021349 0.020780 0.020241 0.019732 0.019251 0.018798 0.018374 0.017977 0.017607 0.017265 0.016950 0.016662 0.016400 0.016166 0.015958 0.015776 0.015622 0.015494 0.015393 0.015320 0.015274 0.015256 0.015266 0.015304 0.015371 0.015467 0.015593 0.015749 0.015935 0.016152 0.016401 0.016682 0.016995 0.017341 0.017721 0.018136 0.018585 0.019070 0.019590
0.029639 0.029048 0.028206 0.027307 0.026417 0.025560 0.024743 0.023969 0.023238 0.022549 0.021900 0.021289 0.020714 0.020169 0.019654 0.019169 0.018714 0.018286 0.017887 0.017516 0.017172 0.016856 0.016566 0.016304 0.016067 0.015858 0.015675 0.015519 0.015390 0.015288 0.015213 0.015165 0.015144 0.015152 0.015187 0.015251 0.015344 0.015467 0.015619 0.015801 0.016014 0.016258 0.016534 0.016843 0.017184 0.017558 0.017967 0.018410 0.018889 0.019403
0.030914 0.029588 0.028467 0.027444 0.026489 0.025591 0.024746 0.023952 0.023204 0.022502 0.021842 0.021224 0.020641 0.020090 0.019571 0.019082 0.018624 0.018194 0.017794 0.017421 0.017077 0.016760 0.016469 0.016206 0.015969 0.015759 0.015576 0.015419 0.015288 0.015185 0.015108 0.015058 0.015036 0.015041 0.015074 0.015135 0.015225 0.015344 0.015492 0.015670 0.015879 0.016118 0.016390 0.016693 0.017028 0.017397 0.017800 0.018237 0.018709 0.019217
0.031206 0.029847 0.028627 0.027526 0.026519 0.025586 0.024717 0.023904 0.023144 0.022432 0.021766 0.021142 0.020554 0.020000 0.019478 0.018988 0.018529 0.018099 0.017699 0.017327 0.016982 0.016666 0.016376 0.016113 0.015876 0.015666 0.015482 0.015325 0.015194 0.015089 0.015011 0.014960 0.014935 0.014938 0.014968 0.015026 0.015113 0.015228 0.015372 0.015546 0.015750 0.015985 0.016251 0.016549 0.016878 0.017241 0.017637 0.018068 0.018533 0.019033
0.030940 0.029637 0.028479 0.027409 0.026412 0.025482 0.024612 0.023799 0.023038 0.022326 0.021660 0.021037 0.020450 0.019898 0.019378 0.018891 0.018433 0.018006 0.017608 0.017238 0.016896 0.016581 0.016292 0.016030 0.015795 0.015585 0.015402 0.015244 0.015112 0.015007 0.014927 0.014874 0.014848 0.014848 0.014875 0.014930 0.015013 0.015124 0.015264 0.015434 0.015633 0.015862 0.016122 0.016414 0.016737 0.017093 0.017483 0.017906 0.018364 0.018856
0.029984 0.029119 0.028130 0.027139 0.026186 0.025283 0.024433 0.023635 0.022887 0.022186 0.021531 0.020916 0.020337 0.019792 0.019279 0.018797 0.018345 0.017923 0.017529 0.017163 0.016825 0.016512 0.016226 0.015967 0.015732 0.015524 0.015340 0.015183 0.015050 0.014944 0.014863 0.014808 0.014779 0.014776 0.014800 0.014851 0.014930 0.015037 0.015172 0.015336 0.015529 0.015753 0.016007 0.016292 0.016608 0.016958 0.017339 0.017755 0.018205 0.018690
0.030116 0.028914 0.027844 0.026851 0.025919 0.025042 0.024217 0.023443 0.022716 0.022034 0.021395 0.020795 0.020229 0.019696 0.019193 0.018720 0.018277 0.017862 0.017474 0.017113 0.016779 0.016470 0.016187 0.015929 0.015696 0.015488 0.015305 0.015147 0.015013 0.014905 0.014822 0.014764 0.014732 0.014726 0.014746 0.014793 0.014867 0.014968 0.015098 0.015256 0.015444 0.015660 0.015908 0.016186 0.016495 0.016836 0.017211 0.017618 0.018060 0.018536
0.029809 0.028622 0.027550 0.026568 0.025656 0.024806 0.024009 0.023261 0.022559 0.021899 0.021280 0.020698 0.020148 0.019628 0.019137 0.018675 0.018241 0.017833 0.017452 0.017096 0.016766 0.016460 0.016180 0.015923 0.015691 0.015483 0.015299 0.015140 0.015005 0.014894 0.014808 0.014747 0.014711 0.014700 0.014716 0.014757 0.014826 0.014922 0.015045 0.015197 0.015377 0.015587 0.015827 0.016097 0.016399 0.016732 0.017098 0.017497 0.017930 0.018398
0.029380 0.028244 0.027232 0.026297 0.025425 0.024610 0.023844 0.023124 0.022447 0.021810 0.021211 0.020646 0.020111 0.019605 0.019126 0.018673 0.018247 0.017846 0.017470 0.017118 0.016791 0.016488 0.016208 0.015952 0.015720 0.015511 0.015325 0.015163 0.015025 0.014911 0.014821 0.014755 0.014714 0.014699 0.014709 0.014744 0.014807 0.014896 0.015013 0.015157 0.015330 0.015533 0.015765 0.016027 0.016321 0.016646 0.017004 0.017394 0.017819 0.018277
0.028571 0.027800 0.026931 0.026076 0.025258 0.024482 0.023749 0.023056 0.022401 0.021784 0.021202 0.020652 0.020129 0.019633 0.019163 0.018718 0.018297 0.017901 0.017529 0.017180 0.016854 0.016551 0.016271 0.016014 0.015779 0.015568 0.015379 0.015214 0.015072 0.014953 0.014858 0.014787 0.014741 0.014719 0.014723 0.014752 0.014807 0.014890 0.014999 0.015136 0.015302 0.015497 0.015721 0.015976 0.016261 0.016578 0.016927 0.017310 0.017726 0.018176
0.028734 0.027678 0.026800 0.025977 0.025193 0.024445 0.023735 0.023062 0.022425 0.021822 0.021251 0.020712 0.020198 0.019709 0.019245 0.018804 0.018387 0.017992 0.017621 0.017272 0.016945 0.016641 0.016359 0.016099 0.015862 0.015647 0.015454 0.015284 0.015137 0.015013 0.014912 0.014835 0.014783 0.014755 0.014752 0.014775 0.014824 0.014899 0.015001 0.015131 0.015289 0.015477 0.015693 0.015940 0.016218 0.016527 0.016869 0.017243 0.017651 0.018093
0.028448 0.027672 0.026822 0.026002 0.025224 0.024488 0.023790 0.023129 0.022502 0.021907 0.021344 0.020811 0.020302 0.019817 0.019354 0.018915 0.018498 0.018104 0.017732 0.017381 0.017052 0.016745 0.016460 0.016196 0.015955 0.015735 0.015538 0.015363 0.015210 0.015081 0.014975 0.014892 0.014834 0.014800 0.014790 0.014807 0.014849 0.014917 0.015013 0.015136 0.015288 0.015468 0.015678 0.015918 0.016189 0.016491 0.016825 0.017193 0.017594 0.018029
0.028825 0.027783 0.026888 0.026065 0.025293 0.024566 0.023876 0.023222 0.022602 0.022013 0.021453 0.020923 0.020416 0.019931 0.019470 0.019030 0.018612 0.018216 0.017841 0.017488 0.017156 0.016846 0.016557 0.016289 0.016044 0.015820 0.015618 0.015438 0.015280 0.015146 0.015035 0.014947 0.014883 0.014843 0.014829 0.014840 0.014876 0.014939 0.015029 0.015147 0.015292 0.015467 0.015671 0.015905 0.016170 0.016467 0.016796 0.017157 0.017553 0.017982
0.028575 0.027709 0.026881 0.026094 0.025345 0.024633 0.023954 0.023307 0.022691 0.022105 0.021548 0.021018 0.020511 0.020027 0.019564 0.019123 0.018704 0.018306 0.017929 0.017573 0.017239 0.016925 0.016633 0.016362 0.016113 0.015886 0.015680 0.015496 0.015335 0.015197 0.015082 0.014990 0.014922 0.014878 0.014860 0.014866 0.014899 0.014958 0.015044 0.015157 0.015299 0.015469 0.015669 0.015899 0.016160 0.016453 0.016777 0.017135 0.017526 0.017952
0.028383 0.027616 0.026848 0.026096 0.025368 0.024668 0.023997 0.023355 0.022742 0.022158 0.021602 0.021073 0.020566 0.020081 0.019618 0.019176 0.018755 0.018356 0.017977 0.017620 0.017284 0.016969 0.016675 0.016402 0.016151 0.015922 0.015714 0.015528 0.015365 0.015225 0.015107 0.015013 0.014943 0.014898 0.014877 0.014881 0.014912 0.014968 0.015052 0.015163 0.015303 0.015471 0.015669 0.015897 0.016156 0.016446 0.016769 0.017124 0.017513 0.017937
