0.024270 0.091964 0.017887 0.065784
0.024228 0.092208 0.017918 0.066078
0.024145 0.092688 0.017978 0.066654
0.024024 0.093386 0.018063 0.067490
0.023870 0.094278 0.018169 0.068556
0.023687 0.095334 0.018288 0.069814
0.023482 0.096522 0.018416 0.071225
0.023262 0.097811 0.018547 0.072747
0.023034 0.099168 0.018676 0.074341
0.022803 0.100564 0.018800 0.075972
0.022577 0.101975 0.018916 0.077610
0.022361 0.103380 0.019024 0.079231
0.022159 0.104763 0.019124 0.080817
0.021974 0.106112 0.019218 0.082355
0.021809 0.107419 0.019309 0.083835
0.021664 0.108679 0.019398 0.085251
0.021541 0.109890 0.019490 0.086596
0.021439 0.111049 0.019588 0.087864
0.021356 0.112152 0.019694 0.089048
0.021291 0.113195 0.019813 0.090136
0.021242 0.114169 0.019948 0.091115
0.021208 0.115063 0.020102 0.091966
0.021184 0.115860 0.020280 0.092671
0.021169 0.116539 0.020486 0.093203
0.021158 0.117077 0.020724 0.093538
0.021149 0.117447 0.021000 0.093647
0.021139 0.117622 0.021320 0.093504
0.021123 0.117574 0.021690 0.093081
0.021100 0.117279 0.022118 0.092354
0.021068 0.116712 0.022614 0.091303
0.021024 0.115856 0.023190 0.089912
0.020969 0.114695 0.023858 0.088174
0.020904 0.113216 0.024635 0.086089
0.020833 0.111411 0.025538 0.083665
0.020762 0.109274 0.026585 0.080921
0.020697 0.106800 0.027798 0.077884
0.020648 0.103991 0.029195 0.074593
0.020629 0.100849 0.030794 0.071093
0.020653 0.097382 0.032609 0.067439
0.020737 0.093603 0.034648 0.063689
0.020899 0.089531 0.036911 0.059905
0.021160 0.085192 0.039390 0.056149
0.021540 0.080619 0.042063 0.052482
0.022061 0.075855 0.044899 0.048957
0.022745 0.070948 0.047849 0.045622
0.023612 0.065951 0.050856 0.042515
0.024681 0.060925 0.053847 0.039665
0.025969 0.055930 0.056740 0.037090
0.027488 0.051029 0.059449 0.034797
0.029250 0.046281 0.061884 0.032788
0.031260 0.041744 0.063958 0.031058
0.033520 0.037465 0.065592 0.029596
0.036027 0.033487 0.066721 0.028390
0.038774 0.029840 0.067298 0.027430
0.041750 0.026545 0.067298 0.026705
0.044937 0.023612 0.066718 0.026206
0.048311 0.021041 0.065582 0.025929
0.051839 0.018821 0.063934 0.025872
0.055479 0.016935 0.061837 0.026035
0.059179 0.015357 0.059371 0.026419
0.062876 0.014060 0.056621 0.027028
0.066503 0.013010 0.053679 0.027863
0.069987 0.012174 0.050632 0.028924
0.073252 0.011520 0.047559 0.030208
0.076229 0.011016 0.044531 0.031708
0.078856 0.010632 0.041604 0.033412
0.081079 0.010343 0.038818 0.035304
0.082859 0.010124 0.036202 0.037364
0.084170 0.009956 0.033772 0.039568
0.084999 0.009825 0.031535 0.041886
0.085348 0.009715 0.029491 0.044289
0.085229 0.009619 0.027634 0.046745
0.084662 0.009529 0.025956 0.049220
0.083677 0.009440 0.024448 0.051682
0.082308 0.009348 0.023100 0.054098
0.080595 0.009252 0.021903 0.056438
0.078579 0.009150 0.020847 0.058671
0.076304 0.009042 0.019923 0.060770
0.073816 0.008929 0.019122 0.062713
0.071159 0.008811 0.018434 0.064479
0.068379 0.008689 0.017848 0.066053
0.065523 0.008565 0.017352 0.067423
0.062633 0.008440 0.016935 0.068587
0.059753 0.008316 0.016584 0.069545
0.056922 0.008196 0.016285 0.070304
0.054177 0.008082 0.016027 0.070879
0.051550 0.007976 0.015799 0.071287
0.049069 0.007878 0.015590 0.071550
0.046757 0.007791 0.015393 0.071692
0.044630 0.007715 0.015201 0.071737
0.042702 0.007649 0.015012 0.071710
0.040977 0.007593 0.014824 0.071632
0.039460 0.007547 0.014638 0.071523
0.038149 0.007508 0.014458 0.071400
0.037041 0.007477 0.014287 0.071275
0.036130 0.007453 0.014133 0.071159
0.035411 0.007433 0.013999 0.071059
0.034877 0.007419 0.013893 0.070980
0.034524 0.007410 0.013820 0.070925
0.034349 0.007406 0.013782 0.070897
