0.554875
1.395767
1.404188
1.219988
1.361282
1.474415
0.621082
1.112666
0.651273
0.783279
1.091593
0.791715
0.089725
0.001749
0.215413
2.461924
0.119546
0.218876
0.155933
0.397194
3.038312
5.235759
0.018546
4.318227
0.272108
0.084028
0.279158
0.342243
2.971683
-2.220701
0.827801
2.287238
0.430202
2.340513
2.422331
1.033550
-1.216574
1.359937
-1.615422
1.593961
8.241571
12.392598
27.165028
1.480126
5.593728
-16.445129
-12.585475
23.123765
8.990936
3.895565
10.582039
6.914235
5.169015
14.348537
23.177584
17.564323
0.911555
