1.015192
0.926755
1.399155
0.522764
1.002693
0.972161
0.659133
0.916258
0.583792
1.468462
0.780158
1.107376
1.136005
0.983596
1.312316
2.542101
0.597908
2.274706
1.752277
0.651038
5.312242
0.510832
0.529885
1.116200
0.843591
4.343350
1.710686
6.331296
-2.271233
-1.544540
1.526502
-1.834945
0.974557
1.077023
-2.984819
2.838111
1.394677
-2.951924
2.605060
0.226890
-1.154091
26.781149
-11.772628
1.421177
2.735741
-13.434774
17.125930
5.472411
-5.210961
1.508933
2.977179
-15.684865
1.559383
-15.097825
-19.415028
-5.448665
1.339683
