0.063545 0.065551 0.067139 0.068597 0.069952 0.071202 0.072348 0.073399 0.074365 0.075254 0.076075 0.076836 0.077544 0.078204 0.078821 0.079398 0.079938 0.080446 0.080924 0.081373 0.081797 0.082196 0.082572 0.082928 0.083263 0.083580 0.083879 0.084162 0.084429 0.084682 0.084921 0.085146 0.085359 0.085560 0.085750 0.085929 0.086098 0.086257 0.086406 0.086547 0.086680 0.086804 0.086920 0.087029 0.087131 0.087227 0.087315 0.087398 0.087474 0.087545
0.069863 0.069813 0.070938 0.072144 0.073249 0.074249 0.075160 0.075998 0.076775 0.077499 0.078174 0.078806 0.079399 0.079956 0.080479 0.080972 0.081436 0.081873 0.082286 0.082676 0.083044 0.083392 0.083721 0.084031 0.084325 0.084603 0.084866 0.085115 0.085350 0.085572 0.085782 0.085980 0.086167 0.086344 0.086511 0.086668 0.086816 0.086956 0.087087 0.087210 0.087325 0.087433 0.087534 0.087629 0.087717 0.087798 0.087874 0.087945 0.088010 0.088069
0.072092 0.076313 0.077832 0.078636 0.079231 0.079754 0.080247 0.080721 0.081180 0.081623 0.082051 0.082461 0.082855 0.083231 0.083591 0.083934 0.084261 0.084572 0.084868 0.085149 0.085417 0.085671 0.085912 0.086141 0.086358 0.086564 0.086760 0.086944 0.087119 0.087285 0.087441 0.087589 0.087728 0.087859 0.087983 0.088099 0.088208 0.088310 0.088406 0.088495 0.088579 0.088656 0.088729 0.088795 0.088857 0.088913 0.088965 0.089013 0.089056 0.089094
0.092159 0.088479 0.087311 0.086867 0.086693 0.086651 0.086684 0.086766 0.086879 0.087012 0.087159 0.087314 0.087473 0.087634 0.087795 0.087954 0.088110 0.088263 0.088411 0.088555 0.088693 0.088827 0.088955 0.089077 0.089194 0.089305 0.089411 0.089512 0.089607 0.089697 0.089781 0.089861 0.089936 0.090006 0.090071 0.090132 0.090188 0.090240 0.090288 0.090332 0.090372 0.090408 0.090441 0.090470 0.090495 0.090517 0.090536 0.090552 0.090565 0.090575
0.096247 0.096091 0.095277 0.094606 0.094117 0.093758 0.093487 0.093276 0.093111 0.092981 0.092878 0.092798 0.092735 0.092687 0.092652 0.092626 0.092608 0.092597 0.092591 0.092588 0.092589 0.092593 0.092598 0.092604 0.092611 0.092618 0.092625 0.092631 0.092637 0.092642 0.092646 0.092649 0.092651 0.092651 0.092650 0.092647 0.092643 0.092637 0.092630 0.092621 0.092611 0.092599 0.092585 0.092570 0.092554 0.092536 0.092517 0.092496 0.092474 0.092451
0.103307 0.102095 0.101619 0.101207 0.100787 0.100372 0.099974 0.099602 0.099258 0.098942 0.098653 0.098389 0.098147 0.097927 0.097724 0.097539 0.097368 0.097210 0.097064 0.096928 0.096801 0.096683 0.096572 0.096467 0.096367 0.096273 0.096183 0.096097 0.096015 0.095935 0.095859 0.095784 0.095712 0.095642 0.095573 0.095506 0.095440 0.095375 0.095311 0.095249 0.095186 0.095125 0.095064 0.095004 0.094944 0.094885 0.094826 0.094767 0.094709 0.094651
0.105165 0.106974 0.107299 0.107120 0.106747 0.106299 0.105829 0.105361 0.104907 0.104474 0.104064 0.103676 0.103311 0.102967 0.102644 0.102339 0.102051 0.101779 0.101522 0.101279 0.101048 0.100828 0.100620 0.100421 0.100231 0.100049 0.099875 0.099708 0.099547 0.099392 0.099243 0.099100 0.098961 0.098826 0.098696 0.098570 0.098447 0.098327 0.098211 0.098098 0.097988 0.097880 0.097775 0.097673 0.097573 0.097475 0.097379 0.097285 0.097193 0.097103
0.115570 0.114164 0.113316 0.112637 0.112018 0.111431 0.110869 0.110329 0.109811 0.109315 0.108840 0.108386 0.107952 0.107537 0.107141 0.106762 0.106400 0.106053 0.105722 0.105404 0.105100 0.104809 0.104529 0.104261 0.104003 0.103755 0.103516 0.103286 0.103064 0.102850 0.102644 0.102445 0.102252 0.102066 0.101885 0.101710 0.101541 0.101377 0.101218 0.101063 0.100913 0.100767 0.100626 0.100488 0.100355 0.100225 0.100099 0.099976 0.099856 0.099740
0.121145 0.119146 0.117872 0.116934 0.116174 0.115517 0.114920 0.114364 0.113836 0.113331 0.112844 0.112375 0.111921 0.111483 0.111059 0.110649 0.110253 0.109871 0.109502 0.109145 0.108801 0.108468 0.108147 0.107837 0.107537 0.107248 0.106968 0.106697 0.106435 0.106182 0.105937 0.105700 0.105471 0.105249 0.105034 0.104826 0.104624 0.104429 0.104239 0.104056 0.103878 0.103706 0.103539 0.103378 0.103221 0.103070 0.102923 0.102781 0.102644 0.102511
0.120773 0.120761 0.120174 0.119558 0.118985 0.118450 0.117943 0.117454 0.116979 0.116516 0.116062 0.115619 0.115184 0.114759 0.114344 0.113939 0.113544 0.113159 0.112785 0.112420 0.112066 0.111722 0.111387 0.111062 0.110747 0.110441 0.110144 0.109856 0.109577 0.109306 0.109043 0.108789 0.108542 0.108303 0.108071 0.107847 0.107629 0.107419 0.107215 0.107018 0.106827 0.106643 0.106465 0.106293 0.106127 0.105967 0.105812 0.105664 0.105521 0.105383
0.122631 0.121528 0.121300 0.121100 0.120828 0.120500 0.120139 0.119760 0.119370 0.118975 0.118580 0.118186 0.117795 0.117408 0.117027 0.116651 0.116282 0.115921 0.115566 0.115219 0.114880 0.114549 0.114226 0.113911 0.113603 0.113304 0.113013 0.112730 0.112455 0.112187 0.111927 0.111675 0.111431 0.111194 0.110964 0.110742 0.110527 0.110319 0.110118 0.109924 0.109737 0.109557 0.109383 0.109216 0.109056 0.108903 0.108756 0.108615 0.108481 0.108354
0.118915 0.121758 0.122406 0.122470 0.122333 0.122106 0.121831 0.121526 0.121205 0.120873 0.120537 0.120199 0.119861 0.119525 0.119191 0.118861 0.118536 0.118215 0.117900 0.117589 0.117285 0.116987 0.116695 0.116410 0.116131 0.115859 0.115594 0.115335 0.115084 0.114839 0.114602 0.114372 0.114149 0.113933 0.113724 0.113522 0.113327 0.113140 0.112960 0.112786 0.112620 0.112461 0.112310 0.112165 0.112028 0.111898 0.111775 0.111659 0.111551 0.111450
0.128948 0.125561 0.124554 0.124104 0.123788 0.123502 0.123219 0.122935 0.122650 0.122364 0.122079 0.121794 0.121512 0.121232 0.120955 0.120680 0.120409 0.120142 0.119879 0.119620 0.119366 0.119116 0.118871 0.118632 0.118398 0.118170 0.117948 0.117732 0.117522 0.117318 0.117121 0.116931 0.116747 0.116570 0.116400 0.116236 0.116080 0.115931 0.115790 0.115655 0.115529 0.115409 0.115297 0.115193 0.115097 0.115009 0.114929 0.114857 0.114793 0.114738
0.124117 0.125712 0.125635 0.125289 0.124936 0.124615 0.124324 0.124056 0.123803 0.123562 0.123330 0.123103 0.122882 0.122664 0.122450 0.122239 0.122031 0.121827 0.121626 0.121430 0.121237 0.121048 0.120864 0.120684 0.120509 0.120340 0.120176 0.120017 0.119865 0.119718 0.119577 0.119443 0.119315 0.119195 0.119081 0.118974 0.118874 0.118782 0.118697 0.118621 0.118552 0.118491 0.118439 0.118395 0.118360 0.118334 0.118317 0.118309 0.118312 0.118324
0.128948 0.127028 0.126377 0.125973 0.125650 0.125378 0.125143 0.124937 0.124751 0.124578 0.124415 0.124259 0.124108 0.123962 0.123819 0.123680 0.123544 0.123412 0.123283 0.123158 0.123037 0.122920 0.122807 0.122699 0.122596 0.122498 0.122406 0.122319 0.122238 0.122164 0.122095 0.122034 0.121979 0.121931 0.121891 0.121859 0.121834 0.121817 0.121809 0.121809 0.121819 0.121837 0.121865 0.121903 0.121952 0.122011 0.122081 0.122162 0.122256 0.122362
0.125232 0.126355 0.126328 0.126160 0.126015 0.125898 0.125801 0.125715 0.125634 0.125558 0.125485 0.125414 0.125346 0.125281 0.125218 0.125159 0.125103 0.125051 0.125003 0.124959 0.124920 0.124885 0.124855 0.124831 0.124812 0.124799 0.124792 0.124791 0.124797 0.124810 0.124831 0.124858 0.124894 0.124937 0.124989 0.125050 0.125120 0.125199 0.125289 0.125388 0.125498 0.125620 0.125752 0.125897 0.126055 0.126226 0.126411 0.126611 0.126826 0.127057
0.128577 0.126617 0.126261 0.126299 0.126408 0.126505 0.126579 0.126632 0.126669 0.126698 0.126721 0.126742 0.126764 0.126787 0.126812 0.126841 0.126874 0.126912 0.126954 0.127002 0.127055 0.127115 0.127180 0.127252 0.127331 0.127417 0.127511 0.127612 0.127721 0.127839 0.127965 0.128100 0.128245 0.128400 0.128566 0.128742 0.128929 0.129128 0.129339 0.129563 0.129801 0.130053 0.130320 0.130602 0.130901 0.131218 0.131553 0.131908 0.132284 0.132682
0.123003 0.125177 0.126334 0.126977 0.127363 0.127619 0.127806 0.127954 0.128081 0.128198 0.128310 0.128421 0.128534 0.128650 0.128771 0.128897 0.129029 0.129167 0.129312 0.129464 0.129623 0.129791 0.129967 0.130151 0.130344 0.130546 0.130757 0.130979 0.131211 0.131453 0.131707 0.131972 0.132250 0.132540 0.132844 0.133161 0.133493 0.133841 0.134204 0.134585 0.134983 0.135400 0.135838 0.136297 0.136778 0.137284 0.137815 0.138375 0.138965 0.139588
0.124861 0.127779 0.128684 0.129065 0.129299 0.129489 0.129667 0.129845 0.130027 0.130215 0.130409 0.130611 0.130821 0.131039 0.131265 0.131500 0.131744 0.131998 0.132261 0.132533 0.132816 0.133109 0.133414 0.133729 0.134056 0.134395 0.134747 0.135112 0.135490 0.135883 0.136290 0.136713 0.137152 0.137607 0.138081 0.138573 0.139085 0.139617 0.140172 0.140750 0.141352 0.141981 0.142638 0.143325 0.144044 0.144798 0.145591 0.146424 0.147303 0.148231
0.139353 0.134034 0.132444 0.131965 0.131876 0.131954 0.132118 0.132332 0.132580 0.132853 0.133146 0.133454 0.133778 0.134114 0.134464 0.134826 0.135201 0.135589 0.135990 0.136404 0.136832 0.137274 0.137730 0.138201 0.138688 0.139191 0.139711 0.140249 0.140804 0.141379 0.141973 0.142588 0.143225 0.143885 0.144570 0.145280 0.146017 0.146783 0.147580 0.148410 0.149275 0.150177 0.151121 0.152108 0.153143 0.154230 0.155375 0.156583 0.157861 0.159216
0.130806 0.133658 0.134203 0.134372 0.134549 0.134791 0.135091 0.135435 0.135813 0.136217 0.136643 0.137088 0.137552 0.138033 0.138530 0.139044 0.139575 0.140123 0.140687 0.141270 0.141871 0.142490 0.143129 0.143788 0.144468 0.145169 0.145893 0.146640 0.147412 0.148210 0.149035 0.149889 0.150773 0.151689 0.152638 0.153624 0.154648 0.155713 0.156823 0.157980 0.159188 0.160451 0.161776 0.163166 0.164629 0.166173 0.167806 0.169539 0.171383 0.173354
0.136752 0.136135 0.136565 0.137119 0.137666 0.138204 0.138743 0.139292 0.139855 0.140434 0.141030 0.141646 0.142281 0.142935 0.143611 0.144307 0.145024 0.145763 0.146525 0.147310 0.148120 0.148954 0.149814 0.150701 0.151616 0.152560 0.153534 0.154541 0.155581 0.156657 0.157770 0.158923 0.160118 0.161358 0.162646 0.163986 0.165381 0.166835 0.168354 0.169943 0.171608 0.173358 0.175199 0.177143 0.179201 0.181385 0.183713 0.186203 0.188878 0.191764
0.137495 0.138943 0.140000 0.140925 0.141764 0.142553 0.143315 0.144072 0.144833 0.145608 0.146402 0.147216 0.148054 0.148916 0.149804 0.150719 0.151662 0.152634 0.153635 0.154667 0.155731 0.156827 0.157959 0.159126 0.160330 0.161575 0.162860 0.164190 0.165566 0.166990 0.168468 0.170000 0.171593 0.173249 0.174975 0.176774 0.178655 0.180623 0.182687 0.184857 0.187144 0.189559 0.192118 0.194838 0.197741 0.200849 0.204193 0.207807 0.211732 0.216019
0.141583 0.143623 0.144975 0.146030 0.146979 0.147899 0.148822 0.149762 0.150724 0.151714 0.152732 0.153781 0.154861 0.155975 0.157123 0.158306 0.159525 0.160781 0.162076 0.163411 0.164788 0.166208 0.167674 0.169189 0.170753 0.172371 0.174046 0.175780 0.177579 0.179446 0.181386 0.183405 0.185508 0.187704 0.190000 0.192404 0.194929 0.197584 0.200385 0.203346 0.206488 0.209833 0.213405 0.217237 0.221365 0.225835 0.230698 0.236019 0.241875 0.248357
0.150502 0.150707 0.151146 0.151863 0.152765 0.153786 0.154889 0.156052 0.157266 0.158525 0.159827 0.161170 0.162555 0.163983 0.165453 0.166968 0.168529 0.170137 0.171794 0.173504 0.175267 0.177087 0.178968 0.180912 0.182924 0.185008 0.187169 0.189412 0.191744 0.194171 0.196701 0.199343 0.202106 0.205003 0.208046 0.211249 0.214631 0.218212 0.222014 0.226065 0.230399 0.235053 0.240074 0.245518 0.251451 0.257954 0.265121 0.273069 0.281934 0.291876
0.158305 0.155774 0.155853 0.156786 0.158037 0.159432 0.160910 0.162446 0.164032 0.165666 0.167345 0.169070 0.170843 0.172665 0.174538 0.176464 0.178446 0.180486 0.182588 0.184755 0.186991 0.189301 0.191689 0.194161 0.196724 0.199383 0.202146 0.205022 0.208021 0.211152 0.214428 0.217863 0.221472 0.225275 0.229291 0.233546 0.238068 0.242891 0.248053 0.253603 0.259596 0.266100 0.273196 0.280980 0.289569 0.299103 0.309748 0.321699 0.335183 0.350455
0.144184 0.153197 0.157338 0.160050 0.162307 0.164410 0.166469 0.168529 0.170609 0.172723 0.174876 0.177074 0.179321 0.181621 0.183979 0.186398 0.188883 0.191438 0.194069 0.196781 0.199581 0.202475 0.205471 0.208576 0.211801 0.215154 0.218647 0.222294 0.226108 0.230106 0.234306 0.238731 0.243405 0.248356 0.253619 0.259233 0.265244 0.271708 0.278689 0.286267 0.294535 0.303606 0.313616 0.324727 0.337129 0.351049 0.366746 0.384513 0.404673 0.427563
0.160164 0.159050 0.161118 0.163716 0.166337 0.168925 0.171498 0.174080 0.176685 0.179324 0.182004 0.184730 0.187510 0.190350 0.193254 0.196230 0.199283 0.202422 0.205654 0.208987 0.212429 0.215990 0.219682 0.223515 0.227503 0.231660 0.236003 0.240551 0.245325 0.250349 0.255652 0.261265 0.267228 0.273583 0.280383 0.287689 0.295574 0.304125 0.313445 0.323660 0.334916 0.347392 0.361297 0.376875 0.394407 0.414210 0.436632 0.462042 0.490822 0.523338
0.159792 0.162883 0.165026 0.167402 0.170053 0.172887 0.175838 0.178868 0.181958 0.185103 0.188304 0.191562 0.194885 0.198278 0.201748 0.205304 0.208955 0.212708 0.216575 0.220566 0.224693 0.228968 0.233406 0.238023 0.242837 0.247868 0.253139 0.258676 0.264510 0.270674 0.277210 0.284162 0.291588 0.299550 0.308125 0.317403 0.327493 0.338520 0.350640 0.364032 0.378911 0.395527 0.414166 0.435154 0.458847 0.485636 0.515936 0.550192 0.588862 0.632373
0.163136 0.164215 0.166531 0.169328 0.172411 0.175675 0.179057 0.182524 0.186060 0.189663 0.193334 0.197076 0.200897 0.204804 0.208805 0.212909 0.217126 0.221467 0.225944 0.230569 0.235358 0.240327 0.245493 0.250876 0.256501 0.262394 0.268583 0.275104 0.281997 0.289308 0.297089 0.305406 0.314330 0.323951 0.334370 0.345712 0.358121 0.371772 0.386867 0.403645 0.422383 0.443394 0.467030 0.493680 0.523769 0.557770 0.596212 0.639683 0.688785 0.743991
0.153846 0.160145 0.164862 0.169100 0.173107 0.177005 0.180869 0.184745 0.188663 0.192640 0.196691 0.200825 0.205051 0.209377 0.213814 0.218370 0.223057 0.227887 0.232872 0.238027 0.243371 0.248920 0.254697 0.260726 0.267035 0.273655 0.280623 0.287981 0.295777 0.304070 0.312924 0.322418 0.332645 0.343711 0.355747 0.368904 0.383362 0.399331 0.417058 0.436828 0.458963 0.483825 0.511818 0.543392 0.579057 0.619402 0.665114 0.716948 0.775622 0.841526
0.156076 0.159458 0.164273 0.168842 0.173128 0.177265 0.181354 0.185456 0.189604 0.193821 0.198120 0.202511 0.207004 0.211607 0.216330 0.221182 0.226176 0.231322 0.236636 0.242133 0.247831 0.253752 0.259918 0.266357 0.273099 0.280180 0.287641 0.295528 0.303896 0.312810 0.322344 0.332586 0.343640 0.355628 0.368694 0.383010 0.398777 0.416228 0.435635 0.457309 0.481602 0.508906 0.539664 0.574375 0.613624 0.658100 0.708608 0.766021 0.831099 0.904105
0.153846 0.161372 0.165328 0.168952 0.172698 0.176588 0.180596 0.184706 0.188907 0.193199 0.197585 0.202067 0.206654 0.211350 0.216166 0.221109 0.226193 0.231428 0.236829 0.242414 0.248199 0.254206 0.260460 0.266987 0.273819 0.280992 0.288548 0.296535 0.305008 0.314033 0.323686 0.334057 0.345252 0.357395 0.370633 0.385141 0.401123 0.418817 0.438500 0.460486 0.485133 0.512840 0.544055 0.579293 0.619151 0.664341 0.715694 0.774106 0.840354 0.914684
0.163136 0.162349 0.164478 0.167521 0.170995 0.174723 0.178619 0.182638 0.186758 0.190969 0.195268 0.199657 0.204139 0.208721 0.213410 0.218215 0.223147 0.228218 0.233442 0.238835 0.244414 0.250199 0.256212 0.262481 0.269033 0.275902 0.283128 0.290755 0.298834 0.307426 0.316601 0.326441 0.337045 0.348526 0.361021 0.374691 0.389724 0.406343 0.424806 0.445412 0.468496 0.494437 0.523659 0.556637 0.593917 0.636141 0.684057 0.738492 0.800211 0.869583
0.157191 0.158512 0.161262 0.164638 0.168244 0.171952 0.175730 0.179570 0.183472 0.187438 0.191471 0.195573 0.199751 0.204009 0.208357 0.212803 0.217356 0.222028 0.226832 0.231781 0.236892 0.242181 0.247669 0.253378 0.259334 0.265564 0.272103 0.278987 0.286260 0.293973 0.302185 0.310964 0.320391 0.330562 0.341591 0.353611 0.366782 0.381291 0.397362 0.415251 0.435255 0.457711 0.482994 0.511522 0.543755 0.580219 0.621511 0.668305 0.721282 0.780943
0.144184 0.152290 0.157557 0.161661 0.165327 0.168843 0.172322 0.175809 0.179322 0.182873 0.186467 0.190111 0.193810 0.197572 0.201404 0.205315 0.209313 0.213409 0.217613 0.221937 0.226394 0.230999 0.235768 0.240719 0.245873 0.251250 0.256878 0.262786 0.269008 0.275582 0.282553 0.289974 0.297906 0.306422 0.315607 0.325562 0.336409 0.348292 0.361381 0.375880 0.392027 0.410099 0.430410 0.453315 0.479203 0.508499 0.541666 0.579210 0.621663 0.669515
0.149387 0.153603 0.156764 0.159695 0.162600 0.165520 0.168460 0.171419 0.174398 0.177401 0.180431 0.183497 0.186603 0.189758 0.192969 0.196242 0.199586 0.203010 0.206521 0.210130 0.213847 0.217683 0.221650 0.225762 0.230033 0.234480 0.239123 0.243982 0.249082 0.254450 0.260118 0.266124 0.272511 0.279328 0.286636 0.294504 0.303016 0.312273 0.322392 0.333518 0.345819 0.359500 0.374797 0.391988 0.411388 0.433347 0.458251 0.486506 0.518534 0.554741
0.159049 0.155187 0.155419 0.157080 0.159233 0.161547 0.163910 0.166285 0.168668 0.171063 0.173477 0.175916 0.178389 0.180902 0.183462 0.186075 0.188748 0.191487 0.194299 0.197190 0.200169 0.203243 0.206421 0.209712 0.213127 0.216678 0.220377 0.224239 0.228281 0.232521 0.236981 0.241685 0.246662 0.251945 0.257573 0.263590 0.270052 0.277021 0.284574 0.292803 0.301816 0.311746 0.322750 0.335017 0.348769 0.364266 0.381804 0.401718 0.424367 0.450124
0.142326 0.147275 0.150371 0.152758 0.154825 0.156736 0.158567 0.160362 0.162145 0.163934 0.165740 0.167571 0.169436 0.171339 0.173286 0.175282 0.177331 0.179437 0.181606 0.183841 0.186148 0.188532 0.190999 0.193555 0.196207 0.198962 0.201830 0.204819 0.207941 0.211207 0.214632 0.218232 0.222023 0.226028 0.230270 0.234778 0.239583 0.244727 0.250253 0.256218 0.262687 0.269739 0.277468 0.285990 0.295441 0.305986 0.317819 0.331170 0.346300 0.363507
0.138610 0.143867 0.146769 0.148636 0.150074 0.151339 0.152542 0.153732 0.154933 0.156156 0.157410 0.158699 0.160028 0.161398 0.162814 0.164276 0.165788 0.167352 0.168970 0.170645 0.172380 0.174179 0.176044 0.177979 0.179990 0.182080 0.184256 0.186523 0.188888 0.191358 0.193943 0.196653 0.199497 0.202490 0.205645 0.208981 0.212516 0.216274 0.220282 0.224571 0.229181 0.234155 0.239548 0.245425 0.251865 0.258962 0.266830 0.275604 0.285446 0.296544
0.147900 0.145449 0.144610 0.144537 0.144812 0.145263 0.145819 0.146450 0.147142 0.147889 0.148687 0.149533 0.150426 0.151366 0.152351 0.153382 0.154460 0.155584 0.156757 0.157979 0.159252 0.160577 0.161956 0.163392 0.164887 0.166444 0.168066 0.169758 0.171523 0.173366 0.175292 0.177308 0.179420 0.181636 0.183965 0.186418 0.189005 0.191740 0.194640 0.197722 0.201008 0.204524 0.208299 0.212371 0.216782 0.221585 0.226841 0.232626 0.239031 0.246163
0.142698 0.140090 0.138877 0.138315 0.138106 0.138114 0.138266 0.138523 0.138864 0.139272 0.139741 0.140262 0.140833 0.141450 0.142110 0.142814 0.143560 0.144347 0.145176 0.146047 0.146960 0.147917 0.148918 0.149965 0.151059 0.152201 0.153395 0.154641 0.155943 0.157304 0.158726 0.160214 0.161772 0.163404 0.165116 0.166914 0.168804 0.170795 0.172896 0.175117 0.177472 0.179973 0.182638 0.185487 0.188544 0.191837 0.195400 0.199273 0.203505 0.208155
0.127834 0.129670 0.130031 0.130011 0.129939 0.129910 0.129947 0.130052 0.130218 0.130438 0.130709 0.131024 0.131381 0.131778 0.132212 0.132682 0.133188 0.133728 0.134303 0.134913 0.135558 0.136238 0.136955 0.137708 0.138498 0.139327 0.140196 0.141107 0.142060 0.143058 0.144102 0.145196 0.146341 0.147540 0.148797 0.150115 0.151498 0.152951 0.154480 0.156090 0.157789 0.159584 0.161486 0.163505 0.165655 0.167950 0.170410 0.173055 0.175912 0.179012
0.121145 0.120838 0.120900 0.120985 0.121051 0.121112 0.121184 0.121278 0.121398 0.121545 0.121721 0.121925 0.122157 0.122417 0.122704 0.123019 0.123360 0.123729 0.124126 0.124550 0.125002 0.125482 0.125991 0.126529 0.127098 0.127697 0.128328 0.128991 0.129688 0.130419 0.131186 0.131990 0.132832 0.133716 0.134642 0.135612 0.136630 0.137698 0.138818 0.139996 0.141234 0.142538 0.143913 0.145364 0.146901 0.148530 0.150262 0.152109 0.154085 0.156206
0.111483 0.111589 0.111748 0.111928 0.112098 0.112249 0.112384 0.112511 0.112636 0.112766 0.112905 0.113055 0.113219 0.113399 0.113597 0.113813 0.114049 0.114305 0.114581 0.114879 0.115199 0.115542 0.115907 0.116296 0.116708 0.117145 0.117607 0.118095 0.118609 0.119149 0.119718 0.120316 0.120943 0.121601 0.122290 0.123013 0.123771 0.124566 0.125399 0.126272 0.127188 0.128150 0.129160 0.130223 0.131343 0.132523 0.133771 0.135091 0.136493 0.137984
0.102192 0.102729 0.103059 0.103315 0.103528 0.103708 0.103862 0.103997 0.104120 0.104236 0.104352 0.104471 0.104596 0.104730 0.104875 0.105032 0.105204 0.105390 0.105593 0.105812 0.106048 0.106302 0.106575 0.106865 0.107175 0.107505 0.107854 0.108224 0.108614 0.109026 0.109459 0.109915 0.110394 0.110896 0.111423 0.111974 0.112552 0.113157 0.113790 0.114453 0.115147 0.115873 0.116633 0.117430 0.118266 0.119144 0.120066 0.121036 0.122059 0.123140
0.095132 0.095034 0.095194 0.095361 0.095502 0.095623 0.095729 0.095825 0.095915 0.096003 0.096092 0.096185 0.096284 0.096391 0.096508 0.096634 0.096773 0.096924 0.097088 0.097265 0.097456 0.097662 0.097882 0.098117 0.098368 0.098634 0.098916 0.099213 0.099528 0.099858 0.100206 0.100571 0.100954 0.101355 0.101774 0.102213 0.102671 0.103149 0.103649 0.104170 0.104714 0.105281 0.105873 0.106491 0.107136 0.107810 0.108515 0.109253 0.110025 0.110836
0.086585 0.087612 0.087802 0.087835 0.087846 0.087861 0.087885 0.087919 0.087964 0.088020 0.088086 0.088163 0.088251 0.088350 0.088460 0.088581 0.088713 0.088856 0.089011 0.089178 0.089356 0.089546 0.089747 0.089961 0.090186 0.090424 0.090675 0.090937 0.091213 0.091501 0.091802 0.092116 0.092444 0.092785 0.093140 0.093510 0.093894 0.094294 0.094708 0.095139 0.095586 0.096051 0.096533 0.097034 0.097554 0.098094 0.098656 0.099241 0.099849 0.100483
0.083240 0.081151 0.080564 0.080334 0.080213 0.080146 0.080117 0.080120 0.080148 0.080199 0.080270 0.080358 0.080461 0.080578 0.080708 0.080849 0.081001 0.081163 0.081336 0.081518 0.081710 0.081911 0.082121 0.082340 0.082569 0.082806 0.083053 0.083309 0.083575 0.083849 0.084134 0.084428 0.084731 0.085045 0.085369 0.085703 0.086048 0.086404 0.086770 0.087149 0.087539 0.087941 0.088356 0.088785 0.089226 0.089683 0.090154 0.090640 0.091143 0.091664
0.070234 0.072166 0.072420 0.072366 0.072295 0.072263 0.072272 0.072319 0.072396 0.072497 0.072620 0.072760 0.072915 0.073082 0.073261 0.073450 0.073647 0.073853 0.074066 0.074286 0.074513 0.074747 0.074987 0.075233 0.075485 0.075744 0.076008 0.076279 0.076556 0.076839 0.077129 0.077425 0.077728 0.078037 0.078353 0.078677 0.079007 0.079345 0.079691 0.080044 0.080406 0.080776 0.081154 0.081542 0.081939 0.082346 0.082763 0.083190 0.083629 0.084080
0.066890 0.064661 0.064141 0.064060 0.064119 0.064238 0.064392 0.064570 0.064767 0.064978 0.065201 0.065433 0.065674 0.065922 0.066175 0.066434 0.066697 0.066965 0.067236 0.067511 0.067789 0.068070 0.068355 0.068642 0.068933 0.069226 0.069523 0.069823 0.070126 0.070432 0.070742 0.071056 0.071374 0.071695 0.072020 0.072350 0.072684 0.073022 0.073365 0.073713 0.074067 0.074425 0.074789 0.075159 0.075535 0.075917 0.076305 0.076701 0.077104 0.077514
0.052768 0.054448 0.055129 0.055591 0.055995 0.056377 0.056748 0.057111 0.057467 0.057820 0.058169 0.058516 0.058861 0.059204 0.059545 0.059886 0.060226 0.060565 0.060903 0.061240 0.061577 0.061913 0.062249 0.062585 0.062921 0.063258 0.063594 0.063931 0.064269 0.064607 0.064947 0.065288 0.065630 0.065973 0.066318 0.066665 0.067014 0.067365 0.067718 0.068074 0.068432 0.068793 0.069157 0.069525 0.069896 0.070270 0.070648 0.071030 0.071417 0.071808
0.045708 0.046360 0.047182 0.047925 0.048586 0.049188 0.049745 0.050270 0.050771 0.051253 0.051720 0.052173 0.052617 0.053051 0.053477 0.053897 0.054310 0.054719 0.055122 0.055521 0.055916 0.056307 0.056695 0.057081 0.057463 0.057844 0.058223 0.058599 0.058975 0.059349 0.059722 0.060094 0.060465 0.060836 0.061207 0.061577 0.061948 0.062319 0.062690 0.063061 0.063433 0.063807 0.064181 0.064556 0.064932 0.065310 0.065690 0.066071 0.066455 0.066840
0.039019 0.040031 0.040871 0.041646 0.042370 0.043050 0.043693 0.044305 0.044892 0.045457 0.046004 0.046535 0.047052 0.047557 0.048050 0.048533 0.049007 0.049473 0.049932 0.050384 0.050830 0.051270 0.051705 0.052135 0.052561 0.052983 0.053402 0.053817 0.054229 0.054638 0.055045 0.055450 0.055852 0.056252 0.056651 0.057048 0.057443 0.057837 0.058230 0.058623 0.059014 0.059404 0.059794 0.060183 0.060572 0.060961 0.061350 0.061739 0.062127 0.062517
0.034931 0.035421 0.036045 0.036699 0.037355 0.038004 0.038643 0.039270 0.039884 0.040483 0.041069 0.041641 0.042201 0.042748 0.043285 0.043811 0.044328 0.044836 0.045336 0.045829 0.046314 0.046794 0.047268 0.047736 0.048199 0.048657 0.049111 0.049561 0.050007 0.050450 0.050889 0.051324 0.051757 0.052186 0.052613 0.053037 0.053459 0.053878 0.054295 0.054710 0.055123 0.055533 0.055942 0.056349 0.056755 0.057159 0.057561 0.057962 0.058362 0.058761
0.030844 0.031457 0.032026 0.032598 0.033189 0.033798 0.034414 0.035032 0.035645 0.036251 0.036848 0.037436 0.038014 0.038582 0.039141 0.039692 0.040235 0.040770 0.041299 0.041821 0.042337 0.042847 0.043351 0.043850 0.044345 0.044835 0.045320 0.045801 0.046277 0.046750 0.047219 0.047684 0.048145 0.048603 0.049057 0.049508 0.049956 0.050400 0.050842 0.051280 0.051715 0.052147 0.052577 0.053004 0.053427 0.053849 0.054268 0.054684 0.055098 0.055509
0.027127 0.027755 0.028300 0.028892 0.029513 0.030143 0.030771 0.031393 0.032007 0.032613 0.033211 0.033801 0.034385 0.034961 0.035532 0.036097 0.036656 0.037210 0.037759 0.038303 0.038843 0.039378 0.039909 0.040435 0.040957 0.041474 0.041988 0.042497 0.043002 0.043503 0.044000 0.044493 0.044982 0.045467 0.045948 0.046425 0.046898 0.047367 0.047832 0.048294 0.048751 0.049206 0.049656 0.050103 0.050546 0.050985 0.051421 0.051853 0.052283 0.052708
0.023411 0.023923 0.024718 0.025502 0.026234 0.026921 0.027575 0.028205 0.028819 0.029422 0.030018 0.030608 0.031195 0.031778 0.032358 0.032935 0.033510 0.034082 0.034650 0.035216 0.035779 0.036338 0.036894 0.037446 0.037995 0.038539 0.039080 0.039617 0.040149 0.040677 0.041201 0.041721 0.042236 0.042747 0.043254 0.043756 0.044253 0.044746 0.045235 0.045719 0.046198 0.046673 0.047144 0.047610 0.048071 0.048529 0.048981 0.049430 0.049874 0.050314
0.019324 0.020921 0.021948 0.022767 0.023480 0.024136 0.024760 0.025367 0.025967 0.026563 0.027158 0.027754 0.028350 0.028947 0.029544 0.030141 0.030737 0.031332 0.031925 0.032517 0.033106 0.033692 0.034276 0.034856 0.035432 0.036004 0.036573 0.037137 0.037696 0.038251 0.038802 0.039347 0.039888 0.040423 0.040954 0.041480 0.042000 0.042515 0.043025 0.043530 0.044029 0.044523 0.045012 0.045496 0.045974 0.046448 0.046916 0.047378 0.047836 0.048289
0.018952 0.019545 0.020104 0.020611 0.021120 0.021648 0.022200 0.022771 0.023359 0.023959 0.024569 0.025186 0.025808 0.026433 0.027060 0.027689 0.028317 0.028944 0.029570 0.030193 0.030814 0.031431 0.032045 0.032655 0.033260 0.033861 0.034457 0.035049 0.035635 0.036215 0.036790 0.037360 0.037924 0.038482 0.039034 0.039581 0.040121 0.040656 0.041184 0.041707 0.042223 0.042733 0.043238 0.043736 0.044228 0.044715 0.045195 0.045669 0.046138 0.046601
0.018580 0.018284 0.018166 0.018339 0.018704 0.019183 0.019733 0.020328 0.020953 0.021597 0.022253 0.022918 0.023587 0.024259 0.024931 0.025603 0.026272 0.026939 0.027603 0.028262 0.028918 0.029568 0.030213 0.030853 0.031487 0.032116 0.032738 0.033354 0.033964 0.034567 0.035164 0.035754 0.036338 0.036914 0.037484 0.038048 0.038604 0.039153 0.039696 0.040232 0.040761 0.041283 0.041798 0.042307 0.042809 0.043304 0.043793 0.044275 0.044750 0.045219
0.015979 0.014752 0.014896 0.015393 0.016008 0.016677 0.017377 0.018095 0.018823 0.019557 0.020293 0.021028 0.021762 0.022491 0.023217 0.023937 0.024651 0.025359 0.026061 0.026756 0.027444 0.028125 0.028799 0.029465 0.030124 0.030775 0.031419 0.032055 0.032683 0.033304 0.033917 0.034522 0.035119 0.035709 0.036291 0.036865 0.037431 0.037990 0.038541 0.039084 0.039620 0.040148 0.040669 0.041183 0.041689 0.042187 0.042679 0.043164 0.043641 0.044111
0.005203 0.009335 0.011250 0.012521 0.013570 0.014526 0.015433 0.016309 0.017163 0.018000 0.018821 0.019629 0.020425 0.021209 0.021983 0.022745 0.023498 0.024241 0.024973 0.025696 0.026410 0.027113 0.027808 0.028493 0.029168 0.029835 0.030492 0.031140 0.031779 0.032410 0.033031 0.033643 0.034247 0.034842 0.035428 0.036006 0.036575 0.037136 0.037688 0.038232 0.038768 0.039296 0.039816 0.040328 0.040833 0.041329 0.041818 0.042299 0.042773 0.043240
0.009290 0.008966 0.009904 0.011049 0.012177 0.013246 0.014260 0.015228 0.016160 0.017061 0.017938 0.018793 0.019630 0.020449 0.021253 0.022043 0.022819 0.023582 0.024332 0.025071 0.025797 0.026513 0.027217 0.027909 0.028592 0.029263 0.029924 0.030575 0.031215 0.031846 0.032467 0.033078 0.033679 0.034271 0.034854 0.035427 0.035991 0.036547 0.037093 0.037631 0.038161 0.038682 0.039194 0.039699 0.040195 0.040683 0.041164 0.041636 0.042102 0.042559
0.007432 0.008656 0.009746 0.010833 0.011899 0.012932 0.013929 0.014894 0.015830 0.016740 0.017627 0.018493 0.019339 0.020168 0.020981 0.021777 0.022559 0.023326 0.024079 0.024819 0.025546 0.026260 0.026962 0.027651 0.028329 0.028995 0.029650 0.030293 0.030926 0.031548 0.032159 0.032761 0.033352 0.033933 0.034504 0.035066 0.035618 0.036162 0.036696 0.037221 0.037738 0.038246 0.038745 0.039236 0.039719 0.040194 0.040661 0.041121 0.041572 0.042016
0.006689 0.008930 0.010277 0.011333 0.012300 0.013239 0.014164 0.015077 0.015976 0.016860 0.017728 0.018580 0.019416 0.020235 0.021039 0.021828 0.022601 0.023359 0.024103 0.024833 0.025549 0.026252 0.026941 0.027618 0.028282 0.028934 0.029575 0.030203 0.030820 0.031426 0.032022 0.032606 0.033180 0.033744 0.034299 0.034843 0.035378 0.035904 0.036421 0.036928 0.037427 0.037918 0.038400 0.038874 0.039340 0.039798 0.040248 0.040690 0.041126 0.041553
0.011520 0.010834 0.011221 0.011945 0.012779 0.013649 0.014531 0.015413 0.016288 0.017152 0.018002 0.018839 0.019660 0.020466 0.021256 0.022030 0.022789 0.023532 0.024260 0.024974 0.025673 0.026358 0.027030 0.027688 0.028333 0.028966 0.029586 0.030195 0.030792 0.031377 0.031952 0.032516 0.033069 0.033613 0.034146 0.034670 0.035185 0.035690 0.036187 0.036674 0.037153 0.037624 0.038087 0.038541 0.038988 0.039428 0.039859 0.040284 0.040701 0.041111
0.007804 0.009739 0.010891 0.011884 0.012842 0.013785 0.014712 0.015621 0.016511 0.017382 0.018235 0.019069 0.019884 0.020681 0.021460 0.022222 0.022966 0.023694 0.024405 0.025101 0.025782 0.026447 0.027099 0.027736 0.028361 0.028972 0.029571 0.030158 0.030733 0.031297 0.031850 0.032392 0.032924 0.033446 0.033958 0.034461 0.034955 0.035440 0.035916 0.036383 0.036843 0.037294 0.037737 0.038173 0.038602 0.039023 0.039437 0.039844 0.040244 0.040637
0.008919 0.009250 0.010328 0.011492 0.012607 0.013661 0.014663 0.015623 0.016547 0.017441 0.018306 0.019146 0.019961 0.020755 0.021526 0.022278 0.023009 0.023723 0.024418 0.025097 0.025760 0.026407 0.027039 0.027657 0.028262 0.028853 0.029432 0.029998 0.030553 0.031097 0.031630 0.032152 0.032665 0.033167 0.033661 0.034145 0.034620 0.035086 0.035544 0.035994 0.036436 0.036870 0.037297 0.037717 0.038129 0.038534 0.038933 0.039325 0.039710 0.040089
0.005203 0.008133 0.009895 0.011241 0.012414 0.013496 0.014518 0.015492 0.016428 0.017327 0.018195 0.019033 0.019843 0.020629 0.021390 0.022129 0.022848 0.023546 0.024226 0.024889 0.025535 0.026165 0.026780 0.027381 0.027968 0.028542 0.029104 0.029654 0.030192 0.030719 0.031236 0.031743 0.032239 0.032727 0.033205 0.033674 0.034135 0.034587 0.035031 0.035467 0.035896 0.036318 0.036732 0.037139 0.037539 0.037933 0.038320 0.038701 0.039075 0.039444
0.009290 0.009709 0.010509 0.011452 0.012435 0.013416 0.014377 0.015310 0.016213 0.017086 0.017930 0.018746 0.019536 0.020300 0.021042 0.021762 0.022462 0.023143 0.023806 0.024452 0.025081 0.025696 0.026296 0.026882 0.027455 0.028016 0.028564 0.029102 0.029628 0.030143 0.030649 0.031144 0.031630 0.032107 0.032575 0.033035 0.033486 0.033930 0.034365 0.034793 0.035214 0.035627 0.036034 0.036433 0.036826 0.037213 0.037593 0.037968 0.038336 0.038698
0.010033 0.010188 0.010799 0.011598 0.012466 0.013350 0.014229 0.015090 0.015930 0.016748 0.017543 0.018315 0.019066 0.019797 0.020509 0.021202 0.021877 0.022536 0.023179 0.023807 0.024421 0.025020 0.025607 0.026181 0.026743 0.027294 0.027833 0.028362 0.028880 0.029389 0.029887 0.030377 0.030857 0.031329 0.031792 0.032247 0.032694 0.033134 0.033565 0.033990 0.034407 0.034818 0.035221 0.035618 0.036009 0.036393 0.036771 0.037143 0.037510 0.037870
0.008547 0.009634 0.010623 0.011534 0.012392 0.013217 0.014019 0.014801 0.015567 0.016316 0.017050 0.017768 0.018472 0.019161 0.019836 0.020497 0.021145 0.021780 0.022403 0.023013 0.023611 0.024197 0.024773 0.025337 0.025890 0.026434 0.026967 0.027491 0.028005 0.028510 0.029005 0.029493 0.029971 0.030442 0.030904 0.031359 0.031806 0.032245 0.032677 0.033102 0.033520 0.033932 0.034337 0.034735 0.035127 0.035512 0.035892 0.036266 0.036634 0.036996
0.007432 0.009352 0.010534 0.011441 0.012238 0.012987 0.013709 0.014416 0.015111 0.015796 0.016472 0.017139 0.017798 0.018447 0.019088 0.019720 0.020342 0.020954 0.021558 0.022151 0.022736 0.023311 0.023876 0.024432 0.024980 0.025518 0.026047 0.026568 0.027080 0.027584 0.028079 0.028566 0.029046 0.029517 0.029982 0.030438 0.030887 0.031330 0.031765 0.032193 0.032614 0.033029 0.033438 0.033840 0.034235 0.034625 0.035009 0.035386 0.035758 0.036124
0.010033 0.010209 0.010719 0.011342 0.011993 0.012647 0.013297 0.013942 0.014584 0.015222 0.015855 0.016485 0.017110 0.017730 0.018344 0.018953 0.019554 0.020149 0.020737 0.021317 0.021890 0.022455 0.023013 0.023563 0.024105 0.024639 0.025165 0.025684 0.026194 0.026698 0.027193 0.027682 0.028163 0.028636 0.029103 0.029562 0.030015 0.030460 0.030899 0.031331 0.031757 0.032176 0.032589 0.032996 0.033396 0.033791 0.034179 0.034562 0.034938 0.035309
0.010033 0.010048 0.010490 0.011042 0.011628 0.012228 0.012835 0.013445 0.014057 0.014669 0.015280 0.015888 0.016494 0.017096 0.017693 0.018286 0.018874 0.019456 0.020032 0.020602 0.021165 0.021722 0.022273 0.022816 0.023353 0.023883 0.024406 0.024922 0.025431 0.025934 0.026429 0.026917 0.027399 0.027874 0.028342 0.028803 0.029258 0.029706 0.030148 0.030583 0.031013 0.031435 0.031852 0.032263 0.032667 0.033066 0.033458 0.033845 0.034226 0.034602
0.007804 0.009326 0.010077 0.010671 0.011246 0.011830 0.012425 0.013027 0.013631 0.014236 0.014839 0.015439 0.016035 0.016628 0.017216 0.017799 0.018376 0.018949 0.019516 0.020077 0.020632 0.021182 0.021725 0.022262 0.022793 0.023318 0.023836 0.024348 0.024854 0.025353 0.025846 0.026333 0.026813 0.027287 0.027755 0.028217 0.028672 0.029121 0.029564 0.030000 0.030431 0.030855 0.031274 0.031687 0.032094 0.032495 0.032890 0.033279 0.033663 0.034041
0.010033 0.009550 0.009848 0.010362 0.010945 0.011553 0.012168 0.012783 0.013396 0.014004 0.014606 0.015204 0.015796 0.016382 0.016963 0.017538 0.018107 0.018671 0.019230 0.019782 0.020329 0.020870 0.021406 0.021935 0.022459 0.022977 0.023490 0.023996 0.024496 0.024991 0.025480 0.025962 0.026439 0.026910 0.027375 0.027834 0.028287 0.028734 0.029176 0.029611 0.030041 0.030465 0.030883 0.031295 0.031702 0.032103 0.032498 0.032888 0.033272 0.033651
0.007061 0.008438 0.009328 0.010096 0.010809 0.011486 0.012139 0.012774 0.013396 0.014006 0.014607 0.015201 0.015787 0.016366 0.016939 0.017506 0.018067 0.018622 0.019172 0.019716 0.020254 0.020786 0.021313 0.021835 0.022351 0.022861 0.023366 0.023865 0.024359 0.024847 0.025330 0.025807 0.026278 0.026744 0.027204 0.027659 0.028107 0.028551 0.028988 0.029420 0.029847 0.030268 0.030683 0.031093 0.031497 0.031895 0.032288 0.032676 0.033058 0.033435
0.007804 0.008541 0.009466 0.010293 0.011031 0.011713 0.012362 0.012989 0.013603 0.014205 0.014798 0.015384 0.015962 0.016534 0.017099 0.017658 0.018211 0.018758 0.019299 0.019835 0.020365 0.020889 0.021408 0.021922 0.022431 0.022933 0.023431 0.023923 0.024410 0.024891 0.025367 0.025838 0.026303 0.026763 0.027217 0.027666 0.028109 0.028547 0.028979 0.029406 0.029828 0.030243 0.030654 0.031059 0.031458 0.031853 0.032241 0.032625 0.033002 0.033375
0.008175 0.009657 0.010365 0.010946 0.011524 0.012114 0.012710 0.013307 0.013902 0.014493 0.015077 0.015656 0.016229 0.016796 0.017356 0.017910 0.018458 0.019000 0.019537 0.020068 0.020593 0.021112 0.021626 0.022134 0.022637 0.023134 0.023626 0.024113 0.024594 0.025070 0.025540 0.026004 0.026464 0.026918 0.027366 0.027809 0.028246 0.028678 0.029105 0.029526 0.029941 0.030351 0.030756 0.031155 0.031549 0.031937 0.032320 0.032698 0.033070 0.033437
0.012635 0.011113 0.010979 0.011304 0.011799 0.012360 0.012947 0.013544 0.014141 0.014735 0.015324 0.015907 0.016483 0.017053 0.017615 0.018171 0.018721 0.019264 0.019801 0.020332 0.020857 0.021375 0.021888 0.022395 0.022896 0.023391 0.023880 0.024364 0.024841 0.025314 0.025780 0.026240 0.026695 0.027145 0.027588 0.028026 0.028458 0.028885 0.029306 0.029721 0.030131 0.030535 0.030934 0.031327 0.031714 0.032097 0.032473 0.032844 0.033210 0.033571
0.006689 0.008817 0.009984 0.010844 0.011589 0.012283 0.012949 0.013595 0.014227 0.014847 0.015456 0.016055 0.016645 0.017227 0.017800 0.018365 0.018923 0.019474 0.020017 0.020554 0.021083 0.021606 0.022122 0.022632 0.023135 0.023631 0.024121 0.024605 0.025082 0.025554 0.026019 0.026477 0.026930 0.027376 0.027817 0.028251 0.028679 0.029102 0.029518 0.029929 0.030334 0.030733 0.031126 0.031513 0.031895 0.032271 0.032642 0.033007 0.033367 0.033721
0.007061 0.008337 0.009484 0.010459 0.011314 0.012092 0.012818 0.013510 0.014177 0.014825 0.015457 0.016076 0.016684 0.017282 0.017870 0.018449 0.019020 0.019582 0.020136 0.020682 0.021220 0.021750 0.022273 0.022788 0.023296 0.023797 0.024290 0.024777 0.025256 0.025729 0.026194 0.026653 0.027105 0.027550 0.027989 0.028421 0.028847 0.029267 0.029680 0.030087 0.030487 0.030882 0.031271 0.031654 0.032030 0.032401 0.032767 0.033126 0.033480 0.033828
0.008547 0.009134 0.009800 0.010529 0.011268 0.011993 0.012699 0.013387 0.014058 0.014714 0.015358 0.015990 0.016611 0.017222 0.017824 0.018415 0.018998 0.019571 0.020136 0.020692 0.021239 0.021777 0.022307 0.022829 0.023342 0.023848 0.024346 0.024835 0.025317 0.025792 0.026259 0.026718 0.027170 0.027615 0.028053 0.028484 0.028909 0.029326 0.029737 0.030141 0.030538 0.030930 0.031315 0.031694 0.032066 0.032433 0.032794 0.033149 0.033498 0.033841
0.009662 0.009686 0.010149 0.010718 0.011329 0.011964 0.012611 0.013262 0.013912 0.014559 0.015199 0.015832 0.016457 0.017074 0.017681 0.018280 0.018869 0.019450 0.020020 0.020582 0.021135 0.021678 0.022213 0.022739 0.023256 0.023764 0.024264 0.024755 0.025239 0.025714 0.026181 0.026641 0.027093 0.027537 0.027974 0.028403 0.028826 0.029241 0.029649 0.030051 0.030446 0.030834 0.031216 0.031591 0.031961 0.032324 0.032681 0.033032 0.033377 0.033717
0.008175 0.009544 0.010184 0.010728 0.011289 0.011878 0.012489 0.013112 0.013743 0.014375 0.015005 0.015631 0.016251 0.016864 0.017469 0.018066 0.018654 0.019233 0.019803 0.020364 0.020915 0.021458 0.021992 0.022516 0.023032 0.023539 0.024037 0.024527 0.025008 0.025481 0.025946 0.026404 0.026853 0.027295 0.027729 0.028155 0.028575 0.028987 0.029393 0.029791 0.030183 0.030568 0.030947 0.031320 0.031686 0.032046 0.032400 0.032748 0.033090 0.033426
0.010405 0.009651 0.009943 0.010475 0.011066 0.011677 0.012297 0.012920 0.013545 0.014167 0.014787 0.015401 0.016009 0.016610 0.017204 0.017790 0.018368 0.018937 0.019497 0.020048 0.020591 0.021125 0.021651 0.022167 0.022676 0.023175 0.023667 0.024150 0.024625 0.025092 0.025551 0.026003 0.026447 0.026883 0.027312 0.027734 0.028149 0.028557 0.028958 0.029353 0.029741 0.030122 0.030497 0.030866 0.031229 0.031586 0.031937 0.032283 0.032622 0.032957
0.005946 0.008226 0.009301 0.010079 0.010770 0.011430 0.012073 0.012705 0.013327 0.013940 0.014546 0.015143 0.015733 0.016316 0.016890 0.017457 0.018015 0.018566 0.019108 0.019643 0.020169 0.020688 0.021198 0.021700 0.022195 0.022682 0.023161 0.023632 0.024096 0.024553 0.025003 0.025445 0.025880 0.026308 0.026730 0.027145 0.027553 0.027955 0.028350 0.028739 0.029122 0.029499 0.029871 0.030236 0.030595 0.030949 0.031297 0.031640 0.031978 0.032310
0.009662 0.008935 0.009297 0.009913 0.010574 0.011229 0.011867 0.012489 0.013096 0.013691 0.014274 0.014848 0.015413 0.015970 0.016518 0.017059 0.017592 0.018118 0.018637 0.019148 0.019652 0.020149 0.020639 0.021122 0.021598 0.022067 0.022530 0.022985 0.023435 0.023878 0.024314 0.024744 0.025168 0.025586 0.025998 0.026403 0.026803 0.027197 0.027586 0.027968 0.028346 0.028717 0.029084 0.029445 0.029800 0.030151 0.030496 0.030837 0.031172 0.031503
0.005946 0.007939 0.008971 0.009741 0.010422 0.011060 0.011671 0.012263 0.012839 0.013402 0.013955 0.014497 0.015031 0.015557 0.016075 0.016586 0.017090 0.017587 0.018078 0.018562 0.019041 0.019513 0.019979 0.020440 0.020895 0.021344 0.021787 0.022225 0.022657 0.023084 0.023506 0.023922 0.024333 0.024739 0.025139 0.025535 0.025925 0.026311 0.026691 0.027067 0.027437 0.027803 0.028165 0.028521 0.028873 0.029220 0.029563 0.029901 0.030235 0.030565
0.008175 0.008449 0.009078 0.009715 0.010317 0.010893 0.011450 0.011994 0.012527 0.013050 0.013565 0.014072 0.014571 0.015064 0.015549 0.016029 0.016502 0.016970 0.017432 0.017889 0.018341 0.018789 0.019231 0.019668 0.020101 0.020529 0.020953 0.021373 0.021788 0.022198 0.022604 0.023006 0.023404 0.023797 0.024186 0.024571 0.024952 0.025329 0.025701 0.026070 0.026434 0.026794 0.027150 0.027503 0.027851 0.028195 0.028535 0.028872 0.029204 0.029533
0.008175 0.008797 0.009246 0.009702 0.010178 0.010666 0.011158 0.011649 0.012136 0.012619 0.013095 0.013566 0.014030 0.014490 0.014943 0.015392 0.015836 0.016276 0.016711 0.017142 0.017569 0.017993 0.018412 0.018828 0.019240 0.019649 0.020055 0.020457 0.020855 0.021250 0.021642 0.022031 0.022416 0.022798 0.023176 0.023551 0.023923 0.024292 0.024657 0.025018 0.025377 0.025732 0.026084 0.026432 0.026777 0.027118 0.027457 0.027791 0.028123 0.028451
0.008919 0.008894 0.009126 0.009477 0.009886 0.010323 0.010770 0.011219 0.011667 0.012112 0.012553 0.012990 0.013422 0.013850 0.014275 0.014695 0.015113 0.015527 0.015938 0.016346 0.016751 0.017153 0.017553 0.017950 0.018344 0.018736 0.019126 0.019513 0.019897 0.020279 0.020659 0.021036 0.021410 0.021782 0.022152 0.022518 0.022882 0.023244 0.023603 0.023959 0.024312 0.024663 0.025011 0.025356 0.025699 0.026038 0.026375 0.026709 0.027040 0.027368
0.007804 0.008130 0.008557 0.009004 0.009447 0.009882 0.010309 0.010730 0.011147 0.011559 0.011967 0.012373 0.012776 0.013177 0.013575 0.013972 0.014366 0.014758 0.015149 0.015537 0.015924 0.016309 0.016693 0.017074 0.017454 0.017832 0.018209 0.018584 0.018957 0.019328 0.019698 0.020066 0.020432 0.020796 0.021158 0.021518 0.021876 0.022232 0.022586 0.022938 0.023288 0.023635 0.023980 0.024323 0.024664 0.025002 0.025338 0.025671 0.026002 0.026330
0.006317 0.007329 0.008020 0.008558 0.009020 0.009441 0.009843 0.010233 0.010618 0.010999 0.011379 0.011758 0.012135 0.012513 0.012889 0.013265 0.013640 0.014015 0.014389 0.014762 0.015134 0.015506 0.015877 0.016246 0.016615 0.016983 0.017350 0.017716 0.018080 0.018444 0.018806 0.019167 0.019527 0.019885 0.020242 0.020597 0.020951 0.021303 0.021653 0.022002 0.022349 0.022694 0.023038 0.023379 0.023719 0.024056 0.024392 0.024725 0.025056 0.025385
0.007061 0.007499 0.007940 0.008341 0.008712 0.009068 0.009420 0.009771 0.010123 0.010476 0.010831 0.011187 0.011545 0.011903 0.012263 0.012623 0.012984 0.013345 0.013707 0.014068 0.014430 0.014791 0.015153 0.015514 0.015875 0.016235 0.016595 0.016954 0.017313 0.017671 0.018028 0.018384 0.018739 0.019094 0.019447 0.019799 0.020150 0.020499 0.020847 0.021194 0.021540 0.021884 0.022226 0.022567 0.022906 0.023243 0.023579 0.023913 0.024244 0.024575
0.006689 0.007680 0.007990 0.008216 0.008466 0.008748 0.009052 0.009370 0.009696 0.010029 0.010366 0.010707 0.011050 0.011396 0.011744 0.012093 0.012443 0.012795 0.013148 0.013501 0.013856 0.014210 0.014565 0.014921 0.015276 0.015631 0.015987 0.016342 0.016696 0.017051 0.017404 0.017758 0.018110 0.018462 0.018813 0.019163 0.019512 0.019860 0.020207 0.020553 0.020897 0.021241 0.021582 0.021923 0.022262 0.022599 0.022935 0.023270 0.023602 0.023933
0.010777 0.008519 0.007974 0.007983 0.008181 0.008448 0.008744 0.009054 0.009373 0.009697 0.010026 0.010358 0.010693 0.011031 0.011371 0.011714 0.012058 0.012404 0.012752 0.013100 0.013450 0.013800 0.014151 0.014503 0.014855 0.015207 0.015560 0.015912 0.016265 0.016617 0.016969 0.017320 0.017671 0.018022 0.018371 0.018720 0.019069 0.019416 0.019762 0.020107 0.020452 0.020795 0.021136 0.021477 0.021816 0.022154 0.022490 0.022825 0.023158 0.023490
0.004088 0.006027 0.006932 0.007470 0.007871 0.008219 0.008548 0.008871 0.009194 0.009518 0.009844 0.010173 0.010505 0.010840 0.011177 0.011517 0.011858 0.012201 0.012546 0.012892 0.013240 0.013588 0.013937 0.014288 0.014638 0.014989 0.015340 0.015691 0.016043 0.016394 0.016745 0.017096 0.017446 0.017796 0.018145 0.018494 0.018841 0.019188 0.019534 0.019879 0.020223 0.020566 0.020908 0.021249 0.021588 0.021926 0.022262 0.022597 0.022931 0.023263
