0.106466 0.097343 0.086986 0.076119 0.065001 0.053803 0.042678 0.031773 0.021235 0.011213 0.001858 0.000001 0.000001 0.000001 0.000001 0.000001 0.000001 0.000099 0.001774 0.005666 0.011964 0.020854 0.032517 0.046989 0.062536 0.078577 0.095099 0.112087 0.129526 0.147401 0.165693 0.184381 0.203443 0.222709 0.241757 0.260104 0.277247 0.292686 0.305959 0.316673 0.324520 0.329291 0.330874 0.329243 0.324439 0.316555 0.305717 0.292072 0.275774 0.256976
0.110776 0.099014 0.088735 0.078291 0.067539 0.056615 0.045685 0.034911 0.024448 0.014450 0.005076 0.000001 0.000001 0.000001 0.000001 0.000001 0.000001 0.000057 0.001558 0.005238 0.011285 0.019888 0.031229 0.045446 0.061038 0.077126 0.093698 0.110740 0.128237 0.146172 0.164527 0.183282 0.202414 0.221769 0.240931 0.259421 0.276733 0.292365 0.305853 0.316797 0.324884 0.329899 0.331724 0.330329 0.325751 0.318082 0.307447 0.293990 0.277866 0.259231
0.103879 0.101079 0.092781 0.082912 0.072496 0.061862 0.051180 0.040594 0.030249 0.020298 0.010897 0.002472 0.000001 0.000001 0.000001 0.000001 0.000001 0.000008 0.001173 0.004445 0.010014 0.018068 0.028792 0.042358 0.058013 0.074198 0.090874 0.108025 0.125638 0.143695 0.162177 0.181065 0.200337 0.219866 0.239256 0.258027 0.275673 0.291691 0.305606 0.317010 0.325577 0.331079 0.333390 0.332467 0.328343 0.321105 0.310874 0.297795 0.282022 0.263710
0.131034 0.112098 0.099630 0.088923 0.078603 0.068293 0.057947 0.047638 0.037488 0.027641 0.018252 0.009496 0.002225 0.000001 0.000001 0.000001 0.000001 0.000001 0.000708 0.003410 0.008311 0.015601 0.025467 0.038085 0.053422 0.069757 0.086591 0.103910 0.121699 0.139940 0.158614 0.177702 0.197182 0.216965 0.236687 0.255871 0.274013 0.290602 0.305153 0.317243 0.326527 0.332761 0.335800 0.335588 0.332147 0.325557 0.315935 0.303424 0.288178 0.270354
0.112069 0.107656 0.100628 0.092440 0.083539 0.074157 0.064473 0.054649 0.044846 0.035223 0.025944 0.017176 0.009158 0.002683 0.000001 0.000001 0.000001 0.000001 0.000282 0.002291 0.006385 0.012756 0.021592 0.033070 0.047336 0.063791 0.080837 0.098382 0.116407 0.134894 0.153824 0.173178 0.192932 0.213034 0.233178 0.252894 0.271678 0.289012 0.304398 0.317393 0.327628 0.334834 0.338842 0.339579 0.337052 0.331329 0.322522 0.310772 0.296233 0.279061
0.100431 0.103206 0.100333 0.094508 0.087104 0.078779 0.069893 0.060688 0.051360 0.042085 0.033034 0.024376 0.016286 0.009024 0.003167 0.000001 0.000001 0.000001 0.000024 0.001264 0.004469 0.009833 0.017540 0.027769 0.040684 0.056315 0.073653 0.091477 0.109794 0.128584 0.147828 0.167506 0.187595 0.208066 0.228699 0.249042 0.268592 0.286825 0.303227 0.317329 0.328736 0.337147 0.342364 0.344286 0.342902 0.338266 0.330484 0.319690 0.306039 0.289689
0.117241 0.110925 0.104354 0.097590 0.090323 0.082495 0.074189 0.065539 0.056700 0.047826 0.039079 0.030617 0.022605 0.015221 0.008705 0.003467 0.000209 0.000001 0.000001 0.000485 0.002786 0.007128 0.013685 0.022631 0.034134 0.048334 0.065113 0.083306 0.101958 0.121097 0.140702 0.160752 0.181226 0.202101 0.223257 0.244289 0.264695 0.283948 0.301516 0.316905 0.329686 0.339520 0.346172 0.349511 0.349497 0.346170 0.339621 0.329982 0.317403 0.302047
0.131897 0.115900 0.107390 0.100254 0.093085 0.085567 0.077671 0.069464 0.061052 0.052559 0.044122 0.035886 0.028001 0.020628 0.013939 0.008150 0.003580 0.000720 0.000001 0.000096 0.001564 0.004928 0.010361 0.018042 0.028144 0.040826 0.056192 0.074017 0.093075 0.112590 0.132586 0.153042 0.173935 0.195243 0.216918 0.238655 0.259964 0.280313 0.299158 0.315976 0.330302 0.341752 0.350049 0.355023 0.356602 0.354800 0.349695 0.341410 0.330093 0.315907
0.099138 0.109136 0.107113 0.101799 0.095323 0.088240 0.080732 0.072901 0.064843 0.056668 0.048493 0.040450 0.032680 0.025328 0.018552 0.012520 0.007430 0.003536 0.001144 0.000357 0.001057 0.003472 0.007812 0.014268 0.023016 0.034224 0.048034 0.064509 0.083354 0.103286 0.123683 0.144556 0.165884 0.187644 0.209808 0.232219 0.254425 0.275895 0.296075 0.314417 0.330415 0.343641 0.353768 0.360576 0.363956 0.363891 0.360438 0.353707 0.343843 0.331009
0.130603 0.117177 0.110130 0.104021 0.097702 0.090959 0.083798 0.076282 0.068498 0.060551 0.052552 0.044628 0.036910 0.029540 0.022663 0.016436 0.011023 0.006607 0.003400 0.001619 0.001383 0.002820 0.006097 0.011387 0.018860 0.028682 0.041004 0.055952 0.073551 0.093438 0.114236 0.135519 0.157276 0.179485 0.202120 0.225124 0.248166 0.270724 0.292239 0.312141 0.329889 0.345007 0.357110 0.365927 0.371298 0.373169 0.371571 0.366595 0.358379 0.347081
0.121552 0.116576 0.111504 0.106188 0.100378 0.094017 0.087149 0.079856 0.072241 0.064411 0.056485 0.048585 0.040842 0.033391 0.026374 0.019939 0.014240 0.009437 0.005704 0.003228 0.002185 0.002738 0.005045 0.009273 0.015587 0.024150 0.035116 0.048625 0.064779 0.083570 0.104504 0.126168 0.148329 0.170964 0.194049 0.217555 0.241324 0.264882 0.287672 0.309112 0.328630 0.345702 0.359887 0.370851 0.378381 0.382374 0.382823 0.379800 0.373426 0.363856
0.110776 0.114774 0.112989 0.108889 0.103581 0.097468 0.090741 0.083534 0.075964 0.068147 0.060200 0.052248 0.044417 0.036840 0.029654 0.023001 0.017028 0.011886 0.007732 0.004733 0.003060 0.002882 0.004366 0.007677 0.012980 0.020437 0.030205 0.042427 0.057230 0.074696 0.094777 0.116719 0.139239 0.162262 0.185763 0.209713 0.234063 0.258486 0.282440 0.305339 0.326589 0.345624 0.361947 0.375161 0.384987 0.391265 0.393946 0.393067 0.388731 0.381082
0.130172 0.122494 0.117601 0.112625 0.107052 0.100852 0.094092 0.086861 0.079262 0.071403 0.063398 0.055366 0.047432 0.039724 0.032373 0.025518 0.019299 0.013861 0.009353 0.005931 0.003754 0.002986 0.003791 0.006335 0.010780 0.017290 0.026021 0.037123 0.050729 0.066951 0.085852 0.107308 0.130151 0.153510 0.177379 0.201731 0.226536 0.251659 0.276625 0.300858 0.323751 0.344707 0.363177 0.378700 0.390928 0.399635 0.404717 0.406169 0.404065 0.398533
0.125862 0.124598 0.120309 0.115206 0.109531 0.103292 0.096524 0.089294 0.081691 0.073817 0.065784 0.057705 0.049702 0.041900 0.034425 0.027412 0.020995 0.015316 0.010516 0.006746 0.004157 0.002904 0.003149 0.005050 0.008771 0.014472 0.022310 0.032438 0.044996 0.060109 0.077872 0.098322 0.121116 0.144757 0.168943 0.193650 0.218849 0.244495 0.270299 0.295706 0.320114 0.342904 0.363487 0.381339 0.396042 0.407297 0.414935 0.418897 0.419219 0.416007
0.133621 0.125546 0.120755 0.115940 0.110526 0.104468 0.097828 0.090694 0.083165 0.075346 0.067346 0.059280 0.051265 0.043423 0.035877 0.028756 0.022193 0.016324 0.011286 0.007225 0.004286 0.002621 0.002383 0.003731 0.006821 0.011814 0.018867 0.028133 0.039758 0.053875 0.070597 0.090004 0.112087 0.135949 0.160409 0.185430 0.210983 0.237039 0.263493 0.289898 0.315664 0.340169 0.362791 0.382957 0.400176 0.414075 0.424408 0.431052 0.433996 0.433307
0.116379 0.121565 0.119925 0.116023 0.110973 0.105119 0.098626 0.091611 0.084183 0.076449 0.068515 0.060493 0.052497 0.044644 0.037056 0.029856 0.023172 0.017137 0.011887 0.007559 0.004299 0.002252 0.001569 0.002403 0.004910 0.009248 0.015573 0.024041 0.034800 0.047991 0.063739 0.082147 0.103276 0.126938 0.151639 0.176944 0.202825 0.229253 0.256191 0.283408 0.310360 0.336433 0.360992 0.383421 0.403168 0.419781 0.432932 0.442424 0.448180 0.450225
0.137500 0.127728 0.122649 0.117881 0.112572 0.106629 0.100110 0.093104 0.085700 0.077995 0.070087 0.062077 0.054073 0.046186 0.038532 0.031231 0.024405 0.018184 0.012699 0.008085 0.004484 0.002038 0.000896 0.001207 0.003127 0.006809 0.012412 0.020091 0.029999 0.042282 0.057077 0.074499 0.094641 0.117531 0.142423 0.167998 0.194193 0.220981 0.248331 0.276173 0.304127 0.331603 0.357968 0.382580 0.404834 0.424203 0.440274 0.452766 0.461526 0.466517
0.126293 0.129861 0.126971 0.122110 0.116398 0.110122 0.103377 0.096222 0.088719 0.080939 0.072963 0.064880 0.056787 0.048787 0.040991 0.033511 0.026468 0.019986 0.014194 0.009224 0.005213 0.002303 0.000638 0.000368 0.001644 0.004622 0.009457 0.016307 0.025328 0.036672 0.050482 0.066891 0.086008 0.107912 0.132505 0.158358 0.184870 0.212020 0.239778 0.268109 0.296873 0.325570 0.353583 0.380262 0.404963 0.427097 0.446163 0.461789 0.473733 0.481884
0.156466 0.143890 0.135828 0.129083 0.122568 0.115885 0.108894 0.101563 0.093912 0.085990 0.077863 0.069611 0.061324 0.053101 0.045047 0.037274 0.029897 0.023039 0.016825 0.011385 0.006856 0.003375 0.001086 0.000137 0.000677 0.002860 0.006844 0.012785 0.020844 0.031176 0.043932 0.059257 0.077277 0.098098 0.121776 0.147788 0.174629 0.202154 0.230334 0.259137 0.288519 0.318234 0.347707 0.376299 0.403346 0.428205 0.450301 0.469162 0.484451 0.495966
0.154310 0.146991 0.141278 0.135715 0.129816 0.123445 0.116589 0.109276 0.101556 0.093495 0.085171 0.076671 0.068088 0.059524 0.051086 0.042886 0.035041 0.027671 0.020902 0.014862 0.009685 0.005509 0.002474 0.000727 0.000417 0.001697 0.004723 0.009655 0.016653 0.025878 0.037487 0.051634 0.068461 0.088095 0.110634 0.136061 0.163274 0.191197 0.219820 0.249115 0.279047 0.309551 0.340264 0.370570 0.399806 0.427294 0.452394 0.474544 0.493300 0.508357
0.136638 0.144742 0.145567 0.142996 0.138603 0.133036 0.126590 0.119436 0.111700 0.103492 0.094920 0.086089 0.077110 0.068093 0.059152 0.050401 0.041962 0.033954 0.026504 0.019740 0.013794 0.008803 0.004907 0.002250 0.000980 0.001250 0.003215 0.007037 0.012875 0.020896 0.031261 0.044132 0.059665 0.078003 0.099271 0.123559 0.150667 0.179021 0.208116 0.237930 0.268431 0.299582 0.331277 0.363052 0.394259 0.424209 0.452215 0.477633 0.499917 0.518647
0.159914 0.159919 0.158191 0.155166 0.150932 0.145586 0.139253 0.132072 0.124177 0.115701 0.106770 0.097507 0.088033 0.078466 0.068926 0.059532 0.050406 0.041669 0.033447 0.025870 0.019067 0.013174 0.008331 0.004680 0.002368 0.001547 0.002373 0.005006 0.009608 0.016347 0.025389 0.036904 0.051057 0.068005 0.087897 0.110857 0.136946 0.165602 0.195197 0.225560 0.256658 0.288458 0.320915 0.353871 0.386772 0.418941 0.449665 0.478242 0.504026 0.526485
0.191379 0.181360 0.176142 0.171736 0.166809 0.160991 0.154248 0.146659 0.138337 0.129403 0.119980 0.110188 0.100147 0.089974 0.079789 0.069710 0.059858 0.050355 0.041326 0.032899 0.025202 0.018371 0.012544 0.007862 0.004471 0.002522 0.002171 0.003578 0.006906 0.012324 0.020003 0.030117 0.042839 0.058339 0.076781 0.098317 0.123070 0.151037 0.181168 0.212110 0.243834 0.276307 0.309492 0.343337 0.377609 0.411684 0.444851 0.476370 0.505522 0.531661
0.196983 0.196326 0.193872 0.189662 0.184129 0.177550 0.170086 0.161850 0.152940 0.143452 0.133486 0.123146 0.112538 0.101773 0.090963 0.080223 0.069670 0.059426 0.049613 0.040358 0.031789 0.024039 0.017246 0.011550 0.007097 0.004036 0.002523 0.002718 0.004784 0.008893 0.015216 0.023933 0.035223 0.049264 0.066236 0.086307 0.109633 0.136334 0.166276 0.197842 0.230217 0.263385 0.297311 0.331955 0.367249 0.402867 0.438125 0.472272 0.504538 0.534186
0.202155 0.212903 0.211641 0.206680 0.200218 0.192845 0.184733 0.175954 0.166563 0.156624 0.146215 0.135421 0.124338 0.113067 0.101715 0.090394 0.079220 0.068311 0.057788 0.047777 0.038406 0.029808 0.022118 0.015477 0.010029 0.005924 0.003316 0.002365 0.003235 0.006098 0.011129 0.018508 0.028419 0.041050 0.056587 0.075216 0.097113 0.122438 0.151294 0.183199 0.216238 0.250113 0.284788 0.320224 0.356374 0.393147 0.430092 0.466472 0.501494 0.534353
0.264655 0.239515 0.228093 0.220163 0.212790 0.205093 0.196809 0.187874 0.178305 0.168152 0.157486 0.146394 0.134968 0.123312 0.111531 0.099737 0.088045 0.076574 0.065445 0.054782 0.044715 0.035373 0.026894 0.019415 0.013082 0.008043 0.004452 0.002469 0.002258 0.003990 0.007841 0.013995 0.022639 0.033963 0.048164 0.065436 0.085973 0.109957 0.137551 0.168803 0.202506 0.237086 0.272503 0.308717 0.345685 0.383354 0.421572 0.459747 0.497085 0.532745
0.235345 0.235983 0.232473 0.227447 0.221381 0.214367 0.206453 0.197699 0.188179 0.177977 0.167187 0.155906 0.144239 0.132293 0.120178 0.108008 0.095900 0.083972 0.072347 0.061148 0.050503 0.040543 0.031403 0.023222 0.016142 0.010312 0.005884 0.003018 0.001879 0.002636 0.005467 0.010556 0.018091 0.028268 0.041287 0.057350 0.076662 0.099422 0.125817 0.156006 0.189791 0.225056 0.261186 0.298143 0.335883 0.374360 0.413507 0.453039 0.492218 0.530190
0.227155 0.235996 0.236946 0.234103 0.229103 0.222618 0.214956 0.206295 0.196765 0.186482 0.175556 0.164097 0.152215 0.140022 0.127631 0.115157 0.102715 0.090426 0.078409 0.066788 0.055691 0.045245 0.035586 0.026849 0.019178 0.012720 0.007625 0.004053 0.002168 0.002138 0.004142 0.008364 0.014992 0.024226 0.036266 0.051323 0.069604 0.091323 0.116681 0.145868 0.179009 0.214888 0.251677 0.289315 0.327757 0.366956 0.406857 0.447351 0.487904 0.527667
0.259483 0.253404 0.248922 0.243974 0.238059 0.231088 0.223100 0.214176 0.204410 0.193902 0.182757 0.171079 0.158975 0.146555 0.133929 0.121209 0.108510 0.095948 0.083642 0.071715 0.060289 0.049494 0.039461 0.030327 0.022231 0.015319 0.009743 0.005658 0.003229 0.002625 0.004022 0.007603 0.013560 0.022090 0.033397 0.047692 0.065189 0.086105 0.110652 0.139034 0.171431 0.207501 0.244865 0.283089 0.322128 0.361934 0.402454 0.443623 0.485127 0.526164
0.278879 0.267643 0.259929 0.253238 0.246298 0.238648 0.230165 0.220856 0.210777 0.200006 0.188632 0.176749 0.164457 0.151860 0.139063 0.126175 0.113306 0.100572 0.088088 0.075974 0.064352 0.053349 0.043095 0.033725 0.025378 0.018197 0.012334 0.007944 0.005189 0.004239 0.005267 0.008459 0.014004 0.022099 0.032949 0.046765 0.063762 0.084159 0.108172 0.136010 0.167863 0.203785 0.241603 0.280281 0.319775 0.360038 0.401013 0.442642 0.484731 0.526547
0.265086 0.264802 0.262318 0.257463 0.251015 0.243399 0.234816 0.225379 0.215178 0.204297 0.192827 0.180860 0.168494 0.155830 0.142971 0.130025 0.117102 0.104314 0.091777 0.079608 0.067931 0.056870 0.046554 0.037119 0.028701 0.021445 0.015500 0.011021 0.008170 0.007116 0.008033 0.011103 0.016516 0.024469 0.035164 0.048811 0.065624 0.085819 0.109609 0.137200 0.168780 0.204497 0.242611 0.281575 0.321346 0.361874 0.403105 0.444978 0.487323 0.529432
0.248276 0.262565 0.262481 0.258255 0.252182 0.244867 0.236527 0.227283 0.217236 0.206482 0.195118 0.183243 0.170960 0.158374 0.145591 0.132722 0.119876 0.107168 0.094715 0.082635 0.071051 0.060090 0.049880 0.040556 0.032258 0.025127 0.019316 0.014977 0.012273 0.011373 0.012449 0.015683 0.021264 0.029386 0.040248 0.054058 0.071022 0.091350 0.115247 0.142906 0.174500 0.210166 0.248381 0.287428 0.327263 0.367833 0.409084 0.450950 0.493205 0.535071
0.306466 0.274948 0.263973 0.257270 0.250871 0.243783 0.235790 0.226892 0.217161 0.206689 0.195579 0.183937 0.171871 0.159493 0.146913 0.134247 0.121608 0.109113 0.096883 0.085037 0.073702 0.063004 0.053074 0.044049 0.036069 0.029278 0.023826 0.019870 0.017571 0.017096 0.018619 0.022321 0.028385 0.037004 0.048372 0.062687 0.080148 0.100951 0.125282 0.153312 0.185184 0.220994 0.259090 0.297991 0.337649 0.378010 0.419013 0.460571 0.502269 0.543228
0.239224 0.255952 0.256594 0.253005 0.247657 0.241093 0.233477 0.224908 0.215484 0.205306 0.194482 0.183121 0.171337 0.159243 0.146955 0.134591 0.122268 0.110108 0.098232 0.086764 0.075832 0.065566 0.056099 0.047570 0.040120 0.033895 0.029047 0.025733 0.024113 0.024355 0.026631 0.031118 0.037998 0.047453 0.059672 0.074839 0.093136 0.114736 0.139797 0.168453 0.200800 0.236812 0.274555 0.313063 0.352282 0.392154 0.432601 0.473409 0.513863 0.553053
0.259483 0.254910 0.252786 0.249232 0.244135 0.237753 0.230283 0.221864 0.212610 0.202630 0.192032 0.180925 0.169424 0.157641 0.145696 0.133705 0.121790 0.110072 0.098676 0.087730 0.077362 0.067705 0.058896 0.051074 0.044383 0.038970 0.034988 0.032595 0.031950 0.033219 0.036572 0.042179 0.050214 0.060850 0.074259 0.090606 0.110045 0.132715 0.158731 0.188170 0.221061 0.257075 0.294223 0.332075 0.370572 0.409633 0.449094 0.488374 0.526626 0.562983
0.255172 0.254445 0.251026 0.246366 0.240643 0.233920 0.226269 0.217773 0.208526 0.198625 0.188173 0.177275 0.166041 0.154585 0.143022 0.131471 0.120052 0.108889 0.098107 0.087836 0.078206 0.069353 0.061414 0.054532 0.048850 0.044519 0.041690 0.040519 0.041166 0.043791 0.048556 0.055624 0.065153 0.077299 0.092208 0.110014 0.130831 0.154747 0.181812 0.212030 0.245338 0.280902 0.317194 0.354100 0.391532 0.429316 0.466921 0.503554 0.538431 0.570797
0.264224 0.255623 0.248951 0.242674 0.236051 0.228787 0.220802 0.212116 0.202792 0.192914 0.182577 0.171883 0.160937 0.149851 0.138739 0.127718 0.116909 0.106436 0.096426 0.087009 0.078318 0.070489 0.063662 0.057979 0.053585 0.050631 0.049266 0.049643 0.051914 0.056233 0.062749 0.071606 0.082942 0.096881 0.113531 0.132980 0.155282 0.180456 0.208469 0.239227 0.272537 0.307105 0.342230 0.377805 0.413620 0.449113 0.483558 0.516263 0.546568 0.573890
0.253017 0.246672 0.241288 0.235347 0.228619 0.221128 0.212938 0.204125 0.194772 0.184968 0.174806 0.164386 0.153815 0.143201 0.132659 0.122307 0.112265 0.102660 0.093618 0.085271 0.077753 0.071203 0.065761 0.061568 0.058771 0.057514 0.057944 0.060206 0.064440 0.070784 0.079364 0.090296 0.103682 0.119601 0.138106 0.159218 0.182914 0.209122 0.237709 0.268474 0.301003 0.334166 0.367654 0.401182 0.434126 0.465878 0.495841 0.523453 0.548227 0.569772
0.225862 0.231193 0.229324 0.224336 0.217768 0.210231 0.201995 0.193207 0.183971 0.174384 0.164543 0.154549 0.144510 0.134536 0.124742 0.115250 0.106181 0.097664 0.089828 0.082807 0.076736 0.071754 0.068001 0.065618 0.064746 0.065524 0.068087 0.072565 0.079077 0.087732 0.098622 0.111819 0.127370 0.145290 0.165561 0.188116 0.212841 0.239560 0.268035 0.297958 0.328887 0.360023 0.390853 0.420829 0.449468 0.476250 0.500708 0.522447 0.541158 0.556626
0.228879 0.224386 0.217976 0.211050 0.203732 0.195983 0.187797 0.179213 0.170297 0.161133 0.151818 0.142455 0.133156 0.124035 0.115213 0.106813 0.098962 0.091792 0.085435 0.080026 0.075703 0.072605 0.070868 0.070629 0.072018 0.075161 0.080173 0.087154 0.096190 0.107344 0.120655 0.136133 0.153753 0.173451 0.195118 0.218594 0.243663 0.270051 0.297430 0.325417 0.353579 0.381325 0.408085 0.433346 0.456671 0.477689 0.496094 0.511656 0.524220 0.533703
0.240517 0.214218 0.201861 0.193464 0.185973 0.178458 0.170662 0.162560 0.154208 0.145695 0.137126 0.128613 0.120277 0.112239 0.104627 0.097570 0.091201 0.085654 0.081065 0.077573 0.075314 0.074423 0.075031 0.077260 0.081222 0.087014 0.094716 0.104383 0.116045 0.129704 0.145326 0.162843 0.182149 0.203088 0.225460 0.249013 0.273446 0.298413 0.323533 0.348403 0.372608 0.395718 0.417287 0.436924 0.454308 0.469199 0.481429 0.490897 0.497555 0.501405
0.157328 0.172641 0.174014 0.170552 0.165123 0.158709 0.151708 0.144333 0.136736 0.129052 0.121408 0.113935 0.106761 0.100019 0.093844 0.088372 0.083742 0.080091 0.077559 0.076283 0.076395 0.078020 0.081270 0.086242 0.093010 0.101624 0.112106 0.124445 0.138597 0.154487 0.172002 0.190995 0.211272 0.232599 0.254697 0.277246 0.299896 0.322274 0.344006 0.364724 0.384088 0.401792 0.417561 0.431163 0.442419 0.451211 0.457474 0.461191 0.462378 0.461083
0.153448 0.155705 0.154146 0.150316 0.145170 0.139232 0.132809 0.126107 0.119289 0.112502 0.105885 0.099577 0.093717 0.088444 0.083901 0.080229 0.077573 0.076072 0.075864 0.077079 0.079835 0.084230 0.090341 0.098212 0.107856 0.119252 0.132342 0.147033 0.163203 0.180705 0.199359 0.218947 0.239214 0.259863 0.280569 0.300985 0.320759 0.339546 0.357026 0.372918 0.386985 0.399044 0.408959 0.416635 0.422016 0.425081 0.425839 0.424324 0.420591 0.414704
0.172414 0.151699 0.141284 0.134122 0.127837 0.121692 0.115514 0.109326 0.103223 0.097328 0.091774 0.086703 0.082258 0.078585 0.075832 0.074146 0.073670 0.074543 0.076891 0.080822 0.086416 0.093721 0.102742 0.113442 0.125747 0.139546 0.154694 0.171032 0.188388 0.206574 0.225368 0.244507 0.263694 0.282604 0.300902 0.318256 0.334355 0.348921 0.361722 0.372576 0.381353 0.387976 0.392409 0.394652 0.394728 0.392681 0.388569 0.382458 0.374421 0.364535
0.131034 0.128839 0.123875 0.118183 0.112321 0.106438 0.100612 0.094936 0.089524 0.084508 0.080031 0.076239 0.073283 0.071317 0.070489 0.070949 0.072835 0.076268 0.081343 0.088113 0.096582 0.106703 0.118375 0.131456 0.145784 0.161170 0.177423 0.194382 0.211888 0.229740 0.247684 0.265422 0.282636 0.299001 0.314205 0.327962 0.340028 0.350208 0.358360 0.364394 0.368268 0.369981 0.369565 0.367073 0.362577 0.356156 0.347894 0.337877 0.326188 0.312911
0.103017 0.110081 0.108752 0.104627 0.099502 0.094062 0.088645 0.083472 0.078726 0.074576 0.071186 0.068715 0.067325 0.067169 0.068401 0.071159 0.075559 0.081674 0.089517 0.099031 0.110091 0.122524 0.136102 0.150620 0.165888 0.181691 0.197921 0.214500 0.231290 0.248032 0.264420 0.280131 0.294848 0.308268 0.320124 0.330192 0.338302 0.344337 0.348230 0.349963 0.349555 0.347056 0.342537 0.336084 0.327791 0.317755 0.306074 0.292843 0.278151 0.262086
0.127155 0.110403 0.102519 0.096467 0.090728 0.085133 0.079825 0.075000 0.070850 0.067556 0.065289 0.064215 0.064495 0.066284 0.069721 0.074914 0.081906 0.090649 0.101001 0.112722 0.125561 0.139220 0.153446 0.168139 0.183119 0.198327 0.213818 0.229532 0.245184 0.260421 0.274914 0.288345 0.300420 0.310879 0.319509 0.326147 0.330689 0.333079 0.333309 0.331408 0.327436 0.321473 0.313612 0.303956 0.292610 0.279680 0.265269 0.249477 0.232396 0.214115
0.103879 0.104008 0.098300 0.091581 0.084981 0.078868 0.073447 0.068888 0.065351 0.062994 0.061972 0.062442 0.064557 0.068459 0.074244 0.081914 0.091332 0.102221 0.114230 0.126960 0.140218 0.153655 0.167340 0.181335 0.195636 0.210188 0.224917 0.239558 0.253810 0.267349 0.279850 0.291014 0.300575 0.308317 0.314076 0.317743 0.319260 0.318620 0.315851 0.311013 0.304191 0.295480 0.284988 0.272825 0.259102 0.243928 0.227409 0.209645 0.190732 0.170760
0.117241 0.105450 0.095871 0.087300 0.079751 0.073304 0.068029 0.064013 0.061361 0.060201 0.060669 0.062914 0.067076 0.073251 0.081389 0.091226 0.102285 0.114122 0.126232 0.138537 0.151158 0.164074 0.177233 0.190637 0.204288 0.218130 0.231920 0.245374 0.258186 0.270049 0.280665 0.289759 0.297102 0.302514 0.305871 0.307100 0.306181 0.303133 0.298011 0.290893 0.281876 0.271065 0.258575 0.244518 0.229010 0.212160 0.194075 0.174857 0.154603 0.133403
0.111207 0.098884 0.088233 0.079537 0.072432 0.066739 0.062434 0.059580 0.058286 0.058689 0.060940 0.065196 0.071570 0.079970 0.089940 0.100839 0.111924 0.123254 0.134898 0.146788 0.158919 0.171300 0.183915 0.196749 0.209786 0.222860 0.235703 0.248023 0.259522 0.269905 0.278897 0.286255 0.291778 0.295317 0.296778 0.296116 0.293331 0.288463 0.281579 0.272769 0.262135 0.249790 0.235849 0.220428 0.203642 0.185603 0.166417 0.146188 0.125012 0.102984
0.092241 0.081132 0.074119 0.068372 0.063535 0.059714 0.057095 0.055878 0.056262 0.058449 0.062633 0.068987 0.077437 0.087324 0.097579 0.108035 0.118776 0.129746 0.140956 0.152401 0.164068 0.175951 0.188042 0.200331 0.212763 0.225115 0.237115 0.248471 0.258893 0.268096 0.275823 0.281852 0.286006 0.288159 0.288235 0.286209 0.282095 0.275942 0.267827 0.257843 0.246099 0.232707 0.217786 0.201451 0.183820 0.165002 0.145108 0.124240 0.102497 0.079975
0.057759 0.063765 0.062668 0.059884 0.057053 0.054866 0.053738 0.053991 0.055901 0.059726 0.065701 0.073882 0.083401 0.093071 0.102999 0.113141 0.123509 0.134096 0.144897 0.155907 0.167119 0.178527 0.190123 0.201899 0.213772 0.225508 0.236830 0.247451 0.257084 0.265453 0.272310 0.277445 0.280695 0.281946 0.281135 0.278244 0.273296 0.266347 0.257475 0.246778 0.234365 0.220350 0.204852 0.187989 0.169876 0.150627 0.130351 0.109152 0.087133 0.064390
0.077155 0.067849 0.062746 0.058921 0.055996 0.054120 0.053552 0.054567 0.057439 0.062430 0.069766 0.078702 0.087831 0.097184 0.106745 0.116517 0.126497 0.136683 0.147068 0.157649 0.168420 0.179374 0.190505 0.201803 0.213193 0.224441 0.235273 0.245404 0.254548 0.262432 0.268812 0.273480 0.276276 0.277089 0.275859 0.272569 0.267246 0.259944 0.250744 0.239743 0.227052 0.212784 0.197060 0.179997 0.161712 0.142320 0.121932 0.100654 0.078591 0.055842
0.083190 0.075446 0.068665 0.063279 0.059262 0.056727 0.055872 0.056925 0.060129 0.065731 0.073673 0.082152 0.090862 0.099794 0.108942 0.118303 0.127872 0.137643 0.147612 0.157774 0.168123 0.178652 0.189355 0.200223 0.211209 0.222099 0.232623 0.242497 0.251436 0.259165 0.265434 0.270032 0.272792 0.273598 0.272382 0.269124 0.263844 0.256595 0.247455 0.236519 0.223896 0.209702 0.194054 0.177074 0.158879 0.139586 0.119306 0.098150 0.076225 0.053632
0.088793 0.082315 0.075379 0.068891 0.063683 0.060187 0.058667 0.059348 0.062455 0.068226 0.075937 0.083941 0.092195 0.100686 0.109408 0.118352 0.127512 0.136883 0.146459 0.156235 0.166203 0.176357 0.186689 0.197192 0.207845 0.218493 0.228870 0.238695 0.247681 0.255546 0.262033 0.266918 0.270019 0.271207 0.270399 0.267564 0.262711 0.255883 0.247154 0.236614 0.224370 0.210536 0.195231 0.178577 0.160692 0.141695 0.121702 0.100825 0.079173 0.056853
0.103017 0.092449 0.081689 0.073023 0.066507 0.062112 0.059925 0.060114 0.062900 0.068531 0.075864 0.083462 0.091314 0.099413 0.107751 0.116325 0.125128 0.134156 0.143402 0.152860 0.162523 0.172383 0.182432 0.192660 0.203058 0.213556 0.223917 0.233862 0.243101 0.251349 0.258333 0.263812 0.267585 0.269499 0.269452 0.267390 0.263308 0.257234 0.249232 0.239386 0.227797 0.214578 0.199847 0.183725 0.166336 0.147798 0.128231 0.107751 0.086470 0.064498
0.117672 0.094192 0.081799 0.072950 0.066193 0.061379 0.058670 0.058313 0.060588 0.065792 0.072847 0.080150 0.087701 0.095502 0.103554 0.111856 0.120405 0.129194 0.138219 0.147472 0.156944 0.166627 0.176510 0.186583 0.196836 0.207252 0.217689 0.227877 0.237527 0.246345 0.254048 0.260371 0.265090 0.268023 0.269039 0.268058 0.265050 0.260026 0.253033 0.244144 0.233455 0.221073 0.207116 0.191705 0.174964 0.157017 0.137984 0.117986 0.097140 0.075560
0.075431 0.082580 0.077667 0.070565 0.063874 0.058540 0.055086 0.053905 0.055352 0.059770 0.066549 0.073653 0.081015 0.088645 0.096549 0.104724 0.113166 0.121869 0.130822 0.140018 0.149446 0.159095 0.168954 0.179013 0.189258 0.199679 0.210239 0.220739 0.230894 0.240407 0.248980 0.256330 0.262204 0.266386 0.268712 0.269068 0.267393 0.263673 0.257933 0.250233 0.240656 0.229304 0.216292 0.201740 0.185774 0.168520 0.150104 0.130648 0.110275 0.089103
0.109914 0.091070 0.079357 0.069518 0.061080 0.054307 0.049538 0.047104 0.047342 0.050604 0.056879 0.063887 0.071206 0.078837 0.086776 0.095012 0.103534 0.112328 0.121384 0.130689 0.140232 0.150000 0.159983 0.170167 0.180542 0.191095 0.201811 0.212633 0.223319 0.233574 0.243092 0.251571 0.258730 0.264320 0.268136 0.270026 0.269890 0.267680 0.263397 0.257078 0.248793 0.238633 0.226709 0.213139 0.198050 0.181570 0.163829 0.144954 0.125073 0.104310
0.108190 0.094421 0.079848 0.067207 0.056643 0.048152 0.041851 0.037956 0.036763 0.038651 0.043991 0.051134 0.058649 0.066523 0.074725 0.083232 0.092025 0.101088 0.110408 0.119972 0.129770 0.139790 0.150021 0.160452 0.171072 0.181869 0.192830 0.203938 0.215111 0.226077 0.236530 0.246155 0.254645 0.261717 0.267126 0.270674 0.272218 0.271672 0.269001 0.264215 0.257364 0.248527 0.237806 0.225316 0.211183 0.195538 0.178514 0.160245 0.140862 0.120495
0.109914 0.089078 0.073533 0.060336 0.048983 0.039467 0.031950 0.026695 0.024124 0.024729 0.028920 0.036303 0.044351 0.052733 0.061408 0.070353 0.079556 0.089005 0.098693 0.108611 0.118752 0.129107 0.139666 0.150421 0.161360 0.172474 0.183750 0.195177 0.206733 0.218307 0.229605 0.240304 0.250081 0.258622 0.265641 0.270894 0.274191 0.275397 0.274437 0.271289 0.265975 0.258557 0.249124 0.237786 0.224668 0.209901 0.193623 0.175972 0.157086 0.137100
0.082328 0.073982 0.062478 0.050684 0.039485 0.029394 0.020840 0.014360 0.010863 0.010768 0.014205 0.021208 0.030045 0.039043 0.048239 0.057645 0.067269 0.077113 0.087178 0.097461 0.107959 0.118665 0.129573 0.140673 0.151958 0.163416 0.175037 0.186809 0.198718 0.210738 0.222723 0.234353 0.245292 0.255204 0.263765 0.270689 0.275732 0.278711 0.279503 0.278043 0.274325 0.268383 0.260292 0.250154 0.238087 0.224226 0.208710 0.191682 0.173286 0.153665
0.080172 0.067670 0.055866 0.043670 0.031612 0.020305 0.010294 0.003291 0.000437 0.000661 0.003508 0.009087 0.017738 0.027087 0.036595 0.046296 0.056209 0.066344 0.076702 0.087282 0.098083 0.109097 0.120319 0.131739 0.143349 0.155137 0.167092 0.179202 0.191453 0.203832 0.216302 0.228665 0.240580 0.251695 0.261658 0.270140 0.276850 0.281552 0.284071 0.284297 0.282182 0.277734 0.271005 0.262085 0.251086 0.238141 0.223392 0.206986 0.189073 0.169802
0.081897 0.071620 0.056947 0.041787 0.027180 0.013608 0.001857 0.000001 0.000001 0.000001 0.000007 0.002385 0.008627 0.017731 0.027215 0.036966 0.046980 0.057252 0.067779 0.078554 0.089569 0.100817 0.112288 0.123972 0.135857 0.147931 0.160183 0.172597 0.185162 0.197860 0.210676 0.223552 0.236223 0.248328 0.259496 0.269364 0.277598 0.283909 0.288069 0.289919 0.289368 0.286387 0.281005 0.273293 0.263355 0.251320 0.237331 0.221539 0.204100 0.185168
0.113793 0.083764 0.061610 0.042335 0.024787 0.008766 0.000001 0.000001 0.000001 0.000001 0.000001 0.000109 0.003279 0.010617 0.019960 0.029623 0.039616 0.049920 0.060520 0.071403 0.082555 0.093965 0.105619 0.117504 0.129607 0.141915 0.154412 0.167084 0.179916 0.192892 0.205996 0.219206 0.232411 0.245279 0.257427 0.268469 0.278034 0.285787 0.291450 0.294812 0.295735 0.294154 0.290065 0.283521 0.274613 0.263464 0.250216 0.235023 0.218046 0.199447
0.096983 0.080512 0.060635 0.040963 0.022208 0.004664 0.000001 0.000001 0.000001 0.000001 0.000001 0.000001 0.000749 0.005498 0.014190 0.023794 0.033765 0.044080 0.054722 0.065673 0.076918 0.088442 0.100230 0.112267 0.124539 0.137029 0.149722 0.162603 0.175655 0.188861 0.202204 0.215665 0.229212 0.242627 0.255530 0.267520 0.278198 0.287192 0.294177 0.298896 0.301163 0.300872 0.297989 0.292541 0.284607 0.274300 0.261760 0.247144 0.230615 0.212340
0.098276 0.077332 0.058223 0.038891 0.019752 0.001357 0.000001 0.000001 0.000001 0.000001 0.000001 0.000001 0.000003 0.002404 0.009337 0.018988 0.029000 0.039362 0.050060 0.061079 0.072404 0.084020 0.095913 0.108068 0.120469 0.133101 0.145947 0.158992 0.172218 0.185607 0.199142 0.212805 0.226574 0.240354 0.253808 0.266527 0.278096 0.288113 0.296216 0.302104 0.305549 0.306406 0.304608 0.300158 0.293116 0.283588 0.271709 0.257636 0.241535 0.223578
0.091810 0.078617 0.059105 0.038753 0.018740 0.000001 0.000001 0.000001 0.000001 0.000001 0.000001 0.000001 0.000001 0.000797 0.005750 0.014938 0.025040 0.035483 0.046256 0.057349 0.068750 0.080446 0.092425 0.104672 0.117172 0.129912 0.142874 0.156043 0.169401 0.182931 0.196614 0.210432 0.224364 0.238372 0.252205 0.265459 0.277707 0.288530 0.297535 0.304387 0.308821 0.310657 0.309796 0.306217 0.299965 0.291133 0.279853 0.266279 0.250579 0.232928
0.121983 0.086113 0.061423 0.039592 0.018938 0.000001 0.000001 0.000001 0.000001 0.000001 0.000001 0.000001 0.000001 0.000142 0.003487 0.011598 0.021787 0.032305 0.043146 0.054302 0.065763 0.077520 0.089561 0.101875 0.114447 0.127263 0.140308 0.153566 0.167019 0.180650 0.194440 0.208370 0.222420 0.236567 0.250645 0.264269 0.277007 0.288429 0.298123 0.305726 0.310946 0.313571 0.313479 0.310625 0.305039 0.296803 0.286043 0.272912 0.257578 0.240220
0.080603 0.076214 0.059426 0.039938 0.020078 0.000620 0.000001 0.000001 0.000001 0.000001 0.000001 0.000001 0.000001 0.000001 0.002182 0.009074 0.019251 0.029799 0.040667 0.051849 0.063338 0.075125 0.087199 0.099550 0.112164 0.125026 0.138123 0.151436 0.164950 0.178645 0.192503 0.206505 0.220630 0.234857 0.249079 0.262935 0.275997 0.287827 0.298003 0.306146 0.311941 0.315156 0.315648 0.313356 0.308295 0.300540 0.290210 0.277456 0.262445 0.245357
0.115086 0.084602 0.063244 0.043324 0.023672 0.004407 0.000001 0.000001 0.000001 0.000001 0.000001 0.000001 0.000001 0.000001 0.001496 0.007511 0.017459 0.027970 0.038809 0.049971 0.061448 0.073232 0.085310 0.097670 0.110298 0.123179 0.136297 0.149635 0.163175 0.176898 0.190787 0.204819 0.218976 0.233236 0.247520 0.261492 0.274729 0.286792 0.297254 0.305727 0.311885 0.315484 0.316367 0.314463 0.309775 0.302373 0.292372 0.279918 0.265179 0.248334
0.096552 0.086731 0.069083 0.049704 0.030112 0.010905 0.000001 0.000001 0.000001 0.000001 0.000001 0.000001 0.000001 0.000001 0.001193 0.006720 0.016403 0.026825 0.037597 0.048709 0.060152 0.071912 0.083974 0.096324 0.108944 0.121820 0.134932 0.148264 0.161797 0.175512 0.189389 0.203409 0.217551 0.231795 0.246069 0.260053 0.273327 0.285456 0.296014 0.304613 0.310924 0.314699 0.315775 0.314077 0.309604 0.302420 0.292637 0.280400 0.265876 0.249242
0.122414 0.099292 0.078609 0.058420 0.038697 0.019647 0.002064 0.000001 0.000001 0.000001 0.000001 0.000001 0.000001 0.000001 0.001142 0.006534 0.016072 0.026412 0.037130 0.048208 0.059627 0.071367 0.083410 0.095739 0.108335 0.121182 0.134260 0.147551 0.161038 0.174701 0.188520 0.202477 0.216551 0.230721 0.244913 0.258805 0.271981 0.284012 0.294480 0.303002 0.309258 0.313001 0.314074 0.312399 0.307979 0.300875 0.291199 0.279092 0.264722 0.248262
0.129310 0.108142 0.087332 0.067470 0.048381 0.030051 0.012653 0.000001 0.000001 0.000001 0.000001 0.000001 0.000001 0.000001 0.001324 0.006969 0.016595 0.026956 0.037700 0.048798 0.060225 0.071960 0.083984 0.096278 0.108827 0.121611 0.134615 0.147821 0.161211 0.174767 0.188470 0.202302 0.216244 0.230275 0.244302 0.257987 0.270924 0.282691 0.292883 0.301131 0.307126 0.310636 0.311511 0.309683 0.305158 0.297999 0.288317 0.276256 0.261977 0.245655
0.134052 0.112561 0.094348 0.076680 0.059219 0.042138 0.025724 0.010562 0.000001 0.000001 0.000001 0.000001 0.000001 0.000001 0.002069 0.008506 0.018503 0.029032 0.039885 0.051042 0.062486 0.074203 0.086178 0.098398 0.110849 0.123516 0.136385 0.149440 0.162664 0.176042 0.189557 0.203190 0.216923 0.230737 0.244498 0.257851 0.270398 0.281732 0.291463 0.299241 0.304779 0.307863 0.308358 0.306210 0.301431 0.294091 0.284302 0.272205 0.257962 0.241743
0.120259 0.115811 0.103361 0.088188 0.072169 0.056151 0.040636 0.026028 0.013123 0.004138 0.000001 0.000001 0.000001 0.000902 0.004827 0.012441 0.022870 0.033563 0.044481 0.055633 0.067020 0.078637 0.090480 0.102539 0.114806 0.127268 0.139914 0.152730 0.165703 0.178816 0.192055 0.205403 0.218844 0.232349 0.245725 0.258607 0.270607 0.281335 0.290424 0.297548 0.302446 0.304927 0.304880 0.302263 0.297101 0.289470 0.279484 0.267283 0.253028 0.236884
0.153879 0.135899 0.119240 0.102930 0.086921 0.071369 0.056497 0.042567 0.029923 0.019251 0.011422 0.007280 0.006206 0.007738 0.012279 0.020428 0.030831 0.041396 0.052148 0.063100 0.074260 0.085628 0.097201 0.108974 0.120939 0.133085 0.145403 0.157879 0.170502 0.183256 0.196128 0.209102 0.222161 0.235254 0.248112 0.260377 0.271673 0.281630 0.289909 0.296212 0.300310 0.302039 0.301312 0.298106 0.292457 0.284448 0.274195 0.261840 0.247537 0.231451
0.175431 0.151550 0.132877 0.116340 0.100805 0.085971 0.071885 0.058740 0.046801 0.036428 0.028128 0.022495 0.019966 0.020679 0.024823 0.032752 0.042586 0.052656 0.062953 0.073473 0.084212 0.095163 0.106319 0.117674 0.129216 0.140935 0.152821 0.164860 0.177040 0.189348 0.201768 0.214287 0.226886 0.239446 0.251655 0.263161 0.273606 0.282647 0.289971 0.295318 0.298489 0.299353 0.297846 0.293966 0.287759 0.279314 0.268750 0.256207 0.241838 0.225802
0.159483 0.150932 0.139089 0.125939 0.112365 0.098879 0.085863 0.073649 0.062554 0.052905 0.045073 0.039486 0.036610 0.036848 0.040553 0.048035 0.057128 0.066532 0.076219 0.086166 0.096358 0.106778 0.117416 0.128257 0.139290 0.150501 0.161879 0.173411 0.185081 0.196877 0.208784 0.220787 0.232852 0.244765 0.256204 0.266829 0.276304 0.284312 0.290576 0.294872 0.297036 0.296968 0.294628 0.290027 0.283227 0.274319 0.263426 0.250684 0.236244 0.220263
0.161207 0.156303 0.146948 0.135391 0.122979 0.110472 0.098356 0.087000 0.076733 0.067873 0.060749 0.055717 0.053169 0.053515 0.057166 0.064385 0.072875 0.081684 0.090787 0.100164 0.109797 0.119667 0.129760 0.140061 0.150555 0.161230 0.172072 0.183065 0.194197 0.205452 0.216818 0.228277 0.239732 0.250906 0.261484 0.271141 0.279564 0.286468 0.291616 0.294821 0.295953 0.294937 0.291753 0.286429 0.279034 0.269666 0.258447 0.245514 0.231014 0.215101
0.187500 0.173112 0.159142 0.145870 0.133117 0.120892 0.109342 0.098684 0.089172 0.081080 0.074703 0.070359 0.068393 0.069175 0.073098 0.080291 0.088401 0.096789 0.105444 0.114355 0.123508 0.132890 0.142487 0.152287 0.162275 0.172439 0.182764 0.193236 0.203843 0.214570 0.225402 0.236308 0.247097 0.257476 0.267139 0.275782 0.283118 0.288904 0.292944 0.295080 0.295205 0.293271 0.289274 0.283256 0.275295 0.265492 0.253971 0.240869 0.226331 0.210508
0.205603 0.182749 0.167017 0.153512 0.141029 0.129314 0.118410 0.108474 0.099720 0.092395 0.086772 0.083147 0.081838 0.083185 0.087548 0.094841 0.102739 0.110866 0.119220 0.127797 0.136589 0.145588 0.154783 0.164165 0.173722 0.183441 0.193311 0.203318 0.213450 0.223693 0.234034 0.244382 0.254482 0.264049 0.272790 0.280420 0.286691 0.291416 0.294410 0.295540 0.294725 0.291936 0.287187 0.280532 0.272055 0.261862 0.250078 0.236841 0.222294 0.206585
0.178448 0.176665 0.167598 0.156809 0.145832 0.135209 0.125239 0.116169 0.108243 0.101716 0.096860 0.093962 0.093327 0.095277 0.100149 0.107559 0.115337 0.123310 0.131478 0.139837 0.148383 0.157109 0.166008 0.175072 0.184291 0.193654 0.203152 0.212772 0.222504 0.232334 0.242235 0.252032 0.261458 0.270235 0.278084 0.284749 0.290051 0.293809 0.295851 0.296069 0.294407 0.290852 0.285434 0.278215 0.269287 0.258761 0.246764 0.233433 0.218911 0.203346
0.187931 0.177390 0.167854 0.158161 0.148417 0.138913 0.129945 0.121791 0.114719 0.108998 0.104904 0.102724 0.102758 0.105315 0.110719 0.118208 0.125921 0.133810 0.141871 0.150101 0.158494 0.167043 0.175743 0.184584 0.193560 0.202659 0.211874 0.221193 0.230606 0.240102 0.249605 0.258885 0.267680 0.275719 0.282740 0.288553 0.293005 0.295900 0.297101 0.296520 0.294119 0.289901 0.283907 0.276209 0.266906 0.256111 0.243955 0.230575 0.216116 0.200726
0.190086 0.177612 0.167856 0.158685 0.149709 0.141038 0.132904 0.125560 0.119269 0.114297 0.110919 0.109419 0.110093 0.113243 0.119178 0.126702 0.134396 0.142256 0.150273 0.158441 0.166754 0.175203 0.183782 0.192482 0.201296 0.210213 0.219226 0.228324 0.237498 0.246729 0.255875 0.264689 0.272912 0.280284 0.286584 0.291681 0.295390 0.297541 0.298018 0.296754 0.293726 0.288949 0.282476 0.274387 0.264784 0.253787 0.241528 0.228146 0.213788 0.198601
0.175431 0.174059 0.167035 0.158646 0.150167 0.142033 0.134495 0.127779 0.122123 0.117784 0.115028 0.114136 0.115396 0.119105 0.125525 0.133090 0.140816 0.148695 0.156719 0.164879 0.173168 0.181575 0.190094 0.198716 0.207432 0.216233 0.225110 0.234054 0.243056 0.252071 0.260905 0.269310 0.277031 0.283821 0.289534 0.294023 0.297103 0.298624 0.298493 0.296658 0.293108 0.287873 0.281013 0.272614 0.262785 0.251649 0.239340 0.226000 0.211776 0.196819
0.193103 0.178213 0.167451 0.158326 0.149961 0.142174 0.135051 0.128778 0.123588 0.119731 0.117473 0.117090 0.118863 0.123080 0.129906 0.137560 0.145363 0.153304 0.161374 0.169566 0.177869 0.186276 0.194777 0.203364 0.212027 0.220759 0.229548 0.238388 0.247267 0.256100 0.264665 0.272717 0.280003 0.286317 0.291549 0.295530 0.298084 0.299084 0.298450 0.296145 0.292172 0.286568 0.279403 0.270769 0.260779 0.249560 0.237248 0.223988 0.209929 0.195224
0.182328 0.172318 0.164634 0.156957 0.149251 0.141810 0.134939 0.128915 0.124005 0.120472 0.118582 0.118602 0.120808 0.125476 0.132643 0.140418 0.148323 0.156350 0.164490 0.172735 0.181076 0.189504 0.198010 0.206587 0.215224 0.223913 0.232645 0.241411 0.250196 0.258872 0.267207 0.274954 0.281869 0.287805 0.292638 0.296197 0.298317 0.298889 0.297846 0.295161 0.290849 0.284957 0.277559 0.268755 0.258661 0.247407 0.235132 0.221984 0.208114 0.193676
0.164655 0.169562 0.164501 0.156985 0.149056 0.141427 0.134473 0.128473 0.123680 0.120344 0.118718 0.119058 0.121628 0.126689 0.134140 0.142037 0.150045 0.158158 0.166368 0.174667 0.183046 0.191498 0.200014 0.208586 0.217204 0.225862 0.234548 0.243257 0.251960 0.260496 0.268628 0.276111 0.282718 0.288344 0.292847 0.296055 0.297819 0.298042 0.296668 0.293681 0.289104 0.282990 0.275422 0.266503 0.256352 0.245105 0.232901 0.219891 0.206228 0.192068
0.203017 0.180837 0.167985 0.157832 0.148843 0.140740 0.133585 0.127545 0.122822 0.119641 0.118235 0.118849 0.121733 0.127138 0.134806 0.142794 0.150878 0.159051 0.167308 0.175639 0.184039 0.192500 0.201012 0.209570 0.218163 0.226784 0.235425 0.244077 0.252699 0.261103 0.269051 0.276300 0.282652 0.288018 0.292243 0.295160 0.296632 0.296572 0.294934 0.291710 0.286929 0.280652 0.272967 0.263979 0.253814 0.242606 0.230501 0.217649 0.204206 0.190330
0.179310 0.174122 0.165289 0.156073 0.147286 0.139238 0.132144 0.126204 0.121628 0.118634 0.117453 0.118322 0.121485 0.127186 0.134988 0.143010 0.151117 0.159304 0.167565 0.175892 0.184280 0.192720 0.201206 0.209728 0.218280 0.226852 0.235437 0.244027 0.252561 0.260835 0.268611 0.275646 0.281784 0.286926 0.290916 0.293591 0.294823 0.294535 0.292688 0.289281 0.284350 0.277959 0.270201 0.261186 0.251039 0.239900 0.227915 0.215237 0.202023 0.188434
0.181897 0.172003 0.162651 0.153594 0.145055 0.137255 0.130396 0.124684 0.120334 0.117569 0.116621 0.117728 0.121132 0.127075 0.134912 0.142896 0.150963 0.159108 0.167323 0.175604 0.183941 0.192328 0.200758 0.209221 0.217711 0.226218 0.234735 0.243252 0.251689 0.259832 0.267443 0.274285 0.280236 0.285184 0.288974 0.291446 0.292483 0.292013 0.290004 0.286461 0.281424 0.274962 0.267170 0.258160 0.248061 0.237014 0.225167 0.212673 0.199693 0.186389
0.179741 0.169346 0.159718 0.150834 0.142630 0.135178 0.128636 0.123208 0.119113 0.116582 0.115853 0.117168 0.120767 0.126889 0.134661 0.142542 0.150513 0.158565 0.166693 0.174887 0.183142 0.191448 0.199797 0.208181 0.216592 0.225021 0.233459 0.241895 0.250229 0.258240 0.265692 0.272360 0.278145 0.282926 0.286545 0.288849 0.289729 0.289117 0.286986 0.283347 0.278242 0.271745 0.263950 0.254974 0.244946 0.234009 0.222311 0.210009 0.197263 0.184238
0.171552 0.163233 0.155403 0.147672 0.140173 0.133182 0.126977 0.121821 0.117960 0.115639 0.115098 0.116580 0.120325 0.126568 0.134202 0.141942 0.149783 0.157714 0.165727 0.173815 0.181968 0.190176 0.198432 0.206727 0.215051 0.223395 0.231750 0.240102 0.248331 0.256214 0.263516 0.270029 0.275669 0.280306 0.283782 0.285950 0.286705 0.285986 0.283769 0.280068 0.274927 0.268422 0.260651 0.251730 0.241791 0.230975 0.219434 0.207325 0.194808 0.182050
0.164224 0.159137 0.152706 0.145454 0.138173 0.131360 0.125341 0.120377 0.116707 0.114564 0.114185 0.115805 0.119662 0.125977 0.133456 0.141055 0.148763 0.156572 0.164471 0.172450 0.180500 0.188612 0.196776 0.204982 0.213221 0.221483 0.229760 0.238031 0.246160 0.253924 0.261090 0.267471 0.272987 0.277503 0.280864 0.282924 0.283585 0.282788 0.280514 0.276778 0.271627 0.265137 0.257408 0.248557 0.238716 0.228028 0.216643 0.204721 0.192422 0.179914
0.164224 0.160930 0.152407 0.143905 0.136164 0.129294 0.123392 0.118610 0.115135 0.113177 0.112960 0.114714 0.118670 0.125028 0.132390 0.139879 0.147482 0.155191 0.162995 0.170884 0.178849 0.186878 0.194963 0.203093 0.211259 0.219452 0.227661 0.235862 0.243902 0.251562 0.258610 0.264882 0.270297 0.274717 0.277986 0.279964 0.280557 0.279709 0.277401 0.273651 0.268508 0.262049 0.254373 0.245599 0.235858 0.225294 0.214059 0.202310 0.190211 0.177929
0.193103 0.162438 0.149151 0.140252 0.132862 0.126407 0.120875 0.116408 0.113198 0.111463 0.111427 0.113322 0.117379 0.123779 0.131081 0.138507 0.146047 0.153693 0.161435 0.169262 0.177165 0.185135 0.193161 0.201235 0.209346 0.217485 0.225643 0.233787 0.241756 0.249330 0.256282 0.262470 0.267808 0.272155 0.275356 0.277276 0.277822 0.276941 0.274617 0.270868 0.265744 0.259322 0.251703 0.243004 0.233358 0.222907 0.211804 0.200208 0.188281 0.176193
0.117672 0.138701 0.139114 0.134498 0.128794 0.123192 0.118188 0.114096 0.111173 0.109663 0.109804 0.111835 0.115989 0.122437 0.129727 0.137134 0.144651 0.152269 0.159979 0.167773 0.175641 0.183575 0.191565 0.199602 0.207677 0.215780 0.223902 0.232005 0.239921 0.247431 0.254313 0.260441 0.265723 0.270018 0.273172 0.275053 0.275570 0.274671 0.272342 0.268601 0.263500 0.257115 0.249546 0.240913 0.231346 0.220990 0.209996 0.198523 0.186734 0.174799
0.169397 0.148026 0.138928 0.132322 0.126373 0.120920 0.116138 0.112259 0.109524 0.108173 0.108444 0.110578 0.114806 0.121297 0.128601 0.136015 0.143532 0.151145 0.158845 0.166626 0.174479 0.182395 0.190366 0.198383 0.206438 0.214520 0.222621 0.230699 0.238580 0.246049 0.252884 0.258975 0.264221 0.268483 0.271608 0.273465 0.273966 0.273059 0.270730 0.266999 0.261916 0.255560 0.248031 0.239445 0.229937 0.219648 0.208731 0.197344 0.185652 0.173823
0.146983 0.144214 0.137994 0.131509 0.125400 0.119876 0.115106 0.111283 0.108619 0.107338 0.107673 0.109859 0.114126 0.120642 0.127961 0.135385 0.142908 0.150523 0.158223 0.166000 0.173848 0.181759 0.189722 0.197731 0.205777 0.213850 0.221942 0.230008 0.237872 0.245320 0.252133 0.258205 0.263434 0.267681 0.270792 0.272638 0.273131 0.272221 0.269894 0.266169 0.261097 0.254757 0.247248 0.238689 0.229210 0.218957 0.208079 0.196738 0.185095 0.173321
