0.047210 0.049813 0.052354 0.054880 0.057408 0.059946 0.062498 0.065065 0.067647 0.070246 0.072861 0.075491 0.078136 0.080796 0.083471 0.086159 0.088859 0.091572 0.094295 0.097028 0.099770 0.102520 0.105276 0.108038 0.110803 0.113570 0.116338 0.119105 0.121870 0.124630 0.127384 0.130130 0.132865 0.135587 0.138294 0.140984 0.143653 0.146300 0.148921 0.151513 0.154073 0.156598 0.159085 0.161528 0.163926 0.166273 0.168566 0.170839 0.173157 0.175520
0.047961 0.050285 0.052700 0.055164 0.057659 0.060176 0.062713 0.065270 0.067845 0.070437 0.073047 0.075674 0.078317 0.080975 0.083649 0.086336 0.089036 0.091749 0.094473 0.097207 0.099949 0.102700 0.105458 0.108220 0.110987 0.113756 0.116525 0.119294 0.122061 0.124823 0.127578 0.130326 0.133063 0.135787 0.138496 0.141188 0.143859 0.146508 0.149131 0.151725 0.154288 0.156815 0.159304 0.161750 0.164150 0.166500 0.168795 0.171067 0.173383 0.175745
0.048515 0.050787 0.053170 0.055606 0.058075 0.060571 0.063092 0.065635 0.068200 0.070786 0.073391 0.076014 0.078654 0.081312 0.083985 0.086672 0.089374 0.092088 0.094813 0.097549 0.100295 0.103048 0.105808 0.108574 0.111344 0.114116 0.116889 0.119661 0.122431 0.125197 0.127956 0.130707 0.133448 0.136176 0.138889 0.141585 0.144261 0.146914 0.149541 0.152140 0.154707 0.157239 0.159733 0.162184 0.164589 0.166944 0.169245 0.171515 0.173827 0.176186
0.048599 0.051175 0.053640 0.056088 0.058552 0.061040 0.063553 0.066092 0.068654 0.071238 0.073843 0.076467 0.079110 0.081770 0.084446 0.087137 0.089842 0.092560 0.095290 0.098031 0.100781 0.103540 0.106305 0.109076 0.111851 0.114629 0.117408 0.120186 0.122961 0.125733 0.128498 0.131255 0.134002 0.136736 0.139456 0.142158 0.144841 0.147500 0.150135 0.152740 0.155315 0.157854 0.160355 0.162814 0.165227 0.167590 0.169899 0.172169 0.174476 0.176830
0.049401 0.051732 0.054109 0.056535 0.059001 0.061499 0.064024 0.066574 0.069147 0.071741 0.074356 0.076989 0.079641 0.082309 0.084994 0.087693 0.090407 0.093133 0.095872 0.098621 0.101379 0.104146 0.106919 0.109698 0.112481 0.115267 0.118054 0.120840 0.123624 0.126404 0.129178 0.131944 0.134699 0.137442 0.140171 0.142882 0.145573 0.148242 0.150886 0.153502 0.156086 0.158635 0.161147 0.163616 0.166040 0.168414 0.170735 0.173007 0.175309 0.177658
0.049818 0.051978 0.054377 0.056856 0.059372 0.061911 0.064470 0.067049 0.069645 0.072261 0.074894 0.077545 0.080213 0.082896 0.085595 0.088308 0.091035 0.093774 0.096524 0.099285 0.102055 0.104833 0.107618 0.110408 0.113203 0.115999 0.118797 0.121594 0.124389 0.127180 0.129965 0.132742 0.135509 0.138264 0.141004 0.143727 0.146430 0.149112 0.151768 0.154396 0.156993 0.159556 0.162080 0.164564 0.167002 0.169391 0.171726 0.174006 0.176303 0.178647
0.048896 0.051834 0.054517 0.057127 0.059718 0.062308 0.064907 0.067518 0.070144 0.072786 0.075443 0.078116 0.080805 0.083508 0.086225 0.088955 0.091698 0.094453 0.097219 0.099995 0.102780 0.105572 0.108371 0.111175 0.113983 0.116793 0.119605 0.122416 0.125225 0.128029 0.130828 0.133619 0.136400 0.139169 0.141924 0.144662 0.147380 0.150077 0.152749 0.155393 0.158006 0.160585 0.163127 0.165627 0.168083 0.170490 0.172843 0.175140 0.177432 0.179771
0.049787 0.052327 0.054937 0.057539 0.060139 0.062748 0.065369 0.068005 0.070655 0.073320 0.076001 0.078696 0.081405 0.084128 0.086865 0.089614 0.092375 0.095148 0.097931 0.100723 0.103524 0.106333 0.109148 0.111968 0.114792 0.117619 0.120447 0.123274 0.126099 0.128921 0.131736 0.134544 0.137342 0.140129 0.142901 0.145657 0.148394 0.151109 0.153799 0.156463 0.159095 0.161695 0.164257 0.166778 0.169255 0.171684 0.174060 0.176379 0.178670 0.181006
0.050473 0.053059 0.055537 0.058060 0.060631 0.063235 0.065865 0.068514 0.071181 0.073865 0.076563 0.079277 0.082004 0.084746 0.087500 0.090267 0.093046 0.095836 0.098637 0.101447 0.104266 0.107092 0.109925 0.112763 0.115606 0.118451 0.121297 0.124143 0.126987 0.129828 0.132663 0.135490 0.138309 0.141115 0.143908 0.146685 0.149444 0.152180 0.154893 0.157579 0.160235 0.162858 0.165444 0.167990 0.170492 0.172946 0.175349 0.177695 0.179995 0.182330
0.051897 0.053645 0.056002 0.058526 0.061112 0.063730 0.066372 0.069034 0.071712 0.074408 0.077120 0.079847 0.082589 0.085345 0.088115 0.090898 0.093693 0.096501 0.099319 0.102147 0.104984 0.107829 0.110682 0.113539 0.116402 0.119267 0.122134 0.125001 0.127867 0.130729 0.133586 0.136436 0.139278 0.142108 0.144925 0.147726 0.150509 0.153271 0.156009 0.158721 0.161404 0.164054 0.166667 0.169242 0.171773 0.174257 0.176690 0.179067 0.181387 0.183722
0.049764 0.053361 0.056232 0.058921 0.061568 0.064212 0.066866 0.069536 0.072222 0.074926 0.077646 0.080383 0.083137 0.085906 0.088690 0.091488 0.094300 0.097124 0.099960 0.102807 0.105664 0.108529 0.111402 0.114281 0.117165 0.120053 0.122943 0.125833 0.128723 0.131609 0.134491 0.137367 0.140234 0.143091 0.145934 0.148763 0.151573 0.154364 0.157131 0.159873 0.162585 0.165266 0.167911 0.170517 0.173081 0.175599 0.178066 0.180478 0.182832 0.185170
0.052283 0.054321 0.056821 0.059412 0.062028 0.064662 0.067314 0.069984 0.072675 0.075384 0.078113 0.080861 0.083626 0.086409 0.089208 0.092022 0.094851 0.097694 0.100550 0.103417 0.106295 0.109182 0.112078 0.114980 0.117888 0.120801 0.123716 0.126632 0.129548 0.132461 0.135371 0.138274 0.141170 0.144055 0.146928 0.149787 0.152628 0.155450 0.158250 0.161024 0.163770 0.166485 0.169165 0.171807 0.174407 0.176962 0.179467 0.181919 0.184313 0.186664
0.051995 0.054728 0.057259 0.059805 0.062391 0.065011 0.067660 0.070335 0.073034 0.075755 0.078497 0.081259 0.084041 0.086841 0.089658 0.092492 0.095341 0.098206 0.101083 0.103974 0.106875 0.109787 0.112707 0.115635 0.118570 0.121509 0.124452 0.127396 0.130340 0.133283 0.136222 0.139156 0.142083 0.145000 0.147905 0.150796 0.153671 0.156527 0.159362 0.162171 0.164954 0.167706 0.170424 0.173105 0.175746 0.178341 0.180889 0.183384 0.185822 0.188202
0.052751 0.054929 0.057394 0.059952 0.062560 0.065202 0.067873 0.070569 0.073289 0.076030 0.078794 0.081578 0.084382 0.087204 0.090045 0.092902 0.095776 0.098665 0.101568 0.104484 0.107412 0.110350 0.113298 0.116254 0.119217 0.122185 0.125157 0.128131 0.131106 0.134080 0.137051 0.140017 0.142977 0.145927 0.148867 0.151793 0.154704 0.157597 0.160469 0.163317 0.166138 0.168931 0.171690 0.174413 0.177097 0.179737 0.182330 0.184872 0.187358 0.189784
0.051665 0.054513 0.057221 0.059900 0.062581 0.065274 0.067984 0.070714 0.073465 0.076236 0.079027 0.081839 0.084670 0.087519 0.090387 0.093271 0.096172 0.099088 0.102019 0.104963 0.107919 0.110886 0.113862 0.116848 0.119840 0.122839 0.125842 0.128847 0.131854 0.134861 0.137865 0.140865 0.143859 0.146845 0.149821 0.152784 0.155733 0.158664 0.161576 0.164465 0.167328 0.170163 0.172966 0.175734 0.178464 0.181152 0.183794 0.186387 0.188925 0.191405
0.051655 0.054428 0.057169 0.059889 0.062607 0.065335 0.068078 0.070839 0.073620 0.076421 0.079241 0.082081 0.084941 0.087818 0.090714 0.093626 0.096555 0.099499 0.102458 0.105430 0.108415 0.111411 0.114417 0.117433 0.120455 0.123485 0.126519 0.129557 0.132596 0.135636 0.138675 0.141710 0.144739 0.147762 0.150775 0.153777 0.156765 0.159737 0.162690 0.165621 0.168529 0.171409 0.174258 0.177075 0.179854 0.182593 0.185287 0.187933 0.190527 0.193065
0.052125 0.054727 0.057357 0.060030 0.062736 0.065469 0.068227 0.071009 0.073812 0.076637 0.079482 0.082347 0.085232 0.088135 0.091057 0.093995 0.096951 0.099921 0.102907 0.105907 0.108919 0.111943 0.114978 0.118023 0.121076 0.124136 0.127201 0.130271 0.133343 0.136417 0.139490 0.142560 0.145627 0.148687 0.151739 0.154780 0.157809 0.160822 0.163819 0.166795 0.169748 0.172675 0.175574 0.178441 0.181272 0.184064 0.186815 0.189519 0.192172 0.194771
0.052713 0.055045 0.057610 0.060259 0.062958 0.065694 0.068461 0.071255 0.074073 0.076915 0.079779 0.082664 0.085569 0.088493 0.091437 0.094398 0.097376 0.100371 0.103381 0.106405 0.109444 0.112495 0.115557 0.118629 0.121711 0.124801 0.127897 0.130998 0.134103 0.137211 0.140318 0.143424 0.146528 0.149626 0.152717 0.155799 0.158870 0.161927 0.164968 0.167991 0.170992 0.173969 0.176919 0.179839 0.182725 0.185575 0.188384 0.191149 0.193866 0.196531
0.052072 0.055104 0.057826 0.060523 0.063244 0.065994 0.068772 0.071577 0.074407 0.077261 0.080138 0.083037 0.085957 0.088898 0.091859 0.094839 0.097837 0.100852 0.103884 0.106931 0.109993 0.113069 0.116156 0.119256 0.122365 0.125484 0.128610 0.131743 0.134880 0.138021 0.141163 0.144306 0.147446 0.150583 0.153715 0.156839 0.159953 0.163055 0.166143 0.169214 0.172265 0.175294 0.178298 0.181274 0.184219 0.187128 0.190000 0.192831 0.195615 0.198350
0.053667 0.055591 0.058146 0.060841 0.063581 0.066346 0.069136 0.071951 0.074790 0.077653 0.080540 0.083451 0.086384 0.089338 0.092314 0.095310 0.098325 0.101359 0.104410 0.107479 0.110563 0.113662 0.116774 0.119900 0.123036 0.126183 0.129339 0.132503 0.135673 0.138847 0.142025 0.145204 0.148384 0.151561 0.154734 0.157901 0.161060 0.164209 0.167345 0.170467 0.173571 0.176655 0.179716 0.182751 0.185757 0.188731 0.191669 0.194569 0.197425 0.200235
0.051593 0.055403 0.058380 0.061174 0.063939 0.066716 0.069514 0.072337 0.075185 0.078058 0.080955 0.083877 0.086822 0.089790 0.092780 0.095792 0.098824 0.101876 0.104947 0.108036 0.111142 0.114264 0.117402 0.120553 0.123717 0.126893 0.130079 0.133275 0.136478 0.139687 0.142901 0.146119 0.149337 0.152556 0.155772 0.158985 0.162191 0.165389 0.168577 0.171751 0.174911 0.178053 0.181174 0.184271 0.187343 0.190385 0.193394 0.196367 0.199300 0.202190
0.054719 0.056430 0.058890 0.061550 0.064283 0.067057 0.069862 0.072695 0.075555 0.078440 0.081351 0.084286 0.087246 0.090230 0.093236 0.096265 0.099315 0.102387 0.105478 0.108589 0.111718 0.114865 0.118028 0.121206 0.124399 0.127605 0.130823 0.134051 0.137289 0.140535 0.143787 0.147044 0.150305 0.153567 0.156829 0.160089 0.163345 0.166595 0.169836 0.173067 0.176286 0.179489 0.182674 0.185838 0.188979 0.192093 0.195177 0.198229 0.201244 0.204219
0.053240 0.056265 0.059017 0.061758 0.064526 0.067323 0.070148 0.072999 0.075876 0.078778 0.081706 0.084659 0.087637 0.090639 0.093664 0.096713 0.099784 0.102877 0.105992 0.109126 0.112281 0.115453 0.118644 0.121852 0.125075 0.128312 0.131564 0.134827 0.138102 0.141386 0.144679 0.147978 0.151283 0.154591 0.157901 0.161211 0.164520 0.167824 0.171123 0.174414 0.177695 0.180963 0.184216 0.187451 0.190665 0.193856 0.197021 0.200156 0.203259 0.206324
0.053553 0.056272 0.059079 0.061886 0.064699 0.067528 0.070377 0.073250 0.076147 0.079070 0.082018 0.084991 0.087989 0.091012 0.094059 0.097130 0.100224 0.103341 0.106480 0.109641 0.112823 0.116024 0.119244 0.122483 0.125739 0.129011 0.132298 0.135599 0.138912 0.142238 0.145573 0.148917 0.152268 0.155626 0.158987 0.162350 0.165715 0.169078 0.172437 0.175792 0.179138 0.182476 0.185801 0.189111 0.192404 0.195677 0.198927 0.202151 0.205346 0.208508
0.053528 0.056439 0.059252 0.062056 0.064874 0.067714 0.070578 0.073468 0.076384 0.079325 0.082293 0.085287 0.088306 0.091351 0.094421 0.097516 0.100635 0.103778 0.106944 0.110133 0.113344 0.116576 0.119828 0.123100 0.126390 0.129698 0.133023 0.136364 0.139719 0.143088 0.146469 0.149860 0.153261 0.156670 0.160085 0.163506 0.166929 0.170354 0.173778 0.177199 0.180617 0.184027 0.187428 0.190818 0.194195 0.197555 0.200895 0.204214 0.207507 0.210773
0.054302 0.056837 0.059506 0.062256 0.065058 0.067898 0.070771 0.073673 0.076604 0.079562 0.082548 0.085561 0.088602 0.091669 0.094762 0.097881 0.101025 0.104195 0.107389 0.110607 0.113848 0.117112 0.120397 0.123704 0.127031 0.130377 0.133742 0.137125 0.140523 0.143938 0.147366 0.150808 0.154261 0.157725 0.161197 0.164677 0.168163 0.171653 0.175145 0.178638 0.182129 0.185617 0.189100 0.192574 0.196038 0.199490 0.202927 0.206345 0.209743 0.213117
0.054353 0.056912 0.059632 0.062412 0.065231 0.068082 0.070965 0.073878 0.076822 0.079794 0.082797 0.085828 0.088887 0.091975 0.095091 0.098233 0.101403 0.104599 0.107821 0.111069 0.114341 0.117637 0.120957 0.124300 0.127664 0.131050 0.134457 0.137883 0.141327 0.144789 0.148268 0.151762 0.155270 0.158791 0.162323 0.165866 0.169417 0.172976 0.176540 0.180107 0.183677 0.187247 0.190814 0.194378 0.197935 0.201484 0.205021 0.208545 0.212053 0.215542
0.053754 0.056869 0.059747 0.062580 0.065418 0.068279 0.071170 0.074092 0.077046 0.080031 0.083048 0.086095 0.089173 0.092280 0.095417 0.098583 0.101777 0.104999 0.108249 0.111526 0.114829 0.118158 0.121512 0.124892 0.128295 0.131721 0.135171 0.138641 0.142133 0.145644 0.149175 0.152723 0.156288 0.159869 0.163464 0.167073 0.170692 0.174323 0.177962 0.181608 0.185260 0.188915 0.192572 0.196229 0.199884 0.203535 0.207178 0.210813 0.214437 0.218046
0.054851 0.057342 0.060044 0.062816 0.065633 0.068490 0.071383 0.074313 0.077277 0.080275 0.083306 0.086369 0.089463 0.092590 0.095747 0.098935 0.102152 0.105400 0.108677 0.111982 0.115316 0.118678 0.122068 0.125484 0.128926 0.132393 0.135886 0.139403 0.142943 0.146505 0.150089 0.153694 0.157318 0.160961 0.164621 0.168297 0.171989 0.175694 0.179411 0.183140 0.186877 0.190622 0.194373 0.198128 0.201885 0.205642 0.209397 0.213148 0.216893 0.220629
0.054773 0.057542 0.060247 0.063008 0.065825 0.068689 0.071595 0.074537 0.077514 0.080526 0.083572 0.086650 0.089762 0.092906 0.096083 0.099291 0.102532 0.105804 0.109107 0.112441 0.115805 0.119200 0.122624 0.126077 0.129558 0.133068 0.136604 0.140168 0.143757 0.147372 0.151011 0.154674 0.158359 0.162066 0.165793 0.169541 0.173306 0.177089 0.180888 0.184702 0.188528 0.192367 0.196215 0.200072 0.203936 0.207804 0.211676 0.215548 0.219419 0.223286
0.055177 0.057569 0.060301 0.063122 0.065985 0.068881 0.071809 0.074769 0.077762 0.080788 0.083847 0.086941 0.090068 0.093229 0.096424 0.099652 0.102915 0.106210 0.109539 0.112901 0.116295 0.119722 0.123180 0.126671 0.130192 0.133743 0.137325 0.140936 0.144576 0.148244 0.151940 0.155662 0.159411 0.163184 0.166981 0.170802 0.174644 0.178508 0.182391 0.186293 0.190213 0.194148 0.198098 0.202061 0.206036 0.210020 0.214012 0.218010 0.222013 0.226018
0.053859 0.057345 0.060367 0.063286 0.066192 0.069111 0.072054 0.075025 0.078028 0.081064 0.084134 0.087239 0.090380 0.093556 0.096768 0.100015 0.103298 0.106616 0.109970 0.113360 0.116784 0.120243 0.123736 0.127264 0.130825 0.134420 0.138047 0.141707 0.145399 0.149122 0.152876 0.156660 0.160473 0.164314 0.168184 0.172080 0.176002 0.179949 0.183920 0.187914 0.191930 0.195966 0.200021 0.204094 0.208184 0.212288 0.216406 0.220535 0.224674 0.228821
0.055796 0.058096 0.060816 0.063642 0.066511 0.069412 0.072345 0.075312 0.078315 0.081354 0.084430 0.087543 0.090695 0.093884 0.097111 0.100375 0.103678 0.107019 0.110398 0.113815 0.117269 0.120760 0.124289 0.127854 0.131457 0.135095 0.138770 0.142480 0.146225 0.150004 0.153818 0.157665 0.161545 0.165457 0.169401 0.173376 0.177380 0.181414 0.185476 0.189565 0.193680 0.197820 0.201984 0.206171 0.210380 0.214608 0.218856 0.223120 0.227400 0.231694
0.055382 0.058461 0.061265 0.064054 0.066878 0.069747 0.072659 0.075614 0.078610 0.081648 0.084727 0.087847 0.091007 0.094207 0.097449 0.100731 0.104053 0.107416 0.110820 0.114264 0.117748 0.121273 0.124838 0.128442 0.132086 0.135770 0.139493 0.143254 0.147054 0.150892 0.154768 0.158680 0.162630 0.166615 0.170636 0.174691 0.178781 0.182904 0.187059 0.191247 0.195465 0.199713 0.203990 0.208294 0.212626 0.216982 0.221363 0.225767 0.230193 0.234639
0.056889 0.059122 0.061708 0.064421 0.067210 0.070057 0.072956 0.075904 0.078897 0.081935 0.085017 0.088143 0.091312 0.094525 0.097780 0.101079 0.104422 0.107807 0.111236 0.114709 0.118224 0.121783 0.125385 0.129029 0.132717 0.136447 0.140220 0.144035 0.147891 0.151790 0.155729 0.159710 0.163730 0.167791 0.171892 0.176031 0.180208 0.184424 0.188676 0.192965 0.197289 0.201648 0.206041 0.210467 0.214925 0.219414 0.223933 0.228480 0.233055 0.237656
0.056287 0.059164 0.061897 0.064654 0.067461 0.070318 0.073222 0.076173 0.079170 0.082212 0.085300 0.088433 0.091612 0.094836 0.098107 0.101424 0.104787 0.108196 0.111651 0.115152 0.118700 0.122294 0.125935 0.129621 0.133354 0.137133 0.140957 0.144827 0.148743 0.152704 0.156710 0.160760 0.164855 0.168994 0.173177 0.177402 0.181671 0.185981 0.190333 0.194726 0.199160 0.203633 0.208146 0.212696 0.217284 0.221909 0.226569 0.231264 0.235992 0.240753
0.056890 0.059334 0.062056 0.064853 0.067691 0.070566 0.073481 0.076438 0.079439 0.082486 0.085579 0.088721 0.091910 0.095148 0.098434 0.101770 0.105154 0.108588 0.112071 0.115604 0.119186 0.122817 0.126498 0.130228 0.134008 0.137837 0.141716 0.145644 0.149621 0.153646 0.157721 0.161844 0.166016 0.170235 0.174502 0.178817 0.183179 0.187587 0.192042 0.196543 0.201089 0.205679 0.210314 0.214992 0.219713 0.224477 0.229281 0.234126 0.239011 0.243934
0.056171 0.059394 0.062300 0.065141 0.067985 0.070856 0.073766 0.076719 0.079719 0.082768 0.085867 0.089016 0.092217 0.095469 0.098773 0.102129 0.105537 0.108997 0.112510 0.116076 0.119694 0.123365 0.127089 0.130865 0.134694 0.138576 0.142511 0.146499 0.150540 0.154633 0.158778 0.162977 0.167227 0.171530 0.175884 0.180291 0.184749 0.189258 0.193818 0.198428 0.203089 0.207800 0.212559 0.217368 0.222225 0.227129 0.232081 0.237079 0.242122 0.247211
0.057795 0.060212 0.062860 0.065585 0.068364 0.071196 0.074082 0.077022 0.080016 0.083066 0.086170 0.089329 0.092543 0.095812 0.099136 0.102516 0.105950 0.109441 0.112986 0.116588 0.120245 0.123958 0.127726 0.131552 0.135433 0.139370 0.143364 0.147414 0.151520 0.155683 0.159902 0.164178 0.168510 0.172898 0.177342 0.181842 0.186398 0.191010 0.195678 0.200400 0.205178 0.210010 0.214897 0.219838 0.224833 0.229881 0.234981 0.240134 0.245339 0.250594
0.058265 0.060846 0.063387 0.066015 0.068733 0.071530 0.074399 0.077333 0.080329 0.083385 0.086501 0.089675 0.092908 0.096199 0.099547 0.102954 0.106419 0.109942 0.113523 0.117164 0.120862 0.124620 0.128437 0.132313 0.136248 0.140243 0.144298 0.148412 0.152587 0.156821 0.161116 0.165471 0.169886 0.174361 0.178897 0.183493 0.188149 0.192865 0.197642 0.202478 0.207374 0.212330 0.217346 0.222421 0.227554 0.232747 0.237998 0.243306 0.248673 0.254097
0.059193 0.061191 0.063637 0.066266 0.069000 0.071816 0.074703 0.077655 0.080670 0.083747 0.086884 0.090082 0.093340 0.096658 0.100036 0.103474 0.106973 0.110533 0.114153 0.117835 0.121578 0.125383 0.129250 0.133179 0.137170 0.141225 0.145342 0.149523 0.153767 0.158074 0.162446 0.166881 0.171381 0.175945 0.180573 0.185266 0.190023 0.194845 0.199731 0.204682 0.209698 0.214778 0.219923 0.225132 0.230406 0.235743 0.241144 0.246610 0.252138 0.257730
0.057537 0.060702 0.063573 0.066393 0.069232 0.072114 0.075049 0.078041 0.081090 0.084198 0.087366 0.090594 0.093883 0.097233 0.100644 0.104117 0.107652 0.111251 0.114912 0.118637 0.122426 0.126280 0.130198 0.134181 0.138230 0.142345 0.146526 0.150774 0.155088 0.159470 0.163919 0.168436 0.173021 0.177674 0.182395 0.187185 0.192043 0.196971 0.201968 0.207033 0.212169 0.217373 0.222647 0.227990 0.233403 0.238885 0.244436 0.250057 0.255746 0.261505
0.058236 0.061030 0.063884 0.066753 0.069647 0.072578 0.075557 0.078587 0.081671 0.084812 0.088012 0.091271 0.094591 0.097973 0.101418 0.104927 0.108499 0.112137 0.115839 0.119608 0.123443 0.127346 0.131316 0.135354 0.139460 0.143636 0.147880 0.152195 0.156580 0.161036 0.165562 0.170160 0.174830 0.179571 0.184385 0.189272 0.194231 0.199264 0.204370 0.209550 0.214804 0.220131 0.225533 0.231009 0.236560 0.242184 0.247884 0.253658 0.259507 0.265430
0.059264 0.061949 0.064691 0.067513 0.070400 0.073344 0.076341 0.079392 0.082499 0.085664 0.088888 0.092173 0.095520 0.098931 0.102407 0.105948 0.109555 0.113230 0.116973 0.120784 0.124664 0.128614 0.132635 0.136726 0.140889 0.145124 0.149432 0.153813 0.158267 0.162796 0.167398 0.172076 0.176830 0.181659 0.186564 0.191546 0.196605 0.201741 0.206955 0.212247 0.217617 0.223066 0.228594 0.234200 0.239886 0.245651 0.251496 0.257421 0.263426 0.269510
0.060746 0.063159 0.065852 0.068660 0.071538 0.074474 0.077468 0.080521 0.083633 0.086807 0.090044 0.093345 0.096712 0.100146 0.103647 0.107216 0.110855 0.114564 0.118343 0.122194 0.126117 0.130113 0.134182 0.138325 0.142542 0.146835 0.151204 0.155649 0.160170 0.164770 0.169447 0.174203 0.179038 0.183952 0.188947 0.194022 0.199178 0.204415 0.209734 0.215136 0.220620 0.226186 0.231837 0.237570 0.243388 0.249290 0.255277 0.261348 0.267504 0.273745
0.061316 0.064475 0.067371 0.070211 0.073071 0.075981 0.078951 0.081986 0.085089 0.088260 0.091499 0.094809 0.098189 0.101639 0.105161 0.108754 0.112420 0.116160 0.119973 0.123860 0.127822 0.131861 0.135975 0.140167 0.144437 0.148784 0.153211 0.157718 0.162304 0.166972 0.171721 0.176552 0.181465 0.186462 0.191543 0.196708 0.201957 0.207292 0.212713 0.218220 0.223814 0.229495 0.235264 0.241120 0.247065 0.253099 0.259222 0.265435 0.271737 0.278130
0.064348 0.066908 0.069507 0.072188 0.074956 0.077807 0.080740 0.083752 0.086842 0.090007 0.093248 0.096563 0.099953 0.103418 0.106957 0.110572 0.114262 0.118029 0.121872 0.125793 0.129792 0.133870 0.138027 0.142264 0.146582 0.150982 0.155463 0.160028 0.164676 0.169408 0.174225 0.179128 0.184117 0.189192 0.194355 0.199606 0.204945 0.210373 0.215891 0.221500 0.227199 0.232989 0.238871 0.244845 0.250912 0.257072 0.263326 0.269674 0.276116 0.282652
0.067705 0.069434 0.071737 0.074298 0.077011 0.079836 0.082758 0.085765 0.088855 0.092024 0.095271 0.098596 0.101998 0.105477 0.109034 0.112668 0.116381 0.120173 0.124044 0.127995 0.132028 0.136142 0.140338 0.144617 0.148980 0.153428 0.157961 0.162580 0.167285 0.172078 0.176959 0.181929 0.186988 0.192138 0.197378 0.202710 0.208134 0.213651 0.219261 0.224966 0.230764 0.236658 0.242648 0.248733 0.254916 0.261196 0.267573 0.274049 0.280623 0.287296
0.067852 0.070845 0.073584 0.076328 0.079134 0.082015 0.084972 0.088006 0.091115 0.094301 0.097564 0.100903 0.104319 0.107814 0.111388 0.115041 0.118774 0.122588 0.126484 0.130463 0.134525 0.138672 0.142903 0.147221 0.151625 0.156116 0.160696 0.165365 0.170124 0.174973 0.179913 0.184946 0.190071 0.195290 0.200602 0.206010 0.211514 0.217113 0.222810 0.228604 0.234496 0.240487 0.246577 0.252767 0.259058 0.265450 0.271943 0.278539 0.285237 0.292038
0.070078 0.072847 0.075709 0.078589 0.081497 0.084448 0.087454 0.090521 0.093655 0.096860 0.100137 0.103490 0.106919 0.110427 0.114014 0.117682 0.121433 0.125266 0.129183 0.133185 0.137273 0.141448 0.145711 0.150062 0.154503 0.159034 0.163656 0.168370 0.173177 0.178077 0.183072 0.188161 0.193347 0.198629 0.204009 0.209487 0.215064 0.220740 0.226516 0.232393 0.238372 0.244453 0.250637 0.256924 0.263315 0.269811 0.276412 0.283118 0.289931 0.296851
0.072822 0.075660 0.078525 0.081414 0.084334 0.087296 0.090310 0.093383 0.096521 0.099728 0.103009 0.106365 0.109798 0.113312 0.116906 0.120584 0.124345 0.128192 0.132125 0.136146 0.140255 0.144453 0.148742 0.153122 0.157594 0.162159 0.166819 0.171573 0.176423 0.181369 0.186412 0.191554 0.196794 0.202134 0.207575 0.213116 0.218760 0.224506 0.230355 0.236308 0.242366 0.248530 0.254799 0.261175 0.267658 0.274248 0.280948 0.287756 0.294674 0.301701
0.076429 0.079335 0.082100 0.084879 0.087712 0.090610 0.093576 0.096614 0.099724 0.102911 0.106175 0.109519 0.112945 0.116454 0.120047 0.123725 0.127491 0.131345 0.135287 0.139321 0.143445 0.147661 0.151971 0.156375 0.160873 0.165468 0.170159 0.174948 0.179835 0.184822 0.189908 0.195096 0.200385 0.205776 0.211271 0.216870 0.222573 0.228382 0.234297 0.240318 0.246448 0.252685 0.259031 0.265487 0.272053 0.278729 0.285517 0.292417 0.299429 0.306554
0.081954 0.083863 0.086229 0.088797 0.091492 0.094289 0.097177 0.100154 0.103216 0.106364 0.109598 0.112917 0.116324 0.119819 0.123402 0.127074 0.130837 0.134692 0.138638 0.142678 0.146813 0.151042 0.155367 0.159789 0.164309 0.168927 0.173645 0.178463 0.183382 0.188403 0.193527 0.198754 0.204086 0.209522 0.215065 0.220713 0.226469 0.232334 0.238306 0.244389 0.250581 0.256884 0.263298 0.269825 0.276464 0.283216 0.290082 0.297063 0.304158 0.311369
0.085337 0.087826 0.090274 0.092798 0.095421 0.098146 0.100969 0.103889 0.106902 0.110009 0.113208 0.116499 0.119882 0.123357 0.126925 0.130587 0.134342 0.138193 0.142139 0.146181 0.150320 0.154558 0.158894 0.163329 0.167865 0.172502 0.177241 0.182083 0.187028 0.192078 0.197233 0.202494 0.207861 0.213336 0.218919 0.224611 0.230412 0.236324 0.242347 0.248481 0.254728 0.261088 0.267561 0.274149 0.280852 0.287669 0.294603 0.301654 0.308821 0.316106
0.089297 0.091775 0.094235 0.096752 0.099351 0.102042 0.104828 0.107710 0.110688 0.113762 0.116931 0.120195 0.123556 0.127011 0.130564 0.134212 0.137958 0.141802 0.145743 0.149784 0.153925 0.158166 0.162509 0.166954 0.171501 0.176152 0.180907 0.185768 0.190734 0.195806 0.200987 0.206275 0.211672 0.217178 0.222795 0.228523 0.234362 0.240314 0.246379 0.252557 0.258850 0.265258 0.271781 0.278420 0.285176 0.292049 0.299040 0.306149 0.313377 0.320724
0.093776 0.095832 0.098185 0.100669 0.103251 0.105925 0.108691 0.111551 0.114507 0.117557 0.120704 0.123948 0.127289 0.130727 0.134264 0.137900 0.141635 0.145471 0.149406 0.153444 0.157583 0.161825 0.166170 0.170620 0.175175 0.179835 0.184602 0.189476 0.194457 0.199548 0.204747 0.210057 0.215477 0.221009 0.226652 0.232409 0.238279 0.244262 0.250361 0.256575 0.262905 0.269351 0.275914 0.282595 0.289394 0.296312 0.303349 0.310505 0.317782 0.325179
0.097047 0.099644 0.102080 0.104563 0.107132 0.109790 0.112541 0.115385 0.118322 0.121355 0.124484 0.127711 0.131035 0.134458 0.137981 0.141604 0.145328 0.149154 0.153082 0.157114 0.161249 0.165489 0.169834 0.174285 0.178843 0.183508 0.188282 0.193164 0.198156 0.203259 0.208472 0.213797 0.219234 0.224784 0.230448 0.236226 0.242119 0.248127 0.254251 0.260492 0.266850 0.273326 0.279920 0.286633 0.293465 0.300417 0.307489 0.314681 0.321995 0.329430
0.101875 0.103726 0.106010 0.108453 0.110999 0.113638 0.116370 0.119195 0.122114 0.125129 0.128240 0.131450 0.134758 0.138165 0.141674 0.145283 0.148995 0.152810 0.156729 0.160752 0.164880 0.169115 0.173456 0.177905 0.182463 0.187129 0.191905 0.196791 0.201788 0.206897 0.212118 0.217453 0.222901 0.228463 0.234140 0.239932 0.245840 0.251865 0.258007 0.264267 0.270645 0.277141 0.283757 0.290492 0.297347 0.304322 0.311418 0.318636 0.325975 0.333436
0.104550 0.107366 0.109842 0.112307 0.114838 0.117454 0.120162 0.122964 0.125861 0.128855 0.131946 0.135136 0.138425 0.141815 0.145306 0.148900 0.152597 0.156398 0.160304 0.164316 0.168435 0.172661 0.176995 0.181438 0.185990 0.190653 0.195427 0.200312 0.205310 0.210420 0.215644 0.220982 0.226434 0.232002 0.237686 0.243486 0.249402 0.255437 0.261588 0.267859 0.274248 0.280756 0.287383 0.294131 0.300999 0.307988 0.315098 0.322329 0.329683 0.337158
0.109857 0.111589 0.113787 0.116157 0.118639 0.121220 0.123897 0.126671 0.129541 0.132508 0.135574 0.138740 0.142006 0.145374 0.148844 0.152418 0.156097 0.159880 0.163770 0.167767 0.171872 0.176085 0.180408 0.184841 0.189385 0.194040 0.198806 0.203686 0.208679 0.213786 0.219007 0.224343 0.229794 0.235361 0.241045 0.246846 0.252764 0.258800 0.264954 0.271227 0.277619 0.284130 0.290762 0.297513 0.304384 0.311377 0.318490 0.325725 0.333080 0.340558
0.112748 0.115239 0.117551 0.119911 0.122362 0.124909 0.127551 0.130290 0.133126 0.136060 0.139094 0.142229 0.145466 0.148805 0.152250 0.155799 0.159454 0.163216 0.167085 0.171063 0.175150 0.179347 0.183655 0.188073 0.192604 0.197247 0.202003 0.206872 0.211855 0.216953 0.222166 0.227495 0.232940 0.238501 0.244179 0.249974 0.255887 0.261918 0.268067 0.274335 0.280722 0.287228 0.293854 0.300600 0.307466 0.314452 0.321559 0.328786 0.336135 0.343604
0.117249 0.119111 0.121280 0.123589 0.125998 0.128500 0.131096 0.133788 0.136579 0.139470 0.142463 0.145560 0.148761 0.152067 0.155479 0.158999 0.162626 0.166362 0.170207 0.174163 0.178228 0.182405 0.186694 0.191094 0.195608 0.200235 0.204975 0.209830 0.214800 0.219885 0.225085 0.230401 0.235834 0.241383 0.247049 0.252833 0.258734 0.264754 0.270891 0.277147 0.283522 0.290015 0.296628 0.303360 0.310212 0.317183 0.324273 0.331484 0.338814 0.346264
0.120521 0.122675 0.124902 0.127175 0.129519 0.131950 0.134478 0.137108 0.139842 0.142681 0.145627 0.148679 0.151839 0.155108 0.158485 0.161972 0.165569 0.169276 0.173094 0.177023 0.181065 0.185219 0.189485 0.193865 0.198359 0.202966 0.207688 0.212525 0.217476 0.222544 0.227727 0.233026 0.238442 0.243974 0.249623 0.255390 0.261274 0.267275 0.273395 0.279632 0.285987 0.292461 0.299053 0.305763 0.312591 0.319539 0.326604 0.333788 0.341091 0.348512
0.123772 0.126361 0.128478 0.130599 0.132819 0.135152 0.137600 0.140162 0.142835 0.145621 0.148518 0.151525 0.154645 0.157875 0.161217 0.164670 0.168235 0.171913 0.175703 0.179605 0.183621 0.187750 0.191993 0.196349 0.200820 0.205405 0.210106 0.214921 0.219852 0.224898 0.230060 0.235338 0.240732 0.246243 0.251871 0.257615 0.263476 0.269454 0.275549 0.281761 0.288091 0.294537 0.301101 0.307782 0.314580 0.321495 0.328528 0.335677 0.342943 0.350325
0.130033 0.130203 0.131676 0.133579 0.135692 0.137952 0.140340 0.142849 0.145475 0.148216 0.151071 0.154041 0.157124 0.160320 0.163629 0.167051 0.170586 0.174235 0.177997 0.181872 0.185862 0.189965 0.194183 0.198514 0.202961 0.207522 0.212198 0.216990 0.221896 0.226918 0.232056 0.237309 0.242679 0.248164 0.253765 0.259482 0.265315 0.271264 0.277330 0.283511 0.289809 0.296222 0.302751 0.309396 0.316156 0.323032 0.330023 0.337129 0.344350 0.351685
0.128302 0.131492 0.133735 0.135840 0.137998 0.140255 0.142624 0.145107 0.147705 0.150417 0.153244 0.156184 0.159238 0.162405 0.165686 0.169081 0.172589 0.176211 0.179946 0.183795 0.187759 0.191836 0.196028 0.200334 0.204755 0.209290 0.213940 0.218706 0.223586 0.228581 0.233691 0.238917 0.244257 0.249713 0.255284 0.260969 0.266770 0.272686 0.278717 0.284862 0.291122 0.297496 0.303984 0.310587 0.317303 0.324132 0.331075 0.338130 0.345298 0.352577
0.132562 0.133786 0.135651 0.137693 0.139843 0.142098 0.144461 0.146934 0.149517 0.152212 0.155019 0.157937 0.160969 0.164113 0.167369 0.170739 0.174222 0.177818 0.181528 0.185352 0.189290 0.193341 0.197507 0.201787 0.206181 0.210689 0.215312 0.220049 0.224900 0.229866 0.234946 0.240141 0.245450 0.250873 0.256410 0.262060 0.267825 0.273703 0.279694 0.285798 0.292016 0.298345 0.304787 0.311341 0.318007 0.324783 0.331671 0.338668 0.345776 0.352992
0.133083 0.135249 0.137161 0.139169 0.141300 0.143546 0.145901 0.148364 0.150934 0.153614 0.156403 0.159302 0.162312 0.165434 0.168668 0.172014 0.175473 0.179045 0.182729 0.186528 0.190439 0.194465 0.198604 0.202856 0.207223 0.211703 0.216297 0.221004 0.225825 0.230760 0.235808 0.240969 0.246243 0.251630 0.257130 0.262742 0.268467 0.274303 0.280251 0.286310 0.292480 0.298760 0.305151 0.311651 0.318260 0.324978 0.331804 0.338738 0.345778 0.352925
0.135622 0.136496 0.138265 0.140276 0.142410 0.144648 0.146988 0.149433 0.151983 0.154641 0.157408 0.160284 0.163271 0.166369 0.169578 0.172900 0.176334 0.179881 0.183540 0.187312 0.191198 0.195196 0.199308 0.203533 0.207871 0.212322 0.216885 0.221562 0.226351 0.231252 0.236266 0.241391 0.246629 0.251978 0.257437 0.263008 0.268689 0.274480 0.280381 0.286391 0.292509 0.298736 0.305070 0.311512 0.318059 0.324713 0.331472 0.338336 0.345303 0.352373
0.133012 0.136643 0.138990 0.141102 0.143230 0.145437 0.147742 0.150152 0.152669 0.155296 0.158033 0.160881 0.163841 0.166912 0.170096 0.173391 0.176800 0.180321 0.183954 0.187700 0.191559 0.195531 0.199615 0.203811 0.208120 0.212540 0.217073 0.221717 0.226473 0.231340 0.236317 0.241406 0.246604 0.251912 0.257329 0.262856 0.268490 0.274233 0.280083 0.286040 0.292103 0.298272 0.304546 0.310924 0.317406 0.323990 0.330677 0.337465 0.344353 0.351341
0.138775 0.138613 0.139965 0.141762 0.143755 0.145882 0.148128 0.150491 0.152968 0.155559 0.158263 0.161081 0.164012 0.167057 0.170214 0.173484 0.176867 0.180363 0.183971 0.187691 0.191523 0.195468 0.199524 0.203692 0.207971 0.212361 0.216862 0.221473 0.226194 0.231025 0.235965 0.241014 0.246172 0.251437 0.256809 0.262289 0.267874 0.273566 0.279362 0.285262 0.291267 0.297374 0.303583 0.309894 0.316305 0.322815 0.329425 0.336132 0.342936 0.349835
0.135449 0.138069 0.139967 0.141827 0.143786 0.145867 0.148071 0.150396 0.152840 0.155401 0.158078 0.160870 0.163777 0.166798 0.169932 0.173179 0.176539 0.180010 0.183594 0.187290 0.191097 0.195015 0.199044 0.203184 0.207433 0.211792 0.216260 0.220838 0.225523 0.230317 0.235218 0.240226 0.245341 0.250561 0.255886 0.261316 0.266850 0.272487 0.278226 0.284067 0.290009 0.296050 0.302191 0.308430 0.314766 0.321198 0.327725 0.334346 0.341060 0.347866
0.136516 0.137822 0.139493 0.141317 0.143265 0.145336 0.147527 0.149839 0.152268 0.154814 0.157476 0.160252 0.163142 0.166145 0.169261 0.172489 0.175829 0.179280 0.182842 0.186514 0.190297 0.194190 0.198192 0.202303 0.206522 0.210850 0.215285 0.219827 0.224476 0.229231 0.234092 0.239057 0.244127 0.249300 0.254575 0.259953 0.265432 0.271011 0.276690 0.282468 0.288343 0.294316 0.300384 0.306546 0.312803 0.319151 0.325592 0.332122 0.338741 0.345448
0.135399 0.136764 0.138430 0.140268 0.142239 0.144329 0.146535 0.148855 0.151287 0.153833 0.156490 0.159259 0.162139 0.165130 0.168232 0.171444 0.174767 0.178199 0.181741 0.185391 0.189150 0.193017 0.196992 0.201074 0.205263 0.209558 0.213959 0.218465 0.223075 0.227790 0.232607 0.237527 0.242549 0.247672 0.252895 0.258218 0.263638 0.269157 0.274772 0.280483 0.286288 0.292186 0.298177 0.304259 0.310431 0.316692 0.323041 0.329475 0.335994 0.342596
0.132815 0.134992 0.136889 0.138821 0.140846 0.142972 0.145203 0.147539 0.149980 0.152529 0.155186 0.157950 0.160823 0.163804 0.166894 0.170092 0.173397 0.176810 0.180331 0.183958 0.187693 0.191533 0.195479 0.199531 0.203687 0.207947 0.212311 0.216778 0.221348 0.226018 0.230790 0.235662 0.240633 0.245702 0.250869 0.256132 0.261491 0.266944 0.272491 0.278130 0.283861 0.289681 0.295591 0.301587 0.307670 0.313838 0.320089 0.326422 0.332835 0.339327
0.132462 0.133525 0.135282 0.137232 0.139285 0.141430 0.143670 0.146009 0.148451 0.150996 0.153646 0.156402 0.159264 0.162231 0.165305 0.168484 0.171770 0.175161 0.178658 0.182259 0.185965 0.189776 0.193690 0.197708 0.201828 0.206050 0.210373 0.214798 0.219322 0.223945 0.228667 0.233486 0.238402 0.243413 0.248519 0.253719 0.259011 0.264395 0.269869 0.275432 0.281083 0.286820 0.292642 0.298548 0.304537 0.310606 0.316754 0.322980 0.329281 0.335657
0.128569 0.131530 0.133669 0.135670 0.137706 0.139827 0.142044 0.144363 0.146786 0.149314 0.151946 0.154682 0.157523 0.160469 0.163520 0.166675 0.169935 0.173298 0.176765 0.180335 0.184008 0.187784 0.191661 0.195639 0.199718 0.203897 0.208175 0.212552 0.217026 0.221597 0.226263 0.231025 0.235881 0.240829 0.245869 0.251000 0.256220 0.261529 0.266925 0.272406 0.277972 0.283620 0.289350 0.295160 0.301048 0.307012 0.313052 0.319165 0.325349 0.331603
0.130434 0.131062 0.132489 0.134227 0.136143 0.138194 0.140363 0.142644 0.145033 0.147529 0.150130 0.152837 0.155648 0.158563 0.161582 0.164704 0.167929 0.171257 0.174688 0.178220 0.181853 0.185587 0.189421 0.193354 0.197386 0.201515 0.205742 0.210065 0.214483 0.218995 0.223601 0.228299 0.233089 0.237968 0.242937 0.247993 0.253136 0.258363 0.263675 0.269069 0.274543 0.280097 0.285728 0.291436 0.297217 0.303071 0.308996 0.314990 0.321051 0.327176
0.128011 0.129294 0.130838 0.132575 0.134462 0.136476 0.138606 0.140848 0.143199 0.145655 0.148218 0.150885 0.153657 0.156533 0.159511 0.162593 0.165776 0.169061 0.172447 0.175933 0.179520 0.183205 0.186988 0.190870 0.194847 0.198921 0.203090 0.207352 0.211708 0.216156 0.220695 0.225323 0.230040 0.234845 0.239735 0.244711 0.249769 0.254910 0.260131 0.265431 0.270808 0.276261 0.281788 0.287387 0.293056 0.298794 0.304598 0.310466 0.316397 0.322388
0.124483 0.126898 0.128846 0.130723 0.132646 0.134652 0.136756 0.138961 0.141271 0.143685 0.146203 0.148825 0.151551 0.154380 0.157311 0.160344 0.163479 0.166714 0.170048 0.173482 0.177014 0.180644 0.184371 0.188193 0.192110 0.196121 0.200226 0.204422 0.208709 0.213085 0.217550 0.222103 0.226741 0.231464 0.236271 0.241159 0.246127 0.251175 0.256299 0.261499 0.266773 0.272119 0.277536 0.283020 0.288571 0.294186 0.299864 0.305601 0.311397 0.317248
0.124440 0.125506 0.127130 0.128909 0.130781 0.132744 0.134805 0.136965 0.139228 0.141594 0.144064 0.146636 0.149311 0.152088 0.154967 0.157947 0.161026 0.164205 0.167483 0.170858 0.174330 0.177899 0.181562 0.185319 0.189170 0.193112 0.197146 0.201269 0.205481 0.209781 0.214166 0.218637 0.223191 0.227826 0.232543 0.237338 0.242210 0.247159 0.252181 0.257276 0.262440 0.267674 0.272974 0.278339 0.283766 0.289253 0.294798 0.300400 0.306054 0.311760
0.121532 0.123704 0.125365 0.127045 0.128828 0.130721 0.132721 0.134827 0.137038 0.139352 0.141768 0.144288 0.146909 0.149631 0.152453 0.155375 0.158396 0.161514 0.164730 0.168042 0.171450 0.174952 0.178547 0.182234 0.186013 0.189882 0.193840 0.197885 0.202017 0.206234 0.210535 0.214918 0.219382 0.223925 0.228546 0.233243 0.238014 0.242858 0.247773 0.252757 0.257808 0.262924 0.268103 0.273343 0.278641 0.283996 0.289405 0.294865 0.300375 0.305931
0.122207 0.122256 0.123435 0.124967 0.126671 0.128502 0.130446 0.132498 0.134656 0.136916 0.139279 0.141744 0.144309 0.146974 0.149737 0.152599 0.155558 0.158614 0.161765 0.165010 0.168349 0.171781 0.175304 0.178918 0.182621 0.186412 0.190290 0.194253 0.198301 0.202431 0.206643 0.210934 0.215304 0.219751 0.224272 0.228866 0.233533 0.238268 0.243072 0.247941 0.252874 0.257868 0.262922 0.268034 0.273200 0.278418 0.283687 0.289003 0.294364 0.299767
0.116373 0.119044 0.120849 0.122514 0.124224 0.126025 0.127927 0.129933 0.132041 0.134250 0.136560 0.138970 0.141478 0.144085 0.146788 0.149588 0.152484 0.155474 0.158559 0.161735 0.165004 0.168364 0.171813 0.175350 0.178975 0.182685 0.186480 0.190359 0.194319 0.198360 0.202479 0.206676 0.210949 0.215295 0.219714 0.224203 0.228760 0.233385 0.238074 0.242825 0.247637 0.252508 0.257434 0.262414 0.267445 0.272526 0.277652 0.282821 0.288032 0.293280
0.116127 0.117002 0.118334 0.119861 0.121514 0.123275 0.125139 0.127101 0.129163 0.131323 0.133580 0.135935 0.138387 0.140935 0.143579 0.146317 0.149148 0.152073 0.155089 0.158197 0.161394 0.164680 0.168054 0.171513 0.175058 0.178687 0.182398 0.186189 0.190061 0.194010 0.198035 0.202136 0.206309 0.210554 0.214868 0.219250 0.223697 0.228209 0.232781 0.237414 0.242104 0.246848 0.251646 0.256494 0.261389 0.266330 0.271313 0.276336 0.281395 0.286489
0.113350 0.114094 0.115378 0.116884 0.118515 0.120246 0.122072 0.123991 0.126005 0.128115 0.130320 0.132621 0.135016 0.137506 0.140090 0.142766 0.145535 0.148394 0.151344 0.154382 0.157508 0.160720 0.164018 0.167400 0.170865 0.174411 0.178037 0.181742 0.185523 0.189381 0.193312 0.197315 0.201388 0.205531 0.209740 0.214014 0.218351 0.222749 0.227205 0.231718 0.236286 0.240905 0.245574 0.250290 0.255051 0.259853 0.264694 0.269571 0.274481 0.279421
0.107788 0.110239 0.112010 0.113629 0.115258 0.116952 0.118729 0.120598 0.122561 0.124619 0.126772 0.129019 0.131359 0.133793 0.136319 0.138936 0.141643 0.144439 0.147322 0.150292 0.153348 0.156488 0.159711 0.163016 0.166401 0.169865 0.173407 0.177025 0.180717 0.184482 0.188319 0.192226 0.196200 0.200241 0.204346 0.208513 0.212740 0.217026 0.221368 0.225763 0.230210 0.234706 0.239248 0.243834 0.248462 0.253128 0.257829 0.262563 0.267327 0.272117
0.106750 0.107665 0.108899 0.110284 0.111785 0.113394 0.115107 0.116920 0.118831 0.120839 0.122943 0.125140 0.127430 0.129811 0.132282 0.134842 0.137489 0.140224 0.143043 0.145947 0.148934 0.152002 0.155152 0.158380 0.161687 0.165070 0.168529 0.172061 0.175665 0.179340 0.183085 0.186896 0.190773 0.194714 0.198717 0.202779 0.206900 0.211076 0.215305 0.219586 0.223915 0.228291 0.232710 0.237171 0.241669 0.246204 0.250770 0.255366 0.259988 0.264634
0.103963 0.104397 0.105332 0.106560 0.107973 0.109524 0.111191 0.112964 0.114836 0.116805 0.118867 0.121021 0.123265 0.125597 0.128016 0.130522 0.133112 0.135787 0.138544 0.141382 0.144301 0.147300 0.150377 0.153530 0.156760 0.160064 0.163441 0.166889 0.170408 0.173995 0.177649 0.181369 0.185151 0.188996 0.192900 0.196861 0.200879 0.204949 0.209071 0.213241 0.217458 0.221719 0.226021 0.230361 0.234736 0.239145 0.243583 0.248047 0.252535 0.257042
0.098237 0.099566 0.100912 0.102312 0.103793 0.105365 0.107031 0.108790 0.110641 0.112582 0.114610 0.116726 0.118927 0.121212 0.123582 0.126033 0.128567 0.131182 0.133877 0.136651 0.139503 0.142432 0.145437 0.148518 0.151672 0.154899 0.158197 0.161565 0.165001 0.168504 0.172071 0.175703 0.179396 0.183148 0.186958 0.190824 0.194744 0.198715 0.202735 0.206801 0.210912 0.215064 0.219256 0.223483 0.227743 0.232034 0.236351 0.240692 0.245054 0.249432
0.092795 0.094832 0.096441 0.097960 0.099500 0.101099 0.102772 0.104525 0.106357 0.108271 0.110266 0.112341 0.114497 0.116734 0.119050 0.121446 0.123921 0.126475 0.129106 0.131816 0.134601 0.137463 0.140399 0.143408 0.146490 0.149643 0.152866 0.156157 0.159515 0.162938 0.166425 0.169974 0.173583 0.177250 0.180973 0.184750 0.188579 0.192458 0.196384 0.200355 0.204368 0.208420 0.212509 0.216632 0.220786 0.224968 0.229175 0.233403 0.237648 0.241908
0.090795 0.091350 0.092497 0.093869 0.095358 0.096934 0.098586 0.100311 0.102110 0.103982 0.105930 0.107955 0.110056 0.112235 0.114493 0.116828 0.119242 0.121733 0.124302 0.126947 0.129668 0.132464 0.135334 0.138277 0.141291 0.144376 0.147529 0.150750 0.154037 0.157387 0.160801 0.164275 0.167807 0.171397 0.175041 0.178738 0.182486 0.186281 0.190122 0.194006 0.197931 0.201893 0.205891 0.209920 0.213978 0.218062 0.222169 0.226294 0.230435 0.234587
0.085925 0.087303 0.088612 0.089995 0.091456 0.092987 0.094585 0.096249 0.097983 0.099789 0.101669 0.103627 0.105662 0.107776 0.109970 0.112243 0.114595 0.117025 0.119534 0.122119 0.124781 0.127518 0.130328 0.133211 0.136166 0.139190 0.142282 0.145442 0.148666 0.151953 0.155302 0.158711 0.162177 0.165699 0.169275 0.172902 0.176578 0.180300 0.184067 0.187876 0.191723 0.195606 0.199523 0.203470 0.207444 0.211442 0.215460 0.219495 0.223543 0.227601
0.082482 0.083705 0.085073 0.086453 0.087852 0.089290 0.090784 0.092346 0.093982 0.095698 0.097496 0.099378 0.101343 0.103393 0.105526 0.107742 0.110040 0.112418 0.114876 0.117412 0.120026 0.122714 0.125476 0.128311 0.131217 0.134193 0.137235 0.140344 0.143517 0.146753 0.150049 0.153404 0.156815 0.160281 0.163799 0.167367 0.170983 0.174644 0.178348 0.182092 0.185874 0.189690 0.193538 0.197414 0.201316 0.205240 0.209182 0.213140 0.217108 0.221085
0.079071 0.080799 0.082095 0.083279 0.084474 0.085730 0.087069 0.088502 0.090032 0.091659 0.093383 0.095202 0.097114 0.099117 0.101209 0.103387 0.105649 0.107994 0.110419 0.112924 0.115505 0.118161 0.120891 0.123693 0.126565 0.129505 0.132512 0.135584 0.138719 0.141916 0.145171 0.148484 0.151852 0.155274 0.158747 0.162268 0.165836 0.169447 0.173100 0.176792 0.180520 0.184281 0.188072 0.191890 0.195732 0.199595 0.203474 0.207366 0.211269 0.215176
0.078699 0.078897 0.079360 0.080055 0.080945 0.082003 0.083211 0.084556 0.086027 0.087616 0.089314 0.091117 0.093017 0.095012 0.097098 0.099270 0.101526 0.103864 0.106282 0.108776 0.111346 0.113990 0.116705 0.119491 0.122345 0.125265 0.128251 0.131300 0.134410 0.137580 0.140808 0.144091 0.147429 0.150818 0.154257 0.157743 0.161274 0.164848 0.168461 0.172112 0.175798 0.179515 0.183262 0.187033 0.190827 0.194641 0.198469 0.202309 0.206158 0.210010
0.076249 0.075319 0.075373 0.075904 0.076741 0.077803 0.079047 0.080443 0.081973 0.083621 0.085376 0.087231 0.089179 0.091216 0.093338 0.095542 0.097824 0.100184 0.102618 0.105126 0.107705 0.110354 0.113071 0.115856 0.118706 0.121621 0.124598 0.127636 0.130733 0.133888 0.137099 0.140364 0.143681 0.147049 0.150464 0.153926 0.157431 0.160977 0.164562 0.168183 0.171837 0.175522 0.179234 0.182971 0.186729 0.190504 0.194293 0.198093 0.201900 0.205709
0.066970 0.068488 0.069534 0.070633 0.071878 0.073266 0.074779 0.076402 0.078122 0.079932 0.081824 0.083795 0.085841 0.087961 0.090153 0.092416 0.094748 0.097149 0.099617 0.102152 0.104754 0.107421 0.110152 0.112946 0.115803 0.118720 0.121698 0.124734 0.127827 0.130975 0.134178 0.137433 0.140739 0.144093 0.147495 0.150940 0.154428 0.157956 0.161521 0.165122 0.168754 0.172416 0.176104 0.179816 0.183547 0.187295 0.191056 0.194827 0.198603 0.202381
0.060850 0.061926 0.063621 0.065450 0.067312 0.069193 0.071097 0.073031 0.075000 0.077011 0.079067 0.081173 0.083331 0.085543 0.087812 0.090138 0.092524 0.094969 0.097474 0.100040 0.102667 0.105354 0.108101 0.110908 0.113774 0.116699 0.119681 0.122719 0.125812 0.128960 0.132160 0.135411 0.138711 0.142058 0.145451 0.148888 0.152365 0.155882 0.159436 0.163023 0.166642 0.170290 0.173963 0.177658 0.181373 0.185104 0.188847 0.192598 0.196355 0.200112
0.053290 0.056725 0.059563 0.062106 0.064473 0.066732 0.068924 0.071082 0.073227 0.075378 0.077546 0.079742 0.081974 0.084246 0.086565 0.088933 0.091352 0.093826 0.096355 0.098940 0.101583 0.104283 0.107042 0.109857 0.112730 0.115660 0.118645 0.121686 0.124781 0.127929 0.131128 0.134378 0.137675 0.141020 0.144410 0.147842 0.151315 0.154827 0.158375 0.161956 0.165569 0.169209 0.172875 0.176563 0.180269 0.183992 0.187726 0.191468 0.195215 0.198962
