0.078934 0.083663 0.087793 0.091680 0.095503 0.099362 0.103327 0.107456 0.111803 0.116368 0.120987 0.125644 0.130337 0.135067 0.139830 0.144622 0.149441 0.154281 0.159136 0.164001 0.168869 0.173788 0.178804 0.183917 0.189130 0.194445 0.199863 0.205386 0.211017 0.216757 0.222607 0.228570 0.234646 0.240838 0.247147 0.253575 0.260123 0.266792 0.273585 0.280502 0.287545 0.294715 0.302014 0.309442 0.317002 0.324694 0.332520 0.340480 0.348577 0.356810
0.087506 0.089603 0.092425 0.095603 0.099007 0.102602 0.106393 0.110406 0.114673 0.119123 0.123632 0.128194 0.132804 0.137460 0.142156 0.146887 0.151650 0.156437 0.161243 0.166061 0.170887 0.175775 0.180761 0.185846 0.191034 0.196325 0.201720 0.207223 0.212834 0.218555 0.224388 0.230335 0.236396 0.242573 0.248869 0.255284 0.261820 0.268478 0.275261 0.282168 0.289201 0.296363 0.303653 0.311074 0.318627 0.326312 0.334131 0.342086 0.350176 0.358404
0.094352 0.096381 0.098879 0.101715 0.104831 0.108202 0.111829 0.115728 0.119886 0.124159 0.128510 0.132929 0.137411 0.141949 0.146536 0.151166 0.155833 0.160531 0.165252 0.169991 0.174744 0.179577 0.184512 0.189550 0.194693 0.199942 0.205299 0.210765 0.216341 0.222030 0.227833 0.233750 0.239785 0.245937 0.252209 0.258602 0.265117 0.271756 0.278520 0.285410 0.292427 0.299573 0.306849 0.314257 0.321797 0.329470 0.337278 0.345222 0.353303 0.361521
0.099465 0.102757 0.105672 0.108630 0.111758 0.115104 0.118703 0.122578 0.126623 0.130755 0.134968 0.139256 0.143611 0.148028 0.152500 0.157019 0.161581 0.166177 0.170801 0.175444 0.180118 0.184888 0.189763 0.194745 0.199836 0.205035 0.210345 0.215768 0.221303 0.226954 0.232720 0.238604 0.244607 0.250730 0.256974 0.263340 0.269831 0.276446 0.283188 0.290058 0.297056 0.304185 0.311444 0.318836 0.326361 0.334021 0.341817 0.349749 0.357818 0.366026
0.107858 0.109972 0.112803 0.115871 0.119116 0.122564 0.126252 0.130152 0.134135 0.138194 0.142325 0.146525 0.150790 0.155114 0.159494 0.163922 0.168393 0.172899 0.177434 0.181991 0.186598 0.191311 0.196133 0.201064 0.206107 0.211261 0.216530 0.221912 0.227411 0.233026 0.238760 0.244613 0.250587 0.256683 0.262901 0.269244 0.275713 0.282308 0.289031 0.295883 0.302865 0.309978 0.317223 0.324602 0.332115 0.339763 0.347548 0.355471 0.363531 0.371732
0.112471 0.116606 0.119927 0.123190 0.126576 0.130154 0.133965 0.137884 0.141862 0.145902 0.150003 0.154166 0.158386 0.162661 0.166987 0.171358 0.175770 0.180216 0.184689 0.189182 0.193749 0.198426 0.203212 0.208111 0.213122 0.218247 0.223487 0.228844 0.234318 0.239911 0.245623 0.251457 0.257412 0.263491 0.269694 0.276023 0.282479 0.289062 0.295774 0.302616 0.309589 0.316694 0.323932 0.331305 0.338813 0.346457 0.354238 0.362157 0.370216 0.378414
0.123028 0.124507 0.127301 0.130497 0.133931 0.137602 0.141480 0.145419 0.149415 0.153468 0.157577 0.161742 0.165959 0.170226 0.174539 0.178894 0.183284 0.187705 0.192150 0.196618 0.201175 0.205842 0.210620 0.215510 0.220513 0.225632 0.230866 0.236217 0.241686 0.247274 0.252984 0.258814 0.264768 0.270846 0.277048 0.283377 0.289834 0.296418 0.303133 0.309978 0.316954 0.324063 0.331306 0.338683 0.346197 0.353847 0.361634 0.369560 0.377626 0.385832
0.126131 0.130697 0.134099 0.137414 0.140901 0.144643 0.148541 0.152503 0.156529 0.160615 0.164758 0.168955 0.173203 0.177496 0.181832 0.186206 0.190611 0.195043 0.199494 0.203974 0.208551 0.213238 0.218036 0.222945 0.227967 0.233103 0.238355 0.243724 0.249211 0.254817 0.260544 0.266392 0.272364 0.278459 0.284680 0.291026 0.297501 0.304104 0.310836 0.317699 0.324694 0.331822 0.339083 0.346480 0.354012 0.361681 0.369487 0.377432 0.385517 0.393742
0.136847 0.137957 0.140580 0.143732 0.147226 0.151027 0.154954 0.158961 0.163037 0.167178 0.171378 0.175631 0.179934 0.184281 0.188668 0.193090 0.197539 0.202012 0.206499 0.211022 0.215647 0.220380 0.225222 0.230175 0.235240 0.240419 0.245712 0.251122 0.256648 0.262294 0.268059 0.273946 0.279955 0.286087 0.292344 0.298727 0.305237 0.311876 0.318643 0.325542 0.332571 0.339733 0.347029 0.354459 0.362024 0.369727 0.377566 0.385545 0.393662 0.401920
0.138110 0.142320 0.145652 0.149048 0.152705 0.156623 0.160634 0.164721 0.168876 0.173094 0.177369 0.181698 0.186075 0.190496 0.194953 0.199443 0.203959 0.208493 0.213040 0.217628 0.222320 0.227119 0.232027 0.237043 0.242171 0.247411 0.252765 0.258234 0.263820 0.269523 0.275345 0.281288 0.287352 0.293539 0.299850 0.306286 0.312849 0.319539 0.326357 0.333306 0.340386 0.347597 0.354942 0.362420 0.370034 0.377784 0.385670 0.393695 0.401858 0.410162
0.145390 0.147028 0.150075 0.153611 0.157461 0.161521 0.165644 0.169830 0.174078 0.178385 0.182748 0.187164 0.191626 0.196131 0.200671 0.205242 0.209836 0.214447 0.219067 0.223735 0.228506 0.233384 0.238369 0.243463 0.248667 0.253982 0.259410 0.264953 0.270611 0.276385 0.282278 0.288291 0.294424 0.300679 0.307058 0.313561 0.320189 0.326945 0.333828 0.340841 0.347984 0.355258 0.362664 0.370204 0.377879 0.385688 0.393635 0.401718 0.409940 0.418301
0.144963 0.149833 0.153825 0.157708 0.161742 0.165905 0.170118 0.174391 0.178727 0.183123 0.187576 0.192081 0.196633 0.201227 0.205855 0.210512 0.215191 0.219885 0.224586 0.229338 0.234194 0.239156 0.244225 0.249403 0.254689 0.260087 0.265597 0.271221 0.276960 0.282815 0.288787 0.294878 0.301090 0.307423 0.313879 0.320458 0.327163 0.333993 0.340952 0.348038 0.355255 0.362602 0.370080 0.377692 0.385438 0.393318 0.401334 0.409487 0.417777 0.426206
0.151204 0.154563 0.158037 0.161721 0.165706 0.169877 0.174138 0.178483 0.182901 0.187385 0.191927 0.196523 0.201165 0.205847 0.210563 0.215306 0.220070 0.224847 0.229629 0.234466 0.239407 0.244453 0.249606 0.254868 0.260239 0.265721 0.271316 0.277023 0.282846 0.288785 0.294841 0.301016 0.307310 0.313726 0.320264 0.326926 0.333713 0.340625 0.347664 0.354832 0.362128 0.369555 0.377113 0.384804 0.392628 0.400586 0.408680 0.416909 0.425276 0.433781
0.157395 0.159009 0.161722 0.165168 0.169139 0.173366 0.177715 0.182154 0.186668 0.191246 0.195880 0.200564 0.205292 0.210058 0.214857 0.219682 0.224527 0.229383 0.234244 0.239160 0.244180 0.249307 0.254541 0.259884 0.265337 0.270901 0.276578 0.282369 0.288275 0.294297 0.300437 0.306696 0.313075 0.319575 0.326198 0.332944 0.339814 0.346811 0.353934 0.361186 0.368566 0.376077 0.383718 0.391492 0.399399 0.407440 0.415615 0.423927 0.432375 0.440961
0.157331 0.160000 0.163605 0.167620 0.171954 0.176414 0.180929 0.185497 0.190117 0.194788 0.199508 0.204272 0.209078 0.213921 0.218794 0.223693 0.228610 0.233539 0.238472 0.243460 0.248553 0.253754 0.259063 0.264482 0.270012 0.275654 0.281410 0.287280 0.293266 0.299369 0.305591 0.311931 0.318393 0.324976 0.331681 0.338511 0.345466 0.352546 0.359754 0.367090 0.374555 0.382150 0.389877 0.397735 0.405726 0.413851 0.422111 0.430506 0.439038 0.447707
0.153062 0.160153 0.165343 0.170038 0.174710 0.179358 0.183994 0.188652 0.193348 0.198087 0.202871 0.207699 0.212568 0.217473 0.222410 0.227373 0.232354 0.237348 0.242345 0.247398 0.252557 0.257825 0.263203 0.268692 0.274293 0.280008 0.285837 0.291782 0.297843 0.304023 0.310322 0.316741 0.323282 0.329944 0.336731 0.343641 0.350678 0.357840 0.365131 0.372549 0.380098 0.387776 0.395586 0.403528 0.411603 0.419812 0.428156 0.436635 0.445251 0.454004
0.162798 0.165471 0.169243 0.173415 0.177874 0.182425 0.187026 0.191683 0.196397 0.201165 0.205987 0.210859 0.215775 0.220731 0.225721 0.230738 0.235776 0.240827 0.245883 0.250993 0.256213 0.261543 0.266984 0.272537 0.278204 0.283986 0.289884 0.295899 0.302031 0.308283 0.314655 0.321149 0.327764 0.334503 0.341366 0.348354 0.355468 0.362710 0.370079 0.377578 0.385206 0.392965 0.400856 0.408879 0.417035 0.425326 0.433751 0.442313 0.451010 0.459845
0.167354 0.170024 0.173121 0.176795 0.180958 0.185342 0.189860 0.194484 0.199193 0.203976 0.208825 0.213730 0.218687 0.223687 0.228724 0.233791 0.238880 0.243984 0.249094 0.254259 0.259534 0.264921 0.270421 0.276035 0.281765 0.287610 0.293572 0.299653 0.305852 0.312172 0.318613 0.325176 0.331863 0.338673 0.345608 0.352670 0.359858 0.367174 0.374619 0.382193 0.389897 0.397733 0.405700 0.413801 0.422035 0.430403 0.438907 0.447546 0.456322 0.465235
0.169814 0.172065 0.175284 0.179063 0.183283 0.187698 0.192242 0.196891 0.201631 0.206448 0.211333 0.216280 0.221279 0.226324 0.231409 0.236525 0.241665 0.246820 0.251982 0.257200 0.262529 0.267972 0.273529 0.279201 0.284989 0.290895 0.296918 0.303061 0.309324 0.315708 0.322214 0.328843 0.335596 0.342474 0.349478 0.356608 0.363865 0.371251 0.378766 0.386411 0.394187 0.402095 0.410135 0.418307 0.426614 0.435056 0.443632 0.452345 0.461195 0.470181
0.166631 0.171639 0.175962 0.180301 0.184842 0.189452 0.194124 0.198865 0.203675 0.208552 0.213492 0.218490 0.223541 0.228637 0.233772 0.238940 0.244132 0.249339 0.254554 0.259824 0.265207 0.270705 0.276317 0.282046 0.287891 0.293855 0.299937 0.306139 0.312462 0.318907 0.325475 0.332166 0.338981 0.345922 0.352989 0.360184 0.367506 0.374957 0.382537 0.390248 0.398090 0.406063 0.414170 0.422410 0.430784 0.439293 0.447937 0.456717 0.465634 0.474689
0.169338 0.172754 0.176965 0.181450 0.186151 0.190891 0.195667 0.200493 0.205376 0.210319 0.215320 0.220376 0.225483 0.230634 0.235824 0.241045 0.246290 0.251551 0.256819 0.262142 0.267579 0.273131 0.278798 0.284581 0.290482 0.296501 0.302640 0.308899 0.315279 0.321781 0.328406 0.335155 0.342028 0.349028 0.356154 0.363407 0.370788 0.378298 0.385939 0.393709 0.401611 0.409645 0.417812 0.426113 0.434548 0.443117 0.451823 0.460664 0.469642 0.478758
0.168993 0.174074 0.178408 0.182817 0.187466 0.192200 0.197000 0.201868 0.206801 0.211798 0.216855 0.221968 0.227131 0.232338 0.237583 0.242859 0.248158 0.253471 0.258791 0.264167 0.269657 0.275261 0.280981 0.286817 0.292771 0.298843 0.305035 0.311346 0.317779 0.324334 0.331012 0.337814 0.344741 0.351794 0.358973 0.366279 0.373714 0.381278 0.388971 0.396795 0.404751 0.412839 0.421059 0.429413 0.437902 0.446525 0.455284 0.464179 0.473211 0.482381
0.174812 0.176631 0.180025 0.184100 0.188618 0.193307 0.198107 0.203000 0.207974 0.213020 0.218130 0.223297 0.228514 0.233776 0.239074 0.244402 0.249752 0.255115 0.260483 0.265910 0.271451 0.277105 0.282874 0.288760 0.294763 0.300883 0.307123 0.313483 0.319963 0.326566 0.333291 0.340141 0.347114 0.354214 0.361440 0.368793 0.376274 0.383884 0.391624 0.399494 0.407496 0.415630 0.423897 0.432297 0.440831 0.449500 0.458305 0.467246 0.476324 0.485539
0.171712 0.176377 0.180438 0.184705 0.189311 0.194064 0.198922 0.203871 0.208901 0.214002 0.219166 0.224386 0.229656 0.234968 0.240315 0.245691 0.251086 0.256494 0.261905 0.267378 0.272964 0.278663 0.284476 0.290405 0.296451 0.302614 0.308895 0.315297 0.321818 0.328462 0.335228 0.342117 0.349130 0.356269 0.363534 0.370926 0.378446 0.386095 0.393874 0.401782 0.409822 0.417994 0.426299 0.434737 0.443309 0.452015 0.460858 0.469836 0.478951 0.488204
0.173693 0.176462 0.180405 0.184845 0.189626 0.194514 0.199476 0.204508 0.209607 0.214767 0.219985 0.225255 0.230570 0.235926 0.241314 0.246728 0.252161 0.257604 0.263049 0.268561 0.274184 0.279920 0.285770 0.291735 0.297815 0.304013 0.310328 0.316763 0.323318 0.329993 0.336791 0.343712 0.350757 0.357927 0.365223 0.372646 0.380196 0.387875 0.395683 0.403622 0.411691 0.419892 0.428226 0.436693 0.445294 0.454030 0.462901 0.471908 0.481052 0.490332
0.170058 0.175358 0.180098 0.184869 0.189828 0.194831 0.199877 0.204976 0.210130 0.215338 0.220596 0.225903 0.231252 0.236638 0.242055 0.247496 0.252954 0.258421 0.263891 0.269431 0.275082 0.280846 0.286722 0.292712 0.298818 0.305040 0.311380 0.317838 0.324417 0.331115 0.337936 0.344879 0.351946 0.359138 0.366456 0.373900 0.381472 0.389172 0.397001 0.404960 0.413050 0.421272 0.429626 0.438114 0.446735 0.455491 0.464382 0.473409 0.482572 0.491873
0.171844 0.176087 0.180511 0.185184 0.190117 0.195122 0.200183 0.205300 0.210473 0.215700 0.220976 0.226299 0.231663 0.237063 0.242494 0.247947 0.253418 0.258896 0.264378 0.269935 0.275603 0.281381 0.287273 0.293278 0.299398 0.305634 0.311988 0.318460 0.325051 0.331763 0.338597 0.345553 0.352633 0.359837 0.367167 0.374623 0.382207 0.389919 0.397761 0.405732 0.413834 0.422068 0.430434 0.438933 0.447566 0.456333 0.465236 0.474275 0.483450 0.492762
0.174064 0.177120 0.181037 0.185497 0.190328 0.195276 0.200303 0.205400 0.210559 0.215776 0.221046 0.226364 0.231725 0.237122 0.242550 0.248003 0.253471 0.258949 0.264431 0.269992 0.275663 0.281446 0.287341 0.293349 0.299473 0.305712 0.312069 0.318545 0.325140 0.331855 0.338692 0.345652 0.352735 0.359943 0.367277 0.374737 0.382325 0.390041 0.397886 0.405861 0.413967 0.422205 0.430575 0.439078 0.447714 0.456486 0.465392 0.474434 0.483613 0.492929
0.172300 0.176459 0.180743 0.185311 0.190144 0.195059 0.200049 0.205111 0.210239 0.215430 0.220676 0.225974 0.231316 0.236697 0.242110 0.247548 0.253004 0.258470 0.263942 0.269495 0.275159 0.280934 0.286822 0.292824 0.298941 0.305174 0.311525 0.317995 0.324585 0.331295 0.338128 0.345083 0.352162 0.359367 0.366696 0.374153 0.381737 0.389450 0.397292 0.405264 0.413367 0.421601 0.429968 0.438468 0.447102 0.455871 0.464774 0.473813 0.482989 0.492301
0.171247 0.175549 0.179970 0.184576 0.189387 0.194263 0.199212 0.204234 0.209327 0.214484 0.219699 0.224968 0.230283 0.235639 0.241029 0.246445 0.251881 0.257329 0.262784 0.268319 0.273966 0.279725 0.285597 0.291585 0.297688 0.303908 0.310247 0.316704 0.323283 0.329982 0.336804 0.343749 0.350818 0.358012 0.365333 0.372780 0.380356 0.388059 0.395893 0.403856 0.411950 0.420176 0.428535 0.437027 0.445652 0.454412 0.463307 0.472337 0.481504 0.490807
0.169903 0.174541 0.178714 0.183144 0.187854 0.192671 0.197579 0.202566 0.207625 0.212749 0.217933 0.223171 0.228456 0.233784 0.239147 0.244540 0.249953 0.255381 0.260817 0.266329 0.271954 0.277692 0.283544 0.289513 0.295598 0.301802 0.308124 0.314566 0.321129 0.327814 0.334622 0.341553 0.348609 0.355791 0.363098 0.370533 0.378096 0.385787 0.393608 0.401559 0.409641 0.417855 0.426201 0.434680 0.443293 0.452040 0.460922 0.469939 0.479093 0.488383
0.172383 0.172967 0.176312 0.180578 0.185257 0.190062 0.194952 0.199917 0.204949 0.210045 0.215199 0.220407 0.225665 0.230966 0.236306 0.241677 0.247073 0.252485 0.257907 0.263395 0.268998 0.274715 0.280548 0.286498 0.292566 0.298753 0.305059 0.311485 0.318033 0.324704 0.331497 0.338414 0.345456 0.352624 0.359918 0.367339 0.374888 0.382565 0.390372 0.398309 0.406376 0.414575 0.422906 0.431370 0.439967 0.448698 0.457564 0.466565 0.475702 0.484975
0.158313 0.166550 0.171839 0.176629 0.181461 0.186303 0.191189 0.196133 0.201139 0.206207 0.211335 0.216519 0.221756 0.227040 0.232365 0.237725 0.243113 0.248521 0.253941 0.259412 0.264998 0.270701 0.276519 0.282456 0.288511 0.294685 0.300978 0.307393 0.313929 0.320587 0.327368 0.334273 0.341303 0.348458 0.355739 0.363147 0.370682 0.378345 0.386137 0.394059 0.402111 0.410295 0.418609 0.427056 0.435636 0.444349 0.453196 0.462178 0.471295 0.480548
0.163034 0.163988 0.167561 0.171892 0.176572 0.181340 0.186176 0.191081 0.196057 0.201101 0.206213 0.211386 0.216616 0.221899 0.227226 0.232592 0.237989 0.243410 0.248846 0.254316 0.259897 0.265594 0.271408 0.277340 0.283389 0.289558 0.295846 0.302254 0.308783 0.315434 0.322208 0.329104 0.336124 0.343269 0.350539 0.357935 0.365458 0.373108 0.380887 0.388794 0.396830 0.404997 0.413294 0.421723 0.430284 0.438977 0.447804 0.456764 0.465859 0.475089
0.152047 0.157318 0.161491 0.165758 0.170312 0.174989 0.179767 0.184639 0.189600 0.194643 0.199760 0.204947 0.210196 0.215501 0.220854 0.226250 0.231679 0.237134 0.242608 0.248100 0.253690 0.259395 0.265216 0.271154 0.277208 0.283380 0.289670 0.296079 0.302607 0.309256 0.316026 0.322918 0.329933 0.337070 0.344332 0.351718 0.359229 0.366867 0.374632 0.382524 0.390544 0.398693 0.406972 0.415382 0.423922 0.432594 0.441398 0.450334 0.459405 0.468609
0.147660 0.150252 0.153853 0.157940 0.162420 0.167076 0.171860 0.176757 0.181753 0.186837 0.192001 0.197237 0.202538 0.207895 0.213303 0.218753 0.224239 0.229752 0.235284 0.240828 0.246441 0.252167 0.258006 0.263959 0.270027 0.276210 0.282509 0.288924 0.295457 0.302108 0.308878 0.315768 0.322779 0.329911 0.337165 0.344541 0.352042 0.359667 0.367417 0.375293 0.383296 0.391427 0.399685 0.408073 0.416590 0.425237 0.434016 0.442926 0.451968 0.461143
0.136667 0.140261 0.144050 0.148257 0.152860 0.157646 0.162551 0.167558 0.172655 0.177835 0.183089 0.188411 0.193794 0.199232 0.204718 0.210245 0.215807 0.221396 0.227005 0.232626 0.238277 0.244032 0.249897 0.255872 0.261958 0.268157 0.274468 0.280892 0.287432 0.294086 0.300857 0.307746 0.314752 0.321878 0.329123 0.336489 0.343977 0.351587 0.359320 0.367177 0.375160 0.383268 0.391502 0.399864 0.408354 0.416973 0.425722 0.434600 0.443610 0.452751
0.124538 0.128168 0.132495 0.137141 0.142064 0.147106 0.152213 0.157387 0.162629 0.167936 0.173306 0.178734 0.184217 0.189749 0.195326 0.200941 0.206590 0.212265 0.217959 0.223665 0.229379 0.235165 0.241056 0.247054 0.253158 0.259371 0.265692 0.272124 0.278668 0.285323 0.292092 0.298975 0.305974 0.313089 0.320321 0.327672 0.335142 0.342732 0.350443 0.358277 0.366233 0.374313 0.382518 0.390849 0.399306 0.407891 0.416603 0.425444 0.434415 0.443516
0.109256 0.115388 0.120628 0.125703 0.130884 0.136136 0.141415 0.146737 0.152109 0.157533 0.163010 0.168539 0.174116 0.179738 0.185402 0.191102 0.196834 0.202591 0.208368 0.214158 0.219954 0.225772 0.231683 0.237695 0.243811 0.250030 0.256355 0.262787 0.269327 0.275975 0.282734 0.289605 0.296588 0.303684 0.310896 0.318223 0.325668 0.333230 0.340912 0.348713 0.356636 0.364680 0.372848 0.381140 0.389556 0.398098 0.406767 0.415563 0.424488 0.433541
0.101391 0.105540 0.110101 0.114942 0.120051 0.125334 0.130673 0.136064 0.141509 0.147007 0.152556 0.158155 0.163801 0.169492 0.175223 0.180991 0.186791 0.192617 0.198464 0.204326 0.210196 0.216071 0.221986 0.228000 0.234113 0.240326 0.246641 0.253060 0.259583 0.266213 0.272950 0.279796 0.286752 0.293819 0.300998 0.308291 0.315699 0.323223 0.330864 0.338624 0.346502 0.354501 0.362622 0.370864 0.379230 0.387721 0.396336 0.405078 0.413947 0.422944
0.093043 0.096058 0.100129 0.104735 0.109708 0.114942 0.120267 0.125664 0.131125 0.136646 0.142223 0.147854 0.153535 0.159262 0.165033 0.170842 0.176686 0.182559 0.188456 0.194372 0.200299 0.206232 0.212172 0.218165 0.224257 0.230445 0.236733 0.243122 0.249613 0.256208 0.262907 0.269713 0.276627 0.283650 0.290784 0.298029 0.305387 0.312860 0.320448 0.328153 0.335975 0.343916 0.351977 0.360160 0.368464 0.376892 0.385443 0.394120 0.402923 0.411852
0.079833 0.085177 0.090000 0.094811 0.099795 0.105003 0.110304 0.115677 0.121119 0.126626 0.132195 0.137823 0.143505 0.149238 0.155017 0.160840 0.166701 0.172596 0.178519 0.184465 0.190429 0.196403 0.202382 0.208373 0.214418 0.220562 0.226802 0.233141 0.239581 0.246122 0.252767 0.259516 0.266371 0.273334 0.280406 0.287588 0.294882 0.302289 0.309810 0.317446 0.325198 0.333069 0.341058 0.349167 0.357398 0.365751 0.374226 0.382826 0.391552 0.400403
0.071318 0.076096 0.080772 0.085525 0.090445 0.095588 0.100848 0.106180 0.111582 0.117052 0.122587 0.128184 0.133840 0.139551 0.145313 0.151122 0.156974 0.162864 0.168789 0.174742 0.180718 0.186712 0.192716 0.198727 0.204752 0.210826 0.216999 0.223268 0.229637 0.236106 0.242677 0.249352 0.256131 0.263017 0.270011 0.277115 0.284328 0.291654 0.299093 0.306646 0.314315 0.322101 0.330005 0.338029 0.346172 0.354438 0.362826 0.371337 0.379973 0.388735
0.065009 0.068292 0.072438 0.076958 0.081737 0.086764 0.091963 0.097237 0.102583 0.107998 0.113480 0.119026 0.124632 0.130297 0.136016 0.141787 0.147606 0.153468 0.159370 0.165306 0.171272 0.177263 0.183272 0.189293 0.195323 0.201367 0.207454 0.213634 0.219913 0.226291 0.232771 0.239354 0.246041 0.252834 0.259734 0.266743 0.273861 0.281091 0.288434 0.295891 0.303462 0.311150 0.318956 0.326881 0.334925 0.343091 0.351379 0.359790 0.368326 0.376986
0.055167 0.059989 0.064448 0.068981 0.073690 0.078611 0.083732 0.088934 0.094207 0.099547 0.104954 0.110425 0.115959 0.121554 0.127207 0.132915 0.138676 0.144486 0.150342 0.156239 0.162172 0.168138 0.174130 0.180143 0.186171 0.192210 0.198264 0.204353 0.210522 0.216794 0.223166 0.229642 0.236221 0.242905 0.249697 0.256597 0.263606 0.270727 0.277960 0.285307 0.292768 0.300346 0.308041 0.315855 0.323789 0.331843 0.340020 0.348320 0.356743 0.365292
0.049038 0.053006 0.057347 0.061842 0.066478 0.071281 0.076282 0.081385 0.086554 0.091789 0.097091 0.102459 0.107893 0.113391 0.118951 0.124572 0.130251 0.135986 0.141772 0.147607 0.153487 0.159406 0.165360 0.171345 0.177353 0.183380 0.189421 0.195478 0.201565 0.207712 0.213965 0.220318 0.226776 0.233340 0.240010 0.246789 0.253677 0.260676 0.267788 0.275013 0.282353 0.289809 0.297383 0.305075 0.312887 0.320820 0.328874 0.337052 0.345354 0.353782
0.042607 0.047083 0.051456 0.055851 0.060333 0.064950 0.069744 0.074693 0.079712 0.084801 0.089960 0.095191 0.100493 0.105866 0.111307 0.116815 0.122388 0.128024 0.133719 0.139470 0.145274 0.151127 0.157024 0.162960 0.168931 0.174929 0.180950 0.186989 0.193045 0.199127 0.205257 0.211475 0.217802 0.224233 0.230771 0.237418 0.244174 0.251042 0.258022 0.265116 0.272324 0.279649 0.287092 0.294653 0.302333 0.310135 0.318059 0.326106 0.334277 0.342574
0.038941 0.043085 0.047100 0.051167 0.055349 0.059679 0.064188 0.068897 0.073716 0.078615 0.083596 0.088657 0.093798 0.099018 0.104314 0.109686 0.115131 0.120646 0.126230 0.131878 0.137588 0.143355 0.149176 0.155046 0.160960 0.166913 0.172898 0.178911 0.184945 0.191000 0.197077 0.203193 0.209375 0.215666 0.222064 0.228570 0.235187 0.241915 0.248755 0.255709 0.262778 0.269964 0.277267 0.284689 0.292231 0.299894 0.307679 0.315587 0.323620 0.331779
0.037770 0.040528 0.043888 0.047521 0.051344 0.055347 0.059540 0.063943 0.068529 0.073213 0.077990 0.082858 0.087817 0.092863 0.097996 0.103213 0.108511 0.113889 0.119344 0.124873 0.130471 0.136137 0.141865 0.147652 0.153493 0.159383 0.165317 0.171288 0.177291 0.183321 0.189373 0.195448 0.201554 0.207712 0.213958 0.220319 0.226789 0.233370 0.240064 0.246872 0.253796 0.260836 0.267993 0.275270 0.282666 0.290184 0.297824 0.305588 0.313476 0.321489
0.033997 0.037668 0.041048 0.044475 0.048035 0.051755 0.055655 0.059756 0.064075 0.068539 0.073105 0.077772 0.082538 0.087400 0.092358 0.097408 0.102548 0.107777 0.113090 0.118485 0.123960 0.129510 0.135132 0.140821 0.146575 0.152387 0.158253 0.164167 0.170124 0.176118 0.182142 0.188192 0.194266 0.200368 0.206509 0.212718 0.219036 0.225467 0.232010 0.238668 0.245440 0.252330 0.259337 0.266463 0.273710 0.281077 0.288568 0.296181 0.303920 0.311784
0.033246 0.035753 0.038751 0.041948 0.045290 0.048777 0.052426 0.056258 0.060297 0.064538 0.068898 0.073365 0.077938 0.082615 0.087393 0.092271 0.097247 0.102317 0.107481 0.112734 0.118074 0.123498 0.129003 0.134583 0.140236 0.145958 0.151742 0.157586 0.163482 0.169425 0.175409 0.181429 0.187478 0.193553 0.199653 0.205786 0.211971 0.218242 0.224633 0.231137 0.237756 0.244492 0.251346 0.258319 0.265412 0.272626 0.279963 0.287424 0.295009 0.302720
0.030324 0.033686 0.036804 0.039910 0.043088 0.046376 0.049804 0.053395 0.057176 0.061169 0.065332 0.069606 0.073990 0.078483 0.083083 0.087788 0.092596 0.097507 0.102516 0.107621 0.112821 0.118111 0.123490 0.128952 0.134495 0.140115 0.145807 0.151566 0.157389 0.163268 0.169198 0.175175 0.181190 0.187238 0.193314 0.199416 0.205546 0.211715 0.217951 0.224300 0.230765 0.237346 0.244045 0.250863 0.257802 0.264861 0.272043 0.279349 0.286779 0.294335
0.029987 0.032800 0.035621 0.038499 0.041466 0.044546 0.047760 0.051128 0.054671 0.058414 0.062367 0.066454 0.070655 0.074969 0.079393 0.083928 0.088571 0.093320 0.098174 0.103130 0.108185 0.113338 0.118585 0.123924 0.129350 0.134860 0.140450 0.146116 0.151853 0.157657 0.163521 0.169441 0.175409 0.181421 0.187469 0.193547 0.199652 0.205782 0.211944 0.218158 0.224465 0.230893 0.237437 0.244101 0.250885 0.257790 0.264817 0.271968 0.279244 0.286645
0.030588 0.032623 0.035010 0.037597 0.040333 0.043205 0.046215 0.049376 0.052704 0.056218 0.059941 0.063849 0.067874 0.072015 0.076271 0.080641 0.085122 0.089714 0.094414 0.099221 0.104133 0.109148 0.114262 0.119473 0.124778 0.130174 0.135656 0.141222 0.146866 0.152585 0.158373 0.164225 0.170135 0.176098 0.182107 0.188155 0.194236 0.200344 0.206477 0.212636 0.218835 0.225109 0.231503 0.238015 0.244646 0.251399 0.258273 0.265271 0.272394 0.279641
0.029861 0.032066 0.034414 0.036883 0.039473 0.042186 0.045029 0.048015 0.051156 0.054471 0.057982 0.061702 0.065564 0.069544 0.073641 0.077854 0.082182 0.086623 0.091176 0.095840 0.100612 0.105491 0.110474 0.115559 0.120742 0.126022 0.131394 0.136855 0.142402 0.148030 0.153734 0.159510 0.165353 0.171256 0.177214 0.183221 0.189269 0.195353 0.201465 0.207602 0.213761 0.219951 0.226201 0.232565 0.239049 0.245653 0.252379 0.259228 0.266201 0.273299
0.028578 0.031291 0.033745 0.036195 0.038714 0.041328 0.044052 0.046902 0.049894 0.053045 0.056377 0.059911 0.063626 0.067461 0.071414 0.075484 0.079670 0.083972 0.088388 0.092917 0.097556 0.102306 0.107162 0.112125 0.117189 0.122355 0.127617 0.132974 0.138421 0.143954 0.149571 0.155266 0.161034 0.166870 0.172769 0.178725 0.184731 0.190780 0.196866 0.202982 0.209122 0.215282 0.221466 0.227700 0.234041 0.240503 0.247087 0.253792 0.260621 0.267574
0.029217 0.030935 0.033152 0.035531 0.037997 0.040544 0.043184 0.045933 0.048809 0.051830 0.055017 0.058391 0.061966 0.065676 0.069502 0.073446 0.077506 0.081682 0.085973 0.090378 0.094896 0.099525 0.104263 0.109110 0.114061 0.119117 0.124273 0.129526 0.134875 0.140315 0.145842 0.151453 0.157143 0.162907 0.168740 0.174637 0.180592 0.186598 0.192649 0.198737 0.204855 0.210997 0.217158 0.223338 0.229560 0.235887 0.242335 0.248904 0.255596 0.262412
0.027041 0.029929 0.032457 0.034889 0.037328 0.039818 0.042388 0.045055 0.047838 0.050755 0.053826 0.057070 0.060512 0.064115 0.067834 0.071669 0.075619 0.079684 0.083864 0.088158 0.092566 0.097085 0.101715 0.106453 0.111300 0.116251 0.121306 0.126461 0.131715 0.137062 0.142501 0.148028 0.153638 0.159328 0.165092 0.170926 0.176823 0.182778 0.188785 0.194837 0.200926 0.207046 0.213188 0.219347 0.225522 0.231736 0.238057 0.244499 0.251063 0.257750
0.027479 0.029921 0.032173 0.034437 0.036765 0.039170 0.041664 0.044256 0.046961 0.049792 0.052766 0.055904 0.059228 0.062735 0.066362 0.070103 0.073957 0.077926 0.082008 0.086203 0.090511 0.094931 0.099462 0.104103 0.108852 0.113707 0.118667 0.123729 0.128892 0.134151 0.139504 0.144949 0.150480 0.156094 0.161787 0.167555 0.173391 0.179290 0.185247 0.191255 0.197307 0.203396 0.209514 0.215653 0.221808 0.227975 0.234186 0.240511 0.246956 0.253523
0.029501 0.030248 0.031969 0.034030 0.036253 0.038585 0.041014 0.043543 0.046179 0.048936 0.051830 0.054877 0.058100 0.061514 0.065060 0.068718 0.072488 0.076371 0.080366 0.084473 0.088692 0.093022 0.097463 0.102014 0.106674 0.111440 0.116312 0.121287 0.126363 0.131539 0.136810 0.142174 0.147628 0.153168 0.158790 0.164490 0.170262 0.176102 0.182005 0.187963 0.193971 0.200022 0.206108 0.212222 0.218355 0.224501 0.230658 0.236875 0.243211 0.249667
0.025746 0.028850 0.031236 0.033484 0.035744 0.038060 0.040451 0.042929 0.045507 0.048199 0.051020 0.053988 0.057122 0.060445 0.063917 0.067500 0.071193 0.074997 0.078913 0.082940 0.087078 0.091326 0.095685 0.100154 0.104731 0.109415 0.114204 0.119098 0.124094 0.129190 0.134383 0.139671 0.145050 0.150517 0.156069 0.161701 0.167409 0.173188 0.179032 0.184937 0.190896 0.196903 0.202950 0.209030 0.215136 0.221258 0.227389 0.233534 0.239771 0.246127
0.026890 0.028749 0.030914 0.033127 0.035368 0.037655 0.040004 0.042433 0.044955 0.047585 0.050338 0.053233 0.056287 0.059523 0.062924 0.066435 0.070057 0.073788 0.077630 0.081583 0.085646 0.089820 0.094103 0.098495 0.102996 0.107603 0.112317 0.117134 0.122054 0.127075 0.132194 0.137408 0.142715 0.148112 0.153595 0.159160 0.164803 0.170520 0.176305 0.182154 0.188060 0.194018 0.200020 0.206061 0.212130 0.218222 0.224326 0.230437 0.236587 0.242851
0.026505 0.028777 0.030886 0.033005 0.035169 0.037392 0.039683 0.042054 0.044517 0.047085 0.049774 0.052599 0.055579 0.058735 0.062066 0.065511 0.069064 0.072728 0.076501 0.080385 0.084379 0.088482 0.092695 0.097016 0.101446 0.105982 0.110624 0.115371 0.120220 0.125169 0.130218 0.135362 0.140600 0.145928 0.151344 0.156843 0.162422 0.168076 0.173801 0.179592 0.185443 0.191348 0.197301 0.203296 0.209324 0.215378 0.221450 0.227530 0.233620 0.239800
0.027579 0.029150 0.031006 0.032995 0.035071 0.037222 0.039450 0.041761 0.044165 0.046674 0.049301 0.052062 0.054975 0.058059 0.061323 0.064705 0.068196 0.071797 0.075507 0.079327 0.083256 0.087295 0.091443 0.095699 0.100062 0.104532 0.109107 0.113787 0.118569 0.123451 0.128433 0.133510 0.138681 0.143944 0.149294 0.154728 0.160244 0.165835 0.171499 0.177231 0.183025 0.188875 0.194776 0.200720 0.206702 0.212713 0.218745 0.224789 0.230838 0.236941
0.027033 0.028984 0.030936 0.032923 0.034965 0.037070 0.039248 0.041507 0.043859 0.046314 0.048887 0.051591 0.054445 0.057466 0.060669 0.063995 0.067430 0.070974 0.074627 0.078389 0.082260 0.086240 0.090327 0.094523 0.098825 0.103233 0.107746 0.112363 0.117082 0.121901 0.126818 0.131831 0.136939 0.142137 0.147424 0.152795 0.158247 0.163777 0.169381 0.175052 0.180787 0.186581 0.192426 0.198318 0.204249 0.210212 0.216199 0.222202 0.228211 0.234249
0.026681 0.028830 0.030822 0.032804 0.034820 0.036891 0.039031 0.041250 0.043559 0.045972 0.048500 0.051158 0.053962 0.056931 0.060081 0.063360 0.066746 0.070241 0.073843 0.077554 0.081372 0.085298 0.089331 0.093471 0.097717 0.102067 0.106522 0.111080 0.115739 0.120497 0.125354 0.130306 0.135351 0.140488 0.145713 0.151022 0.156413 0.161882 0.167424 0.173036 0.178712 0.184447 0.190236 0.196073 0.201950 0.207862 0.213800 0.219756 0.225722 0.231702
0.027469 0.028937 0.030737 0.032646 0.034622 0.036662 0.038773 0.040964 0.043245 0.045626 0.048122 0.050744 0.053510 0.056438 0.059545 0.062784 0.066129 0.069581 0.073139 0.076804 0.080575 0.084453 0.088436 0.092525 0.096718 0.101015 0.105415 0.109917 0.114519 0.119220 0.124018 0.128912 0.133898 0.138975 0.144139 0.149388 0.154719 0.160127 0.165609 0.171161 0.176778 0.182455 0.188186 0.193966 0.199788 0.205646 0.211532 0.217438 0.223356 0.229283
0.026273 0.028517 0.030461 0.032384 0.034351 0.036378 0.038475 0.040651 0.042916 0.045278 0.047752 0.050349 0.053086 0.055980 0.059051 0.062258 0.065568 0.068983 0.072502 0.076126 0.079854 0.083687 0.087624 0.091665 0.095809 0.100056 0.104404 0.108853 0.113401 0.118047 0.122790 0.127626 0.132555 0.137574 0.142680 0.147870 0.153142 0.158491 0.163914 0.169406 0.174964 0.180583 0.186256 0.191979 0.197745 0.203547 0.209379 0.215233 0.221101 0.226975
0.027047 0.028433 0.030198 0.032085 0.034044 0.036070 0.038165 0.040337 0.042594 0.044946 0.047404 0.049982 0.052695 0.055561 0.058601 0.061778 0.065057 0.068437 0.071920 0.075506 0.079194 0.082985 0.086878 0.090874 0.094971 0.099169 0.103468 0.107867 0.112363 0.116956 0.121645 0.126427 0.131300 0.136263 0.141312 0.146446 0.151659 0.156951 0.162316 0.167750 0.173250 0.178811 0.184426 0.190092 0.195802 0.201549 0.207326 0.213127 0.218943 0.224765
0.025801 0.027931 0.029842 0.031766 0.033742 0.035779 0.037881 0.040054 0.042306 0.044649 0.047093 0.049653 0.052343 0.055183 0.058191 0.061339 0.064586 0.067933 0.071381 0.074929 0.078578 0.082328 0.086179 0.090131 0.094183 0.098335 0.102586 0.106935 0.111382 0.115924 0.120561 0.125290 0.130110 0.135019 0.140013 0.145091 0.150249 0.155484 0.160793 0.166171 0.171614 0.177118 0.182677 0.188287 0.193941 0.199633 0.205356 0.211104 0.216867 0.222638
0.026248 0.027685 0.029523 0.031475 0.033483 0.035540 0.037651 0.039824 0.042070 0.044399 0.046826 0.049364 0.052029 0.054840 0.057816 0.060932 0.064146 0.067458 0.070869 0.074380 0.077989 0.081699 0.085508 0.089417 0.093425 0.097531 0.101736 0.106038 0.110436 0.114929 0.119516 0.124195 0.128963 0.133819 0.138761 0.143785 0.148889 0.154070 0.159324 0.164647 0.170036 0.175485 0.180990 0.186545 0.192145 0.197783 0.203453 0.209148 0.214860 0.220580
0.024341 0.026991 0.029182 0.031258 0.033314 0.035387 0.037497 0.039659 0.041887 0.044196 0.046597 0.049108 0.051743 0.054520 0.057460 0.060542 0.063721 0.066996 0.070370 0.073841 0.077411 0.081080 0.084848 0.088714 0.092678 0.096741 0.100900 0.105156 0.109507 0.113953 0.118491 0.123120 0.127839 0.132645 0.137536 0.142509 0.147561 0.152690 0.157892 0.163163 0.168499 0.173895 0.179347 0.184850 0.190398 0.195984 0.201603 0.207247 0.212909 0.218580
0.025590 0.027343 0.029307 0.031305 0.033317 0.035353 0.037428 0.039556 0.041751 0.044025 0.046393 0.048868 0.051467 0.054208 0.057109 0.060154 0.063295 0.066532 0.069866 0.073299 0.076829 0.080457 0.084183 0.088007 0.091928 0.095947 0.100063 0.104274 0.108579 0.112979 0.117470 0.122052 0.126723 0.131481 0.136323 0.141247 0.146250 0.151330 0.156481 0.161702 0.166988 0.172334 0.177736 0.183189 0.188687 0.194224 0.199793 0.205389 0.211003 0.216627
0.026107 0.027894 0.029704 0.031558 0.033459 0.035410 0.037419 0.039491 0.041637 0.043867 0.046193 0.048628 0.051187 0.053887 0.056747 0.059752 0.062854 0.066052 0.069347 0.072739 0.076229 0.079816 0.083501 0.087283 0.091163 0.095139 0.099211 0.103379 0.107640 0.111995 0.116442 0.120978 0.125604 0.130315 0.135111 0.139988 0.144944 0.149976 0.155080 0.160253 0.165491 0.170789 0.176144 0.181549 0.186999 0.192489 0.198013 0.203562 0.209130 0.214710
0.026626 0.028371 0.030058 0.031792 0.033593 0.035463 0.037404 0.039420 0.041515 0.043698 0.045980 0.048373 0.050889 0.053546 0.056362 0.059326 0.062388 0.065546 0.068801 0.072153 0.075603 0.079150 0.082794 0.086535 0.090374 0.094308 0.098338 0.102463 0.106682 0.110994 0.115397 0.119890 0.124471 0.129139 0.133890 0.138722 0.143633 0.148620 0.153679 0.158806 0.163999 0.169252 0.174561 0.179921 0.185327 0.190772 0.196251 0.201757 0.207282 0.212819
0.027268 0.028581 0.030155 0.031841 0.033603 0.035433 0.037332 0.039304 0.041356 0.043497 0.045737 0.048087 0.050561 0.053175 0.055944 0.058867 0.061889 0.065008 0.068223 0.071536 0.074946 0.078453 0.082057 0.085758 0.089556 0.093449 0.097439 0.101523 0.105700 0.109970 0.114332 0.118782 0.123321 0.127946 0.132654 0.137443 0.142311 0.147255 0.152270 0.157355 0.162504 0.167714 0.172980 0.178297 0.183659 0.189062 0.194499 0.199964 0.205448 0.210945
0.026546 0.028282 0.029993 0.031725 0.033494 0.035309 0.037183 0.039124 0.041142 0.043247 0.045449 0.047760 0.050193 0.052763 0.055487 0.058367 0.061351 0.064430 0.067607 0.070881 0.074252 0.077720 0.081285 0.084947 0.088705 0.092559 0.096509 0.100553 0.104690 0.108920 0.113240 0.117650 0.122148 0.126731 0.131398 0.136146 0.140972 0.145874 0.150848 0.155890 0.160998 0.166166 0.171390 0.176666 0.181988 0.187350 0.192747 0.198171 0.203617 0.209075
0.026183 0.028058 0.029824 0.031559 0.033311 0.035104 0.036953 0.038868 0.040858 0.042933 0.045102 0.047378 0.049772 0.052301 0.054979 0.057818 0.060765 0.063808 0.066948 0.070184 0.073518 0.076948 0.080476 0.084100 0.087820 0.091635 0.095546 0.099551 0.103649 0.107839 0.112120 0.116490 0.120948 0.125491 0.130117 0.134824 0.139610 0.144471 0.149404 0.154405 0.159472 0.164600 0.169784 0.175019 0.180301 0.185624 0.190982 0.196368 0.201776 0.207197
0.026554 0.028114 0.029682 0.031318 0.033022 0.034790 0.036620 0.038519 0.040490 0.042543 0.044686 0.046932 0.049292 0.051782 0.054417 0.057214 0.060127 0.063137 0.066242 0.069443 0.072741 0.076136 0.079627 0.083214 0.086896 0.090674 0.094547 0.098514 0.102573 0.106725 0.110966 0.115297 0.119715 0.124218 0.128804 0.133471 0.138216 0.143036 0.147929 0.152890 0.157917 0.163004 0.168148 0.173344 0.178587 0.183871 0.189190 0.194538 0.199909 0.205294
0.026679 0.027716 0.029190 0.030832 0.032557 0.034341 0.036180 0.038079 0.040043 0.042082 0.044207 0.046427 0.048757 0.051210 0.053804 0.056555 0.059438 0.062416 0.065489 0.068657 0.071921 0.075280 0.078736 0.082287 0.085933 0.089674 0.093509 0.097438 0.101459 0.105571 0.109773 0.114064 0.118442 0.122905 0.127451 0.132077 0.136782 0.141561 0.146413 0.151334 0.156320 0.161366 0.166470 0.171626 0.176829 0.182074 0.187355 0.192665 0.197999 0.203348
0.024167 0.026386 0.028336 0.030183 0.032003 0.033832 0.035692 0.037597 0.039557 0.041584 0.043689 0.045885 0.048184 0.050601 0.053151 0.055855 0.058705 0.061652 0.064693 0.067829 0.071059 0.074384 0.077804 0.081319 0.084928 0.088631 0.092428 0.096318 0.100300 0.104372 0.108535 0.112785 0.117122 0.121544 0.126048 0.130633 0.135296 0.140033 0.144843 0.149722 0.154666 0.159671 0.164734 0.169849 0.175012 0.180216 0.185458 0.190730 0.196026 0.201339
0.023642 0.025995 0.027942 0.029775 0.031585 0.033406 0.035254 0.037144 0.039086 0.041090 0.043169 0.045334 0.047597 0.049973 0.052479 0.055131 0.057940 0.060855 0.063863 0.066964 0.070159 0.073448 0.076831 0.080308 0.083879 0.087544 0.091301 0.095150 0.099091 0.103122 0.107243 0.111451 0.115745 0.120124 0.124585 0.129126 0.133745 0.138439 0.143205 0.148041 0.152941 0.157903 0.162923 0.167995 0.173116 0.178280 0.183481 0.188713 0.193971 0.199246
0.026049 0.026686 0.028050 0.029653 0.031352 0.033106 0.034906 0.036756 0.038660 0.040628 0.042669 0.044794 0.047015 0.049346 0.051801 0.054399 0.057156 0.060035 0.063006 0.066069 0.069226 0.072476 0.075819 0.079256 0.082786 0.086408 0.090123 0.093929 0.097826 0.101813 0.105889 0.110052 0.114301 0.118634 0.123049 0.127544 0.132117 0.136765 0.141485 0.146274 0.151129 0.156046 0.161020 0.166048 0.171125 0.176246 0.181405 0.186596 0.191813 0.197050
0.024254 0.026171 0.027843 0.029485 0.031151 0.032857 0.034609 0.036411 0.038269 0.040192 0.042188 0.044267 0.046440 0.048721 0.051123 0.053664 0.056360 0.059197 0.062126 0.065147 0.068261 0.071467 0.074767 0.078159 0.081643 0.085220 0.088889 0.092648 0.096498 0.100437 0.104465 0.108579 0.112779 0.117064 0.121430 0.125876 0.130399 0.134998 0.139669 0.144410 0.149216 0.154085 0.159012 0.163993 0.169024 0.174099 0.179214 0.184362 0.189538 0.194734
0.023893 0.025905 0.027621 0.029267 0.030913 0.032587 0.034299 0.036058 0.037873 0.039752 0.041702 0.043734 0.045858 0.048088 0.050436 0.052919 0.055554 0.058339 0.061221 0.064195 0.067261 0.070419 0.073670 0.077012 0.080447 0.083974 0.087592 0.091300 0.095099 0.098986 0.102962 0.107024 0.111171 0.115403 0.119716 0.124110 0.128581 0.133127 0.137746 0.142435 0.147190 0.152008 0.156885 0.161818 0.166800 0.171828 0.176897 0.182001 0.187133 0.192287
0.025325 0.026088 0.027468 0.029011 0.030612 0.032251 0.033930 0.035655 0.037432 0.039271 0.041180 0.043168 0.045246 0.047427 0.049723 0.052149 0.054724 0.057453 0.060283 0.063204 0.066218 0.069323 0.072521 0.075810 0.079190 0.082662 0.086225 0.089878 0.093621 0.097452 0.101372 0.105378 0.109469 0.113644 0.117901 0.122238 0.126654 0.131145 0.135709 0.140343 0.145044 0.149809 0.154634 0.159515 0.164448 0.169427 0.174448 0.179506 0.184593 0.189705
0.023061 0.025317 0.027027 0.028624 0.030215 0.031830 0.033482 0.035176 0.036922 0.038727 0.040599 0.042548 0.044584 0.046719 0.048965 0.051338 0.053853 0.056523 0.059298 0.062165 0.065122 0.068170 0.071310 0.074541 0.077864 0.081277 0.084780 0.088374 0.092057 0.095829 0.099689 0.103635 0.107666 0.111782 0.115980 0.120258 0.124615 0.129048 0.133554 0.138132 0.142778 0.147488 0.152259 0.157087 0.161968 0.166897 0.171870 0.176880 0.181923 0.186991
0.024134 0.025276 0.026694 0.028198 0.029747 0.031332 0.032956 0.034623 0.036341 0.038114 0.039953 0.041865 0.043861 0.045951 0.048149 0.050469 0.052927 0.055537 0.058255 0.061063 0.063961 0.066949 0.070029 0.073199 0.076459 0.079810 0.083252 0.086783 0.090404 0.094113 0.097909 0.101793 0.105762 0.109816 0.113952 0.118170 0.122466 0.126839 0.131287 0.135806 0.140395 0.145049 0.149765 0.154540 0.159369 0.164247 0.169171 0.174135 0.179132 0.184158
0.023491 0.024766 0.026195 0.027683 0.029209 0.030770 0.032369 0.034010 0.035698 0.037441 0.039245 0.041119 0.043073 0.045119 0.047268 0.049534 0.051933 0.054481 0.057140 0.059888 0.062725 0.065651 0.068668 0.071775 0.074971 0.078258 0.081635 0.085102 0.088658 0.092303 0.096035 0.099855 0.103761 0.107751 0.111825 0.115980 0.120215 0.124528 0.128916 0.133378 0.137909 0.142507 0.147169 0.151890 0.156668 0.161497 0.166373 0.171291 0.176244 0.181229
0.022164 0.024048 0.025602 0.027108 0.028625 0.030168 0.031743 0.033355 0.035011 0.036718 0.038483 0.040316 0.042226 0.044223 0.046320 0.048530 0.050867 0.053349 0.055948 0.058634 0.061408 0.064272 0.067224 0.070266 0.073399 0.076621 0.079933 0.083334 0.086825 0.090405 0.094073 0.097829 0.101671 0.105599 0.109610 0.113704 0.117879 0.122133 0.126463 0.130867 0.135342 0.139886 0.144495 0.149165 0.153893 0.158674 0.163505 0.168378 0.173291 0.178236
0.022755 0.023687 0.025063 0.026535 0.028034 0.029553 0.031097 0.032673 0.034290 0.035955 0.037676 0.039462 0.041322 0.043267 0.045307 0.047456 0.049728 0.052140 0.054677 0.057301 0.060012 0.062812 0.065701 0.068679 0.071746 0.074904 0.078152 0.081490 0.084917 0.088433 0.092039 0.095732 0.099513 0.103380 0.107331 0.111366 0.115483 0.119680 0.123954 0.128304 0.132726 0.137219 0.141778 0.146400 0.151081 0.155818 0.160605 0.165439 0.170313 0.175222
0.020817 0.022886 0.024502 0.025996 0.027466 0.028942 0.030441 0.031971 0.033541 0.035157 0.036828 0.038562 0.040368 0.042255 0.044235 0.046320 0.048524 0.050862 0.053333 0.055895 0.058544 0.061282 0.064108 0.067024 0.070030 0.073125 0.076312 0.079588 0.082955 0.086411 0.089957 0.093592 0.097314 0.101124 0.105020 0.109000 0.113063 0.117207 0.121429 0.125729 0.130103 0.134548 0.139061 0.143639 0.148279 0.152975 0.157724 0.162521 0.167361 0.172239
0.021867 0.022961 0.024219 0.025551 0.026924 0.028330 0.029769 0.031244 0.032761 0.034324 0.035941 0.037620 0.039369 0.041197 0.043115 0.045134 0.047268 0.049530 0.051933 0.054435 0.057024 0.059702 0.062469 0.065326 0.068274 0.071312 0.074440 0.077660 0.080971 0.084372 0.087864 0.091445 0.095115 0.098873 0.102718 0.106649 0.110663 0.114760 0.118937 0.123192 0.127522 0.131926 0.136399 0.140938 0.145541 0.150202 0.154918 0.159684 0.164495 0.169345
0.021753 0.022592 0.023755 0.025018 0.026330 0.027678 0.029062 0.030483 0.031947 0.033458 0.035023 0.036647 0.038340 0.040110 0.041966 0.043921 0.045985 0.048173 0.050502 0.052948 0.055482 0.058105 0.060818 0.063622 0.066517 0.069503 0.072580 0.075750 0.079011 0.082364 0.085807 0.089342 0.092966 0.096679 0.100480 0.104368 0.108340 0.112396 0.116534 0.120751 0.125045 0.129412 0.133851 0.138359 0.142930 0.147562 0.152250 0.156990 0.161777 0.166605
0.019749 0.021685 0.023084 0.024375 0.025661 0.026970 0.028310 0.029687 0.031105 0.032569 0.034086 0.035662 0.037303 0.039019 0.040819 0.042713 0.044713 0.046832 0.049086 0.051477 0.053962 0.056537 0.059203 0.061961 0.064810 0.067752 0.070786 0.073913 0.077132 0.080444 0.083847 0.087342 0.090928 0.094604 0.098368 0.102221 0.106159 0.110182 0.114287 0.118472 0.122736 0.127075 0.131487 0.135967 0.140514 0.145122 0.149789 0.154508 0.159276 0.164088
0.021126 0.021516 0.022523 0.023701 0.024940 0.026216 0.027524 0.028868 0.030252 0.031681 0.033160 0.034695 0.036294 0.037965 0.039716 0.041558 0.043502 0.045560 0.047748 0.050079 0.052524 0.055059 0.057686 0.060406 0.063218 0.066124 0.069123 0.072215 0.075401 0.078680 0.082052 0.085516 0.089071 0.092717 0.096453 0.100278 0.104189 0.108185 0.112265 0.116427 0.120667 0.124984 0.129374 0.133834 0.138362 0.142953 0.147603 0.152307 0.157061 0.161860
0.018585 0.020284 0.021636 0.022905 0.024164 0.025438 0.026735 0.028064 0.029428 0.030834 0.032288 0.033796 0.035364 0.037000 0.038714 0.040515 0.042413 0.044422 0.046554 0.048827 0.051237 0.053741 0.056339 0.059029 0.061814 0.064692 0.067665 0.070731 0.073892 0.077146 0.080494 0.083935 0.087468 0.091092 0.094807 0.098611 0.102502 0.106479 0.110541 0.114684 0.118907 0.123208 0.127582 0.132028 0.136542 0.141120 0.145758 0.150452 0.155196 0.159987
0.018211 0.019620 0.020914 0.022176 0.023438 0.024714 0.026013 0.027339 0.028698 0.030094 0.031536 0.033027 0.034576 0.036190 0.037877 0.039648 0.041514 0.043485 0.045576 0.047803 0.050178 0.052661 0.055237 0.057908 0.060673 0.063532 0.066487 0.069535 0.072679 0.075916 0.079248 0.082673 0.086190 0.089799 0.093499 0.097289 0.101166 0.105130 0.109179 0.113310 0.117522 0.121811 0.126175 0.130611 0.135116 0.139685 0.144315 0.149002 0.153741 0.158526
0.018705 0.019354 0.020415 0.021613 0.022865 0.024146 0.025450 0.026781 0.028142 0.029539 0.030976 0.032460 0.033999 0.035600 0.037273 0.039025 0.040869 0.042816 0.044880 0.047076 0.049420 0.051890 0.054454 0.057113 0.059866 0.062714 0.065657 0.068695 0.071827 0.075055 0.078376 0.081791 0.085299 0.088899 0.092590 0.096371 0.100240 0.104196 0.108236 0.112360 0.116565 0.120847 0.125205 0.129635 0.134134 0.138698 0.143324 0.148007 0.152741 0.157524
0.017008 0.018576 0.019935 0.021235 0.022525 0.023824 0.025139 0.026476 0.027841 0.029239 0.030676 0.032158 0.033693 0.035289 0.036955 0.038699 0.040532 0.042467 0.044517 0.046698 0.049025 0.051488 0.054047 0.056699 0.059447 0.062290 0.065228 0.068260 0.071388 0.074611 0.077927 0.081338 0.084841 0.088437 0.092124 0.095900 0.099765 0.103717 0.107754 0.111875 0.116076 0.120355 0.124710 0.129137 0.133634 0.138196 0.142819 0.147500 0.152233 0.157014
