0.106466 0.111695 0.117754 0.124802 0.132506 0.140532 0.148623 0.156592 0.164300 0.171650 0.178578 0.185048 0.191047 0.196585 0.201691 0.206405 0.210773 0.214845 0.218665 0.222252 0.225601 0.228706 0.231560 0.234154 0.236478 0.238516 0.240250 0.241655 0.242697 0.243334 0.243517 0.243195 0.242325 0.240893 0.238927 0.236502 0.233726 0.230716 0.227575 0.224382 0.221194 0.218054 0.214990 0.212028 0.209190 0.206494 0.203959 0.201598 0.199422 0.197439
0.110776 0.114048 0.120263 0.127427 0.135047 0.142893 0.150782 0.158560 0.166099 0.173302 0.180101 0.186458 0.192357 0.197807 0.202834 0.207477 0.211782 0.215798 0.219569 0.223113 0.226424 0.229495 0.232319 0.234887 0.237186 0.239204 0.240920 0.242310 0.243339 0.243966 0.244142 0.243815 0.242943 0.241510 0.239545 0.237121 0.234347 0.231340 0.228201 0.225012 0.221830 0.218696 0.215642 0.212691 0.209867 0.207188 0.204673 0.202336 0.200188 0.198236
0.103879 0.116734 0.124581 0.131720 0.139038 0.146580 0.154204 0.161752 0.169088 0.176107 0.182738 0.188938 0.194691 0.200006 0.204909 0.209438 0.213641 0.217565 0.221254 0.224725 0.227970 0.230983 0.233755 0.236276 0.238536 0.240518 0.242203 0.243566 0.244575 0.245186 0.245350 0.245016 0.244142 0.242710 0.240748 0.238329 0.235561 0.232561 0.229430 0.226250 0.223080 0.219962 0.216927 0.214001 0.211206 0.208563 0.206090 0.203802 0.201711 0.199823
0.131034 0.126649 0.129738 0.135567 0.142556 0.150032 0.157638 0.165154 0.172430 0.179365 0.185892 0.191977 0.197609 0.202800 0.207580 0.211993 0.216086 0.219909 0.223507 0.226895 0.230067 0.233013 0.235725 0.238193 0.240405 0.242345 0.243996 0.245330 0.246315 0.246909 0.247064 0.246726 0.245853 0.244428 0.242476 0.240070 0.237316 0.234330 0.231216 0.228055 0.224908 0.221817 0.218815 0.215929 0.213182 0.210597 0.208191 0.205981 0.203978 0.202190
0.112069 0.120479 0.128142 0.136065 0.144193 0.152347 0.160370 0.168135 0.175548 0.182541 0.189072 0.195121 0.200691 0.205805 0.210499 0.214822 0.218828 0.222567 0.226088 0.229405 0.232511 0.235398 0.238057 0.240477 0.242647 0.244552 0.246172 0.247482 0.248450 0.249035 0.249186 0.248853 0.247992 0.246585 0.244655 0.242274 0.239546 0.236588 0.233503 0.230375 0.227265 0.224217 0.221266 0.218440 0.215764 0.213261 0.210951 0.208851 0.206973 0.205324
0.100431 0.115008 0.126314 0.136172 0.145388 0.154210 0.162667 0.170722 0.178323 0.185431 0.192023 0.198093 0.203656 0.208741 0.213394 0.217668 0.221622 0.225310 0.228782 0.232053 0.235116 0.237964 0.240587 0.242976 0.245119 0.247002 0.248606 0.249905 0.250869 0.251456 0.251618 0.251304 0.250470 0.249097 0.247206 0.244867 0.242183 0.239270 0.236233 0.233156 0.230103 0.227119 0.224242 0.221501 0.218924 0.216534 0.214354 0.212400 0.210688 0.209223
0.117241 0.123304 0.130668 0.139017 0.147754 0.156494 0.165007 0.173154 0.180846 0.188029 0.194676 0.200782 0.206365 0.211457 0.216106 0.220369 0.224308 0.227980 0.231436 0.234692 0.237741 0.240576 0.243188 0.245569 0.247707 0.249587 0.251193 0.252500 0.253478 0.254085 0.254276 0.253999 0.253210 0.251891 0.250061 0.247786 0.245168 0.242323 0.239357 0.236355 0.233384 0.230490 0.227715 0.225089 0.222643 0.220402 0.218390 0.216627 0.215126 0.213894
0.131897 0.129281 0.134345 0.141894 0.150274 0.158839 0.167278 0.175408 0.183116 0.190332 0.197018 0.203164 0.208781 0.213904 0.218578 0.222863 0.226819 0.230507 0.233978 0.237248 0.240311 0.243159 0.245786 0.248181 0.250336 0.252237 0.253867 0.255202 0.256213 0.256861 0.257100 0.256882 0.256162 0.254919 0.253174 0.250988 0.248463 0.245714 0.242846 0.239948 0.237087 0.234316 0.231675 0.229200 0.226923 0.224873 0.223075 0.221550 0.220312 0.219367
0.099138 0.121046 0.133236 0.142886 0.151883 0.160631 0.169135 0.177307 0.185059 0.192326 0.199066 0.205267 0.210940 0.216114 0.220838 0.225168 0.229167 0.232895 0.236406 0.239714 0.242813 0.245697 0.248359 0.250792 0.252985 0.254927 0.256600 0.257984 0.259049 0.259759 0.260069 0.259931 0.259303 0.258163 0.256529 0.254461 0.252059 0.249436 0.246699 0.243937 0.241222 0.238608 0.236140 0.233857 0.231794 0.229981 0.228448 0.227214 0.226295 0.225696
0.130603 0.130025 0.136216 0.144397 0.153143 0.161946 0.170566 0.178855 0.186715 0.194079 0.200908 0.207192 0.212940 0.218185 0.222975 0.227367 0.231425 0.235210 0.238775 0.242136 0.245288 0.248224 0.250939 0.253426 0.255675 0.257675 0.259411 0.260863 0.262002 0.262795 0.263197 0.263163 0.262651 0.261641 0.260147 0.258228 0.255981 0.253519 0.250947 0.248360 0.245829 0.243414 0.241162 0.239116 0.237315 0.235793 0.234578 0.233693 0.233152 0.232959
0.121552 0.128310 0.136249 0.144977 0.154019 0.163051 0.171863 0.180315 0.188313 0.195795 0.202729 0.209105 0.214938 0.220260 0.225121 0.229581 0.233703 0.237550 0.241177 0.244599 0.247812 0.250811 0.253590 0.256144 0.258463 0.260538 0.262353 0.263890 0.265123 0.266019 0.266535 0.266629 0.266260 0.265407 0.264084 0.262348 0.260292 0.258027 0.255661 0.253288 0.250985 0.248812 0.246824 0.245067 0.243582 0.242405 0.241567 0.241090 0.240987 0.241258
0.110776 0.125293 0.136080 0.145860 0.155323 0.164562 0.173507 0.182067 0.190160 0.197730 0.204745 0.211197 0.217100 0.222490 0.227415 0.231937 0.236121 0.240029 0.243717 0.247204 0.250483 0.253552 0.256405 0.259037 0.261439 0.263602 0.265513 0.267153 0.268499 0.269518 0.270171 0.270417 0.270218 0.269553 0.268435 0.266917 0.265091 0.263064 0.260945 0.258831 0.256800 0.254920 0.253246 0.251830 0.250716 0.249943 0.249540 0.249529 0.249919 0.250707
0.130172 0.132953 0.140179 0.148783 0.157817 0.166889 0.175776 0.184329 0.192442 0.200046 0.207103 0.213602 0.219555 0.224996 0.229974 0.234550 0.238790 0.242756 0.246507 0.250059 0.253411 0.256557 0.259494 0.262215 0.264714 0.266981 0.269004 0.270766 0.272244 0.273409 0.274224 0.274649 0.274649 0.274204 0.273325 0.272064 0.270508 0.268762 0.266936 0.265126 0.263417 0.261878 0.260571 0.259550 0.258863 0.258548 0.258635 0.259142 0.260073 0.261420
0.125862 0.135238 0.143298 0.151780 0.160643 0.169615 0.178460 0.187004 0.195128 0.202754 0.209841 0.216375 0.222368 0.227854 0.232881 0.237511 0.241808 0.245838 0.249655 0.253282 0.256716 0.259951 0.262985 0.265810 0.268422 0.270811 0.272965 0.274870 0.276503 0.277838 0.278840 0.279473 0.279703 0.279512 0.278910 0.277945 0.276700 0.275279 0.273790 0.272333 0.270993 0.269846 0.268957 0.268383 0.268173 0.268366 0.268988 0.270052 0.271558 0.273492
0.133621 0.137093 0.144881 0.153803 0.163039 0.172259 0.181263 0.189913 0.198113 0.205799 0.212939 0.219525 0.225573 0.231118 0.236209 0.240907 0.245278 0.249385 0.253286 0.257004 0.260537 0.263879 0.267028 0.269978 0.272722 0.275253 0.277560 0.279630 0.281442 0.282972 0.284188 0.285058 0.285549 0.285646 0.285357 0.284728 0.283836 0.282783 0.281676 0.280615 0.279690 0.278981 0.278555 0.278472 0.278781 0.279518 0.280706 0.282352 0.284448 0.286974
0.116379 0.133429 0.145013 0.155391 0.165360 0.175003 0.184268 0.193089 0.201410 0.209194 0.216422 0.223095 0.229232 0.234869 0.240057 0.244856 0.249331 0.253545 0.257554 0.261388 0.265043 0.268516 0.271802 0.274897 0.277795 0.280490 0.282972 0.285229 0.287243 0.288992 0.290448 0.291581 0.292364 0.292780 0.292839 0.292581 0.292080 0.291434 0.290748 0.290123 0.289652 0.289418 0.289490 0.289930 0.290783 0.292084 0.293848 0.296076 0.298755 0.301856
0.137500 0.140032 0.148822 0.158783 0.168773 0.178499 0.187850 0.196759 0.205178 0.213069 0.220415 0.227216 0.233488 0.239265 0.244596 0.249539 0.254157 0.258512 0.262661 0.266637 0.270440 0.274065 0.277509 0.280769 0.283841 0.286718 0.289392 0.291855 0.294089 0.296077 0.297794 0.299213 0.300310 0.301072 0.301505 0.301648 0.301569 0.301361 0.301126 0.300966 0.300977 0.301241 0.301832 0.302807 0.304210 0.306071 0.308398 0.311186 0.314413 0.318049
0.126293 0.143203 0.154164 0.163958 0.173536 0.182986 0.192221 0.201132 0.209630 0.217652 0.225159 0.232139 0.238600 0.244570 0.250091 0.255219 0.260016 0.264542 0.268855 0.272993 0.276959 0.280750 0.284365 0.287801 0.291056 0.294125 0.297002 0.299680 0.302146 0.304384 0.306374 0.308092 0.309519 0.310641 0.311467 0.312028 0.312389 0.312637 0.312870 0.313191 0.313694 0.314464 0.315571 0.317073 0.319008 0.321400 0.324252 0.327551 0.331271 0.335377
0.156466 0.156554 0.162275 0.170142 0.178959 0.188147 0.197361 0.206379 0.215054 0.223289 0.231029 0.238247 0.244945 0.251145 0.256887 0.262223 0.267214 0.271921 0.276402 0.280702 0.284829 0.288784 0.292566 0.296174 0.299608 0.302865 0.305942 0.308834 0.311530 0.314017 0.316281 0.318300 0.320058 0.321544 0.322764 0.323747 0.324552 0.325257 0.325960 0.326758 0.327745 0.329005 0.330606 0.332601 0.335026 0.337896 0.341210 0.344950 0.349087 0.353582
0.154310 0.158668 0.165907 0.174710 0.184211 0.193928 0.203575 0.212966 0.221975 0.230517 0.238541 0.246025 0.252970 0.259398 0.265350 0.270878 0.276044 0.280908 0.285531 0.289965 0.294227 0.298319 0.302244 0.306002 0.309594 0.313021 0.316280 0.319369 0.322280 0.325004 0.327527 0.329835 0.331912 0.333748 0.335350 0.336742 0.337976 0.339124 0.340277 0.341528 0.342970 0.344683 0.346732 0.349167 0.352017 0.355293 0.358989 0.363084 0.367546 0.372337
0.136638 0.154777 0.168313 0.180087 0.191129 0.201750 0.211992 0.221815 0.231161 0.239980 0.248240 0.255931 0.263059 0.269651 0.275749 0.281406 0.286684 0.291647 0.296356 0.300868 0.305213 0.309396 0.313419 0.317287 0.321002 0.324565 0.327975 0.331232 0.334331 0.337265 0.340024 0.342594 0.344963 0.347123 0.349078 0.350849 0.352479 0.354035 0.355601 0.357264 0.359112 0.361221 0.363655 0.366457 0.369653 0.373248 0.377235 0.381591 0.386285 0.391281
0.159914 0.170172 0.180973 0.191907 0.202788 0.213466 0.223819 0.233751 0.243189 0.252085 0.260411 0.268159 0.275338 0.281975 0.288110 0.293798 0.299100 0.304079 0.308800 0.313319 0.317679 0.321891 0.325960 0.329888 0.333679 0.337335 0.340858 0.344246 0.347498 0.350607 0.353566 0.356363 0.358987 0.361432 0.363698 0.365803 0.367784 0.369698 0.371623 0.373639 0.375830 0.378268 0.381011 0.384098 0.387552 0.391377 0.395564 0.400092 0.404933 0.410056
0.191379 0.193214 0.199904 0.208936 0.218868 0.228998 0.238984 0.248643 0.257868 0.266592 0.274778 0.282411 0.289493 0.296048 0.302112 0.307733 0.312972 0.317889 0.322549 0.327009 0.331320 0.335503 0.339562 0.343501 0.347324 0.351032 0.354626 0.358108 0.361474 0.364721 0.367841 0.370825 0.373662 0.376345 0.378873 0.381258 0.383532 0.385746 0.387966 0.390270 0.392733 0.395423 0.398394 0.401684 0.405312 0.409284 0.413593 0.418224 0.423155 0.428359
0.196983 0.206490 0.216808 0.226878 0.236759 0.246483 0.256001 0.265228 0.274082 0.282496 0.290425 0.297843 0.304747 0.311148 0.317077 0.322577 0.327703 0.332513 0.337070 0.341432 0.345650 0.349762 0.353774 0.357688 0.361508 0.365234 0.368868 0.372411 0.375859 0.379208 0.382453 0.385584 0.388590 0.391464 0.394201 0.396811 0.399319 0.401768 0.404218 0.406739 0.409402 0.412271 0.415396 0.418813 0.422546 0.426605 0.430989 0.435689 0.440689 0.445966
0.202155 0.223416 0.235452 0.245237 0.254534 0.263714 0.272776 0.281627 0.290170 0.298326 0.306039 0.313276 0.320025 0.326293 0.332104 0.337495 0.342517 0.347226 0.351683 0.355947 0.360070 0.364096 0.368046 0.371920 0.375720 0.379447 0.383102 0.386684 0.390190 0.393616 0.396956 0.400200 0.403337 0.406357 0.409256 0.412037 0.414721 0.417345 0.419962 0.422637 0.425435 0.428417 0.431634 0.435127 0.438926 0.443046 0.447494 0.452261 0.457332 0.462687
0.264655 0.252815 0.254715 0.261276 0.269530 0.278365 0.287298 0.296082 0.304574 0.312684 0.320355 0.327553 0.334266 0.340501 0.346279 0.351635 0.356617 0.361280 0.365684 0.369888 0.373947 0.377910 0.381808 0.385649 0.389433 0.393161 0.396832 0.400445 0.403997 0.407484 0.410898 0.414230 0.417467 0.420599 0.423617 0.426524 0.429335 0.432081 0.434812 0.437586 0.440466 0.443515 0.446790 0.450340 0.454197 0.458378 0.462890 0.467727 0.472874 0.478311
0.235345 0.249163 0.259631 0.269592 0.279436 0.289128 0.298576 0.307701 0.316437 0.324733 0.332553 0.339877 0.346699 0.353028 0.358886 0.364309 0.369343 0.374041 0.378464 0.382673 0.386724 0.390669 0.394548 0.398380 0.402166 0.405907 0.409603 0.413250 0.416847 0.420388 0.423865 0.427268 0.430584 0.433800 0.436907 0.439904 0.442802 0.445630 0.448432 0.451264 0.454194 0.457292 0.460619 0.464223 0.468138 0.472382 0.476960 0.481869 0.487095 0.492619
0.227155 0.247725 0.263044 0.275588 0.286784 0.297250 0.307207 0.316711 0.325759 0.334326 0.342392 0.349941 0.356971 0.363491 0.369523 0.375102 0.380271 0.385085 0.389601 0.393881 0.397985 0.401965 0.405867 0.409722 0.413536 0.417310 0.421044 0.424735 0.428381 0.431975 0.435510 0.438974 0.442353 0.445635 0.448808 0.451869 0.454826 0.457706 0.460550 0.463421 0.466393 0.469537 0.472913 0.476571 0.480543 0.484849 0.489494 0.494476 0.499781 0.505392
0.259483 0.266070 0.274604 0.284204 0.294210 0.304260 0.314147 0.323743 0.332961 0.341739 0.350035 0.357821 0.365088 0.371840 0.378094 0.383879 0.389237 0.394218 0.398880 0.403282 0.407486 0.411546 0.415510 0.419415 0.423280 0.427104 0.430889 0.434633 0.438331 0.441980 0.445569 0.449087 0.452521 0.455855 0.459078 0.462185 0.465182 0.468094 0.470969 0.473874 0.476884 0.480070 0.483493 0.487201 0.491227 0.495591 0.500300 0.505350 0.510731 0.516425
0.278879 0.278292 0.283356 0.291171 0.300252 0.309842 0.319536 0.329101 0.338390 0.347304 0.355779 0.363771 0.371258 0.378235 0.384712 0.390713 0.396274 0.401442 0.406269 0.410816 0.415142 0.419304 0.423351 0.427324 0.431250 0.435133 0.438974 0.442772 0.446523 0.450222 0.453861 0.457426 0.460905 0.464281 0.467542 0.470681 0.473705 0.476641 0.479543 0.482478 0.485522 0.488744 0.492207 0.495958 0.500030 0.504445 0.509209 0.514320 0.519768 0.525535
0.265086 0.274145 0.284054 0.293863 0.303651 0.313460 0.323228 0.332854 0.342231 0.351268 0.359896 0.368064 0.375741 0.382915 0.389590 0.395785 0.401530 0.406868 0.411850 0.416534 0.420977 0.425237 0.429366 0.433406 0.437388 0.441324 0.445214 0.449059 0.452853 0.456594 0.460271 0.463873 0.467385 0.470792 0.474081 0.477243 0.480286 0.483241 0.486164 0.489122 0.492190 0.495439 0.498931 0.502714 0.506823 0.511276 0.516083 0.521241 0.526742 0.532567
0.248276 0.272256 0.285204 0.295617 0.305569 0.315486 0.325369 0.335121 0.344636 0.353822 0.362605 0.370933 0.378772 0.386108 0.392942 0.399287 0.405174 0.410643 0.415742 0.420527 0.425057 0.429389 0.433576 0.437662 0.441680 0.445649 0.449570 0.453443 0.457264 0.461029 0.464729 0.468353 0.471885 0.475310 0.478614 0.481790 0.484845 0.487813 0.490748 0.493718 0.496800 0.500064 0.503572 0.507373 0.511502 0.515978 0.520812 0.526001 0.531536 0.537402
0.306466 0.288417 0.289648 0.296872 0.306100 0.316007 0.326073 0.336043 0.345763 0.355134 0.364081 0.372555 0.380527 0.387981 0.394921 0.401362 0.407333 0.412873 0.418033 0.422868 0.427435 0.431795 0.436000 0.440097 0.444121 0.448093 0.452017 0.455891 0.459715 0.463482 0.467184 0.470811 0.474347 0.477777 0.481085 0.484265 0.487324 0.490295 0.493232 0.496204 0.499286 0.502551 0.506060 0.509862 0.513994 0.518477 0.523319 0.528520 0.534071 0.539956
0.239224 0.266819 0.281456 0.293122 0.304122 0.314909 0.325499 0.335823 0.345799 0.355359 0.364450 0.373034 0.381086 0.388600 0.395582 0.402050 0.408035 0.413580 0.418735 0.423557 0.428105 0.432441 0.436618 0.440684 0.444678 0.448620 0.452516 0.456364 0.460164 0.463909 0.467592 0.471203 0.474725 0.478144 0.481446 0.484621 0.487676 0.490641 0.493570 0.496532 0.499602 0.502853 0.506348 0.510138 0.514257 0.518729 0.523562 0.528757 0.534304 0.540189
0.259483 0.266541 0.278323 0.290333 0.301983 0.313270 0.324206 0.334766 0.344904 0.354571 0.363727 0.372342 0.380399 0.387897 0.394845 0.401266 0.407195 0.412676 0.417761 0.422511 0.426987 0.431250 0.435358 0.439357 0.443288 0.447172 0.451013 0.454811 0.458563 0.462265 0.465910 0.469487 0.472981 0.476376 0.479659 0.482821 0.485864 0.488817 0.491731 0.494674 0.497722 0.500949 0.504419 0.508183 0.512278 0.516725 0.521536 0.526709 0.532237 0.538102
0.255172 0.267801 0.278503 0.289381 0.300441 0.311479 0.322324 0.332851 0.342967 0.352604 0.361714 0.370265 0.378243 0.385647 0.392490 0.398800 0.404612 0.409974 0.414942 0.419577 0.423943 0.428102 0.432113 0.436023 0.439872 0.443681 0.447451 0.451182 0.454872 0.458517 0.462110 0.465639 0.469092 0.472452 0.475706 0.478846 0.481875 0.484813 0.487707 0.490627 0.493649 0.496846 0.500284 0.504016 0.508078 0.512494 0.517273 0.522416 0.527912 0.533747
0.264224 0.268980 0.277370 0.287211 0.297723 0.308451 0.319103 0.329488 0.339481 0.348997 0.357982 0.366401 0.374240 0.381501 0.388197 0.394359 0.400024 0.405243 0.410074 0.414579 0.418824 0.422874 0.426784 0.430605 0.434373 0.438105 0.441802 0.445463 0.449086 0.452668 0.456201 0.459675 0.463078 0.466394 0.469611 0.472720 0.475726 0.478647 0.481524 0.484422 0.487417 0.490585 0.493993 0.497692 0.501722 0.506105 0.510852 0.515961 0.521424 0.527223
0.253017 0.260839 0.270487 0.281112 0.292025 0.302896 0.313546 0.323857 0.333742 0.343134 0.351986 0.360268 0.367968 0.375088 0.381644 0.387668 0.393201 0.398294 0.403006 0.407403 0.411551 0.415513 0.419347 0.423100 0.426807 0.430478 0.434114 0.437714 0.441275 0.444796 0.448268 0.451684 0.455030 0.458293 0.461461 0.464527 0.467497 0.470392 0.473252 0.476134 0.479109 0.482255 0.485639 0.489315 0.493320 0.497678 0.502399 0.507481 0.512914 0.518681
0.225862 0.244565 0.259185 0.271693 0.283263 0.294338 0.305029 0.315321 0.325162 0.334498 0.343287 0.351501 0.359129 0.366175 0.372656 0.378606 0.384067 0.389093 0.393745 0.398088 0.402190 0.406114 0.409916 0.413643 0.417323 0.420960 0.424556 0.428111 0.431622 0.435087 0.438501 0.441854 0.445137 0.448335 0.451439 0.454444 0.457359 0.460207 0.463034 0.465896 0.468861 0.471997 0.475371 0.479036 0.483032 0.487381 0.492091 0.497160 0.502577 0.508324
0.228879 0.240806 0.250734 0.261041 0.271735 0.282531 0.293191 0.303545 0.313476 0.322903 0.331775 0.340059 0.347744 0.354835 0.361353 0.367331 0.372816 0.377863 0.382536 0.386901 0.391026 0.394973 0.398799 0.402546 0.406236 0.409870 0.413450 0.416977 0.420449 0.423865 0.427220 0.430505 0.433712 0.436828 0.439845 0.442761 0.445590 0.448360 0.451123 0.453941 0.456883 0.460015 0.463394 0.467069 0.471075 0.475434 0.480154 0.485232 0.490653 0.496400
0.240517 0.231021 0.235635 0.244894 0.255683 0.266859 0.277939 0.288689 0.298977 0.308720 0.317868 0.326394 0.334290 0.341566 0.348245 0.354364 0.359975 0.365135 0.369910 0.374370 0.378582 0.382610 0.386507 0.390314 0.394044 0.397698 0.401280 0.404789 0.408228 0.411594 0.414882 0.418087 0.421198 0.424206 0.427103 0.429894 0.432594 0.435242 0.437896 0.440626 0.443508 0.446610 0.449987 0.453680 0.457717 0.462110 0.466865 0.471976 0.477429 0.483202
0.157328 0.188274 0.207287 0.222285 0.235722 0.248355 0.260395 0.271867 0.282744 0.292990 0.302575 0.311483 0.319714 0.327283 0.334219 0.340566 0.346377 0.351715 0.356650 0.361252 0.365593 0.369734 0.373729 0.377613 0.381395 0.385077 0.388663 0.392155 0.395554 0.398858 0.402065 0.405167 0.408155 0.411021 0.413758 0.416375 0.418895 0.421366 0.423854 0.426441 0.429207 0.432228 0.435559 0.439242 0.443297 0.447731 0.452540 0.457711 0.463223 0.469053
0.153448 0.172045 0.188239 0.202990 0.216890 0.230173 0.242886 0.255002 0.266475 0.277261 0.287330 0.296668 0.305279 0.313180 0.320408 0.327010 0.333044 0.338578 0.343685 0.348438 0.352910 0.357163 0.361251 0.365203 0.369026 0.372724 0.376301 0.379760 0.383101 0.386324 0.389425 0.392395 0.395226 0.397909 0.400440 0.402832 0.405115 0.407348 0.409608 0.411985 0.414570 0.417442 0.420662 0.424272 0.428294 0.432732 0.437575 0.442803 0.448387 0.454297
0.172414 0.169413 0.176783 0.188217 0.201110 0.214334 0.227366 0.239934 0.251886 0.263134 0.273627 0.283345 0.292290 0.300484 0.307965 0.314785 0.321007 0.326702 0.331946 0.336816 0.341384 0.345715 0.349861 0.353848 0.357681 0.361365 0.364905 0.368302 0.371558 0.374671 0.377636 0.380443 0.383081 0.385541 0.387821 0.389937 0.391930 0.393866 0.395836 0.397939 0.400272 0.402920 0.405951 0.409411 0.413323 0.417693 0.422508 0.427745 0.433370 0.439347
0.131034 0.145987 0.159707 0.173541 0.187520 0.201397 0.214928 0.227926 0.240260 0.251848 0.262641 0.272620 0.281792 0.290179 0.297823 0.304780 0.311114 0.316900 0.322216 0.327139 0.331745 0.336097 0.340247 0.344220 0.348020 0.351651 0.355116 0.358419 0.361559 0.364532 0.367331 0.369944 0.372357 0.374561 0.376554 0.378355 0.380013 0.381605 0.383232 0.385002 0.387019 0.389373 0.392138 0.395363 0.399078 0.403291 0.407993 0.413159 0.418755 0.424740
0.103017 0.127717 0.146238 0.162501 0.177775 0.192392 0.206384 0.219695 0.232262 0.244032 0.254974 0.265078 0.274351 0.282821 0.290530 0.297534 0.303900 0.309703 0.315020 0.319932 0.324512 0.328825 0.332924 0.336832 0.340554 0.344092 0.347449 0.350626 0.353621 0.356428 0.359037 0.361434 0.363602 0.365528 0.367210 0.368672 0.369969 0.371187 0.372435 0.373829 0.375479 0.377480 0.379909 0.382824 0.386258 0.390225 0.394720 0.399723 0.405200 0.411109
0.127155 0.131542 0.143880 0.158401 0.173252 0.187808 0.201824 0.215173 0.227777 0.239582 0.250558 0.260691 0.269989 0.278478 0.286196 0.293199 0.299551 0.305326 0.310602 0.315457 0.319967 0.324197 0.328201 0.332005 0.335614 0.339028 0.342249 0.345276 0.348105 0.350729 0.353134 0.355304 0.357218 0.358859 0.360227 0.361344 0.362272 0.363105 0.363958 0.364954 0.366205 0.367812 0.369856 0.372399 0.375482 0.379125 0.383329 0.388078 0.393343 0.399084
0.103879 0.125652 0.142002 0.157091 0.171783 0.186126 0.200004 0.213294 0.225894 0.237732 0.248759 0.258951 0.268307 0.276845 0.284599 0.291621 0.297973 0.303727 0.308961 0.313753 0.318180 0.322308 0.326194 0.329872 0.333346 0.336617 0.339685 0.342548 0.345199 0.347632 0.349829 0.351771 0.353434 0.354800 0.355862 0.356646 0.357217 0.357672 0.358134 0.358727 0.359569 0.360762 0.362391 0.364524 0.367206 0.370466 0.374311 0.378732 0.383703 0.389190
0.117241 0.128291 0.141873 0.156155 0.170617 0.184973 0.198997 0.212508 0.225367 0.237473 0.248760 0.259193 0.268762 0.277480 0.285379 0.292509 0.298931 0.304719 0.309949 0.314705 0.319062 0.323094 0.326858 0.330399 0.333729 0.336847 0.339752 0.342443 0.344913 0.347152 0.349143 0.350864 0.352289 0.353394 0.354173 0.354649 0.354885 0.354985 0.355072 0.355275 0.355713 0.356491 0.357698 0.359404 0.361661 0.364503 0.367943 0.371979 0.376594 0.381755
0.111207 0.123560 0.137182 0.151959 0.167238 0.182512 0.197439 0.211789 0.225405 0.238182 0.250055 0.260992 0.270987 0.280059 0.288244 0.295596 0.302180 0.308072 0.313354 0.318111 0.322425 0.326373 0.330021 0.333419 0.336595 0.339551 0.342287 0.344799 0.347082 0.349126 0.350914 0.352421 0.353621 0.354488 0.355009 0.355204 0.355137 0.354908 0.354646 0.354479 0.354532 0.354909 0.355702 0.356984 0.358810 0.361220 0.364234 0.367854 0.372070 0.376856
0.092241 0.107887 0.125691 0.143820 0.161707 0.179066 0.195700 0.211468 0.226269 0.240041 0.252747 0.264380 0.274953 0.284498 0.293064 0.300712 0.307517 0.313559 0.318925 0.323706 0.327989 0.331859 0.335388 0.338634 0.341640 0.344418 0.346968 0.349289 0.351376 0.353219 0.354801 0.356100 0.357084 0.357727 0.358013 0.357955 0.357613 0.357085 0.356500 0.355990 0.355679 0.355676 0.356073 0.356945 0.358352 0.360335 0.362919 0.366113 0.369910 0.374290
0.057759 0.089964 0.114935 0.137184 0.157943 0.177506 0.195905 0.213115 0.229105 0.243862 0.257387 0.269699 0.280832 0.290834 0.299766 0.307698 0.314711 0.320892 0.326331 0.331124 0.335363 0.339138 0.342529 0.345602 0.348410 0.350981 0.353322 0.355431 0.357303 0.358932 0.360300 0.361385 0.362157 0.362585 0.362650 0.362359 0.361765 0.360963 0.360079 0.359249 0.358597 0.358236 0.358260 0.358745 0.359751 0.361322 0.363487 0.366258 0.369632 0.373594
0.077155 0.095048 0.116691 0.138823 0.160366 0.180893 0.200215 0.218245 0.234949 0.250319 0.264368 0.277123 0.288627 0.298933 0.308107 0.316222 0.323360 0.329611 0.335066 0.339823 0.343976 0.347620 0.350840 0.353710 0.356288 0.358617 0.360715 0.362585 0.364221 0.365616 0.366756 0.367617 0.368171 0.368386 0.368236 0.367724 0.366893 0.365835 0.364672 0.363541 0.362570 0.361873 0.361545 0.361664 0.362291 0.363471 0.365234 0.367593 0.370550 0.374093
0.083190 0.104418 0.126048 0.147797 0.169062 0.189451 0.208747 0.226829 0.243632 0.259125 0.273304 0.286186 0.297803 0.308203 0.317447 0.325603 0.332751 0.338977 0.344371 0.349030 0.353047 0.356519 0.359532 0.362168 0.364490 0.366549 0.368376 0.369980 0.371359 0.372504 0.373401 0.374029 0.374358 0.374355 0.373991 0.373261 0.372202 0.370898 0.369471 0.368055 0.366783 0.365768 0.365109 0.364883 0.365151 0.365959 0.367336 0.369298 0.371848 0.374976
0.088793 0.114770 0.138075 0.159815 0.180548 0.200369 0.219200 0.236935 0.253489 0.268806 0.282859 0.295646 0.307187 0.317520 0.326696 0.334779 0.341843 0.347967 0.353239 0.357752 0.361597 0.364870 0.367659 0.370048 0.372105 0.373888 0.375433 0.376761 0.377874 0.378762 0.379412 0.379802 0.379902 0.379677 0.379097 0.378151 0.376867 0.375326 0.373644 0.371958 0.370399 0.369084 0.368111 0.367556 0.367482 0.367932 0.368936 0.370511 0.372661 0.375378
0.103017 0.127783 0.149256 0.169957 0.190144 0.209635 0.228223 0.245754 0.262125 0.277275 0.291175 0.303821 0.315232 0.325441 0.334498 0.342462 0.349402 0.355396 0.360527 0.364883 0.368555 0.371635 0.374213 0.376371 0.378184 0.379711 0.380995 0.382062 0.382920 0.383563 0.383975 0.384136 0.384013 0.383571 0.382777 0.381615 0.380111 0.378337 0.376411 0.374466 0.372635 0.371034 0.369760 0.368890 0.368484 0.368585 0.369224 0.370416 0.372167 0.374471
0.117672 0.131670 0.151952 0.173386 0.194414 0.214505 0.233453 0.251166 0.267599 0.282738 0.296583 0.309151 0.320472 0.330587 0.339546 0.347411 0.354249 0.360135 0.365152 0.369384 0.372921 0.375851 0.378264 0.380242 0.381862 0.383185 0.384257 0.385108 0.385750 0.386180 0.386384 0.386338 0.386011 0.385365 0.384365 0.382993 0.381273 0.379275 0.377113 0.374921 0.372830 0.370954 0.369390 0.368212 0.367480 0.367235 0.367507 0.368312 0.369656 0.371535
0.075431 0.116888 0.146609 0.171705 0.194362 0.215260 0.234625 0.252550 0.269080 0.284249 0.298087 0.310629 0.321914 0.331987 0.340903 0.348722 0.355513 0.361350 0.366312 0.370483 0.373950 0.376800 0.379120 0.380994 0.382495 0.383688 0.384620 0.385322 0.385808 0.386078 0.386117 0.385901 0.385399 0.384570 0.383379 0.381807 0.379878 0.377662 0.375273 0.372844 0.370502 0.368360 0.366512 0.365030 0.363971 0.363375 0.363272 0.363678 0.364599 0.366035
0.109914 0.127537 0.149554 0.171835 0.193256 0.213507 0.232493 0.250181 0.266562 0.281636 0.295416 0.307925 0.319194 0.329263 0.338184 0.346014 0.352818 0.358669 0.363643 0.367824 0.371294 0.374141 0.376449 0.378300 0.379767 0.380913 0.381785 0.382413 0.382813 0.382983 0.382910 0.382568 0.381924 0.380937 0.379571 0.377809 0.375677 0.373249 0.370640 0.367980 0.365394 0.362992 0.360862 0.359075 0.357685 0.356731 0.356240 0.356230 0.356707 0.357672
0.108190 0.130643 0.150724 0.170473 0.189975 0.208939 0.227095 0.244257 0.260309 0.275186 0.288855 0.301311 0.312565 0.322648 0.331601 0.339475 0.346333 0.352244 0.357281 0.361526 0.365060 0.367968 0.370332 0.372232 0.373739 0.374912 0.375796 0.376420 0.376797 0.376925 0.376788 0.376360 0.375605 0.374481 0.372952 0.371005 0.368672 0.366034 0.363206 0.360319 0.357493 0.354832 0.352423 0.350331 0.348606 0.347286 0.346398 0.345956 0.345971 0.346443
0.109914 0.126305 0.144583 0.163387 0.182168 0.200553 0.218259 0.235087 0.250900 0.265613 0.279178 0.291575 0.302807 0.312895 0.321874 0.329794 0.336711 0.342692 0.347810 0.352142 0.355770 0.358774 0.361236 0.363230 0.364826 0.366077 0.367025 0.367694 0.368095 0.368221 0.368056 0.367570 0.366723 0.365472 0.363783 0.361649 0.359112 0.356259 0.353212 0.350097 0.347033 0.344120 0.341436 0.339043 0.336989 0.335307 0.334022 0.333150 0.332700 0.332674
0.082328 0.108811 0.130911 0.151371 0.170867 0.189495 0.207209 0.223935 0.239608 0.254179 0.267618 0.279914 0.291071 0.301110 0.310066 0.317985 0.324923 0.330945 0.336120 0.340526 0.344240 0.347342 0.349909 0.352012 0.353714 0.355066 0.356101 0.356840 0.357286 0.357432 0.357254 0.356720 0.355785 0.354404 0.352545 0.350213 0.347460 0.344386 0.341116 0.337778 0.334485 0.331331 0.328389 0.325715 0.323353 0.321333 0.319679 0.318406 0.317523 0.317038
0.080172 0.100460 0.121447 0.141642 0.160894 0.179205 0.196555 0.212909 0.228226 0.242472 0.255626 0.267677 0.278631 0.288509 0.297340 0.305170 0.312052 0.318047 0.323224 0.327657 0.331421 0.334592 0.337244 0.339441 0.341242 0.342688 0.343808 0.344615 0.345108 0.345271 0.345078 0.344488 0.343453 0.341926 0.339881 0.337333 0.334353 0.331054 0.327567 0.324017 0.320515 0.317146 0.313979 0.311064 0.308441 0.306137 0.304175 0.302570 0.301336 0.300482
0.081897 0.103458 0.121358 0.138584 0.155585 0.172230 0.188316 0.203677 0.218194 0.231783 0.244391 0.255988 0.266567 0.276135 0.284717 0.292350 0.299081 0.304969 0.310078 0.314478 0.318241 0.321437 0.324136 0.326396 0.328268 0.329786 0.330971 0.331829 0.332352 0.332518 0.332293 0.331630 0.330475 0.328780 0.326528 0.323752 0.320542 0.317025 0.313338 0.309604 0.305928 0.302389 0.299050 0.295955 0.293141 0.290633 0.288455 0.286624 0.285155 0.284060
0.113793 0.116753 0.126706 0.139507 0.153557 0.168037 0.182451 0.196481 0.209917 0.222618 0.234489 0.245473 0.255540 0.264684 0.272916 0.280265 0.286770 0.292483 0.297464 0.301778 0.305492 0.308671 0.311379 0.313668 0.315580 0.317141 0.318366 0.319251 0.319782 0.319931 0.319655 0.318899 0.317604 0.315724 0.313256 0.310253 0.306827 0.303117 0.299265 0.295391 0.291592 0.287942 0.284495 0.281293 0.278368 0.275748 0.273453 0.271500 0.269905 0.268681
0.096983 0.112947 0.125699 0.138311 0.151288 0.164485 0.177648 0.190541 0.202975 0.214807 0.225933 0.236280 0.245807 0.254494 0.262343 0.269374 0.275621 0.281128 0.285951 0.290150 0.293786 0.296923 0.299614 0.301907 0.303834 0.305415 0.306657 0.307551 0.308073 0.308189 0.307848 0.306988 0.305545 0.303481 0.300806 0.297599 0.293992 0.290134 0.286167 0.282207 0.278344 0.274642 0.271151 0.267909 0.264947 0.262286 0.259943 0.257933 0.256269 0.254965
0.098276 0.110021 0.122805 0.135481 0.148090 0.160643 0.173047 0.185166 0.196864 0.208021 0.218541 0.228354 0.237413 0.245696 0.253200 0.259939 0.265943 0.271254 0.275922 0.280005 0.283562 0.286648 0.289314 0.291599 0.293530 0.295121 0.296370 0.297263 0.297771 0.297850 0.297445 0.296486 0.294909 0.292683 0.289838 0.286474 0.282740 0.278791 0.274768 0.270778 0.266902 0.263201 0.259717 0.256484 0.253526 0.250857 0.248493 0.246449 0.244739 0.243380
0.091810 0.109216 0.121565 0.133216 0.144987 0.156868 0.168691 0.180279 0.191483 0.202180 0.212277 0.221705 0.230418 0.238393 0.245627 0.252134 0.257943 0.263093 0.267635 0.271623 0.275114 0.278159 0.280806 0.283087 0.285024 0.286625 0.287884 0.288781 0.289281 0.289337 0.288885 0.287854 0.286181 0.283844 0.280889 0.277434 0.273639 0.269662 0.265637 0.261666 0.257823 0.254159 0.250714 0.247514 0.244575 0.241913 0.239543 0.237481 0.235743 0.234346
0.121983 0.116604 0.122325 0.131661 0.142391 0.153666 0.165051 0.176276 0.187154 0.197550 0.207363 0.216527 0.224997 0.232752 0.239789 0.246124 0.251786 0.256817 0.261265 0.265185 0.268631 0.271653 0.274294 0.276583 0.278537 0.280161 0.281443 0.282358 0.282871 0.282930 0.282468 0.281413 0.279703 0.277325 0.274338 0.270870 0.267085 0.263141 0.259167 0.255257 0.251478 0.247878 0.244492 0.241339 0.238436 0.235799 0.233442 0.231381 0.229632 0.228213
0.080603 0.104878 0.118206 0.129398 0.140452 0.151631 0.162805 0.173791 0.184427 0.194586 0.204176 0.213129 0.221404 0.228981 0.235861 0.242059 0.247605 0.252543 0.256921 0.260793 0.264212 0.267227 0.269876 0.272188 0.274175 0.275838 0.277161 0.278119 0.278674 0.278773 0.278350 0.277332 0.275661 0.273327 0.270394 0.266996 0.263294 0.259443 0.255568 0.251758 0.248076 0.244566 0.241260 0.238178 0.235336 0.232749 0.230432 0.228400 0.226669 0.225256
0.115086 0.113199 0.120560 0.130374 0.140986 0.151869 0.162752 0.173445 0.183797 0.193689 0.203031 0.211760 0.219833 0.227231 0.233954 0.240020 0.245457 0.250309 0.254625 0.258459 0.261861 0.264879 0.267550 0.269897 0.271933 0.273653 0.275039 0.276067 0.276698 0.276882 0.276553 0.275640 0.274088 0.271888 0.269101 0.265855 0.262310 0.258615 0.254890 0.251225 0.247678 0.244293 0.241101 0.238125 0.235382 0.232887 0.230655 0.228700 0.227038 0.225684
0.096552 0.113398 0.124288 0.134306 0.144462 0.154810 0.165197 0.175447 0.185408 0.194955 0.203993 0.212453 0.220291 0.227486 0.234037 0.239957 0.245278 0.250041 0.254295 0.258092 0.261482 0.264510 0.267210 0.269606 0.271705 0.273499 0.274971 0.276097 0.276840 0.277152 0.276972 0.276232 0.274878 0.272897 0.270344 0.267336 0.264022 0.260549 0.257034 0.253568 0.250210 0.247004 0.243982 0.241169 0.238585 0.236248 0.234173 0.232375 0.230868 0.229664
0.122414 0.126018 0.132991 0.141255 0.150327 0.159889 0.169659 0.179400 0.188927 0.198096 0.206802 0.214971 0.222556 0.229533 0.235899 0.241667 0.246866 0.251538 0.255729 0.259491 0.262873 0.265917 0.268657 0.271113 0.273289 0.275175 0.276754 0.278004 0.278893 0.279374 0.279393 0.278885 0.277800 0.276117 0.273880 0.271189 0.268183 0.265002 0.261766 0.258563 0.255461 0.252507 0.249735 0.247173 0.244846 0.242772 0.240970 0.239455 0.238239 0.237331
0.129310 0.134909 0.140865 0.148247 0.156720 0.165823 0.175191 0.184558 0.193733 0.202575 0.210981 0.218882 0.226229 0.232999 0.239190 0.244815 0.249902 0.254490 0.258628 0.262365 0.265748 0.268818 0.271609 0.274138 0.276405 0.278399 0.280106 0.281506 0.282569 0.283254 0.283513 0.283287 0.282526 0.281206 0.279355 0.277054 0.274429 0.271613 0.268724 0.265858 0.263087 0.260465 0.258033 0.255826 0.253870 0.252190 0.250805 0.249729 0.248974 0.248546
0.134052 0.137961 0.145268 0.153712 0.162679 0.171893 0.181162 0.190329 0.199263 0.207855 0.216021 0.223700 0.230849 0.237448 0.243494 0.249002 0.254000 0.258528 0.262631 0.266359 0.269760 0.272872 0.275728 0.278345 0.280718 0.282838 0.284691 0.286261 0.287521 0.288437 0.288965 0.289055 0.288658 0.287748 0.286336 0.284486 0.282305 0.279917 0.277442 0.274979 0.272610 0.270396 0.268388 0.266626 0.265144 0.263970 0.263124 0.262619 0.262464 0.262659
0.120259 0.138438 0.150285 0.160089 0.169340 0.178470 0.187534 0.196464 0.205161 0.213532 0.221498 0.228998 0.235994 0.242464 0.248405 0.253833 0.258774 0.263269 0.267363 0.271106 0.274544 0.277716 0.280655 0.283374 0.285867 0.288126 0.290141 0.291896 0.293370 0.294534 0.295350 0.295775 0.295764 0.295289 0.294349 0.292990 0.291300 0.289391 0.287381 0.285375 0.283461 0.281711 0.280183 0.278927 0.277981 0.277375 0.277131 0.277260 0.277764 0.278636
0.153879 0.157538 0.162968 0.169734 0.177423 0.185672 0.194187 0.202739 0.211155 0.219306 0.227093 0.234449 0.241327 0.247704 0.253577 0.258958 0.263874 0.268365 0.272475 0.276254 0.279749 0.282998 0.286033 0.288866 0.291491 0.293902 0.296088 0.298039 0.299735 0.301154 0.302264 0.303029 0.303409 0.303374 0.302917 0.302066 0.300891 0.299491 0.297977 0.296458 0.295029 0.293769 0.292746 0.292015 0.291619 0.291590 0.291948 0.292701 0.293846 0.295369
0.175431 0.171246 0.173112 0.178102 0.184812 0.192457 0.200557 0.208802 0.216980 0.224940 0.232576 0.239812 0.246599 0.252910 0.258739 0.264097 0.269010 0.273517 0.277663 0.281495 0.285059 0.288397 0.291540 0.294495 0.297259 0.299826 0.302189 0.304337 0.306258 0.307930 0.309330 0.310427 0.311186 0.311579 0.311594 0.311245 0.310586 0.309700 0.308692 0.307667 0.306726 0.305955 0.305427 0.305205 0.305333 0.305845 0.306759 0.308081 0.309801 0.311902
0.159483 0.168665 0.175958 0.183096 0.190556 0.198362 0.206387 0.214476 0.222482 0.230286 0.237788 0.244918 0.251625 0.257881 0.263679 0.269026 0.273949 0.278484 0.282674 0.286568 0.290210 0.293643 0.296896 0.299976 0.302881 0.305605 0.308143 0.310486 0.312624 0.314542 0.316218 0.317629 0.318744 0.319539 0.319996 0.320124 0.319960 0.319573 0.319055 0.318510 0.318038 0.317731 0.317667 0.317911 0.318512 0.319503 0.320902 0.322712 0.324921 0.327507
0.161207 0.172869 0.181487 0.189059 0.196521 0.204151 0.211946 0.219803 0.227603 0.235232 0.242594 0.249616 0.256245 0.262451 0.268221 0.273564 0.278501 0.283068 0.287307 0.291265 0.294988 0.298515 0.301878 0.305081 0.308123 0.310999 0.313705 0.316235 0.318580 0.320727 0.322660 0.324359 0.325800 0.326959 0.327821 0.328385 0.328677 0.328754 0.328695 0.328598 0.328562 0.328678 0.329030 0.329685 0.330694 0.332093 0.333898 0.336110 0.338717 0.341694
0.187500 0.189298 0.192382 0.197107 0.203066 0.209840 0.217102 0.224601 0.232145 0.239586 0.246810 0.253733 0.260294 0.266458 0.272211 0.277556 0.282513 0.287116 0.291407 0.295430 0.299232 0.302852 0.306320 0.309641 0.312813 0.315833 0.318696 0.321399 0.323934 0.326291 0.328457 0.330416 0.332146 0.333628 0.334846 0.335797 0.336497 0.336990 0.337347 0.337655 0.338008 0.338501 0.339215 0.340222 0.341574 0.343307 0.345439 0.347972 0.350891 0.354173
0.205603 0.198571 0.198941 0.202481 0.207762 0.214098 0.221059 0.228346 0.235737 0.243068 0.250214 0.257084 0.263613 0.269764 0.275520 0.280882 0.285871 0.290518 0.294864 0.298955 0.302835 0.306544 0.310112 0.313544 0.316837 0.319989 0.322997 0.325856 0.328563 0.331107 0.333479 0.335665 0.337648 0.339409 0.340934 0.342217 0.343270 0.344127 0.344847 0.345510 0.346204 0.347021 0.348044 0.349344 0.350976 0.352978 0.355369 0.358150 0.361309 0.364821
0.178448 0.190706 0.197402 0.203230 0.209423 0.216156 0.223305 0.230686 0.238129 0.245491 0.252661 0.259552 0.266106 0.272285 0.278075 0.283478 0.288515 0.293217 0.297625 0.301786 0.305744 0.309539 0.313201 0.316734 0.320137 0.323408 0.326544 0.329543 0.332399 0.335106 0.337656 0.340037 0.342233 0.344230 0.346013 0.347576 0.348926 0.350090 0.351119 0.352083 0.353067 0.354158 0.355438 0.356979 0.358837 0.361051 0.363642 0.366611 0.369949 0.373632
0.187931 0.191590 0.196740 0.202772 0.209472 0.216657 0.224148 0.231777 0.239401 0.246900 0.254175 0.261153 0.267782 0.274029 0.279883 0.285349 0.290449 0.295216 0.299692 0.303924 0.307957 0.311832 0.315580 0.319204 0.322704 0.326078 0.329325 0.332441 0.335424 0.338269 0.340967 0.343509 0.345882 0.348072 0.350066 0.351857 0.353450 0.354867 0.356150 0.357365 0.358589 0.359905 0.361395 0.363130 0.365168 0.367547 0.370289 0.373401 0.376870 0.380676
0.190086 0.191223 0.195887 0.202029 0.208994 0.216462 0.224209 0.232060 0.239871 0.247528 0.254937 0.262030 0.268758 0.275094 0.281028 0.286568 0.291738 0.296572 0.301114 0.305412 0.309513 0.313459 0.317280 0.320980 0.324560 0.328019 0.331356 0.334568 0.337653 0.340608 0.343425 0.346096 0.348609 0.350953 0.353114 0.355086 0.356872 0.358489 0.359977 0.361392 0.362809 0.364306 0.365964 0.367853 0.370030 0.372536 0.375393 0.378609 0.382175 0.386070
0.175431 0.187227 0.194573 0.201341 0.208478 0.216057 0.223929 0.231917 0.239867 0.247655 0.255185 0.262386 0.269211 0.275632 0.281642 0.287250 0.292481 0.297373 0.301970 0.306321 0.310474 0.314474 0.318350 0.322108 0.325748 0.329270 0.332673 0.335957 0.339120 0.342157 0.345063 0.347832 0.350451 0.352911 0.355200 0.357310 0.359243 0.361014 0.362659 0.364230 0.365797 0.367436 0.369224 0.371231 0.373515 0.376117 0.379060 0.382353 0.385989 0.389948
0.193103 0.191960 0.195413 0.201068 0.207945 0.215526 0.223480 0.231571 0.239627 0.247515 0.255136 0.262418 0.269313 0.275796 0.281857 0.287510 0.292781 0.297706 0.302335 0.306716 0.310899 0.314930 0.318839 0.322632 0.326308 0.329870 0.333316 0.336647 0.339860 0.342954 0.345922 0.348758 0.351453 0.353996 0.356376 0.358586 0.360626 0.362511 0.364272 0.365960 0.367639 0.369384 0.371270 0.373366 0.375730 0.378403 0.381410 0.384760 0.388446 0.392452
0.182328 0.186707 0.192734 0.199567 0.207005 0.214876 0.222997 0.231197 0.239331 0.247278 0.254945 0.262263 0.269186 0.275687 0.281763 0.287423 0.292698 0.297625 0.302254 0.306637 0.310823 0.314858 0.318775 0.322578 0.326268 0.329846 0.333312 0.336666 0.339907 0.343032 0.346037 0.348916 0.351659 0.354256 0.356697 0.358975 0.361089 0.363054 0.364897 0.366667 0.368427 0.370248 0.372205 0.374366 0.376788 0.379512 0.382566 0.385957 0.389682 0.393724
0.164655 0.181752 0.191207 0.198987 0.206691 0.214633 0.222768 0.230963 0.239083 0.247013 0.254659 0.261953 0.268848 0.275318 0.281360 0.286987 0.292227 0.297121 0.301719 0.306073 0.310236 0.314253 0.318155 0.321947 0.325629 0.329204 0.332671 0.336030 0.339280 0.342418 0.345441 0.348341 0.351111 0.353741 0.356219 0.358540 0.360702 0.362718 0.364616 0.366442 0.368257 0.370131 0.372137 0.374343 0.376806 0.379567 0.382654 0.386077 0.389832 0.393902
0.203017 0.194329 0.195760 0.200789 0.207421 0.214877 0.222750 0.230779 0.238778 0.246609 0.254167 0.261378 0.268193 0.274588 0.280556 0.286113 0.291286 0.296119 0.300662 0.304968 0.309088 0.313071 0.316944 0.320713 0.324376 0.327936 0.331392 0.334745 0.337992 0.341132 0.344160 0.347070 0.349853 0.352499 0.354999 0.357345 0.359537 0.361586 0.363519 0.365380 0.367231 0.369140 0.371179 0.373416 0.375907 0.378695 0.381807 0.385255 0.389034 0.393129
0.179310 0.189013 0.194798 0.200668 0.207307 0.214603 0.222307 0.230185 0.238049 0.245756 0.253199 0.260300 0.267010 0.273304 0.279178 0.284646 0.289739 0.294499 0.298978 0.303230 0.307306 0.311253 0.315097 0.318841 0.322485 0.326029 0.329474 0.332819 0.336062 0.339200 0.342230 0.345144 0.347935 0.350592 0.353105 0.355466 0.357677 0.359746 0.361702 0.363587 0.365461 0.367393 0.369455 0.371712 0.374223 0.377031 0.380163 0.383631 0.387432 0.391551
0.181897 0.186625 0.192401 0.198743 0.205678 0.213102 0.220829 0.228672 0.236469 0.244089 0.251435 0.258436 0.265047 0.271245 0.277029 0.282416 0.287436 0.292136 0.296564 0.300776 0.304822 0.308748 0.312577 0.316310 0.319947 0.323487 0.326931 0.330277 0.333524 0.336668 0.339704 0.342627 0.345428 0.348096 0.350622 0.352997 0.355223 0.357308 0.359281 0.361184 0.363075 0.365024 0.367101 0.369374 0.371900 0.374724 0.377873 0.381360 0.385183 0.389327
0.179741 0.183867 0.189154 0.195527 0.202665 0.210272 0.218110 0.225993 0.233779 0.241357 0.248641 0.255573 0.262113 0.268244 0.273967 0.279303 0.284283 0.288954 0.293365 0.297569 0.301618 0.305554 0.309397 0.313145 0.316799 0.320358 0.323820 0.327186 0.330452 0.333616 0.336672 0.339615 0.342435 0.345121 0.347665 0.350059 0.352302 0.354405 0.356394 0.358313 0.360220 0.362184 0.364275 0.366562 0.369102 0.371940 0.375106 0.378612 0.382458 0.386628
0.171552 0.177613 0.184106 0.191141 0.198624 0.206397 0.214300 0.222194 0.229961 0.237505 0.244750 0.251644 0.258152 0.264259 0.269969 0.275302 0.280291 0.284981 0.289422 0.293666 0.297761 0.301749 0.305642 0.309440 0.313142 0.316748 0.320255 0.323664 0.326971 0.330174 0.333267 0.336244 0.339096 0.341813 0.344385 0.346804 0.349071 0.351196 0.353206 0.355144 0.357068 0.359048 0.361154 0.363455 0.366009 0.368863 0.372046 0.375573 0.379442 0.383639
0.164224 0.172322 0.179805 0.187007 0.194356 0.201942 0.209688 0.217468 0.225158 0.232656 0.239879 0.246770 0.253291 0.259426 0.265178 0.270564 0.275618 0.280383 0.284907 0.289240 0.293429 0.297510 0.301492 0.305375 0.309157 0.312838 0.316418 0.319893 0.323263 0.326524 0.329671 0.332698 0.335596 0.338355 0.340965 0.343419 0.345717 0.347871 0.349906 0.351867 0.353812 0.355810 0.357933 0.360250 0.362820 0.365690 0.368891 0.372439 0.376333 0.380559
0.164224 0.173304 0.178284 0.183642 0.189933 0.196942 0.204375 0.211991 0.219605 0.227083 0.234324 0.241260 0.247847 0.254065 0.259913 0.265408 0.270579 0.275468 0.280121 0.284585 0.288906 0.293115 0.297218 0.301213 0.305101 0.308880 0.312551 0.316112 0.319561 0.322895 0.326110 0.329198 0.332152 0.334962 0.337618 0.340114 0.342449 0.344636 0.346702 0.348689 0.350658 0.352677 0.354818 0.357153 0.359739 0.362627 0.365847 0.369416 0.373334 0.377589
0.193103 0.175725 0.174438 0.178269 0.184153 0.191036 0.198433 0.206056 0.213708 0.221249 0.228575 0.235614 0.242319 0.248667 0.254654 0.260295 0.265619 0.270663 0.275473 0.280093 0.284566 0.288921 0.293158 0.297279 0.301284 0.305172 0.308944 0.312598 0.316133 0.319547 0.322834 0.325988 0.329003 0.331867 0.334572 0.337113 0.339488 0.341710 0.343807 0.345822 0.347815 0.349856 0.352017 0.354368 0.356972 0.359876 0.363114 0.366704 0.370645 0.374925
0.117672 0.149287 0.161895 0.170034 0.177416 0.184900 0.192587 0.200388 0.208181 0.215852 0.223311 0.230488 0.237337 0.243835 0.249976 0.255775 0.261257 0.266460 0.271427 0.276201 0.280823 0.285316 0.289683 0.293925 0.298040 0.302032 0.305898 0.309640 0.313256 0.316743 0.320098 0.323314 0.326384 0.329300 0.332051 0.334632 0.337044 0.339299 0.341425 0.343466 0.345481 0.347542 0.349720 0.352087 0.354706 0.357625 0.360879 0.364485 0.368445 0.372748
0.169397 0.158492 0.160626 0.166206 0.172999 0.180394 0.188126 0.196014 0.203911 0.211697 0.219276 0.226578 0.233556 0.240184 0.246458 0.252388 0.258002 0.263336 0.268430 0.273326 0.278066 0.282670 0.287139 0.291474 0.295677 0.299748 0.303689 0.307499 0.311177 0.314722 0.318129 0.321393 0.324507 0.327461 0.330248 0.332861 0.335301 0.337581 0.339729 0.341790 0.343823 0.345898 0.348090 0.350469 0.353099 0.356029 0.359294 0.362913 0.366888 0.371206
0.146983 0.154599 0.159401 0.164747 0.171082 0.178201 0.185817 0.193682 0.201606 0.209444 0.217088 0.224461 0.231514 0.238218 0.244567 0.250574 0.256262 0.261669 0.266833 0.271799 0.276604 0.281268 0.285793 0.290180 0.294431 0.298546 0.302527 0.306375 0.310087 0.313663 0.317099 0.320389 0.323526 0.326502 0.329308 0.331938 0.334393 0.336687 0.338848 0.340919 0.342961 0.345045 0.347244 0.349630 0.352266 0.355202 0.358473 0.362098 0.366080 0.370407
