0.034572 0.075545 0.046500 0.070528
0.034620 0.075649 0.046615 0.070698
0.034714 0.075850 0.046841 0.071031
0.034851 0.076137 0.047169 0.071515
0.035025 0.076496 0.047588 0.072130
0.035233 0.076906 0.048084 0.072854
0.035467 0.077347 0.048641 0.073660
0.035721 0.077798 0.049245 0.074521
0.035990 0.078237 0.049878 0.075409
0.036269 0.078644 0.050527 0.076295
0.036553 0.079004 0.051179 0.077156
0.036838 0.079300 0.051824 0.077969
0.037122 0.079522 0.052454 0.078715
0.037403 0.079661 0.053061 0.079379
0.037678 0.079709 0.053643 0.079948
0.037947 0.079663 0.054195 0.080415
0.038208 0.079519 0.054718 0.080773
0.038459 0.079275 0.055211 0.081021
0.038700 0.078930 0.055675 0.081155
0.038931 0.078483 0.056111 0.081179
0.039150 0.077933 0.056522 0.081094
0.039356 0.077281 0.056908 0.080902
0.039551 0.076526 0.057272 0.080610
0.039735 0.075669 0.057615 0.080222
0.039908 0.074708 0.057939 0.079745
0.040071 0.073647 0.058246 0.079185
0.040228 0.072485 0.058536 0.078551
0.040379 0.071225 0.058812 0.077853
0.040529 0.069870 0.059077 0.077101
0.040681 0.068423 0.059333 0.076308
0.040840 0.066887 0.059583 0.075487
0.041010 0.065268 0.059830 0.074655
0.041197 0.063571 0.060078 0.073826
0.041408 0.061801 0.060330 0.073020
0.041649 0.059966 0.060589 0.072253
0.041928 0.058072 0.060856 0.071543
0.042252 0.056129 0.061132 0.070909
0.042628 0.054144 0.061416 0.070365
0.043062 0.052129 0.061706 0.069926
0.043560 0.050095 0.061997 0.069605
0.044127 0.048054 0.062286 0.069410
0.044765 0.046019 0.062565 0.069348
0.045474 0.044003 0.062827 0.069425
0.046253 0.042019 0.063065 0.069642
0.047099 0.040081 0.063271 0.069999
0.048006 0.038200 0.063438 0.070495
0.048965 0.036389 0.063559 0.071128
0.049968 0.034658 0.063629 0.071893
0.051002 0.033016 0.063645 0.072789
0.052053 0.031469 0.063604 0.073812
0.053109 0.030024 0.063506 0.074958
0.054152 0.028684 0.063351 0.076226
0.055168 0.027451 0.063143 0.077613
0.056139 0.026327 0.062885 0.079117
0.057048 0.025311 0.062583 0.080739
0.057878 0.024402 0.062242 0.082475
0.058612 0.023599 0.061870 0.084324
0.059234 0.022899 0.061474 0.086284
0.059729 0.022299 0.061060 0.088351
0.060083 0.021795 0.060637 0.090520
0.060286 0.021384 0.060209 0.092785
0.060328 0.021060 0.059783 0.095137
0.060205 0.020819 0.059362 0.097567
0.059916 0.020656 0.058950 0.100062
0.059464 0.020563 0.058548 0.102609
0.058856 0.020536 0.058158 0.105190
0.058102 0.020568 0.057778 0.107789
0.057218 0.020653 0.057408 0.110386
0.056218 0.020783 0.057045 0.112957
0.055124 0.020951 0.056688 0.115479
0.053953 0.021151 0.056335 0.117927
0.052728 0.021374 0.055983 0.120271
0.051468 0.021613 0.055630 0.122483
0.050194 0.021859 0.055273 0.124530
0.048922 0.022104 0.054911 0.126381
0.047671 0.022338 0.054542 0.128002
0.046453 0.022554 0.054163 0.129359
0.045280 0.022741 0.053773 0.130420
0.044162 0.022891 0.053369 0.131155
0.043105 0.022996 0.052948 0.131535
0.042112 0.023049 0.052508 0.131536
0.041184 0.023044 0.052043 0.131141
0.040321 0.022978 0.051551 0.130338
0.039519 0.022850 0.051028 0.129125
0.038774 0.022658 0.050469 0.127510
0.038079 0.022407 0.049872 0.125511
0.037428 0.022100 0.049236 0.123156
0.036817 0.021744 0.048560 0.120486
0.036238 0.021348 0.047847 0.117553
0.035689 0.020921 0.047103 0.114421
0.035168 0.020475 0.046337 0.111161
0.034674 0.020021 0.045563 0.107856
0.034210 0.019573 0.044797 0.104592
0.033780 0.019144 0.044058 0.101463
0.033391 0.018747 0.043367 0.098562
0.033050 0.018394 0.042747 0.095978
0.032765 0.018096 0.042220 0.093796
0.032543 0.017864 0.041805 0.092090
0.032391 0.017704 0.041518 0.090917
0.032314 0.017623 0.041372 0.090320
