0.045484 0.028514 0.010746 0.000001 0.000001 0.000001 0.000001 0.000001 0.000001 0.000001 0.000001 0.000001 0.000001 0.000001 0.000001 0.000001 0.000001 0.000001 0.000001 0.000001 0.000001 0.000001 0.000001 0.000001 0.000001 0.000001 0.000001 0.000001 0.000001 0.000001 0.000001 0.000001 0.000001 0.000001 0.000001 0.000001 0.000001 0.000001 0.000001 0.000001 0.000001 0.000001 0.000001 0.000001 0.000001 0.000001 0.000001 0.000001 0.000001 0.000001
0.045153 0.028144 0.010300 0.000001 0.000001 0.000001 0.000001 0.000001 0.000001 0.000001 0.000001 0.000001 0.000001 0.000001 0.000001 0.000001 0.000001 0.000001 0.000001 0.000001 0.000001 0.000001 0.000001 0.000001 0.000001 0.000001 0.000001 0.000001 0.000001 0.000001 0.000001 0.000001 0.000001 0.000001 0.000001 0.000001 0.000001 0.000001 0.000001 0.000001 0.000001 0.000001 0.000001 0.000001 0.000001 0.000001 0.000001 0.000001 0.000001 0.000001
0.045508 0.028262 0.010210 0.000001 0.000001 0.000001 0.000001 0.000001 0.000001 0.000001 0.000001 0.000001 0.000001 0.000001 0.000001 0.000001 0.000001 0.000001 0.000001 0.000001 0.000001 0.000001 0.000001 0.000001 0.000001 0.000001 0.000001 0.000001 0.000001 0.000001 0.000001 0.000001 0.000001 0.000001 0.000001 0.000001 0.000001 0.000001 0.000001 0.000001 0.000001 0.000001 0.000001 0.000001 0.000001 0.000001 0.000001 0.000001 0.000001 0.000001
0.048985 0.030273 0.011262 0.000001 0.000001 0.000001 0.000001 0.000001 0.000001 0.000001 0.000001 0.000001 0.000001 0.000001 0.000001 0.000001 0.000001 0.000001 0.000001 0.000001 0.000001 0.000001 0.000001 0.000001 0.000001 0.000001 0.000001 0.000001 0.000001 0.000001 0.000001 0.000001 0.000001 0.000001 0.000001 0.000001 0.000001 0.000001 0.000001 0.000001 0.000001 0.000001 0.000001 0.000001 0.000001 0.000001 0.000001 0.000001 0.000001 0.000001
0.050040 0.031301 0.012213 0.000001 0.000001 0.000001 0.000001 0.000001 0.000001 0.000001 0.000001 0.000001 0.000001 0.000001 0.000001 0.000001 0.000001 0.000001 0.000001 0.000001 0.000001 0.000001 0.000001 0.000001 0.000001 0.000001 0.000001 0.000001 0.000001 0.000001 0.000001 0.000001 0.000001 0.000001 0.000001 0.000001 0.000001 0.000001 0.000001 0.000001 0.000001 0.000001 0.000001 0.000001 0.000001 0.000001 0.000001 0.000001 0.000001 0.000001
0.049578 0.031887 0.013027 0.000001 0.000001 0.000001 0.000001 0.000001 0.000001 0.000001 0.000001 0.000001 0.000001 0.000001 0.000001 0.000001 0.000001 0.000001 0.000001 0.000001 0.000001 0.000001 0.000001 0.000001 0.000001 0.000001 0.000001 0.000001 0.000001 0.000001 0.000001 0.000001 0.000001 0.000001 0.000001 0.000001 0.000001 0.000001 0.000001 0.000001 0.000001 0.000001 0.000001 0.000001 0.000001 0.000001 0.000001 0.000001 0.000001 0.000001
0.051758 0.033210 0.013922 0.000001 0.000001 0.000001 0.000001 0.000001 0.000001 0.000001 0.000001 0.000001 0.000001 0.000001 0.000001 0.000001 0.000001 0.000001 0.000001 0.000001 0.000001 0.000001 0.000001 0.000001 0.000001 0.000001 0.000001 0.000001 0.000001 0.000001 0.000001 0.000001 0.000001 0.000001 0.000001 0.000001 0.000001 0.000001 0.000001 0.000001 0.000001 0.000001 0.000001 0.000001 0.000001 0.000001 0.000001 0.000001 0.000001 0.000001
0.053471 0.034117 0.014337 0.000001 0.000001 0.000001 0.000001 0.000001 0.000001 0.000001 0.000001 0.000001 0.000001 0.000001 0.000001 0.000001 0.000001 0.000001 0.000001 0.000001 0.000001 0.000001 0.000001 0.000001 0.000001 0.000001 0.000001 0.000001 0.000001 0.000001 0.000001 0.000001 0.000001 0.000001 0.000001 0.000001 0.000001 0.000001 0.000001 0.000001 0.000001 0.000001 0.000001 0.000001 0.000001 0.000001 0.000001 0.000001 0.000001 0.000001
0.052815 0.033804 0.014166 0.000001 0.000001 0.000001 0.000001 0.000001 0.000001 0.000001 0.000001 0.000001 0.000001 0.000001 0.000001 0.000001 0.000001 0.000001 0.000001 0.000001 0.000001 0.000001 0.000001 0.000001 0.000001 0.000001 0.000001 0.000001 0.000001 0.000001 0.000001 0.000001 0.000001 0.000001 0.000001 0.000001 0.000001 0.000001 0.000001 0.000001 0.000001 0.000001 0.000001 0.000001 0.000001 0.000001 0.000001 0.000001 0.000001 0.000001
0.053759 0.034426 0.014492 0.000001 0.000001 0.000001 0.000001 0.000001 0.000001 0.000001 0.000001 0.000001 0.000001 0.000001 0.000001 0.000001 0.000001 0.000001 0.000001 0.000001 0.000001 0.000001 0.000001 0.000001 0.000001 0.000001 0.000001 0.000001 0.000001 0.000001 0.000001 0.000001 0.000001 0.000001 0.000001 0.000001 0.000001 0.000001 0.000001 0.000001 0.000001 0.000001 0.000001 0.000001 0.000001 0.000001 0.000001 0.000001 0.000001 0.000001
0.053575 0.034663 0.014994 0.000001 0.000001 0.000001 0.000001 0.000001 0.000001 0.000001 0.000001 0.000001 0.000001 0.000001 0.000001 0.000001 0.000001 0.000001 0.000001 0.000001 0.000001 0.000001 0.000001 0.000001 0.000001 0.000001 0.000001 0.000001 0.000001 0.000001 0.000001 0.000001 0.000001 0.000001 0.000001 0.000001 0.000001 0.000001 0.000001 0.000001 0.000001 0.000001 0.000001 0.000001 0.000001 0.000001 0.000001 0.000001 0.000001 0.000001
0.055949 0.036166 0.016052 0.000001 0.000001 0.000001 0.000001 0.000001 0.000001 0.000001 0.000001 0.000001 0.000001 0.000001 0.000001 0.000001 0.000001 0.000001 0.000001 0.000001 0.000001 0.000001 0.000001 0.000001 0.000001 0.000001 0.000001 0.000001 0.000001 0.000001 0.000001 0.000001 0.000001 0.000001 0.000001 0.000001 0.000001 0.000001 0.000001 0.000001 0.000001 0.000001 0.000001 0.000001 0.000001 0.000001 0.000001 0.000001 0.000001 0.000001
0.054148 0.035933 0.016501 0.000001 0.000001 0.000001 0.000001 0.000001 0.000001 0.000001 0.000001 0.000001 0.000001 0.000001 0.000001 0.000001 0.000001 0.000001 0.000001 0.000001 0.000001 0.000001 0.000001 0.000001 0.000001 0.000001 0.000001 0.000001 0.000001 0.000001 0.000001 0.000001 0.000001 0.000001 0.000001 0.000001 0.000001 0.000001 0.000001 0.000001 0.000001 0.000001 0.000001 0.000001 0.000001 0.000001 0.000001 0.000001 0.000001 0.000001
0.056826 0.037210 0.017494 0.000001 0.000001 0.000001 0.000001 0.000001 0.000001 0.000001 0.000001 0.000001 0.000001 0.000001 0.000001 0.000001 0.000001 0.000001 0.000001 0.000001 0.000001 0.000001 0.000001 0.000001 0.000001 0.000001 0.000001 0.000001 0.000001 0.000001 0.000001 0.000001 0.000001 0.000001 0.000001 0.000001 0.000001 0.000001 0.000001 0.000001 0.000001 0.000001 0.000001 0.000001 0.000001 0.000001 0.000001 0.000001 0.000001 0.000001
0.056496 0.038313 0.018752 0.000001 0.000001 0.000001 0.000001 0.000001 0.000001 0.000001 0.000001 0.000001 0.000001 0.000001 0.000001 0.000001 0.000001 0.000001 0.000001 0.000001 0.000001 0.000001 0.000001 0.000001 0.000001 0.000001 0.000001 0.000001 0.000001 0.000001 0.000001 0.000001 0.000001 0.000001 0.000001 0.000001 0.000001 0.000001 0.000001 0.000001 0.000001 0.000001 0.000001 0.000001 0.000001 0.000001 0.000001 0.000001 0.000001 0.000001
0.060655 0.040284 0.020020 0.000001 0.000001 0.000001 0.000001 0.000001 0.000001 0.000001 0.000001 0.000001 0.000001 0.000001 0.000001 0.000001 0.000001 0.000001 0.000001 0.000001 0.000001 0.000001 0.000001 0.000001 0.000001 0.000001 0.000001 0.000001 0.000001 0.000001 0.000001 0.000001 0.000001 0.000001 0.000001 0.000001 0.000001 0.000001 0.000001 0.000001 0.000001 0.000001 0.000001 0.000001 0.000001 0.000001 0.000001 0.000001 0.000001 0.000001
0.059401 0.039924 0.020220 0.000001 0.000001 0.000001 0.000001 0.000001 0.000001 0.000001 0.000001 0.000001 0.000001 0.000001 0.000001 0.000001 0.000001 0.000001 0.000001 0.000001 0.000001 0.000001 0.000001 0.000001 0.000001 0.000001 0.000001 0.000001 0.000001 0.000001 0.000001 0.000001 0.000001 0.000001 0.000001 0.000001 0.000001 0.000001 0.000001 0.000001 0.000001 0.000001 0.000001 0.000001 0.000001 0.000001 0.000001 0.000001 0.000001 0.000001
0.057034 0.039445 0.020406 0.000001 0.000001 0.000001 0.000001 0.000001 0.000001 0.000001 0.000001 0.000001 0.000001 0.000001 0.000001 0.000001 0.000001 0.000001 0.000001 0.000001 0.000001 0.000001 0.000001 0.000001 0.000001 0.000001 0.000001 0.000001 0.000001 0.000001 0.000001 0.000001 0.000001 0.000001 0.000001 0.000001 0.000001 0.000001 0.000001 0.000001 0.000001 0.000001 0.000001 0.000001 0.000001 0.000001 0.000001 0.000001 0.000001 0.000001
0.060265 0.040724 0.021185 0.000388 0.000001 0.000001 0.000001 0.000001 0.000001 0.000001 0.000001 0.000001 0.000001 0.000001 0.000001 0.000001 0.000001 0.000001 0.000001 0.000001 0.000001 0.000001 0.000001 0.000001 0.000001 0.000001 0.000001 0.000001 0.000001 0.000001 0.000001 0.000001 0.000001 0.000001 0.000001 0.000001 0.000001 0.000001 0.000001 0.000001 0.000001 0.000001 0.000001 0.000001 0.000001 0.000001 0.000001 0.000001 0.000001 0.000001
0.059342 0.040592 0.021629 0.001236 0.000001 0.000001 0.000001 0.000001 0.000001 0.000001 0.000001 0.000001 0.000001 0.000001 0.000001 0.000001 0.000001 0.000001 0.000001 0.000001 0.000001 0.000001 0.000001 0.000001 0.000001 0.000001 0.000001 0.000001 0.000001 0.000001 0.000001 0.000001 0.000001 0.000001 0.000001 0.000001 0.000001 0.000001 0.000001 0.000001 0.000001 0.000001 0.000001 0.000001 0.000001 0.000001 0.000001 0.000001 0.000001 0.000001
0.058807 0.041375 0.022769 0.002583 0.000001 0.000001 0.000001 0.000001 0.000001 0.000001 0.000001 0.000001 0.000001 0.000001 0.000001 0.000001 0.000001 0.000001 0.000001 0.000001 0.000001 0.000001 0.000001 0.000001 0.000001 0.000001 0.000001 0.000001 0.000001 0.000001 0.000001 0.000001 0.000001 0.000001 0.000001 0.000001 0.000001 0.000001 0.000001 0.000001 0.000001 0.000001 0.000001 0.000001 0.000001 0.000001 0.000001 0.000001 0.000001 0.000001
0.062921 0.043548 0.024409 0.004147 0.000001 0.000001 0.000001 0.000001 0.000001 0.000001 0.000001 0.000001 0.000001 0.000001 0.000001 0.000001 0.000001 0.000001 0.000001 0.000001 0.000001 0.000001 0.000001 0.000001 0.000001 0.000001 0.000001 0.000001 0.000001 0.000001 0.000001 0.000001 0.000001 0.000001 0.000001 0.000001 0.000001 0.000001 0.000001 0.000001 0.000001 0.000001 0.000001 0.000001 0.000001 0.000001 0.000001 0.000001 0.000001 0.000001
0.061839 0.043594 0.024994 0.005127 0.000001 0.000001 0.000001 0.000001 0.000001 0.000001 0.000001 0.000001 0.000001 0.000001 0.000001 0.000001 0.000001 0.000001 0.000001 0.000001 0.000001 0.000001 0.000001 0.000001 0.000001 0.000001 0.000001 0.000001 0.000001 0.000001 0.000001 0.000001 0.000001 0.000001 0.000001 0.000001 0.000001 0.000001 0.000001 0.000001 0.000001 0.000001 0.000001 0.000001 0.000001 0.000001 0.000001 0.000001 0.000001 0.000001
0.060343 0.042983 0.025086 0.005804 0.000001 0.000001 0.000001 0.000001 0.000001 0.000001 0.000001 0.000001 0.000001 0.000001 0.000001 0.000001 0.000001 0.000001 0.000001 0.000001 0.000001 0.000001 0.000001 0.000001 0.000001 0.000001 0.000001 0.000001 0.000001 0.000001 0.000001 0.000001 0.000001 0.000001 0.000001 0.000001 0.000001 0.000001 0.000001 0.000001 0.000001 0.000001 0.000001 0.000001 0.000001 0.000001 0.000001 0.000001 0.000001 0.000001
0.060484 0.043558 0.026002 0.007081 0.000001 0.000001 0.000001 0.000001 0.000001 0.000001 0.000001 0.000001 0.000001 0.000001 0.000001 0.000001 0.000001 0.000001 0.000001 0.000001 0.000001 0.000001 0.000001 0.000001 0.000001 0.000001 0.000001 0.000001 0.000001 0.000001 0.000001 0.000001 0.000001 0.000001 0.000001 0.000001 0.000001 0.000001 0.000001 0.000001 0.000001 0.000001 0.000001 0.000001 0.000001 0.000001 0.000001 0.000001 0.000001 0.000001
0.064430 0.046145 0.028155 0.009242 0.000001 0.000001 0.000001 0.000001 0.000001 0.000001 0.000001 0.000001 0.000001 0.000001 0.000001 0.000001 0.000001 0.000001 0.000001 0.000001 0.000001 0.000001 0.000001 0.000001 0.000001 0.000001 0.000001 0.000001 0.000001 0.000001 0.000001 0.000001 0.000001 0.000001 0.000001 0.000001 0.000001 0.000001 0.000001 0.000001 0.000001 0.000001 0.000001 0.000001 0.000001 0.000001 0.000001 0.000001 0.000001 0.000001
0.065035 0.047621 0.030033 0.011489 0.000001 0.000001 0.000001 0.000001 0.000001 0.000001 0.000001 0.000001 0.000001 0.000001 0.000001 0.000001 0.000001 0.000001 0.000001 0.000001 0.000001 0.000001 0.000001 0.000001 0.000001 0.000001 0.000001 0.000001 0.000001 0.000001 0.000001 0.000001 0.000001 0.000001 0.000001 0.000001 0.000001 0.000001 0.000001 0.000001 0.000001 0.000001 0.000001 0.000001 0.000001 0.000001 0.000001 0.000001 0.000001 0.000001
0.064579 0.047931 0.031196 0.013368 0.000001 0.000001 0.000001 0.000001 0.000001 0.000001 0.000001 0.000001 0.000001 0.000001 0.000001 0.000001 0.000001 0.000001 0.000001 0.000001 0.000001 0.000001 0.000001 0.000001 0.000001 0.000001 0.000001 0.000001 0.000001 0.000001 0.000001 0.000001 0.000001 0.000001 0.000001 0.000001 0.000001 0.000001 0.000001 0.000001 0.000001 0.000001 0.000001 0.000001 0.000001 0.000001 0.000001 0.000001 0.000001 0.000001
0.064427 0.048561 0.032330 0.015099 0.000001 0.000001 0.000001 0.000001 0.000001 0.000001 0.000001 0.000001 0.000001 0.000001 0.000001 0.000001 0.000001 0.000001 0.000001 0.000001 0.000001 0.000001 0.000001 0.000001 0.000001 0.000001 0.000001 0.000001 0.000001 0.000001 0.000001 0.000001 0.000001 0.000001 0.000001 0.000001 0.000001 0.000001 0.000001 0.000001 0.000001 0.000001 0.000001 0.000001 0.000001 0.000001 0.000001 0.000001 0.000001 0.000001
0.065294 0.049127 0.033385 0.016765 0.000001 0.000001 0.000001 0.000001 0.000001 0.000001 0.000001 0.000001 0.000001 0.000001 0.000001 0.000001 0.000001 0.000001 0.000001 0.000001 0.000001 0.000001 0.000001 0.000001 0.000001 0.000001 0.000001 0.000001 0.000001 0.000001 0.000001 0.000001 0.000001 0.000001 0.000001 0.000001 0.000001 0.000001 0.000001 0.000001 0.000001 0.000001 0.000001 0.000001 0.000001 0.000001 0.000001 0.000001 0.000001 0.000001
0.064495 0.049809 0.034615 0.018527 0.001253 0.000001 0.000001 0.000001 0.000001 0.000001 0.000001 0.000001 0.000001 0.000001 0.000001 0.000001 0.000001 0.000001 0.000001 0.000001 0.000001 0.000001 0.000001 0.000001 0.000001 0.000001 0.000001 0.000001 0.000001 0.000001 0.000001 0.000001 0.000001 0.000001 0.000001 0.000001 0.000001 0.000001 0.000001 0.000001 0.000001 0.000001 0.000001 0.000001 0.000001 0.000001 0.000001 0.000001 0.000001 0.000001
0.066233 0.050762 0.035895 0.020347 0.003722 0.000001 0.000001 0.000001 0.000001 0.000001 0.000001 0.000001 0.000001 0.000001 0.000001 0.000001 0.000001 0.000001 0.000001 0.000001 0.000001 0.000001 0.000001 0.000001 0.000001 0.000001 0.000001 0.000001 0.000001 0.000001 0.000001 0.000001 0.000001 0.000001 0.000001 0.000001 0.000001 0.000001 0.000001 0.000001 0.000001 0.000001 0.000001 0.000001 0.000001 0.000001 0.000001 0.000001 0.000001 0.000001
0.066409 0.051679 0.037252 0.022241 0.006280 0.000001 0.000001 0.000001 0.000001 0.000001 0.000001 0.000001 0.000001 0.000001 0.000001 0.000001 0.000001 0.000001 0.000001 0.000001 0.000001 0.000001 0.000001 0.000001 0.000001 0.000001 0.000001 0.000001 0.000001 0.000001 0.000001 0.000001 0.000001 0.000001 0.000001 0.000001 0.000001 0.000001 0.000001 0.000001 0.000001 0.000001 0.000001 0.000001 0.000001 0.000001 0.000001 0.000001 0.000001 0.000001
0.065269 0.051870 0.038337 0.024071 0.008880 0.000001 0.000001 0.000001 0.000001 0.000001 0.000001 0.000001 0.000001 0.000001 0.000001 0.000001 0.000001 0.000001 0.000001 0.000001 0.000001 0.000001 0.000001 0.000001 0.000001 0.000001 0.000001 0.000001 0.000001 0.000001 0.000001 0.000001 0.000001 0.000001 0.000001 0.000001 0.000001 0.000001 0.000001 0.000001 0.000001 0.000001 0.000001 0.000001 0.000001 0.000001 0.000001 0.000001 0.000001 0.000001
0.066548 0.052874 0.039710 0.026064 0.011642 0.000001 0.000001 0.000001 0.000001 0.000001 0.000001 0.000001 0.000001 0.000001 0.000001 0.000001 0.000001 0.000001 0.000001 0.000001 0.000001 0.000001 0.000001 0.000001 0.000001 0.000001 0.000001 0.000001 0.000001 0.000001 0.000001 0.000001 0.000001 0.000001 0.000001 0.000001 0.000001 0.000001 0.000001 0.000001 0.000001 0.000001 0.000001 0.000001 0.000001 0.000001 0.000001 0.000001 0.000001 0.000001
0.067160 0.053964 0.041336 0.028332 0.014687 0.000220 0.000001 0.000001 0.000001 0.000001 0.000001 0.000001 0.000001 0.000001 0.000001 0.000001 0.000001 0.000001 0.000001 0.000001 0.000001 0.000001 0.000001 0.000001 0.000001 0.000001 0.000001 0.000001 0.000001 0.000001 0.000001 0.000001 0.000001 0.000001 0.000001 0.000001 0.000001 0.000001 0.000001 0.000001 0.000001 0.000001 0.000001 0.000001 0.000001 0.000001 0.000001 0.000001 0.000001 0.000001
0.067433 0.055130 0.043140 0.030818 0.017988 0.004349 0.000001 0.000001 0.000001 0.000001 0.000001 0.000001 0.000001 0.000001 0.000001 0.000001 0.000001 0.000001 0.000001 0.000001 0.000001 0.000001 0.000001 0.000001 0.000001 0.000001 0.000001 0.000001 0.000001 0.000001 0.000001 0.000001 0.000001 0.000001 0.000001 0.000001 0.000001 0.000001 0.000001 0.000001 0.000001 0.000001 0.000001 0.000001 0.000001 0.000001 0.000001 0.000001 0.000001 0.000001
0.069074 0.056305 0.044824 0.033289 0.021390 0.008831 0.000001 0.000001 0.000001 0.000001 0.000001 0.000001 0.000001 0.000001 0.000001 0.000001 0.000001 0.000001 0.000001 0.000001 0.000001 0.000001 0.000001 0.000001 0.000001 0.000001 0.000001 0.000001 0.000001 0.000001 0.000001 0.000001 0.000001 0.000001 0.000001 0.000001 0.000001 0.000001 0.000001 0.000001 0.000001 0.000001 0.000001 0.000001 0.000001 0.000001 0.000001 0.000001 0.000001 0.000001
0.066086 0.056129 0.046120 0.035700 0.024871 0.013478 0.001538 0.000001 0.000001 0.000001 0.000001 0.000001 0.000001 0.000001 0.000001 0.000001 0.000001 0.000001 0.000001 0.000001 0.000001 0.000001 0.000001 0.000001 0.000001 0.000001 0.000001 0.000001 0.000001 0.000001 0.000001 0.000001 0.000001 0.000001 0.000001 0.000001 0.000001 0.000001 0.000001 0.000001 0.000001 0.000001 0.000001 0.000001 0.000001 0.000001 0.000001 0.000001 0.000001 0.000001
0.068660 0.057916 0.048225 0.038514 0.028613 0.018345 0.007485 0.000001 0.000001 0.000001 0.000001 0.000001 0.000001 0.000001 0.000001 0.000001 0.000001 0.000001 0.000001 0.000001 0.000001 0.000001 0.000001 0.000001 0.000001 0.000001 0.000001 0.000001 0.000001 0.000001 0.000001 0.000001 0.000001 0.000001 0.000001 0.000001 0.000001 0.000001 0.000001 0.000001 0.000001 0.000001 0.000001 0.000001 0.000001 0.000001 0.000001 0.000001 0.000001 0.000001
0.069594 0.059603 0.050510 0.041535 0.032552 0.023403 0.013890 0.004059 0.000001 0.000001 0.000001 0.000001 0.000001 0.000001 0.000001 0.000001 0.000001 0.000001 0.000001 0.000001 0.000001 0.000001 0.000001 0.000001 0.000001 0.000001 0.000001 0.000001 0.000001 0.000001 0.000001 0.000001 0.000001 0.000001 0.000001 0.000001 0.000001 0.000001 0.000001 0.000001 0.000001 0.000001 0.000001 0.000001 0.000001 0.000001 0.000001 0.000001 0.000001 0.000001
0.070440 0.060919 0.052634 0.044551 0.036571 0.028583 0.020443 0.011978 0.003751 0.000001 0.000001 0.000001 0.000001 0.000001 0.000001 0.000001 0.000001 0.000001 0.000001 0.000001 0.000001 0.000001 0.000001 0.000001 0.000001 0.000001 0.000001 0.000001 0.000001 0.000001 0.000001 0.000001 0.000001 0.000001 0.000001 0.000001 0.000001 0.000001 0.000001 0.000001 0.000001 0.000001 0.000001 0.000001 0.000001 0.000001 0.000001 0.000001 0.000001 0.000001
0.070710 0.062279 0.054824 0.047635 0.040665 0.033840 0.027062 0.020204 0.013174 0.006501 0.001507 0.000001 0.000001 0.000001 0.000001 0.000001 0.000001 0.000001 0.000001 0.000001 0.000001 0.000001 0.000001 0.000001 0.000001 0.000001 0.000001 0.000001 0.000001 0.000001 0.000001 0.000001 0.000001 0.000001 0.000001 0.000001 0.000001 0.000001 0.000001 0.000001 0.000001 0.000001 0.000001 0.000001 0.000001 0.000001 0.000001 0.000001 0.000001 0.000001
0.072056 0.063783 0.057051 0.050732 0.044746 0.039052 0.033595 0.028301 0.023072 0.017830 0.012883 0.008754 0.006015 0.004163 0.002886 0.001994 0.001361 0.000902 0.000563 0.000304 0.000101 0.000001 0.000001 0.000001 0.000001 0.000001 0.000001 0.000001 0.000001 0.000001 0.000001 0.000001 0.000001 0.000001 0.000001 0.000001 0.000001 0.000001 0.000029 0.000117 0.000253 0.000432 0.000655 0.000925 0.001245 0.001619 0.002053 0.002551 0.003120 0.003765
0.072166 0.065073 0.059133 0.053642 0.048596 0.043991 0.039806 0.036012 0.032522 0.029241 0.026198 0.023522 0.021456 0.020051 0.019172 0.018675 0.018452 0.018432 0.018564 0.018814 0.019160 0.019591 0.020125 0.020741 0.021425 0.022167 0.022966 0.023820 0.024727 0.025690 0.026709 0.027785 0.028920 0.030116 0.031376 0.032702 0.034097 0.035563 0.037107 0.038746 0.040491 0.042350 0.044329 0.046436 0.048677 0.051062 0.053600 0.056300 0.059172 0.062226
0.073366 0.066195 0.060794 0.056089 0.051970 0.048431 0.045474 0.043107 0.041247 0.039871 0.038996 0.038605 0.038631 0.038961 0.039480 0.040158 0.040985 0.041952 0.043051 0.044275 0.045620 0.047082 0.048664 0.050372 0.052204 0.054160 0.056240 0.058444 0.060775 0.063236 0.065831 0.068562 0.071436 0.074456 0.077629 0.080959 0.084453 0.088118 0.091960 0.095989 0.100218 0.104659 0.109323 0.114222 0.119369 0.124775 0.130454 0.136419 0.142684 0.149263
0.072432 0.066376 0.061844 0.058021 0.054830 0.052312 0.050510 0.049463 0.049112 0.049490 0.050593 0.052205 0.054044 0.055827 0.057610 0.059461 0.061415 0.063491 0.065701 0.068054 0.070556 0.073214 0.076032 0.079019 0.082182 0.085526 0.089058 0.092784 0.096710 0.100844 0.105192 0.109762 0.114563 0.119604 0.124893 0.130440 0.136256 0.142350 0.148733 0.155418 0.162416 0.169743 0.177412 0.185440 0.193841 0.202631 0.211828 0.221446 0.231504 0.242018
0.072301 0.066807 0.062906 0.059783 0.057363 0.055722 0.054936 0.055065 0.056070 0.057987 0.060581 0.063272 0.066022 0.068854 0.071751 0.074729 0.077810 0.081017 0.084366 0.087873 0.091553 0.095417 0.099476 0.103743 0.108228 0.112943 0.117899 0.123107 0.128577 0.134322 0.140352 0.146680 0.153318 0.160278 0.167573 0.175218 0.183225 0.191610 0.200386 0.209569 0.219175 0.229220 0.239722 0.250699 0.262168 0.274148 0.286660 0.299722 0.313354 0.327577
0.073235 0.067926 0.064171 0.061444 0.059588 0.058663 0.058746 0.059903 0.062099 0.065153 0.068389 0.071763 0.075263 0.078896 0.082664 0.086570 0.090622 0.094834 0.099219 0.103793 0.108569 0.113564 0.118790 0.124262 0.129995 0.136002 0.142299 0.148899 0.155817 0.163069 0.170670 0.178635 0.186980 0.195721 0.204876 0.214460 0.224492 0.234989 0.245969 0.257452 0.269456 0.282001 0.295107 0.308794 0.323083 0.337996 0.353555 0.369781 0.386698 0.404326
0.074512 0.068520 0.064863 0.062572 0.061273 0.061014 0.061883 0.063962 0.067134 0.070678 0.074394 0.078283 0.082350 0.086599 0.091034 0.095661 0.100486 0.105518 0.110767 0.116247 0.121970 0.127951 0.134204 0.140746 0.147591 0.154755 0.162256 0.170110 0.178335 0.186947 0.195966 0.205409 0.215296 0.225645 0.236477 0.247811 0.259668 0.272068 0.285034 0.298587 0.312749 0.327542 0.342989 0.359114 0.375939 0.393489 0.411788 0.430859 0.450728 0.471418
0.071763 0.067546 0.064676 0.063053 0.062376 0.062774 0.064376 0.067285 0.070986 0.074875 0.078960 0.083247 0.087744 0.092459 0.097399 0.102573 0.107989 0.113657 0.119586 0.125790 0.132280 0.139071 0.146177 0.153615 0.161401 0.169551 0.178084 0.187017 0.196371 0.206164 0.216417 0.227149 0.238383 0.250139 0.262441 0.275310 0.288769 0.302842 0.317553 0.332926 0.348986 0.365758 0.383266 0.401536 0.420595 0.440467 0.461179 0.482758 0.505228 0.528617
0.071897 0.067307 0.064557 0.063349 0.063173 0.064137 0.066377 0.069923 0.073874 0.078026 0.082389 0.086974 0.091791 0.096852 0.102166 0.107746 0.113602 0.119745 0.126189 0.132945 0.140027 0.147450 0.155230 0.163382 0.171924 0.180874 0.190251 0.200074 0.210363 0.221140 0.232425 0.244241 0.256612 0.269560 0.283109 0.297284 0.312110 0.327612 0.343817 0.360751 0.378440 0.396912 0.416193 0.436312 0.457295 0.479171 0.501968 0.525712 0.550432 0.576155
0.071435 0.067171 0.064581 0.063660 0.063872 0.065287 0.068047 0.071902 0.076021 0.080352 0.084908 0.089701 0.094745 0.100051 0.105633 0.111503 0.117675 0.124163 0.130979 0.138140 0.145661 0.153556 0.161843 0.170539 0.179663 0.189233 0.199270 0.209793 0.220825 0.232388 0.244504 0.257198 0.270492 0.284413 0.298987 0.314238 0.330194 0.346882 0.364329 0.382565 0.401617 0.421513 0.442284 0.463958 0.486564 0.510131 0.534690 0.560268 0.586895 0.614600
0.071520 0.067196 0.064718 0.064001 0.064515 0.066274 0.069417 0.073343 0.077550 0.081984 0.086657 0.091583 0.096773 0.102242 0.108003 0.114071 0.120459 0.127184 0.134261 0.141706 0.149535 0.157767 0.166420 0.175511 0.185061 0.195091 0.205621 0.216672 0.228269 0.240434 0.253191 0.266566 0.280584 0.295271 0.310655 0.326762 0.343622 0.361262 0.379713 0.399002 0.419162 0.440221 0.462209 0.485159 0.509100 0.534062 0.560077 0.587175 0.615385 0.644738
0.070764 0.067167 0.064895 0.064285 0.065002 0.066998 0.070330 0.074240 0.078481 0.082963 0.087698 0.092697 0.097973 0.103540 0.109412 0.115603 0.122129 0.129007 0.136254 0.143886 0.151922 0.160380 0.169282 0.178645 0.188492 0.198844 0.209724 0.221155 0.233161 0.245766 0.258997 0.272879 0.287439 0.302705 0.318705 0.335469 0.353025 0.371404 0.390637 0.410753 0.431785 0.453763 0.476721 0.500688 0.525698 0.551782 0.578971 0.607298 0.636793 0.667486
0.071822 0.067539 0.065025 0.064303 0.065114 0.067269 0.070664 0.074534 0.078784 0.083287 0.088050 0.093085 0.098404 0.104022 0.109952 0.116211 0.122815 0.129780 0.137126 0.144869 0.153031 0.161630 0.170687 0.180224 0.190264 0.200828 0.211941 0.223628 0.235913 0.248823 0.262385 0.276625 0.291573 0.307256 0.323706 0.340951 0.359022 0.377952 0.397771 0.418512 0.440207 0.462889 0.486591 0.511346 0.537187 0.564146 0.592257 0.621552 0.652063 0.683821
0.071273 0.067035 0.064477 0.063713 0.064628 0.066942 0.070370 0.074210 0.078457 0.082971 0.087745 0.092790 0.098122 0.103755 0.109706 0.115990 0.122624 0.129628 0.137018 0.144816 0.153041 0.161713 0.170856 0.180491 0.190641 0.201331 0.212586 0.224431 0.236892 0.249998 0.263775 0.278252 0.293459 0.309427 0.326184 0.343764 0.362198 0.381519 0.401758 0.422951 0.445130 0.468329 0.492582 0.517924 0.544388 0.572008 0.600818 0.630852 0.662143 0.694721
0.069471 0.065512 0.063177 0.062537 0.063596 0.066097 0.069547 0.073358 0.077577 0.082087 0.086850 0.091883 0.097202 0.102823 0.108764 0.115040 0.121671 0.128675 0.136071 0.143879 0.152121 0.160818 0.169993 0.179668 0.189869 0.200619 0.211946 0.223874 0.236432 0.249648 0.263550 0.278169 0.293535 0.309679 0.326633 0.344429 0.363100 0.382680 0.403203 0.424703 0.447216 0.470775 0.495416 0.521175 0.548086 0.576185 0.605505 0.636082 0.667949 0.701139
0.067766 0.063967 0.061787 0.061241 0.062355 0.065003 0.068405 0.072135 0.076266 0.080742 0.085467 0.090461 0.095744 0.101330 0.107237 0.113483 0.120085 0.127062 0.134436 0.142225 0.150452 0.159138 0.168308 0.177983 0.188190 0.198954 0.210300 0.222258 0.234853 0.248116 0.262076 0.276763 0.292210 0.308447 0.325509 0.343427 0.362237 0.381972 0.402668 0.424360 0.447084 0.470876 0.495772 0.521808 0.549020 0.577444 0.607116 0.638072 0.670344 0.703969
0.066071 0.062749 0.060764 0.060242 0.061285 0.063865 0.067115 0.070691 0.074658 0.079036 0.083693 0.088632 0.093867 0.099403 0.105262 0.111461 0.118019 0.124955 0.132288 0.140040 0.148232 0.156885 0.166025 0.175673 0.185857 0.196601 0.207933 0.219879 0.232469 0.245733 0.259700 0.274402 0.289871 0.306140 0.323242 0.341211 0.360083 0.379892 0.400675 0.422468 0.445307 0.469229 0.494272 0.520472 0.547867 0.576494 0.606388 0.637586 0.670123 0.704035
0.065675 0.062496 0.060369 0.059679 0.060542 0.062915 0.065920 0.069272 0.073017 0.077211 0.081743 0.086574 0.091718 0.097190 0.103001 0.109150 0.115659 0.122546 0.129832 0.137537 0.145683 0.154292 0.163386 0.172992 0.183133 0.193836 0.205128 0.217037 0.229592 0.242824 0.256763 0.271440 0.286889 0.303142 0.320235 0.338201 0.357076 0.376898 0.397701 0.419523 0.442402 0.466375 0.491481 0.517756 0.545240 0.573969 0.603981 0.635313 0.668001 0.702081
0.067620 0.062885 0.060254 0.059320 0.060002 0.062178 0.064945 0.068059 0.071565 0.075519 0.079895 0.084579 0.089589 0.094943 0.100659 0.106749 0.113215 0.120055 0.127294 0.134950 0.143046 0.151603 0.160646 0.170197 0.180284 0.190931 0.202167 0.214021 0.226520 0.239696 0.253580 0.268204 0.283602 0.299806 0.316852 0.334775 0.353611 0.373397 0.394171 0.415969 0.438830 0.462793 0.487895 0.514176 0.541675 0.570428 0.600476 0.631855 0.664602 0.698755
0.065601 0.062221 0.059823 0.058886 0.059506 0.061578 0.064187 0.067118 0.070420 0.074148 0.078345 0.082881 0.087745 0.092958 0.098544 0.104523 0.110915 0.117714 0.124908 0.132516 0.140561 0.149063 0.158047 0.167538 0.177561 0.188142 0.199310 0.211094 0.223522 0.236625 0.250436 0.264986 0.280309 0.296439 0.313411 0.331261 0.350026 0.369743 0.390449 0.412182 0.434982 0.458887 0.483937 0.510170 0.537627 0.566345 0.596364 0.627722 0.660457 0.694606
0.066732 0.062038 0.059417 0.058462 0.059081 0.061119 0.063643 0.066458 0.069612 0.073165 0.077183 0.081597 0.086334 0.091418 0.096875 0.102732 0.109015 0.115745 0.122894 0.130451 0.138439 0.146881 0.155800 0.165222 0.175173 0.185679 0.196769 0.208472 0.220817 0.233835 0.247558 0.262019 0.277251 0.293289 0.310167 0.327923 0.346593 0.366214 0.386825 0.408464 0.431171 0.454984 0.479943 0.506089 0.533460 0.562096 0.592037 0.623322 0.655989 0.690076
0.064000 0.061062 0.058954 0.058164 0.058832 0.060862 0.063333 0.066071 0.069125 0.072554 0.076424 0.080745 0.085392 0.090382 0.095740 0.101497 0.107682 0.114324 0.121415 0.128909 0.136830 0.145201 0.154047 0.163392 0.173262 0.183686 0.194690 0.206303 0.218556 0.231479 0.245105 0.259465 0.274595 0.290527 0.307298 0.324944 0.343503 0.363011 0.383507 0.405031 0.427620 0.451316 0.476158 0.502186 0.529441 0.557961 0.587788 0.618961 0.651518 0.685498
0.065609 0.061557 0.059130 0.058216 0.058823 0.060806 0.063225 0.065909 0.068900 0.072250 0.076023 0.080273 0.084875 0.089815 0.095119 0.100817 0.106938 0.113513 0.120527 0.127944 0.135786 0.144078 0.152841 0.162102 0.171887 0.182221 0.193133 0.204652 0.216807 0.229630 0.243152 0.257405 0.272425 0.288244 0.304899 0.322426 0.340863 0.360246 0.380615 0.402008 0.424466 0.448027 0.472733 0.498623 0.525738 0.554119 0.583805 0.614837 0.647253 0.681093
0.066193 0.062031 0.059356 0.058302 0.058850 0.060809 0.063209 0.065875 0.068844 0.072162 0.075889 0.080093 0.084695 0.089630 0.094925 0.100607 0.106705 0.113233 0.120162 0.127496 0.135256 0.143464 0.152143 0.161319 0.171015 0.181259 0.192078 0.203501 0.215557 0.228277 0.241693 0.255838 0.270744 0.286447 0.302982 0.320386 0.338695 0.357947 0.378181 0.399437 0.421753 0.445169 0.469727 0.495466 0.522428 0.550652 0.580180 0.611050 0.643304 0.676980
0.065953 0.061576 0.059011 0.058075 0.058719 0.060750 0.063197 0.065896 0.068886 0.072214 0.075935 0.080120 0.084754 0.089720 0.095042 0.100741 0.106833 0.113306 0.120162 0.127422 0.135106 0.143237 0.151837 0.160931 0.170543 0.180700 0.191430 0.202760 0.214720 0.227341 0.240653 0.254690 0.269485 0.285073 0.301488 0.318768 0.336949 0.356069 0.376166 0.397280 0.419450 0.442717 0.467120 0.492701 0.519500 0.547559 0.576916 0.607614 0.639692 0.673188
0.063926 0.060588 0.058468 0.057775 0.058573 0.060706 0.063223 0.065976 0.069008 0.072365 0.076103 0.080289 0.084959 0.089975 0.095337 0.101054 0.107118 0.113541 0.120343 0.127544 0.135167 0.143232 0.151764 0.160786 0.170323 0.180402 0.191049 0.202294 0.214164 0.226691 0.239905 0.253840 0.268529 0.284005 0.300304 0.317463 0.335518 0.354507 0.374469 0.395442 0.417466 0.440582 0.464829 0.490249 0.516882 0.544769 0.573951 0.604469 0.636361 0.669669
0.063856 0.060577 0.058501 0.057829 0.058651 0.060814 0.063361 0.066146 0.069205 0.072584 0.076336 0.080525 0.085213 0.090273 0.095655 0.101353 0.107387 0.113775 0.120538 0.127696 0.135270 0.143283 0.151759 0.160720 0.170193 0.180203 0.190778 0.201945 0.213734 0.226175 0.239299 0.253138 0.267726 0.283097 0.299286 0.316329 0.334263 0.353125 0.372954 0.393789 0.415670 0.438636 0.462728 0.487987 0.514453 0.542167 0.571171 0.601505 0.633208 0.666321
0.065885 0.061589 0.059034 0.058150 0.058892 0.061035 0.063578 0.066365 0.069428 0.072809 0.076557 0.080734 0.085403 0.090471 0.095833 0.101511 0.107522 0.113884 0.120616 0.127740 0.135276 0.143247 0.151676 0.160587 0.170004 0.179954 0.190464 0.201563 0.213278 0.225640 0.238680 0.252431 0.266925 0.282196 0.298280 0.315213 0.333030 0.351770 0.371470 0.392171 0.413911 0.436730 0.460669 0.485767 0.512068 0.539610 0.568435 0.598583 0.630096 0.663011
0.065739 0.061582 0.059091 0.058243 0.059023 0.061190 0.063737 0.066518 0.069571 0.072938 0.076666 0.080805 0.085405 0.090449 0.095795 0.101454 0.107443 0.113781 0.120487 0.127581 0.135084 0.143018 0.151405 0.160270 0.169638 0.179534 0.189985 0.201020 0.212666 0.224955 0.237917 0.251583 0.265988 0.281164 0.297147 0.313972 0.331677 0.350297 0.369872 0.390441 0.412042 0.434716 0.458503 0.483443 0.509578 0.536948 0.565594 0.595557 0.626876 0.659593
0.064455 0.061004 0.058809 0.058124 0.059003 0.061178 0.063728 0.066502 0.069540 0.072882 0.076568 0.080643 0.085167 0.090171 0.095499 0.101138 0.107106 0.113419 0.120098 0.127162 0.134631 0.142528 0.150875 0.159696 0.169015 0.178858 0.189252 0.200224 0.211804 0.224021 0.236905 0.250489 0.264806 0.279888 0.295771 0.312491 0.330083 0.348585 0.368036 0.388473 0.409936 0.432465 0.456100 0.480881 0.506850 0.534046 0.562512 0.592287 0.623412 0.655927
0.065404 0.061177 0.058805 0.058086 0.058940 0.061054 0.063562 0.066301 0.069304 0.072601 0.076233 0.080246 0.084693 0.089635 0.094942 0.100558 0.106499 0.112784 0.119432 0.126461 0.133894 0.141750 0.150053 0.158826 0.168093 0.177881 0.188215 0.199122 0.210633 0.222775 0.235580 0.249079 0.263305 0.278292 0.294073 0.310684 0.328163 0.346544 0.365868 0.386171 0.407493 0.429874 0.453354 0.477974 0.503773 0.530793 0.559075 0.588659 0.619586 0.651895
0.064603 0.061081 0.058759 0.058005 0.058770 0.060788 0.063233 0.065921 0.068876 0.072123 0.075698 0.079643 0.084012 0.088867 0.094146 0.099732 0.105641 0.111891 0.118500 0.125489 0.132877 0.140686 0.148938 0.157656 0.166866 0.176591 0.186858 0.197695 0.209130 0.221192 0.233911 0.247320 0.261450 0.276334 0.292008 0.308506 0.325864 0.344120 0.363310 0.383474 0.404650 0.426877 0.450197 0.474648 0.500273 0.527110 0.555202 0.584589 0.615310 0.647407
0.065060 0.060812 0.058388 0.057652 0.058347 0.060306 0.062723 0.065375 0.068288 0.071486 0.075003 0.078880 0.083166 0.087924 0.093154 0.098701 0.104568 0.110774 0.117336 0.124274 0.131609 0.139361 0.147553 0.156208 0.165350 0.175003 0.185195 0.195952 0.207302 0.219275 0.231900 0.245209 0.259234 0.274008 0.289565 0.305941 0.323170 0.341291 0.360340 0.380355 0.401376 0.423441 0.446592 0.470867 0.496307 0.522953 0.550846 0.580026 0.610534 0.642409
0.063671 0.059956 0.057720 0.057084 0.057747 0.059669 0.062087 0.064717 0.067593 0.070743 0.074200 0.078004 0.082205 0.086859 0.092013 0.097511 0.103326 0.109477 0.115981 0.122859 0.130129 0.137815 0.145936 0.154516 0.163580 0.173151 0.183257 0.193923 0.205178 0.217050 0.229570 0.242769 0.256678 0.271331 0.286761 0.303003 0.320093 0.338068 0.356964 0.376820 0.397674 0.419566 0.442535 0.466622 0.491867 0.518310 0.545992 0.574954 0.605236 0.636877
0.063127 0.059505 0.057312 0.056654 0.057218 0.059050 0.061442 0.064033 0.066858 0.069950 0.073338 0.077063 0.081170 0.085716 0.090766 0.096204 0.101957 0.108042 0.114479 0.121285 0.128481 0.136089 0.144129 0.152624 0.161599 0.171078 0.181086 0.191650 0.202799 0.214560 0.226963 0.240040 0.253821 0.268341 0.283631 0.299728 0.316666 0.334481 0.353212 0.372896 0.393570 0.415275 0.438050 0.461936 0.486971 0.513197 0.540655 0.569384 0.599425 0.630819
0.064358 0.059899 0.057342 0.056473 0.056853 0.058531 0.060852 0.063374 0.066126 0.069142 0.072448 0.076083 0.080089 0.084522 0.089446 0.094814 0.100496 0.106507 0.112866 0.119593 0.126706 0.134226 0.142176 0.150577 0.159453 0.168829 0.178729 0.189181 0.200212 0.211851 0.224126 0.237069 0.250711 0.265085 0.280223 0.296162 0.312934 0.330578 0.349130 0.368627 0.389108 0.410612 0.433178 0.456846 0.481657 0.507651 0.534868 0.563350 0.593135 0.624265
0.063299 0.059563 0.057157 0.056248 0.056505 0.058039 0.060280 0.062720 0.065386 0.068313 0.071530 0.075068 0.078971 0.083288 0.088084 0.093364 0.098968 0.104899 0.111175 0.117815 0.124838 0.132265 0.140117 0.148416 0.157185 0.166449 0.176233 0.186564 0.197468 0.208974 0.221111 0.233909 0.247400 0.261616 0.276591 0.292358 0.308953 0.326411 0.344770 0.364066 0.384339 0.405627 0.427969 0.451406 0.475976 0.501722 0.528683 0.556899 0.586412 0.617261
0.063834 0.059513 0.056969 0.055964 0.056097 0.057489 0.059655 0.062014 0.064597 0.067435 0.070563 0.074008 0.077810 0.082018 0.086691 0.091870 0.097395 0.103243 0.109433 0.115983 0.122912 0.130240 0.137988 0.146179 0.154836 0.163982 0.173642 0.183843 0.194611 0.205976 0.217965 0.230609 0.243938 0.257986 0.272785 0.288369 0.304774 0.322034 0.340186 0.359269 0.379320 0.400377 0.422480 0.445669 0.469984 0.495465 0.522153 0.550087 0.579310 0.609861
0.063540 0.059394 0.056758 0.055600 0.055580 0.056824 0.058918 0.061208 0.063719 0.066480 0.069528 0.072892 0.076604 0.080713 0.085276 0.090351 0.095798 0.101563 0.107666 0.114124 0.120956 0.128182 0.135823 0.143902 0.152440 0.161462 0.170992 0.181057 0.191683 0.202898 0.214730 0.227211 0.240370 0.254240 0.268853 0.284243 0.300445 0.317496 0.335430 0.354285 0.374100 0.394913 0.416763 0.439690 0.463733 0.488934 0.515333 0.542970 0.571886 0.602120
0.063661 0.059120 0.056311 0.055006 0.054864 0.055994 0.058036 0.060280 0.062741 0.065446 0.068430 0.071727 0.075365 0.079391 0.083858 0.088834 0.094202 0.099885 0.105899 0.112264 0.118997 0.126118 0.133649 0.141611 0.150027 0.158920 0.168314 0.178237 0.188714 0.199772 0.211441 0.223750 0.236730 0.250413 0.264830 0.280017 0.296007 0.312836 0.330541 0.349158 0.368725 0.389280 0.410864 0.433515 0.457273 0.482180 0.508274 0.535598 0.564191 0.594094
0.062868 0.058136 0.055368 0.054076 0.053921 0.055011 0.057038 0.059264 0.061696 0.064363 0.067301 0.070544 0.074121 0.078075 0.082461 0.087346 0.092635 0.098233 0.104157 0.110425 0.117056 0.124069 0.131485 0.139327 0.147615 0.156374 0.165628 0.175403 0.185724 0.196620 0.208118 0.220249 0.233042 0.246530 0.260744 0.275718 0.291487 0.308086 0.325550 0.343918 0.363226 0.383513 0.404819 0.427182 0.450643 0.475242 0.501019 0.528016 0.556273 0.585830
0.059924 0.056474 0.054126 0.052997 0.052902 0.053996 0.056023 0.058239 0.060649 0.063286 0.066184 0.069379 0.072901 0.076792 0.081106 0.085909 0.091114 0.096623 0.102452 0.108619 0.115143 0.122044 0.129341 0.137057 0.145214 0.153834 0.162942 0.172563 0.182724 0.193451 0.204772 0.216718 0.229318 0.242604 0.256607 0.271361 0.286901 0.303261 0.320477 0.338587 0.357627 0.377637 0.398655 0.420720 0.443873 0.468153 0.493603 0.520261 0.548170 0.577370
0.060387 0.055789 0.053261 0.052116 0.052022 0.053093 0.055092 0.057279 0.059655 0.062253 0.065108 0.068254 0.071720 0.075550 0.079798 0.084527 0.089641 0.095053 0.100781 0.106842 0.113254 0.120037 0.127211 0.134797 0.142816 0.151293 0.160250 0.169713 0.179708 0.190261 0.201401 0.213157 0.225558 0.238636 0.252423 0.266951 0.282256 0.298371 0.315332 0.333177 0.351943 0.371667 0.392390 0.414149 0.436986 0.460941 0.486053 0.512365 0.539917 0.568750
0.058303 0.054918 0.052615 0.051467 0.051321 0.052323 0.054255 0.056385 0.058708 0.061256 0.064061 0.067152 0.070561 0.074332 0.078517 0.083174 0.088191 0.093502 0.099124 0.105074 0.111369 0.118030 0.125076 0.132527 0.140406 0.148735 0.157538 0.166839 0.176664 0.187040 0.197995 0.209556 0.221755 0.234621 0.248187 0.262486 0.277551 0.293417 0.310119 0.327695 0.346181 0.365616 0.386038 0.407487 0.430004 0.453627 0.478398 0.504358 0.531548 0.560009
0.059615 0.054922 0.052241 0.050923 0.050661 0.051558 0.053409 0.055474 0.057741 0.060235 0.062989 0.066025 0.069379 0.073094 0.077220 0.081808 0.086724 0.091931 0.097444 0.103279 0.109456 0.115992 0.122907 0.130222 0.137958 0.146137 0.154783 0.163920 0.173574 0.183770 0.194537 0.205903 0.217897 0.230550 0.243894 0.257961 0.272785 0.288399 0.304841 0.322146 0.340351 0.359495 0.379616 0.400753 0.422947 0.446237 0.470665 0.496272 0.523098 0.551185
0.057815 0.053977 0.051467 0.050131 0.049805 0.050624 0.052420 0.054441 0.056665 0.059118 0.061826 0.064815 0.068121 0.071785 0.075861 0.080378 0.085195 0.090297 0.095701 0.101423 0.107480 0.113891 0.120676 0.127854 0.135446 0.143476 0.151965 0.160938 0.170420 0.180438 0.191018 0.202188 0.213978 0.226419 0.239541 0.253377 0.267961 0.283326 0.299508 0.316544 0.334470 0.353324 0.373145 0.393972 0.415846 0.438806 0.462893 0.488149 0.514614 0.542331
0.057356 0.053080 0.050449 0.049053 0.048688 0.049461 0.051233 0.053235 0.055434 0.057858 0.060531 0.063482 0.066747 0.070370 0.074402 0.078847 0.083567 0.088569 0.093866 0.099476 0.105417 0.111705 0.118361 0.125404 0.132856 0.140738 0.149073 0.157884 0.167198 0.177039 0.187434 0.198412 0.210002 0.222234 0.235138 0.248747 0.263095 0.278215 0.294142 0.310913 0.328565 0.347135 0.366662 0.387185 0.408744 0.431380 0.455134 0.480046 0.506158 0.533512
0.056178 0.051740 0.049127 0.047741 0.047379 0.048136 0.049892 0.051879 0.054058 0.056456 0.059099 0.062017 0.065248 0.068836 0.072833 0.077200 0.081828 0.086733 0.091928 0.097431 0.103258 0.109428 0.115960 0.122873 0.130188 0.137927 0.146112 0.154767 0.163916 0.173586 0.183803 0.194595 0.205990 0.218019 0.230712 0.244101 0.258220 0.273102 0.288782 0.305297 0.322683 0.340978 0.360221 0.380450 0.401706 0.424028 0.447459 0.472039 0.497809 0.524812
0.053723 0.050040 0.047646 0.046337 0.045996 0.046742 0.048466 0.050422 0.052572 0.054940 0.057552 0.060441 0.063642 0.067200 0.071165 0.075450 0.079991 0.084803 0.089901 0.095301 0.101021 0.107079 0.113492 0.120281 0.127465 0.135068 0.143110 0.151615 0.160609 0.170115 0.180161 0.190775 0.201984 0.213819 0.226310 0.239490 0.253390 0.268045 0.283490 0.299761 0.316894 0.334927 0.353898 0.373847 0.394814 0.416838 0.439961 0.464225 0.489671 0.516341
0.052747 0.048644 0.046176 0.044882 0.044550 0.045289 0.046973 0.048889 0.051006 0.053343 0.055927 0.058790 0.061966 0.065501 0.069430 0.073636 0.078094 0.082819 0.087826 0.093130 0.098749 0.104701 0.111003 0.117674 0.124737 0.132211 0.140119 0.148483 0.157330 0.166683 0.176568 0.187015 0.198049 0.209702 0.222004 0.234987 0.248683 0.263125 0.278350 0.294391 0.311287 0.329075 0.347792 0.367479 0.388175 0.409921 0.432757 0.456725 0.481868 0.508226
0.050640 0.046833 0.044476 0.043249 0.042966 0.043732 0.045400 0.047293 0.049388 0.051706 0.054273 0.057118 0.060279 0.063798 0.067684 0.071817 0.076199 0.080843 0.085765 0.090981 0.096506 0.102359 0.108558 0.115122 0.122071 0.129427 0.137210 0.145446 0.154156 0.163368 0.173106 0.183398 0.194272 0.205758 0.217885 0.230687 0.244194 0.258442 0.273463 0.289295 0.305973 0.323536 0.342021 0.361468 0.381916 0.403406 0.425980 0.449678 0.474543 0.500617
0.048799 0.044848 0.042584 0.041464 0.041272 0.042103 0.043790 0.045688 0.047783 0.050098 0.052660 0.055500 0.058654 0.062168 0.066003 0.070070 0.074382 0.078953 0.083798 0.088932 0.094372 0.100136 0.106241 0.112707 0.119554 0.126802 0.134473 0.142592 0.151180 0.160264 0.169869 0.180022 0.190752 0.202088 0.214059 0.226698 0.240037 0.254110 0.268950 0.284594 0.301078 0.318439 0.336717 0.355949 0.376176 0.397439 0.419778 0.443236 0.467853 0.493674
0.045280 0.042469 0.040627 0.039705 0.039634 0.040548 0.042271 0.044186 0.046293 0.048615 0.051182 0.054024 0.057179 0.060689 0.064468 0.068476 0.072725 0.077231 0.082006 0.087068 0.092433 0.098117 0.104140 0.110519 0.117276 0.124430 0.132003 0.140019 0.148500 0.157473 0.166962 0.176994 0.187599 0.198804 0.210640 0.223138 0.236331 0.250252 0.264935 0.280417 0.296732 0.313920 0.332018 0.351065 0.371102 0.392168 0.414305 0.437555 0.461960 0.487563
0.044822 0.041211 0.039209 0.038295 0.038279 0.039251 0.040992 0.042917 0.045031 0.047360 0.049931 0.052776 0.055935 0.059429 0.063158 0.067114 0.071308 0.075756 0.080472 0.085472 0.090772 0.096389 0.102341 0.108648 0.115328 0.122403 0.129894 0.137823 0.146216 0.155095 0.164487 0.174420 0.184920 0.196017 0.207740 0.220122 0.233194 0.246989 0.261543 0.276890 0.293067 0.310112 0.328062 0.346956 0.366836 0.387740 0.409712 0.432791 0.457021 0.482444
0.043633 0.040054 0.038083 0.037226 0.037273 0.038300 0.040041 0.041962 0.044075 0.046403 0.048974 0.051820 0.054979 0.058448 0.062134 0.066045 0.070195 0.074596 0.079263 0.084213 0.089461 0.095025 0.100922 0.107170 0.113791 0.120803 0.128230 0.136092 0.144415 0.153222 0.162540 0.172394 0.182814 0.193827 0.205463 0.217755 0.230734 0.244433 0.258887 0.274130 0.290201 0.307135 0.324972 0.343749 0.363508 0.384289 0.406132 0.429081 0.453177 0.478462
0.041122 0.038610 0.037069 0.036426 0.036591 0.037688 0.039428 0.041342 0.043449 0.045772 0.048339 0.051183 0.054341 0.057782 0.061436 0.065314 0.069430 0.073798 0.078431 0.083345 0.088557 0.094083 0.099941 0.106150 0.112729 0.119698 0.127080 0.134897 0.143172 0.151930 0.161196 0.170997 0.181361 0.192317 0.203895 0.216125 0.229040 0.242674 0.257060 0.272233 0.288231 0.305091 0.322850 0.341548 0.361225 0.381922 0.403679 0.426539 0.450544 0.475737
0.041106 0.038183 0.036608 0.036028 0.036253 0.037394 0.039131 0.041040 0.043142 0.045462 0.048026 0.050867 0.054024 0.057447 0.061083 0.064944 0.069042 0.073392 0.078007 0.082903 0.088096 0.093602 0.099440 0.105628 0.112186 0.119134 0.126493 0.134286 0.142537 0.151270 0.160510 0.170284 0.180620 0.191547 0.203095 0.215294 0.228177 0.241777 0.256129 0.271267 0.287228 0.304050 0.321770 0.340428 0.360064 0.380718 0.402432 0.425247 0.449206 0.474352
