0.000001 3.247942 3.868461 0.407397
0.000001 3.310156 3.932949 0.410825
0.000001 3.428320 4.054588 0.417598
0.000001 3.591758 4.220850 0.427533
0.000001 3.788084 4.417178 0.440342
0.000001 4.005553 4.629806 0.455642
0.000001 4.234449 4.847475 0.472978
0.000001 4.467499 5.062019 0.491861
0.000001 4.699694 5.268198 0.511801
0.000001 4.927844 5.463179 0.532337
0.000001 5.150105 5.645935 0.553046
0.000001 5.365570 5.816692 0.573559
0.000001 5.573947 5.976485 0.593560
0.000001 5.775322 6.126794 0.612789
0.000001 5.969977 6.269291 0.631033
0.000001 6.158256 6.405640 0.648127
0.000001 6.340475 6.537374 0.663941
0.000001 6.516841 6.665813 0.678374
0.000001 6.687406 6.792014 0.691346
0.000001 6.852017 6.916754 0.702785
0.000001 7.010294 7.040524 0.712626
0.000001 7.161602 7.163537 0.720794
0.000001 7.305049 7.285748 0.727204
0.000001 7.439490 7.406870 0.731755
0.000001 7.563547 7.526394 0.734329
0.000001 7.675646 7.643603 0.734789
0.000001 7.774067 7.757584 0.732990
0.000001 7.857010 7.867221 0.728785
0.000001 7.922658 7.971179 0.722038
0.000001 7.969252 8.067879 0.712638
0.000001 7.995150 8.155463 0.700516
0.000001 7.998877 8.231754 0.685659
0.000001 7.979163 8.294229 0.668120
0.000001 7.934947 8.340001 0.648025
0.000001 7.865374 8.365833 0.625576
0.000001 7.769763 8.368189 0.601046
0.000001 7.647569 8.343323 0.574764
0.000001 7.498336 8.287408 0.547103
0.000001 7.321662 8.196701 0.518457
0.000001 7.117173 8.067720 0.489221
0.000001 6.884526 7.897427 0.459769
0.000001 6.623424 7.683388 0.430443
0.000001 6.333671 7.423905 0.401536
0.000001 6.015225 7.118098 0.373293
0.000001 5.668264 6.765942 0.345904
0.000001 5.293252 6.368259 0.319515
0.000001 4.890980 5.926669 0.294226
0.000001 4.462596 5.443503 0.270098
0.000001 4.009622 4.921703 0.247159
0.000001 3.533958 4.364718 0.225400
0.000001 3.037942 3.776439 0.204770
0.000001 2.524532 3.161267 0.185156
0.000001 1.997956 2.524589 0.166327
0.000001 1.465926 1.874678 0.147777
0.000001 0.948272 1.231002 0.128234
0.000001 0.508827 0.661677 0.104646
0.000001 0.260530 0.324050 0.081149
0.000001 0.158294 0.180595 0.066048
0.000001 0.118203 0.123162 0.057143
0.000001 0.101240 0.098631 0.051548
0.000001 0.092884 0.086636 0.047718
0.000001 0.087951 0.079724 0.044916
0.000001 0.084566 0.075130 0.042778
0.000001 0.082008 0.071761 0.041104
0.000001 0.079968 0.069137 0.039772
0.000001 0.078289 0.067015 0.038696
0.000054 0.076877 0.065249 0.037815
0.000532 0.075665 0.063745 0.037081
0.001116 0.074604 0.062435 0.036458
0.001690 0.073655 0.061270 0.035917
0.002228 0.072788 0.060212 0.035434
0.002730 0.071977 0.059235 0.034991
0.003204 0.071203 0.058316 0.034573
0.003660 0.070451 0.057441 0.034167
0.004106 0.069708 0.056598 0.033766
0.004547 0.068966 0.055779 0.033361
0.004987 0.068218 0.054976 0.032946
0.005427 0.067457 0.054182 0.032516
0.005867 0.066679 0.053390 0.032069
0.006306 0.065878 0.052593 0.031602
0.006743 0.065049 0.051783 0.031113
0.007175 0.064187 0.050952 0.030600
0.007601 0.063287 0.050094 0.030064
0.008018 0.062345 0.049203 0.029504
0.008426 0.061359 0.048277 0.028921
0.008822 0.060326 0.047315 0.028316
0.009205 0.059250 0.046321 0.027692
0.009576 0.058135 0.045301 0.027053
0.009931 0.056988 0.044267 0.026404
0.010270 0.055824 0.043232 0.025752
0.010592 0.054656 0.042212 0.025106
0.010893 0.053506 0.041224 0.024475
0.011172 0.052394 0.040288 0.023870
0.011426 0.051345 0.039422 0.023304
0.011651 0.050384 0.038643 0.022789
0.011844 0.049536 0.037967 0.022337
0.012003 0.048826 0.037408 0.021960
0.012124 0.048273 0.036979 0.021667
0.012206 0.047894 0.036688 0.021467
0.012248 0.047702 0.036541 0.021366
