0.000001 0.355261 0.000001 0.205039
0.000001 0.356630 0.000001 0.205964
0.000001 0.359310 0.000001 0.207774
0.000001 0.363191 0.000001 0.210397
0.000001 0.368118 0.000001 0.213730
0.000001 0.373910 0.000001 0.217652
0.000001 0.380366 0.000001 0.222029
0.000001 0.387286 0.000001 0.226727
0.000001 0.394482 0.000001 0.231619
0.000001 0.401784 0.000001 0.236592
0.000001 0.409052 0.000001 0.241552
0.000001 0.416174 0.000001 0.246421
0.000001 0.423068 0.000001 0.251145
0.000001 0.429676 0.000001 0.255683
0.000001 0.435962 0.000001 0.260011
0.000001 0.441904 0.000001 0.264111
0.000001 0.447487 0.000001 0.267970
0.000001 0.452695 0.000001 0.271574
0.000001 0.457510 0.000001 0.274904
0.000001 0.461903 0.000001 0.277938
0.000001 0.465831 0.000001 0.280639
0.000001 0.469238 0.000001 0.282966
0.000001 0.472052 0.000001 0.284865
0.000001 0.474185 0.000001 0.286273
0.000001 0.475536 0.000001 0.287120
0.000001 0.475994 0.000001 0.287331
0.000001 0.475438 0.000001 0.286825
0.000001 0.473742 0.000001 0.285521
0.000001 0.470775 0.000001 0.283338
0.000001 0.466405 0.000001 0.280198
0.000001 0.460497 0.000001 0.276030
0.000001 0.452917 0.000001 0.270768
0.000001 0.443526 0.000001 0.264354
0.000001 0.432177 0.000001 0.256737
0.000001 0.418712 0.000001 0.247872
0.000001 0.402948 0.000001 0.237716
0.000001 0.384669 0.000001 0.226223
0.000001 0.363609 0.000001 0.213335
0.004278 0.339430 0.000001 0.198970
0.017003 0.311895 0.000001 0.183147
0.038381 0.281014 0.001123 0.166096
0.068764 0.246982 0.017108 0.148240
0.106065 0.210587 0.045019 0.130061
0.147256 0.172961 0.081745 0.112038
0.189539 0.135383 0.124304 0.094588
0.230815 0.099205 0.170006 0.078035
0.269718 0.065876 0.216525 0.062611
0.305488 0.037038 0.261914 0.048465
0.337798 0.014678 0.304605 0.035695
0.366611 0.001284 0.343436 0.024385
0.392044 0.000001 0.377730 0.014660
0.414262 0.000001 0.407458 0.006797
0.433454 0.000001 0.432742 0.001478
0.449826 0.000001 0.453761 0.000001
0.463662 0.000001 0.470788 0.000001
0.475272 0.000001 0.484147 0.000001
0.484910 0.000001 0.494157 0.000001
0.492770 0.000001 0.501126 0.000001
0.499001 0.000001 0.505348 0.000001
0.503704 0.000001 0.507094 0.000001
0.506939 0.000001 0.506613 0.000001
0.508733 0.000001 0.504121 0.000001
0.509082 0.000001 0.499802 0.000001
0.507958 0.000001 0.493801 0.000001
0.505314 0.000001 0.486226 0.000001
0.501089 0.000001 0.477147 0.000001
0.495213 0.000001 0.466596 0.000001
0.487608 0.000001 0.454574 0.000001
0.478193 0.000001 0.441051 0.000001
0.466880 0.000001 0.425971 0.002091
0.453692 0.000001 0.409321 0.007959
0.438757 0.000001 0.391137 0.016029
0.422218 0.000001 0.371440 0.025393
0.404204 0.000001 0.350230 0.035546
0.384834 0.000001 0.327478 0.046189
0.364220 0.003659 0.303132 0.057126
0.342462 0.014454 0.277310 0.068193
0.319638 0.029441 0.250371 0.079233
0.295819 0.046676 0.222723 0.090101
0.271077 0.064937 0.194748 0.100675
0.245480 0.083466 0.166773 0.110855
0.219104 0.101792 0.139090 0.120567
0.192052 0.119619 0.111988 0.129758
0.164492 0.136751 0.085819 0.138397
0.136726 0.153039 0.061087 0.146469
0.109290 0.168338 0.038583 0.153966
0.083048 0.182476 0.019549 0.160888
0.059184 0.195256 0.005842 0.167227
0.038904 0.206507 0.000001 0.172968
0.022672 0.216213 0.000001 0.178077
0.010285 0.224505 0.000001 0.182510
0.002256 0.231449 0.000001 0.186236
0.000001 0.237094 0.000001 0.189243
0.000001 0.241592 0.000001 0.191611
0.000001 0.245147 0.000001 0.193458
0.000001 0.247913 0.000001 0.194878
0.000001 0.250006 0.000001 0.195941
0.000001 0.251510 0.000001 0.196697
0.000001 0.252482 0.000001 0.197182
0.000001 0.252959 0.000001 0.197419
