0.092620 0.094601 0.095726 0.096557 0.097287 0.097985 0.098677 0.099371 0.100072 0.100779 0.101491 0.102207 0.102927 0.103650 0.104374 0.105099 0.105826 0.106552 0.107278 0.108004 0.108730 0.109455 0.110178 0.110901 0.111623 0.112344 0.113064 0.113783 0.114501 0.115218 0.115933 0.116648 0.117362 0.118075 0.118787 0.119499 0.120210 0.120920 0.121630 0.122340 0.123050 0.123759 0.124468 0.125178 0.125888 0.126598 0.127309 0.128020 0.128733 0.129446
0.097901 0.096434 0.096389 0.096819 0.097420 0.098087 0.098785 0.099497 0.100219 0.100946 0.101675 0.102407 0.103140 0.103874 0.104608 0.105341 0.106074 0.106806 0.107538 0.108268 0.108998 0.109726 0.110453 0.111179 0.111903 0.112626 0.113348 0.114069 0.114789 0.115507 0.116225 0.116941 0.117656 0.118371 0.119084 0.119797 0.120509 0.121221 0.121932 0.122643 0.123353 0.124064 0.124774 0.125485 0.126196 0.126907 0.127619 0.128332 0.129045 0.129760
0.094420 0.095381 0.096087 0.096784 0.097510 0.098258 0.099018 0.099782 0.100547 0.101309 0.102069 0.102826 0.103581 0.104332 0.105081 0.105828 0.106573 0.107315 0.108055 0.108794 0.109530 0.110264 0.110997 0.111728 0.112457 0.113185 0.113911 0.114635 0.115358 0.116080 0.116800 0.117520 0.118238 0.118955 0.119671 0.120386 0.121101 0.121815 0.122528 0.123241 0.123954 0.124667 0.125379 0.126092 0.126806 0.127519 0.128234 0.128949 0.129665 0.130382
0.092514 0.094532 0.095808 0.096833 0.097758 0.098633 0.099480 0.100306 0.101118 0.101918 0.102708 0.103491 0.104267 0.105038 0.105803 0.106565 0.107322 0.108076 0.108827 0.109574 0.110319 0.111062 0.111802 0.112539 0.113275 0.114008 0.114739 0.115469 0.116197 0.116923 0.117648 0.118371 0.119093 0.119814 0.120534 0.121253 0.121971 0.122689 0.123406 0.124122 0.124839 0.125555 0.126271 0.126987 0.127704 0.128421 0.129139 0.129858 0.130578 0.131299
0.095684 0.095670 0.096529 0.097523 0.098491 0.099412 0.100295 0.101151 0.101986 0.102807 0.103616 0.104415 0.105207 0.105992 0.106771 0.107545 0.108314 0.109079 0.109840 0.110597 0.111351 0.112102 0.112850 0.113595 0.114338 0.115078 0.115816 0.116552 0.117286 0.118018 0.118748 0.119477 0.120204 0.120930 0.121655 0.122379 0.123102 0.123824 0.124546 0.125267 0.125988 0.126709 0.127430 0.128151 0.128873 0.129595 0.130318 0.131042 0.131767 0.132493
0.094304 0.096537 0.097836 0.098844 0.099755 0.100627 0.101479 0.102318 0.103146 0.103966 0.104779 0.105584 0.106384 0.107177 0.107966 0.108750 0.109529 0.110303 0.111074 0.111840 0.112604 0.113363 0.114120 0.114873 0.115624 0.116372 0.117117 0.117860 0.118601 0.119340 0.120077 0.120812 0.121546 0.122278 0.123009 0.123739 0.124468 0.125197 0.125925 0.126652 0.127379 0.128106 0.128833 0.129561 0.130289 0.131017 0.131747 0.132477 0.133209 0.133942
0.098875 0.099406 0.099945 0.100598 0.101329 0.102105 0.102902 0.103711 0.104523 0.105336 0.106146 0.106954 0.107759 0.108559 0.109355 0.110147 0.110935 0.111718 0.112498 0.113274 0.114046 0.114815 0.115580 0.116343 0.117102 0.117858 0.118612 0.119363 0.120112 0.120859 0.121604 0.122347 0.123088 0.123828 0.124567 0.125305 0.126041 0.126777 0.127513 0.128248 0.128983 0.129717 0.130452 0.131188 0.131924 0.132660 0.133398 0.134137 0.134877 0.135619
0.103116 0.101439 0.101534 0.102104 0.102822 0.103596 0.104394 0.105204 0.106020 0.106837 0.107654 0.108469 0.109281 0.110090 0.110895 0.111696 0.112493 0.113287 0.114076 0.114862 0.115644 0.116423 0.117198 0.117970 0.118739 0.119505 0.120268 0.121029 0.121787 0.122543 0.123297 0.124049 0.124800 0.125549 0.126297 0.127044 0.127789 0.128534 0.129279 0.130023 0.130767 0.131512 0.132256 0.133001 0.133747 0.134494 0.135242 0.135991 0.136742 0.137495
0.096208 0.100372 0.102118 0.103228 0.104159 0.105034 0.105889 0.106735 0.107577 0.108414 0.109247 0.110077 0.110902 0.111724 0.112541 0.113354 0.114163 0.114968 0.115769 0.116566 0.117359 0.118149 0.118936 0.119719 0.120498 0.121275 0.122050 0.122821 0.123590 0.124357 0.125122 0.125885 0.126646 0.127406 0.128164 0.128922 0.129679 0.130435 0.131190 0.131945 0.132701 0.133456 0.134212 0.134969 0.135726 0.136485 0.137245 0.138007 0.138770 0.139536
0.104151 0.103213 0.103807 0.104695 0.105619 0.106531 0.107427 0.108308 0.109178 0.110040 0.110894 0.111742 0.112585 0.113422 0.114254 0.115082 0.115905 0.116724 0.117538 0.118349 0.119155 0.119958 0.120757 0.121553 0.122345 0.123135 0.123921 0.124705 0.125487 0.126266 0.127043 0.127819 0.128593 0.129365 0.130136 0.130906 0.131675 0.132444 0.133212 0.133981 0.134749 0.135518 0.136287 0.137057 0.137829 0.138601 0.139376 0.140152 0.140930 0.141711
0.102997 0.104406 0.105360 0.106277 0.107199 0.108117 0.109026 0.109926 0.110815 0.111697 0.112571 0.113438 0.114298 0.115153 0.116003 0.116847 0.117686 0.118520 0.119350 0.120176 0.120997 0.121815 0.122628 0.123439 0.124245 0.125049 0.125850 0.126648 0.127444 0.128237 0.129029 0.129818 0.130606 0.131393 0.132178 0.132963 0.133746 0.134530 0.135313 0.136096 0.136879 0.137663 0.138448 0.139234 0.140021 0.140810 0.141600 0.142393 0.143188 0.143986
0.104702 0.105863 0.106902 0.107869 0.108807 0.109731 0.110647 0.111558 0.112462 0.113360 0.114252 0.115138 0.116017 0.116891 0.117759 0.118621 0.119478 0.120329 0.121176 0.122019 0.122856 0.123690 0.124520 0.125346 0.126169 0.126989 0.127806 0.128619 0.129431 0.130240 0.131047 0.131853 0.132656 0.133459 0.134260 0.135061 0.135861 0.136660 0.137460 0.138260 0.139060 0.139861 0.140663 0.141467 0.142271 0.143078 0.143887 0.144699 0.145513 0.146331
0.106971 0.107597 0.108500 0.109436 0.110370 0.111303 0.112233 0.113161 0.114085 0.115003 0.115915 0.116822 0.117721 0.118615 0.119502 0.120383 0.121258 0.122128 0.122993 0.123853 0.124709 0.125560 0.126407 0.127251 0.128091 0.128927 0.129761 0.130592 0.131421 0.132247 0.133071 0.133894 0.134715 0.135535 0.136354 0.137172 0.137990 0.138808 0.139625 0.140444 0.141262 0.142082 0.142903 0.143726 0.144551 0.145377 0.146207 0.147039 0.147874 0.148713
0.107170 0.108879 0.109917 0.110871 0.111829 0.112794 0.113758 0.114717 0.115670 0.116614 0.117550 0.118478 0.119398 0.120312 0.121218 0.122118 0.123012 0.123900 0.124783 0.125661 0.126534 0.127403 0.128268 0.129130 0.129987 0.130842 0.131694 0.132543 0.133389 0.134234 0.135077 0.135918 0.136757 0.137596 0.138434 0.139271 0.140108 0.140945 0.141782 0.142620 0.143459 0.144300 0.145141 0.145985 0.146831 0.147679 0.148530 0.149385 0.150243 0.151105
0.111337 0.110557 0.111213 0.112186 0.113217 0.114244 0.115256 0.116252 0.117233 0.118201 0.119158 0.120104 0.121043 0.121973 0.122896 0.123813 0.124724 0.125629 0.126529 0.127424 0.128315 0.129202 0.130085 0.130964 0.131840 0.132713 0.133584 0.134451 0.135317 0.136180 0.137042 0.137902 0.138761 0.139620 0.140477 0.141335 0.142192 0.143050 0.143908 0.144767 0.145627 0.146489 0.147352 0.148218 0.149087 0.149958 0.150833 0.151711 0.152594 0.153481
0.106890 0.110407 0.112218 0.113538 0.114687 0.115762 0.116796 0.117805 0.118795 0.119772 0.120738 0.121695 0.122644 0.123587 0.124523 0.125453 0.126379 0.127299 0.128216 0.129127 0.130035 0.130939 0.131840 0.132737 0.133631 0.134523 0.135412 0.136299 0.137184 0.138066 0.138948 0.139828 0.140708 0.141586 0.142465 0.143343 0.144221 0.145100 0.145980 0.146861 0.147744 0.148628 0.149515 0.150404 0.151296 0.152192 0.153091 0.153995 0.154903 0.155816
0.113210 0.113452 0.114360 0.115375 0.116390 0.117392 0.118381 0.119361 0.120334 0.121302 0.122265 0.123224 0.124178 0.125129 0.126075 0.127018 0.127956 0.128891 0.129823 0.130751 0.131675 0.132597 0.133515 0.134430 0.135343 0.136254 0.137162 0.138068 0.138973 0.139876 0.140777 0.141678 0.142578 0.143478 0.144378 0.145277 0.146178 0.147079 0.147981 0.148885 0.149790 0.150698 0.151609 0.152522 0.153439 0.154360 0.155285 0.156214 0.157149 0.158090
0.115493 0.115791 0.116410 0.117187 0.118044 0.118945 0.119872 0.120814 0.121766 0.122723 0.123683 0.124644 0.125604 0.126564 0.127522 0.128478 0.129431 0.130381 0.131329 0.132274 0.133216 0.134156 0.135093 0.136027 0.136959 0.137889 0.138817 0.139744 0.140669 0.141592 0.142515 0.143437 0.144358 0.145279 0.146201 0.147122 0.148045 0.148969 0.149894 0.150821 0.151751 0.152682 0.153617 0.154556 0.155498 0.156444 0.157396 0.158352 0.159314 0.160283
0.115195 0.116711 0.117596 0.118413 0.119265 0.120157 0.121081 0.122026 0.122984 0.123952 0.124925 0.125901 0.126878 0.127855 0.128831 0.129805 0.130777 0.131746 0.132713 0.133678 0.134640 0.135600 0.136557 0.137511 0.138464 0.139415 0.140364 0.141311 0.142257 0.143202 0.144146 0.145090 0.146033 0.146977 0.147920 0.148865 0.149810 0.150757 0.151706 0.152657 0.153610 0.154567 0.155526 0.156490 0.157458 0.158430 0.159408 0.160392 0.161382 0.162379
0.117984 0.117422 0.118059 0.118963 0.119932 0.120921 0.121920 0.122925 0.123934 0.124944 0.125954 0.126963 0.127971 0.128976 0.129978 0.130978 0.131975 0.132969 0.133959 0.134947 0.135932 0.136914 0.137894 0.138871 0.139846 0.140818 0.141790 0.142759 0.143727 0.144695 0.145661 0.146627 0.147593 0.148559 0.149526 0.150494 0.151462 0.152433 0.153405 0.154380 0.155358 0.156339 0.157324 0.158313 0.159307 0.160306 0.161311 0.162322 0.163340 0.164365
0.112886 0.116018 0.117707 0.119017 0.120207 0.121349 0.122464 0.123561 0.124644 0.125716 0.126779 0.127834 0.128883 0.129925 0.130961 0.131993 0.133019 0.134042 0.135060 0.136074 0.137085 0.138092 0.139096 0.140097 0.141096 0.142093 0.143088 0.144081 0.145072 0.146063 0.147052 0.148042 0.149031 0.150020 0.151010 0.152001 0.152994 0.153988 0.154985 0.155984 0.156986 0.157992 0.159002 0.160017 0.161036 0.162062 0.163093 0.164132 0.165178 0.166232
0.116480 0.116770 0.117892 0.119166 0.120438 0.121676 0.122879 0.124053 0.125203 0.126333 0.127448 0.128549 0.129639 0.130720 0.131793 0.132858 0.133917 0.134970 0.136018 0.137061 0.138099 0.139133 0.140164 0.141191 0.142215 0.143237 0.144256 0.145273 0.146289 0.147303 0.148317 0.149330 0.150343 0.151356 0.152369 0.153384 0.154400 0.155419 0.156439 0.157463 0.158489 0.159520 0.160555 0.161595 0.162640 0.163692 0.164750 0.165815 0.166889 0.167971
0.115148 0.116688 0.118108 0.119473 0.120788 0.122061 0.123298 0.124507 0.125693 0.126860 0.128012 0.129149 0.130275 0.131391 0.132497 0.133595 0.134686 0.135769 0.136847 0.137919 0.138985 0.140047 0.141104 0.142158 0.143208 0.144255 0.145299 0.146341 0.147381 0.148419 0.149457 0.150493 0.151530 0.152567 0.153604 0.154642 0.155682 0.156724 0.157768 0.158815 0.159866 0.160921 0.161981 0.163045 0.164116 0.165193 0.166277 0.167369 0.168470 0.169579
0.114918 0.117112 0.118683 0.120031 0.121297 0.122532 0.123749 0.124954 0.126148 0.127331 0.128504 0.129667 0.130820 0.131964 0.133100 0.134227 0.135346 0.136459 0.137564 0.138663 0.139757 0.140845 0.141929 0.143008 0.144084 0.145155 0.146224 0.147290 0.148354 0.149417 0.150478 0.151538 0.152597 0.153657 0.154718 0.155779 0.156842 0.157907 0.158974 0.160045 0.161119 0.162198 0.163281 0.164370 0.165465 0.166567 0.167676 0.168794 0.169920 0.171057
0.118375 0.118804 0.119647 0.120681 0.121804 0.122970 0.124157 0.125353 0.126551 0.127746 0.128936 0.130119 0.131295 0.132463 0.133624 0.134776 0.135921 0.137059 0.138190 0.139315 0.140433 0.141546 0.142654 0.143758 0.144857 0.145952 0.147044 0.148134 0.149221 0.150306 0.151389 0.152472 0.153554 0.154636 0.155718 0.156802 0.157887 0.158974 0.160063 0.161156 0.162253 0.163354 0.164460 0.165572 0.166691 0.167816 0.168949 0.170092 0.171243 0.172405
0.118789 0.118958 0.119800 0.120871 0.122031 0.123228 0.124443 0.125664 0.126885 0.128102 0.129314 0.130519 0.131717 0.132907 0.134089 0.135263 0.136431 0.137591 0.138744 0.139890 0.141031 0.142166 0.143296 0.144422 0.145543 0.146660 0.147773 0.148884 0.149992 0.151098 0.152203 0.153306 0.154409 0.155512 0.156615 0.157720 0.158825 0.159933 0.161044 0.162158 0.163276 0.164398 0.165526 0.166659 0.167800 0.168948 0.170104 0.171269 0.172444 0.173630
0.114576 0.117399 0.119202 0.120676 0.122036 0.123351 0.124640 0.125913 0.127173 0.128420 0.129657 0.130884 0.132102 0.133311 0.134512 0.135705 0.136891 0.138070 0.139242 0.140407 0.141567 0.142722 0.143871 0.145015 0.146156 0.147292 0.148425 0.149555 0.150682 0.151808 0.152932 0.154054 0.155176 0.156298 0.157421 0.158544 0.159669 0.160796 0.161926 0.163060 0.164197 0.165339 0.166487 0.167641 0.168802 0.169970 0.171148 0.172334 0.173532 0.174740
0.116768 0.117931 0.119327 0.120761 0.122169 0.123539 0.124873 0.126180 0.127465 0.128733 0.129988 0.131230 0.132463 0.133687 0.134903 0.136112 0.137313 0.138507 0.139695 0.140877 0.142053 0.143224 0.144391 0.145552 0.146709 0.147863 0.149013 0.150160 0.151305 0.152447 0.153588 0.154728 0.155868 0.157007 0.158147 0.159288 0.160430 0.161575 0.162723 0.163874 0.165029 0.166189 0.167355 0.168528 0.169707 0.170895 0.172091 0.173298 0.174516 0.175745
0.118040 0.118518 0.119771 0.121157 0.122534 0.123881 0.125200 0.126499 0.127781 0.129051 0.130310 0.131561 0.132803 0.134038 0.135266 0.136487 0.137701 0.138909 0.140112 0.141308 0.142499 0.143685 0.144866 0.146043 0.147215 0.148384 0.149549 0.150712 0.151872 0.153030 0.154186 0.155342 0.156497 0.157652 0.158807 0.159963 0.161121 0.162282 0.163445 0.164612 0.165784 0.166960 0.168143 0.169332 0.170528 0.171733 0.172947 0.174172 0.175408 0.176656
0.114723 0.118365 0.120272 0.121704 0.123007 0.124278 0.125545 0.126811 0.128078 0.129342 0.130603 0.131860 0.133112 0.134357 0.135597 0.136831 0.138059 0.139281 0.140496 0.141707 0.142912 0.144111 0.145306 0.146497 0.147683 0.148866 0.150045 0.151222 0.152396 0.153568 0.154738 0.155907 0.157076 0.158244 0.159414 0.160584 0.161756 0.162931 0.164108 0.165289 0.166475 0.167666 0.168863 0.170067 0.171278 0.172498 0.173728 0.174969 0.176221 0.177487
0.121623 0.120764 0.121271 0.122208 0.123319 0.124514 0.125752 0.127014 0.128287 0.129563 0.130839 0.132111 0.133379 0.134641 0.135897 0.137146 0.138389 0.139626 0.140856 0.142081 0.143300 0.144513 0.145722 0.146925 0.148125 0.149320 0.150513 0.151702 0.152888 0.154073 0.155256 0.156437 0.157618 0.158799 0.159981 0.161163 0.162348 0.163534 0.164724 0.165918 0.167116 0.168319 0.169529 0.170746 0.171970 0.173204 0.174448 0.175703 0.176970 0.178250
0.119264 0.119919 0.120779 0.121887 0.123127 0.124425 0.125745 0.127071 0.128394 0.129711 0.131021 0.132323 0.133615 0.134900 0.136176 0.137444 0.138704 0.139957 0.141203 0.142442 0.143675 0.144902 0.146123 0.147340 0.148552 0.149760 0.150964 0.152165 0.153363 0.154558 0.155752 0.156945 0.158137 0.159329 0.160521 0.161714 0.162909 0.164106 0.165307 0.166511 0.167720 0.168934 0.170155 0.171383 0.172619 0.173864 0.175120 0.176387 0.177667 0.178961
0.115200 0.117271 0.119278 0.121061 0.122684 0.124209 0.125671 0.127092 0.128482 0.129850 0.131200 0.132533 0.133854 0.135161 0.136458 0.137745 0.139023 0.140291 0.141552 0.142805 0.144052 0.145292 0.146526 0.147754 0.148978 0.150197 0.151412 0.152623 0.153832 0.155038 0.156242 0.157444 0.158645 0.159846 0.161048 0.162250 0.163454 0.164661 0.165870 0.167083 0.168301 0.169524 0.170754 0.171991 0.173237 0.174492 0.175758 0.177035 0.178326 0.179632
0.112022 0.116336 0.118959 0.120962 0.122692 0.124283 0.125793 0.127252 0.128675 0.130070 0.131443 0.132797 0.134136 0.135462 0.136775 0.138077 0.139368 0.140651 0.141925 0.143190 0.144449 0.145700 0.146945 0.148184 0.149418 0.150647 0.151872 0.153092 0.154310 0.155524 0.156736 0.157947 0.159156 0.160365 0.161574 0.162784 0.163995 0.165209 0.166425 0.167646 0.168871 0.170101 0.171339 0.172583 0.173837 0.175100 0.176374 0.177660 0.178960 0.180276
0.120252 0.119785 0.120669 0.121946 0.123345 0.124776 0.126207 0.127626 0.129030 0.130418 0.131790 0.133149 0.134494 0.135827 0.137149 0.138461 0.139762 0.141055 0.142338 0.143614 0.144882 0.146143 0.147397 0.148645 0.149887 0.151124 0.152356 0.153585 0.154809 0.156031 0.157250 0.158466 0.159682 0.160897 0.162112 0.163327 0.164544 0.165763 0.166985 0.168211 0.169441 0.170677 0.171920 0.173170 0.174429 0.175699 0.176980 0.178273 0.179581 0.180905
0.120032 0.120877 0.121733 0.122829 0.124079 0.125405 0.126764 0.128136 0.129508 0.130876 0.132237 0.133590 0.134934 0.136269 0.137595 0.138911 0.140218 0.141517 0.142808 0.144090 0.145365 0.146633 0.147894 0.149148 0.150397 0.151640 0.152878 0.154111 0.155341 0.156568 0.157791 0.159013 0.160232 0.161451 0.162670 0.163889 0.165109 0.166332 0.167557 0.168786 0.170020 0.171260 0.172507 0.173761 0.175025 0.176299 0.177585 0.178884 0.180199 0.181530
0.119331 0.120246 0.121719 0.123170 0.124569 0.125944 0.127311 0.128676 0.130039 0.131399 0.132754 0.134104 0.135448 0.136784 0.138112 0.139432 0.140743 0.142046 0.143341 0.144629 0.145908 0.147180 0.148445 0.149704 0.150956 0.152203 0.153444 0.154681 0.155914 0.157143 0.158369 0.159592 0.160814 0.162035 0.163255 0.164476 0.165698 0.166922 0.168149 0.169380 0.170616 0.171857 0.173106 0.174363 0.175629 0.176907 0.178197 0.179501 0.180821 0.182159
0.114991 0.119541 0.121843 0.123526 0.125016 0.126437 0.127831 0.129213 0.130588 0.131958 0.133321 0.134677 0.136026 0.137367 0.138700 0.140024 0.141339 0.142645 0.143943 0.145233 0.146515 0.147789 0.149056 0.150316 0.151569 0.152817 0.154060 0.155297 0.156530 0.157759 0.158986 0.160209 0.161431 0.162651 0.163872 0.165092 0.166314 0.167537 0.168764 0.169995 0.171230 0.172472 0.173722 0.174980 0.176248 0.177527 0.178820 0.180128 0.181453 0.182797
0.124364 0.122519 0.123046 0.124211 0.125557 0.126956 0.128366 0.129773 0.131173 0.132563 0.133944 0.135313 0.136672 0.138021 0.139359 0.140686 0.142004 0.143312 0.144611 0.145901 0.147183 0.148457 0.149723 0.150982 0.152234 0.153481 0.154722 0.155957 0.157189 0.158416 0.159640 0.160861 0.162081 0.163299 0.164517 0.165736 0.166955 0.168177 0.169402 0.170631 0.171865 0.173106 0.174355 0.175613 0.176882 0.178163 0.179459 0.180770 0.182100 0.183451
0.119053 0.121539 0.123116 0.124576 0.126037 0.127501 0.128959 0.130405 0.131834 0.133248 0.134645 0.136026 0.137393 0.138747 0.140088 0.141417 0.142734 0.144042 0.145339 0.146626 0.147905 0.149176 0.150439 0.151694 0.152943 0.154186 0.155423 0.156655 0.157882 0.159106 0.160326 0.161544 0.162759 0.163974 0.165188 0.166403 0.167619 0.168837 0.170059 0.171285 0.172517 0.173757 0.175004 0.176262 0.177531 0.178814 0.180113 0.181429 0.182764 0.184123
0.119440 0.121401 0.123294 0.125020 0.126637 0.128189 0.129697 0.131171 0.132617 0.134039 0.135441 0.136824 0.138190 0.139541 0.140878 0.142203 0.143516 0.144818 0.146110 0.147392 0.148666 0.149931 0.151189 0.152439 0.153683 0.154920 0.156152 0.157378 0.158600 0.159819 0.161034 0.162246 0.163457 0.164667 0.165876 0.167086 0.168298 0.169512 0.170730 0.171953 0.173183 0.174420 0.175666 0.176924 0.178194 0.179479 0.180782 0.182103 0.183447 0.184816
0.120572 0.122559 0.124335 0.126008 0.127606 0.129144 0.130638 0.132095 0.133525 0.134931 0.136317 0.137685 0.139039 0.140378 0.141705 0.143020 0.144324 0.145617 0.146902 0.148177 0.149444 0.150702 0.151953 0.153198 0.154435 0.155666 0.156892 0.158113 0.159329 0.160542 0.161751 0.162958 0.164163 0.165367 0.166571 0.167776 0.168983 0.170193 0.171408 0.172628 0.173855 0.175091 0.176337 0.177595 0.178868 0.180157 0.181465 0.182796 0.184151 0.185534
0.123418 0.124552 0.125950 0.127402 0.128854 0.130290 0.131706 0.133105 0.134488 0.135857 0.137213 0.138557 0.139891 0.141214 0.142527 0.143831 0.145125 0.146410 0.147687 0.148955 0.150215 0.151468 0.152713 0.153951 0.155183 0.156409 0.157629 0.158844 0.160055 0.161261 0.162465 0.163666 0.164866 0.166065 0.167264 0.168464 0.169667 0.170873 0.172085 0.173302 0.174528 0.175764 0.177011 0.178272 0.179550 0.180846 0.182164 0.183507 0.184878 0.186282
0.124413 0.126029 0.127389 0.128713 0.130039 0.131371 0.132707 0.134044 0.135381 0.136715 0.138045 0.139369 0.140688 0.141999 0.143303 0.144600 0.145888 0.147169 0.148441 0.149705 0.150961 0.152210 0.153451 0.154685 0.155913 0.157134 0.158349 0.159559 0.160765 0.161967 0.163166 0.164362 0.165557 0.166751 0.167946 0.169142 0.170341 0.171545 0.172754 0.173971 0.175198 0.176435 0.177687 0.178954 0.180240 0.181548 0.182880 0.184242 0.185637 0.187069
0.126391 0.127200 0.128362 0.129596 0.130860 0.132147 0.133451 0.134767 0.136091 0.137418 0.138745 0.140069 0.141388 0.142701 0.144008 0.145306 0.146596 0.147878 0.149151 0.150416 0.151671 0.152919 0.154159 0.155391 0.156615 0.157833 0.159045 0.160252 0.161454 0.162651 0.163846 0.165038 0.166228 0.167419 0.168610 0.169804 0.171001 0.172204 0.173413 0.174632 0.175861 0.177104 0.178363 0.179641 0.180940 0.182266 0.183621 0.185010 0.186437 0.187910
0.125373 0.127258 0.128607 0.129892 0.131197 0.132528 0.133876 0.135234 0.136594 0.137954 0.139308 0.140656 0.141996 0.143326 0.144647 0.145956 0.147256 0.148545 0.149823 0.151091 0.152349 0.153598 0.154838 0.156069 0.157292 0.158508 0.159717 0.160920 0.162118 0.163312 0.164503 0.165691 0.166879 0.168066 0.169255 0.170447 0.171644 0.172848 0.174060 0.175283 0.176519 0.177772 0.179043 0.180338 0.181658 0.183010 0.184397 0.185824 0.187299 0.188827
0.127066 0.127259 0.128365 0.129736 0.131182 0.132645 0.134105 0.135553 0.136987 0.138406 0.139809 0.141195 0.142566 0.143921 0.145261 0.146586 0.147897 0.149194 0.150479 0.151751 0.153012 0.154261 0.155500 0.156730 0.157951 0.159164 0.160369 0.161569 0.162763 0.163953 0.165139 0.166324 0.167509 0.168694 0.169882 0.171074 0.172273 0.173480 0.174698 0.175930 0.177177 0.178445 0.179737 0.181056 0.182407 0.183795 0.185227 0.186709 0.188249 0.189854
0.123212 0.125643 0.127660 0.129474 0.131181 0.132818 0.134403 0.135945 0.137451 0.138925 0.140370 0.141789 0.143184 0.144558 0.145911 0.147246 0.148564 0.149865 0.151151 0.152423 0.153682 0.154929 0.156165 0.157390 0.158605 0.159813 0.161013 0.162206 0.163395 0.164580 0.165762 0.166943 0.168124 0.169308 0.170496 0.171690 0.172893 0.174107 0.175334 0.176579 0.177845 0.179136 0.180456 0.181811 0.183205 0.184646 0.186141 0.187698 0.189327 0.191039
0.122330 0.125675 0.127963 0.129917 0.131719 0.133424 0.135058 0.136636 0.138166 0.139656 0.141111 0.142536 0.143934 0.145307 0.146658 0.147988 0.149300 0.150595 0.151873 0.153137 0.154386 0.155624 0.156849 0.158065 0.159271 0.160468 0.161659 0.162844 0.164024 0.165202 0.166378 0.167554 0.168733 0.169916 0.171105 0.172303 0.173513 0.174738 0.175981 0.177246 0.178538 0.179862 0.181223 0.182627 0.184082 0.185596 0.187178 0.188839 0.190590 0.192446
0.128836 0.128435 0.129730 0.131362 0.133020 0.134639 0.136209 0.137735 0.139221 0.140673 0.142096 0.143491 0.144861 0.146209 0.147536 0.148844 0.150134 0.151408 0.152667 0.153911 0.155143 0.156362 0.157570 0.158769 0.159960 0.161143 0.162320 0.163492 0.164662 0.165830 0.166998 0.168169 0.169344 0.170527 0.171719 0.172924 0.174146 0.175387 0.176653 0.177948 0.179277 0.180648 0.182066 0.183540 0.185078 0.186692 0.188393 0.190195 0.192114 0.194169
0.125695 0.129659 0.131743 0.133373 0.134878 0.136338 0.137772 0.139185 0.140578 0.141952 0.143307 0.144644 0.145963 0.147265 0.148550 0.149820 0.151075 0.152315 0.153543 0.154758 0.155961 0.157154 0.158338 0.159514 0.160683 0.161846 0.163005 0.164161 0.165316 0.166473 0.167632 0.168797 0.169970 0.171154 0.172353 0.173570 0.174808 0.176074 0.177373 0.178709 0.180091 0.181526 0.183023 0.184593 0.186246 0.187997 0.189861 0.191857 0.194005 0.196331
0.133955 0.133693 0.134588 0.135743 0.136978 0.138247 0.139532 0.140823 0.142114 0.143400 0.144679 0.145947 0.147204 0.148449 0.149683 0.150904 0.152114 0.153312 0.154500 0.155678 0.156846 0.158006 0.159159 0.160306 0.161447 0.162586 0.163723 0.164859 0.165998 0.167141 0.168291 0.169450 0.170623 0.171812 0.173021 0.174256 0.175521 0.176823 0.178167 0.179563 0.181017 0.182542 0.184147 0.185848 0.187658 0.189595 0.191682 0.193941 0.196403 0.199100
0.134763 0.135859 0.136761 0.137786 0.138907 0.140081 0.141283 0.142497 0.143715 0.144932 0.146144 0.147349 0.148546 0.149734 0.150913 0.152082 0.153243 0.154394 0.155536 0.156671 0.157799 0.158920 0.160037 0.161150 0.162260 0.163370 0.164481 0.165596 0.166717 0.167846 0.168987 0.170143 0.171318 0.172517 0.173744 0.175007 0.176310 0.177662 0.179072 0.180548 0.182104 0.183751 0.185505 0.187383 0.189406 0.191599 0.193988 0.196607 0.199496 0.202700
0.136366 0.136960 0.138121 0.139350 0.140574 0.141785 0.142984 0.144173 0.145352 0.146522 0.147683 0.148834 0.149977 0.151111 0.152235 0.153351 0.154459 0.155560 0.156654 0.157741 0.158824 0.159902 0.160978 0.162053 0.163129 0.164207 0.165290 0.166382 0.167484 0.168599 0.169733 0.170890 0.172073 0.173290 0.174546 0.175849 0.177207 0.178630 0.180130 0.181719 0.183411 0.185226 0.187181 0.189302 0.191614 0.194152 0.196952 0.200061 0.203530 0.207424
0.134199 0.137556 0.139491 0.140997 0.142332 0.143582 0.144781 0.145948 0.147092 0.148219 0.149330 0.150429 0.151517 0.152594 0.153663 0.154723 0.155775 0.156821 0.157861 0.158897 0.159930 0.160961 0.161992 0.163026 0.164063 0.165107 0.166162 0.167229 0.168312 0.169417 0.170548 0.171710 0.172910 0.174155 0.175454 0.176816 0.178251 0.179774 0.181397 0.183139 0.185019 0.187059 0.189288 0.191735 0.194439 0.197442 0.200798 0.204565 0.208816 0.213630
0.141409 0.141202 0.142198 0.143386 0.144571 0.145725 0.146850 0.147950 0.149030 0.150094 0.151142 0.152178 0.153203 0.154217 0.155222 0.156220 0.157210 0.158196 0.159177 0.160155 0.161133 0.162111 0.163093 0.164081 0.165077 0.166085 0.167108 0.168151 0.169219 0.170316 0.171450 0.172627 0.173855 0.175144 0.176505 0.177949 0.179492 0.181150 0.182943 0.184892 0.187023 0.189368 0.191962 0.194848 0.198076 0.201703 0.205799 0.210441 0.215715 0.221706
0.141956 0.144172 0.145298 0.146268 0.147244 0.148236 0.149234 0.150229 0.151217 0.152196 0.153164 0.154122 0.155071 0.156010 0.156942 0.157867 0.158787 0.159704 0.160618 0.161532 0.162447 0.163368 0.164295 0.165233 0.166184 0.167154 0.168146 0.169167 0.170221 0.171317 0.172462 0.173665 0.174937 0.176291 0.177739 0.179299 0.180989 0.182831 0.184850 0.187076 0.189544 0.192295 0.195376 0.198843 0.202764 0.207212 0.212272 0.218031 0.224564 0.231896
0.149237 0.148263 0.148583 0.149281 0.150108 0.150981 0.151871 0.152764 0.153653 0.154537 0.155413 0.156281 0.157142 0.157996 0.158843 0.159686 0.160525 0.161363 0.162201 0.163043 0.163889 0.164745 0.165612 0.166495 0.167399 0.168329 0.169291 0.170291 0.171338 0.172441 0.173609 0.174855 0.176192 0.177637 0.179206 0.180923 0.182810 0.184898 0.187218 0.189812 0.192723 0.196008 0.199727 0.203953 0.208769 0.214261 0.220513 0.227580 0.235428 0.243811
0.148360 0.150047 0.151202 0.152171 0.153058 0.153903 0.154726 0.155533 0.156329 0.157116 0.157893 0.158664 0.159427 0.160184 0.160937 0.161687 0.162436 0.163186 0.163939 0.164700 0.165470 0.166254 0.167056 0.167881 0.168735 0.169625 0.170558 0.171544 0.172591 0.173712 0.174919 0.176229 0.177659 0.179228 0.180962 0.182888 0.185037 0.187447 0.190163 0.193235 0.196724 0.200697 0.205234 0.210420 0.216343 0.223076 0.230638 0.238909 0.247453 0.255161
0.151146 0.153211 0.154521 0.155503 0.156343 0.157114 0.157849 0.158560 0.159255 0.159937 0.160609 0.161273 0.161930 0.162581 0.163230 0.163877 0.164526 0.165179 0.165839 0.166511 0.167197 0.167904 0.168636 0.169400 0.170203 0.171055 0.171963 0.172941 0.173999 0.175154 0.176422 0.177823 0.179379 0.181117 0.183068 0.185268 0.187758 0.190587 0.193811 0.197495 0.201715 0.206553 0.212099 0.218434 0.225611 0.233601 0.242166 0.250627 0.257389 0.259167
0.158928 0.158681 0.158979 0.159493 0.160079 0.160683 0.161282 0.161871 0.162448 0.163013 0.163567 0.164114 0.164654 0.165190 0.165724 0.166259 0.166799 0.167346 0.167904 0.168479 0.169076 0.169700 0.170359 0.171060 0.171814 0.172630 0.173520 0.174500 0.175584 0.176793 0.178147 0.179673 0.181398 0.183357 0.185590 0.188142 0.191066 0.194425 0.198287 0.202734 0.207852 0.213727 0.220435 0.228000 0.236325 0.245033 0.253158 0.258560 0.257011 0.241239
0.163597 0.163095 0.163258 0.163636 0.164083 0.164548 0.165012 0.165467 0.165911 0.166344 0.166769 0.167186 0.167598 0.168007 0.168417 0.168831 0.169252 0.169685 0.170135 0.170608 0.171109 0.171647 0.172230 0.172869 0.173574 0.174360 0.175242 0.176237 0.177366 0.178653 0.180126 0.181816 0.183761 0.186003 0.188592 0.191586 0.195051 0.199062 0.203703 0.209062 0.215222 0.222246 0.230121 0.238677 0.247379 0.254956 0.258711 0.253507 0.230919 0.180639
0.164456 0.166455 0.167370 0.167915 0.168328 0.168686 0.169016 0.169330 0.169630 0.169920 0.170202 0.170479 0.170753 0.171027 0.171304 0.171588 0.171884 0.172196 0.172531 0.172896 0.173298 0.173747 0.174254 0.174831 0.175493 0.176257 0.177141 0.178168 0.179364 0.180758 0.182386 0.184287 0.186508 0.189102 0.192130 0.195664 0.199782 0.204570 0.210117 0.216502 0.223768 0.231869 0.240552 0.249129 0.256036 0.258073 0.249322 0.220465 0.161193 0.072277
0.172225 0.172301 0.172497 0.172714 0.172918 0.173102 0.173270 0.173425 0.173570 0.173709 0.173842 0.173972 0.174102 0.174234 0.174373 0.174522 0.174687 0.174874 0.175090 0.175343 0.175643 0.176002 0.176434 0.176952 0.177577 0.178327 0.179227 0.180305 0.181592 0.183126 0.184950 0.187112 0.189670 0.192690 0.196244 0.200415 0.205291 0.210960 0.217495 0.224922 0.233160 0.241883 0.250269 0.256516 0.257028 0.245324 0.211481 0.145277 0.051692 0.000001
0.179358 0.178110 0.177789 0.177710 0.177693 0.177691 0.177689 0.177685 0.177677 0.177666 0.177652 0.177637 0.177623 0.177613 0.177612 0.177623 0.177655 0.177713 0.177806 0.177946 0.178143 0.178412 0.178769 0.179233 0.179827 0.180574 0.181506 0.182655 0.184060 0.185768 0.187830 0.190305 0.193263 0.196780 0.200940 0.205833 0.211547 0.218147 0.225648 0.233938 0.242640 0.250838 0.256572 0.256013 0.242384 0.205452 0.134853 0.037907 0.000001 0.000001
0.180746 0.182334 0.182616 0.182569 0.182447 0.182312 0.182176 0.182038 0.181896 0.181751 0.181601 0.181449 0.181296 0.181147 0.181007 0.180881 0.180777 0.180705 0.180675 0.180699 0.180792 0.180972 0.181257 0.181672 0.182242 0.182998 0.183975 0.185216 0.186766 0.188681 0.191022 0.193860 0.197275 0.201353 0.206184 0.211855 0.218430 0.225914 0.234181 0.242826 0.250894 0.256376 0.255395 0.241159 0.203437 0.131389 0.031875 0.000001 0.000001 0.000001
0.189639 0.188258 0.187698 0.187379 0.187135 0.186910 0.186684 0.186450 0.186203 0.185944 0.185672 0.185392 0.185107 0.184823 0.184545 0.184282 0.184043 0.183840 0.183684 0.183593 0.183582 0.183673 0.183889 0.184258 0.184811 0.185586 0.186625 0.187976 0.189695 0.191848 0.194505 0.197748 0.201665 0.206349 0.211886 0.218340 0.225716 0.233887 0.242455 0.250486 0.256032 0.255356 0.241931 0.205834 0.135670 0.034545 0.000001 0.000001 0.000001 0.000001
0.193149 0.192469 0.192169 0.191963 0.191756 0.191521 0.191252 0.190948 0.190613 0.190250 0.189863 0.189459 0.189044 0.188624 0.188209 0.187808 0.187433 0.187097 0.186815 0.186607 0.186492 0.186495 0.186644 0.186972 0.187515 0.188318 0.189430 0.190908 0.192817 0.195231 0.198232 0.201910 0.206358 0.211666 0.217901 0.225075 0.233077 0.241546 0.249626 0.255533 0.255843 0.244531 0.212278 0.147535 0.046936 0.000001 0.000001 0.000001 0.000001 0.000001
0.194448 0.196132 0.196628 0.196683 0.196542 0.196293 0.195967 0.195581 0.195146 0.194670 0.194161 0.193628 0.193078 0.192521 0.191966 0.191426 0.190913 0.190444 0.190037 0.189712 0.189493 0.189410 0.189494 0.189784 0.190322 0.191160 0.192354 0.193970 0.196082 0.198774 0.202136 0.206262 0.211246 0.217162 0.224037 0.231789 0.240117 0.248290 0.254767 0.256567 0.248375 0.221733 0.165478 0.070404 0.000001 0.000001 0.000001 0.000001 0.000001 0.000001
0.203235 0.202588 0.202279 0.202008 0.201688 0.201299 0.200844 0.200328 0.199763 0.199154 0.198511 0.197842 0.197154 0.196458 0.195764 0.195086 0.194438 0.193838 0.193306 0.192867 0.192547 0.192379 0.192401 0.192655 0.193192 0.194068 0.195349 0.197109 0.199431 0.202405 0.206130 0.210700 0.216199 0.222673 0.230078 0.238191 0.246432 0.253552 0.257092 0.252587 0.232683 0.187019 0.104555 0.000001 0.000001 0.000001 0.000001 0.000001 0.000001 0.000001
0.209830 0.208655 0.208003 0.207470 0.206928 0.206345 0.205716 0.205043 0.204331 0.203584 0.202807 0.202005 0.201185 0.200358 0.199533 0.198724 0.197948 0.197223 0.196573 0.196023 0.195606 0.195357 0.195318 0.195539 0.196076 0.196992 0.198360 0.200263 0.202791 0.206043 0.210118 0.215108 0.221079 0.228030 0.235818 0.244026 0.251706 0.256952 0.256210 0.243404 0.209383 0.143009 0.036932 0.000001 0.000001 0.000001 0.000001 0.000001 0.000001 0.000001
0.212828 0.213364 0.213105 0.212520 0.211817 0.211067 0.210291 0.209489 0.208660 0.207802 0.206917 0.206007 0.205078 0.204138 0.203199 0.202275 0.201383 0.200545 0.199785 0.199134 0.198625 0.198299 0.198203 0.198392 0.198928 0.199880 0.201331 0.203369 0.206093 0.209604 0.214004 0.219376 0.225758 0.233086 0.241093 0.249121 0.255784 0.258422 0.252305 0.229840 0.180661 0.094140 0.000001 0.000001 0.000001 0.000001 0.000001 0.000001 0.000001 0.000001
0.218966 0.218675 0.217752 0.216828 0.215967 0.215139 0.214314 0.213471 0.212598 0.211690 0.210745 0.209767 0.208761 0.207737 0.206708 0.205688 0.204698 0.203761 0.202904 0.202159 0.201566 0.201168 0.201017 0.201173 0.201704 0.202688 0.204211 0.206370 0.209269 0.213014 0.217703 0.223407 0.230129 0.237732 0.245806 0.253423 0.258721 0.258255 0.246162 0.213611 0.149734 0.045424 0.000001 0.000001 0.000001 0.000001 0.000001 0.000001 0.000001 0.000001
0.227066 0.222464 0.220753 0.219842 0.219138 0.218459 0.217743 0.216970 0.216133 0.215233 0.214275 0.213266 0.212214 0.211132 0.210034 0.208939 0.207867 0.206845 0.205901 0.205073 0.204402 0.203936 0.203731 0.203853 0.204374 0.205378 0.206959 0.209219 0.212267 0.216211 0.221146 0.227127 0.234119 0.241910 0.249937 0.257001 0.260768 0.257053 0.239011 0.196939 0.120079 0.002628 0.000001 0.000001 0.000001 0.000001 0.000001 0.000001 0.000001 0.000001
0.216437 0.220467 0.221644 0.221897 0.221750 0.221374 0.220835 0.220168 0.219391 0.218519 0.217566 0.216541 0.215460 0.214335 0.213184 0.212026 0.210885 0.209788 0.208769 0.207865 0.207121 0.206590 0.206331 0.206413 0.206915 0.207927 0.209547 0.211883 0.215048 0.219152 0.224285 0.230486 0.237687 0.245600 0.253525 0.260012 0.262308 0.255597 0.232266 0.182099 0.094801 0.000001 0.000001 0.000001 0.000001 0.000001 0.000001 0.000001 0.000001 0.000001
0.223638 0.224055 0.224647 0.224870 0.224776 0.224448 0.223944 0.223297 0.222529 0.221657 0.220692 0.219647 0.218535 0.217371 0.216172 0.214959 0.213757 0.212595 0.211507 0.210533 0.209720 0.209124 0.208808 0.208845 0.209319 0.210322 0.211959 0.214342 0.217588 0.221808 0.227089 0.233457 0.240814 0.248813 0.256642 0.262650 0.263758 0.254673 0.227258 0.171045 0.076289 0.000001 0.000001 0.000001 0.000001 0.000001 0.000001 0.000001 0.000001 0.000001
0.230137 0.229859 0.229307 0.228813 0.228318 0.227767 0.227134 0.226409 0.225590 0.224679 0.223681 0.222603 0.221457 0.220254 0.219011 0.217749 0.216492 0.215271 0.214119 0.213079 0.212201 0.211541 0.211165 0.211150 0.211582 0.212559 0.214189 0.216587 0.219874 0.224163 0.229538 0.236020 0.243491 0.251565 0.259357 0.265088 0.265472 0.254928 0.225021 0.165201 0.066141 0.000001 0.000001 0.000001 0.000001 0.000001 0.000001 0.000001 0.000001 0.000001
0.237583 0.234577 0.233239 0.232355 0.231610 0.230893 0.230149 0.229349 0.228478 0.227529 0.226499 0.225392 0.224215 0.222980 0.221700 0.220396 0.219092 0.217818 0.216609 0.215509 0.214567 0.213842 0.213403 0.213328 0.213706 0.214637 0.216232 0.218611 0.221897 0.226205 0.231620 0.238163 0.245710 0.253863 0.261711 0.267431 0.267670 0.256757 0.226177 0.165384 0.065214 0.000001 0.000001 0.000001 0.000001 0.000001 0.000001 0.000001 0.000001 0.000001
0.233027 0.235127 0.235147 0.234688 0.234100 0.233448 0.232732 0.231946 0.231080 0.230130 0.229096 0.227981 0.226790 0.225536 0.224231 0.222896 0.221554 0.220236 0.218977 0.217821 0.216818 0.216029 0.215523 0.215379 0.215688 0.216553 0.218086 0.220409 0.223648 0.227921 0.233319 0.239866 0.247449 0.255683 0.263687 0.269681 0.270387 0.260248 0.230877 0.171791 0.073703 0.000001 0.000001 0.000001 0.000001 0.000001 0.000001 0.000001 0.000001 0.000001
0.239750 0.237295 0.236661 0.236326 0.235952 0.235473 0.234881 0.234181 0.233374 0.232465 0.231458 0.230358 0.229174 0.227916 0.226600 0.225246 0.223876 0.222523 0.221221 0.220013 0.218953 0.218098 0.217520 0.217298 0.217523 0.218299 0.219740 0.221968 0.225112 0.229293 0.234610 0.241098 0.248666 0.256973 0.265209 0.271728 0.273464 0.265168 0.238795 0.184017 0.091184 0.000001 0.000001 0.000001 0.000001 0.000001 0.000001 0.000001 0.000001 0.000001
0.234586 0.236805 0.237530 0.237698 0.237576 0.237259 0.236786 0.236176 0.235439 0.234584 0.233617 0.232545 0.231378 0.230128 0.228810 0.227444 0.226055 0.224672 0.223332 0.222077 0.220959 0.220038 0.219382 0.219071 0.219197 0.219861 0.221178 0.223271 0.226268 0.230296 0.235461 0.241817 0.249304 0.257645 0.266145 0.273359 0.276557 0.270979 0.249150 0.201060 0.116589 0.000001 0.000001 0.000001 0.000001 0.000001 0.000001 0.000001 0.000001 0.000001
0.238458 0.239285 0.239558 0.239554 0.239381 0.239070 0.238630 0.238062 0.237369 0.236552 0.235616 0.234569 0.233418 0.232176 0.230858 0.229484 0.228078 0.226670 0.225294 0.223993 0.222818 0.221826 0.221086 0.220676 0.220685 0.221213 0.222374 0.224288 0.227086 0.230896 0.235832 0.241969 0.249289 0.257589 0.266317 0.274283 0.279181 0.276898 0.260754 0.221326 0.148132 0.034028 0.000001 0.000001 0.000001 0.000001 0.000001 0.000001 0.000001 0.000001
0.245162 0.242940 0.242040 0.241595 0.241258 0.240890 0.240436 0.239874 0.239192 0.238390 0.237468 0.236430 0.235286 0.234046 0.232725 0.231341 0.229918 0.228484 0.227074 0.225727 0.224493 0.223428 0.222597 0.222077 0.221952 0.222321 0.223293 0.224986 0.227529 0.231053 0.235680 0.241502 0.248545 0.256688 0.265535 0.274173 0.280776 0.281982 0.272119 0.242690 0.183230 0.084710 0.000001 0.000001 0.000001 0.000001 0.000001 0.000001 0.000001 0.000001
0.243252 0.243178 0.243189 0.243093 0.242880 0.242551 0.242106 0.241541 0.240855 0.240048 0.239121 0.238080 0.236932 0.235686 0.234357 0.232961 0.231520 0.230062 0.228618 0.227226 0.225934 0.224793 0.223867 0.223227 0.222954 0.223142 0.223894 0.225326 0.227562 0.230732 0.234965 0.240370 0.247010 0.254845 0.263627 0.272724 0.280794 0.285272 0.281634 0.262669 0.218534 0.138935 0.021359 0.000001 0.000001 0.000001 0.000001 0.000001 0.000001 0.000001
0.239849 0.243229 0.244210 0.244414 0.244293 0.243982 0.243526 0.242942 0.242234 0.241408 0.240466 0.239413 0.238255 0.237001 0.235663 0.234257 0.232803 0.231325 0.229852 0.228421 0.227073 0.225858 0.224834 0.224069 0.223637 0.223626 0.224135 0.225270 0.227152 0.229908 0.233667 0.238551 0.244655 0.252005 0.260489 0.269722 0.278813 0.285961 0.287831 0.278761 0.250225 0.191689 0.094225 0.000001 0.000001 0.000001 0.000001 0.000001 0.000001 0.000001
0.250441 0.247140 0.246217 0.245817 0.245467 0.245046 0.244524 0.243893 0.243152 0.242302 0.241344 0.240282 0.239121 0.237866 0.236530 0.235124 0.233667 0.232179 0.230688 0.229226 0.227831 0.226549 0.225431 0.224540 0.223946 0.223727 0.223974 0.224788 0.226280 0.228570 0.231787 0.236058 0.241498 0.248186 0.256113 0.265099 0.274629 0.283569 0.289687 0.288938 0.274669 0.237386 0.166445 0.057335 0.000001 0.000001 0.000001 0.000001 0.000001 0.000001
0.245412 0.246646 0.246627 0.246318 0.245903 0.245407 0.244828 0.244160 0.243399 0.242541 0.241586 0.240535 0.239389 0.238153 0.236836 0.235448 0.234005 0.232525 0.231032 0.229554 0.228126 0.226788 0.225587 0.224579 0.223826 0.223399 0.223379 0.223859 0.224939 0.226732 0.229358 0.232945 0.237617 0.243485 0.250612 0.258968 0.268321 0.278058 0.286857 0.292146 0.289326 0.270995 0.227029 0.147128 0.035565 0.000001 0.000001 0.000001 0.000001 0.000001
0.246239 0.246254 0.246067 0.245726 0.245288 0.244776 0.244193 0.243536 0.242797 0.241971 0.241054 0.240044 0.238943 0.237752 0.236479 0.235132 0.233724 0.232271 0.230795 0.229321 0.227878 0.226502 0.225234 0.224124 0.223225 0.222601 0.222324 0.222473 0.223141 0.224427 0.226442 0.229306 0.233143 0.238078 0.244216 0.251620 0.260247 0.269846 0.279760 0.288571 0.293516 0.289671 0.269185 0.221569 0.137387 0.027738 0.000001 0.000001 0.000001 0.000001
0.246425 0.244975 0.244349 0.243904 0.243478 0.243021 0.242510 0.241930 0.241270 0.240522 0.239682 0.238746 0.237716 0.236594 0.235386 0.234099 0.232746 0.231340 0.229901 0.228449 0.227012 0.225619 0.224307 0.223117 0.222096 0.221299 0.220787 0.220630 0.220906 0.221703 0.223118 0.225260 0.228245 0.232196 0.237236 0.243473 0.250973 0.259703 0.269429 0.279512 0.288553 0.293793 0.290260 0.269985 0.222361 0.138778 0.032462 0.000001 0.000001 0.000001
0.239753 0.240900 0.240916 0.240738 0.240507 0.240221 0.239861 0.239415 0.238874 0.238232 0.237488 0.236640 0.235692 0.234648 0.233514 0.232298 0.231011 0.229666 0.228280 0.226870 0.225460 0.224075 0.222746 0.221506 0.220397 0.219462 0.218755 0.218332 0.218260 0.218613 0.219475 0.220938 0.223106 0.226092 0.230015 0.234998 0.241154 0.248561 0.257212 0.266921 0.277133 0.286583 0.292711 0.290804 0.273141 0.229267 0.150722 0.048399 0.000001 0.000001
0.238763 0.236825 0.236653 0.236740 0.236779 0.236707 0.236512 0.236194 0.235756 0.235200 0.234530 0.233752 0.232870 0.231892 0.230826 0.229679 0.228463 0.227188 0.225868 0.224519 0.223160 0.221811 0.220496 0.219245 0.218089 0.217064 0.216213 0.215583 0.215228 0.215208 0.215592 0.216458 0.217894 0.219995 0.222869 0.226633 0.231408 0.237312 0.244439 0.252818 0.262333 0.272558 0.282453 0.289825 0.290502 0.277409 0.240567 0.170985 0.074034 0.000001
0.226663 0.230685 0.232053 0.232631 0.232870 0.232894 0.232748 0.232454 0.232028 0.231481 0.230824 0.230065 0.229214 0.228278 0.227264 0.226181 0.225037 0.223842 0.222605 0.221340 0.220059 0.218780 0.217520 0.216302 0.215149 0.214091 0.213161 0.212395 0.211836 0.211532 0.211540 0.211920 0.212743 0.214091 0.216051 0.218725 0.222224 0.226666 0.232173 0.238853 0.246774 0.255893 0.265933 0.276126 0.284750 0.288384 0.280957 0.253385 0.196032 0.107678
0.231131 0.229276 0.229099 0.229143 0.229099 0.228915 0.228594 0.228154 0.227608 0.226972 0.226256 0.225468 0.224616 0.223704 0.222740 0.221727 0.220670 0.219576 0.218450 0.217300 0.216136 0.214969 0.213810 0.212676 0.211585 0.210558 0.209619 0.208796 0.208123 0.207637 0.207379 0.207400 0.207755 0.208507 0.209728 0.211501 0.213917 0.217081 0.221107 0.226115 0.232224 0.239532 0.248064 0.257682 0.267886 0.277450 0.283789 0.282075 0.264553 0.221588
0.225122 0.225949 0.225810 0.225406 0.224881 0.224274 0.223607 0.222895 0.222148 0.221373 0.220574 0.219754 0.218913 0.218051 0.217167 0.216261 0.215333 0.214383 0.213414 0.212428 0.211430 0.210425 0.209421 0.208429 0.207460 0.206530 0.205655 0.204856 0.204158 0.203588 0.203180 0.202971 0.203003 0.203326 0.203996 0.205077 0.206644 0.208781 0.211582 0.215155 0.219617 0.225091 0.231693 0.239499 0.248484 0.258376 0.268390 0.276741 0.279883 0.271696
0.223408 0.222408 0.221340 0.220205 0.219079 0.218001 0.216985 0.216034 0.215143 0.214304 0.213507 0.212742 0.212000 0.211273 0.210552 0.209831 0.209104 0.208368 0.207620 0.206858 0.206084 0.205298 0.204505 0.203711 0.202922 0.202149 0.201403 0.200700 0.200057 0.199495 0.199039 0.198716 0.198559 0.198607 0.198903 0.199496 0.200445 0.201815 0.203682 0.206133 0.209266 0.213192 0.218033 0.223913 0.230940 0.239166 0.248493 0.258483 0.268012 0.274681
0.218379 0.215898 0.213736 0.211913 0.210373 0.209074 0.207979 0.207055 0.206270 0.205596 0.205006 0.204481 0.204000 0.203549 0.203114 0.202685 0.202253 0.201812 0.201355 0.200881 0.200385 0.199870 0.199335 0.198783 0.198219 0.197650 0.197084 0.196531 0.196004 0.195520 0.195095 0.194753 0.194517 0.194418 0.194488 0.194768 0.195300 0.196138 0.197340 0.198975 0.201122 0.203870 0.207323 0.211598 0.216819 0.223112 0.230576 0.239228 0.248877 0.258891
0.206683 0.203178 0.200908 0.199249 0.198026 0.197142 0.196519 0.196092 0.195810 0.195632 0.195525 0.195466 0.195433 0.195411 0.195387 0.195351 0.195295 0.195214 0.195102 0.194957 0.194775 0.194558 0.194305 0.194018 0.193700 0.193357 0.192994 0.192620 0.192244 0.191878 0.191537 0.191238 0.191000 0.190846 0.190804 0.190903 0.191179 0.191674 0.192434 0.193514 0.194977 0.196893 0.199348 0.202437 0.206271 0.210972 0.216671 0.223497 0.231534 0.240755
0.182928 0.183466 0.183078 0.182891 0.183003 0.183338 0.183814 0.184369 0.184962 0.185565 0.186158 0.186729 0.187266 0.187763 0.188215 0.188617 0.188967 0.189262 0.189501 0.189684 0.189811 0.189881 0.189898 0.189863 0.189779 0.189651 0.189484 0.189285 0.189062 0.188825 0.188586 0.188358 0.188159 0.188007 0.187923 0.187934 0.188069 0.188360 0.188848 0.189576 0.190595 0.191966 0.193756 0.196044 0.198922 0.202496 0.206887 0.212229 0.218663 0.226321
0.164142 0.162792 0.164258 0.166371 0.168530 0.170571 0.172454 0.174178 0.175752 0.177187 0.178495 0.179685 0.180765 0.181742 0.182621 0.183408 0.184106 0.184720 0.185251 0.185702 0.186077 0.186379 0.186609 0.186773 0.186873 0.186914 0.186902 0.186842 0.186743 0.186613 0.186463 0.186305 0.186153 0.186023 0.185935 0.185911 0.185976 0.186160 0.186496 0.187022 0.187783 0.188830 0.190221 0.192025 0.194319 0.197195 0.200760 0.205135 0.210460 0.216892
0.134258 0.143770 0.150283 0.155267 0.159316 0.162717 0.165634 0.168174 0.170407 0.172386 0.174150 0.175727 0.177141 0.178408 0.179543 0.180556 0.181457 0.182254 0.182951 0.183555 0.184069 0.184499 0.184849 0.185122 0.185323 0.185458 0.185531 0.185549 0.185519 0.185449 0.185350 0.185233 0.185112 0.185000 0.184918 0.184884 0.184922 0.185061 0.185330 0.185766 0.186409 0.187306 0.188513 0.190090 0.192109 0.194656 0.197827 0.201736 0.206515 0.212317
