0.047210 0.047234 0.047199 0.047128 0.047035 0.046932 0.046824 0.046713 0.046604 0.046497 0.046393 0.046295 0.046201 0.046114 0.046032 0.045957 0.045889 0.045827 0.045772 0.045724 0.045682 0.045648 0.045620 0.045599 0.045585 0.045578 0.045577 0.045582 0.045594 0.045613 0.045637 0.045668 0.045705 0.045748 0.045797 0.045851 0.045912 0.045977 0.046048 0.046125 0.046206 0.046292 0.046383 0.046479 0.046580 0.046684 0.046793 0.046906 0.047023 0.047143
0.047961 0.047743 0.047554 0.047393 0.047247 0.047109 0.046977 0.046850 0.046729 0.046614 0.046505 0.046402 0.046306 0.046217 0.046134 0.046058 0.045990 0.045928 0.045874 0.045826 0.045786 0.045752 0.045725 0.045706 0.045693 0.045686 0.045687 0.045694 0.045707 0.045727 0.045753 0.045785 0.045824 0.045868 0.045918 0.045974 0.046036 0.046103 0.046176 0.046254 0.046337 0.046425 0.046518 0.046615 0.046717 0.046823 0.046934 0.047048 0.047166 0.047288
0.048515 0.048187 0.047955 0.047752 0.047567 0.047396 0.047238 0.047092 0.046957 0.046831 0.046715 0.046607 0.046508 0.046416 0.046333 0.046257 0.046188 0.046128 0.046074 0.046028 0.045990 0.045958 0.045933 0.045916 0.045905 0.045901 0.045904 0.045914 0.045930 0.045953 0.045982 0.046017 0.046058 0.046106 0.046159 0.046218 0.046283 0.046354 0.046430 0.046511 0.046597 0.046688 0.046784 0.046885 0.046990 0.047099 0.047213 0.047330 0.047452 0.047577
0.048599 0.048529 0.048333 0.048120 0.047917 0.047730 0.047558 0.047401 0.047258 0.047126 0.047006 0.046895 0.046794 0.046702 0.046619 0.046544 0.046477 0.046418 0.046367 0.046324 0.046288 0.046260 0.046238 0.046224 0.046217 0.046218 0.046225 0.046238 0.046259 0.046286 0.046319 0.046359 0.046405 0.046457 0.046515 0.046579 0.046649 0.046724 0.046805 0.046891 0.046982 0.047078 0.047179 0.047285 0.047395 0.047509 0.047627 0.047750 0.047876 0.048005
0.049401 0.049015 0.048721 0.048477 0.048265 0.048076 0.047906 0.047751 0.047609 0.047479 0.047360 0.047251 0.047152 0.047062 0.046982 0.046910 0.046846 0.046791 0.046744 0.046705 0.046673 0.046649 0.046633 0.046624 0.046623 0.046628 0.046641 0.046660 0.046686 0.046719 0.046759 0.046805 0.046858 0.046916 0.046981 0.047051 0.047128 0.047209 0.047297 0.047389 0.047487 0.047590 0.047698 0.047810 0.047926 0.048047 0.048172 0.048301 0.048433 0.048569
0.049818 0.049297 0.048998 0.048780 0.048595 0.048428 0.048274 0.048132 0.047999 0.047877 0.047765 0.047663 0.047569 0.047485 0.047410 0.047343 0.047285 0.047235 0.047194 0.047160 0.047135 0.047117 0.047108 0.047105 0.047111 0.047124 0.047143 0.047171 0.047205 0.047246 0.047293 0.047347 0.047408 0.047475 0.047548 0.047627 0.047712 0.047802 0.047898 0.047999 0.048105 0.048217 0.048333 0.048453 0.048578 0.048707 0.048841 0.048977 0.049118 0.049262
0.048896 0.049161 0.049156 0.049060 0.048935 0.048803 0.048672 0.048546 0.048427 0.048316 0.048213 0.048119 0.048034 0.047957 0.047889 0.047830 0.047779 0.047737 0.047704 0.047678 0.047661 0.047652 0.047650 0.047657 0.047672 0.047693 0.047723 0.047760 0.047803 0.047854 0.047912 0.047976 0.048047 0.048124 0.048208 0.048297 0.048393 0.048493 0.048600 0.048712 0.048828 0.048950 0.049077 0.049208 0.049343 0.049482 0.049625 0.049772 0.049923 0.050076
0.049787 0.049669 0.049578 0.049470 0.049351 0.049229 0.049110 0.048995 0.048887 0.048787 0.048694 0.048610 0.048534 0.048466 0.048408 0.048358 0.048317 0.048284 0.048260 0.048245 0.048238 0.048240 0.048250 0.048267 0.048293 0.048327 0.048368 0.048417 0.048473 0.048536 0.048606 0.048682 0.048766 0.048856 0.048952 0.049054 0.049162 0.049275 0.049394 0.049519 0.049648 0.049782 0.049921 0.050064 0.050212 0.050363 0.050518 0.050677 0.050839 0.051004
0.050473 0.050345 0.050146 0.049972 0.049825 0.049696 0.049578 0.049470 0.049370 0.049278 0.049195 0.049120 0.049055 0.048998 0.048950 0.048912 0.048883 0.048862 0.048851 0.048849 0.048855 0.048870 0.048893 0.048925 0.048965 0.049013 0.049068 0.049131 0.049202 0.049280 0.049364 0.049456 0.049554 0.049659 0.049770 0.049887 0.050010 0.050138 0.050272 0.050411 0.050555 0.050703 0.050857 0.051014 0.051176 0.051341 0.051510 0.051682 0.051858 0.052036
0.051897 0.050987 0.050633 0.050434 0.050287 0.050161 0.050049 0.049947 0.049855 0.049772 0.049699 0.049635 0.049582 0.049538 0.049504 0.049480 0.049465 0.049460 0.049464 0.049478 0.049500 0.049531 0.049571 0.049620 0.049676 0.049741 0.049814 0.049894 0.049982 0.050077 0.050179 0.050288 0.050403 0.050525 0.050653 0.050787 0.050927 0.051073 0.051223 0.051379 0.051540 0.051705 0.051875 0.052048 0.052226 0.052407 0.052592 0.052780 0.052970 0.053163
0.049764 0.050674 0.050834 0.050795 0.050702 0.050599 0.050498 0.050406 0.050323 0.050251 0.050190 0.050141 0.050102 0.050075 0.050058 0.050051 0.050055 0.050068 0.050091 0.050124 0.050166 0.050217 0.050276 0.050344 0.050421 0.050505 0.050597 0.050697 0.050805 0.050920 0.051041 0.051170 0.051305 0.051446 0.051593 0.051747 0.051906 0.052070 0.052240 0.052414 0.052594 0.052778 0.052966 0.053158 0.053353 0.053552 0.053754 0.053960 0.054167 0.054377
0.052283 0.051595 0.051372 0.051234 0.051115 0.051008 0.050911 0.050828 0.050758 0.050702 0.050658 0.050628 0.050609 0.050602 0.050607 0.050622 0.050647 0.050683 0.050729 0.050784 0.050848 0.050921 0.051003 0.051093 0.051192 0.051298 0.051413 0.051535 0.051664 0.051801 0.051944 0.052094 0.052251 0.052413 0.052582 0.052757 0.052937 0.053122 0.053313 0.053508 0.053708 0.053912 0.054121 0.054333 0.054548 0.054767 0.054988 0.055212 0.055439 0.055667
0.051995 0.051986 0.051786 0.051606 0.051464 0.051354 0.051267 0.051201 0.051153 0.051120 0.051101 0.051096 0.051103 0.051122 0.051152 0.051193 0.051244 0.051305 0.051375 0.051455 0.051544 0.051642 0.051749 0.051863 0.051986 0.052117 0.052255 0.052401 0.052554 0.052714 0.052881 0.053055 0.053234 0.053420 0.053612 0.053810 0.054013 0.054221 0.054434 0.054652 0.054874 0.055101 0.055331 0.055565 0.055802 0.056042 0.056285 0.056530 0.056777 0.057025
0.052751 0.052203 0.051950 0.051793 0.051686 0.051611 0.051560 0.051530 0.051515 0.051516 0.051529 0.051555 0.051592 0.051641 0.051700 0.051769 0.051847 0.051936 0.052033 0.052140 0.052255 0.052379 0.052511 0.052651 0.052800 0.052956 0.053119 0.053290 0.053469 0.053654 0.053846 0.054044 0.054249 0.054460 0.054676 0.054898 0.055126 0.055359 0.055596 0.055838 0.056084 0.056335 0.056589 0.056846 0.057106 0.057369 0.057635 0.057903 0.058172 0.058443
0.051665 0.051832 0.051850 0.051838 0.051825 0.051820 0.051826 0.051844 0.051872 0.051911 0.051961 0.052020 0.052089 0.052168 0.052257 0.052355 0.052461 0.052577 0.052702 0.052836 0.052978 0.053128 0.053287 0.053454 0.053628 0.053811 0.054000 0.054198 0.054402 0.054613 0.054832 0.055056 0.055287 0.055524 0.055767 0.056015 0.056268 0.056527 0.056790 0.057058 0.057330 0.057606 0.057885 0.058168 0.058453 0.058741 0.059032 0.059324 0.059617 0.059912
0.051655 0.051788 0.051886 0.051957 0.052015 0.052069 0.052126 0.052187 0.052254 0.052329 0.052411 0.052502 0.052601 0.052709 0.052825 0.052950 0.053085 0.053228 0.053379 0.053539 0.053708 0.053885 0.054071 0.054264 0.054466 0.054675 0.054892 0.055116 0.055348 0.055586 0.055832 0.056083 0.056342 0.056606 0.056876 0.057152 0.057433 0.057719 0.058010 0.058305 0.058605 0.058908 0.059214 0.059524 0.059836 0.060151 0.060468 0.060786 0.061106 0.061426
0.052125 0.052142 0.052186 0.052251 0.052325 0.052404 0.052487 0.052576 0.052670 0.052772 0.052880 0.052997 0.053122 0.053256 0.053398 0.053549 0.053709 0.053878 0.054056 0.054243 0.054438 0.054642 0.054854 0.055075 0.055304 0.055541 0.055786 0.056038 0.056298 0.056565 0.056839 0.057119 0.057406 0.057700 0.057999 0.058304 0.058614 0.058929 0.059249 0.059573 0.059902 0.060234 0.060570 0.060908 0.061249 0.061593 0.061938 0.062285 0.062632 0.062981
0.052713 0.052546 0.052559 0.052618 0.052694 0.052782 0.052879 0.052985 0.053098 0.053220 0.053350 0.053489 0.053637 0.053795 0.053962 0.054138 0.054323 0.054518 0.054723 0.054936 0.055158 0.055390 0.055630 0.055879 0.056136 0.056402 0.056676 0.056958 0.057247 0.057544 0.057847 0.058158 0.058475 0.058799 0.059129 0.059465 0.059806 0.060152 0.060503 0.060858 0.061218 0.061581 0.061947 0.062317 0.062689 0.063063 0.063439 0.063816 0.064194 0.064572
0.052072 0.052635 0.052814 0.052922 0.053024 0.053130 0.053245 0.053368 0.053500 0.053642 0.053794 0.053956 0.054128 0.054309 0.054501 0.054703 0.054915 0.055137 0.055369 0.055610 0.055861 0.056121 0.056391 0.056669 0.056957 0.057253 0.057557 0.057869 0.058190 0.058518 0.058853 0.059196 0.059546 0.059902 0.060264 0.060632 0.061006 0.061385 0.061769 0.062157 0.062550 0.062946 0.063346 0.063748 0.064153 0.064561 0.064969 0.065379 0.065789 0.066200
0.053667 0.053060 0.053053 0.053159 0.053285 0.053417 0.053554 0.053700 0.053856 0.054021 0.054197 0.054384 0.054582 0.054790 0.055009 0.055239 0.055479 0.055730 0.055991 0.056262 0.056543 0.056834 0.057134 0.057444 0.057763 0.058091 0.058428 0.058773 0.059126 0.059487 0.059856 0.060233 0.060616 0.061006 0.061403 0.061806 0.062214 0.062628 0.063047 0.063471 0.063898 0.064330 0.064765 0.065203 0.065643 0.066086 0.066530 0.066974 0.067420 0.067865
0.051593 0.052789 0.053169 0.053361 0.053514 0.053664 0.053822 0.053990 0.054170 0.054361 0.054564 0.054778 0.055004 0.055241 0.055489 0.055749 0.056019 0.056300 0.056592 0.056895 0.057208 0.057531 0.057864 0.058207 0.058559 0.058921 0.059292 0.059671 0.060059 0.060455 0.060860 0.061272 0.061691 0.062117 0.062550 0.062989 0.063434 0.063885 0.064341 0.064802 0.065267 0.065736 0.066209 0.066684 0.067162 0.067642 0.068124 0.068606 0.069089 0.069571
0.054719 0.053785 0.053614 0.053652 0.053764 0.053911 0.054081 0.054268 0.054470 0.054686 0.054916 0.055157 0.055412 0.055678 0.055956 0.056246 0.056547 0.056860 0.057184 0.057520 0.057865 0.058222 0.058589 0.058966 0.059353 0.059750 0.060156 0.060571 0.060996 0.061429 0.061870 0.062319 0.062776 0.063240 0.063711 0.064189 0.064673 0.065162 0.065657 0.066157 0.066662 0.067171 0.067683 0.068198 0.068716 0.069236 0.069757 0.070280 0.070802 0.071325
0.053240 0.053622 0.053742 0.053855 0.053996 0.054163 0.054352 0.054560 0.054784 0.055023 0.055278 0.055546 0.055827 0.056122 0.056429 0.056749 0.057081 0.057426 0.057782 0.058150 0.058529 0.058920 0.059322 0.059734 0.060157 0.060590 0.061032 0.061485 0.061947 0.062417 0.062897 0.063385 0.063881 0.064384 0.064895 0.065413 0.065937 0.066468 0.067004 0.067545 0.068091 0.068641 0.069195 0.069753 0.070313 0.070875 0.071439 0.072003 0.072569 0.073133
0.053553 0.053666 0.053859 0.054048 0.054237 0.054437 0.054651 0.054881 0.055127 0.055389 0.055667 0.055960 0.056267 0.056589 0.056924 0.057274 0.057636 0.058012 0.058400 0.058801 0.059214 0.059639 0.060076 0.060524 0.060983 0.061453 0.061933 0.062423 0.062924 0.063433 0.063952 0.064480 0.065016 0.065561 0.066113 0.066672 0.067238 0.067811 0.068390 0.068974 0.069564 0.070158 0.070756 0.071357 0.071961 0.072568 0.073177 0.073786 0.074396 0.075006
0.053528 0.053875 0.054106 0.054314 0.054524 0.054745 0.054981 0.055233 0.055501 0.055787 0.056088 0.056406 0.056740 0.057089 0.057453 0.057831 0.058224 0.058631 0.059052 0.059486 0.059932 0.060392 0.060864 0.061348 0.061844 0.062351 0.062870 0.063399 0.063938 0.064488 0.065047 0.065616 0.066194 0.066780 0.067375 0.067978 0.068587 0.069204 0.069827 0.070456 0.071091 0.071730 0.072374 0.073021 0.073672 0.074326 0.074981 0.075638 0.076296 0.076953
0.054302 0.054307 0.054431 0.054613 0.054828 0.055067 0.055326 0.055603 0.055897 0.056209 0.056538 0.056883 0.057245 0.057623 0.058017 0.058426 0.058851 0.059290 0.059743 0.060211 0.060693 0.061187 0.061696 0.062216 0.062750 0.063295 0.063853 0.064421 0.065001 0.065592 0.066193 0.066804 0.067424 0.068054 0.068692 0.069339 0.069994 0.070656 0.071325 0.072000 0.072682 0.073368 0.074060 0.074756 0.075455 0.076158 0.076863 0.077569 0.078277 0.078984
0.054353 0.054426 0.054616 0.054849 0.055106 0.055381 0.055673 0.055982 0.056308 0.056651 0.057011 0.057388 0.057782 0.058192 0.058618 0.059060 0.059518 0.059991 0.060479 0.060982 0.061500 0.062031 0.062577 0.063136 0.063708 0.064293 0.064890 0.065499 0.066120 0.066753 0.067397 0.068051 0.068715 0.069389 0.070073 0.070766 0.071467 0.072176 0.072892 0.073616 0.074346 0.075082 0.075823 0.076569 0.077319 0.078073 0.078830 0.079588 0.080348 0.081109
0.053754 0.054372 0.054756 0.055074 0.055383 0.055698 0.056028 0.056373 0.056734 0.057113 0.057508 0.057920 0.058348 0.058794 0.059255 0.059733 0.060227 0.060736 0.061261 0.061802 0.062357 0.062927 0.063511 0.064110 0.064722 0.065347 0.065986 0.066638 0.067302 0.067977 0.068665 0.069364 0.070074 0.070794 0.071524 0.072264 0.073013 0.073771 0.074536 0.075310 0.076090 0.076878 0.077671 0.078469 0.079273 0.080080 0.080891 0.081704 0.082520 0.083336
0.054851 0.054879 0.055097 0.055382 0.055701 0.056043 0.056404 0.056785 0.057183 0.057598 0.058031 0.058480 0.058947 0.059430 0.059929 0.060445 0.060978 0.061526 0.062090 0.062670 0.063265 0.063876 0.064501 0.065141 0.065795 0.066463 0.067145 0.067840 0.068548 0.069269 0.070002 0.070747 0.071504 0.072272 0.073050 0.073839 0.074638 0.075446 0.076263 0.077089 0.077922 0.078762 0.079609 0.080463 0.081321 0.082185 0.083053 0.083924 0.084797 0.085673
0.054773 0.055081 0.055363 0.055678 0.056027 0.056402 0.056801 0.057219 0.057656 0.058111 0.058583 0.059073 0.059579 0.060103 0.060643 0.061199 0.061772 0.062362 0.062967 0.063589 0.064226 0.064878 0.065546 0.066229 0.066927 0.067640 0.068366 0.069107 0.069861 0.070629 0.071410 0.072203 0.073009 0.073826 0.074655 0.075495 0.076345 0.077206 0.078076 0.078956 0.079844 0.080740 0.081644 0.082554 0.083471 0.084393 0.085321 0.086252 0.087187 0.088125
0.055177 0.055232 0.055548 0.055930 0.056340 0.056768 0.057214 0.057678 0.058158 0.058656 0.059171 0.059702 0.060251 0.060816 0.061398 0.061997 0.062613 0.063245 0.063893 0.064558 0.065239 0.065935 0.066648 0.067376 0.068120 0.068878 0.069652 0.070440 0.071242 0.072059 0.072889 0.073732 0.074589 0.075458 0.076339 0.077232 0.078137 0.079052 0.079978 0.080914 0.081859 0.082814 0.083777 0.084747 0.085725 0.086709 0.087699 0.088694 0.089694 0.090698
0.053859 0.055013 0.055662 0.056184 0.056675 0.057166 0.057664 0.058175 0.058701 0.059242 0.059800 0.060374 0.060965 0.061574 0.062199 0.062841 0.063500 0.064176 0.064869 0.065578 0.066304 0.067047 0.067806 0.068581 0.069372 0.070178 0.071000 0.071838 0.072690 0.073557 0.074439 0.075335 0.076244 0.077167 0.078103 0.079052 0.080013 0.080985 0.081970 0.082965 0.083970 0.084986 0.086011 0.087044 0.088086 0.089135 0.090192 0.091254 0.092322 0.093395
0.055796 0.055736 0.056124 0.056611 0.057122 0.057645 0.058181 0.058732 0.059297 0.059879 0.060478 0.061094 0.061727 0.062378 0.063046 0.063732 0.064435 0.065156 0.065894 0.066650 0.067422 0.068212 0.069019 0.069842 0.070682 0.071539 0.072411 0.073300 0.074205 0.075125 0.076060 0.077010 0.077975 0.078954 0.079947 0.080954 0.081974 0.083007 0.084052 0.085109 0.086178 0.087257 0.088347 0.089447 0.090557 0.091675 0.092801 0.093934 0.095075 0.096221
0.055382 0.056161 0.056673 0.057165 0.057676 0.058212 0.058770 0.059350 0.059949 0.060567 0.061205 0.061861 0.062535 0.063228 0.063940 0.064670 0.065418 0.066184 0.066968 0.067771 0.068591 0.069430 0.070286 0.071159 0.072050 0.072959 0.073884 0.074826 0.075785 0.076760 0.077752 0.078759 0.079782 0.080820 0.081873 0.082940 0.084022 0.085118 0.086227 0.087349 0.088484 0.089631 0.090789 0.091959 0.093139 0.094330 0.095530 0.096739 0.097956 0.099181
0.056889 0.056927 0.057285 0.057745 0.058258 0.058811 0.059394 0.060004 0.060638 0.061294 0.061970 0.062667 0.063384 0.064119 0.064875 0.065649 0.066443 0.067256 0.068088 0.068940 0.069809 0.070698 0.071605 0.072531 0.073475 0.074438 0.075418 0.076416 0.077431 0.078464 0.079514 0.080581 0.081664 0.082764 0.083880 0.085011 0.086158 0.087319 0.088495 0.089686 0.090890 0.092108 0.093339 0.094582 0.095837 0.097104 0.098382 0.099671 0.100969 0.102277
0.056287 0.057064 0.057629 0.058186 0.058768 0.059377 0.060010 0.060666 0.061343 0.062042 0.062762 0.063502 0.064262 0.065043 0.065844 0.066666 0.067508 0.068370 0.069252 0.070153 0.071075 0.072017 0.072977 0.073958 0.074957 0.075976 0.077014 0.078070 0.079145 0.080238 0.081349 0.082479 0.083625 0.084789 0.085971 0.087169 0.088383 0.089614 0.090861 0.092123 0.093400 0.094693 0.095999 0.097320 0.098655 0.100003 0.101363 0.102736 0.104121 0.105518
0.056890 0.057253 0.057879 0.058550 0.059230 0.059917 0.060614 0.061326 0.062054 0.062801 0.063568 0.064356 0.065164 0.065993 0.066844 0.067715 0.068608 0.069522 0.070457 0.071412 0.072389 0.073386 0.074403 0.075441 0.076499 0.077577 0.078674 0.079792 0.080929 0.082085 0.083261 0.084455 0.085668 0.086900 0.088149 0.089417 0.090703 0.092006 0.093327 0.094665 0.096019 0.097390 0.098776 0.100179 0.101597 0.103031 0.104479 0.105942 0.107419 0.108910
0.056171 0.057360 0.058228 0.059003 0.059749 0.060490 0.061237 0.061998 0.062775 0.063571 0.064388 0.065226 0.066086 0.066968 0.067872 0.068798 0.069745 0.070715 0.071706 0.072719 0.073754 0.074809 0.075886 0.076985 0.078104 0.079244 0.080405 0.081586 0.082788 0.084011 0.085253 0.086516 0.087798 0.089100 0.090422 0.091763 0.093124 0.094503 0.095901 0.097318 0.098753 0.100206 0.101677 0.103167 0.104673 0.106197 0.107739 0.109297 0.110873 0.112465
0.057795 0.058274 0.058931 0.059633 0.060361 0.061113 0.061888 0.062687 0.063510 0.064356 0.065226 0.066119 0.067036 0.067975 0.068936 0.069921 0.070928 0.071957 0.073009 0.074083 0.075179 0.076296 0.077436 0.078598 0.079782 0.080987 0.082214 0.083462 0.084732 0.086023 0.087336 0.088670 0.090024 0.091400 0.092797 0.094215 0.095653 0.097112 0.098591 0.100091 0.101611 0.103152 0.104712 0.106293 0.107893 0.109514 0.111154 0.112814 0.114495 0.116195
0.058265 0.058960 0.059568 0.060230 0.060953 0.061726 0.062539 0.063386 0.064262 0.065166 0.066096 0.067050 0.068028 0.069029 0.070054 0.071101 0.072171 0.073264 0.074379 0.075517 0.076677 0.077860 0.079066 0.080293 0.081544 0.082817 0.084112 0.085430 0.086771 0.088134 0.089519 0.090927 0.092358 0.093810 0.095286 0.096783 0.098303 0.099845 0.101410 0.102997 0.104607 0.106239 0.107893 0.109570 0.111270 0.112993 0.114739 0.116509 0.118302 0.120119
0.059193 0.059328 0.059908 0.060639 0.061443 0.062295 0.063183 0.064103 0.065050 0.066024 0.067022 0.068044 0.069090 0.070158 0.071248 0.072362 0.073497 0.074656 0.075837 0.077041 0.078268 0.079518 0.080791 0.082088 0.083407 0.084750 0.086117 0.087507 0.088920 0.090358 0.091819 0.093304 0.094812 0.096345 0.097902 0.099483 0.101088 0.102717 0.104372 0.106050 0.107754 0.109483 0.111237 0.113017 0.114823 0.116655 0.118514 0.120401 0.122316 0.124259
0.057537 0.058921 0.059976 0.060953 0.061919 0.062894 0.063886 0.064896 0.065927 0.066978 0.068050 0.069144 0.070258 0.071394 0.072552 0.073732 0.074935 0.076160 0.077408 0.078679 0.079974 0.081292 0.082635 0.084001 0.085391 0.086806 0.088245 0.089709 0.091198 0.092712 0.094251 0.095816 0.097406 0.099022 0.100663 0.102331 0.104026 0.105747 0.107495 0.109270 0.111073 0.112904 0.114764 0.116653 0.118572 0.120521 0.122502 0.124515 0.126562 0.128644
0.058236 0.059320 0.060432 0.061521 0.062598 0.063675 0.064759 0.065855 0.066964 0.068089 0.069231 0.070393 0.071574 0.072776 0.073999 0.075245 0.076513 0.077804 0.079119 0.080457 0.081820 0.083207 0.084619 0.086056 0.087519 0.089007 0.090520 0.092060 0.093627 0.095219 0.096839 0.098486 0.100160 0.101862 0.103592 0.105351 0.107138 0.108955 0.110801 0.112678 0.114586 0.116526 0.118498 0.120504 0.122544 0.124620 0.126733 0.128884 0.131075 0.133309
0.059264 0.060316 0.061384 0.062488 0.063613 0.064749 0.065896 0.067053 0.068224 0.069409 0.070612 0.071833 0.073075 0.074337 0.075622 0.076930 0.078262 0.079617 0.080997 0.082403 0.083833 0.085289 0.086771 0.088280 0.089815 0.091378 0.092967 0.094585 0.096230 0.097904 0.099607 0.101338 0.103100 0.104891 0.106713 0.108566 0.110451 0.112368 0.114319 0.116303 0.118322 0.120378 0.122471 0.124602 0.126773 0.128986 0.131243 0.133545 0.135896 0.138298
0.060746 0.061595 0.062676 0.063818 0.064978 0.066149 0.067331 0.068527 0.069739 0.070970 0.072221 0.073493 0.074789 0.076107 0.077450 0.078818 0.080210 0.081629 0.083074 0.084545 0.086043 0.087568 0.089121 0.090701 0.092310 0.093948 0.095615 0.097311 0.099038 0.100794 0.102582 0.104401 0.106253 0.108137 0.110055 0.112007 0.113994 0.116017 0.118077 0.120176 0.122314 0.124494 0.126716 0.128983 0.131297 0.133660 0.136075 0.138546 0.141074 0.143666
0.061316 0.062972 0.064293 0.065501 0.066678 0.067859 0.069055 0.070273 0.071514 0.072781 0.074074 0.075393 0.076739 0.078111 0.079509 0.080935 0.082388 0.083869 0.085378 0.086915 0.088480 0.090074 0.091698 0.093351 0.095035 0.096749 0.098494 0.100271 0.102080 0.103922 0.105797 0.107707 0.109651 0.111632 0.113650 0.115705 0.117800 0.119935 0.122113 0.124333 0.126599 0.128913 0.131276 0.133692 0.136163 0.138692 0.141284 0.143943 0.146673 0.149481
0.064348 0.065419 0.066464 0.067542 0.068663 0.069826 0.071029 0.072267 0.073541 0.074846 0.076183 0.077551 0.078947 0.080374 0.081829 0.083314 0.084827 0.086370 0.087943 0.089545 0.091178 0.092842 0.094536 0.096263 0.098021 0.099813 0.101637 0.103496 0.105389 0.107319 0.109284 0.111288 0.113329 0.115411 0.117533 0.119698 0.121907 0.124162 0.126464 0.128816 0.131221 0.133681 0.136199 0.138779 0.141424 0.144141 0.146932 0.149806 0.152768 0.155826
0.067705 0.067917 0.068687 0.069684 0.070796 0.071981 0.073220 0.074503 0.075824 0.077181 0.078571 0.079992 0.081445 0.082928 0.084441 0.085985 0.087560 0.089165 0.090801 0.092470 0.094170 0.095902 0.097668 0.099468 0.101302 0.103171 0.105077 0.107019 0.108999 0.111019 0.113078 0.115178 0.117321 0.119509 0.121742 0.124023 0.126354 0.128737 0.131175 0.133670 0.136227 0.138848 0.141539 0.144303 0.147146 0.150075 0.153096 0.156219 0.159452 0.162807
0.067852 0.069343 0.070584 0.071804 0.073053 0.074339 0.075661 0.077018 0.078406 0.079826 0.081276 0.082756 0.084266 0.085807 0.087379 0.088982 0.090617 0.092284 0.093984 0.095717 0.097484 0.099285 0.101122 0.102996 0.104906 0.106855 0.108843 0.110871 0.112940 0.115053 0.117209 0.119412 0.121662 0.123962 0.126313 0.128719 0.131182 0.133705 0.136291 0.138945 0.141670 0.144473 0.147358 0.150332 0.153402 0.156578 0.159868 0.163285 0.166843 0.170556
0.070078 0.071447 0.072850 0.074248 0.075643 0.077045 0.078461 0.079895 0.081352 0.082834 0.084342 0.085879 0.087445 0.089042 0.090670 0.092330 0.094023 0.095750 0.097512 0.099308 0.101142 0.103012 0.104921 0.106869 0.108857 0.110887 0.112960 0.115077 0.117239 0.119450 0.121709 0.124020 0.126384 0.128805 0.131284 0.133826 0.136434 0.139111 0.141863 0.144694 0.147611 0.150619 0.153728 0.156945 0.160281 0.163748 0.167360 0.171133 0.175085 0.179241
0.072822 0.074311 0.075824 0.077311 0.078780 0.080246 0.081717 0.083204 0.084710 0.086240 0.087796 0.089381 0.090997 0.092644 0.094324 0.096038 0.097787 0.099572 0.101395 0.103255 0.105155 0.107096 0.109077 0.111102 0.113171 0.115285 0.117447 0.119657 0.121918 0.124233 0.126602 0.129030 0.131518 0.134071 0.136691 0.139384 0.142153 0.145004 0.147943 0.150976 0.154113 0.157361 0.160731 0.164236 0.167890 0.171708 0.175711 0.179922 0.184368 0.189084
0.076429 0.078138 0.079616 0.081053 0.082495 0.083953 0.085433 0.086938 0.088470 0.090031 0.091623 0.093248 0.094906 0.096600 0.098329 0.100095 0.101900 0.103744 0.105629 0.107555 0.109523 0.111536 0.113595 0.115700 0.117854 0.120058 0.122315 0.124626 0.126994 0.129421 0.131911 0.134467 0.137093 0.139792 0.142571 0.145433 0.148385 0.151434 0.154589 0.157858 0.161252 0.164783 0.168465 0.172317 0.176356 0.180607 0.185097 0.189860 0.194938 0.200380
0.081954 0.082740 0.083906 0.085212 0.086591 0.088022 0.089495 0.091008 0.092558 0.094146 0.095771 0.097434 0.099135 0.100875 0.102655 0.104477 0.106340 0.108246 0.110197 0.112193 0.114236 0.116327 0.118468 0.120660 0.122907 0.125209 0.127570 0.129992 0.132477 0.135030 0.137655 0.140354 0.143134 0.146000 0.148958 0.152014 0.155178 0.158458 0.161865 0.165412 0.169112 0.172984 0.177046 0.181322 0.185840 0.190634 0.195744 0.201220 0.207125 0.213535
0.085337 0.086745 0.088067 0.089417 0.090815 0.092262 0.093756 0.095295 0.096877 0.098502 0.100169 0.101877 0.103629 0.105424 0.107262 0.109146 0.111075 0.113051 0.115075 0.117149 0.119274 0.121452 0.123685 0.125976 0.128325 0.130737 0.133214 0.135760 0.138378 0.141072 0.143848 0.146711 0.149668 0.152725 0.155890 0.159173 0.162584 0.166137 0.169845 0.173725 0.177797 0.182084 0.186615 0.191422 0.196546 0.202035 0.207951 0.214369 0.221386 0.229123
0.089297 0.090745 0.092167 0.093601 0.095068 0.096574 0.098122 0.099714 0.101350 0.103030 0.104754 0.106524 0.108339 0.110201 0.112109 0.114066 0.116072 0.118129 0.120239 0.122402 0.124621 0.126898 0.129235 0.131635 0.134102 0.136637 0.139246 0.141932 0.144701 0.147557 0.150508 0.153559 0.156720 0.159999 0.163407 0.166957 0.170662 0.174540 0.178611 0.182896 0.187425 0.192229 0.197348 0.202830 0.208735 0.215135 0.222122 0.229815 0.238368 0.247983
0.093776 0.094942 0.096339 0.097823 0.099359 0.100938 0.102560 0.104224 0.105933 0.107687 0.109487 0.111333 0.113228 0.115171 0.117164 0.119208 0.121305 0.123456 0.125664 0.127930 0.130256 0.132647 0.135103 0.137629 0.140228 0.142905 0.145665 0.148512 0.151454 0.154496 0.157648 0.160918 0.164317 0.167857 0.171552 0.175419 0.179478 0.183750 0.188263 0.193048 0.198145 0.203600 0.209470 0.215825 0.222754 0.230369 0.238813 0.248277 0.259014 0.271371
0.097047 0.098862 0.100468 0.102061 0.103685 0.105350 0.107058 0.108811 0.110608 0.112452 0.114343 0.116282 0.118271 0.120310 0.122403 0.124549 0.126751 0.129011 0.131332 0.133716 0.136166 0.138685 0.141277 0.143946 0.146697 0.149536 0.152468 0.155500 0.158640 0.161898 0.165284 0.168809 0.172488 0.176336 0.180374 0.184622 0.189107 0.193860 0.198918 0.204327 0.210141 0.216426 0.223268 0.230770 0.239069 0.248339 0.258811 0.270800 0.284738 0.301233
0.101875 0.103087 0.104646 0.106312 0.108032 0.109798 0.111608 0.113463 0.115364 0.117313 0.119309 0.121355 0.123453 0.125604 0.127809 0.130072 0.132394 0.134778 0.137227 0.139745 0.142334 0.144999 0.147745 0.150576 0.153500 0.156522 0.159651 0.162895 0.166265 0.169772 0.173430 0.177254 0.181263 0.185478 0.189924 0.194632 0.199637 0.204982 0.210718 0.216910 0.223637 0.230996 0.239113 0.248148 0.258311 0.269884 0.283248 0.298935 0.317701 0.340648
0.104550 0.106812 0.108704 0.110540 0.112392 0.114278 0.116206 0.118178 0.120196 0.122261 0.124376 0.126543 0.128762 0.131037 0.133369 0.135762 0.138217 0.140740 0.143332 0.145998 0.148743 0.151572 0.154491 0.157505 0.160624 0.163855 0.167208 0.170695 0.174329 0.178124 0.182099 0.186273 0.190672 0.195323 0.200261 0.205526 0.211167 0.217244 0.223830 0.231017 0.238918 0.247681 0.257494 0.268607 0.281356 0.296199 0.313780 0.335020 0.361267 0.394524
0.109857 0.111170 0.112939 0.114837 0.116796 0.118802 0.120854 0.122951 0.125095 0.127289 0.129532 0.131829 0.134181 0.136591 0.139062 0.141597 0.144199 0.146873 0.149623 0.152454 0.155372 0.158382 0.161494 0.164713 0.168051 0.171518 0.175126 0.178890 0.182826 0.186954 0.191298 0.195883 0.200743 0.205914 0.211443 0.217385 0.223809 0.230796 0.238453 0.246910 0.256337 0.266954 0.279053 0.293026 0.309418 0.328992 0.352848 0.382597 0.420636 0.470544
0.112748 0.115046 0.117093 0.119137 0.121224 0.123358 0.125540 0.127769 0.130046 0.132374 0.134754 0.137190 0.139683 0.142238 0.144858 0.147546 0.150307 0.153146 0.156068 0.159080 0.162187 0.165399 0.168723 0.172171 0.175754 0.179486 0.183381 0.187460 0.191743 0.196256 0.201028 0.206094 0.211498 0.217289 0.223530 0.230297 0.237684 0.245809 0.254821 0.264912 0.276334 0.289423 0.304633 0.322592 0.344189 0.370706 0.404023 0.446929 0.503556 0.579889
0.117249 0.119124 0.121220 0.123402 0.125634 0.127909 0.130228 0.132593 0.135008 0.137475 0.139998 0.142580 0.145223 0.147932 0.150711 0.153564 0.156497 0.159514 0.162623 0.165831 0.169147 0.172579 0.176139 0.179839 0.183695 0.187722 0.191942 0.196378 0.201056 0.206010 0.211278 0.216906 0.222951 0.229480 0.236578 0.244349 0.252925 0.262470 0.273202 0.285403 0.299449 0.315856 0.335334 0.358894 0.387992 0.424762 0.472356 0.535395 0.620439 0.736039
0.120521 0.122849 0.125231 0.127603 0.129985 0.132397 0.134852 0.137355 0.139911 0.142524 0.145196 0.147932 0.150736 0.153610 0.156560 0.159591 0.162708 0.165919 0.169231 0.172653 0.176195 0.179868 0.183686 0.187665 0.191822 0.196180 0.200762 0.205599 0.210726 0.216184 0.222023 0.228304 0.235101 0.242506 0.250633 0.259624 0.269661 0.280983 0.293899 0.308826 0.326331 0.347203 0.372558 0.404007 0.443903 0.495703 0.564413 0.656998 0.782197 0.948483
0.123772 0.126790 0.129278 0.131711 0.134185 0.136714 0.139302 0.141948 0.144655 0.147425 0.150261 0.153165 0.156142 0.159196 0.162332 0.165555 0.168873 0.172294 0.175826 0.179480 0.183267 0.187203 0.191303 0.195586 0.200075 0.204797 0.209782 0.215067 0.220698 0.226727 0.233220 0.240255 0.247931 0.256368 0.265721 0.276186 0.288017 0.301550 0.317232 0.335675 0.357730 0.384599 0.418012 0.460490 0.515706 0.588926 0.687332 0.819661 0.993808 1.211631
0.130033 0.130903 0.132976 0.135416 0.138006 0.140684 0.143434 0.146250 0.149132 0.152082 0.155101 0.158193 0.161362 0.164614 0.167953 0.171386 0.174922 0.178569 0.182338 0.186241 0.190294 0.194512 0.198916 0.203529 0.208379 0.213498 0.218925 0.224707 0.230900 0.237571 0.244805 0.252702 0.261392 0.271036 0.281841 0.294074 0.308087 0.324353 0.343515 0.366463 0.394457 0.429303 0.473618 0.531194 0.607408 0.709492 0.846057 1.024582 1.246207 1.504617
0.128302 0.132393 0.135501 0.138395 0.141270 0.144182 0.147147 0.150172 0.153262 0.156419 0.159646 0.162949 0.166332 0.169799 0.173359 0.177019 0.180788 0.184676 0.188698 0.192867 0.197200 0.201719 0.206447 0.211413 0.216650 0.222197 0.228104 0.234428 0.241238 0.248621 0.256683 0.265555 0.275403 0.286441 0.298944 0.313273 0.329914 0.349522 0.373009 0.401655 0.437289 0.482549 0.541233 0.618692 0.722051 0.859734 1.039061 1.261144 1.519773 1.806683
0.132562 0.134969 0.137915 0.140971 0.144076 0.147229 0.150435 0.153697 0.157020 0.160408 0.163865 0.167396 0.171008 0.174706 0.178500 0.182398 0.186411 0.190553 0.194837 0.199283 0.203910 0.208743 0.213810 0.219146 0.224791 0.230794 0.237212 0.244118 0.251597 0.259756 0.268730 0.278686 0.289837 0.302461 0.316920 0.333698 0.353451 0.377081 0.405853 0.441567 0.486802 0.545256 0.622116 0.724275 0.859919 1.036453 1.255641 1.511794 1.796753 2.103484
0.133083 0.136645 0.139879 0.143154 0.146496 0.149898 0.153353 0.156863 0.160430 0.164058 0.167752 0.171520 0.175366 0.179301 0.183333 0.187474 0.191737 0.196136 0.200689 0.205417 0.210343 0.215497 0.220913 0.226630 0.232697 0.239173 0.246126 0.253645 0.261834 0.270826 0.280786 0.291925 0.304514 0.318909 0.335580 0.355162 0.378528 0.406892 0.441972 0.486218 0.543129 0.617609 0.716198 0.846789 1.016993 1.229813 1.480614 1.761424 2.064964 2.385917
0.135622 0.138084 0.141445 0.144996 0.148609 0.152267 0.155968 0.159718 0.163520 0.167380 0.171305 0.175302 0.179380 0.183547 0.187815 0.192196 0.196706 0.201360 0.206180 0.211189 0.216414 0.221890 0.227655 0.233757 0.240251 0.247208 0.254711 0.262862 0.271789 0.281653 0.292656 0.305059 0.319199 0.335525 0.354638 0.377355 0.404810 0.438597 0.480978 0.535170 0.605690 0.698617 0.821458 0.981987 1.184800 1.427041 1.701187 1.999644 2.316623 2.648166
0.133012 0.138558 0.142748 0.146648 0.150506 0.154384 0.158299 0.162261 0.166276 0.170350 0.174490 0.178704 0.183000 0.187390 0.191885 0.196499 0.201249 0.206152 0.211232 0.216515 0.222033 0.227824 0.233933 0.240414 0.247332 0.254768 0.262819 0.271607 0.281283 0.292038 0.304116 0.317832 0.333602 0.351979 0.373712 0.399830 0.431771 0.471564 0.522087 0.587389 0.672982 0.785866 0.933798 1.122888 1.352912 1.617387 1.908483 2.219779 2.546769 2.886431
0.138775 0.140838 0.144309 0.148155 0.152127 0.156167 0.160262 0.164410 0.168617 0.172888 0.177229 0.181649 0.186155 0.190759 0.195473 0.200311 0.205292 0.210435 0.215765 0.221313 0.227112 0.233207 0.239646 0.246492 0.253819 0.261720 0.270305 0.279717 0.290130 0.301769 0.314922 0.329964 0.347393 0.367877 0.392329 0.422011 0.458694 0.504882 0.564100 0.641210 0.742568 0.875656 1.047593 1.261297 1.512423 1.793292 2.096775 2.417608 2.752222 3.098227
0.135449 0.140521 0.144831 0.149009 0.153192 0.157415 0.161691 0.166026 0.170424 0.174891 0.179433 0.184056 0.188769 0.193583 0.198511 0.203567 0.208770 0.214143 0.219713 0.225511 0.231577 0.237956 0.244707 0.251896 0.259608 0.267945 0.277035 0.287038 0.298153 0.310640 0.324831 0.341163 0.360219 0.382788 0.409953 0.443220 0.484707 0.537398 0.605448 0.694441 0.811312 0.963530 1.156680 1.390014 1.656957 1.949850 2.262480 2.590495 2.930981 3.281967
0.136516 0.140569 0.144862 0.149195 0.153566 0.157988 0.162467 0.167008 0.171615 0.176292 0.181043 0.185876 0.190799 0.195822 0.200960 0.206228 0.211646 0.217237 0.223032 0.229064 0.235376 0.242018 0.249053 0.256554 0.264616 0.273350 0.282899 0.293440 0.305199 0.318465 0.333617 0.351151 0.371734 0.396275 0.426025 0.462729 0.508842 0.567806 0.644340 0.744591 0.875791 1.044949 1.255490 1.503768 1.782341 2.084028 2.403427 2.736854 3.081844 3.436712
0.135399 0.139729 0.144136 0.148645 0.153235 0.157891 0.162607 0.167382 0.172216 0.177115 0.182084 0.187129 0.192260 0.197489 0.202830 0.208299 0.213919 0.219714 0.225716 0.231960 0.238493 0.245369 0.252653 0.260429 0.268794 0.277873 0.287819 0.298828 0.311147 0.325095 0.341090 0.359686 0.381628 0.407932 0.440007 0.479819 0.530129 0.594777 0.678948 0.789178 0.932748 1.115898 1.339817 1.599064 1.886014 2.194041 2.518377 2.855807 3.204172 3.561980
0.132815 0.137840 0.142689 0.147536 0.152417 0.157338 0.162301 0.167309 0.172366 0.177479 0.182654 0.187899 0.193226 0.198645 0.204173 0.209827 0.215629 0.221606 0.227789 0.234219 0.240942 0.248015 0.255510 0.263512 0.272127 0.281488 0.291758 0.303147 0.315921 0.330425 0.347111 0.366580 0.389644 0.417415 0.451432 0.493850 0.547683 0.617094 0.707609 0.825997 0.979425 1.173254 1.406833 1.673759 1.966505 2.278925 2.606702 2.946944 3.297699 3.657602
0.132462 0.136572 0.141415 0.146444 0.151530 0.156650 0.161805 0.166999 0.172238 0.177528 0.182878 0.188295 0.193790 0.199374 0.205063 0.210876 0.216834 0.222964 0.229300 0.235882 0.242759 0.249989 0.257648 0.265824 0.274628 0.284198 0.294708 0.306376 0.319484 0.334396 0.351590 0.371704 0.395601 0.424464 0.459935 0.504307 0.560783 0.633753 0.728967 0.853301 1.013745 1.214876 1.454799 1.726645 2.023052 2.338227 2.668153 3.010147 3.362387 3.723591
0.128569 0.134909 0.140336 0.145555 0.150753 0.155979 0.161248 0.166566 0.171934 0.177359 0.182844 0.188397 0.194028 0.199746 0.205567 0.211509 0.217592 0.223845 0.230300 0.236998 0.243989 0.251333 0.259105 0.267398 0.276325 0.286028 0.296685 0.308523 0.321831 0.336987 0.354484 0.374985 0.399385 0.428911 0.465266 0.510829 0.568913 0.644037 0.742063 0.869887 1.034339 1.239486 1.482762 1.757115 2.055319 2.371791 2.702688 3.045440 3.398302 3.760036
0.130434 0.134728 0.139616 0.144721 0.149933 0.155220 0.160571 0.165982 0.171452 0.176982 0.182575 0.188238 0.193976 0.199801 0.205726 0.211768 0.217947 0.224290 0.230830 0.237608 0.244672 0.252085 0.259920 0.268270 0.277252 0.287007 0.297716 0.309608 0.322977 0.338202 0.355787 0.376400 0.400947 0.430670 0.467292 0.513215 0.571781 0.647536 0.746350 0.875088 1.040485 1.246457 1.490297 1.764934 2.063205 2.379601 2.710336 3.052880 3.405509 3.767004
0.128011 0.132974 0.138166 0.143449 0.148795 0.154199 0.159658 0.165172 0.170741 0.176369 0.182057 0.187812 0.193640 0.199550 0.205555 0.211672 0.217919 0.224324 0.230916 0.237737 0.244835 0.252270 0.260117 0.268466 0.277433 0.287159 0.297824 0.309654 0.322940 0.338061 0.355512 0.375955 0.400286 0.429730 0.465984 0.511414 0.569307 0.644136 0.741685 0.868738 1.032021 1.235669 1.477337 1.750078 2.046713 2.361671 2.691114 3.032473 3.384006 3.744477
0.124483 0.130692 0.136325 0.141850 0.147369 0.152913 0.158493 0.164115 0.169783 0.175502 0.181276 0.187110 0.193012 0.198989 0.205055 0.211223 0.217513 0.223950 0.230564 0.237393 0.244485 0.251898 0.259705 0.267995 0.276879 0.286496 0.297021 0.308674 0.321738 0.336579 0.353679 0.373677 0.397436 0.426134 0.461402 0.505509 0.561608 0.634001 0.728289 0.851129 1.009288 1.207427 1.444098 1.712672 2.005891 2.317991 2.644964 2.984128 3.333667 3.692304
0.124440 0.129267 0.134702 0.140259 0.145855 0.151484 0.157147 0.162851 0.168597 0.174390 0.180232 0.186128 0.192085 0.198109 0.204212 0.210408 0.216715 0.223155 0.229758 0.236560 0.243607 0.250954 0.258671 0.266844 0.275579 0.285009 0.295302 0.306667 0.319374 0.333772 0.350315 0.369606 0.392458 0.419975 0.453684 0.495702 0.548977 0.617547 0.706732 0.822984 0.973118 1.162487 1.391105 1.653003 1.940839 2.248527 2.571760 2.907648 3.254246 3.610194
0.121532 0.127619 0.133186 0.138723 0.144311 0.149957 0.155655 0.161402 0.167196 0.173035 0.178921 0.184855 0.190842 0.196889 0.203004 0.209200 0.215494 0.221907 0.228466 0.235204 0.242166 0.249403 0.256981 0.264981 0.273503 0.282672 0.292645 0.303619 0.315845 0.329645 0.345443 0.363792 0.385438 0.411390 0.443038 0.482305 0.531872 0.595429 0.677908 0.785457 0.924871 1.102180 1.319337 1.571646 1.851803 2.153289 2.471352 2.802775 3.145404 3.497752
0.122207 0.126405 0.131557 0.137002 0.142577 0.148234 0.153954 0.159726 0.165545 0.171406 0.177310 0.183255 0.189245 0.195285 0.201383 0.207549 0.213798 0.220150 0.226630 0.233269 0.240106 0.247190 0.254581 0.262355 0.270604 0.279444 0.289018 0.299506 0.311139 0.324209 0.339097 0.356303 0.376492 0.400562 0.429744 0.465735 0.510901 0.568516 0.643023 0.740130 0.866477 1.028600 1.230492 1.469713 1.739371 2.032486 2.343689 2.669285 3.006800 3.354548
0.116373 0.123183 0.129082 0.134787 0.140477 0.146194 0.151950 0.157744 0.163574 0.169437 0.175333 0.181261 0.187225 0.193228 0.199276 0.205380 0.211553 0.217811 0.224177 0.230679 0.237354 0.244244 0.251405 0.258905 0.266828 0.275277 0.284383 0.294307 0.305253 0.317482 0.331330 0.347234 0.365775 0.387729 0.414154 0.446506 0.486806 0.537866 0.603553 0.688988 0.800450 0.944701 1.127375 1.349261 1.604820 1.886789 2.189026 2.507153 2.838221 3.180244
0.116127 0.121137 0.126675 0.132346 0.138065 0.143814 0.149587 0.155383 0.161201 0.167040 0.172900 0.178782 0.184688 0.190623 0.196592 0.202603 0.208667 0.214800 0.221020 0.227353 0.233831 0.240491 0.247384 0.254568 0.262120 0.270130 0.278712 0.288008 0.298198 0.309505 0.322220 0.336716 0.353485 0.373180 0.396686 0.425211 0.460428 0.504667 0.561164 0.634320 0.729810 0.854265 1.014264 1.213872 1.450666 1.717766 2.008251 2.316811 2.639800 2.974770
0.113350 0.118483 0.123968 0.129614 0.135323 0.141057 0.146806 0.152565 0.158335 0.164116 0.169908 0.175713 0.181533 0.187371 0.193232 0.199122 0.205050 0.211030 0.217077 0.223212 0.229464 0.235865 0.242459 0.249296 0.256442 0.263976 0.271996 0.280623 0.290011 0.300349 0.311880 0.324916 0.339862 0.357253 0.377807 0.402495 0.432656 0.470150 0.517577 0.578535 0.657866 0.761662 0.896746 1.069299 1.281458 1.528580 1.803413 2.099546 2.412316 2.738572
0.107788 0.114589 0.120649 0.126448 0.132159 0.137843 0.143520 0.149198 0.154881 0.160570 0.166264 0.171965 0.177673 0.183389 0.189118 0.194863 0.200632 0.206435 0.212286 0.218201 0.224204 0.230323 0.236594 0.243061 0.249779 0.256816 0.264253 0.272192 0.280761 0.290117 0.300458 0.312037 0.325181 0.340316 0.358005 0.379009 0.404361 0.435494 0.474407 0.523897 0.587838 0.671401 0.780981 0.923521 1.104728 1.325037 1.578592 1.858133 2.157671 2.472976
0.106750 0.112004 0.117484 0.123010 0.128547 0.134092 0.139644 0.145204 0.150770 0.156340 0.161913 0.167488 0.173062 0.178637 0.184213 0.189793 0.195382 0.200988 0.206622 0.212297 0.218032 0.223852 0.229786 0.235870 0.242150 0.248682 0.255533 0.262788 0.270548 0.278942 0.288129 0.298309 0.309737 0.322743 0.337761 0.355365 0.376329 0.401719 0.433009 0.472269 0.522408 0.587461 0.672808 0.785067 0.931316 1.116922 1.341262 1.597911 1.879654 2.180746
0.103963 0.108674 0.113738 0.118991 0.124334 0.129722 0.135136 0.140564 0.146000 0.151438 0.156874 0.162304 0.167725 0.173136 0.178537 0.183929 0.189316 0.194704 0.200100 0.205517 0.210970 0.216477 0.222064 0.227761 0.233603 0.239637 0.245917 0.252511 0.259500 0.266984 0.275089 0.283970 0.293821 0.304893 0.317510 0.332093 0.349207 0.369618 0.394374 0.424940 0.463381 0.512610 0.576697 0.661102 0.772599 0.918467 1.104083 1.328566 1.585300 1.867029
0.098237 0.103620 0.108947 0.114229 0.119506 0.124791 0.130085 0.135384 0.140681 0.145970 0.151247 0.156507 0.161747 0.166965 0.172160 0.177335 0.182492 0.187635 0.192772 0.197911 0.203066 0.208253 0.213490 0.218801 0.224217 0.229774 0.235513 0.241489 0.247764 0.254417 0.261543 0.269259 0.277713 0.287088 0.297621 0.309616 0.323474 0.339729 0.359104 0.382598 0.411608 0.448112 0.494922 0.556000 0.636742 0.743980 0.885268 1.066440 1.287208 1.541096
0.092795 0.098677 0.104025 0.109241 0.114420 0.119587 0.124743 0.129886 0.135011 0.140113 0.145188 0.150233 0.155246 0.160226 0.165175 0.170094 0.174986 0.179855 0.184708 0.189553 0.194399 0.199260 0.204151 0.209090 0.214101 0.219212 0.224455 0.229872 0.235510 0.241429 0.247700 0.254410 0.261668 0.269607 0.278396 0.288250 0.299447 0.312353 0.327453 0.345410 0.367136 0.393912 0.427560 0.470687 0.527008 0.601683 0.701454 0.834124 1.006371 1.219361
0.090795 0.094859 0.099603 0.104521 0.109483 0.114446 0.119391 0.124306 0.129186 0.134028 0.138830 0.143594 0.148318 0.153006 0.157658 0.162279 0.166872 0.171441 0.175992 0.180531 0.185066 0.189607 0.194165 0.198756 0.203396 0.208106 0.212911 0.217842 0.222933 0.228229 0.233782 0.239656 0.245928 0.252694 0.260074 0.268216 0.277311 0.287606 0.299421 0.313186 0.329483 0.349117 0.373218 0.403397 0.441979 0.492310 0.559136 0.648885 0.769441 0.928448
0.085925 0.090782 0.095459 0.100156 0.104855 0.109526 0.114156 0.118738 0.123272 0.127762 0.132209 0.136618 0.140994 0.145338 0.149655 0.153949 0.158222 0.162479 0.166724 0.170962 0.175199 0.179441 0.183697 0.187977 0.192293 0.196660 0.201097 0.205623 0.210266 0.215057 0.220033 0.225239 0.230732 0.236577 0.242859 0.249680 0.257169 0.265491 0.274856 0.285539 0.297909 0.312462 0.329883 0.351135 0.377593 0.411248 0.454997 0.513023 0.591191 0.697137
0.082482 0.087028 0.091623 0.096098 0.100459 0.104726 0.108922 0.113060 0.117153 0.121212 0.125243 0.129253 0.133247 0.137229 0.141203 0.145170 0.149133 0.153094 0.157056 0.161022 0.164994 0.168978 0.172978 0.177000 0.181052 0.185145 0.189289 0.193501 0.197797 0.202199 0.206735 0.211435 0.216338 0.221491 0.226951 0.232789 0.239092 0.245969 0.253558 0.262037 0.271637 0.282665 0.295532 0.310807 0.329287 0.352107 0.380915 0.418127 0.467281 0.533482
0.079071 0.083964 0.088230 0.092194 0.095994 0.099701 0.103354 0.106979 0.110592 0.114202 0.117819 0.121445 0.125083 0.128736 0.132404 0.136088 0.139788 0.143503 0.147234 0.150982 0.154747 0.158530 0.162335 0.166163 0.170020 0.173912 0.177845 0.181829 0.185876 0.190000 0.194220 0.198556 0.203037 0.207693 0.212565 0.217700 0.223158 0.229012 0.235353 0.242295 0.249988 0.258620 0.268444 0.279797 0.293140 0.309118 0.328648 0.353058 0.384301 0.425267
0.078699 0.081746 0.084772 0.087810 0.090868 0.093953 0.097071 0.100228 0.103428 0.106672 0.109961 0.113292 0.116665 0.120077 0.123526 0.127009 0.130525 0.134071 0.137645 0.141246 0.144873 0.148525 0.152202 0.155906 0.159637 0.163398 0.167195 0.171032 0.174916 0.178858 0.182869 0.186963 0.191159 0.195479 0.199950 0.204605 0.209485 0.214639 0.220129 0.226030 0.232440 0.239479 0.247305 0.256123 0.266207 0.277930 0.291807 0.308570 0.329274 0.355467
0.076249 0.077563 0.079618 0.081982 0.084527 0.087205 0.089994 0.092878 0.095848 0.098895 0.102011 0.105191 0.108428 0.111719 0.115057 0.118440 0.121864 0.125326 0.128822 0.132350 0.135907 0.139493 0.143106 0.146745 0.150411 0.154105 0.157827 0.161583 0.165375 0.169210 0.173095 0.177041 0.181059 0.185166 0.189380 0.193723 0.198226 0.202921 0.207852 0.213071 0.218643 0.224648 0.231190 0.238399 0.246445 0.255553 0.266027 0.278282 0.292905 0.310733
0.066970 0.069913 0.072335 0.074756 0.077290 0.079949 0.082722 0.085594 0.088554 0.091591 0.094697 0.097865 0.101090 0.104367 0.107692 0.111060 0.114469 0.117915 0.121396 0.124908 0.128450 0.132019 0.135615 0.139235 0.142880 0.146548 0.150242 0.153962 0.157711 0.161493 0.165312 0.169176 0.173094 0.177076 0.181136 0.185290 0.189560 0.193971 0.198553 0.203345 0.208392 0.213752 0.219497 0.225715 0.232521 0.240060 0.248523 0.258168 0.269340 0.282524
0.060850 0.062649 0.065127 0.067840 0.070666 0.073572 0.076545 0.079578 0.082667 0.085809 0.088999 0.092237 0.095518 0.098841 0.102204 0.105603 0.109038 0.112505 0.116003 0.119530 0.123084 0.126662 0.130265 0.133889 0.137536 0.141203 0.144892 0.148603 0.152337 0.156098 0.159889 0.163714 0.167581 0.171497 0.175474 0.179524 0.183663 0.187912 0.192295 0.196841 0.201586 0.206575 0.211862 0.217513 0.223614 0.230270 0.237617 0.245830 0.255144 0.265870
0.053290 0.056925 0.060246 0.063457 0.066628 0.069789 0.072958 0.076144 0.079354 0.082593 0.085862 0.089164 0.092499 0.095866 0.099265 0.102695 0.106156 0.109645 0.113162 0.116705 0.120272 0.123862 0.127474 0.131107 0.134760 0.138432 0.142123 0.145834 0.149566 0.153321 0.157102 0.160913 0.164759 0.168649 0.172590 0.176594 0.180676 0.184852 0.189145 0.193580 0.198188 0.203008 0.208086 0.213481 0.219264 0.225523 0.232371 0.239952 0.248452 0.258117
