0.260567 0.699794 0.466665 0.160992
0.260628 0.700015 0.466808 0.161036
0.260738 0.700443 0.467078 0.161127
0.260874 0.701047 0.467440 0.161268
0.261005 0.701788 0.467852 0.161464
0.261099 0.702615 0.468262 0.161717
0.261122 0.703476 0.468622 0.162027
0.261046 0.704316 0.468892 0.162388
0.260855 0.705083 0.469041 0.162787
0.260543 0.705733 0.469057 0.163205
0.260117 0.706228 0.468945 0.163615
0.259600 0.706540 0.468729 0.163985
0.259026 0.706651 0.468447 0.164278
0.258439 0.706547 0.468151 0.164456
0.257887 0.706222 0.467895 0.164480
0.257420 0.705667 0.467734 0.164315
0.257082 0.704873 0.467716 0.163927
0.256912 0.703820 0.467876 0.163292
0.256936 0.702482 0.468231 0.162392
0.257168 0.700820 0.468781 0.161214
0.257607 0.698781 0.469505 0.159754
0.258243 0.696307 0.470364 0.158014
0.259052 0.693327 0.471305 0.156002
0.260003 0.689770 0.472265 0.153730
0.261060 0.685560 0.473171 0.151215
0.262184 0.680628 0.473947 0.148478
0.263335 0.674908 0.474514 0.145542
0.264475 0.668343 0.474797 0.142437
0.265568 0.660883 0.474720 0.139192
0.266582 0.652492 0.474214 0.135841
0.267491 0.643139 0.473212 0.132421
0.268273 0.632806 0.471654 0.128972
0.268917 0.621484 0.469487 0.125535
0.269418 0.609170 0.466661 0.122156
0.269781 0.595868 0.463134 0.118884
0.270022 0.581586 0.458868 0.115770
0.270163 0.566338 0.453825 0.112874
0.270234 0.550135 0.447969 0.110262
0.270269 0.532992 0.441257 0.108007
0.270303 0.514918 0.433639 0.106191
0.270366 0.495920 0.425052 0.104906
0.270482 0.476002 0.415419 0.104255
0.270662 0.455163 0.404646 0.104348
0.270902 0.433400 0.392625 0.105302
0.271183 0.410709 0.379232 0.107238
0.271470 0.387087 0.364333 0.110277
0.271713 0.362535 0.347790 0.114538
0.271851 0.337060 0.329468 0.120135
0.271816 0.310681 0.309241 0.127167
0.271536 0.283432 0.287002 0.135723
0.270939 0.255365 0.262674 0.145870
0.269961 0.226558 0.236219 0.157655
0.268546 0.197130 0.207665 0.171090
0.266654 0.167260 0.177142 0.186144
0.264265 0.137228 0.144957 0.202716
0.261389 0.107479 0.111718 0.220590
0.258073 0.078708 0.078524 0.239389
0.254407 0.051961 0.047241 0.258509
0.250518 0.028720 0.020787 0.277119
0.246548 0.010892 0.003309 0.294301
0.242612 0.000641 0.000001 0.309473
0.238738 0.000001 0.000001 0.323177
0.234782 0.000001 0.000001 0.335596
0.230605 0.000001 0.000001 0.346797
0.226090 0.000001 0.000001 0.356811
0.221139 0.000001 0.000001 0.365647
0.215674 0.000001 0.000001 0.373306
0.209631 0.000001 0.000001 0.379784
0.202964 0.000001 0.000001 0.385082
0.195639 0.000001 0.000001 0.389206
0.187631 0.000001 0.000001 0.392166
0.178928 0.000001 0.000001 0.393978
0.169520 0.000001 0.000001 0.394662
0.159405 0.000001 0.000001 0.394244
0.148580 0.000001 0.000001 0.392747
0.137044 0.000001 0.000001 0.390197
0.124791 0.000001 0.000001 0.386615
0.111813 0.000001 0.000001 0.382017
0.098103 0.000001 0.000001 0.376415
0.083656 0.000001 0.000001 0.369818
0.068492 0.000001 0.000001 0.362238
0.052697 0.000001 0.000001 0.353699
0.036537 0.000001 0.000001 0.344265
0.020719 0.000001 0.000001 0.334082
0.007029 0.000001 0.000001 0.323439
0.000001 0.000001 0.000001 0.312807
0.000001 0.000001 0.000001 0.302615
0.000001 0.000001 0.000001 0.292813
0.000001 0.000001 0.000001 0.283377
0.000001 0.000001 0.000001 0.274299
0.000001 0.000001 0.000001 0.265596
0.000001 0.000001 0.000001 0.257309
0.000001 0.000001 0.000001 0.249505
0.000001 0.000001 0.000001 0.242278
0.000001 0.000001 0.000001 0.235741
0.000001 0.000001 0.000001 0.230019
0.000001 0.000001 0.000001 0.225242
0.000001 0.000001 0.000001 0.221533
0.000001 0.000001 0.000001 0.218996
0.000001 0.000001 0.000001 0.217708
