0.059585 0.060468 0.061240 0.061867 0.062383 0.062817 0.063190 0.063517 0.063807 0.064066 0.064299 0.064511 0.064703 0.064877 0.065036 0.065182 0.065314 0.065434 0.065544 0.065644 0.065734 0.065815 0.065888 0.065954 0.066012 0.066064 0.066109 0.066148 0.066181 0.066209 0.066232 0.066250 0.066263 0.066272 0.066276 0.066277 0.066273 0.066267 0.066256 0.066242 0.066225 0.066205 0.066182 0.066157 0.066128 0.066097 0.066064 0.066028 0.065989 0.065949
0.062090 0.062957 0.063348 0.063656 0.063938 0.064200 0.064444 0.064670 0.064877 0.065068 0.065244 0.065405 0.065552 0.065687 0.065811 0.065923 0.066026 0.066119 0.066203 0.066279 0.066347 0.066408 0.066462 0.066509 0.066550 0.066586 0.066616 0.066640 0.066660 0.066675 0.066685 0.066692 0.066694 0.066692 0.066686 0.066677 0.066665 0.066649 0.066630 0.066608 0.066584 0.066556 0.066526 0.066493 0.066458 0.066421 0.066381 0.066339 0.066295 0.066249
0.068711 0.067070 0.066663 0.066561 0.066561 0.066606 0.066675 0.066754 0.066838 0.066922 0.067003 0.067080 0.067151 0.067217 0.067278 0.067332 0.067381 0.067424 0.067462 0.067495 0.067523 0.067546 0.067564 0.067578 0.067588 0.067593 0.067595 0.067593 0.067587 0.067578 0.067565 0.067549 0.067531 0.067509 0.067484 0.067457 0.067427 0.067395 0.067360 0.067322 0.067283 0.067241 0.067197 0.067151 0.067104 0.067054 0.067002 0.066949 0.066894 0.066838
0.068039 0.069762 0.069898 0.069778 0.069655 0.069562 0.069496 0.069448 0.069413 0.069386 0.069364 0.069345 0.069327 0.069311 0.069294 0.069277 0.069258 0.069239 0.069218 0.069195 0.069170 0.069144 0.069116 0.069085 0.069053 0.069019 0.068983 0.068945 0.068905 0.068863 0.068820 0.068774 0.068727 0.068678 0.068627 0.068575 0.068521 0.068466 0.068409 0.068350 0.068290 0.068229 0.068166 0.068102 0.068037 0.067970 0.067902 0.067833 0.067763 0.067691
0.077054 0.074119 0.073360 0.073074 0.072893 0.072738 0.072592 0.072455 0.072326 0.072204 0.072089 0.071980 0.071877 0.071779 0.071684 0.071593 0.071505 0.071419 0.071335 0.071252 0.071171 0.071091 0.071011 0.070932 0.070853 0.070774 0.070695 0.070617 0.070538 0.070459 0.070379 0.070300 0.070220 0.070139 0.070058 0.069977 0.069895 0.069812 0.069729 0.069646 0.069562 0.069477 0.069392 0.069306 0.069219 0.069132 0.069045 0.068957 0.068868 0.068779
0.072816 0.075629 0.076237 0.076279 0.076153 0.075969 0.075766 0.075558 0.075354 0.075155 0.074964 0.074780 0.074603 0.074434 0.074271 0.074113 0.073961 0.073814 0.073671 0.073532 0.073396 0.073263 0.073134 0.073006 0.072881 0.072758 0.072636 0.072516 0.072398 0.072281 0.072165 0.072050 0.071936 0.071822 0.071710 0.071598 0.071486 0.071375 0.071264 0.071154 0.071044 0.070934 0.070825 0.070715 0.070606 0.070497 0.070388 0.070279 0.070170 0.070061
0.082220 0.080583 0.080071 0.079744 0.079444 0.079151 0.078866 0.078588 0.078320 0.078061 0.077812 0.077571 0.077339 0.077114 0.076897 0.076687 0.076483 0.076285 0.076093 0.075906 0.075724 0.075546 0.075372 0.075201 0.075035 0.074871 0.074711 0.074553 0.074398 0.074246 0.074095 0.073947 0.073800 0.073655 0.073512 0.073370 0.073230 0.073091 0.072953 0.072817 0.072681 0.072547 0.072413 0.072280 0.072148 0.072016 0.071885 0.071755 0.071626 0.071496
0.084366 0.084087 0.083454 0.082907 0.082457 0.082070 0.081720 0.081395 0.081086 0.080789 0.080503 0.080226 0.079958 0.079697 0.079443 0.079196 0.078955 0.078720 0.078491 0.078268 0.078050 0.077836 0.077627 0.077423 0.077223 0.077026 0.076833 0.076644 0.076458 0.076275 0.076095 0.075917 0.075742 0.075570 0.075400 0.075231 0.075065 0.074901 0.074739 0.074578 0.074418 0.074261 0.074104 0.073949 0.073796 0.073643 0.073492 0.073341 0.073192 0.073043
0.088021 0.086530 0.085811 0.085319 0.084914 0.084550 0.084209 0.083882 0.083567 0.083260 0.082960 0.082668 0.082381 0.082101 0.081827 0.081558 0.081295 0.081038 0.080786 0.080538 0.080296 0.080058 0.079825 0.079596 0.079372 0.079151 0.078934 0.078720 0.078510 0.078304 0.078100 0.077900 0.077702 0.077507 0.077314 0.077124 0.076936 0.076751 0.076567 0.076386 0.076206 0.076028 0.075852 0.075678 0.075505 0.075333 0.075163 0.074994 0.074827 0.074661
0.086338 0.087125 0.087249 0.087130 0.086908 0.086639 0.086349 0.086052 0.085752 0.085453 0.085157 0.084864 0.084574 0.084289 0.084008 0.083732 0.083459 0.083191 0.082927 0.082668 0.082412 0.082161 0.081914 0.081670 0.081430 0.081194 0.080961 0.080732 0.080506 0.080283 0.080063 0.079845 0.079631 0.079419 0.079210 0.079003 0.078798 0.078596 0.078396 0.078198 0.078002 0.077807 0.077615 0.077424 0.077235 0.077048 0.076862 0.076678 0.076495 0.076313
0.088733 0.089050 0.089096 0.088974 0.088767 0.088517 0.088246 0.087965 0.087679 0.087392 0.087105 0.086820 0.086536 0.086255 0.085977 0.085702 0.085430 0.085161 0.084896 0.084634 0.084375 0.084119 0.083866 0.083616 0.083370 0.083126 0.082885 0.082647 0.082412 0.082179 0.081949 0.081722 0.081496 0.081273 0.081053 0.080834 0.080618 0.080404 0.080192 0.079981 0.079773 0.079566 0.079361 0.079158 0.078956 0.078756 0.078557 0.078360 0.078165 0.077970
0.092753 0.091893 0.091304 0.090884 0.090544 0.090240 0.089950 0.089667 0.089387 0.089110 0.088833 0.088559 0.088286 0.088016 0.087747 0.087480 0.087216 0.086954 0.086694 0.086436 0.086180 0.085927 0.085676 0.085427 0.085180 0.084935 0.084693 0.084452 0.084214 0.083977 0.083743 0.083510 0.083279 0.083050 0.082823 0.082598 0.082375 0.082153 0.081932 0.081714 0.081497 0.081281 0.081067 0.080855 0.080643 0.080434 0.080225 0.080018 0.079812 0.079608
0.094810 0.093468 0.092813 0.092381 0.092036 0.091732 0.091446 0.091171 0.090902 0.090637 0.090375 0.090115 0.089857 0.089601 0.089346 0.089092 0.088840 0.088589 0.088340 0.088091 0.087844 0.087598 0.087353 0.087109 0.086867 0.086626 0.086386 0.086147 0.085910 0.085674 0.085439 0.085205 0.084973 0.084742 0.084512 0.084284 0.084056 0.083830 0.083605 0.083382 0.083159 0.082938 0.082718 0.082499 0.082281 0.082064 0.081848 0.081634 0.081420 0.081208
0.092295 0.093413 0.093572 0.093451 0.093240 0.093001 0.092753 0.092504 0.092258 0.092013 0.091771 0.091530 0.091290 0.091051 0.090813 0.090576 0.090338 0.090101 0.089864 0.089627 0.089391 0.089154 0.088918 0.088682 0.088447 0.088212 0.087977 0.087743 0.087509 0.087276 0.087043 0.086811 0.086579 0.086349 0.086118 0.085889 0.085660 0.085432 0.085205 0.084979 0.084753 0.084528 0.084304 0.084081 0.083858 0.083636 0.083415 0.083195 0.082976 0.082757
0.095604 0.094950 0.094752 0.094576 0.094377 0.094165 0.093948 0.093728 0.093509 0.093290 0.093071 0.092853 0.092634 0.092414 0.092194 0.091972 0.091750 0.091527 0.091303 0.091078 0.090852 0.090625 0.090398 0.090170 0.089942 0.089713 0.089484 0.089254 0.089025 0.088795 0.088566 0.088336 0.088106 0.087877 0.087647 0.087418 0.087189 0.086961 0.086732 0.086504 0.086277 0.086049 0.085822 0.085596 0.085370 0.085145 0.084920 0.084695 0.084471 0.084247
0.096051 0.096310 0.096019 0.095740 0.095508 0.095301 0.095106 0.094915 0.094725 0.094533 0.094338 0.094141 0.093941 0.093739 0.093534 0.093326 0.093117 0.092904 0.092690 0.092475 0.092257 0.092038 0.091818 0.091596 0.091373 0.091150 0.090925 0.090699 0.090473 0.090247 0.090019 0.089791 0.089563 0.089335 0.089106 0.088877 0.088648 0.088419 0.088189 0.087960 0.087731 0.087501 0.087272 0.087043 0.086814 0.086585 0.086357 0.086128 0.085900 0.085672
0.099971 0.097630 0.097037 0.096786 0.096611 0.096454 0.096299 0.096141 0.095978 0.095808 0.095632 0.095450 0.095262 0.095070 0.094874 0.094674 0.094471 0.094265 0.094056 0.093845 0.093632 0.093416 0.093199 0.092980 0.092760 0.092539 0.092316 0.092092 0.091867 0.091641 0.091415 0.091187 0.090959 0.090730 0.090501 0.090271 0.090041 0.089810 0.089579 0.089348 0.089116 0.088885 0.088653 0.088421 0.088188 0.087956 0.087724 0.087491 0.087259 0.087027
0.093079 0.096940 0.097730 0.097859 0.097826 0.097738 0.097621 0.097485 0.097333 0.097170 0.096997 0.096816 0.096629 0.096436 0.096239 0.096038 0.095834 0.095626 0.095416 0.095204 0.094989 0.094773 0.094554 0.094334 0.094113 0.093890 0.093666 0.093441 0.093214 0.092986 0.092758 0.092529 0.092298 0.092067 0.091836 0.091603 0.091370 0.091137 0.090902 0.090668 0.090433 0.090197 0.089962 0.089726 0.089489 0.089253 0.089016 0.088779 0.088542 0.088305
0.105522 0.100660 0.099698 0.099493 0.099395 0.099285 0.099148 0.098991 0.098818 0.098635 0.098444 0.098247 0.098046 0.097840 0.097632 0.097420 0.097206 0.096991 0.096773 0.096553 0.096332 0.096109 0.095885 0.095660 0.095433 0.095205 0.094976 0.094746 0.094514 0.094282 0.094049 0.093815 0.093580 0.093345 0.093108 0.092871 0.092633 0.092395 0.092156 0.091916 0.091676 0.091436 0.091195 0.090953 0.090712 0.090470 0.090227 0.089985 0.089742 0.089498
0.094662 0.100135 0.101262 0.101381 0.101250 0.101053 0.100836 0.100613 0.100388 0.100163 0.099937 0.099710 0.099483 0.099256 0.099029 0.098800 0.098571 0.098342 0.098111 0.097880 0.097648 0.097415 0.097181 0.096947 0.096711 0.096475 0.096238 0.096000 0.095761 0.095521 0.095281 0.095039 0.094797 0.094555 0.094311 0.094067 0.093823 0.093577 0.093331 0.093085 0.092838 0.092591 0.092343 0.092095 0.091846 0.091597 0.091348 0.091098 0.090848 0.090598
0.110465 0.105785 0.104334 0.103653 0.103198 0.102832 0.102509 0.102212 0.101932 0.101662 0.101399 0.101142 0.100889 0.100639 0.100390 0.100143 0.099897 0.099651 0.099406 0.099161 0.098915 0.098670 0.098424 0.098178 0.097931 0.097684 0.097436 0.097187 0.096938 0.096689 0.096438 0.096188 0.095936 0.095684 0.095432 0.095179 0.094925 0.094671 0.094416 0.094161 0.093905 0.093649 0.093393 0.093136 0.092879 0.092621 0.092364 0.092105 0.091847 0.091589
0.105729 0.106267 0.105706 0.105151 0.104694 0.104305 0.103957 0.103635 0.103330 0.103038 0.102754 0.102477 0.102205 0.101937 0.101671 0.101408 0.101145 0.100885 0.100624 0.100365 0.100105 0.099846 0.099586 0.099327 0.099067 0.098807 0.098547 0.098286 0.098025 0.097764 0.097502 0.097239 0.096977 0.096713 0.096450 0.096186 0.095921 0.095656 0.095391 0.095125 0.094859 0.094593 0.094326 0.094060 0.093792 0.093525 0.093258 0.092990 0.092722 0.092454
0.107296 0.106287 0.106126 0.105945 0.105697 0.105414 0.105119 0.104823 0.104530 0.104240 0.103953 0.103670 0.103389 0.103110 0.102833 0.102556 0.102281 0.102007 0.101733 0.101459 0.101185 0.100912 0.100639 0.100365 0.100091 0.099817 0.099543 0.099269 0.098994 0.098719 0.098444 0.098169 0.097893 0.097617 0.097340 0.097064 0.096787 0.096510 0.096233 0.095955 0.095677 0.095399 0.095121 0.094843 0.094565 0.094286 0.094008 0.093729 0.093451 0.093172
0.103360 0.106190 0.106742 0.106738 0.106571 0.106343 0.106088 0.105821 0.105546 0.105267 0.104985 0.104702 0.104417 0.104132 0.103846 0.103559 0.103273 0.102986 0.102698 0.102411 0.102123 0.101835 0.101547 0.101259 0.100970 0.100681 0.100392 0.100103 0.099814 0.099524 0.099235 0.098945 0.098655 0.098365 0.098075 0.097785 0.097494 0.097204 0.096913 0.096623 0.096332 0.096042 0.095751 0.095460 0.095170 0.094880 0.094589 0.094299 0.094009 0.093719
0.113624 0.109509 0.108293 0.107791 0.107475 0.107208 0.106949 0.106686 0.106416 0.106139 0.105856 0.105569 0.105278 0.104984 0.104688 0.104390 0.104090 0.103789 0.103488 0.103186 0.102883 0.102580 0.102276 0.101972 0.101668 0.101363 0.101059 0.100754 0.100449 0.100144 0.099839 0.099534 0.099229 0.098924 0.098620 0.098315 0.098010 0.097706 0.097401 0.097097 0.096793 0.096490 0.096186 0.095883 0.095580 0.095277 0.094974 0.094672 0.094370 0.094069
0.105981 0.108400 0.108639 0.108469 0.108226 0.107969 0.107703 0.107428 0.107145 0.106855 0.106558 0.106256 0.105950 0.105641 0.105330 0.105016 0.104700 0.104384 0.104066 0.103747 0.103428 0.103108 0.102787 0.102467 0.102146 0.101825 0.101504 0.101183 0.100862 0.100541 0.100220 0.099899 0.099579 0.099259 0.098939 0.098620 0.098301 0.097982 0.097664 0.097346 0.097028 0.096711 0.096395 0.096079 0.095763 0.095448 0.095133 0.094819 0.094506 0.094193
0.111629 0.109730 0.109334 0.109122 0.108887 0.108616 0.108322 0.108014 0.107699 0.107378 0.107053 0.106726 0.106396 0.106065 0.105732 0.105398 0.105062 0.104726 0.104389 0.104052 0.103714 0.103376 0.103038 0.102700 0.102362 0.102024 0.101686 0.101348 0.101011 0.100674 0.100338 0.100002 0.099666 0.099331 0.098997 0.098663 0.098330 0.097997 0.097665 0.097334 0.097004 0.096674 0.096345 0.096016 0.095689 0.095362 0.095036 0.094711 0.094387 0.094063
0.108066 0.109816 0.109986 0.109768 0.109443 0.109086 0.108721 0.108356 0.107993 0.107632 0.107272 0.106914 0.106556 0.106198 0.105841 0.105483 0.105126 0.104768 0.104411 0.104054 0.103697 0.103340 0.102984 0.102628 0.102273 0.101918 0.101563 0.101210 0.100857 0.100504 0.100153 0.099802 0.099452 0.099103 0.098755 0.098408 0.098061 0.097716 0.097371 0.097028 0.096686 0.096344 0.096004 0.095665 0.095326 0.094989 0.094653 0.094318 0.093984 0.093652
0.113892 0.111890 0.110889 0.110207 0.109660 0.109181 0.108741 0.108322 0.107917 0.107521 0.107130 0.106743 0.106358 0.105976 0.105594 0.105214 0.104835 0.104456 0.104079 0.103702 0.103327 0.102952 0.102578 0.102205 0.101834 0.101463 0.101093 0.100725 0.100357 0.099991 0.099626 0.099262 0.098899 0.098538 0.098178 0.097819 0.097461 0.097105 0.096750 0.096396 0.096044 0.095693 0.095343 0.094995 0.094648 0.094302 0.093958 0.093615 0.093274 0.092933
0.112528 0.111251 0.110341 0.109679 0.109142 0.108667 0.108223 0.107795 0.107376 0.106962 0.106552 0.106144 0.105738 0.105335 0.104932 0.104532 0.104133 0.103736 0.103341 0.102947 0.102555 0.102165 0.101776 0.101388 0.101003 0.100619 0.100236 0.099855 0.099476 0.099098 0.098722 0.098347 0.097974 0.097603 0.097233 0.096865 0.096499 0.096134 0.095771 0.095410 0.095050 0.094692 0.094336 0.093981 0.093628 0.093276 0.092927 0.092579 0.092232 0.091888
0.108205 0.108441 0.108431 0.108223 0.107911 0.107546 0.107153 0.106745 0.106328 0.105908 0.105486 0.105063 0.104641 0.104221 0.103803 0.103387 0.102973 0.102561 0.102152 0.101745 0.101340 0.100937 0.100537 0.100139 0.099742 0.099348 0.098956 0.098566 0.098179 0.097793 0.097409 0.097027 0.096648 0.096270 0.095894 0.095521 0.095149 0.094780 0.094412 0.094046 0.093683 0.093321 0.092961 0.092604 0.092248 0.091894 0.091542 0.091192 0.090844 0.090498
0.105085 0.106465 0.106729 0.106619 0.106350 0.106002 0.105611 0.105195 0.104767 0.104333 0.103896 0.103460 0.103026 0.102593 0.102164 0.101737 0.101313 0.100892 0.100474 0.100059 0.099646 0.099237 0.098830 0.098425 0.098023 0.097624 0.097227 0.096833 0.096441 0.096052 0.095665 0.095281 0.094899 0.094519 0.094142 0.093767 0.093394 0.093024 0.092656 0.092291 0.091927 0.091566 0.091207 0.090851 0.090496 0.090144 0.089794 0.089446 0.089100 0.088756
0.108760 0.106518 0.105599 0.105024 0.104532 0.104057 0.103587 0.103121 0.102658 0.102200 0.101748 0.101300 0.100857 0.100418 0.099983 0.099553 0.099126 0.098702 0.098282 0.097865 0.097451 0.097040 0.096633 0.096228 0.095826 0.095428 0.095032 0.094639 0.094249 0.093861 0.093477 0.093095 0.092716 0.092339 0.091966 0.091594 0.091226 0.090860 0.090497 0.090136 0.089778 0.089422 0.089069 0.088718 0.088369 0.088023 0.087679 0.087338 0.086999 0.086662
0.103896 0.103888 0.103335 0.102680 0.102050 0.101466 0.100924 0.100415 0.099928 0.099458 0.099001 0.098553 0.098111 0.097676 0.097246 0.096819 0.096397 0.095979 0.095564 0.095153 0.094745 0.094340 0.093939 0.093540 0.093145 0.092754 0.092365 0.091980 0.091597 0.091218 0.090842 0.090469 0.090098 0.089731 0.089367 0.089005 0.088647 0.088291 0.087937 0.087587 0.087239 0.086894 0.086551 0.086211 0.085874 0.085539 0.085206 0.084875 0.084548 0.084222
0.100976 0.100778 0.100001 0.099241 0.098580 0.098000 0.097477 0.096991 0.096528 0.096080 0.095643 0.095213 0.094788 0.094369 0.093953 0.093541 0.093132 0.092727 0.092326 0.091928 0.091533 0.091142 0.090754 0.090369 0.089988 0.089611 0.089236 0.088865 0.088498 0.088134 0.087772 0.087414 0.087060 0.086708 0.086359 0.086013 0.085671 0.085331 0.084993 0.084659 0.084327 0.083998 0.083672 0.083348 0.083027 0.082708 0.082391 0.082077 0.081765 0.081456
0.100213 0.096486 0.095190 0.094548 0.094089 0.093683 0.093289 0.092897 0.092503 0.092107 0.091710 0.091313 0.090917 0.090523 0.090130 0.089740 0.089353 0.088969 0.088588 0.088211 0.087837 0.087467 0.087101 0.086738 0.086378 0.086022 0.085670 0.085321 0.084975 0.084633 0.084294 0.083959 0.083626 0.083297 0.082970 0.082647 0.082326 0.082008 0.081693 0.081381 0.081071 0.080764 0.080459 0.080156 0.079857 0.079559 0.079264 0.078971 0.078680 0.078391
0.084120 0.087765 0.088805 0.089073 0.089045 0.088872 0.088618 0.088316 0.087985 0.087636 0.087278 0.086915 0.086549 0.086184 0.085819 0.085457 0.085098 0.084743 0.084390 0.084042 0.083697 0.083356 0.083019 0.082685 0.082355 0.082029 0.081707 0.081387 0.081072 0.080759 0.080449 0.080143 0.079840 0.079539 0.079242 0.078947 0.078654 0.078365 0.078078 0.077793 0.077511 0.077230 0.076953 0.076677 0.076403 0.076132 0.075863 0.075595 0.075330 0.075066
0.084549 0.083962 0.084178 0.084268 0.084183 0.083983 0.083717 0.083413 0.083090 0.082756 0.082418 0.082079 0.081741 0.081405 0.081073 0.080745 0.080421 0.080101 0.079786 0.079475 0.079167 0.078864 0.078565 0.078270 0.077978 0.077689 0.077404 0.077123 0.076844 0.076568 0.076295 0.076025 0.075757 0.075492 0.075229 0.074969 0.074711 0.074455 0.074201 0.073949 0.073699 0.073451 0.073205 0.072960 0.072718 0.072477 0.072237 0.071999 0.071763 0.071528
0.080442 0.080966 0.080462 0.079893 0.079391 0.078950 0.078550 0.078178 0.077826 0.077489 0.077165 0.076850 0.076544 0.076246 0.075955 0.075670 0.075391 0.075117 0.074848 0.074584 0.074324 0.074068 0.073816 0.073567 0.073321 0.073078 0.072838 0.072601 0.072366 0.072134 0.071903 0.071675 0.071449 0.071225 0.071002 0.070781 0.070562 0.070344 0.070128 0.069913 0.069700 0.069487 0.069277 0.069067 0.068858 0.068651 0.068445 0.068240 0.068036 0.067833
0.081668 0.077618 0.075717 0.074612 0.073867 0.073308 0.072858 0.072475 0.072137 0.071830 0.071545 0.071278 0.071024 0.070781 0.070547 0.070320 0.070099 0.069884 0.069673 0.069467 0.069264 0.069064 0.068866 0.068672 0.068479 0.068289 0.068100 0.067913 0.067728 0.067544 0.067361 0.067179 0.066998 0.066819 0.066640 0.066462 0.066285 0.066109 0.065933 0.065758 0.065584 0.065410 0.065237 0.065064 0.064892 0.064721 0.064550 0.064379 0.064209 0.064040
0.068100 0.068255 0.067942 0.067550 0.067177 0.066843 0.066549 0.066289 0.066055 0.065842 0.065647 0.065464 0.065291 0.065127 0.064970 0.064817 0.064669 0.064524 0.064382 0.064242 0.064104 0.063967 0.063831 0.063696 0.063562 0.063428 0.063295 0.063161 0.063028 0.062896 0.062763 0.062630 0.062497 0.062364 0.062231 0.062097 0.061964 0.061830 0.061696 0.061563 0.061428 0.061294 0.061160 0.061025 0.060890 0.060755 0.060620 0.060485 0.060349 0.060214
0.056659 0.058791 0.059600 0.059899 0.059986 0.059980 0.059933 0.059869 0.059799 0.059727 0.059656 0.059587 0.059519 0.059452 0.059386 0.059319 0.059253 0.059186 0.059118 0.059050 0.058980 0.058909 0.058837 0.058763 0.058689 0.058612 0.058535 0.058456 0.058375 0.058293 0.058210 0.058126 0.058040 0.057953 0.057865 0.057776 0.057685 0.057593 0.057501 0.057407 0.057312 0.057216 0.057119 0.057022 0.056923 0.056824 0.056724 0.056623 0.056521 0.056419
0.053832 0.052775 0.052786 0.052999 0.053211 0.053384 0.053520 0.053628 0.053715 0.053785 0.053843 0.053891 0.053931 0.053963 0.053989 0.054009 0.054024 0.054033 0.054038 0.054039 0.054035 0.054027 0.054015 0.054000 0.053981 0.053959 0.053934 0.053905 0.053874 0.053840 0.053803 0.053764 0.053722 0.053678 0.053631 0.053583 0.053532 0.053479 0.053425 0.053368 0.053310 0.053250 0.053188 0.053125 0.053061 0.052994 0.052927 0.052858 0.052788 0.052717
0.045647 0.046414 0.046721 0.046975 0.047233 0.047487 0.047727 0.047947 0.048146 0.048324 0.048484 0.048628 0.048756 0.048872 0.048975 0.049068 0.049152 0.049226 0.049293 0.049352 0.049404 0.049450 0.049490 0.049524 0.049553 0.049577 0.049596 0.049611 0.049622 0.049629 0.049632 0.049632 0.049628 0.049621 0.049611 0.049597 0.049581 0.049563 0.049541 0.049518 0.049492 0.049463 0.049432 0.049400 0.049365 0.049328 0.049290 0.049250 0.049208 0.049164
0.041168 0.041337 0.041580 0.041872 0.042184 0.042497 0.042797 0.043079 0.043339 0.043579 0.043799 0.044000 0.044184 0.044352 0.044507 0.044648 0.044778 0.044898 0.045007 0.045108 0.045200 0.045285 0.045362 0.045433 0.045498 0.045556 0.045610 0.045658 0.045701 0.045739 0.045773 0.045803 0.045829 0.045851 0.045870 0.045885 0.045897 0.045906 0.045911 0.045914 0.045915 0.045912 0.045907 0.045900 0.045890 0.045878 0.045864 0.045848 0.045830 0.045810
0.037244 0.037035 0.037375 0.037791 0.038182 0.038537 0.038858 0.039153 0.039424 0.039675 0.039908 0.040123 0.040324 0.040510 0.040683 0.040844 0.040994 0.041133 0.041264 0.041385 0.041498 0.041604 0.041703 0.041794 0.041880 0.041960 0.042034 0.042103 0.042167 0.042226 0.042281 0.042331 0.042378 0.042420 0.042459 0.042494 0.042526 0.042555 0.042581 0.042604 0.042624 0.042641 0.042656 0.042668 0.042677 0.042685 0.042690 0.042692 0.042693 0.042692
0.031399 0.033489 0.034429 0.034966 0.035347 0.035656 0.035928 0.036176 0.036406 0.036621 0.036824 0.037016 0.037197 0.037368 0.037529 0.037682 0.037827 0.037963 0.038092 0.038214 0.038330 0.038439 0.038542 0.038639 0.038731 0.038818 0.038901 0.038978 0.039051 0.039120 0.039185 0.039247 0.039304 0.039358 0.039409 0.039456 0.039500 0.039542 0.039580 0.039616 0.039649 0.039679 0.039707 0.039732 0.039756 0.039777 0.039795 0.039812 0.039827 0.039839
0.033655 0.033410 0.033371 0.033446 0.033571 0.033715 0.033866 0.034018 0.034169 0.034318 0.034463 0.034604 0.034741 0.034874 0.035003 0.035127 0.035247 0.035362 0.035473 0.035579 0.035681 0.035779 0.035873 0.035963 0.036050 0.036132 0.036211 0.036287 0.036359 0.036428 0.036494 0.036557 0.036617 0.036675 0.036729 0.036781 0.036830 0.036877 0.036922 0.036964 0.037003 0.037041 0.037076 0.037110 0.037141 0.037170 0.037198 0.037223 0.037247 0.037269
0.035234 0.033224 0.032602 0.032402 0.032348 0.032356 0.032395 0.032451 0.032519 0.032593 0.032673 0.032755 0.032840 0.032925 0.033010 0.033096 0.033180 0.033264 0.033346 0.033427 0.033506 0.033583 0.033659 0.033733 0.033804 0.033874 0.033942 0.034008 0.034072 0.034134 0.034194 0.034252 0.034308 0.034362 0.034414 0.034464 0.034512 0.034559 0.034604 0.034647 0.034688 0.034728 0.034766 0.034802 0.034837 0.034870 0.034901 0.034931 0.034960 0.034987
0.028457 0.030669 0.031204 0.031297 0.031286 0.031261 0.031244 0.031239 0.031246 0.031262 0.031286 0.031316 0.031351 0.031391 0.031434 0.031479 0.031527 0.031577 0.031628 0.031680 0.031733 0.031786 0.031839 0.031893 0.031946 0.031999 0.032051 0.032103 0.032154 0.032204 0.032253 0.032302 0.032349 0.032396 0.032441 0.032486 0.032529 0.032572 0.032613 0.032653 0.032692 0.032730 0.032766 0.032802 0.032836 0.032870 0.032902 0.032933 0.032963 0.032992
0.031788 0.030806 0.030523 0.030412 0.030345 0.030293 0.030250 0.030214 0.030187 0.030166 0.030153 0.030145 0.030144 0.030148 0.030157 0.030170 0.030187 0.030207 0.030230 0.030256 0.030285 0.030315 0.030347 0.030380 0.030415 0.030450 0.030486 0.030522 0.030559 0.030597 0.030634 0.030671 0.030709 0.030746 0.030783 0.030819 0.030855 0.030891 0.030926 0.030961 0.030995 0.031029 0.031062 0.031094 0.031126 0.031157 0.031188 0.031218 0.031247 0.031275
0.030932 0.029933 0.029618 0.029496 0.029429 0.029376 0.029328 0.029282 0.029239 0.029201 0.029167 0.029138 0.029114 0.029096 0.029083 0.029074 0.029070 0.029070 0.029073 0.029080 0.029090 0.029102 0.029117 0.029134 0.029153 0.029174 0.029196 0.029219 0.029243 0.029268 0.029294 0.029321 0.029348 0.029376 0.029404 0.029432 0.029461 0.029489 0.029518 0.029547 0.029575 0.029604 0.029632 0.029660 0.029688 0.029716 0.029743 0.029770 0.029797 0.029823
0.025974 0.027932 0.028419 0.028525 0.028524 0.028490 0.028444 0.028395 0.028347 0.028302 0.028261 0.028225 0.028194 0.028167 0.028145 0.028127 0.028113 0.028103 0.028096 0.028092 0.028091 0.028093 0.028097 0.028104 0.028112 0.028123 0.028135 0.028148 0.028163 0.028179 0.028196 0.028214 0.028233 0.028253 0.028274 0.028295 0.028317 0.028339 0.028362 0.028385 0.028408 0.028431 0.028455 0.028479 0.028503 0.028527 0.028551 0.028575 0.028599 0.028623
0.030012 0.028278 0.027884 0.027765 0.027696 0.027637 0.027581 0.027529 0.027484 0.027443 0.027408 0.027377 0.027351 0.027329 0.027310 0.027294 0.027281 0.027270 0.027262 0.027257 0.027253 0.027251 0.027252 0.027254 0.027257 0.027262 0.027269 0.027277 0.027286 0.027297 0.027309 0.027321 0.027335 0.027350 0.027365 0.027381 0.027398 0.027415 0.027434 0.027452 0.027471 0.027491 0.027511 0.027531 0.027552 0.027573 0.027594 0.027615 0.027636 0.027658
0.025912 0.026914 0.027007 0.026929 0.026840 0.026768 0.026715 0.026676 0.026648 0.026627 0.026612 0.026600 0.026590 0.026582 0.026576 0.026571 0.026567 0.026563 0.026561 0.026560 0.026560 0.026560 0.026562 0.026565 0.026569 0.026573 0.026579 0.026586 0.026593 0.026602 0.026611 0.026622 0.026633 0.026645 0.026658 0.026671 0.026686 0.026701 0.026716 0.026732 0.026749 0.026766 0.026784 0.026802 0.026820 0.026839 0.026858 0.026878 0.026897 0.026917
0.027117 0.026454 0.026140 0.025980 0.025901 0.025869 0.025862 0.025869 0.025883 0.025899 0.025915 0.025930 0.025944 0.025957 0.025968 0.025977 0.025986 0.025994 0.026001 0.026007 0.026014 0.026020 0.026027 0.026034 0.026041 0.026048 0.026056 0.026065 0.026074 0.026084 0.026094 0.026105 0.026117 0.026129 0.026141 0.026155 0.026169 0.026183 0.026198 0.026214 0.026230 0.026246 0.026263 0.026281 0.026298 0.026316 0.026335 0.026353 0.026372 0.026391
0.025989 0.025042 0.024849 0.024874 0.024959 0.025052 0.025140 0.025217 0.025284 0.025341 0.025390 0.025431 0.025466 0.025497 0.025523 0.025546 0.025566 0.025584 0.025600 0.025615 0.025629 0.025642 0.025655 0.025667 0.025680 0.025692 0.025704 0.025717 0.025729 0.025742 0.025756 0.025769 0.025783 0.025798 0.025813 0.025828 0.025844 0.025859 0.025876 0.025892 0.025910 0.025927 0.025944 0.025962 0.025981 0.025999 0.026018 0.026037 0.026056 0.026075
0.020741 0.022712 0.023583 0.024063 0.024373 0.024590 0.024751 0.024874 0.024970 0.025047 0.025110 0.025162 0.025206 0.025244 0.025278 0.025307 0.025334 0.025358 0.025381 0.025402 0.025422 0.025442 0.025461 0.025479 0.025497 0.025515 0.025532 0.025550 0.025567 0.025585 0.025603 0.025621 0.025639 0.025657 0.025675 0.025694 0.025712 0.025731 0.025750 0.025769 0.025789 0.025808 0.025828 0.025847 0.025867 0.025887 0.025907 0.025927 0.025947 0.025967
0.023177 0.023523 0.023969 0.024310 0.024550 0.024719 0.024841 0.024933 0.025004 0.025062 0.025110 0.025151 0.025188 0.025222 0.025253 0.025282 0.025309 0.025336 0.025362 0.025387 0.025412 0.025436 0.025460 0.025484 0.025508 0.025531 0.025554 0.025578 0.025601 0.025624 0.025647 0.025670 0.025692 0.025715 0.025738 0.025761 0.025783 0.025806 0.025828 0.025851 0.025873 0.025895 0.025917 0.025939 0.025961 0.025983 0.026005 0.026026 0.026048 0.026069
0.025938 0.025629 0.025481 0.025402 0.025360 0.025339 0.025331 0.025331 0.025338 0.025349 0.025364 0.025382 0.025402 0.025424 0.025448 0.025473 0.025499 0.025527 0.025555 0.025583 0.025612 0.025641 0.025670 0.025699 0.025729 0.025758 0.025787 0.025816 0.025845 0.025874 0.025902 0.025930 0.025958 0.025986 0.026013 0.026040 0.026067 0.026093 0.026119 0.026145 0.026171 0.026196 0.026221 0.026245 0.026269 0.026293 0.026317 0.026340 0.026363 0.026385
0.027717 0.027373 0.026876 0.026499 0.026242 0.026071 0.025959 0.025886 0.025841 0.025817 0.025807 0.025808 0.025817 0.025833 0.025854 0.025879 0.025907 0.025937 0.025969 0.026002 0.026036 0.026071 0.026106 0.026141 0.026177 0.026212 0.026247 0.026282 0.026316 0.026350 0.026384 0.026417 0.026450 0.026482 0.026514 0.026545 0.026576 0.026606 0.026635 0.026664 0.026692 0.026720 0.026747 0.026773 0.026799 0.026825 0.026849 0.026874 0.026897 0.026920
0.029722 0.027982 0.027318 0.026973 0.026757 0.026612 0.026513 0.026450 0.026412 0.026394 0.026391 0.026399 0.026417 0.026441 0.026470 0.026504 0.026540 0.026578 0.026618 0.026659 0.026701 0.026743 0.026785 0.026828 0.026869 0.026911 0.026952 0.026992 0.027032 0.027071 0.027109 0.027147 0.027183 0.027219 0.027254 0.027288 0.027322 0.027354 0.027386 0.027416 0.027446 0.027475 0.027504 0.027531 0.027557 0.027583 0.027608 0.027633 0.027656 0.027679
0.024695 0.026325 0.026798 0.026942 0.026989 0.027007 0.027022 0.027042 0.027067 0.027099 0.027136 0.027177 0.027222 0.027270 0.027319 0.027370 0.027422 0.027474 0.027525 0.027577 0.027628 0.027679 0.027729 0.027778 0.027826 0.027873 0.027919 0.027964 0.028008 0.028050 0.028092 0.028132 0.028171 0.028209 0.028245 0.028281 0.028315 0.028348 0.028380 0.028411 0.028441 0.028470 0.028497 0.028524 0.028550 0.028574 0.028598 0.028620 0.028642 0.028663
0.026896 0.026817 0.027026 0.027245 0.027431 0.027587 0.027720 0.027838 0.027943 0.028040 0.028131 0.028216 0.028297 0.028374 0.028448 0.028520 0.028589 0.028655 0.028720 0.028782 0.028842 0.028900 0.028957 0.029011 0.029064 0.029114 0.029163 0.029210 0.029256 0.029300 0.029342 0.029382 0.029421 0.029459 0.029494 0.029529 0.029562 0.029593 0.029624 0.029652 0.029680 0.029706 0.029731 0.029755 0.029777 0.029799 0.029819 0.029838 0.029856 0.029873
0.028021 0.027829 0.027959 0.028190 0.028434 0.028664 0.028871 0.029054 0.029217 0.029362 0.029493 0.029611 0.029720 0.029821 0.029914 0.030001 0.030082 0.030159 0.030232 0.030300 0.030365 0.030427 0.030486 0.030542 0.030595 0.030646 0.030694 0.030740 0.030784 0.030826 0.030865 0.030903 0.030939 0.030972 0.031005 0.031035 0.031064 0.031091 0.031116 0.031140 0.031162 0.031183 0.031203 0.031221 0.031238 0.031254 0.031268 0.031281 0.031293 0.031304
0.028059 0.029029 0.029523 0.029875 0.030166 0.030420 0.030643 0.030840 0.031015 0.031172 0.031313 0.031440 0.031556 0.031662 0.031759 0.031849 0.031932 0.032009 0.032081 0.032149 0.032212 0.032271 0.032326 0.032378 0.032426 0.032472 0.032515 0.032555 0.032593 0.032628 0.032661 0.032691 0.032720 0.032747 0.032771 0.032794 0.032815 0.032834 0.032852 0.032868 0.032882 0.032895 0.032906 0.032916 0.032924 0.032932 0.032937 0.032942 0.032945 0.032947
0.031886 0.031911 0.032197 0.032470 0.032701 0.032899 0.033073 0.033229 0.033369 0.033498 0.033615 0.033722 0.033821 0.033912 0.033996 0.034073 0.034144 0.034210 0.034271 0.034327 0.034379 0.034427 0.034472 0.034513 0.034550 0.034585 0.034617 0.034646 0.034672 0.034696 0.034718 0.034737 0.034754 0.034770 0.034783 0.034794 0.034804 0.034812 0.034818 0.034823 0.034826 0.034827 0.034827 0.034826 0.034823 0.034819 0.034814 0.034807 0.034799 0.034790
0.034887 0.035533 0.035724 0.035821 0.035900 0.035976 0.036053 0.036130 0.036206 0.036280 0.036351 0.036419 0.036483 0.036543 0.036598 0.036650 0.036697 0.036740 0.036780 0.036816 0.036849 0.036878 0.036904 0.036927 0.036947 0.036965 0.036980 0.036992 0.037002 0.037010 0.037016 0.037020 0.037022 0.037022 0.037020 0.037016 0.037011 0.037004 0.036996 0.036986 0.036974 0.036961 0.036947 0.036932 0.036915 0.036897 0.036878 0.036857 0.036836 0.036813
0.040996 0.040047 0.039689 0.039521 0.039436 0.039395 0.039379 0.039380 0.039391 0.039407 0.039427 0.039448 0.039469 0.039490 0.039509 0.039527 0.039542 0.039556 0.039567 0.039575 0.039582 0.039586 0.039588 0.039587 0.039585 0.039580 0.039574 0.039565 0.039554 0.039542 0.039528 0.039512 0.039495 0.039476 0.039455 0.039433 0.039410 0.039385 0.039359 0.039331 0.039303 0.039273 0.039241 0.039209 0.039176 0.039141 0.039106 0.039070 0.039032 0.038994
0.043329 0.043396 0.043238 0.043096 0.042992 0.042917 0.042862 0.042820 0.042787 0.042759 0.042736 0.042714 0.042695 0.042676 0.042657 0.042638 0.042618 0.042597 0.042576 0.042553 0.042529 0.042504 0.042478 0.042450 0.042421 0.042390 0.042358 0.042325 0.042290 0.042254 0.042217 0.042178 0.042138 0.042097 0.042055 0.042012 0.041968 0.041922 0.041876 0.041828 0.041780 0.041731 0.041680 0.041629 0.041577 0.041524 0.041470 0.041416 0.041360 0.041304
0.046922 0.046609 0.046575 0.046556 0.046522 0.046475 0.046421 0.046364 0.046307 0.046248 0.046191 0.046134 0.046077 0.046022 0.045966 0.045911 0.045856 0.045801 0.045746 0.045690 0.045634 0.045578 0.045521 0.045463 0.045405 0.045346 0.045286 0.045226 0.045165 0.045103 0.045040 0.044977 0.044913 0.044848 0.044782 0.044715 0.044648 0.044580 0.044512 0.044442 0.044372 0.044302 0.044230 0.044158 0.044086 0.044013 0.043939 0.043865 0.043790 0.043715
0.048937 0.049828 0.050093 0.050167 0.050165 0.050124 0.050062 0.049987 0.049905 0.049818 0.049729 0.049639 0.049549 0.049459 0.049369 0.049279 0.049190 0.049101 0.049013 0.048925 0.048837 0.048749 0.048661 0.048573 0.048485 0.048397 0.048309 0.048221 0.048132 0.048043 0.047954 0.047864 0.047774 0.047684 0.047593 0.047502 0.047411 0.047319 0.047227 0.047135 0.047042 0.046949 0.046855 0.046761 0.046667 0.046573 0.046478 0.046383 0.046287 0.046192
0.055090 0.054396 0.054196 0.054089 0.053992 0.053888 0.053777 0.053661 0.053541 0.053419 0.053296 0.053173 0.053049 0.052926 0.052804 0.052681 0.052560 0.052439 0.052319 0.052200 0.052081 0.051962 0.051844 0.051727 0.051610 0.051493 0.051376 0.051260 0.051143 0.051027 0.050911 0.050795 0.050679 0.050563 0.050447 0.050331 0.050215 0.050099 0.049982 0.049866 0.049750 0.049633 0.049517 0.049401 0.049284 0.049168 0.049051 0.048934 0.048818 0.048701
0.058320 0.058444 0.058261 0.058046 0.057845 0.057660 0.057485 0.057318 0.057155 0.056994 0.056836 0.056679 0.056523 0.056368 0.056215 0.056062 0.055910 0.055760 0.055610 0.055461 0.055313 0.055166 0.055020 0.054874 0.054728 0.054584 0.054439 0.054296 0.054152 0.054009 0.053867 0.053724 0.053583 0.053441 0.053299 0.053158 0.053018 0.052877 0.052737 0.052596 0.052456 0.052317 0.052177 0.052038 0.051899 0.051761 0.051622 0.051484 0.051346 0.051208
0.063155 0.062498 0.062094 0.061785 0.061525 0.061292 0.061076 0.060871 0.060673 0.060479 0.060289 0.060102 0.059917 0.059734 0.059552 0.059372 0.059193 0.059015 0.058838 0.058662 0.058487 0.058313 0.058140 0.057967 0.057795 0.057624 0.057453 0.057283 0.057114 0.056945 0.056777 0.056609 0.056442 0.056275 0.056109 0.055943 0.055778 0.055614 0.055450 0.055286 0.055123 0.054960 0.054798 0.054637 0.054475 0.054315 0.054155 0.053995 0.053836 0.053678
0.066048 0.065683 0.065405 0.065164 0.064932 0.064705 0.064480 0.064258 0.064039 0.063822 0.063609 0.063398 0.063188 0.062981 0.062774 0.062569 0.062366 0.062163 0.061961 0.061760 0.061560 0.061361 0.061162 0.060964 0.060767 0.060571 0.060375 0.060180 0.059986 0.059792 0.059599 0.059407 0.059216 0.059025 0.058835 0.058646 0.058457 0.058270 0.058083 0.057896 0.057711 0.057526 0.057342 0.057159 0.056977 0.056795 0.056614 0.056434 0.056255 0.056076
0.068273 0.068462 0.068455 0.068324 0.068134 0.067918 0.067691 0.067459 0.067226 0.066994 0.066762 0.066532 0.066302 0.066073 0.065846 0.065619 0.065392 0.065167 0.064942 0.064718 0.064494 0.064271 0.064049 0.063827 0.063606 0.063385 0.063166 0.062947 0.062729 0.062512 0.062295 0.062080 0.061866 0.061652 0.061439 0.061228 0.061017 0.060807 0.060599 0.060391 0.060185 0.059979 0.059775 0.059571 0.059369 0.059167 0.058967 0.058767 0.058569 0.058372
0.071565 0.071841 0.071689 0.071457 0.071213 0.070966 0.070719 0.070472 0.070225 0.069977 0.069729 0.069481 0.069233 0.068985 0.068737 0.068489 0.068242 0.067994 0.067747 0.067500 0.067254 0.067008 0.066762 0.066517 0.066273 0.066030 0.065788 0.065546 0.065306 0.065066 0.064828 0.064591 0.064355 0.064120 0.063886 0.063654 0.063422 0.063193 0.062964 0.062737 0.062511 0.062286 0.062062 0.061840 0.061620 0.061400 0.061182 0.060965 0.060749 0.060535
0.077270 0.075519 0.074811 0.074407 0.074097 0.073819 0.073551 0.073286 0.073022 0.072758 0.072492 0.072226 0.071959 0.071691 0.071422 0.071153 0.070883 0.070613 0.070343 0.070074 0.069804 0.069536 0.069268 0.069001 0.068734 0.068469 0.068205 0.067942 0.067681 0.067421 0.067162 0.066905 0.066649 0.066395 0.066142 0.065891 0.065641 0.065393 0.065147 0.064902 0.064658 0.064417 0.064177 0.063938 0.063701 0.063466 0.063232 0.062999 0.062768 0.062539
0.076380 0.077120 0.077144 0.076958 0.076708 0.076438 0.076162 0.075883 0.075601 0.075318 0.075032 0.074743 0.074453 0.074162 0.073869 0.073576 0.073282 0.072989 0.072695 0.072402 0.072110 0.071819 0.071529 0.071241 0.070954 0.070668 0.070384 0.070102 0.069821 0.069543 0.069266 0.068991 0.068718 0.068447 0.068177 0.067910 0.067645 0.067381 0.067119 0.066860 0.066602 0.066346 0.066092 0.065839 0.065589 0.065340 0.065093 0.064848 0.064605 0.064363
0.079620 0.079779 0.079640 0.079401 0.079128 0.078840 0.078545 0.078244 0.077938 0.077628 0.077314 0.076998 0.076679 0.076360 0.076039 0.075719 0.075400 0.075081 0.074764 0.074448 0.074134 0.073821 0.073511 0.073203 0.072897 0.072594 0.072293 0.071994 0.071697 0.071403 0.071111 0.070822 0.070535 0.070250 0.069968 0.069687 0.069410 0.069134 0.068860 0.068589 0.068320 0.068053 0.067788 0.067525 0.067264 0.067005 0.066748 0.066493 0.066240 0.065989
0.084449 0.082818 0.082110 0.081680 0.081332 0.081001 0.080669 0.080331 0.079988 0.079639 0.079288 0.078936 0.078584 0.078232 0.077882 0.077534 0.077189 0.076846 0.076507 0.076170 0.075837 0.075506 0.075179 0.074856 0.074535 0.074218 0.073903 0.073592 0.073284 0.072978 0.072676 0.072376 0.072080 0.071785 0.071494 0.071205 0.070919 0.070635 0.070354 0.070075 0.069798 0.069524 0.069251 0.068981 0.068714 0.068448 0.068184 0.067923 0.067663 0.067405
0.083439 0.083913 0.083811 0.083542 0.083208 0.082843 0.082460 0.082067 0.081671 0.081274 0.080879 0.080487 0.080100 0.079718 0.079340 0.078969 0.078602 0.078241 0.077884 0.077533 0.077186 0.076844 0.076507 0.076173 0.075844 0.075519 0.075197 0.074879 0.074565 0.074254 0.073946 0.073642 0.073340 0.073042 0.072746 0.072454 0.072164 0.071876 0.071591 0.071309 0.071029 0.070751 0.070476 0.070202 0.069931 0.069663 0.069396 0.069131 0.068868 0.068608
0.085669 0.085688 0.085496 0.085151 0.084724 0.084265 0.083796 0.083330 0.082874 0.082428 0.081994 0.081571 0.081158 0.080755 0.080362 0.079977 0.079601 0.079231 0.078869 0.078513 0.078162 0.077818 0.077478 0.077144 0.076814 0.076489 0.076167 0.075850 0.075537 0.075226 0.074920 0.074616 0.074316 0.074019 0.073725 0.073433 0.073144 0.072858 0.072574 0.072292 0.072013 0.071736 0.071462 0.071189 0.070919 0.070651 0.070384 0.070120 0.069857 0.069597
0.088679 0.087776 0.087008 0.086303 0.085651 0.085049 0.084489 0.083965 0.083471 0.083003 0.082555 0.082125 0.081711 0.081309 0.080920 0.080541 0.080170 0.079809 0.079454 0.079107 0.078765 0.078430 0.078099 0.077774 0.077453 0.077136 0.076823 0.076514 0.076208 0.075906 0.075607 0.075311 0.075017 0.074727 0.074439 0.074154 0.073871 0.073590 0.073312 0.073035 0.072761 0.072489 0.072219 0.071951 0.071685 0.071421 0.071158 0.070897 0.070638 0.070381
0.089642 0.088391 0.087235 0.086307 0.085555 0.084921 0.084365 0.083862 0.083397 0.082959 0.082544 0.082146 0.081763 0.081391 0.081030 0.080679 0.080335 0.079998 0.079667 0.079342 0.079022 0.078707 0.078397 0.078090 0.077786 0.077487 0.077190 0.076896 0.076605 0.076317 0.076031 0.075748 0.075467 0.075188 0.074911 0.074636 0.074364 0.074093 0.073824 0.073556 0.073291 0.073027 0.072765 0.072505 0.072246 0.071988 0.071732 0.071478 0.071225 0.070974
0.088423 0.086414 0.085427 0.084791 0.084293 0.083860 0.083462 0.083086 0.082727 0.082380 0.082042 0.081713 0.081392 0.081076 0.080766 0.080460 0.080159 0.079862 0.079568 0.079277 0.078989 0.078704 0.078421 0.078141 0.077862 0.077586 0.077311 0.077038 0.076767 0.076497 0.076229 0.075963 0.075698 0.075434 0.075172 0.074912 0.074652 0.074394 0.074137 0.073882 0.073628 0.073375 0.073123 0.072872 0.072623 0.072375 0.072128 0.071882 0.071637 0.071394
0.080275 0.081726 0.082284 0.082447 0.082422 0.082300 0.082126 0.081922 0.081701 0.081469 0.081231 0.080988 0.080742 0.080495 0.080246 0.079997 0.079747 0.079496 0.079246 0.078995 0.078744 0.078493 0.078242 0.077991 0.077741 0.077491 0.077241 0.076992 0.076743 0.076494 0.076247 0.075999 0.075752 0.075506 0.075260 0.075016 0.074771 0.074528 0.074285 0.074043 0.073801 0.073561 0.073321 0.073082 0.072844 0.072606 0.072370 0.072134 0.071899 0.071664
0.078118 0.079735 0.080430 0.080741 0.080864 0.080881 0.080834 0.080745 0.080627 0.080489 0.080334 0.080168 0.079992 0.079807 0.079616 0.079419 0.079218 0.079012 0.078802 0.078589 0.078374 0.078156 0.077936 0.077714 0.077491 0.077267 0.077041 0.076815 0.076588 0.076360 0.076132 0.075904 0.075675 0.075446 0.075217 0.074988 0.074759 0.074531 0.074302 0.074074 0.073846 0.073618 0.073390 0.073163 0.072937 0.072710 0.072485 0.072259 0.072034 0.071810
0.082561 0.080761 0.080214 0.080038 0.079970 0.079927 0.079880 0.079820 0.079745 0.079654 0.079549 0.079431 0.079300 0.079159 0.079009 0.078850 0.078684 0.078512 0.078334 0.078151 0.077963 0.077771 0.077576 0.077378 0.077178 0.076975 0.076770 0.076563 0.076355 0.076145 0.075935 0.075723 0.075511 0.075297 0.075084 0.074869 0.074655 0.074440 0.074224 0.074009 0.073793 0.073578 0.073362 0.073147 0.072931 0.072716 0.072501 0.072286 0.072071 0.071857
0.079879 0.080012 0.079796 0.079601 0.079468 0.079377 0.079304 0.079236 0.079164 0.079083 0.078992 0.078889 0.078776 0.078653 0.078520 0.078380 0.078231 0.078076 0.077915 0.077748 0.077577 0.077401 0.077222 0.077039 0.076854 0.076666 0.076475 0.076283 0.076089 0.075893 0.075696 0.075497 0.075298 0.075097 0.074896 0.074694 0.074491 0.074288 0.074084 0.073880 0.073676 0.073471 0.073266 0.073061 0.072856 0.072650 0.072445 0.072240 0.072035 0.071829
0.079336 0.079365 0.079329 0.079270 0.079205 0.079137 0.079065 0.078986 0.078899 0.078803 0.078697 0.078583 0.078460 0.078330 0.078192 0.078048 0.077898 0.077743 0.077584 0.077420 0.077253 0.077083 0.076909 0.076733 0.076555 0.076375 0.076192 0.076008 0.075823 0.075636 0.075447 0.075258 0.075068 0.074877 0.074685 0.074492 0.074298 0.074104 0.073910 0.073715 0.073519 0.073324 0.073128 0.072932 0.072735 0.072538 0.072342 0.072145 0.071948 0.071751
0.079507 0.079190 0.079240 0.079289 0.079283 0.079230 0.079143 0.079034 0.078910 0.078775 0.078632 0.078483 0.078329 0.078172 0.078012 0.077849 0.077683 0.077516 0.077346 0.077175 0.077002 0.076828 0.076653 0.076476 0.076298 0.076119 0.075940 0.075759 0.075577 0.075394 0.075211 0.075027 0.074842 0.074657 0.074471 0.074285 0.074098 0.073911 0.073723 0.073535 0.073347 0.073158 0.072969 0.072780 0.072590 0.072401 0.072211 0.072021 0.071831 0.071641
0.078077 0.079491 0.079833 0.079868 0.079787 0.079649 0.079480 0.079294 0.079100 0.078902 0.078704 0.078507 0.078312 0.078118 0.077927 0.077737 0.077550 0.077363 0.077179 0.076995 0.076812 0.076630 0.076448 0.076266 0.076085 0.075904 0.075723 0.075542 0.075361 0.075180 0.074998 0.074817 0.074635 0.074453 0.074271 0.074089 0.073906 0.073723 0.073540 0.073357 0.073174 0.072990 0.072806 0.072622 0.072438 0.072254 0.072070 0.071885 0.071701 0.071517
0.083626 0.081899 0.081266 0.080860 0.080511 0.080185 0.079876 0.079584 0.079305 0.079040 0.078786 0.078543 0.078309 0.078084 0.077865 0.077653 0.077446 0.077243 0.077045 0.076850 0.076657 0.076467 0.076279 0.076092 0.075907 0.075723 0.075540 0.075358 0.075176 0.074995 0.074814 0.074633 0.074452 0.074272 0.074092 0.073912 0.073732 0.073552 0.073372 0.073192 0.073012 0.072832 0.072652 0.072472 0.072292 0.072111 0.071931 0.071751 0.071571 0.071391
0.082087 0.082578 0.082060 0.081452 0.080910 0.080442 0.080034 0.079669 0.079339 0.079035 0.078752 0.078487 0.078235 0.077995 0.077765 0.077543 0.077327 0.077118 0.076914 0.076713 0.076516 0.076323 0.076131 0.075942 0.075755 0.075569 0.075385 0.075202 0.075019 0.074838 0.074657 0.074477 0.074297 0.074118 0.073939 0.073760 0.073582 0.073403 0.073225 0.073047 0.072870 0.072692 0.072514 0.072337 0.072160 0.071982 0.071805 0.071628 0.071451 0.071274
0.085642 0.083006 0.081835 0.081114 0.080573 0.080128 0.079743 0.079402 0.079092 0.078806 0.078540 0.078288 0.078049 0.077819 0.077598 0.077384 0.077175 0.076970 0.076770 0.076573 0.076379 0.076187 0.075997 0.075809 0.075623 0.075438 0.075255 0.075072 0.074890 0.074709 0.074529 0.074349 0.074170 0.073992 0.073813 0.073636 0.073458 0.073281 0.073104 0.072928 0.072751 0.072575 0.072400 0.072224 0.072048 0.071873 0.071698 0.071523 0.071348 0.071173
0.079292 0.079982 0.079966 0.079777 0.079543 0.079301 0.079063 0.078832 0.078610 0.078394 0.078184 0.077979 0.077778 0.077580 0.077385 0.077192 0.077000 0.076811 0.076622 0.076435 0.076249 0.076063 0.075879 0.075696 0.075513 0.075331 0.075149 0.074969 0.074788 0.074609 0.074430 0.074251 0.074073 0.073895 0.073718 0.073541 0.073364 0.073188 0.073012 0.072836 0.072661 0.072486 0.072311 0.072136 0.071962 0.071788 0.071614 0.071441 0.071267 0.071094
0.077175 0.077899 0.078257 0.078395 0.078418 0.078379 0.078303 0.078202 0.078084 0.077953 0.077812 0.077663 0.077508 0.077347 0.077183 0.077015 0.076844 0.076671 0.076496 0.076321 0.076144 0.075966 0.075788 0.075610 0.075431 0.075253 0.075074 0.074896 0.074717 0.074539 0.074361 0.074184 0.074006 0.073829 0.073653 0.073476 0.073300 0.073124 0.072949 0.072774 0.072599 0.072425 0.072251 0.072077 0.071903 0.071730 0.071557 0.071384 0.071212 0.071039
0.077853 0.077600 0.077604 0.077683 0.077760 0.077807 0.077819 0.077797 0.077746 0.077671 0.077576 0.077464 0.077339 0.077203 0.077059 0.076908 0.076750 0.076589 0.076423 0.076255 0.076085 0.075912 0.075738 0.075563 0.075388 0.075211 0.075034 0.074857 0.074680 0.074503 0.074326 0.074149 0.073972 0.073796 0.073620 0.073444 0.073268 0.073093 0.072917 0.072743 0.072568 0.072394 0.072220 0.072047 0.071874 0.071701 0.071528 0.071356 0.071183 0.071012
