0.017410 0.017980 0.018306 0.018473 0.018517 0.018453 0.018288 0.018022 0.017653 0.017179 0.016595 0.015897 0.015077 0.014129 0.013046 0.011819 0.010440 0.008897 0.007180 0.005278 0.003180 0.000878 0.000001 0.000001 0.000001 0.000001 0.000001 0.000001 0.000001 0.000001 0.000001 0.000001 0.000001 0.000001 0.000001 0.000001 0.000001 0.000001 0.000001 0.000001 0.000001 0.000001 0.000001 0.000001 0.000001 0.000001 0.000001 0.000001 0.000001 0.000001
0.018908 0.018805 0.018803 0.018787 0.018714 0.018564 0.018327 0.018000 0.017575 0.017050 0.016418 0.015673 0.014810 0.013819 0.012694 0.011426 0.010005 0.008421 0.006663 0.004720 0.002583 0.000319 0.000001 0.000001 0.000001 0.000001 0.000001 0.000001 0.000001 0.000001 0.000001 0.000001 0.000001 0.000001 0.000001 0.000001 0.000001 0.000001 0.000001 0.000001 0.000001 0.000001 0.000001 0.000001 0.000001 0.000001 0.000001 0.000001 0.000001 0.000001
0.019493 0.019443 0.019342 0.019195 0.018988 0.018713 0.018361 0.017926 0.017402 0.016783 0.016062 0.015231 0.014285 0.013213 0.012009 0.010661 0.009161 0.007498 0.005660 0.003639 0.001458 0.000001 0.000001 0.000001 0.000001 0.000001 0.000001 0.000001 0.000001 0.000001 0.000001 0.000001 0.000001 0.000001 0.000001 0.000001 0.000001 0.000001 0.000001 0.000001 0.000001 0.000001 0.000001 0.000001 0.000001 0.000001 0.000001 0.000001 0.000001 0.000001
0.020226 0.020077 0.019878 0.019600 0.019247 0.018824 0.018330 0.017760 0.017108 0.016366 0.015527 0.014581 0.013522 0.012340 0.011025 0.009567 0.007956 0.006181 0.004232 0.002126 0.000110 0.000001 0.000001 0.000001 0.000001 0.000001 0.000001 0.000001 0.000001 0.000001 0.000001 0.000001 0.000001 0.000001 0.000001 0.000001 0.000001 0.000001 0.000001 0.000001 0.000001 0.000001 0.000001 0.000001 0.000001 0.000001 0.000001 0.000001 0.000001 0.000001
0.020848 0.020787 0.020424 0.019949 0.019414 0.018825 0.018178 0.017463 0.016672 0.015795 0.014822 0.013746 0.012555 0.011241 0.009794 0.008203 0.006457 0.004546 0.002479 0.000464 0.000001 0.000001 0.000001 0.000001 0.000001 0.000001 0.000001 0.000001 0.000001 0.000001 0.000001 0.000001 0.000001 0.000001 0.000001 0.000001 0.000001 0.000001 0.000001 0.000001 0.000001 0.000001 0.000001 0.000001 0.000001 0.000001 0.000001 0.000001 0.000001 0.000001
0.022851 0.021668 0.020814 0.020081 0.019374 0.018644 0.017865 0.017020 0.016097 0.015085 0.013977 0.012761 0.011430 0.009973 0.008380 0.006641 0.004743 0.002690 0.000656 0.000001 0.000001 0.000001 0.000001 0.000001 0.000001 0.000001 0.000001 0.000001 0.000001 0.000001 0.000001 0.000001 0.000001 0.000001 0.000001 0.000001 0.000001 0.000001 0.000001 0.000001 0.000001 0.000001 0.000001 0.000001 0.000001 0.000001 0.000001 0.000001 0.000001 0.000001
0.022191 0.021222 0.020501 0.019815 0.019088 0.018295 0.017423 0.016468 0.015423 0.014282 0.013037 0.011681 0.010205 0.008600 0.006854 0.004958 0.002905 0.000821 0.000001 0.000001 0.000001 0.000001 0.000001 0.000001 0.000001 0.000001 0.000001 0.000001 0.000001 0.000001 0.000001 0.000001 0.000001 0.000001 0.000001 0.000001 0.000001 0.000001 0.000001 0.000001 0.000001 0.000001 0.000001 0.000001 0.000001 0.000001 0.000001 0.000001 0.000001 0.000001
0.019531 0.020171 0.020036 0.019523 0.018799 0.017936 0.016963 0.015889 0.014717 0.013443 0.012061 0.010564 0.008942 0.007187 0.005287 0.003233 0.001078 0.000001 0.000001 0.000001 0.000001 0.000001 0.000001 0.000001 0.000001 0.000001 0.000001 0.000001 0.000001 0.000001 0.000001 0.000001 0.000001 0.000001 0.000001 0.000001 0.000001 0.000001 0.000001 0.000001 0.000001 0.000001 0.000001 0.000001 0.000001 0.000001 0.000001 0.000001 0.000001 0.000001
0.021868 0.021360 0.020612 0.019732 0.018758 0.017701 0.016564 0.015341 0.014027 0.012614 0.011094 0.009457 0.007693 0.005791 0.003741 0.001542 0.000001 0.000001 0.000001 0.000001 0.000001 0.000001 0.000001 0.000001 0.000001 0.000001 0.000001 0.000001 0.000001 0.000001 0.000001 0.000001 0.000001 0.000001 0.000001 0.000001 0.000001 0.000001 0.000001 0.000001 0.000001 0.000001 0.000001 0.000001 0.000001 0.000001 0.000001 0.000001 0.000001 0.000001
0.025436 0.023058 0.021396 0.020021 0.018743 0.017472 0.016166 0.014797 0.013349 0.011808 0.010160 0.008393 0.006496 0.004458 0.002265 0.000076 0.000001 0.000001 0.000001 0.000001 0.000001 0.000001 0.000001 0.000001 0.000001 0.000001 0.000001 0.000001 0.000001 0.000001 0.000001 0.000001 0.000001 0.000001 0.000001 0.000001 0.000001 0.000001 0.000001 0.000001 0.000001 0.000001 0.000001 0.000001 0.000001 0.000001 0.000001 0.000001 0.000001 0.000001
0.023808 0.022334 0.021007 0.019707 0.018399 0.017061 0.015671 0.014212 0.012669 0.011027 0.009273 0.007396 0.005383 0.003220 0.000908 0.000001 0.000001 0.000001 0.000001 0.000001 0.000001 0.000001 0.000001 0.000001 0.000001 0.000001 0.000001 0.000001 0.000001 0.000001 0.000001 0.000001 0.000001 0.000001 0.000001 0.000001 0.000001 0.000001 0.000001 0.000001 0.000001 0.000001 0.000001 0.000001 0.000001 0.000001 0.000001 0.000001 0.000001 0.000001
0.020556 0.020793 0.020072 0.019023 0.017820 0.016512 0.015110 0.013612 0.012011 0.010298 0.008462 0.006493 0.004378 0.002105 0.000001 0.000001 0.000001 0.000001 0.000001 0.000001 0.000001 0.000001 0.000001 0.000001 0.000001 0.000001 0.000001 0.000001 0.000001 0.000001 0.000001 0.000001 0.000001 0.000001 0.000001 0.000001 0.000001 0.000001 0.000001 0.000001 0.000001 0.000001 0.000001 0.000001 0.000001 0.000001 0.000001 0.000001 0.000001 0.000001
0.022748 0.020905 0.019699 0.018559 0.017349 0.016040 0.014623 0.013092 0.011444 0.009670 0.007762 0.005709 0.003502 0.001129 0.000001 0.000001 0.000001 0.000001 0.000001 0.000001 0.000001 0.000001 0.000001 0.000001 0.000001 0.000001 0.000001 0.000001 0.000001 0.000001 0.000001 0.000001 0.000001 0.000001 0.000001 0.000001 0.000001 0.000001 0.000001 0.000001 0.000001 0.000001 0.000001 0.000001 0.000001 0.000001 0.000001 0.000001 0.000001 0.000001
0.021350 0.020588 0.019551 0.018396 0.017141 0.015782 0.014313 0.012727 0.011017 0.009175 0.007192 0.005057 0.002760 0.000302 0.000001 0.000001 0.000001 0.000001 0.000001 0.000001 0.000001 0.000001 0.000001 0.000001 0.000001 0.000001 0.000001 0.000001 0.000001 0.000001 0.000001 0.000001 0.000001 0.000001 0.000001 0.000001 0.000001 0.000001 0.000001 0.000001 0.000001 0.000001 0.000001 0.000001 0.000001 0.000001 0.000001 0.000001 0.000001 0.000001
0.021487 0.020805 0.019742 0.018507 0.017162 0.015718 0.014169 0.012506 0.010720 0.008799 0.006735 0.004514 0.002126 0.000001 0.000001 0.000001 0.000001 0.000001 0.000001 0.000001 0.000001 0.000001 0.000001 0.000001 0.000001 0.000001 0.000001 0.000001 0.000001 0.000001 0.000001 0.000001 0.000001 0.000001 0.000001 0.000001 0.000001 0.000001 0.000001 0.000001 0.000001 0.000001 0.000001 0.000001 0.000001 0.000001 0.000001 0.000001 0.000001 0.000001
0.023483 0.021621 0.020131 0.018710 0.017253 0.015721 0.014092 0.012351 0.010487 0.008487 0.006340 0.004034 0.001556 0.000001 0.000001 0.000001 0.000001 0.000001 0.000001 0.000001 0.000001 0.000001 0.000001 0.000001 0.000001 0.000001 0.000001 0.000001 0.000001 0.000001 0.000001 0.000001 0.000001 0.000001 0.000001 0.000001 0.000001 0.000001 0.000001 0.000001 0.000001 0.000001 0.000001 0.000001 0.000001 0.000001 0.000001 0.000001 0.000001 0.000001
0.022657 0.021417 0.020107 0.018719 0.017244 0.015670 0.013987 0.012183 0.010250 0.008176 0.005952 0.003564 0.001002 0.000001 0.000001 0.000001 0.000001 0.000001 0.000001 0.000001 0.000001 0.000001 0.000001 0.000001 0.000001 0.000001 0.000001 0.000001 0.000001 0.000001 0.000001 0.000001 0.000001 0.000001 0.000001 0.000001 0.000001 0.000001 0.000001 0.000001 0.000001 0.000001 0.000001 0.000001 0.000001 0.000001 0.000001 0.000001 0.000001 0.000001
0.021620 0.021041 0.019954 0.018639 0.017168 0.015563 0.013831 0.011969 0.009971 0.007829 0.005532 0.003070 0.000430 0.000001 0.000001 0.000001 0.000001 0.000001 0.000001 0.000001 0.000001 0.000001 0.000001 0.000001 0.000001 0.000001 0.000001 0.000001 0.000001 0.000001 0.000001 0.000001 0.000001 0.000001 0.000001 0.000001 0.000001 0.000001 0.000001 0.000001 0.000001 0.000001 0.000001 0.000001 0.000001 0.000001 0.000001 0.000001 0.000001 0.000001
0.023062 0.021535 0.020172 0.018718 0.017147 0.015458 0.013650 0.011717 0.009651 0.007441 0.005075 0.002543 0.000001 0.000001 0.000001 0.000001 0.000001 0.000001 0.000001 0.000001 0.000001 0.000001 0.000001 0.000001 0.000001 0.000001 0.000001 0.000001 0.000001 0.000001 0.000001 0.000001 0.000001 0.000001 0.000001 0.000001 0.000001 0.000001 0.000001 0.000001 0.000001 0.000001 0.000001 0.000001 0.000001 0.000001 0.000001 0.000001 0.000001 0.000001
0.023835 0.022292 0.020593 0.018887 0.017148 0.015342 0.013444 0.011436 0.009302 0.007027 0.004599 0.002003 0.000001 0.000001 0.000001 0.000001 0.000001 0.000001 0.000001 0.000001 0.000001 0.000001 0.000001 0.000001 0.000001 0.000001 0.000001 0.000001 0.000001 0.000001 0.000001 0.000001 0.000001 0.000001 0.000001 0.000001 0.000001 0.000001 0.000001 0.000001 0.000001 0.000001 0.000001 0.000001 0.000001 0.000001 0.000001 0.000001 0.000001 0.000001
0.024298 0.022325 0.020556 0.018803 0.017011 0.015150 0.013198 0.011136 0.008949 0.006620 0.004137 0.001485 0.000001 0.000001 0.000001 0.000001 0.000001 0.000001 0.000001 0.000001 0.000001 0.000001 0.000001 0.000001 0.000001 0.000001 0.000001 0.000001 0.000001 0.000001 0.000001 0.000001 0.000001 0.000001 0.000001 0.000001 0.000001 0.000001 0.000001 0.000001 0.000001 0.000001 0.000001 0.000001 0.000001 0.000001 0.000001 0.000001 0.000001 0.000001
0.023160 0.021719 0.020171 0.018526 0.016777 0.014921 0.012952 0.010860 0.008635 0.006265 0.003737 0.001036 0.000001 0.000001 0.000001 0.000001 0.000001 0.000001 0.000001 0.000001 0.000001 0.000001 0.000001 0.000001 0.000001 0.000001 0.000001 0.000001 0.000001 0.000001 0.000001 0.000001 0.000001 0.000001 0.000001 0.000001 0.000001 0.000001 0.000001 0.000001 0.000001 0.000001 0.000001 0.000001 0.000001 0.000001 0.000001 0.000001 0.000001 0.000001
0.022297 0.021323 0.019958 0.018375 0.016641 0.014779 0.012791 0.010673 0.008416 0.006009 0.003441 0.000697 0.000001 0.000001 0.000001 0.000001 0.000001 0.000001 0.000001 0.000001 0.000001 0.000001 0.000001 0.000001 0.000001 0.000001 0.000001 0.000001 0.000001 0.000001 0.000001 0.000001 0.000001 0.000001 0.000001 0.000001 0.000001 0.000001 0.000001 0.000001 0.000001 0.000001 0.000001 0.000001 0.000001 0.000001 0.000001 0.000001 0.000001 0.000001
0.023810 0.021969 0.020255 0.018518 0.016705 0.014794 0.012768 0.010615 0.008323 0.005881 0.003276 0.000494 0.000001 0.000001 0.000001 0.000001 0.000001 0.000001 0.000001 0.000001 0.000001 0.000001 0.000001 0.000001 0.000001 0.000001 0.000001 0.000001 0.000001 0.000001 0.000001 0.000001 0.000001 0.000001 0.000001 0.000001 0.000001 0.000001 0.000001 0.000001 0.000001 0.000001 0.000001 0.000001 0.000001 0.000001 0.000001 0.000001 0.000001 0.000001
0.023848 0.022270 0.020531 0.018740 0.016881 0.014929 0.012867 0.010680 0.008357 0.005883 0.003246 0.000434 0.000001 0.000001 0.000001 0.000001 0.000001 0.000001 0.000001 0.000001 0.000001 0.000001 0.000001 0.000001 0.000001 0.000001 0.000001 0.000001 0.000001 0.000001 0.000001 0.000001 0.000001 0.000001 0.000001 0.000001 0.000001 0.000001 0.000001 0.000001 0.000001 0.000001 0.000001 0.000001 0.000001 0.000001 0.000001 0.000001 0.000001 0.000001
0.024683 0.022497 0.020734 0.018960 0.017097 0.015130 0.013047 0.010838 0.008493 0.005998 0.003342 0.000510 0.000001 0.000001 0.000001 0.000001 0.000001 0.000001 0.000001 0.000001 0.000001 0.000001 0.000001 0.000001 0.000001 0.000001 0.000001 0.000001 0.000001 0.000001 0.000001 0.000001 0.000001 0.000001 0.000001 0.000001 0.000001 0.000001 0.000001 0.000001 0.000001 0.000001 0.000001 0.000001 0.000001 0.000001 0.000001 0.000001 0.000001 0.000001
0.022532 0.022297 0.020907 0.019195 0.017338 0.015366 0.013277 0.011064 0.008714 0.006215 0.003555 0.000720 0.000001 0.000001 0.000001 0.000001 0.000001 0.000001 0.000001 0.000001 0.000001 0.000001 0.000001 0.000001 0.000001 0.000001 0.000001 0.000001 0.000001 0.000001 0.000001 0.000001 0.000001 0.000001 0.000001 0.000001 0.000001 0.000001 0.000001 0.000001 0.000001 0.000001 0.000001 0.000001 0.000001 0.000001 0.000001 0.000001 0.000001 0.000001
0.026757 0.023406 0.021324 0.019470 0.017597 0.015636 0.013564 0.011366 0.009030 0.006544 0.003897 0.001077 0.000001 0.000001 0.000001 0.000001 0.000001 0.000001 0.000001 0.000001 0.000001 0.000001 0.000001 0.000001 0.000001 0.000001 0.000001 0.000001 0.000001 0.000001 0.000001 0.000001 0.000001 0.000001 0.000001 0.000001 0.000001 0.000001 0.000001 0.000001 0.000001 0.000001 0.000001 0.000001 0.000001 0.000001 0.000001 0.000001 0.000001 0.000001
0.022494 0.022532 0.021300 0.019697 0.017918 0.016005 0.013965 0.011792 0.009480 0.007019 0.004398 0.001607 0.000001 0.000001 0.000001 0.000001 0.000001 0.000001 0.000001 0.000001 0.000001 0.000001 0.000001 0.000001 0.000001 0.000001 0.000001 0.000001 0.000001 0.000001 0.000001 0.000001 0.000001 0.000001 0.000001 0.000001 0.000001 0.000001 0.000001 0.000001 0.000001 0.000001 0.000001 0.000001 0.000001 0.000001 0.000001 0.000001 0.000001 0.000001
0.026074 0.023760 0.022023 0.020307 0.018502 0.016587 0.014554 0.012397 0.010107 0.007675 0.005091 0.002341 0.000001 0.000001 0.000001 0.000001 0.000001 0.000001 0.000001 0.000001 0.000001 0.000001 0.000001 0.000001 0.000001 0.000001 0.000001 0.000001 0.000001 0.000001 0.000001 0.000001 0.000001 0.000001 0.000001 0.000001 0.000001 0.000001 0.000001 0.000001 0.000001 0.000001 0.000001 0.000001 0.000001 0.000001 0.000001 0.000001 0.000001 0.000001
0.026222 0.024720 0.022994 0.021192 0.019322 0.017373 0.015332 0.013184 0.010919 0.008524 0.005988 0.003296 0.000456 0.000001 0.000001 0.000001 0.000001 0.000001 0.000001 0.000001 0.000001 0.000001 0.000001 0.000001 0.000001 0.000001 0.000001 0.000001 0.000001 0.000001 0.000001 0.000001 0.000001 0.000001 0.000001 0.000001 0.000001 0.000001 0.000001 0.000001 0.000001 0.000001 0.000001 0.000001 0.000001 0.000001 0.000001 0.000001 0.000001 0.000001
0.027185 0.025656 0.023902 0.022070 0.020184 0.018235 0.016212 0.014099 0.011882 0.009548 0.007083 0.004473 0.001706 0.000001 0.000001 0.000001 0.000001 0.000001 0.000001 0.000001 0.000001 0.000001 0.000001 0.000001 0.000001 0.000001 0.000001 0.000001 0.000001 0.000001 0.000001 0.000001 0.000001 0.000001 0.000001 0.000001 0.000001 0.000001 0.000001 0.000001 0.000001 0.000001 0.000001 0.000001 0.000001 0.000001 0.000001 0.000001 0.000001 0.000001
0.028656 0.026433 0.024579 0.022776 0.020946 0.019066 0.017117 0.015086 0.012960 0.010724 0.008365 0.005872 0.003229 0.000515 0.000001 0.000001 0.000001 0.000001 0.000001 0.000001 0.000001 0.000001 0.000001 0.000001 0.000001 0.000001 0.000001 0.000001 0.000001 0.000001 0.000001 0.000001 0.000001 0.000001 0.000001 0.000001 0.000001 0.000001 0.000001 0.000001 0.000001 0.000001 0.000001 0.000001 0.000001 0.000001 0.000001 0.000001 0.000001 0.000001
0.027782 0.026525 0.024947 0.023298 0.021605 0.019856 0.018039 0.016141 0.014150 0.012054 0.009841 0.007499 0.005018 0.002388 0.000001 0.000001 0.000001 0.000001 0.000001 0.000001 0.000001 0.000001 0.000001 0.000001 0.000001 0.000001 0.000001 0.000001 0.000001 0.000001 0.000001 0.000001 0.000001 0.000001 0.000001 0.000001 0.000001 0.000001 0.000001 0.000001 0.000001 0.000001 0.000001 0.000001 0.000001 0.000001 0.000001 0.000001 0.000001 0.000001
0.028358 0.026653 0.025200 0.023747 0.022244 0.020677 0.019034 0.017308 0.015490 0.013570 0.011538 0.009386 0.007102 0.004675 0.002130 0.000001 0.000001 0.000001 0.000001 0.000001 0.000001 0.000001 0.000001 0.000001 0.000001 0.000001 0.000001 0.000001 0.000001 0.000001 0.000001 0.000001 0.000001 0.000001 0.000001 0.000001 0.000001 0.000001 0.000001 0.000001 0.000001 0.000001 0.000001 0.000001 0.000001 0.000001 0.000001 0.000001 0.000001 0.000001
0.027043 0.026515 0.025485 0.024291 0.023005 0.021640 0.020194 0.018664 0.017045 0.015330 0.013511 0.011579 0.009527 0.007343 0.005021 0.002619 0.000568 0.000001 0.000001 0.000001 0.000001 0.000001 0.000001 0.000001 0.000001 0.000001 0.000001 0.000001 0.000001 0.000001 0.000001 0.000001 0.000001 0.000001 0.000001 0.000001 0.000001 0.000001 0.000001 0.000001 0.000001 0.000001 0.000001 0.000001 0.000001 0.000001 0.000001 0.000001 0.000001 0.000001
0.029072 0.027358 0.026207 0.025137 0.024030 0.022858 0.021615 0.020295 0.018895 0.017407 0.015827 0.014145 0.012354 0.010445 0.008410 0.006245 0.004018 0.001968 0.000339 0.000001 0.000001 0.000001 0.000001 0.000001 0.000001 0.000001 0.000001 0.000001 0.000001 0.000001 0.000001 0.000001 0.000001 0.000001 0.000001 0.000001 0.000001 0.000001 0.000001 0.000001 0.000001 0.000001 0.000001 0.000001 0.000001 0.000001 0.000001 0.000001 0.000001 0.000001
0.027456 0.027634 0.027088 0.026298 0.025399 0.024428 0.023394 0.022296 0.021129 0.019889 0.018567 0.017159 0.015655 0.014048 0.012330 0.010493 0.008539 0.006506 0.004506 0.002710 0.001267 0.000001 0.000001 0.000001 0.000001 0.000001 0.000001 0.000001 0.000001 0.000001 0.000001 0.000001 0.000001 0.000001 0.000001 0.000001 0.000001 0.000001 0.000001 0.000001 0.000001 0.000001 0.000001 0.000001 0.000001 0.000001 0.000001 0.000001 0.000001 0.000001
0.030441 0.029528 0.028757 0.028009 0.027248 0.026461 0.025637 0.024767 0.023844 0.022862 0.021814 0.020694 0.019494 0.018208 0.016830 0.015350 0.013764 0.012070 0.010291 0.008471 0.006696 0.004988 0.003512 0.002294 0.001201 0.000176 0.000001 0.000001 0.000001 0.000001 0.000001 0.000001 0.000001 0.000001 0.000001 0.000001 0.000001 0.000001 0.000001 0.000001 0.000001 0.000001 0.000001 0.000001 0.000001 0.000001 0.000001 0.000001 0.000001 0.000001
0.032850 0.031699 0.030897 0.030244 0.029642 0.029045 0.028433 0.027793 0.027116 0.026395 0.025625 0.024800 0.023913 0.022960 0.021934 0.020828 0.019636 0.018352 0.016976 0.015514 0.013988 0.012427 0.010863 0.009357 0.007914 0.006515 0.005251 0.004217 0.003302 0.002456 0.001651 0.000875 0.000120 0.000001 0.000001 0.000001 0.000001 0.000001 0.000001 0.000001 0.000001 0.000001 0.000001 0.000001 0.000001 0.000001 0.000001 0.000001 0.000001 0.000001
0.034234 0.033755 0.033363 0.032985 0.032605 0.032219 0.031821 0.031405 0.030968 0.030505 0.030011 0.029480 0.028909 0.028292 0.027624 0.026900 0.026115 0.025262 0.024337 0.023338 0.022266 0.021129 0.019937 0.018711 0.017472 0.016226 0.014985 0.013798 0.012676 0.011608 0.010580 0.009583 0.008611 0.007742 0.007051 0.006461 0.005934 0.005453 0.005009 0.004597 0.004214 0.003858 0.003527 0.003221 0.002939 0.002681 0.002446 0.002236 0.002051 0.001889
0.035790 0.036373 0.036428 0.036316 0.036148 0.035960 0.035764 0.035563 0.035357 0.035144 0.034919 0.034680 0.034423 0.034142 0.033835 0.033497 0.033123 0.032710 0.032252 0.031747 0.031190 0.030581 0.029922 0.029218 0.028478 0.027708 0.026916 0.026116 0.025324 0.024549 0.023795 0.023060 0.022346 0.021660 0.021039 0.020494 0.020018 0.019603 0.019242 0.018931 0.018669 0.018453 0.018282 0.018157 0.018077 0.018043 0.018053 0.018109 0.018212 0.018361
0.040665 0.040406 0.040318 0.040261 0.040215 0.040182 0.040166 0.040166 0.040182 0.040211 0.040252 0.040300 0.040353 0.040408 0.040461 0.040509 0.040549 0.040578 0.040592 0.040589 0.040566 0.040520 0.040451 0.040358 0.040243 0.040110 0.039962 0.039804 0.039646 0.039493 0.039354 0.039234 0.039135 0.039061 0.039024 0.039034 0.039102 0.039229 0.039416 0.039663 0.039972 0.040341 0.040773 0.041266 0.041823 0.042442 0.043126 0.043875 0.044689 0.045570
0.045432 0.044902 0.044695 0.044635 0.044663 0.044756 0.044902 0.045093 0.045324 0.045591 0.045892 0.046224 0.046583 0.046968 0.047377 0.047808 0.048259 0.048728 0.049214 0.049714 0.050227 0.050752 0.051288 0.051835 0.052392 0.052960 0.053543 0.054142 0.054760 0.055403 0.056075 0.056782 0.057527 0.058314 0.059147 0.060032 0.060978 0.061987 0.063066 0.064216 0.065440 0.066740 0.068116 0.069570 0.071104 0.072717 0.074411 0.076188 0.078047 0.079990
0.049021 0.049187 0.049141 0.049178 0.049322 0.049557 0.049870 0.050250 0.050691 0.051189 0.051741 0.052346 0.053003 0.053709 0.054465 0.055269 0.056122 0.057023 0.057971 0.058967 0.060011 0.061102 0.062242 0.063431 0.064669 0.065959 0.067300 0.068697 0.070149 0.071661 0.073234 0.074873 0.076579 0.078355 0.080205 0.082130 0.084134 0.086221 0.088394 0.090655 0.093006 0.095450 0.097986 0.100618 0.103344 0.106166 0.109086 0.112104 0.115220 0.118437
0.054349 0.053605 0.053620 0.053835 0.054155 0.054560 0.055045 0.055606 0.056242 0.056953 0.057738 0.058597 0.059530 0.060537 0.061621 0.062780 0.064016 0.065331 0.066726 0.068203 0.069762 0.071406 0.073138 0.074958 0.076869 0.078873 0.080972 0.083167 0.085461 0.087854 0.090348 0.092945 0.095644 0.098448 0.101356 0.104369 0.107489 0.110716 0.114052 0.117497 0.121052 0.124718 0.128493 0.132380 0.136378 0.140489 0.144712 0.149048 0.153499 0.158066
0.056220 0.057796 0.058395 0.058854 0.059335 0.059875 0.060493 0.061195 0.061986 0.062870 0.063849 0.064926 0.066101 0.067378 0.068758 0.070243 0.071836 0.073539 0.075355 0.077288 0.079340 0.081515 0.083815 0.086245 0.088807 0.091503 0.094335 0.097304 0.100411 0.103655 0.107038 0.110558 0.114213 0.118004 0.121928 0.125986 0.130175 0.134498 0.138950 0.143533 0.148243 0.153080 0.158044 0.163135 0.168353 0.173699 0.179173 0.184776 0.190509 0.196372
0.065419 0.064174 0.064266 0.064624 0.065083 0.065633 0.066284 0.067045 0.067921 0.068917 0.070036 0.071279 0.072651 0.074153 0.075789 0.077562 0.079476 0.081533 0.083739 0.086097 0.088612 0.091287 0.094127 0.097134 0.100310 0.103657 0.107176 0.110864 0.114721 0.118747 0.122937 0.127290 0.131802 0.136471 0.141295 0.146273 0.151405 0.156687 0.162115 0.167687 0.173400 0.179256 0.185253 0.191392 0.197674 0.204098 0.210667 0.217380 0.224238 0.231241
0.068358 0.070510 0.070921 0.071103 0.071371 0.071787 0.072359 0.073087 0.073971 0.075009 0.076205 0.077560 0.079076 0.080757 0.082606 0.084626 0.086822 0.089197 0.091757 0.094506 0.097449 0.100588 0.103925 0.107462 0.111198 0.115132 0.119259 0.123576 0.128081 0.132770 0.137637 0.142677 0.147888 0.153267 0.158815 0.164530 0.170413 0.176454 0.182649 0.188998 0.195501 0.202160 0.208976 0.215948 0.223078 0.230367 0.237815 0.245422 0.253189 0.261117
0.083304 0.079626 0.078343 0.077888 0.077831 0.078040 0.078469 0.079102 0.079933 0.080959 0.082181 0.083600 0.085219 0.087038 0.089062 0.091294 0.093738 0.096398 0.099279 0.102384 0.105714 0.109270 0.113049 0.117047 0.121259 0.125676 0.130293 0.135105 0.140110 0.145299 0.150664 0.156203 0.161917 0.167807 0.173875 0.180121 0.186539 0.193115 0.199858 0.206768 0.213848 0.221099 0.228521 0.236116 0.243882 0.251823 0.259936 0.268224 0.276686 0.285322
0.084677 0.084767 0.084388 0.084058 0.083900 0.083955 0.084236 0.084751 0.085501 0.086487 0.087709 0.089168 0.090865 0.092801 0.094978 0.097400 0.100069 0.102990 0.106163 0.109586 0.113255 0.117162 0.121297 0.125651 0.130214 0.134971 0.139919 0.145060 0.150391 0.155893 0.161570 0.167427 0.173468 0.179693 0.186105 0.192704 0.199490 0.206462 0.213615 0.220952 0.228473 0.236178 0.244067 0.252141 0.260402 0.268848 0.277480 0.286298 0.295304 0.304496
0.089969 0.090492 0.090154 0.089656 0.089278 0.089126 0.089241 0.089635 0.090310 0.091264 0.092495 0.094001 0.095781 0.097835 0.100166 0.102774 0.105660 0.108822 0.112255 0.115944 0.119878 0.124035 0.128402 0.132976 0.137732 0.142672 0.147802 0.153126 0.158645 0.164358 0.170260 0.176352 0.182636 0.189112 0.195783 0.202648 0.209708 0.216965 0.224418 0.232066 0.239908 0.247946 0.256180 0.264610 0.273236 0.282058 0.291077 0.300292 0.309704 0.319314
0.101043 0.097597 0.095559 0.094249 0.093440 0.093046 0.093025 0.093351 0.094007 0.094983 0.096270 0.097863 0.099761 0.101961 0.104464 0.107268 0.110367 0.113746 0.117383 0.121253 0.125339 0.129614 0.134086 0.138760 0.143634 0.148705 0.153971 0.159433 0.165094 0.170954 0.177012 0.183268 0.189723 0.196376 0.203229 0.210283 0.217539 0.224996 0.232657 0.240520 0.248587 0.256857 0.265330 0.274008 0.282889 0.291975 0.301266 0.310761 0.320461 0.330366
0.102953 0.100041 0.097877 0.096429 0.095561 0.095172 0.095198 0.095600 0.096355 0.097447 0.098868 0.100613 0.102680 0.105066 0.107770 0.110777 0.114064 0.117600 0.121343 0.125288 0.129442 0.133799 0.138357 0.143116 0.148076 0.153237 0.158597 0.164157 0.169918 0.175879 0.182041 0.188405 0.194971 0.201740 0.208713 0.215890 0.223271 0.230859 0.238653 0.246654 0.254863 0.263281 0.271907 0.280743 0.289787 0.299042 0.308507 0.318182 0.328067 0.338163
0.099957 0.097936 0.096667 0.095863 0.095451 0.095404 0.095707 0.096350 0.097328 0.098635 0.100269 0.102230 0.104517 0.107127 0.110041 0.113223 0.116623 0.120228 0.124043 0.128063 0.132285 0.136710 0.141335 0.146160 0.151185 0.156409 0.161833 0.167457 0.173280 0.179305 0.185531 0.191959 0.198589 0.205424 0.212463 0.219708 0.227159 0.234817 0.242683 0.250759 0.259044 0.267540 0.276247 0.285166 0.294298 0.303642 0.313199 0.322970 0.332955 0.343154
0.092552 0.093372 0.093562 0.093627 0.093806 0.094206 0.094875 0.095838 0.097105 0.098685 0.100582 0.102801 0.105341 0.108176 0.111255 0.114535 0.118023 0.121713 0.125604 0.129693 0.133980 0.138464 0.143143 0.148019 0.153090 0.158358 0.163822 0.169483 0.175341 0.181398 0.187654 0.194111 0.200769 0.207629 0.214693 0.221961 0.229435 0.237115 0.245004 0.253101 0.261408 0.269926 0.278656 0.287598 0.296754 0.306123 0.315707 0.325505 0.335519 0.345749
0.090429 0.090799 0.090844 0.091031 0.091454 0.092141 0.093109 0.094368 0.095927 0.097793 0.099971 0.102465 0.105245 0.108242 0.111436 0.114826 0.118410 0.122187 0.126154 0.130311 0.134658 0.139194 0.143919 0.148833 0.153937 0.159231 0.164716 0.170394 0.176265 0.182330 0.188590 0.195048 0.201703 0.208557 0.215613 0.222870 0.230330 0.237995 0.245866 0.253944 0.262231 0.270726 0.279432 0.288350 0.297480 0.306823 0.316380 0.326152 0.336139 0.346342
0.092242 0.088817 0.087913 0.087936 0.088459 0.089354 0.090577 0.092114 0.093959 0.096115 0.098582 0.101333 0.104285 0.107424 0.110746 0.114250 0.117935 0.121800 0.125844 0.130067 0.134469 0.139052 0.143814 0.148758 0.153883 0.159193 0.164686 0.170366 0.176232 0.182288 0.188533 0.194971 0.201602 0.208428 0.215450 0.222670 0.230091 0.237712 0.245536 0.253564 0.261797 0.270237 0.278885 0.287743 0.296810 0.306089 0.315580 0.325284 0.335202 0.345335
0.079175 0.081926 0.082802 0.083517 0.084457 0.085701 0.087257 0.089120 0.091286 0.093756 0.096516 0.099470 0.102594 0.105887 0.109345 0.112970 0.116759 0.120715 0.124837 0.129125 0.133582 0.138208 0.143004 0.147973 0.153114 0.158431 0.163925 0.169597 0.175449 0.181484 0.187703 0.194107 0.200700 0.207482 0.214455 0.221622 0.228984 0.236543 0.244301 0.252258 0.260417 0.268780 0.277347 0.286120 0.295101 0.304290 0.313689 0.323298 0.333118 0.343152
0.077494 0.076427 0.076967 0.078063 0.079492 0.081208 0.083199 0.085465 0.088008 0.090828 0.093854 0.097023 0.100338 0.103797 0.107403 0.111156 0.115057 0.119109 0.123313 0.127671 0.132184 0.136855 0.141686 0.146679 0.151835 0.157158 0.162649 0.168310 0.174144 0.180154 0.186340 0.192706 0.199253 0.205985 0.212902 0.220007 0.227302 0.234789 0.242471 0.250347 0.258422 0.266696 0.275170 0.283847 0.292728 0.301814 0.311106 0.320607 0.330316 0.340235
0.066983 0.068339 0.069936 0.071790 0.073865 0.076149 0.078645 0.081364 0.084316 0.087488 0.090779 0.094182 0.097702 0.101342 0.105107 0.108999 0.113021 0.117178 0.121471 0.125904 0.130480 0.135201 0.140071 0.145091 0.150265 0.155596 0.161086 0.166738 0.172555 0.178540 0.184694 0.191021 0.197524 0.204204 0.211064 0.218107 0.225335 0.232749 0.240353 0.248148 0.256136 0.264319 0.272699 0.281278 0.290057 0.299037 0.308221 0.317610 0.327206 0.337011
0.055860 0.059751 0.062678 0.065396 0.068137 0.070980 0.073967 0.077124 0.080477 0.083964 0.087525 0.091168 0.094901 0.098729 0.102660 0.106699 0.110851 0.115119 0.119508 0.124022 0.128666 0.133441 0.138354 0.143406 0.148602 0.153945 0.159438 0.165085 0.170889 0.176852 0.182979 0.189271 0.195732 0.202365 0.209172 0.216156 0.223320 0.230666 0.238196 0.245913 0.253819 0.261916 0.270206 0.278690 0.287372 0.296252 0.305332 0.314614 0.324102 0.333798
0.052180 0.053828 0.056617 0.059680 0.062854 0.066124 0.069510 0.073043 0.076741 0.080509 0.084325 0.088198 0.092137 0.096151 0.100246 0.104430 0.108708 0.113087 0.117571 0.122166 0.126877 0.131708 0.136664 0.141749 0.146968 0.152325 0.157823 0.163466 0.169259 0.175204 0.181305 0.187565 0.193988 0.200576 0.207333 0.214262 0.221365 0.228645 0.236105 0.243748 0.251574 0.259588 0.267791 0.276185 0.284772 0.293554 0.302533 0.311710 0.321088 0.330669
0.042886 0.047541 0.051169 0.054661 0.058182 0.061774 0.065473 0.069313 0.073290 0.077300 0.081337 0.085411 0.089530 0.093705 0.097943 0.102252 0.106641 0.111115 0.115681 0.120345 0.125114 0.129992 0.134984 0.140095 0.145331 0.150696 0.156194 0.161829 0.167606 0.173527 0.179598 0.185822 0.192202 0.198741 0.205444 0.212312 0.219349 0.226559 0.233943 0.241504 0.249245 0.257169 0.265277 0.273573 0.282057 0.290733 0.299602 0.308665 0.317926 0.327384
0.040803 0.043140 0.046629 0.050350 0.054128 0.057974 0.061914 0.065968 0.070138 0.074325 0.078525 0.082746 0.087000 0.091296 0.095642 0.100048 0.104521 0.109068 0.113696 0.118413 0.123223 0.128133 0.133149 0.138275 0.143517 0.148880 0.154368 0.159987 0.165739 0.171630 0.177664 0.183844 0.190173 0.196657 0.203297 0.210098 0.217062 0.224193 0.231493 0.238966 0.246614 0.254439 0.262445 0.270633 0.279006 0.287566 0.296315 0.305254 0.314386 0.323712
0.032672 0.038177 0.042597 0.046691 0.050678 0.054678 0.058739 0.062896 0.067171 0.071472 0.075775 0.080094 0.084436 0.088812 0.093231 0.097700 0.102228 0.106822 0.111489 0.116236 0.121069 0.125993 0.131015 0.136141 0.141375 0.146723 0.152189 0.157778 0.163495 0.169344 0.175330 0.181455 0.187724 0.194141 0.200710 0.207433 0.214314 0.221357 0.228563 0.235937 0.243481 0.251198 0.259090 0.267160 0.275410 0.283843 0.292459 0.301263 0.310254 0.319436
0.031608 0.035735 0.039878 0.043868 0.047804 0.051773 0.055815 0.059961 0.064234 0.068594 0.072955 0.077327 0.081719 0.086140 0.090597 0.095100 0.099655 0.104269 0.108950 0.113704 0.118537 0.123456 0.128466 0.133572 0.138781 0.144097 0.149525 0.155070 0.160736 0.166529 0.172452 0.178509 0.184704 0.191041 0.197525 0.204157 0.210942 0.217883 0.224983 0.232245 0.239672 0.247266 0.255031 0.262969 0.271082 0.279373 0.287843 0.296496 0.305332 0.314353
0.030824 0.034458 0.037970 0.041540 0.045223 0.049031 0.052960 0.057016 0.061212 0.065550 0.069938 0.074334 0.078746 0.083182 0.087651 0.092159 0.096714 0.101324 0.105994 0.110731 0.115542 0.120433 0.125409 0.130476 0.135639 0.140903 0.146274 0.151756 0.157354 0.163072 0.168915 0.174887 0.180991 0.187231 0.193612 0.200137 0.206809 0.213632 0.220608 0.227741 0.235034 0.242489 0.250110 0.257898 0.265857 0.273988 0.282295 0.290778 0.299440 0.308283
0.030311 0.032622 0.035649 0.038981 0.042515 0.046204 0.050024 0.053972 0.058054 0.062283 0.066647 0.071045 0.075452 0.079879 0.084333 0.088822 0.093352 0.097931 0.102565 0.107261 0.112026 0.116864 0.121783 0.126787 0.131882 0.137072 0.142364 0.147761 0.153269 0.158892 0.164633 0.170498 0.176490 0.182613 0.188871 0.195268 0.201806 0.208489 0.215321 0.222305 0.229443 0.236738 0.244193 0.251811 0.259593 0.267544 0.275664 0.283956 0.292422 0.301064
0.024947 0.028700 0.032389 0.036003 0.039624 0.043292 0.047032 0.050863 0.054807 0.058879 0.063096 0.067439 0.071820 0.076211 0.080623 0.085065 0.089542 0.094064 0.098635 0.103264 0.107955 0.112715 0.117550 0.122466 0.127467 0.132558 0.137745 0.143033 0.148425 0.153928 0.159543 0.165277 0.171132 0.177113 0.183224 0.189468 0.195848 0.202367 0.209030 0.215839 0.222797 0.229906 0.237170 0.244592 0.252173 0.259916 0.267824 0.275898 0.284141 0.292555
0.020068 0.025369 0.029612 0.033385 0.036995 0.040569 0.044167 0.047828 0.051580 0.055444 0.059441 0.063584 0.067855 0.072185 0.076523 0.080887 0.085282 0.089716 0.094195 0.098727 0.103316 0.107969 0.112692 0.117490 0.122369 0.127333 0.132388 0.137537 0.142787 0.148140 0.153602 0.159177 0.164868 0.170678 0.176613 0.182676 0.188869 0.195196 0.201661 0.208266 0.215014 0.221909 0.228953 0.236148 0.243497 0.251003 0.258667 0.266493 0.274481 0.282635
0.022103 0.025234 0.028482 0.031714 0.034960 0.038240 0.041572 0.044973 0.048463 0.052060 0.055780 0.059642 0.063653 0.067803 0.072040 0.076292 0.080572 0.084887 0.089243 0.093646 0.098102 0.102617 0.107198 0.111848 0.116574 0.121380 0.126272 0.131253 0.136329 0.141503 0.146780 0.152164 0.157659 0.163269 0.168996 0.174846 0.180820 0.186922 0.193156 0.199525 0.206031 0.212677 0.219466 0.226401 0.233484 0.240717 0.248103 0.255644 0.263342 0.271200
0.023216 0.025254 0.027771 0.030460 0.033274 0.036189 0.039191 0.042279 0.045461 0.048747 0.052150 0.055684 0.059363 0.063196 0.067176 0.071266 0.075408 0.079569 0.083770 0.088013 0.092305 0.096651 0.101057 0.105528 0.110070 0.114686 0.119382 0.124163 0.129032 0.133995 0.139054 0.144215 0.149480 0.154854 0.160340 0.165941 0.171661 0.177503 0.183470 0.189566 0.195792 0.202153 0.208650 0.215286 0.222063 0.228985 0.236053 0.243270 0.250638 0.258159
0.021494 0.024080 0.026531 0.028998 0.031541 0.034166 0.036868 0.039649 0.042515 0.045475 0.048540 0.051722 0.055036 0.058493 0.062104 0.065866 0.069759 0.073743 0.077762 0.081812 0.085910 0.090055 0.094256 0.098516 0.102841 0.107235 0.111703 0.116250 0.120879 0.125596 0.130403 0.135304 0.140304 0.145406 0.150614 0.155930 0.161358 0.166902 0.172563 0.178346 0.184253 0.190287 0.196451 0.202747 0.209178 0.215746 0.222453 0.229303 0.236297 0.243437
0.019444 0.022143 0.024762 0.027229 0.029645 0.032067 0.034518 0.037016 0.039576 0.042209 0.044928 0.047747 0.050679 0.053736 0.056933 0.060279 0.063777 0.067417 0.071174 0.075014 0.078891 0.082803 0.086769 0.090789 0.094865 0.099005 0.103213 0.107493 0.111849 0.116284 0.120803 0.125410 0.130108 0.134901 0.139792 0.144784 0.149880 0.155085 0.160400 0.165829 0.171375 0.177040 0.182827 0.188738 0.194777 0.200947 0.207248 0.213685 0.220259 0.226972
0.017041 0.020574 0.023233 0.025573 0.027799 0.029989 0.032178 0.034388 0.036636 0.038937 0.041305 0.043754 0.046294 0.048941 0.051706 0.054603 0.057641 0.060828 0.064160 0.067626 0.071202 0.074858 0.078572 0.082317 0.086114 0.089971 0.093888 0.097868 0.101915 0.106035 0.110232 0.114508 0.118866 0.123311 0.127846 0.132474 0.137199 0.142023 0.146950 0.151983 0.157123 0.162375 0.167740 0.173223 0.178826 0.184550 0.190400 0.196378 0.202485 0.208724
0.020144 0.020793 0.022465 0.024305 0.026163 0.028029 0.029903 0.031793 0.033710 0.035668 0.037676 0.039747 0.041892 0.044123 0.046450 0.048887 0.051445 0.054135 0.056964 0.059936 0.063046 0.066281 0.069627 0.073056 0.076556 0.080108 0.083698 0.087341 0.091049 0.094823 0.098662 0.102569 0.106550 0.110609 0.114750 0.118976 0.123289 0.127693 0.132189 0.136782 0.141475 0.146270 0.151171 0.156181 0.161303 0.166539 0.171893 0.177366 0.182961 0.188680
0.016656 0.019624 0.021491 0.023084 0.024608 0.026136 0.027675 0.029230 0.030807 0.032414 0.034058 0.035749 0.037497 0.039310 0.041200 0.043177 0.045252 0.047434 0.049735 0.052163 0.054723 0.057416 0.060239 0.063182 0.066232 0.069377 0.072594 0.075878 0.079229 0.082623 0.086064 0.089564 0.093132 0.096771 0.100486 0.104273 0.108136 0.112079 0.116105 0.120218 0.124423 0.128722 0.133120 0.137619 0.142221 0.146930 0.151746 0.156673 0.161715 0.166873
0.018933 0.019415 0.020560 0.021796 0.023016 0.024239 0.025465 0.026697 0.027940 0.029199 0.030482 0.031796 0.033149 0.034550 0.036008 0.037530 0.039126 0.040806 0.042579 0.044453 0.046437 0.048538 0.050759 0.053102 0.055564 0.058139 0.060819 0.063593 0.066454 0.069394 0.072396 0.075462 0.078594 0.081797 0.085052 0.088363 0.091738 0.095184 0.098706 0.102308 0.105995 0.109768 0.113634 0.117592 0.121642 0.125788 0.130034 0.134381 0.138834 0.143396
0.016323 0.017958 0.019261 0.020399 0.021416 0.022381 0.023319 0.024241 0.025158 0.026075 0.027002 0.027945 0.028911 0.029908 0.030941 0.032018 0.033147 0.034335 0.035590 0.036920 0.038332 0.039833 0.041432 0.043133 0.044940 0.046856 0.048880 0.051009 0.053240 0.055569 0.057987 0.060488 0.063068 0.065727 0.068460 0.071257 0.074119 0.077047 0.080047 0.083121 0.086275 0.089511 0.092830 0.096223 0.099696 0.103255 0.106904 0.110647 0.114488 0.118431
0.015413 0.017130 0.018353 0.019288 0.020047 0.020718 0.021348 0.021952 0.022538 0.023116 0.023691 0.024269 0.024856 0.025458 0.026079 0.026725 0.027402 0.028115 0.028870 0.029672 0.030529 0.031447 0.032434 0.033497 0.034644 0.035880 0.037213 0.038644 0.040176 0.041809 0.043540 0.045367 0.047285 0.049291 0.051384 0.053558 0.055808 0.058132 0.060532 0.063008 0.065562 0.068198 0.070918 0.073719 0.076598 0.079558 0.082602 0.085733 0.088955 0.092271
0.017418 0.017871 0.018288 0.018688 0.019039 0.019343 0.019628 0.019895 0.020146 0.020385 0.020614 0.020836 0.021057 0.021277 0.021502 0.021735 0.021978 0.022236 0.022513 0.022812 0.023141 0.023506 0.023916 0.024379 0.024905 0.025504 0.026182 0.026948 0.027804 0.028752 0.029794 0.030929 0.032156 0.033472 0.034876 0.036368 0.037943 0.039600 0.041337 0.043155 0.045054 0.047035 0.049099 0.051248 0.053478 0.055791 0.058185 0.060662 0.063224 0.065872
0.019367 0.018436 0.018249 0.018227 0.018218 0.018181 0.018135 0.018078 0.018005 0.017918 0.017815 0.017699 0.017569 0.017429 0.017278 0.017118 0.016952 0.016780 0.016606 0.016436 0.016277 0.016142 0.016039 0.015980 0.015978 0.016043 0.016181 0.016395 0.016687 0.017057 0.017507 0.018036 0.018646 0.019335 0.020105 0.020955 0.021886 0.022897 0.023987 0.025157 0.026406 0.027733 0.029139 0.030625 0.032189 0.033832 0.035552 0.037348 0.039221 0.041170
0.016279 0.017488 0.017717 0.017639 0.017430 0.017142 0.016820 0.016476 0.016111 0.015724 0.015316 0.014885 0.014430 0.013953 0.013452 0.012926 0.012377 0.011807 0.011221 0.010634 0.010066 0.009531 0.009036 0.008604 0.008253 0.007978 0.007774 0.007635 0.007557 0.007539 0.007579 0.007679 0.007839 0.008061 0.008346 0.008696 0.009114 0.009598 0.010150 0.010769 0.011454 0.012205 0.013021 0.013904 0.014851 0.015862 0.016935 0.018071 0.019267 0.020523
0.018143 0.017813 0.017534 0.017183 0.016749 0.016240 0.015675 0.015080 0.014456 0.013802 0.013118 0.012401 0.011651 0.010866 0.010043 0.009182 0.008285 0.007362 0.006439 0.005555 0.004748 0.004014 0.003353 0.002853 0.002467 0.002152 0.001888 0.001665 0.001478 0.001324 0.001203 0.001116 0.001063 0.001047 0.001069 0.001133 0.001238 0.001386 0.001575 0.001804 0.002073 0.002381 0.002728 0.003113 0.003536 0.003997 0.004494 0.005026 0.005594 0.006196
0.019755 0.018346 0.017553 0.016886 0.016211 0.015486 0.014702 0.013881 0.013026 0.012135 0.011205 0.010233 0.009218 0.008156 0.007044 0.005884 0.004692 0.003530 0.002452 0.001603 0.000925 0.000341 0.000001 0.000001 0.000001 0.000001 0.000001 0.000001 0.000001 0.000001 0.000001 0.000001 0.000001 0.000001 0.000001 0.000001 0.000001 0.000001 0.000001 0.000001 0.000001 0.000001 0.000001 0.000001 0.000001 0.000001 0.000001 0.000001 0.000001 0.000001
0.017333 0.017808 0.017306 0.016557 0.015718 0.014817 0.013854 0.012837 0.011780 0.010682 0.009537 0.008343 0.007095 0.005789 0.004424 0.003024 0.001695 0.000655 0.000001 0.000001 0.000001 0.000001 0.000001 0.000001 0.000001 0.000001 0.000001 0.000001 0.000001 0.000001 0.000001 0.000001 0.000001 0.000001 0.000001 0.000001 0.000001 0.000001 0.000001 0.000001 0.000001 0.000001 0.000001 0.000001 0.000001 0.000001 0.000001 0.000001 0.000001 0.000001
0.020146 0.018223 0.017121 0.016159 0.015180 0.014147 0.013049 0.011882 0.010660 0.009389 0.008064 0.006680 0.005233 0.003717 0.002153 0.000737 0.000001 0.000001 0.000001 0.000001 0.000001 0.000001 0.000001 0.000001 0.000001 0.000001 0.000001 0.000001 0.000001 0.000001 0.000001 0.000001 0.000001 0.000001 0.000001 0.000001 0.000001 0.000001 0.000001 0.000001 0.000001 0.000001 0.000001 0.000001 0.000001 0.000001 0.000001 0.000001 0.000001 0.000001
0.017313 0.017158 0.016467 0.015565 0.014542 0.013430 0.012238 0.010967 0.009620 0.008210 0.006738 0.005196 0.003581 0.001897 0.000347 0.000001 0.000001 0.000001 0.000001 0.000001 0.000001 0.000001 0.000001 0.000001 0.000001 0.000001 0.000001 0.000001 0.000001 0.000001 0.000001 0.000001 0.000001 0.000001 0.000001 0.000001 0.000001 0.000001 0.000001 0.000001 0.000001 0.000001 0.000001 0.000001 0.000001 0.000001 0.000001 0.000001 0.000001 0.000001
0.017202 0.016863 0.016035 0.015018 0.013900 0.012704 0.011432 0.010081 0.008644 0.007125 0.005531 0.003859 0.002105 0.000385 0.000001 0.000001 0.000001 0.000001 0.000001 0.000001 0.000001 0.000001 0.000001 0.000001 0.000001 0.000001 0.000001 0.000001 0.000001 0.000001 0.000001 0.000001 0.000001 0.000001 0.000001 0.000001 0.000001 0.000001 0.000001 0.000001 0.000001 0.000001 0.000001 0.000001 0.000001 0.000001 0.000001 0.000001 0.000001 0.000001
0.019840 0.017379 0.015824 0.014528 0.013280 0.012002 0.010662 0.009244 0.007737 0.006134 0.004438 0.002654 0.000798 0.000001 0.000001 0.000001 0.000001 0.000001 0.000001 0.000001 0.000001 0.000001 0.000001 0.000001 0.000001 0.000001 0.000001 0.000001 0.000001 0.000001 0.000001 0.000001 0.000001 0.000001 0.000001 0.000001 0.000001 0.000001 0.000001 0.000001 0.000001 0.000001 0.000001 0.000001 0.000001 0.000001 0.000001 0.000001 0.000001 0.000001
0.016490 0.015975 0.014983 0.013849 0.012633 0.011336 0.009955 0.008482 0.006911 0.005238 0.003457 0.001572 0.000001 0.000001 0.000001 0.000001 0.000001 0.000001 0.000001 0.000001 0.000001 0.000001 0.000001 0.000001 0.000001 0.000001 0.000001 0.000001 0.000001 0.000001 0.000001 0.000001 0.000001 0.000001 0.000001 0.000001 0.000001 0.000001 0.000001 0.000001 0.000001 0.000001 0.000001 0.000001 0.000001 0.000001 0.000001 0.000001 0.000001 0.000001
0.015981 0.015194 0.014331 0.013286 0.012090 0.010770 0.009342 0.007810 0.006174 0.004430 0.002573 0.000609 0.000001 0.000001 0.000001 0.000001 0.000001 0.000001 0.000001 0.000001 0.000001 0.000001 0.000001 0.000001 0.000001 0.000001 0.000001 0.000001 0.000001 0.000001 0.000001 0.000001 0.000001 0.000001 0.000001 0.000001 0.000001 0.000001 0.000001 0.000001 0.000001 0.000001 0.000001 0.000001 0.000001 0.000001 0.000001 0.000001 0.000001 0.000001
0.015614 0.015164 0.014200 0.013032 0.011735 0.010330 0.008823 0.007216 0.005506 0.003689 0.001759 0.000001 0.000001 0.000001 0.000001 0.000001 0.000001 0.000001 0.000001 0.000001 0.000001 0.000001 0.000001 0.000001 0.000001 0.000001 0.000001 0.000001 0.000001 0.000001 0.000001 0.000001 0.000001 0.000001 0.000001 0.000001 0.000001 0.000001 0.000001 0.000001 0.000001 0.000001 0.000001 0.000001 0.000001 0.000001 0.000001 0.000001 0.000001 0.000001
0.017768 0.015861 0.014346 0.012912 0.011455 0.009936 0.008337 0.006650 0.004867 0.002982 0.000988 0.000001 0.000001 0.000001 0.000001 0.000001 0.000001 0.000001 0.000001 0.000001 0.000001 0.000001 0.000001 0.000001 0.000001 0.000001 0.000001 0.000001 0.000001 0.000001 0.000001 0.000001 0.000001 0.000001 0.000001 0.000001 0.000001 0.000001 0.000001 0.000001 0.000001 0.000001 0.000001 0.000001 0.000001 0.000001 0.000001 0.000001 0.000001 0.000001
0.017147 0.015549 0.014086 0.012604 0.011069 0.009471 0.007801 0.006052 0.004215 0.002279 0.000257 0.000001 0.000001 0.000001 0.000001 0.000001 0.000001 0.000001 0.000001 0.000001 0.000001 0.000001 0.000001 0.000001 0.000001 0.000001 0.000001 0.000001 0.000001 0.000001 0.000001 0.000001 0.000001 0.000001 0.000001 0.000001 0.000001 0.000001 0.000001 0.000001 0.000001 0.000001 0.000001 0.000001 0.000001 0.000001 0.000001 0.000001 0.000001 0.000001
0.015064 0.014772 0.013557 0.012079 0.010504 0.008866 0.007164 0.005389 0.003529 0.001572 0.000001 0.000001 0.000001 0.000001 0.000001 0.000001 0.000001 0.000001 0.000001 0.000001 0.000001 0.000001 0.000001 0.000001 0.000001 0.000001 0.000001 0.000001 0.000001 0.000001 0.000001 0.000001 0.000001 0.000001 0.000001 0.000001 0.000001 0.000001 0.000001 0.000001 0.000001 0.000001 0.000001 0.000001 0.000001 0.000001 0.000001 0.000001 0.000001 0.000001
0.018072 0.014971 0.012992 0.011321 0.009719 0.008101 0.006429 0.004681 0.002842 0.000899 0.000001 0.000001 0.000001 0.000001 0.000001 0.000001 0.000001 0.000001 0.000001 0.000001 0.000001 0.000001 0.000001 0.000001 0.000001 0.000001 0.000001 0.000001 0.000001 0.000001 0.000001 0.000001 0.000001 0.000001 0.000001 0.000001 0.000001 0.000001 0.000001 0.000001 0.000001 0.000001 0.000001 0.000001 0.000001 0.000001 0.000001 0.000001 0.000001 0.000001
0.013232 0.012564 0.011405 0.010112 0.008735 0.007269 0.005705 0.004034 0.002249 0.000344 0.000001 0.000001 0.000001 0.000001 0.000001 0.000001 0.000001 0.000001 0.000001 0.000001 0.000001 0.000001 0.000001 0.000001 0.000001 0.000001 0.000001 0.000001 0.000001 0.000001 0.000001 0.000001 0.000001 0.000001 0.000001 0.000001 0.000001 0.000001 0.000001 0.000001 0.000001 0.000001 0.000001 0.000001 0.000001 0.000001 0.000001 0.000001 0.000001 0.000001
0.011056 0.010678 0.010034 0.009123 0.007995 0.006691 0.005232 0.003632 0.001896 0.000025 0.000001 0.000001 0.000001 0.000001 0.000001 0.000001 0.000001 0.000001 0.000001 0.000001 0.000001 0.000001 0.000001 0.000001 0.000001 0.000001 0.000001 0.000001 0.000001 0.000001 0.000001 0.000001 0.000001 0.000001 0.000001 0.000001 0.000001 0.000001 0.000001 0.000001 0.000001 0.000001 0.000001 0.000001 0.000001 0.000001 0.000001 0.000001 0.000001 0.000001
